y_true,y_pred,error,abs_error,pm_bin
54.0,9.340977631630317,-44.65902236836968,44.65902236836968,75-100%
54.0,9.449083766321174,-44.55091623367883,44.55091623367883,75-100%
54.0,8.903437298385017,-45.096562701614985,45.096562701614985,75-100%
54.0,9.340977631630317,-44.65902236836968,44.65902236836968,75-100%
54.0,9.006349196530397,-44.993650803469606,44.993650803469606,75-100%
54.0,9.45051423084864,-44.54948576915136,44.54948576915136,75-100%
54.0,10.292682096465224,-43.70731790353477,43.70731790353477,75-100%
54.0,9.311983241188454,-44.68801675881154,44.68801675881154,75-100%
54.0,8.949296437305346,-45.05070356269465,45.05070356269465,75-100%
54.0,10.247539680656958,-43.752460319343044,43.752460319343044,75-100%
54.0,9.034418219060779,-44.96558178093922,44.96558178093922,75-100%
54.0,9.006349196530397,-44.993650803469606,44.993650803469606,75-100%
54.0,9.304950779161246,-44.695049220838754,44.695049220838754,75-100%
54.0,10.609978080699259,-43.39002191930074,43.39002191930074,75-100%
54.0,11.579838570923037,-42.42016142907696,42.42016142907696,75-100%
54.0,11.556530089069856,-42.44346991093015,42.44346991093015,75-100%
54.0,11.274462310979432,-42.72553768902057,42.72553768902057,75-100%
54.0,9.190632582100314,-44.809367417899686,44.809367417899686,75-100%
54.0,10.093969203493963,-43.90603079650604,43.90603079650604,75-100%
54.0,9.974189358141919,-44.02581064185808,44.02581064185808,75-100%
54.0,9.391767757204866,-44.60823224279513,44.60823224279513,75-100%
54.0,10.070373751124034,-43.92962624887596,43.92962624887596,75-100%
54.0,11.654475727970844,-42.34552427202915,42.34552427202915,75-100%
54.0,11.289889077348732,-42.71011092265127,42.71011092265127,75-100%
54.0,10.34542332105535,-43.65457667894465,43.65457667894465,75-100%
54.0,9.569194666368219,-44.43080533363178,44.43080533363178,75-100%
54.0,9.614453760655369,-44.385546239344635,44.385546239344635,75-100%
54.0,10.070373751124034,-43.92962624887596,43.92962624887596,75-100%
54.0,10.903629239832934,-43.09637076016706,43.09637076016706,75-100%
54.0,10.30112798096502,-43.69887201903498,43.69887201903498,75-100%
54.0,9.614453760655369,-44.385546239344635,44.385546239344635,75-100%
54.0,9.876237653560986,-44.123762346439015,44.123762346439015,75-100%
54.0,10.30112798096502,-43.69887201903498,43.69887201903498,75-100%
54.0,10.432186966693433,-43.567813033306564,43.567813033306564,75-100%
17.0,11.89247535455087,-5.10752464544913,5.10752464544913,75-100%
17.0,11.528512716802293,-5.471487283197707,5.471487283197707,75-100%
17.0,11.482696085376396,-5.517303914623604,5.517303914623604,75-100%
17.0,11.528512716802293,-5.471487283197707,5.471487283197707,75-100%
17.0,12.324774986322073,-4.675225013677927,4.675225013677927,75-100%
17.0,12.262832392354486,-4.737167607645514,4.737167607645514,75-100%
17.0,12.324774986322073,-4.675225013677927,4.675225013677927,75-100%
17.0,12.324774986322073,-4.675225013677927,4.675225013677927,75-100%
17.0,12.913775501813767,-4.086224498186233,4.086224498186233,75-100%
17.0,12.262832392354486,-4.737167607645514,4.737167607645514,75-100%
17.0,12.978758253685214,-4.021241746314786,4.021241746314786,75-100%
17.0,12.978758253685214,-4.021241746314786,4.021241746314786,75-100%
17.0,12.913775501813767,-4.086224498186233,4.086224498186233,75-100%
17.0,11.81866046318494,-5.181339536815059,5.181339536815059,75-100%
17.0,12.978758253685214,-4.021241746314786,4.021241746314786,75-100%
17.0,12.978758253685214,-4.021241746314786,4.021241746314786,75-100%
17.0,12.913775501813767,-4.086224498186233,4.086224498186233,75-100%
17.0,11.81866046318494,-5.181339536815059,5.181339536815059,75-100%
17.0,12.978758253685214,-4.021241746314786,4.021241746314786,75-100%
17.0,12.913775501813767,-4.086224498186233,4.086224498186233,75-100%
17.0,12.978758253685214,-4.021241746314786,4.021241746314786,75-100%
17.0,11.81866046318494,-5.181339536815059,5.181339536815059,75-100%
17.0,12.978758253685214,-4.021241746314786,4.021241746314786,75-100%
17.0,12.978758253685214,-4.021241746314786,4.021241746314786,75-100%
36.5,12.050490980313823,-24.449509019686175,24.449509019686175,75-100%
36.5,11.994844838261653,-24.505155161738347,24.505155161738347,75-100%
36.5,11.945713228614228,-24.554286771385772,24.554286771385772,75-100%
36.5,12.101894098683307,-24.398105901316693,24.398105901316693,75-100%
36.5,12.050490980313823,-24.449509019686175,24.449509019686175,75-100%
36.5,11.994844838261653,-24.505155161738347,24.505155161738347,75-100%
36.5,12.225451477689122,-24.27454852231088,24.27454852231088,75-100%
36.5,11.97530250554928,-24.52469749445072,24.52469749445072,75-100%
36.5,11.900100749969527,-24.599899250030475,24.599899250030475,75-100%
36.5,12.019032158397723,-24.48096784160228,24.48096784160228,75-100%
36.5,11.5530313806822,-24.9469686193178,24.9469686193178,75-100%
36.5,11.531099594137173,-24.968900405862826,24.968900405862826,75-100%
36.5,11.45130796256577,-25.04869203743423,25.04869203743423,75-100%
36.5,11.869287564006905,-24.630712435993097,24.630712435993097,75-100%
36.5,11.869287564006905,-24.630712435993097,24.630712435993097,75-100%
36.5,12.225451477689122,-24.27454852231088,24.27454852231088,75-100%
36.5,11.60084107531249,-24.899158924687512,24.899158924687512,75-100%
36.5,11.480301167387356,-25.019698832612644,25.019698832612644,75-100%
36.5,11.094941521617901,-25.4050584783821,25.4050584783821,75-100%
36.5,12.105468763032448,-24.394531236967552,24.394531236967552,75-100%
36.5,12.031861707857937,-24.468138292142065,24.468138292142065,75-100%
36.5,12.061036817312672,-24.438963182687328,24.438963182687328,75-100%
36.5,11.900100749969527,-24.599899250030475,24.599899250030475,75-100%
36.5,11.531099594137173,-24.968900405862826,24.968900405862826,75-100%
36.5,11.531099594137173,-24.968900405862826,24.968900405862826,75-100%
36.5,12.031861707857937,-24.468138292142065,24.468138292142065,75-100%
36.5,11.822224722761334,-24.677775277238666,24.677775277238666,75-100%
36.5,11.653248595315953,-24.84675140468405,24.84675140468405,75-100%
36.5,11.888377809891296,-24.611622190108704,24.611622190108704,75-100%
36.5,11.32130531670801,-25.17869468329199,25.17869468329199,75-100%
96.0,24.15585631466478,-71.84414368533521,71.84414368533521,75-100%
96.0,24.123918232301623,-71.87608176769838,71.87608176769838,75-100%
96.0,30.368084550990993,-65.631915449009,65.631915449009,75-100%
96.0,30.729407958464336,-65.27059204153566,65.27059204153566,75-100%
96.0,29.596431610661394,-66.4035683893386,66.4035683893386,75-100%
96.0,25.97147155403997,-70.02852844596003,70.02852844596003,75-100%
96.0,25.300426836720256,-70.69957316327975,70.69957316327975,75-100%
96.0,26.237674075050247,-69.76232592494975,69.76232592494975,75-100%
96.0,31.340231622666384,-64.65976837733362,64.65976837733362,75-100%
96.0,29.634885759628048,-66.36511424037195,66.36511424037195,75-100%
96.0,25.31852543673331,-70.68147456326669,70.68147456326669,75-100%
96.0,26.053403088234326,-69.94659691176568,69.94659691176568,75-100%
66.25,24.876702899827453,-41.37329710017255,41.37329710017255,75-100%
66.25,24.692791146898244,-41.557208853101756,41.557208853101756,75-100%
96.0,27.200276508058646,-68.79972349194135,68.79972349194135,75-100%
96.0,26.850259954076826,-69.14974004592318,69.14974004592318,75-100%
96.0,26.850259954076826,-69.14974004592318,69.14974004592318,75-100%
96.0,25.285787494478214,-70.71421250552179,70.71421250552179,75-100%
66.25,24.876702899827453,-41.37329710017255,41.37329710017255,75-100%
66.25,24.86044730402044,-41.38955269597956,41.38955269597956,75-100%
66.25,25.52531419079482,-40.724685809205184,40.724685809205184,75-100%
96.0,27.200276508058646,-68.79972349194135,68.79972349194135,75-100%
96.0,25.285787494478214,-70.71421250552179,70.71421250552179,75-100%
66.25,24.692791146898244,-41.557208853101756,41.557208853101756,75-100%
66.25,25.609938005057142,-40.640061994942855,40.640061994942855,75-100%
66.25,26.338980258987156,-39.911019741012844,39.911019741012844,75-100%
66.25,24.28605289518451,-41.96394710481549,41.96394710481549,75-100%
66.25,26.03797158179814,-40.21202841820186,40.21202841820186,75-100%
66.25,27.305162938196748,-38.944837061803256,38.944837061803256,75-100%
66.25,25.477137564018214,-40.772862435981786,40.772862435981786,75-100%
36.5,23.85719087150663,-12.642809128493369,12.642809128493369,75-100%
36.5,23.652166987043525,-12.847833012956475,12.847833012956475,75-100%
66.25,26.03797158179814,-40.21202841820186,40.21202841820186,75-100%
66.25,26.2462919233873,-40.003708076612696,40.003708076612696,75-100%
66.25,26.113486398521097,-40.1365136014789,40.1365136014789,75-100%
66.25,26.54961979194996,-39.700380208050035,39.700380208050035,75-100%
66.25,25.600796110928396,-40.6492038890716,40.6492038890716,75-100%
36.5,24.271867776790685,-12.228132223209315,12.228132223209315,75-100%
36.5,23.652166987043525,-12.847833012956475,12.847833012956475,75-100%
36.5,23.652166987043525,-12.847833012956475,12.847833012956475,75-100%
36.5,24.04870888082303,-12.451291119176972,12.451291119176972,75-100%
36.5,23.58350728594541,-12.916492714054591,12.916492714054591,75-100%
36.5,23.58350728594541,-12.916492714054591,12.916492714054591,75-100%
36.5,24.271867776790685,-12.228132223209315,12.228132223209315,75-100%
36.5,23.38074076322988,-13.11925923677012,13.11925923677012,75-100%
36.5,23.772916636412933,-12.727083363587067,12.727083363587067,75-100%
36.5,24.04870888082303,-12.451291119176972,12.451291119176972,75-100%
36.5,23.772916636412933,-12.727083363587067,12.727083363587067,75-100%
36.5,23.58350728594541,-12.916492714054591,12.916492714054591,75-100%
36.5,23.58350728594541,-12.916492714054591,12.916492714054591,75-100%
36.5,24.271867776790685,-12.228132223209315,12.228132223209315,75-100%
36.5,24.04870888082303,-12.451291119176972,12.451291119176972,75-100%
36.5,23.305020058262887,-13.194979941737113,13.194979941737113,75-100%
36.5,23.38074076322988,-13.11925923677012,13.11925923677012,75-100%
28.0,32.4993703499281,4.4993703499281,4.4993703499281,75-100%
28.0,33.21925645335416,5.219256453354163,5.219256453354163,75-100%
28.0,33.13828495084825,5.138284950848252,5.138284950848252,75-100%
28.0,31.49806161868307,3.498061618683071,3.498061618683071,75-100%
28.0,33.013774190513104,5.013774190513104,5.013774190513104,75-100%
28.0,31.957334838456184,3.957334838456184,3.957334838456184,75-100%
28.0,32.221437954018946,4.2214379540189455,4.2214379540189455,75-100%
28.0,32.29753868243153,4.297538682431529,4.297538682431529,75-100%
28.0,32.753273678139,4.753273678139003,4.753273678139003,75-100%
28.0,32.59949069686884,4.599490696868841,4.599490696868841,75-100%
28.0,32.221437954018946,4.2214379540189455,4.2214379540189455,75-100%
28.0,32.29753868243153,4.297538682431529,4.297538682431529,75-100%
28.0,34.83028595911805,6.830285959118051,6.830285959118051,75-100%
28.0,32.71708057836252,4.71708057836252,4.71708057836252,75-100%
28.0,32.4993703499281,4.4993703499281,4.4993703499281,75-100%
28.0,33.046071876211435,5.046071876211435,5.046071876211435,75-100%
28.0,32.48983572665296,4.489835726652963,4.489835726652963,75-100%
28.0,34.530135768502845,6.530135768502845,6.530135768502845,75-100%
28.0,34.766048525430264,6.766048525430264,6.766048525430264,75-100%
28.0,32.4993703499281,4.4993703499281,4.4993703499281,75-100%
28.0,32.201528624687576,4.201528624687576,4.201528624687576,75-100%
28.0,33.02468432983898,5.024684329838983,5.024684329838983,75-100%
28.0,33.02468432983898,5.024684329838983,5.024684329838983,75-100%
28.0,34.552469625269936,6.552469625269936,6.552469625269936,75-100%
28.0,32.201528624687576,4.201528624687576,4.201528624687576,75-100%
28.0,32.6428203675583,4.642820367558301,4.642820367558301,75-100%
28.0,33.046071876211435,5.046071876211435,5.046071876211435,75-100%
28.0,34.530135768502845,6.530135768502845,6.530135768502845,75-100%
47.0,29.93965559343043,-17.06034440656957,17.06034440656957,75-100%
47.0,30.290837193172287,-16.709162806827713,16.709162806827713,75-100%
47.0,31.45014455265534,-15.549855447344662,15.549855447344662,75-100%
47.0,31.698209665575682,-15.301790334424318,15.301790334424318,75-100%
47.0,29.807731631887965,-17.192268368112035,17.192268368112035,75-100%
47.0,30.1770010368609,-16.8229989631391,16.8229989631391,75-100%
47.0,30.310506272979588,-16.689493727020412,16.689493727020412,75-100%
47.0,31.45014455265534,-15.549855447344662,15.549855447344662,75-100%
47.0,31.45014455265534,-15.549855447344662,15.549855447344662,75-100%
47.0,31.8955139183344,-15.104486081665598,15.104486081665598,75-100%
47.0,29.539877290907718,-17.460122709092282,17.460122709092282,75-100%
47.0,31.471639489428405,-15.528360510571595,15.528360510571595,75-100%
47.0,31.21355385851048,-15.78644614148952,15.78644614148952,75-100%
47.0,31.071257235115116,-15.928742764884884,15.928742764884884,75-100%
47.0,30.964331570965783,-16.035668429034217,16.035668429034217,75-100%
47.0,29.717703821914892,-17.282296178085108,17.282296178085108,75-100%
47.0,32.14971154550364,-14.850288454496358,14.850288454496358,75-100%
47.0,32.14971154550364,-14.850288454496358,14.850288454496358,75-100%
47.0,31.80611840221481,-15.19388159778519,15.19388159778519,75-100%
47.0,31.80611840221481,-15.19388159778519,15.19388159778519,75-100%
47.0,29.717703821914892,-17.282296178085108,17.282296178085108,75-100%
47.0,30.513277224998138,-16.486722775001862,16.486722775001862,75-100%
47.0,31.47998788924264,-15.52001211075736,15.52001211075736,75-100%
47.0,26.95000007624399,-20.04999992375601,20.04999992375601,75-100%
47.0,29.569800338714884,-17.430199661285116,17.430199661285116,75-100%
75.0,32.135331448766856,-42.864668551233144,42.864668551233144,75-100%
75.0,31.872016518157928,-43.12798348184207,43.12798348184207,75-100%
75.0,30.802596416070234,-44.19740358392977,44.19740358392977,75-100%
75.0,30.561415105140373,-44.43858489485963,44.43858489485963,75-100%
75.0,30.561415105140373,-44.43858489485963,44.43858489485963,75-100%
75.0,30.527572300531848,-44.472427699468156,44.472427699468156,75-100%
75.0,30.923930360457955,-44.07606963954204,44.07606963954204,75-100%
75.0,30.561415105140373,-44.43858489485963,44.43858489485963,75-100%
75.0,30.561415105140373,-44.43858489485963,44.43858489485963,75-100%
75.0,30.527572300531848,-44.472427699468156,44.472427699468156,75-100%
75.0,30.7733892253133,-44.226610774686705,44.226610774686705,75-100%
75.0,29.7919263528403,-45.2080736471597,45.2080736471597,75-100%
75.0,30.923930360457955,-44.07606963954204,44.07606963954204,75-100%
75.0,30.923930360457955,-44.07606963954204,44.07606963954204,75-100%
75.0,30.561415105140373,-44.43858489485963,44.43858489485963,75-100%
75.0,30.561415105140373,-44.43858489485963,44.43858489485963,75-100%
75.0,30.923930360457955,-44.07606963954204,44.07606963954204,75-100%
75.0,30.923930360457955,-44.07606963954204,44.07606963954204,75-100%
75.0,30.1770010368609,-44.8229989631391,44.8229989631391,75-100%
75.0,30.923930360457955,-44.07606963954204,44.07606963954204,75-100%
75.0,30.561415105140373,-44.43858489485963,44.43858489485963,75-100%
75.0,30.561415105140373,-44.43858489485963,44.43858489485963,75-100%
75.0,30.561415105140373,-44.43858489485963,44.43858489485963,75-100%
75.0,30.967819257347838,-44.03218074265216,44.03218074265216,75-100%
75.0,30.9079135065679,-44.0920864934321,44.0920864934321,75-100%
75.0,32.102350876793665,-42.897649123206335,42.897649123206335,75-100%
75.0,31.710840441855417,-43.28915955814458,43.28915955814458,75-100%
75.0,31.738655769634775,-43.261344230365225,43.261344230365225,75-100%
75.0,31.16788188635499,-43.83211811364501,43.83211811364501,75-100%
75.0,30.802596416070234,-44.19740358392977,44.19740358392977,75-100%
75.0,30.561415105140373,-44.43858489485963,44.43858489485963,75-100%
75.0,31.563713277088826,-43.43628672291118,43.43628672291118,75-100%
75.0,31.563713277088826,-43.43628672291118,43.43628672291118,75-100%
75.0,32.102350876793665,-42.897649123206335,42.897649123206335,75-100%
75.0,30.561415105140373,-44.43858489485963,44.43858489485963,75-100%
36.5,29.396641414575523,-7.103358585424477,7.103358585424477,75-100%
36.5,29.72955387289511,-6.77044612710489,6.77044612710489,75-100%
36.5,32.44007075193266,-4.059929248067341,4.059929248067341,75-100%
36.5,31.04423858101467,-5.455761418985329,5.455761418985329,75-100%
36.5,32.074116227722286,-4.4258837722777145,4.4258837722777145,75-100%
36.5,32.1537721111125,-4.346227888887498,4.346227888887498,75-100%
36.5,35.98153645090363,-0.5184635490963672,0.5184635490963672,75-100%
36.5,33.084260242164056,-3.4157397578359436,3.4157397578359436,75-100%
36.5,33.1150660665494,-3.384933933450597,3.384933933450597,75-100%
36.5,32.596030681175655,-3.9039693188243447,3.9039693188243447,75-100%
36.5,32.25706052603874,-4.242939473961258,4.242939473961258,75-100%
36.5,37.16390039522974,0.6639003952297386,0.6639003952297386,75-100%
36.5,35.66491739528388,-0.8350826047161206,0.8350826047161206,75-100%
36.5,32.748505768378344,-3.751494231621656,3.751494231621656,75-100%
36.5,37.776528714099335,1.276528714099335,1.276528714099335,75-100%
36.5,33.195982496928785,-3.304017503071215,3.304017503071215,75-100%
36.5,32.944500504846154,-3.555499495153846,3.555499495153846,75-100%
36.5,32.491689506640554,-4.008310493359446,4.008310493359446,75-100%
36.5,32.36936228898628,-4.130637711013719,4.130637711013719,75-100%
36.5,32.36936228898628,-4.130637711013719,4.130637711013719,75-100%
36.5,37.776528714099335,1.276528714099335,1.276528714099335,75-100%
36.5,32.27162213380806,-4.228377866191941,4.228377866191941,75-100%
36.5,32.27162213380806,-4.228377866191941,4.228377866191941,75-100%
36.5,32.93137896052469,-3.5686210394753104,3.5686210394753104,75-100%
36.5,32.93137896052469,-3.5686210394753104,3.5686210394753104,75-100%
36.5,33.0000644801036,-3.499935519896397,3.499935519896397,75-100%
36.5,32.90590419647195,-3.594095803528049,3.594095803528049,75-100%
36.5,32.90590419647195,-3.594095803528049,3.594095803528049,75-100%
36.5,33.412873651973726,-3.087126348026274,3.087126348026274,75-100%
36.5,32.91961164180174,-3.580388358198263,3.580388358198263,75-100%
36.5,32.709477071622025,-3.7905229283779747,3.7905229283779747,75-100%
36.5,33.09248494317611,-3.4075150568238897,3.4075150568238897,75-100%
89.0,30.80816065457121,-58.19183934542879,58.19183934542879,75-100%
89.0,30.917183523434886,-58.082816476565114,58.082816476565114,75-100%
89.0,30.395598305894094,-58.6044016941059,58.6044016941059,75-100%
89.0,30.767612761236645,-58.23238723876335,58.23238723876335,75-100%
89.0,31.5518531181289,-57.4481468818711,57.4481468818711,75-100%
89.0,31.13863441948645,-57.86136558051355,57.86136558051355,75-100%
89.0,31.5518531181289,-57.4481468818711,57.4481468818711,75-100%
89.0,31.223418285866742,-57.77658171413326,57.77658171413326,75-100%
89.0,30.882042016472028,-58.11795798352797,58.11795798352797,75-100%
89.0,31.13863441948645,-57.86136558051355,57.86136558051355,75-100%
89.0,31.25461734255614,-57.745382657443855,57.745382657443855,75-100%
89.0,30.929181497225336,-58.070818502774664,58.070818502774664,75-100%
89.0,30.882042016472028,-58.11795798352797,58.11795798352797,75-100%
89.0,30.47035549230613,-58.529644507693874,58.529644507693874,75-100%
89.0,30.929181497225336,-58.070818502774664,58.070818502774664,75-100%
89.0,34.310636695316,-54.689363304684,54.689363304684,75-100%
89.0,30.882042016472028,-58.11795798352797,58.11795798352797,75-100%
89.0,30.69352165329028,-58.306478346709724,58.306478346709724,75-100%
89.0,30.929181497225336,-58.070818502774664,58.070818502774664,75-100%
89.0,34.25850491489342,-54.74149508510658,54.74149508510658,75-100%
89.0,30.929181497225336,-58.070818502774664,58.070818502774664,75-100%
89.0,30.47035549230613,-58.529644507693874,58.529644507693874,75-100%
89.0,34.310636695316,-54.689363304684,54.689363304684,75-100%
89.0,30.929181497225336,-58.070818502774664,58.070818502774664,75-100%
120.0,18.906412660089984,-101.09358733991002,101.09358733991002,75-100%
120.0,19.54545137842388,-100.45454862157612,100.45454862157612,75-100%
120.0,20.09312931966468,-99.90687068033532,99.90687068033532,75-100%
120.0,18.98481980107969,-101.0151801989203,101.0151801989203,75-100%
120.0,18.906412660089984,-101.09358733991002,101.09358733991002,75-100%
120.0,19.54545137842388,-100.45454862157612,100.45454862157612,75-100%
120.0,23.70418471733366,-96.29581528266634,96.29581528266634,75-100%
120.0,18.69620535580543,-101.30379464419457,101.30379464419457,75-100%
120.0,18.54056390481858,-101.45943609518142,101.45943609518142,75-100%
120.0,19.849481117271043,-100.15051888272896,100.15051888272896,75-100%
120.0,21.950535472564958,-98.04946452743505,98.04946452743505,75-100%
120.0,21.910437887383026,-98.08956211261697,98.08956211261697,75-100%
120.0,23.79622510671983,-96.20377489328017,96.20377489328017,75-100%
120.0,19.609719701895475,-100.39028029810453,100.39028029810453,75-100%
120.0,18.535277157136512,-101.4647228428635,101.4647228428635,75-100%
120.0,23.70418471733366,-96.29581528266634,96.29581528266634,75-100%
120.0,17.966455376579383,-102.03354462342062,102.03354462342062,75-100%
120.0,17.829577460314727,-102.17042253968528,102.17042253968528,75-100%
120.0,22.516241038901683,-97.48375896109832,97.48375896109832,75-100%
120.0,23.79622510671983,-96.20377489328017,96.20377489328017,75-100%
120.0,23.408178179648154,-96.59182182035184,96.59182182035184,75-100%
120.0,19.90649077311206,-100.09350922688793,100.09350922688793,75-100%
120.0,18.54056390481858,-101.45943609518142,101.45943609518142,75-100%
120.0,21.910437887383026,-98.08956211261697,98.08956211261697,75-100%
120.0,21.910437887383026,-98.08956211261697,98.08956211261697,75-100%
120.0,23.656956749169865,-96.34304325083014,96.34304325083014,75-100%
120.0,19.391952108521778,-100.60804789147822,100.60804789147822,75-100%
120.0,19.12321925031247,-100.87678074968753,100.87678074968753,75-100%
120.0,22.493014601546285,-97.50698539845371,97.50698539845371,75-100%
120.0,21.808490789149168,-98.19150921085082,98.19150921085082,75-100%
23.0,38.28215051128006,15.282150511280058,15.282150511280058,75-100%
23.0,38.28215051128006,15.282150511280058,15.282150511280058,75-100%
23.0,31.689174981611238,8.689174981611238,8.689174981611238,75-100%
23.0,32.018423256677195,9.018423256677195,9.018423256677195,75-100%
23.0,31.877635613235174,8.877635613235174,8.877635613235174,75-100%
23.0,31.877635613235174,8.877635613235174,8.877635613235174,75-100%
23.0,31.877635613235174,8.877635613235174,8.877635613235174,75-100%
23.0,31.886655143853925,8.886655143853925,8.886655143853925,75-100%
23.0,31.808836916475972,8.808836916475972,8.808836916475972,75-100%
29.0,32.298238871721715,3.298238871721715,3.298238871721715,75-100%
35.0,32.63760790252374,-2.36239209747626,2.36239209747626,75-100%
35.0,34.354950499331274,-0.6450495006687262,0.6450495006687262,75-100%
35.0,34.354950499331274,-0.6450495006687262,0.6450495006687262,75-100%
35.0,32.43555404406415,-2.5644459559358523,2.5644459559358523,75-100%
23.0,38.5374426517553,15.537442651755299,15.537442651755299,75-100%
23.0,30.89491076622038,7.894910766220381,7.894910766220381,75-100%
23.0,31.689174981611238,8.689174981611238,8.689174981611238,75-100%
23.0,32.138806955205546,9.138806955205546,9.138806955205546,75-100%
29.0,32.298238871721715,3.298238871721715,3.298238871721715,75-100%
29.0,32.374515528876096,3.3745155288760955,3.3745155288760955,75-100%
35.0,34.89300660036226,-0.10699339963773724,0.10699339963773724,75-100%
35.0,34.536685562474126,-0.46331443752587376,0.46331443752587376,75-100%
35.0,34.89300660036226,-0.10699339963773724,0.10699339963773724,75-100%
35.0,34.89300660036226,-0.10699339963773724,0.10699339963773724,75-100%
35.0,34.6667710894254,-0.33322891057459714,0.33322891057459714,75-100%
35.0,34.6667710894254,-0.33322891057459714,0.33322891057459714,75-100%
23.0,32.0913052280659,9.091305228065899,9.091305228065899,75-100%
23.0,32.12682659857928,9.126826598579278,9.126826598579278,75-100%
23.0,31.689174981611238,8.689174981611238,8.689174981611238,75-100%
23.0,32.298238871721715,9.298238871721715,9.298238871721715,75-100%
29.0,32.374515528876096,3.3745155288760955,3.3745155288760955,75-100%
35.0,34.89300660036226,-0.10699339963773724,0.10699339963773724,75-100%
35.0,34.536685562474126,-0.46331443752587376,0.46331443752587376,75-100%
35.0,34.91556855378614,-0.08443144621386267,0.08443144621386267,75-100%
35.0,34.91556855378614,-0.08443144621386267,0.08443144621386267,75-100%
35.0,34.91556855378614,-0.08443144621386267,0.08443144621386267,75-100%
23.0,32.0913052280659,9.091305228065899,9.091305228065899,75-100%
23.0,31.877635613235174,8.877635613235174,8.877635613235174,75-100%
23.0,32.018423256677195,9.018423256677195,9.018423256677195,75-100%
23.0,32.377217895891384,9.377217895891384,9.377217895891384,75-100%
29.0,34.61227390583759,5.61227390583759,5.61227390583759,75-100%
35.0,35.14898149714952,0.1489814971495207,0.1489814971495207,75-100%
35.0,34.54744409412511,-0.45255590587488825,0.45255590587488825,75-100%
35.0,35.14898149714952,0.1489814971495207,0.1489814971495207,75-100%
35.0,34.91556855378614,-0.08443144621386267,0.08443144621386267,75-100%
35.0,34.89300660036226,-0.10699339963773724,0.10699339963773724,75-100%
23.0,31.689174981611238,8.689174981611238,8.689174981611238,75-100%
23.0,31.99768127325206,8.99768127325206,8.99768127325206,75-100%
23.0,31.99768127325206,8.99768127325206,8.99768127325206,75-100%
23.0,34.63465939374413,11.63465939374413,11.63465939374413,75-100%
35.0,34.01457175165503,-0.9854282483449666,0.9854282483449666,75-100%
35.0,34.67500027038818,-0.3249997296118181,0.3249997296118181,75-100%
35.0,35.14898149714952,0.1489814971495207,0.1489814971495207,75-100%
64.0,34.69925026020323,-29.30074973979677,29.30074973979677,75-100%
49.5,34.32264926874389,-15.177350731256112,15.177350731256112,75-100%
35.0,34.697425187405,-0.3025748125949974,0.3025748125949974,75-100%
64.0,31.84622956265657,-32.153770437343425,32.153770437343425,75-100%
64.0,32.534888573737824,-31.465111426262176,31.465111426262176,75-100%
64.0,35.004808183671216,-28.995191816328784,28.995191816328784,75-100%
64.0,34.69925026020323,-29.30074973979677,29.30074973979677,75-100%
64.0,34.69925026020323,-29.30074973979677,29.30074973979677,75-100%
64.0,35.23880108958329,-28.76119891041671,28.76119891041671,75-100%
64.0,34.67402173037911,-29.32597826962089,29.32597826962089,75-100%
64.0,32.534888573737824,-31.465111426262176,31.465111426262176,75-100%
64.0,32.57088610221072,-31.42911389778928,31.42911389778928,75-100%
64.0,31.703850925316576,-32.29614907468343,32.29614907468343,75-100%
64.0,35.004808183671216,-28.995191816328784,28.995191816328784,75-100%
64.0,34.69925026020323,-29.30074973979677,29.30074973979677,75-100%
64.0,34.69925026020323,-29.30074973979677,29.30074973979677,75-100%
64.0,31.851961330575257,-32.14803866942474,32.14803866942474,75-100%
64.0,32.28598386931884,-31.71401613068116,31.71401613068116,75-100%
64.0,32.57088610221072,-31.42911389778928,31.42911389778928,75-100%
64.0,32.28598386931884,-31.71401613068116,31.71401613068116,75-100%
64.0,34.13703068432229,-29.86296931567771,29.86296931567771,75-100%
64.0,34.931257365050286,-29.068742634949714,29.068742634949714,75-100%
64.0,31.851961330575257,-32.14803866942474,32.14803866942474,75-100%
64.0,32.28598386931884,-31.71401613068116,31.71401613068116,75-100%
64.0,32.28598386931884,-31.71401613068116,31.71401613068116,75-100%
64.0,32.28598386931884,-31.71401613068116,31.71401613068116,75-100%
64.0,34.251488313460854,-29.748511686539146,29.748511686539146,75-100%
64.0,34.17667359497993,-29.82332640502007,29.82332640502007,75-100%
64.0,32.0951825106679,-31.904817489332103,31.904817489332103,75-100%
64.0,32.103004545017015,-31.896995454982985,31.896995454982985,75-100%
64.0,34.17667359497993,-29.82332640502007,29.82332640502007,75-100%
41.0,33.352880983941304,-7.647119016058696,7.647119016058696,75-100%
41.0,34.31753172195162,-6.682468278048383,6.682468278048383,75-100%
41.0,30.882664173836357,-10.117335826163643,10.117335826163643,75-100%
41.0,33.678440846450144,-7.321559153549856,7.321559153549856,75-100%
41.0,32.90800558841877,-8.091994411581233,8.091994411581233,75-100%
41.0,31.7341530592911,-9.2658469407089,9.2658469407089,75-100%
41.0,33.97081175072436,-7.0291882492756415,7.0291882492756415,75-100%
41.0,34.7698643064901,-6.230135693509901,6.230135693509901,75-100%
41.0,34.32127676714567,-6.678723232854331,6.678723232854331,75-100%
41.0,33.48576716993284,-7.514232830067158,7.514232830067158,75-100%
41.0,32.48602701052973,-8.513972989470268,8.513972989470268,75-100%
41.0,32.6157783150204,-8.3842216849796,8.3842216849796,75-100%
41.0,32.6157783150204,-8.3842216849796,8.3842216849796,75-100%
41.0,31.73006954546371,-9.26993045453629,9.26993045453629,75-100%
41.0,34.32127676714567,-6.678723232854331,6.678723232854331,75-100%
41.0,34.7698643064901,-6.230135693509901,6.230135693509901,75-100%
41.0,33.48576716993284,-7.514232830067158,7.514232830067158,75-100%
41.0,32.54971080779372,-8.450289192206277,8.450289192206277,75-100%
41.0,32.38291215852995,-8.617087841470052,8.617087841470052,75-100%
41.0,32.42546438770984,-8.574535612290163,8.574535612290163,75-100%
41.0,32.94599553960213,-8.05400446039787,8.05400446039787,75-100%
41.0,33.678440846450144,-7.321559153549856,7.321559153549856,75-100%
41.0,33.678440846450144,-7.321559153549856,7.321559153549856,75-100%
41.0,32.9105079530541,-8.0894920469459,8.0894920469459,75-100%
41.0,32.6157783150204,-8.3842216849796,8.3842216849796,75-100%
41.0,32.6157783150204,-8.3842216849796,8.3842216849796,75-100%
41.0,32.64269430610412,-8.357305693895881,8.357305693895881,75-100%
41.0,31.642972278366955,-9.357027721633045,9.357027721633045,75-100%
41.0,33.352880983941304,-7.647119016058696,7.647119016058696,75-100%
41.0,34.5186184768567,-6.481381523143298,6.481381523143298,75-100%
41.0,34.26704978194905,-6.732950218050952,6.732950218050952,75-100%
41.0,32.83424507124645,-8.16575492875355,8.16575492875355,75-100%
41.0,32.184623536108354,-8.815376463891646,8.815376463891646,75-100%
25.0,30.767058132241058,5.767058132241058,5.767058132241058,75-100%
25.0,30.197878288610024,5.197878288610024,5.197878288610024,75-100%
25.0,29.293872434400427,4.293872434400427,4.293872434400427,75-100%
25.0,29.293872434400427,4.293872434400427,4.293872434400427,75-100%
25.0,31.941903391138972,6.941903391138972,6.941903391138972,75-100%
25.0,30.69188915740765,5.691889157407651,5.691889157407651,75-100%
25.0,31.223714696580984,6.223714696580984,6.223714696580984,75-100%
25.0,29.44800721011263,4.448007210112628,4.448007210112628,75-100%
25.0,29.293872434400427,4.293872434400427,4.293872434400427,75-100%
25.0,29.896514294491645,4.896514294491645,4.896514294491645,75-100%
25.0,31.941903391138972,6.941903391138972,6.941903391138972,75-100%
41.0,31.300145091343364,-9.699854908656636,9.699854908656636,75-100%
41.0,31.223714696580984,-9.776285303419016,9.776285303419016,75-100%
41.0,29.293872434400427,-11.706127565599573,11.706127565599573,75-100%
41.0,30.184399513907255,-10.815600486092745,10.815600486092745,75-100%
25.0,31.796374885174817,6.796374885174817,6.796374885174817,75-100%
25.0,32.92580173213591,7.925801732135909,7.925801732135909,75-100%
25.0,29.800557167260713,4.800557167260713,4.800557167260713,75-100%
41.0,30.414992549026493,-10.585007450973507,10.585007450973507,75-100%
41.0,30.767058132241058,-10.232941867758942,10.232941867758942,75-100%
41.0,29.293872434400427,-11.706127565599573,11.706127565599573,75-100%
41.0,30.197878288610024,-10.802121711389976,10.802121711389976,75-100%
41.0,30.184399513907255,-10.815600486092745,10.815600486092745,75-100%
41.0,31.114979775035266,-9.885020224964734,9.885020224964734,75-100%
25.0,31.07929512836573,6.079295128365729,6.079295128365729,75-100%
25.0,37.93130955214232,12.931309552142316,12.931309552142316,75-100%
57.0,30.937273043648887,-26.062726956351113,26.062726956351113,75-100%
41.0,30.767058132241058,-10.232941867758942,10.232941867758942,75-100%
41.0,29.293872434400427,-11.706127565599573,11.706127565599573,75-100%
41.0,30.905125349494124,-10.094874650505876,10.094874650505876,75-100%
41.0,32.88321669219625,-8.11678330780375,8.11678330780375,75-100%
41.0,33.98886354924231,-7.011136450757689,7.011136450757689,75-100%
41.0,33.17886145182179,-7.821138548178212,7.821138548178212,75-100%
41.0,33.67210511454478,-7.327894885455223,7.327894885455223,75-100%
57.0,30.767058132241058,-26.232941867758942,26.232941867758942,75-100%
41.0,31.114979775035266,-9.885020224964734,9.885020224964734,75-100%
41.0,32.92580173213591,-8.074198267864091,8.074198267864091,75-100%
41.0,33.495114836459436,-7.504885163540564,7.504885163540564,75-100%
41.0,34.18146573675928,-6.818534263240721,6.818534263240721,75-100%
41.0,34.64626444153485,-6.3537355584651465,6.3537355584651465,75-100%
57.0,32.11562973118719,-24.88437026881281,24.88437026881281,75-100%
57.0,32.73917874457965,-24.260821255420353,24.260821255420353,75-100%
57.0,32.820436368192496,-24.179563631807504,24.179563631807504,75-100%
57.0,37.14831482163965,-19.85168517836035,19.85168517836035,75-100%
57.0,34.64626444153485,-22.353735558465146,22.353735558465146,75-100%
57.0,37.93130955214232,-19.068690447857684,19.068690447857684,75-100%
57.0,36.402184630948845,-20.597815369051155,20.597815369051155,75-100%
57.0,33.67210511454478,-23.327894885455223,23.327894885455223,75-100%
57.0,38.837730558493384,-18.162269441506616,18.162269441506616,75-100%
57.0,33.67210511454478,-23.327894885455223,23.327894885455223,75-100%
57.0,36.71121267191682,-20.28878732808318,20.28878732808318,75-100%
26.0,32.820436368192496,6.820436368192496,6.820436368192496,75-100%
57.0,33.282585570740466,-23.717414429259534,23.717414429259534,75-100%
57.0,38.837730558493384,-18.162269441506616,18.162269441506616,75-100%
26.0,34.166055731712724,8.166055731712724,8.166055731712724,75-100%
26.0,34.166055731712724,8.166055731712724,8.166055731712724,75-100%
26.0,34.18146573675928,8.181465736759279,8.181465736759279,75-100%
31.25,33.0998709332766,1.8498709332765984,1.8498709332765984,75-100%
31.25,33.0998709332766,1.8498709332765984,1.8498709332765984,75-100%
31.25,38.837730558493384,7.587730558493384,7.587730558493384,75-100%
36.5,38.704129559770635,2.204129559770635,2.204129559770635,75-100%
36.5,38.704129559770635,2.204129559770635,2.204129559770635,75-100%
26.0,35.06055830313791,9.06055830313791,9.06055830313791,75-100%
31.25,34.09821740128043,2.8482174012804293,2.8482174012804293,75-100%
31.25,33.282585570740466,2.0325855707404656,2.0325855707404656,75-100%
31.25,33.67210511454478,2.4221051145447774,2.4221051145447774,75-100%
31.25,37.856755835902575,6.606755835902575,6.606755835902575,75-100%
36.5,37.21545748412849,0.7154574841284926,0.7154574841284926,75-100%
36.5,37.856755835902575,1.3567558359025753,1.3567558359025753,75-100%
36.5,39.370409503060074,2.870409503060074,2.870409503060074,75-100%
36.5,33.67210511454478,-2.8278948854552226,2.8278948854552226,75-100%
31.25,34.326318432680566,3.0763184326805657,3.0763184326805657,75-100%
31.25,34.18146573675928,2.9314657367592787,2.9314657367592787,75-100%
31.25,33.373052939735594,2.1230529397355937,2.1230529397355937,75-100%
31.25,32.573763687560565,1.3237636875605645,1.3237636875605645,75-100%
31.25,31.917105619713286,0.6671056197132863,0.6671056197132863,75-100%
36.5,33.5558277110335,-2.9441722889664987,2.9441722889664987,75-100%
36.5,39.370409503060074,2.870409503060074,2.870409503060074,75-100%
36.5,36.59409073389169,0.09409073389169009,0.09409073389169009,75-100%
26.0,35.89918633372472,9.899186333724721,9.899186333724721,75-100%
26.0,37.13399525094914,11.133995250949141,11.133995250949141,75-100%
26.0,37.227124454109926,11.227124454109926,11.227124454109926,75-100%
31.25,34.18146573675928,2.9314657367592787,2.9314657367592787,75-100%
31.25,32.573763687560565,1.3237636875605645,1.3237636875605645,75-100%
31.25,32.573763687560565,1.3237636875605645,1.3237636875605645,75-100%
31.25,36.939092046043115,5.689092046043115,5.689092046043115,75-100%
36.5,34.135713359778606,-2.364286640221394,2.364286640221394,75-100%
36.5,34.135713359778606,-2.364286640221394,2.364286640221394,75-100%
36.5,39.370409503060074,2.870409503060074,2.870409503060074,75-100%
26.0,34.394597640008776,8.394597640008776,8.394597640008776,75-100%
26.0,34.326318432680566,8.326318432680566,8.326318432680566,75-100%
31.25,33.373052939735594,2.1230529397355937,2.1230529397355937,75-100%
31.25,32.573763687560565,1.3237636875605645,1.3237636875605645,75-100%
31.25,32.573763687560565,1.3237636875605645,1.3237636875605645,75-100%
36.5,37.72167165338165,1.221671653381648,1.221671653381648,75-100%
36.5,37.42022434302339,0.9202243430233921,0.9202243430233921,75-100%
36.5,37.21545748412849,0.7154574841284926,0.7154574841284926,75-100%
26.0,33.651058873988944,7.651058873988944,7.651058873988944,75-100%
26.0,34.79303085378482,8.79303085378482,8.79303085378482,75-100%
26.0,34.18146573675928,8.181465736759279,8.181465736759279,75-100%
31.25,32.986893061181505,1.7368930611815045,1.7368930611815045,75-100%
36.5,36.38594773265308,-0.11405226734692064,0.11405226734692064,75-100%
36.5,38.18024203697414,1.6802420369741426,1.6802420369741426,75-100%
36.5,34.135713359778606,-2.364286640221394,2.364286640221394,75-100%
152.0,31.989814358827907,-120.01018564117209,120.01018564117209,75-100%
152.0,35.48359572172939,-116.51640427827061,116.51640427827061,75-100%
152.0,31.813989756621762,-120.18601024337823,120.18601024337823,75-100%
152.0,33.093559793613615,-118.90644020638638,118.90644020638638,75-100%
152.0,31.813989756621762,-120.18601024337823,120.18601024337823,75-100%
152.0,31.989814358827907,-120.01018564117209,120.01018564117209,75-100%
152.0,35.289150441284626,-116.71084955871538,116.71084955871538,75-100%
152.0,31.989814358827907,-120.01018564117209,120.01018564117209,75-100%
152.0,32.78816769429033,-119.21183230570966,119.21183230570966,75-100%
152.0,35.02536689183461,-116.97463310816539,116.97463310816539,75-100%
152.0,32.72415181163832,-119.27584818836168,119.27584818836168,75-100%
152.0,35.48359572172939,-116.51640427827061,116.51640427827061,75-100%
152.0,31.989814358827907,-120.01018564117209,120.01018564117209,75-100%
152.0,31.989814358827907,-120.01018564117209,120.01018564117209,75-100%
152.0,35.02536689183461,-116.97463310816539,116.97463310816539,75-100%
152.0,35.21839876177992,-116.78160123822008,116.78160123822008,75-100%
152.0,31.989814358827907,-120.01018564117209,120.01018564117209,75-100%
152.0,31.989814358827907,-120.01018564117209,120.01018564117209,75-100%
152.0,31.989814358827907,-120.01018564117209,120.01018564117209,75-100%
152.0,36.90480362412103,-115.09519637587897,115.09519637587897,75-100%
152.0,36.54250881242766,-115.45749118757234,115.45749118757234,75-100%
152.0,32.72415181163832,-119.27584818836168,119.27584818836168,75-100%
152.0,32.72415181163832,-119.27584818836168,119.27584818836168,75-100%
152.0,34.110393599378746,-117.88960640062126,117.88960640062126,75-100%
152.0,35.21839876177992,-116.78160123822008,116.78160123822008,75-100%
35.0,34.89822708893478,-0.10177291106521835,0.10177291106521835,75-100%
35.0,32.186025684164456,-2.8139743158355444,2.8139743158355444,75-100%
35.0,31.541819353197226,-3.4581806468027736,3.4581806468027736,75-100%
35.0,31.541819353197226,-3.4581806468027736,3.4581806468027736,75-100%
35.0,34.00127854024404,-0.9987214597559628,0.9987214597559628,75-100%
35.0,34.30086236655772,-0.6991376334422768,0.6991376334422768,75-100%
35.0,32.47007235243616,-2.529927647563838,2.529927647563838,75-100%
35.0,31.75330652000218,-3.2466934799978198,3.2466934799978198,75-100%
35.0,32.1152421462993,-2.884757853700698,2.884757853700698,75-100%
35.0,34.30086236655772,-0.6991376334422768,0.6991376334422768,75-100%
35.0,34.2687460861204,-0.7312539138795984,0.7312539138795984,75-100%
35.0,32.47007235243616,-2.529927647563838,2.529927647563838,75-100%
35.0,31.75330652000218,-3.2466934799978198,3.2466934799978198,75-100%
35.0,34.86863662942961,-0.13136337057039071,0.13136337057039071,75-100%
35.0,34.41292382021425,-0.5870761797857469,0.5870761797857469,75-100%
35.0,32.00359584883823,-2.9964041511617694,2.9964041511617694,75-100%
35.0,31.75330652000218,-3.2466934799978198,3.2466934799978198,75-100%
35.0,34.783278985083044,-0.21672101491695628,0.21672101491695628,75-100%
35.0,34.86863662942961,-0.13136337057039071,0.13136337057039071,75-100%
35.0,35.10342979825522,0.10342979825522036,0.10342979825522036,75-100%
35.0,34.53193893138372,-0.4680610686162794,0.4680610686162794,75-100%
35.0,34.40936424112809,-0.5906357588719118,0.5906357588719118,75-100%
35.0,32.90300421894287,-2.0969957810571316,2.0969957810571316,75-100%
35.0,34.83227644061507,-0.16772355938493178,0.16772355938493178,75-100%
35.0,35.218708661715624,0.21870866171562398,0.21870866171562398,75-100%
35.0,35.358812371149604,0.35881237114960385,0.35881237114960385,75-100%
50.0,32.54228691105473,-17.45771308894527,17.45771308894527,75-100%
50.0,32.76027605142776,-17.23972394857224,17.23972394857224,75-100%
50.0,32.357115083570996,-17.642884916429004,17.642884916429004,75-100%
50.0,33.513088268531966,-16.486911731468034,16.486911731468034,75-100%
50.0,32.54228691105473,-17.45771308894527,17.45771308894527,75-100%
50.0,32.76027605142776,-17.23972394857224,17.23972394857224,75-100%
50.0,32.926668982825575,-17.073331017174425,17.073331017174425,75-100%
50.0,33.61969406649126,-16.380305933508737,16.380305933508737,75-100%
50.0,32.54228691105473,-17.45771308894527,17.45771308894527,75-100%
50.0,32.76027605142776,-17.23972394857224,17.23972394857224,75-100%
50.0,33.166266301986944,-16.833733698013056,16.833733698013056,75-100%
50.0,33.737386583766884,-16.262613416233116,16.262613416233116,75-100%
50.0,33.737386583766884,-16.262613416233116,16.262613416233116,75-100%
50.0,33.737386583766884,-16.262613416233116,16.262613416233116,75-100%
47.0,34.031581869833886,-12.968418130166114,12.968418130166114,75-100%
47.0,34.43548088723891,-12.56451911276109,12.56451911276109,75-100%
47.0,34.67180675301635,-12.328193246983652,12.328193246983652,75-100%
47.0,34.67180675301635,-12.328193246983652,12.328193246983652,75-100%
47.0,34.677476382576394,-12.322523617423606,12.322523617423606,75-100%
47.0,34.43548088723891,-12.56451911276109,12.56451911276109,75-100%
47.0,33.766951398573575,-13.233048601426425,13.233048601426425,75-100%
47.0,33.766951398573575,-13.233048601426425,13.233048601426425,75-100%
47.0,34.098733240305336,-12.901266759694664,12.901266759694664,75-100%
47.0,34.098733240305336,-12.901266759694664,12.901266759694664,75-100%
47.0,33.80086480033047,-13.199135199669527,13.199135199669527,75-100%
47.0,34.67180675301635,-12.328193246983652,12.328193246983652,75-100%
47.0,33.4703937902296,-13.5296062097704,13.5296062097704,75-100%
47.0,31.747802581625706,-15.252197418374294,15.252197418374294,75-100%
62.0,30.68038940533973,-31.31961059466027,31.31961059466027,75-100%
62.0,32.26562557780794,-29.73437442219206,29.73437442219206,75-100%
62.0,32.98947941956564,-29.01052058043436,29.01052058043436,75-100%
62.0,33.84011528009092,-28.15988471990908,28.15988471990908,75-100%
47.0,34.67180675301635,-12.328193246983652,12.328193246983652,75-100%
47.0,31.36779137838476,-15.632208621615241,15.632208621615241,75-100%
62.0,32.5503535594975,-29.449646440502498,29.449646440502498,75-100%
62.0,33.38999966053729,-28.610000339462708,28.610000339462708,75-100%
62.0,33.613498030917,-28.386501969083,28.386501969083,75-100%
62.0,34.06653892259757,-27.933461077402427,27.933461077402427,75-100%
62.0,34.06653892259757,-27.933461077402427,27.933461077402427,75-100%
47.0,31.33466332085553,-15.66533667914447,15.66533667914447,75-100%
62.0,33.613498030917,-28.386501969083,28.386501969083,75-100%
62.0,34.750670447912405,-27.249329552087595,27.249329552087595,75-100%
62.0,35.421218002926494,-26.578781997073506,26.578781997073506,75-100%
62.0,33.613498030917,-28.386501969083,28.386501969083,75-100%
77.0,33.613498030917,-43.386501969083,43.386501969083,75-100%
77.0,33.613498030917,-43.386501969083,43.386501969083,75-100%
62.0,33.31974758157877,-28.680252418421233,28.680252418421233,75-100%
62.0,35.11212618145704,-26.887873818542957,26.887873818542957,75-100%
77.0,33.31974758157877,-43.68025241842123,43.68025241842123,75-100%
77.0,33.613498030917,-43.386501969083,43.386501969083,75-100%
77.0,32.5503535594975,-44.4496464405025,44.4496464405025,75-100%
77.0,34.42763195353243,-42.57236804646757,42.57236804646757,75-100%
37.0,30.47730563181699,-6.522694368183011,6.522694368183011,75-100%
37.0,34.41645905571551,-2.5835409442844934,2.5835409442844934,75-100%
41.0,32.541884080512176,-8.458115919487824,8.458115919487824,75-100%
37.0,31.863177429955247,-5.136822570044753,5.136822570044753,75-100%
41.0,33.69432376303155,-7.305676236968452,7.305676236968452,75-100%
41.0,35.045831094607074,-5.954168905392926,5.954168905392926,75-100%
41.0,30.371888587335444,-10.628111412664556,10.628111412664556,75-100%
37.0,35.3435473278167,-1.656452672183299,1.656452672183299,75-100%
41.0,35.045831094607074,-5.954168905392926,5.954168905392926,75-100%
41.0,35.045831094607074,-5.954168905392926,5.954168905392926,75-100%
41.0,33.69432376303155,-7.305676236968452,7.305676236968452,75-100%
41.0,33.381318220596164,-7.618681779403836,7.618681779403836,75-100%
45.0,35.2222427219051,-9.777757278094903,9.777757278094903,75-100%
37.0,35.89586070451319,-1.1041392954868101,1.1041392954868101,75-100%
37.0,35.97576252245257,-1.0242374775474303,1.0242374775474303,75-100%
41.0,36.8521331521351,-4.147866847864897,4.147866847864897,75-100%
41.0,33.788109561369794,-7.211890438630206,7.211890438630206,75-100%
41.0,32.362222086629295,-8.637777913370705,8.637777913370705,75-100%
41.0,33.311083876130525,-7.688916123869475,7.688916123869475,75-100%
41.0,33.311083876130525,-7.688916123869475,7.688916123869475,75-100%
45.0,33.381318220596164,-11.618681779403836,11.618681779403836,75-100%
45.0,33.089538185330156,-11.910461814669844,11.910461814669844,75-100%
45.0,33.311083876130525,-11.688916123869475,11.688916123869475,75-100%
37.0,35.86316086696908,-1.136839133030918,1.136839133030918,75-100%
37.0,35.86316086696908,-1.136839133030918,1.136839133030918,75-100%
41.0,36.8521331521351,-4.147866847864897,4.147866847864897,75-100%
41.0,36.8521331521351,-4.147866847864897,4.147866847864897,75-100%
41.0,31.943973490999166,-9.056026509000834,9.056026509000834,75-100%
41.0,33.311083876130525,-7.688916123869475,7.688916123869475,75-100%
37.0,35.89586070451319,-1.1041392954868101,1.1041392954868101,75-100%
37.0,35.84954752629811,-1.1504524737018897,1.1504524737018897,75-100%
41.0,36.80461962202571,-4.195380377974288,4.195380377974288,75-100%
41.0,31.902620881620553,-9.097379118379447,9.097379118379447,75-100%
41.0,31.943973490999166,-9.056026509000834,9.056026509000834,75-100%
45.0,30.371888587335444,-14.628111412664556,14.628111412664556,75-100%
45.0,33.089538185330156,-11.910461814669844,11.910461814669844,75-100%
50.0,33.09921915971783,-16.900780840282167,16.900780840282167,75-100%
50.0,33.864313765105344,-16.135686234894656,16.135686234894656,75-100%
50.0,33.864313765105344,-16.135686234894656,16.135686234894656,75-100%
50.0,33.864313765105344,-16.135686234894656,16.135686234894656,75-100%
50.0,34.090894671991755,-15.909105328008245,15.909105328008245,75-100%
50.0,34.02216390408168,-15.97783609591832,15.97783609591832,75-100%
50.0,34.090894671991755,-15.909105328008245,15.909105328008245,75-100%
50.0,33.864313765105344,-16.135686234894656,16.135686234894656,75-100%
50.0,34.16272527906024,-15.83727472093976,15.83727472093976,75-100%
50.0,33.864313765105344,-16.135686234894656,16.135686234894656,75-100%
50.0,33.06329200290124,-16.936707997098758,16.936707997098758,75-100%
50.0,35.57830604409546,-14.421693955904537,14.421693955904537,75-100%
50.0,34.090894671991755,-15.909105328008245,15.909105328008245,75-100%
50.0,34.39124554296118,-15.60875445703882,15.60875445703882,75-100%
50.0,33.864313765105344,-16.135686234894656,16.135686234894656,75-100%
50.0,33.09921915971783,-16.900780840282167,16.900780840282167,75-100%
50.0,35.05714661730735,-14.942853382692647,14.942853382692647,75-100%
50.0,33.818667677664685,-16.181332322335315,16.181332322335315,75-100%
50.0,34.11668849647637,-15.883311503523629,15.883311503523629,75-100%
50.0,33.864313765105344,-16.135686234894656,16.135686234894656,75-100%
50.0,33.6617347266642,-16.3382652733358,16.3382652733358,75-100%
50.0,34.18560476828162,-15.814395231718379,15.814395231718379,75-100%
50.0,34.11668849647637,-15.883311503523629,15.883311503523629,75-100%
50.0,34.11668849647637,-15.883311503523629,15.883311503523629,75-100%
50.0,34.473792034543365,-15.526207965456635,15.526207965456635,75-100%
50.0,33.6617347266642,-16.3382652733358,16.3382652733358,75-100%
50.0,33.6617347266642,-16.3382652733358,16.3382652733358,75-100%
50.0,34.11668849647637,-15.883311503523629,15.883311503523629,75-100%
32.0,28.248198538828653,-3.751801461171347,3.751801461171347,75-100%
32.0,26.954510486960782,-5.045489513039218,5.045489513039218,75-100%
32.0,27.808938037539132,-4.191061962460868,4.191061962460868,75-100%
32.0,27.534091644150614,-4.465908355849386,4.465908355849386,75-100%
32.0,28.292384414898564,-3.7076155851014363,3.7076155851014363,75-100%
32.0,27.808938037539132,-4.191061962460868,4.191061962460868,75-100%
32.0,28.292384414898564,-3.7076155851014363,3.7076155851014363,75-100%
32.0,28.292384414898564,-3.7076155851014363,3.7076155851014363,75-100%
32.0,27.538648237035698,-4.461351762964302,4.461351762964302,75-100%
32.0,27.691564615415604,-4.308435384584396,4.308435384584396,75-100%
32.0,27.808938037539132,-4.191061962460868,4.191061962460868,75-100%
32.0,27.691564615415604,-4.308435384584396,4.308435384584396,75-100%
32.0,27.691564615415604,-4.308435384584396,4.308435384584396,75-100%
32.0,27.538648237035698,-4.461351762964302,4.461351762964302,75-100%
32.0,27.691564615415604,-4.308435384584396,4.308435384584396,75-100%
32.0,27.730475037742465,-4.269524962257535,4.269524962257535,75-100%
32.0,27.691564615415604,-4.308435384584396,4.308435384584396,75-100%
32.0,30.73014048115091,-1.2698595188490884,1.2698595188490884,75-100%
32.0,27.538648237035698,-4.461351762964302,4.461351762964302,75-100%
32.0,27.13150809250235,-4.868491907497649,4.868491907497649,75-100%
32.0,27.730475037742465,-4.269524962257535,4.269524962257535,75-100%
32.0,27.691564615415604,-4.308435384584396,4.308435384584396,75-100%
32.0,30.561029516555546,-1.4389704834444537,1.4389704834444537,75-100%
32.0,27.691564615415604,-4.308435384584396,4.308435384584396,75-100%
32.0,26.981576626807406,-5.018423373192594,5.018423373192594,75-100%
32.0,27.730475037742465,-4.269524962257535,4.269524962257535,75-100%
32.0,30.73014048115091,-1.2698595188490884,1.2698595188490884,75-100%
32.0,27.691564615415604,-4.308435384584396,4.308435384584396,75-100%
32.0,27.691564615415604,-4.308435384584396,4.308435384584396,75-100%
13.0,37.83672524246881,24.83672524246881,24.83672524246881,50-75%
13.0,43.40730616186123,30.40730616186123,30.40730616186123,50-75%
13.0,39.66555586545141,26.66555586545141,26.66555586545141,50-75%
22.0,42.19329399324191,20.19329399324191,20.19329399324191,75-100%
22.0,43.4673193950126,21.467319395012602,21.467319395012602,75-100%
13.0,42.54107575396012,29.541075753960122,29.541075753960122,50-75%
13.0,38.42936579137064,25.429365791370643,25.429365791370643,50-75%
13.0,43.09345830868111,30.093458308681107,30.093458308681107,50-75%
13.0,38.82304406103132,25.823044061031318,25.823044061031318,50-75%
13.0,41.54557132808077,28.54557132808077,28.54557132808077,50-75%
13.0,39.50579447722239,26.505794477222388,26.505794477222388,50-75%
22.0,43.07725409514881,21.07725409514881,21.07725409514881,75-100%
22.0,42.788288586537945,20.788288586537945,20.788288586537945,75-100%
22.0,42.788288586537945,20.788288586537945,20.788288586537945,75-100%
22.0,41.24256346960723,19.242563469607227,19.242563469607227,75-100%
13.0,42.058662293840996,29.058662293840996,29.058662293840996,50-75%
13.0,38.86710821439901,25.86710821439901,25.86710821439901,50-75%
13.0,39.034633879156985,26.034633879156985,26.034633879156985,50-75%
13.0,40.1822492811832,27.182249281183203,27.182249281183203,50-75%
13.0,38.224486356194056,25.224486356194056,25.224486356194056,50-75%
13.0,41.15866822912438,28.15866822912438,28.15866822912438,50-75%
17.5,40.41073744244703,22.91073744244703,22.91073744244703,75-100%
22.0,45.08182509871308,23.081825098713082,23.081825098713082,75-100%
22.0,42.50252204581751,20.502522045817507,20.502522045817507,75-100%
22.0,40.75283491146652,18.752834911466522,18.752834911466522,75-100%
22.0,40.85474951184676,18.854749511846762,18.854749511846762,75-100%
22.0,42.788288586537945,20.788288586537945,20.788288586537945,75-100%
22.0,40.96562598589575,18.96562598589575,18.96562598589575,75-100%
13.0,38.77277245181206,25.77277245181206,25.77277245181206,50-75%
13.0,37.354186596021044,24.354186596021044,24.354186596021044,50-75%
13.0,39.429356566828005,26.429356566828005,26.429356566828005,50-75%
13.0,40.36951697749727,27.36951697749727,27.36951697749727,50-75%
13.0,37.32133150519342,24.32133150519342,24.32133150519342,50-75%
17.5,40.851867120657175,23.351867120657175,23.351867120657175,75-100%
22.0,41.24256346960723,19.242563469607227,19.242563469607227,75-100%
22.0,40.6917543148562,18.691754314856198,18.691754314856198,75-100%
22.0,40.30899714012995,18.308997140129947,18.308997140129947,75-100%
22.0,39.97377531727233,17.973775317272327,17.973775317272327,75-100%
22.0,41.24256346960723,19.242563469607227,19.242563469607227,75-100%
13.0,39.18838268788299,26.188382687882992,26.188382687882992,50-75%
13.0,40.851867120657175,27.851867120657175,27.851867120657175,50-75%
13.0,38.30030144253784,25.300301442537837,25.300301442537837,50-75%
13.0,38.74060760609766,25.74060760609766,25.74060760609766,50-75%
22.0,40.75283491146652,18.752834911466522,18.752834911466522,75-100%
22.0,40.36951697749727,18.36951697749727,18.36951697749727,75-100%
22.0,39.97377531727233,17.973775317272327,17.973775317272327,75-100%
22.0,40.96562598589575,18.96562598589575,18.96562598589575,75-100%
22.0,40.75283491146652,18.752834911466522,18.752834911466522,75-100%
22.0,40.36951697749727,18.36951697749727,18.36951697749727,75-100%
13.0,40.28724803576558,27.28724803576558,27.28724803576558,50-75%
13.0,40.33218892031911,27.332188920319112,27.332188920319112,50-75%
13.0,40.33218892031911,27.332188920319112,27.332188920319112,50-75%
13.0,41.0310839540962,28.031083954096196,28.031083954096196,50-75%
13.0,41.0310839540962,28.031083954096196,28.031083954096196,50-75%
22.0,45.08182509871308,23.081825098713082,23.081825098713082,75-100%
22.0,42.19329399324191,20.19329399324191,20.19329399324191,75-100%
22.0,45.26092963659286,23.260929636592863,23.260929636592863,75-100%
22.0,42.50252204581751,20.502522045817507,20.502522045817507,75-100%
22.0,40.75283491146652,18.752834911466522,18.752834911466522,75-100%
24.0,46.29845065773261,22.29845065773261,22.29845065773261,75-100%
24.0,45.01021215850356,21.010212158503563,21.010212158503563,75-100%
28.0,39.94153532204321,11.941535322043208,11.941535322043208,75-100%
28.0,39.94153532204321,11.941535322043208,11.941535322043208,75-100%
24.0,38.2958365324863,14.295836532486298,14.295836532486298,75-100%
24.0,42.1177864771939,18.117786477193903,18.117786477193903,75-100%
24.0,42.1177864771939,18.117786477193903,18.117786477193903,75-100%
24.0,41.094588147960685,17.094588147960685,17.094588147960685,75-100%
28.0,45.18536822352965,17.18536822352965,17.18536822352965,75-100%
28.0,45.48612704988024,17.48612704988024,17.48612704988024,75-100%
26.0,40.593887771429905,14.593887771429905,14.593887771429905,75-100%
26.0,40.593887771429905,14.593887771429905,14.593887771429905,75-100%
26.0,45.00869751465636,19.00869751465636,19.00869751465636,75-100%
24.0,43.40351686473766,19.40351686473766,19.40351686473766,75-100%
24.0,42.61456826080388,18.61456826080388,18.61456826080388,75-100%
24.0,40.97812770254333,16.978127702543333,16.978127702543333,75-100%
24.0,41.60834359408088,17.60834359408088,17.60834359408088,75-100%
24.0,41.098747880346785,17.098747880346785,17.098747880346785,75-100%
28.0,42.437637747656176,14.437637747656176,14.437637747656176,75-100%
28.0,43.23936591963612,15.239365919636121,15.239365919636121,75-100%
28.0,45.48612704988024,17.48612704988024,17.48612704988024,75-100%
28.0,40.20814634163828,12.208146341638283,12.208146341638283,75-100%
26.0,46.820597451545154,20.820597451545154,20.820597451545154,75-100%
26.0,46.820597451545154,20.820597451545154,20.820597451545154,75-100%
26.0,43.28487397689788,17.284873976897877,17.284873976897877,75-100%
24.0,43.58185056687324,19.581850566873243,19.581850566873243,75-100%
24.0,42.61456826080388,18.61456826080388,18.61456826080388,75-100%
24.0,40.860374587254825,16.860374587254825,16.860374587254825,75-100%
24.0,41.48882265615248,17.48882265615248,17.48882265615248,75-100%
28.0,42.21886312684862,14.218863126848618,14.218863126848618,75-100%
28.0,42.04907064709817,14.04907064709817,14.04907064709817,75-100%
26.0,43.28487397689788,17.284873976897877,17.284873976897877,75-100%
24.0,43.58185056687324,19.581850566873243,19.581850566873243,75-100%
24.0,42.61456826080388,18.61456826080388,18.61456826080388,75-100%
24.0,39.950117457964915,15.950117457964915,15.950117457964915,75-100%
24.0,41.67076704183627,17.67076704183627,17.67076704183627,75-100%
28.0,41.00787575689892,13.007875756898919,13.007875756898919,75-100%
28.0,43.879770406733,15.879770406733002,15.879770406733002,75-100%
28.0,42.04907064709817,14.04907064709817,14.04907064709817,75-100%
26.0,42.80133328117863,16.80133328117863,16.80133328117863,75-100%
23.66666666666667,42.1177864771939,18.45111981052723,18.45111981052723,75-100%
21.5,42.1177864771939,20.617786477193903,20.617786477193903,75-100%
21.5,40.97812770254333,19.478127702543333,19.478127702543333,75-100%
21.5,40.390099305184776,18.890099305184776,18.890099305184776,75-100%
28.0,42.85043428869049,14.850434288690487,14.850434288690487,75-100%
28.0,42.68267555885145,14.68267555885145,14.68267555885145,75-100%
28.0,44.68148057597121,16.681480575971207,16.681480575971207,75-100%
28.0,42.61456826080388,14.614568260803878,14.614568260803878,75-100%
23.5,40.860374587254825,17.360374587254825,17.360374587254825,75-100%
23.5,40.12547284554212,16.62547284554212,16.62547284554212,75-100%
19.0,42.1177864771939,23.117786477193903,23.117786477193903,75-100%
19.0,40.32303314539509,21.323033145395087,21.323033145395087,75-100%
19.0,40.860374587254825,21.860374587254825,21.860374587254825,75-100%
19.0,40.97812770254333,21.978127702543333,21.978127702543333,75-100%
19.0,40.329549357745705,21.329549357745705,21.329549357745705,75-100%
19.0,39.950117457964915,20.950117457964915,20.950117457964915,75-100%
19.0,39.617807937742825,20.617807937742825,20.617807937742825,75-100%
19.0,40.97812770254333,21.978127702543333,21.978127702543333,75-100%
19.0,41.03962785111688,22.039627851116883,22.039627851116883,75-100%
19.0,39.900252543577274,20.900252543577274,20.900252543577274,75-100%
19.0,40.01011151786237,21.01011151786237,21.01011151786237,75-100%
19.0,39.617807937742825,20.617807937742825,20.617807937742825,75-100%
19.0,40.32303314539509,21.323033145395087,21.323033145395087,75-100%
19.0,40.860374587254825,21.860374587254825,21.860374587254825,75-100%
19.0,40.01011151786237,21.01011151786237,21.01011151786237,75-100%
19.0,40.860374587254825,21.860374587254825,21.860374587254825,75-100%
19.0,40.01011151786237,21.01011151786237,21.01011151786237,75-100%
19.0,41.11059621137808,22.11059621137808,22.11059621137808,75-100%
19.0,43.10293325533205,24.102933255332047,24.102933255332047,75-100%
19.0,42.61456826080388,23.61456826080388,23.61456826080388,75-100%
19.0,40.860374587254825,21.860374587254825,21.860374587254825,75-100%
19.0,40.860374587254825,21.860374587254825,21.860374587254825,75-100%
19.0,40.860374587254825,21.860374587254825,21.860374587254825,75-100%
19.0,39.900252543577274,20.900252543577274,20.900252543577274,75-100%
19.0,40.860374587254825,21.860374587254825,21.860374587254825,75-100%
19.0,40.01011151786237,21.01011151786237,21.01011151786237,75-100%
19.0,40.10738208527128,21.107382085271283,21.107382085271283,75-100%
11.0,39.93647644131195,28.936476441311953,28.936476441311953,50-75%
11.0,40.35286776958374,29.35286776958374,29.35286776958374,50-75%
11.0,40.35286776958374,29.35286776958374,29.35286776958374,50-75%
11.0,42.28194530178888,31.28194530178888,31.28194530178888,50-75%
10.5,39.64032970621613,29.14032970621613,29.14032970621613,50-75%
10.5,40.22897358031713,29.72897358031713,29.72897358031713,50-75%
10.5,42.152091558748054,31.652091558748054,31.652091558748054,50-75%
11.0,40.92052275577889,29.92052275577889,29.92052275577889,50-75%
11.0,42.28194530178888,31.28194530178888,31.28194530178888,50-75%
11.0,42.28194530178888,31.28194530178888,31.28194530178888,50-75%
11.0,41.998193747964756,30.998193747964756,30.998193747964756,50-75%
10.0,41.767930241155135,31.767930241155135,31.767930241155135,50-75%
10.5,42.05016225143217,31.55016225143217,31.55016225143217,50-75%
10.5,41.92100389988663,31.421003899886628,31.421003899886628,50-75%
10.5,39.03481594124388,28.534815941243878,28.534815941243878,50-75%
10.5,40.35286776958374,29.85286776958374,29.85286776958374,50-75%
10.5,41.32540849414227,30.825408494142273,30.825408494142273,50-75%
11.0,41.71758344139158,30.717583441391582,30.717583441391582,50-75%
11.0,40.85576089982355,29.85576089982355,29.85576089982355,50-75%
10.0,42.488053242560554,32.488053242560554,32.488053242560554,50-75%
10.0,42.488053242560554,32.488053242560554,32.488053242560554,50-75%
10.5,42.20295046831319,31.70295046831319,31.70295046831319,50-75%
10.5,41.767930241155135,31.267930241155135,31.267930241155135,50-75%
10.5,42.5457513979017,32.0457513979017,32.0457513979017,50-75%
10.5,41.71758344139158,31.217583441391582,31.217583441391582,50-75%
10.5,39.718298806005286,29.218298806005286,29.218298806005286,50-75%
10.5,41.71758344139158,31.217583441391582,31.217583441391582,50-75%
11.0,40.30999534041852,29.309995340418517,29.309995340418517,50-75%
10.0,41.46474834850076,31.464748348500763,31.464748348500763,50-75%
10.0,41.85821437838759,31.858214378387594,31.858214378387594,50-75%
10.0,41.92100389988663,31.921003899886628,31.921003899886628,50-75%
10.5,41.73323805635579,31.233238056355788,31.233238056355788,50-75%
10.5,41.583384440079215,31.083384440079215,31.083384440079215,50-75%
10.5,38.81406225475744,28.314062254757438,28.314062254757438,50-75%
11.0,40.30999534041852,29.309995340418517,29.309995340418517,50-75%
10.0,42.012685554049554,32.012685554049554,32.012685554049554,50-75%
10.0,41.46474834850076,31.464748348500763,31.464748348500763,50-75%
10.0,41.85821437838759,31.858214378387594,31.858214378387594,50-75%
10.0,42.13974848465085,32.13974848465085,32.13974848465085,50-75%
10.5,42.5457513979017,32.0457513979017,32.0457513979017,50-75%
10.0,40.8348001705716,30.834800170571597,30.834800170571597,50-75%
10.0,41.654934016361395,31.654934016361395,31.654934016361395,50-75%
10.0,42.19698452360532,32.19698452360532,32.19698452360532,50-75%
10.0,41.70536465248415,31.70536465248415,31.70536465248415,50-75%
30.0,42.55838917458796,12.558389174587958,12.558389174587958,75-100%
30.0,44.25119046627268,14.251190466272682,14.251190466272682,75-100%
30.0,44.43446707615185,14.434467076151847,14.434467076151847,75-100%
30.0,42.60707641554808,12.607076415548079,12.607076415548079,75-100%
30.0,42.22172453722915,12.22172453722915,12.22172453722915,75-100%
30.0,39.46560400074816,9.465604000748158,9.465604000748158,75-100%
30.0,42.725670595615355,12.725670595615355,12.725670595615355,75-100%
30.0,42.72974299813806,12.729742998138057,12.729742998138057,75-100%
30.0,42.05410151805272,12.054101518052718,12.054101518052718,75-100%
30.0,42.725670595615355,12.725670595615355,12.725670595615355,75-100%
30.0,39.56696004687722,9.56696004687722,9.56696004687722,75-100%
30.0,39.7536295589696,9.7536295589696,9.7536295589696,75-100%
30.0,42.60707641554808,12.607076415548079,12.607076415548079,75-100%
30.0,41.72133454137948,11.721334541379477,11.721334541379477,75-100%
30.0,41.31266136620978,11.312661366209781,11.312661366209781,75-100%
30.0,42.04731340464678,12.04731340464678,12.04731340464678,75-100%
30.0,43.35957794454787,13.359577944547873,13.359577944547873,75-100%
30.0,42.91291137513785,12.912911375137853,12.912911375137853,75-100%
30.0,40.679205080689485,10.679205080689485,10.679205080689485,75-100%
30.0,42.22172453722915,12.22172453722915,12.22172453722915,75-100%
30.0,44.25119046627268,14.251190466272682,14.251190466272682,75-100%
30.0,44.20938192942731,14.209381929427309,14.209381929427309,75-100%
30.0,44.943210006549634,14.943210006549634,14.943210006549634,75-100%
30.0,44.43446707615185,14.434467076151847,14.434467076151847,75-100%
30.0,42.952328429502785,12.952328429502785,12.952328429502785,75-100%
30.0,43.35957794454787,13.359577944547873,13.359577944547873,75-100%
30.0,42.76491957913837,12.764919579138372,12.764919579138372,75-100%
30.0,42.6222044887164,12.622204488716399,12.622204488716399,75-100%
30.0,43.0573432574652,13.057343257465199,13.057343257465199,75-100%
30.0,41.79795657177283,11.79795657177283,11.79795657177283,75-100%
30.0,42.85706742745811,12.857067427458112,12.857067427458112,75-100%
30.0,44.267259466412995,14.267259466412995,14.267259466412995,75-100%
30.0,43.218631058226684,13.218631058226684,13.218631058226684,75-100%
30.0,43.76406650027816,13.764066500278162,13.764066500278162,75-100%
9.0,45.319785028776806,36.319785028776806,36.319785028776806,50-75%
9.0,44.31479515263728,35.31479515263728,35.31479515263728,50-75%
9.0,44.22108669166688,35.22108669166688,35.22108669166688,50-75%
9.0,40.87756389426151,31.877563894261513,31.877563894261513,50-75%
9.0,36.70338360068472,27.703383600684717,27.703383600684717,50-75%
9.0,35.68893108283127,26.688931082831267,26.688931082831267,50-75%
9.0,41.83665328479287,32.83665328479287,32.83665328479287,50-75%
9.0,40.477458682113266,31.477458682113266,31.477458682113266,50-75%
9.0,43.89877612798948,34.89877612798948,34.89877612798948,50-75%
9.0,43.34675575246509,34.34675575246509,34.34675575246509,50-75%
9.0,45.779630366828464,36.779630366828464,36.779630366828464,50-75%
9.0,42.93361113099004,33.93361113099004,33.93361113099004,50-75%
9.0,42.90054353642203,33.90054353642203,33.90054353642203,50-75%
9.0,41.43423076113023,32.43423076113023,32.43423076113023,50-75%
9.0,45.04960540106852,36.04960540106852,36.04960540106852,50-75%
9.0,36.70338360068472,27.703383600684717,27.703383600684717,50-75%
9.0,37.84473531839144,28.844735318391443,28.844735318391443,50-75%
9.0,44.31479515263728,35.31479515263728,35.31479515263728,50-75%
9.0,44.41247749414582,35.41247749414582,35.41247749414582,50-75%
9.0,43.92851250184267,34.92851250184267,34.92851250184267,50-75%
9.0,43.92851250184267,34.92851250184267,34.92851250184267,50-75%
9.0,45.92573816074773,36.92573816074773,36.92573816074773,50-75%
9.0,43.52194520960067,34.52194520960067,34.52194520960067,50-75%
9.0,43.89877612798948,34.89877612798948,34.89877612798948,50-75%
9.0,44.168345778250725,35.168345778250725,35.168345778250725,50-75%
9.0,43.92851250184267,34.92851250184267,34.92851250184267,50-75%
9.0,40.11106425022456,31.11106425022456,31.11106425022456,50-75%
9.0,46.00786704856623,37.00786704856623,37.00786704856623,50-75%
9.5,42.6254378907445,33.1254378907445,33.1254378907445,50-75%
9.5,42.45404811452739,32.95404811452739,32.95404811452739,50-75%
10.0,41.32969697835382,31.329696978353823,31.329696978353823,50-75%
10.0,45.67563977717998,35.67563977717998,35.67563977717998,50-75%
10.0,41.7523332933753,31.7523332933753,31.7523332933753,50-75%
10.0,44.82219808173268,34.82219808173268,34.82219808173268,50-75%
10.0,42.45404811452739,32.45404811452739,32.45404811452739,50-75%
10.0,42.35739950516856,32.35739950516856,32.35739950516856,50-75%
10.0,42.91351748911833,32.91351748911833,32.91351748911833,50-75%
10.0,40.5215332576028,30.521533257602798,30.521533257602798,50-75%
10.0,43.62754538264093,33.62754538264093,33.62754538264093,50-75%
10.0,44.15205642586532,34.15205642586532,34.15205642586532,50-75%
10.0,45.906792101089,35.906792101089,35.906792101089,50-75%
10.0,46.09677423742643,36.09677423742643,36.09677423742643,50-75%
10.0,41.41056205376823,31.41056205376823,31.41056205376823,50-75%
10.0,39.89789346777727,29.897893467777273,29.897893467777273,50-75%
10.0,42.110691806783066,32.110691806783066,32.110691806783066,50-75%
10.0,43.11320505841756,33.11320505841756,33.11320505841756,50-75%
10.0,40.30023746646556,30.30023746646556,30.30023746646556,50-75%
10.0,43.62754538264093,33.62754538264093,33.62754538264093,50-75%
10.0,43.62754538264093,33.62754538264093,33.62754538264093,50-75%
10.0,40.133360681111604,30.133360681111604,30.133360681111604,50-75%
10.0,40.594203768086494,30.594203768086494,30.594203768086494,50-75%
10.0,43.5065051085645,33.5065051085645,33.5065051085645,50-75%
10.0,42.60249414319056,32.60249414319056,32.60249414319056,50-75%
10.0,40.58886804473063,30.58886804473063,30.58886804473063,50-75%
10.0,40.58886804473063,30.58886804473063,30.58886804473063,50-75%
10.0,41.15395918458731,31.153959184587308,31.153959184587308,50-75%
10.0,41.15395918458731,31.153959184587308,31.153959184587308,50-75%
10.0,39.009725039824076,29.009725039824076,29.009725039824076,50-75%
10.0,40.49045815854002,30.490458158540022,30.490458158540022,50-75%
10.0,40.76695867126832,30.76695867126832,30.76695867126832,50-75%
10.0,41.15395918458731,31.153959184587308,31.153959184587308,50-75%
15.0,38.53136753917904,23.531367539179037,23.531367539179037,50-75%
15.0,39.46606304860621,24.46606304860621,24.46606304860621,50-75%
15.0,39.46606304860621,24.46606304860621,24.46606304860621,50-75%
15.0,37.88647866978518,22.886478669785177,22.886478669785177,50-75%
15.0,37.88647866978518,22.886478669785177,22.886478669785177,50-75%
15.0,39.46606304860621,24.46606304860621,24.46606304860621,50-75%
15.0,39.46606304860621,24.46606304860621,24.46606304860621,50-75%
15.0,39.46606304860621,24.46606304860621,24.46606304860621,50-75%
15.0,36.154197859376154,21.154197859376154,21.154197859376154,50-75%
15.0,37.247427736819986,22.247427736819986,22.247427736819986,50-75%
15.0,40.20801503085036,25.208015030850362,25.208015030850362,50-75%
15.0,37.88647866978518,22.886478669785177,22.886478669785177,50-75%
15.0,37.88647866978518,22.886478669785177,22.886478669785177,50-75%
15.0,39.46606304860621,24.46606304860621,24.46606304860621,50-75%
15.0,39.46606304860621,24.46606304860621,24.46606304860621,50-75%
15.0,39.46606304860621,24.46606304860621,24.46606304860621,50-75%
15.0,36.03880587511627,21.038805875116267,21.038805875116267,50-75%
15.0,39.46606304860621,24.46606304860621,24.46606304860621,50-75%
15.0,39.46606304860621,24.46606304860621,24.46606304860621,50-75%
15.0,39.46606304860621,24.46606304860621,24.46606304860621,50-75%
15.0,35.724422046660976,20.724422046660976,20.724422046660976,50-75%
15.0,36.8354262436977,21.835426243697697,21.835426243697697,50-75%
15.0,36.55878124890183,21.55878124890183,21.55878124890183,50-75%
15.0,38.53136753917904,23.531367539179037,23.531367539179037,50-75%
15.0,37.88647866978518,22.886478669785177,22.886478669785177,50-75%
15.0,37.88647866978518,22.886478669785177,22.886478669785177,50-75%
15.0,37.88647866978518,22.886478669785177,22.886478669785177,50-75%
15.0,38.53136753917904,23.531367539179037,23.531367539179037,50-75%
15.0,35.296000662040356,20.296000662040356,20.296000662040356,50-75%
15.0,35.724422046660976,20.724422046660976,20.724422046660976,50-75%
15.0,37.88647866978518,22.886478669785177,22.886478669785177,50-75%
15.0,37.88647866978518,22.886478669785177,22.886478669785177,50-75%
15.0,39.46606304860621,24.46606304860621,24.46606304860621,50-75%
15.0,39.46606304860621,24.46606304860621,24.46606304860621,50-75%
15.0,36.154197859376154,21.154197859376154,21.154197859376154,50-75%
15.0,36.154197859376154,21.154197859376154,21.154197859376154,50-75%
15.0,38.53136753917904,23.531367539179037,23.531367539179037,50-75%
15.0,35.16998244480726,20.16998244480726,20.16998244480726,50-75%
21.0,38.20748387657861,17.207483876578607,17.207483876578607,75-100%
21.0,34.17705665827068,13.17705665827068,13.17705665827068,75-100%
21.0,35.35944469194529,14.359444691945292,14.359444691945292,75-100%
21.0,30.808393495467442,9.808393495467442,9.808393495467442,75-100%
20.0,36.15070139395327,16.15070139395327,16.15070139395327,75-100%
21.0,34.62031149460625,13.620311494606248,13.620311494606248,75-100%
21.0,38.34408491662227,17.344084916622272,17.344084916622272,75-100%
21.0,38.34610810741343,17.34610810741343,17.34610810741343,75-100%
21.0,38.34610810741343,17.34610810741343,17.34610810741343,75-100%
21.0,34.17705665827068,13.17705665827068,13.17705665827068,75-100%
20.5,29.712960481284345,9.212960481284345,9.212960481284345,75-100%
20.0,32.04386718129967,12.043867181299667,12.043867181299667,75-100%
20.0,29.916282937774017,9.916282937774017,9.916282937774017,75-100%
20.0,33.86259343196358,13.862593431963582,13.862593431963582,75-100%
21.0,34.62031149460625,13.620311494606248,13.620311494606248,75-100%
21.0,39.564333358705284,18.564333358705284,18.564333358705284,75-100%
21.0,39.66653709484777,18.66653709484777,18.66653709484777,75-100%
22.0,41.53727999085766,19.537279990857662,19.537279990857662,75-100%
21.0,38.123318638810886,17.123318638810886,17.123318638810886,75-100%
20.5,35.533697224895604,15.033697224895604,15.033697224895604,75-100%
20.5,29.757459697508146,9.257459697508146,9.257459697508146,75-100%
20.5,29.757459697508146,9.257459697508146,9.257459697508146,75-100%
20.0,28.469084758478125,8.469084758478125,8.469084758478125,75-100%
20.0,30.050791956997926,10.050791956997926,10.050791956997926,75-100%
20.0,30.11464189302463,10.11464189302463,10.11464189302463,75-100%
21.0,35.81759842159769,14.817598421597687,14.817598421597687,75-100%
22.0,41.64445465836571,19.64445465836571,19.64445465836571,75-100%
22.0,41.64445465836571,19.64445465836571,19.64445465836571,75-100%
22.0,41.53727999085766,19.537279990857662,19.537279990857662,75-100%
22.0,41.53727999085766,19.537279990857662,19.537279990857662,75-100%
21.33333333333333,38.10894705433611,16.775613721002784,16.775613721002784,75-100%
21.33333333333333,35.68109481384492,14.347761480511593,14.347761480511593,75-100%
20.0,30.762703593291793,10.762703593291793,10.762703593291793,75-100%
20.0,27.45145734514205,7.45145734514205,7.45145734514205,75-100%
22.0,41.954909050642335,19.954909050642335,19.954909050642335,75-100%
22.0,41.53727999085766,19.537279990857662,19.537279990857662,75-100%
22.0,41.53727999085766,19.537279990857662,19.537279990857662,75-100%
22.0,41.483885474741655,19.483885474741655,19.483885474741655,75-100%
22.0,41.483885474741655,19.483885474741655,19.483885474741655,75-100%
22.0,39.959628573252154,17.959628573252154,17.959628573252154,75-100%
21.33333333333333,38.10894705433611,16.775613721002784,16.775613721002784,75-100%
21.5,36.934429863785425,15.434429863785425,15.434429863785425,75-100%
20.0,34.1955094905838,14.195509490583802,14.195509490583802,75-100%
20.0,26.101348005357217,6.101348005357217,6.101348005357217,75-100%
23.0,42.06313595410984,19.06313595410984,19.06313595410984,75-100%
23.0,42.06313595410984,19.06313595410984,19.06313595410984,75-100%
22.0,41.64445465836571,19.64445465836571,19.64445465836571,75-100%
22.0,41.53727999085766,19.537279990857662,19.537279990857662,75-100%
22.0,41.483885474741655,19.483885474741655,19.483885474741655,75-100%
22.0,41.483885474741655,19.483885474741655,19.483885474741655,75-100%
23.0,41.53727999085766,18.537279990857662,18.537279990857662,75-100%
21.5,39.51341536508363,18.01341536508363,18.01341536508363,75-100%
20.0,36.52503365025231,16.52503365025231,16.52503365025231,75-100%
20.0,34.1175030969252,14.117503096925198,14.117503096925198,75-100%
23.0,42.06313595410984,19.06313595410984,19.06313595410984,75-100%
23.0,42.06313595410984,19.06313595410984,19.06313595410984,75-100%
23.0,41.954909050642335,18.954909050642335,18.954909050642335,75-100%
23.0,41.40516945083897,18.40516945083897,18.40516945083897,75-100%
23.0,41.483885474741655,18.483885474741655,18.483885474741655,75-100%
23.0,41.53727999085766,18.537279990857662,18.537279990857662,75-100%
23.0,41.53727999085766,18.537279990857662,18.537279990857662,75-100%
25.0,39.564333358705284,14.564333358705284,14.564333358705284,75-100%
27.0,36.61957972855253,9.61957972855253,9.61957972855253,75-100%
17.0,32.269590930398216,15.269590930398216,15.269590930398216,75-100%
17.0,31.260840405400277,14.260840405400277,14.260840405400277,75-100%
17.0,33.55083703072855,16.55083703072855,16.55083703072855,75-100%
23.0,42.06313595410984,19.06313595410984,19.06313595410984,75-100%
23.0,36.04587032271283,13.04587032271283,13.04587032271283,75-100%
23.0,41.463172586417826,18.463172586417826,18.463172586417826,75-100%
23.0,41.53727999085766,18.537279990857662,18.537279990857662,75-100%
25.0,38.245204786646916,13.245204786646916,13.245204786646916,75-100%
25.0,39.66653709484777,14.666537094847769,14.666537094847769,75-100%
27.0,38.39053901051174,11.390539010511738,11.390539010511738,75-100%
27.0,38.39053901051174,11.390539010511738,11.390539010511738,75-100%
22.0,28.54929372692403,6.549293726924031,6.549293726924031,75-100%
17.0,31.989657122931394,14.989657122931394,14.989657122931394,75-100%
17.0,35.90789616433729,18.907896164337288,18.907896164337288,75-100%
17.0,35.35907678310676,18.359076783106758,18.359076783106758,75-100%
17.0,35.29555272371434,18.295552723714337,18.295552723714337,75-100%
23.0,36.25891781426352,13.25891781426352,13.25891781426352,75-100%
23.0,36.04587032271283,13.04587032271283,13.04587032271283,75-100%
23.0,39.918672707499915,16.918672707499915,16.918672707499915,75-100%
25.0,38.10894705433611,13.108947054336113,13.108947054336113,75-100%
27.0,38.39053901051174,11.390539010511738,11.390539010511738,75-100%
27.0,38.39053901051174,11.390539010511738,11.390539010511738,75-100%
27.0,38.2915421314278,11.291542131427803,11.291542131427803,75-100%
22.0,38.01190449930482,16.01190449930482,16.01190449930482,75-100%
22.0,30.782331557758763,8.782331557758763,8.782331557758763,75-100%
22.0,28.54929372692403,6.549293726924031,6.549293726924031,75-100%
17.0,37.74272138454083,20.74272138454083,20.74272138454083,75-100%
17.0,31.294446080344947,14.294446080344947,14.294446080344947,75-100%
17.0,33.28329359745767,16.28329359745767,16.28329359745767,75-100%
27.0,33.15936021308394,6.159360213083943,6.159360213083943,75-100%
27.0,36.477930708681455,9.477930708681455,9.477930708681455,75-100%
27.0,36.61957972855253,9.61957972855253,9.61957972855253,75-100%
27.0,37.10958154923511,10.10958154923511,10.10958154923511,75-100%
27.0,36.648403099124536,9.648403099124536,9.648403099124536,75-100%
22.0,36.648403099124536,14.648403099124536,14.648403099124536,75-100%
22.0,38.01190449930482,16.01190449930482,16.01190449930482,75-100%
22.0,38.01190449930482,16.01190449930482,16.01190449930482,75-100%
17.0,36.257968246705865,19.257968246705865,19.257968246705865,75-100%
17.0,31.989657122931394,14.989657122931394,14.989657122931394,75-100%
17.0,36.5136071193488,19.513607119348798,19.513607119348798,75-100%
17.0,36.5136071193488,19.513607119348798,19.513607119348798,75-100%
17.0,36.5136071193488,19.513607119348798,19.513607119348798,75-100%
27.0,34.66236887878608,7.662368878786083,7.662368878786083,75-100%
27.0,33.07351040910699,6.073510409106987,6.073510409106987,75-100%
27.0,34.66236887878608,7.662368878786083,7.662368878786083,75-100%
27.0,34.66236887878608,7.662368878786083,7.662368878786083,75-100%
27.0,37.84606444026494,10.84606444026494,10.84606444026494,75-100%
22.0,36.36772795210751,14.367727952107508,14.367727952107508,75-100%
22.0,38.01190449930482,16.01190449930482,16.01190449930482,75-100%
22.0,30.579716014089627,8.579716014089627,8.579716014089627,75-100%
17.0,30.842987778228103,13.842987778228103,13.842987778228103,75-100%
17.0,36.74326001252438,19.74326001252438,19.74326001252438,75-100%
27.0,31.92991553788597,4.929915537885972,4.929915537885972,75-100%
27.0,33.15936021308394,6.159360213083943,6.159360213083943,75-100%
27.0,33.362867724896205,6.362867724896205,6.362867724896205,75-100%
27.0,33.70820203409214,6.708202034092139,6.708202034092139,75-100%
27.0,34.31957073618396,7.319570736183962,7.319570736183962,75-100%
22.0,32.73163812085804,10.731638120858037,10.731638120858037,75-100%
17.0,36.04890752039666,19.04890752039666,19.04890752039666,75-100%
17.0,36.56229271761761,19.56229271761761,19.56229271761761,75-100%
17.0,36.7742503898664,19.774250389866403,19.774250389866403,75-100%
17.0,36.7742503898664,19.774250389866403,19.774250389866403,75-100%
27.0,33.70820203409214,6.708202034092139,6.708202034092139,75-100%
27.0,33.2619341534713,6.261934153471302,6.261934153471302,75-100%
31.0,23.503126677201028,-7.496873322798972,7.496873322798972,75-100%
31.0,24.012695677474458,-6.987304322525542,6.987304322525542,75-100%
31.0,24.012695677474458,-6.987304322525542,6.987304322525542,75-100%
31.0,24.26403225478782,-6.735967745212179,6.735967745212179,75-100%
31.0,24.558430135175783,-6.441569864824217,6.441569864824217,75-100%
31.0,24.329192624750398,-6.670807375249602,6.670807375249602,75-100%
31.0,24.012695677474458,-6.987304322525542,6.987304322525542,75-100%
31.0,24.012695677474458,-6.987304322525542,6.987304322525542,75-100%
31.0,24.26403225478782,-6.735967745212179,6.735967745212179,75-100%
31.0,25.99415378737215,-5.005846212627851,5.005846212627851,75-100%
31.0,25.99415378737215,-5.005846212627851,5.005846212627851,75-100%
31.0,24.329192624750398,-6.670807375249602,6.670807375249602,75-100%
31.0,23.393923200982258,-7.6060767990177425,7.6060767990177425,75-100%
31.0,24.012695677474458,-6.987304322525542,6.987304322525542,75-100%
31.0,26.201139546962548,-4.798860453037452,4.798860453037452,75-100%
31.0,25.612552418521183,-5.387447581478817,5.387447581478817,75-100%
31.0,25.423044125404175,-5.576955874595825,5.576955874595825,75-100%
31.0,24.808146086447326,-6.191853913552674,6.191853913552674,75-100%
31.0,24.15956915282482,-6.840430847175181,6.840430847175181,75-100%
31.0,25.82795736227225,-5.172042637727749,5.172042637727749,75-100%
31.0,26.33639333798318,-4.6636066620168215,4.6636066620168215,75-100%
31.0,24.209165221392773,-6.790834778607227,6.790834778607227,75-100%
31.0,24.329192624750398,-6.670807375249602,6.670807375249602,75-100%
31.0,23.90122119694933,-7.098778803050671,7.098778803050671,75-100%
31.0,24.233331676666968,-6.7666683233330325,6.7666683233330325,75-100%
31.0,24.24411378813309,-6.755886211866908,6.755886211866908,75-100%
31.0,22.48201629164761,-8.51798370835239,8.51798370835239,75-100%
31.0,22.28793435305022,-8.712065646949782,8.712065646949782,75-100%
31.0,22.670171155671945,-8.329828844328055,8.329828844328055,75-100%
31.0,22.782871007328872,-8.217128992671128,8.217128992671128,75-100%
34.0,30.47936378070165,-3.52063621929835,3.52063621929835,75-100%
34.0,30.04748710406239,-3.952512895937609,3.952512895937609,75-100%
34.0,24.671236203364874,-9.328763796635126,9.328763796635126,75-100%
34.0,28.418135109419026,-5.581864890580974,5.581864890580974,75-100%
34.0,27.528394513302022,-6.471605486697978,6.471605486697978,75-100%
34.0,23.388611606944053,-10.611388393055947,10.611388393055947,75-100%
34.0,27.09800199120085,-6.901998008799151,6.901998008799151,75-100%
34.0,30.47936378070165,-3.52063621929835,3.52063621929835,75-100%
34.0,31.537463194861715,-2.462536805138285,2.462536805138285,75-100%
34.0,31.091070073045074,-2.908929926954926,2.908929926954926,75-100%
34.0,27.456696534725534,-6.543303465274466,6.543303465274466,75-100%
34.0,27.381458841965674,-6.618541158034326,6.618541158034326,75-100%
39.0,22.324762912504752,-16.675237087495248,16.675237087495248,75-100%
34.0,29.507743744483303,-4.492256255516697,4.492256255516697,75-100%
34.0,27.09800199120085,-6.901998008799151,6.901998008799151,75-100%
34.0,27.09800199120085,-6.901998008799151,6.901998008799151,75-100%
34.0,31.537463194861715,-2.462536805138285,2.462536805138285,75-100%
34.0,31.537463194861715,-2.462536805138285,2.462536805138285,75-100%
34.0,30.553379676601505,-3.446620323398495,3.446620323398495,75-100%
34.0,27.45296725565444,-6.547032744345561,6.547032744345561,75-100%
34.0,27.381458841965674,-6.618541158034326,6.618541158034326,75-100%
39.0,27.156008101467897,-11.843991898532103,11.843991898532103,75-100%
39.0,23.66272506502768,-15.33727493497232,15.33727493497232,75-100%
39.0,22.335889924603315,-16.664110075396685,16.664110075396685,75-100%
39.0,22.75211788441112,-16.24788211558888,16.24788211558888,75-100%
34.0,28.977223014211326,-5.022776985788674,5.022776985788674,75-100%
34.0,31.399146060989413,-2.6008539390105874,2.6008539390105874,75-100%
34.0,27.09800199120085,-6.901998008799151,6.901998008799151,75-100%
34.0,26.71251542912483,-7.2874845708751685,7.2874845708751685,75-100%
34.0,31.537463194861715,-2.462536805138285,2.462536805138285,75-100%
34.0,30.553379676601505,-3.446620323398495,3.446620323398495,75-100%
34.0,30.03820696285109,-3.9617930371489116,3.9617930371489116,75-100%
34.0,27.760222015209152,-6.239777984790848,6.239777984790848,75-100%
39.0,27.381458841965674,-11.618541158034326,11.618541158034326,75-100%
39.0,27.191395082002675,-11.808604917997325,11.808604917997325,75-100%
39.0,23.724863954943885,-15.275136045056115,15.275136045056115,75-100%
39.0,22.763448764988887,-16.236551235011113,16.236551235011113,75-100%
39.0,22.75211788441112,-16.24788211558888,16.24788211558888,75-100%
39.0,22.70693762012283,-16.29306237987717,16.29306237987717,75-100%
34.0,31.537463194861715,-2.462536805138285,2.462536805138285,75-100%
34.0,31.537463194861715,-2.462536805138285,2.462536805138285,75-100%
34.0,30.553379676601505,-3.446620323398495,3.446620323398495,75-100%
34.0,26.811489770393344,-7.188510229606656,7.188510229606656,75-100%
39.0,27.922511089455224,-11.077488910544776,11.077488910544776,75-100%
39.0,27.262424621154,-11.737575378846,11.737575378846,75-100%
39.0,27.262424621154,-11.737575378846,11.737575378846,75-100%
39.0,20.209934759296427,-18.790065240703573,18.790065240703573,75-100%
39.0,22.500064472036527,-16.499935527963473,16.499935527963473,75-100%
39.0,24.11459410296113,-14.885405897038869,14.885405897038869,75-100%
34.0,30.47936378070165,-3.52063621929835,3.52063621929835,75-100%
34.0,26.71251542912483,-7.2874845708751685,7.2874845708751685,75-100%
34.0,26.71251542912483,-7.2874845708751685,7.2874845708751685,75-100%
34.0,27.09800199120085,-6.901998008799151,6.901998008799151,75-100%
34.0,29.527282087166366,-4.472717912833634,4.472717912833634,75-100%
39.0,27.922511089455224,-11.077488910544776,11.077488910544776,75-100%
39.0,27.922511089455224,-11.077488910544776,11.077488910544776,75-100%
39.0,27.65662233257583,-11.343377667424171,11.343377667424171,75-100%
39.0,28.594743130601234,-10.405256869398766,10.405256869398766,75-100%
39.0,20.778200672427047,-18.221799327572953,18.221799327572953,75-100%
39.0,20.209934759296427,-18.790065240703573,18.790065240703573,75-100%
39.0,27.78024714845197,-11.21975285154803,11.21975285154803,75-100%
39.0,26.981967819178905,-12.018032180821095,12.018032180821095,75-100%
39.0,27.560380050550382,-11.439619949449618,11.439619949449618,75-100%
39.0,27.560380050550382,-11.439619949449618,11.439619949449618,75-100%
39.0,28.594743130601234,-10.405256869398766,10.405256869398766,75-100%
39.0,28.594743130601234,-10.405256869398766,10.405256869398766,75-100%
39.0,24.890418373303316,-14.109581626696684,14.109581626696684,75-100%
39.0,27.408179207481517,-11.591820792518483,11.591820792518483,75-100%
39.0,28.594743130601234,-10.405256869398766,10.405256869398766,75-100%
21.0,22.929933226828098,1.9299332268280978,1.9299332268280978,75-100%
21.0,26.223903209201637,5.223903209201637,5.223903209201637,75-100%
21.0,24.617389344333816,3.617389344333816,3.617389344333816,75-100%
21.0,24.90786851293913,3.9078685129391317,3.9078685129391317,75-100%
21.0,26.09517197244625,5.0951719724462485,5.0951719724462485,75-100%
25.0,24.39615853403089,-0.6038414659691114,0.6038414659691114,75-100%
21.0,24.90786851293913,3.9078685129391317,3.9078685129391317,75-100%
21.0,26.223903209201637,5.223903209201637,5.223903209201637,75-100%
21.0,25.61005468106118,4.610054681061179,4.610054681061179,75-100%
21.0,24.71096551066924,3.71096551066924,3.71096551066924,75-100%
25.0,24.90786851293913,-0.09213148706086827,0.09213148706086827,75-100%
25.0,26.223903209201637,1.2239032092016373,1.2239032092016373,75-100%
25.0,26.258157574849285,1.2581575748492853,1.2581575748492853,75-100%
21.0,25.790774561584136,4.790774561584136,4.790774561584136,75-100%
21.0,26.09517197244625,5.0951719724462485,5.0951719724462485,75-100%
21.0,27.37442970177064,6.374429701770641,6.374429701770641,75-100%
23.66666666666667,24.370424893408444,0.7037582267417726,0.7037582267417726,75-100%
23.66666666666667,25.897219326439625,2.230552659772954,2.230552659772954,75-100%
23.66666666666667,26.523041205584903,2.8563745389182316,2.8563745389182316,75-100%
25.0,27.43679970064435,2.4367997006443503,2.4367997006443503,75-100%
21.0,25.786509453540575,4.7865094535405746,4.7865094535405746,75-100%
29.0,25.56809489614336,-3.4319051038566393,3.4319051038566393,75-100%
25.0,26.982131318219004,1.982131318219004,1.982131318219004,75-100%
23.66666666666667,28.310161153517512,4.643494486850841,4.643494486850841,75-100%
23.66666666666667,27.43679970064435,3.770133033977679,3.770133033977679,75-100%
25.0,28.851295988257334,3.851295988257334,3.851295988257334,75-100%
29.0,26.91766692594802,-2.0823330740519808,2.0823330740519808,75-100%
25.0,28.2560704542229,3.2560704542229004,3.2560704542229004,75-100%
25.0,28.214497820904505,3.214497820904505,3.214497820904505,75-100%
25.0,25.96842771136047,0.9684277113604693,0.9684277113604693,75-100%
25.0,27.239908765101486,2.239908765101486,2.239908765101486,75-100%
25.0,29.769799712597376,4.769799712597376,4.769799712597376,75-100%
25.0,29.1729244985321,4.172924498532101,4.172924498532101,75-100%
25.0,28.77949375772584,3.7794937577258416,3.7794937577258416,75-100%
25.0,28.77949375772584,3.7794937577258416,3.7794937577258416,75-100%
25.0,27.43679970064435,2.4367997006443503,2.4367997006443503,75-100%
21.0,27.595677498540237,6.595677498540237,6.595677498540237,75-100%
21.0,28.330940172180473,7.330940172180473,7.330940172180473,75-100%
25.0,26.91766692594802,1.9176669259480192,1.9176669259480192,75-100%
21.0,25.810349794383566,4.810349794383566,4.810349794383566,75-100%
21.0,29.31658565301536,8.316585653015359,8.316585653015359,75-100%
29.0,26.09517197244625,-2.9048280275537515,2.9048280275537515,75-100%
37.0,28.875830036103835,-8.124169963896165,8.124169963896165,75-100%
37.5,23.052166919273322,-14.447833080726678,14.447833080726678,75-100%
37.5,28.92128168595169,-8.57871831404831,8.57871831404831,75-100%
37.0,29.674861978485392,-7.325138021514608,7.325138021514608,75-100%
37.0,29.06809219389743,-7.9319078061025685,7.9319078061025685,75-100%
32.333333333333336,23.369931281758177,-8.963402051575159,8.963402051575159,75-100%
32.333333333333336,22.938190955522167,-9.395142377811169,9.395142377811169,75-100%
32.333333333333336,21.71436695108773,-10.618966382245606,10.618966382245606,75-100%
37.5,28.77949375772584,-8.720506242274158,8.720506242274158,75-100%
37.5,29.274886375427347,-8.225113624572653,8.225113624572653,75-100%
37.0,29.34669440683676,-7.653305593163239,7.653305593163239,75-100%
37.0,34.92935046025666,-2.070649539743343,2.070649539743343,75-100%
22.0,24.353085821646367,2.353085821646367,2.353085821646367,75-100%
30.0,22.994969182422928,-7.005030817577072,7.005030817577072,75-100%
32.333333333333336,22.938190955522167,-9.395142377811169,9.395142377811169,75-100%
32.333333333333336,22.938190955522167,-9.395142377811169,9.395142377811169,75-100%
32.333333333333336,22.938190955522167,-9.395142377811169,9.395142377811169,75-100%
32.333333333333336,22.938190955522167,-9.395142377811169,9.395142377811169,75-100%
32.333333333333336,23.39413414780665,-8.939199185526686,8.939199185526686,75-100%
37.5,24.976748280247033,-12.523251719752967,12.523251719752967,75-100%
37.5,25.115937433009595,-12.384062566990405,12.384062566990405,75-100%
37.0,34.92935046025666,-2.070649539743343,2.070649539743343,75-100%
22.0,24.06825966555767,2.068259665557669,2.068259665557669,75-100%
30.0,22.994969182422928,-7.005030817577072,7.005030817577072,75-100%
30.0,22.938190955522167,-7.061809044477833,7.061809044477833,75-100%
32.333333333333336,22.938190955522167,-9.395142377811169,9.395142377811169,75-100%
32.333333333333336,22.938190955522167,-9.395142377811169,9.395142377811169,75-100%
32.333333333333336,22.669260263552623,-9.664073069780713,9.664073069780713,75-100%
32.333333333333336,25.115937433009595,-7.217395900323741,7.217395900323741,75-100%
32.333333333333336,25.115937433009595,-7.217395900323741,7.217395900323741,75-100%
37.5,27.727811927442854,-9.772188072557146,9.772188072557146,75-100%
37.0,27.881741886641926,-9.118258113358074,9.118258113358074,75-100%
22.0,21.888410507682323,-0.11158949231767679,0.11158949231767679,75-100%
30.0,22.383246917805124,-7.616753082194876,7.616753082194876,75-100%
30.0,22.0465024205778,-7.953497579422201,7.953497579422201,75-100%
32.333333333333336,22.938190955522167,-9.395142377811169,9.395142377811169,75-100%
32.333333333333336,23.31602991469336,-9.017303418639976,9.017303418639976,75-100%
32.333333333333336,25.115937433009595,-7.217395900323741,7.217395900323741,75-100%
37.5,27.881741886641926,-9.618258113358074,9.618258113358074,75-100%
37.5,26.695929314621353,-10.804070685378647,10.804070685378647,75-100%
22.0,21.930728225368977,-0.06927177463102296,0.06927177463102296,75-100%
30.0,22.188230156272944,-7.811769843727056,7.811769843727056,75-100%
30.0,21.828601724914677,-8.171398275085323,8.171398275085323,75-100%
30.0,29.629226551285438,-0.3707734487145622,0.3707734487145622,75-100%
38.0,29.12371670927992,-8.876283290720082,8.876283290720082,75-100%
22.0,24.176195496081416,2.176195496081416,2.176195496081416,75-100%
22.0,22.040124920927845,0.0401249209278447,0.0401249209278447,75-100%
22.0,22.149824958315335,0.14982495831533527,0.14982495831533527,75-100%
24.0,36.59159853711233,12.591598537112333,12.591598537112333,75-100%
24.0,38.10710487916675,14.107104879166748,14.107104879166748,75-100%
24.0,39.58869367452543,15.58869367452543,15.58869367452543,75-100%
32.0,38.72045475631241,6.720454756312407,6.720454756312407,75-100%
22.66666666666667,38.577457234808,15.91079056814133,15.91079056814133,75-100%
24.0,37.619006009320934,13.619006009320934,13.619006009320934,75-100%
24.0,37.564366831434555,13.564366831434555,13.564366831434555,75-100%
22.66666666666667,37.619006009320934,14.952339342654263,14.952339342654263,75-100%
22.66666666666667,38.62852971363763,15.961863046970961,15.961863046970961,75-100%
22.66666666666667,38.474204097489995,15.807537430823324,15.807537430823324,75-100%
24.0,39.7089817418038,15.708981741803797,15.708981741803797,75-100%
20.0,30.872205147224573,10.872205147224573,10.872205147224573,75-100%
20.0,30.468809415596308,10.468809415596308,10.468809415596308,75-100%
22.66666666666667,30.81426576719607,8.147599100529398,8.147599100529398,75-100%
22.66666666666667,30.731265923814455,8.064599257147783,8.064599257147783,75-100%
22.66666666666667,38.99571616506112,16.329049498394447,16.329049498394447,75-100%
22.66666666666667,38.99571616506112,16.329049498394447,16.329049498394447,75-100%
22.66666666666667,38.11180546295859,15.445138796291921,15.445138796291921,75-100%
24.0,39.7089817418038,15.708981741803797,15.708981741803797,75-100%
16.0,38.48631952356006,22.486319523560063,22.486319523560063,75-100%
16.0,38.39016395799075,22.39016395799075,22.39016395799075,75-100%
20.0,30.04358683059822,10.043586830598219,10.043586830598219,75-100%
20.0,30.77913605229529,10.77913605229529,10.77913605229529,75-100%
22.66666666666667,30.77913605229529,8.112469385628618,8.112469385628618,75-100%
22.66666666666667,29.555510876727215,6.888844210060544,6.888844210060544,75-100%
22.66666666666667,29.555510876727215,6.888844210060544,6.888844210060544,75-100%
22.66666666666667,39.090580720686795,16.423914054020123,16.423914054020123,75-100%
22.66666666666667,38.99571616506112,16.329049498394447,16.329049498394447,75-100%
16.0,39.7089817418038,23.708981741803797,23.708981741803797,75-100%
20.0,30.043816523030824,10.043816523030824,10.043816523030824,75-100%
20.0,29.43388813913279,9.43388813913279,9.43388813913279,75-100%
20.0,29.96020097856033,9.96020097856033,9.96020097856033,75-100%
18.0,30.197597592919717,12.197597592919717,12.197597592919717,75-100%
18.0,30.945072293203204,12.945072293203204,12.945072293203204,75-100%
18.0,29.555510876727215,11.555510876727215,11.555510876727215,75-100%
18.0,36.92160091975333,18.92160091975333,18.92160091975333,75-100%
16.0,38.99571616506112,22.99571616506112,22.99571616506112,75-100%
20.0,29.2884508394868,9.2884508394868,9.2884508394868,75-100%
20.0,29.216780627236783,9.216780627236783,9.216780627236783,75-100%
16.0,29.216780627236783,13.216780627236783,13.216780627236783,75-100%
43.0,32.854582656829734,-10.145417343170266,10.145417343170266,75-100%
43.0,32.854582656829734,-10.145417343170266,10.145417343170266,75-100%
43.0,33.00876297129575,-9.991237028704248,9.991237028704248,75-100%
43.0,33.00876297129575,-9.991237028704248,9.991237028704248,75-100%
43.0,36.44432585807631,-6.555674141923689,6.555674141923689,75-100%
43.0,36.19227505292383,-6.807724947076167,6.807724947076167,75-100%
43.0,33.00876297129575,-9.991237028704248,9.991237028704248,75-100%
43.0,33.00876297129575,-9.991237028704248,9.991237028704248,75-100%
43.0,32.966073795049724,-10.033926204950276,10.033926204950276,75-100%
43.0,32.966073795049724,-10.033926204950276,10.033926204950276,75-100%
43.0,28.714596851595182,-14.285403148404818,14.285403148404818,75-100%
43.0,36.44432585807631,-6.555674141923689,6.555674141923689,75-100%
43.0,36.44432585807631,-6.555674141923689,6.555674141923689,75-100%
43.0,36.44432585807631,-6.555674141923689,6.555674141923689,75-100%
43.0,32.854582656829734,-10.145417343170266,10.145417343170266,75-100%
43.0,33.00876297129575,-9.991237028704248,9.991237028704248,75-100%
43.0,32.966073795049724,-10.033926204950276,10.033926204950276,75-100%
43.0,32.966073795049724,-10.033926204950276,10.033926204950276,75-100%
43.0,31.117704205636212,-11.882295794363788,11.882295794363788,75-100%
43.0,36.44432585807631,-6.555674141923689,6.555674141923689,75-100%
43.0,36.44432585807631,-6.555674141923689,6.555674141923689,75-100%
43.0,36.19227505292383,-6.807724947076167,6.807724947076167,75-100%
43.0,32.90313994973746,-10.096860050262542,10.096860050262542,75-100%
43.0,32.966073795049724,-10.033926204950276,10.033926204950276,75-100%
43.0,33.00876297129575,-9.991237028704248,9.991237028704248,75-100%
43.0,33.00876297129575,-9.991237028704248,9.991237028704248,75-100%
43.0,36.44432585807631,-6.555674141923689,6.555674141923689,75-100%
43.0,36.44432585807631,-6.555674141923689,6.555674141923689,75-100%
43.0,31.554102108534828,-11.445897891465172,11.445897891465172,75-100%
43.0,32.710666432829974,-10.289333567170026,10.289333567170026,75-100%
43.0,33.00876297129575,-9.991237028704248,9.991237028704248,75-100%
43.0,31.90281774253805,-11.097182257461949,11.097182257461949,75-100%
43.0,31.33536481373723,-11.664635186262771,11.664635186262771,75-100%
43.0,35.22665811868396,-7.773341881316043,7.773341881316043,75-100%
43.0,31.90281774253805,-11.097182257461949,11.097182257461949,75-100%
43.0,31.554102108534828,-11.445897891465172,11.445897891465172,75-100%
43.0,31.554102108534828,-11.445897891465172,11.445897891465172,75-100%
43.0,28.751942694677652,-14.248057305322348,14.248057305322348,75-100%
19.0,38.54435138409163,19.544351384091627,19.544351384091627,75-100%
19.0,40.86987882078719,21.869878820787193,21.869878820787193,75-100%
19.0,40.86987882078719,21.869878820787193,21.869878820787193,75-100%
19.0,40.86987882078719,21.869878820787193,21.869878820787193,75-100%
19.0,28.11632929502705,9.11632929502705,9.11632929502705,75-100%
19.0,39.819745941356686,20.819745941356686,20.819745941356686,75-100%
19.0,40.86987882078719,21.869878820787193,21.869878820787193,75-100%
19.0,39.836014354202504,20.836014354202504,20.836014354202504,75-100%
19.0,39.836014354202504,20.836014354202504,20.836014354202504,75-100%
19.0,24.96260190004924,5.96260190004924,5.96260190004924,75-100%
19.0,28.13919585871113,9.13919585871113,9.13919585871113,75-100%
19.0,39.819745941356686,20.819745941356686,20.819745941356686,75-100%
19.0,40.86987882078719,21.869878820787193,21.869878820787193,75-100%
19.0,40.86987882078719,21.869878820787193,21.869878820787193,75-100%
19.0,26.46012344954914,7.46012344954914,7.46012344954914,75-100%
19.0,25.17904526517644,6.179045265176441,6.179045265176441,75-100%
19.0,24.96260190004924,5.96260190004924,5.96260190004924,75-100%
19.0,39.819745941356686,20.819745941356686,20.819745941356686,75-100%
19.0,39.819745941356686,20.819745941356686,20.819745941356686,75-100%
19.0,43.73132976021532,24.731329760215317,24.731329760215317,75-100%
19.0,27.389562657108925,8.389562657108925,8.389562657108925,75-100%
19.0,26.46012344954914,7.46012344954914,7.46012344954914,75-100%
19.0,24.934939419991608,5.934939419991608,5.934939419991608,75-100%
19.0,43.73132976021532,24.731329760215317,24.731329760215317,75-100%
19.0,27.331304819345128,8.331304819345128,8.331304819345128,75-100%
19.0,27.353554862588574,8.353554862588574,8.353554862588574,75-100%
19.0,26.866770798267872,7.866770798267872,7.866770798267872,75-100%
19.0,27.353554862588574,8.353554862588574,8.353554862588574,75-100%
19.0,43.73132976021532,24.731329760215317,24.731329760215317,75-100%
19.0,43.73132976021532,24.731329760215317,24.731329760215317,75-100%
19.0,43.73132976021532,24.731329760215317,24.731329760215317,75-100%
24.0,28.895644181223012,4.8956441812230125,4.8956441812230125,75-100%
24.0,28.951034833383908,4.951034833383908,4.951034833383908,75-100%
24.0,28.951034833383908,4.951034833383908,4.951034833383908,75-100%
24.0,28.951034833383908,4.951034833383908,4.951034833383908,75-100%
24.0,28.897116935811766,4.897116935811766,4.897116935811766,75-100%
24.0,28.87218400562787,4.872184005627869,4.872184005627869,75-100%
24.0,28.943039129898672,4.943039129898672,4.943039129898672,75-100%
24.0,28.99851759542463,4.99851759542463,4.99851759542463,75-100%
24.0,29.38645510714747,5.386455107147469,5.386455107147469,75-100%
24.0,28.943039129898672,4.943039129898672,4.943039129898672,75-100%
24.0,28.91954176180112,4.919541761801121,4.919541761801121,75-100%
24.0,28.91954176180112,4.919541761801121,4.919541761801121,75-100%
24.0,28.943039129898672,4.943039129898672,4.943039129898672,75-100%
24.0,29.38645510714747,5.386455107147469,5.386455107147469,75-100%
24.0,28.91954176180112,4.919541761801121,4.919541761801121,75-100%
24.0,28.9810655010373,4.9810655010373,4.9810655010373,75-100%
24.0,28.9810655010373,4.9810655010373,4.9810655010373,75-100%
24.0,27.24332525394478,3.2433252539447786,3.2433252539447786,75-100%
24.0,28.974976691401405,4.974976691401405,4.974976691401405,75-100%
24.0,28.91954176180112,4.919541761801121,4.919541761801121,75-100%
24.0,28.372461395041867,4.372461395041867,4.372461395041867,75-100%
24.0,26.399928700302436,2.3999287003024357,2.3999287003024357,75-100%
24.0,26.695657372164455,2.6956573721644546,2.6956573721644546,75-100%
24.0,28.974976691401405,4.974976691401405,4.974976691401405,75-100%
24.0,28.91954176180112,4.919541761801121,4.919541761801121,75-100%
28.0,28.090423596629755,0.09042359662975485,0.09042359662975485,75-100%
28.0,25.482570939796364,-2.5174290602036358,2.5174290602036358,75-100%
28.0,28.217828409639193,0.2178284096391927,0.2178284096391927,75-100%
28.0,28.824280019700577,0.8242800197005771,0.8242800197005771,75-100%
28.0,27.53307121849869,-0.46692878150130923,0.46692878150130923,75-100%
28.0,27.53307121849869,-0.46692878150130923,0.46692878150130923,75-100%
32.0,26.255680224910336,-5.744319775089664,5.744319775089664,75-100%
32.0,25.24327780944327,-6.756722190556729,6.756722190556729,75-100%
32.0,28.650504995377325,-3.349495004622675,3.349495004622675,75-100%
32.0,26.255680224910336,-5.744319775089664,5.744319775089664,75-100%
32.0,27.18857664643987,-4.81142335356013,4.81142335356013,75-100%
32.0,27.621956490612924,-4.378043509387076,4.378043509387076,75-100%
32.0,28.846650213158878,-3.1533497868411224,3.1533497868411224,75-100%
32.0,25.24327780944327,-6.756722190556729,6.756722190556729,75-100%
32.0,25.24327780944327,-6.756722190556729,6.756722190556729,75-100%
32.0,26.739577815087326,-5.260422184912674,5.260422184912674,75-100%
32.0,28.846650213158878,-3.1533497868411224,3.1533497868411224,75-100%
32.0,28.78540230571795,-3.2145976942820518,3.2145976942820518,75-100%
32.0,28.217828409639193,-3.7821715903608073,3.7821715903608073,75-100%
32.0,22.878982342459047,-9.121017657540953,9.121017657540953,75-100%
32.0,28.817171730120588,-3.182828269879412,3.182828269879412,75-100%
32.0,29.22648389445858,-2.7735161055414217,2.7735161055414217,75-100%
32.0,26.16577099745868,-5.834229002541321,5.834229002541321,75-100%
32.0,25.748346162261214,-6.251653837738786,6.251653837738786,75-100%
32.0,28.846650213158878,-3.1533497868411224,3.1533497868411224,75-100%
32.0,28.762028640844623,-3.2379713591553774,3.2379713591553774,75-100%
32.0,26.16577099745868,-5.834229002541321,5.834229002541321,75-100%
32.0,26.16577099745868,-5.834229002541321,5.834229002541321,75-100%
13.0,26.772543666448122,13.772543666448122,13.772543666448122,50-75%
13.0,26.807813601752372,13.807813601752372,13.807813601752372,50-75%
13.0,25.73030588629825,12.73030588629825,12.73030588629825,50-75%
13.0,25.542904708403558,12.542904708403558,12.542904708403558,50-75%
13.0,26.750749563361097,13.750749563361097,13.750749563361097,50-75%
13.0,27.183817536716237,14.183817536716237,14.183817536716237,50-75%
13.0,27.183817536716237,14.183817536716237,14.183817536716237,50-75%
13.0,26.786971525154804,13.786971525154804,13.786971525154804,50-75%
13.0,26.781396312169015,13.781396312169015,13.781396312169015,50-75%
14.0,27.05882173995423,13.05882173995423,13.05882173995423,50-75%
13.5,27.474335001927972,13.974335001927972,13.974335001927972,50-75%
13.5,27.088749575306096,13.588749575306096,13.588749575306096,50-75%
13.0,26.82965252018871,13.82965252018871,13.82965252018871,50-75%
13.0,26.82965252018871,13.82965252018871,13.82965252018871,50-75%
13.0,27.301968811559536,14.301968811559536,14.301968811559536,50-75%
14.0,26.622113341401167,12.622113341401167,12.622113341401167,50-75%
14.0,27.110809127334846,13.110809127334846,13.110809127334846,50-75%
13.5,27.05882173995423,13.55882173995423,13.55882173995423,50-75%
13.5,26.864582275892314,13.364582275892314,13.364582275892314,50-75%
13.5,27.088749575306096,13.588749575306096,13.588749575306096,50-75%
13.5,27.05882173995423,13.55882173995423,13.55882173995423,50-75%
13.0,27.183817536716237,14.183817536716237,14.183817536716237,50-75%
13.0,26.729950256507173,13.729950256507173,13.729950256507173,50-75%
13.0,26.209779356036446,13.209779356036446,13.209779356036446,50-75%
13.0,26.63613483042503,13.636134830425028,13.636134830425028,50-75%
14.0,26.64380641979062,12.643806419790621,12.643806419790621,50-75%
14.0,26.194415856278628,12.194415856278628,12.194415856278628,50-75%
14.0,27.088749575306096,13.088749575306096,13.088749575306096,50-75%
13.5,27.036802984277923,13.536802984277923,13.536802984277923,50-75%
13.5,27.110809127334846,13.610809127334846,13.610809127334846,50-75%
13.5,27.474335001927972,13.974335001927972,13.974335001927972,50-75%
13.5,27.05882173995423,13.55882173995423,13.55882173995423,50-75%
13.0,26.82400063778904,13.824000637789041,13.824000637789041,50-75%
13.0,26.82400063778904,13.824000637789041,13.824000637789041,50-75%
13.0,26.82400063778904,13.824000637789041,13.824000637789041,50-75%
14.0,26.622113341401167,12.622113341401167,12.622113341401167,50-75%
14.0,26.36239937003854,12.362399370038538,12.362399370038538,50-75%
14.0,26.622113341401167,12.622113341401167,12.622113341401167,50-75%
13.5,27.036802984277923,13.536802984277923,13.536802984277923,50-75%
13.5,27.036802984277923,13.536802984277923,13.536802984277923,50-75%
13.5,27.889482493003648,14.389482493003648,14.389482493003648,50-75%
13.5,27.94300892870037,14.443008928700369,14.443008928700369,50-75%
13.0,28.018178698272777,15.018178698272777,15.018178698272777,50-75%
32.0,26.34029090898293,-5.659709091017071,5.659709091017071,75-100%
32.0,26.34029090898293,-5.659709091017071,5.659709091017071,75-100%
23.0,26.622113341401167,3.6221133414011675,3.6221133414011675,75-100%
23.0,26.194415856278628,3.194415856278628,3.194415856278628,75-100%
23.0,26.333245442022516,3.333245442022516,3.333245442022516,75-100%
23.0,27.474335001927972,4.474335001927972,4.474335001927972,75-100%
14.0,27.088749575306096,13.088749575306096,13.088749575306096,50-75%
14.0,27.889482493003648,13.889482493003648,13.889482493003648,50-75%
32.0,26.34029090898293,-5.659709091017071,5.659709091017071,75-100%
32.0,26.08322674294974,-5.916773257050259,5.916773257050259,75-100%
32.0,26.147464579303918,-5.852535420696082,5.852535420696082,75-100%
23.0,26.36239937003854,3.3623993700385384,3.3623993700385384,75-100%
23.0,26.36239937003854,3.3623993700385384,3.3623993700385384,75-100%
23.0,26.723525388005662,3.723525388005662,3.723525388005662,75-100%
23.0,26.723525388005662,3.723525388005662,3.723525388005662,75-100%
14.0,27.920296319880066,13.920296319880066,13.920296319880066,50-75%
14.0,27.866811888281763,13.866811888281763,13.866811888281763,50-75%
32.0,24.30305951935309,-7.696940480646909,7.696940480646909,75-100%
32.0,26.04812987522077,-5.95187012477923,5.95187012477923,75-100%
32.0,26.186212659773645,-5.813787340226355,5.813787340226355,75-100%
32.0,24.147718725241617,-7.852281274758383,7.852281274758383,75-100%
32.0,24.27609976462412,-7.723900235375879,7.723900235375879,75-100%
23.0,24.536644611839773,1.5366446118397725,1.5366446118397725,75-100%
23.0,27.05317386527041,4.053173865270409,4.053173865270409,75-100%
23.0,27.470116458906613,4.470116458906613,4.470116458906613,75-100%
32.0,35.14077619563578,3.1407761956357803,3.1407761956357803,75-100%
32.0,34.93427397594318,2.934273975943178,2.934273975943178,75-100%
32.0,26.236583276973978,-5.7634167230260225,5.7634167230260225,75-100%
32.0,24.27609976462412,-7.723900235375879,7.723900235375879,75-100%
32.0,24.289230718721804,-7.710769281278196,7.710769281278196,75-100%
32.0,24.308199323603986,-7.691800676396014,7.691800676396014,75-100%
32.0,24.308199323603986,-7.691800676396014,7.691800676396014,75-100%
32.0,23.210102104249884,-8.789897895750116,8.789897895750116,75-100%
32.0,26.236583276973978,-5.7634167230260225,5.7634167230260225,75-100%
32.0,24.65040467166937,-7.349595328330629,7.349595328330629,75-100%
32.0,24.256264709883578,-7.7437352901164225,7.7437352901164225,75-100%
32.0,24.237335030219057,-7.762664969780943,7.762664969780943,75-100%
32.0,24.30305951935309,-7.696940480646909,7.696940480646909,75-100%
32.0,22.78917576869382,-9.21082423130618,9.21082423130618,75-100%
32.0,26.186212659773645,-5.813787340226355,5.813787340226355,75-100%
32.0,24.65040467166937,-7.349595328330629,7.349595328330629,75-100%
32.0,24.697929743694644,-7.302070256305356,7.302070256305356,75-100%
32.0,23.160420880989435,-8.839579119010565,8.839579119010565,75-100%
29.0,23.74570894667665,-5.25429105332335,5.25429105332335,75-100%
29.0,24.09322027578695,-4.906779724213049,4.906779724213049,75-100%
29.0,23.67550229596837,-5.324497704031629,5.324497704031629,75-100%
29.0,25.073178893622185,-3.9268211063778153,3.9268211063778153,75-100%
29.0,25.48006731718012,-3.5199326828198814,3.5199326828198814,75-100%
29.0,25.517123985444933,-3.4828760145550675,3.4828760145550675,75-100%
29.0,25.43240702958868,-3.5675929704113187,3.5675929704113187,75-100%
29.0,24.060579093495452,-4.939420906504548,4.939420906504548,75-100%
26.5,24.060579093495452,-2.439420906504548,2.439420906504548,75-100%
26.5,25.534518443789906,-0.9654815562100936,0.9654815562100936,75-100%
26.5,25.534518443789906,-0.9654815562100936,0.9654815562100936,75-100%
26.5,25.093655513445253,-1.4063444865547474,1.4063444865547474,75-100%
26.5,25.073178893622185,-1.4268211063778153,1.4268211063778153,75-100%
29.0,25.82383528585943,-3.176164714140569,3.176164714140569,75-100%
29.0,24.060579093495452,-4.939420906504548,4.939420906504548,75-100%
26.5,25.48006731718012,-1.0199326828198814,1.0199326828198814,75-100%
26.5,25.48006731718012,-1.0199326828198814,1.0199326828198814,75-100%
26.5,25.093655513445253,-1.4063444865547474,1.4063444865547474,75-100%
26.5,25.073178893622185,-1.4268211063778153,1.4268211063778153,75-100%
26.5,25.43240702958868,-1.0675929704113187,1.0675929704113187,75-100%
26.5,25.43240702958868,-1.0675929704113187,1.0675929704113187,75-100%
24.0,25.561071504861548,1.5610715048615482,1.5610715048615482,75-100%
26.5,25.073178893622185,-1.4268211063778153,1.4268211063778153,75-100%
26.5,25.093655513445253,-1.4063444865547474,1.4063444865547474,75-100%
26.5,25.093655513445253,-1.4063444865547474,1.4063444865547474,75-100%
26.5,25.121487281762974,-1.378512718237026,1.378512718237026,75-100%
26.5,25.522410871279934,-0.9775891287200658,0.9775891287200658,75-100%
26.5,25.319466303464104,-1.1805336965358961,1.1805336965358961,75-100%
26.5,25.623891388951577,-0.8761086110484229,0.8761086110484229,75-100%
24.0,23.67550229596837,-0.3244977040316286,0.3244977040316286,75-100%
26.5,27.043526996613572,0.5435269966135721,0.5435269966135721,75-100%
26.5,25.073178893622185,-1.4268211063778153,1.4268211063778153,75-100%
26.5,25.073178893622185,-1.4268211063778153,1.4268211063778153,75-100%
26.5,25.073178893622185,-1.4268211063778153,1.4268211063778153,75-100%
26.5,25.073178893622185,-1.4268211063778153,1.4268211063778153,75-100%
24.0,29.858801737221377,5.858801737221377,5.858801737221377,75-100%
24.0,25.093655513445253,1.0936555134452526,1.0936555134452526,75-100%
24.0,25.073178893622185,1.0731788936221847,1.0731788936221847,75-100%
24.0,25.073178893622185,1.0731788936221847,1.0731788936221847,75-100%
24.0,29.463322586830287,5.463322586830287,5.463322586830287,75-100%
24.0,29.487247014216106,5.487247014216106,5.487247014216106,75-100%
24.0,29.463322586830287,5.463322586830287,5.463322586830287,75-100%
24.0,24.060579093495452,0.060579093495451986,0.060579093495451986,75-100%
24.0,29.93872197538448,5.938721975384482,5.938721975384482,75-100%
24.0,29.93872197538448,5.938721975384482,5.938721975384482,75-100%
24.0,29.487247014216106,5.487247014216106,5.487247014216106,75-100%
15.0,30.14045395220445,15.14045395220445,15.14045395220445,50-75%
15.0,31.4847270767002,16.4847270767002,16.4847270767002,50-75%
15.0,31.424650681074578,16.424650681074578,16.424650681074578,50-75%
15.0,30.14108772019529,15.14108772019529,15.14108772019529,50-75%
15.0,30.972709057533756,15.972709057533756,15.972709057533756,50-75%
15.0,30.979062481932658,15.979062481932658,15.979062481932658,50-75%
15.0,31.4847270767002,16.4847270767002,16.4847270767002,50-75%
15.0,31.424650681074578,16.424650681074578,16.424650681074578,50-75%
15.0,30.692961345743814,15.692961345743814,15.692961345743814,50-75%
19.0,28.267605322195635,9.267605322195635,9.267605322195635,75-100%
19.0,30.545949636507068,11.545949636507068,11.545949636507068,75-100%
19.0,38.27774643871259,19.27774643871259,19.27774643871259,75-100%
19.0,38.05332010707512,19.053320107075123,19.053320107075123,75-100%
15.0,30.180635561487268,15.180635561487268,15.180635561487268,50-75%
15.0,30.180635561487268,15.180635561487268,15.180635561487268,50-75%
15.0,28.520809379209155,13.520809379209155,13.520809379209155,50-75%
15.0,31.51684281473201,16.51684281473201,16.51684281473201,50-75%
15.0,30.831764268312384,15.831764268312384,15.831764268312384,50-75%
15.0,31.492471300366958,16.492471300366958,16.492471300366958,50-75%
19.0,28.087925349146772,9.087925349146772,9.087925349146772,75-100%
19.0,28.267605322195635,9.267605322195635,9.267605322195635,75-100%
19.0,30.74092351909767,11.74092351909767,11.74092351909767,75-100%
19.0,30.824707084864084,11.824707084864084,11.824707084864084,75-100%
19.0,30.395109087702554,11.395109087702554,11.395109087702554,75-100%
15.0,30.093328136802295,15.093328136802295,15.093328136802295,50-75%
15.0,30.174303132966557,15.174303132966557,15.174303132966557,50-75%
15.0,28.007549002977274,13.007549002977274,13.007549002977274,50-75%
15.0,31.303149714504226,16.303149714504226,16.303149714504226,50-75%
15.0,28.694074991747925,13.694074991747925,13.694074991747925,50-75%
15.0,29.710431805147635,14.710431805147635,14.710431805147635,50-75%
15.0,30.182583425895853,15.182583425895853,15.182583425895853,50-75%
19.0,40.486783377150076,21.486783377150076,21.486783377150076,75-100%
19.0,28.267605322195635,9.267605322195635,9.267605322195635,75-100%
19.0,29.722810565221966,10.722810565221966,10.722810565221966,75-100%
19.0,30.824707084864084,11.824707084864084,11.824707084864084,75-100%
19.0,30.765851312765843,11.765851312765843,11.765851312765843,75-100%
19.0,30.395109087702554,11.395109087702554,11.395109087702554,75-100%
15.0,28.46023012533892,13.46023012533892,13.46023012533892,50-75%
15.0,28.084117534077233,13.084117534077233,13.084117534077233,50-75%
15.0,28.030330135855483,13.030330135855483,13.030330135855483,50-75%
15.0,29.22126386439654,14.22126386439654,14.22126386439654,50-75%
15.0,31.51684281473201,16.51684281473201,16.51684281473201,50-75%
19.0,38.206325498081995,19.206325498081995,19.206325498081995,75-100%
19.0,38.05332010707512,19.053320107075123,19.053320107075123,75-100%
19.0,30.74092351909767,11.74092351909767,11.74092351909767,75-100%
19.5,30.975433457229723,11.475433457229723,11.475433457229723,75-100%
19.5,30.602245179334197,11.102245179334197,11.102245179334197,75-100%
20.0,26.03399391108062,6.033993911080621,6.033993911080621,75-100%
17.5,26.551304919769816,9.051304919769816,9.051304919769816,75-100%
17.5,26.917302288385105,9.417302288385105,9.417302288385105,75-100%
15.0,27.477144470926696,12.477144470926696,12.477144470926696,50-75%
15.0,26.43714740685276,11.437147406852759,11.437147406852759,50-75%
19.0,31.4847270767002,12.4847270767002,12.4847270767002,75-100%
19.0,31.930657833246816,12.930657833246816,12.930657833246816,75-100%
19.0,38.05332010707512,19.053320107075123,19.053320107075123,75-100%
19.5,30.975433457229723,11.475433457229723,11.475433457229723,75-100%
19.5,31.448946450112064,11.948946450112064,11.948946450112064,75-100%
20.0,26.513955680461645,6.513955680461645,6.513955680461645,75-100%
20.0,26.325773032183278,6.325773032183278,6.325773032183278,75-100%
17.5,25.425427635204805,7.925427635204805,7.925427635204805,75-100%
19.0,31.51684281473201,12.516842814732009,12.516842814732009,75-100%
19.0,31.424650681074578,12.424650681074578,12.424650681074578,75-100%
19.0,29.93398674927263,10.93398674927263,10.93398674927263,75-100%
19.0,29.93398674927263,10.93398674927263,10.93398674927263,75-100%
19.0,29.93398674927263,10.93398674927263,10.93398674927263,75-100%
19.0,30.74092351909767,11.74092351909767,11.74092351909767,75-100%
19.0,30.38625682514185,11.38625682514185,11.38625682514185,75-100%
19.5,30.975433457229723,11.475433457229723,11.475433457229723,75-100%
19.5,30.975433457229723,11.475433457229723,11.475433457229723,75-100%
19.5,31.448946450112064,11.948946450112064,11.948946450112064,75-100%
20.0,29.249541585426087,9.249541585426087,9.249541585426087,75-100%
20.0,28.86335201997571,8.86335201997571,8.86335201997571,75-100%
20.0,28.06719740584882,8.06719740584882,8.06719740584882,75-100%
19.0,29.458660121435575,10.458660121435575,10.458660121435575,75-100%
19.0,29.93398674927263,10.93398674927263,10.93398674927263,75-100%
19.0,29.93398674927263,10.93398674927263,10.93398674927263,75-100%
19.0,29.93398674927263,10.93398674927263,10.93398674927263,75-100%
20.0,30.950341196996423,10.950341196996423,10.950341196996423,75-100%
20.0,28.808123526092317,8.808123526092317,8.808123526092317,75-100%
20.0,28.808123526092317,8.808123526092317,8.808123526092317,75-100%
20.0,29.249541585426087,9.249541585426087,9.249541585426087,75-100%
17.5,29.249541585426087,11.749541585426087,11.749541585426087,75-100%
17.5,28.808123526092317,11.308123526092317,11.308123526092317,75-100%
17.0,28.007549002977274,11.007549002977274,11.007549002977274,75-100%
19.0,28.007549002977274,9.007549002977274,9.007549002977274,75-100%
19.0,28.007549002977274,9.007549002977274,9.007549002977274,75-100%
19.0,28.06129419231403,9.06129419231403,9.06129419231403,75-100%
19.0,29.458660121435575,10.458660121435575,10.458660121435575,75-100%
19.0,29.515093929579873,10.515093929579873,10.515093929579873,75-100%
19.0,30.299283619096084,11.299283619096084,11.299283619096084,75-100%
19.0,29.458660121435575,10.458660121435575,10.458660121435575,75-100%
20.0,28.784732031069,8.784732031069002,8.784732031069002,75-100%
20.0,28.808123526092317,8.808123526092317,8.808123526092317,75-100%
19.666666666666668,28.86335201997571,9.196685353309043,9.196685353309043,75-100%
19.666666666666668,28.784732031069,9.118065364402334,9.118065364402334,75-100%
19.666666666666668,28.784732031069,9.118065364402334,9.118065364402334,75-100%
19.5,28.808123526092317,9.308123526092317,9.308123526092317,75-100%
17.0,28.007549002977274,11.007549002977274,11.007549002977274,75-100%
19.0,28.784732031069,9.784732031069002,9.784732031069002,75-100%
19.0,29.713967229564236,10.713967229564236,10.713967229564236,75-100%
19.0,29.515093929579873,10.515093929579873,10.515093929579873,75-100%
19.0,29.458660121435575,10.458660121435575,10.458660121435575,75-100%
19.0,29.458660121435575,10.458660121435575,10.458660121435575,75-100%
20.0,28.784732031069,8.784732031069002,8.784732031069002,75-100%
19.666666666666668,28.808123526092317,9.141456859425649,9.141456859425649,75-100%
19.666666666666668,28.784732031069,9.118065364402334,9.118065364402334,75-100%
19.5,28.007549002977274,8.507549002977274,8.507549002977274,75-100%
19.5,28.784732031069,9.284732031069002,9.284732031069002,75-100%
19.33333333333333,28.784732031069,9.451398697735673,9.451398697735673,75-100%
17.0,28.784732031069,11.784732031069002,11.784732031069002,75-100%
19.0,28.784732031069,9.784732031069002,9.784732031069002,75-100%
19.0,28.46023012533892,9.46023012533892,9.46023012533892,75-100%
19.0,29.482580887145474,10.482580887145474,10.482580887145474,75-100%
19.0,29.482580887145474,10.482580887145474,10.482580887145474,75-100%
19.5,35.95756201633082,16.45756201633082,16.45756201633082,75-100%
19.5,28.784732031069,9.284732031069002,9.284732031069002,75-100%
19.5,31.060711632161794,11.560711632161794,11.560711632161794,75-100%
19.5,38.26043586858404,18.76043586858404,18.76043586858404,75-100%
19.5,31.060711632161794,11.560711632161794,11.560711632161794,75-100%
19.5,33.844455719365016,14.344455719365016,14.344455719365016,75-100%
19.5,28.784732031069,9.284732031069002,9.284732031069002,75-100%
15.0,28.808123526092317,13.808123526092317,13.808123526092317,50-75%
19.0,28.808123526092317,9.808123526092317,9.808123526092317,75-100%
19.0,28.46023012533892,9.46023012533892,9.46023012533892,75-100%
24.0,28.030330135855483,4.030330135855483,4.030330135855483,75-100%
19.5,28.06129419231403,8.56129419231403,8.56129419231403,75-100%
19.5,28.007549002977274,8.507549002977274,8.507549002977274,75-100%
19.5,28.06129419231403,8.56129419231403,8.56129419231403,75-100%
19.5,28.06129419231403,8.56129419231403,8.56129419231403,75-100%
19.5,28.303570537888007,8.803570537888007,8.803570537888007,75-100%
19.5,28.808123526092317,9.308123526092317,9.308123526092317,75-100%
15.0,28.808123526092317,13.808123526092317,13.808123526092317,50-75%
19.5,28.46023012533892,8.96023012533892,8.96023012533892,75-100%
19.5,28.47579737904322,8.975797379043222,8.975797379043222,75-100%
19.5,28.06129419231403,8.56129419231403,8.56129419231403,75-100%
19.5,28.030330135855483,8.530330135855483,8.530330135855483,75-100%
24.0,25.958525504240896,1.958525504240896,1.958525504240896,75-100%
24.0,25.958525504240896,1.958525504240896,1.958525504240896,75-100%
24.0,28.46023012533892,4.460230125338921,4.460230125338921,75-100%
11.0,35.73831465427136,24.738314654271363,24.738314654271363,50-75%
11.0,28.258682397145186,17.258682397145186,17.258682397145186,50-75%
11.0,28.363881174652906,17.363881174652906,17.363881174652906,50-75%
10.0,26.348824252911356,16.348824252911356,16.348824252911356,50-75%
10.0,27.051645815545793,17.051645815545793,17.051645815545793,50-75%
10.0,37.100172889518745,27.100172889518745,27.100172889518745,50-75%
11.0,37.1070944372301,26.107094437230103,26.107094437230103,50-75%
11.0,28.33487950555559,17.33487950555559,17.33487950555559,50-75%
11.0,28.303623951029913,17.303623951029913,17.303623951029913,50-75%
11.0,28.258682397145186,17.258682397145186,17.258682397145186,50-75%
10.0,26.298246060216858,16.298246060216858,16.298246060216858,50-75%
10.0,26.319684788831125,16.319684788831125,16.319684788831125,50-75%
10.0,26.210176921169356,16.210176921169356,16.210176921169356,50-75%
10.0,26.348824252911356,16.348824252911356,16.348824252911356,50-75%
10.0,35.057778280426,25.057778280426,25.057778280426,50-75%
10.5,37.85208056456871,27.35208056456871,27.35208056456871,50-75%
11.0,42.14993604624104,31.149936046241038,31.149936046241038,50-75%
11.0,27.350839954602655,16.350839954602655,16.350839954602655,50-75%
11.0,28.357917708056387,17.357917708056387,17.357917708056387,50-75%
11.0,28.28062835477188,17.28062835477188,17.28062835477188,50-75%
11.0,28.33487950555559,17.33487950555559,17.33487950555559,50-75%
11.0,28.28062835477188,17.28062835477188,17.28062835477188,50-75%
10.0,37.63023982094582,27.630239820945818,27.630239820945818,50-75%
10.0,27.02963269107267,17.02963269107267,17.02963269107267,50-75%
10.0,26.319684788831125,16.319684788831125,16.319684788831125,50-75%
10.0,26.319684788831125,16.319684788831125,16.319684788831125,50-75%
10.5,42.14993604624104,31.649936046241038,31.649936046241038,50-75%
11.0,28.346776977228462,17.346776977228462,17.346776977228462,50-75%
11.0,28.369824523430893,17.369824523430893,17.369824523430893,50-75%
11.0,26.85423959432875,15.85423959432875,15.85423959432875,50-75%
11.0,28.33487950555559,17.33487950555559,17.33487950555559,50-75%
11.0,28.28062835477188,17.28062835477188,17.28062835477188,50-75%
10.0,42.15205064629917,32.15205064629917,32.15205064629917,50-75%
10.0,26.539141063745927,16.539141063745927,16.539141063745927,50-75%
10.0,27.46705281176874,17.46705281176874,17.46705281176874,50-75%
10.0,26.724252430619785,16.724252430619785,16.724252430619785,50-75%
10.0,26.724252430619785,16.724252430619785,16.724252430619785,50-75%
10.0,26.257500896017856,16.257500896017856,16.257500896017856,50-75%
10.0,39.04652528670039,29.046525286700387,29.046525286700387,50-75%
10.5,42.14993604624104,31.649936046241038,31.649936046241038,50-75%
11.0,42.14993604624104,31.149936046241038,31.149936046241038,50-75%
11.0,28.073506043111802,17.073506043111802,17.073506043111802,50-75%
11.0,27.047930000642584,16.047930000642584,16.047930000642584,50-75%
11.0,27.047930000642584,16.047930000642584,16.047930000642584,50-75%
11.0,28.28062835477188,17.28062835477188,17.28062835477188,50-75%
10.0,42.336697132701715,32.336697132701715,32.336697132701715,50-75%
10.0,28.314867406003593,18.314867406003593,18.314867406003593,50-75%
10.0,28.731984290020137,18.731984290020137,18.731984290020137,50-75%
10.0,26.661147678321232,16.661147678321232,16.661147678321232,50-75%
10.0,26.257500896017856,16.257500896017856,16.257500896017856,50-75%
10.0,27.039651655122213,17.039651655122213,17.039651655122213,50-75%
10.0,39.04652528670039,29.046525286700387,29.046525286700387,50-75%
11.0,31.461118126052842,20.461118126052842,20.461118126052842,50-75%
11.0,27.245751085547603,16.245751085547603,16.245751085547603,50-75%
11.0,25.52760528072535,14.52760528072535,14.52760528072535,50-75%
17.5,28.039237495291054,10.539237495291054,10.539237495291054,75-100%
17.5,28.358364616469764,10.858364616469764,10.858364616469764,75-100%
17.5,28.793122353664174,11.293122353664174,11.293122353664174,75-100%
10.0,26.292116749167796,16.292116749167796,16.292116749167796,50-75%
10.0,26.313550664116164,16.313550664116164,16.313550664116164,50-75%
10.0,26.661147678321232,16.661147678321232,16.661147678321232,50-75%
25.0,42.336697132701715,17.336697132701715,17.336697132701715,75-100%
25.0,42.15205064629917,17.152050646299173,17.152050646299173,75-100%
25.0,38.02026424114068,13.02026424114068,13.02026424114068,75-100%
25.0,28.314867406003593,3.314867406003593,3.314867406003593,75-100%
21.0,25.838433713641084,4.838433713641084,4.838433713641084,75-100%
17.0,26.661147678321232,9.661147678321232,9.661147678321232,75-100%
25.0,41.91245864289435,16.91245864289435,16.91245864289435,75-100%
25.0,28.10811473077623,3.1081147307762294,3.1081147307762294,75-100%
25.0,28.298118713301246,3.298118713301246,3.298118713301246,75-100%
21.0,24.94928090977437,3.9492809097743695,3.9492809097743695,75-100%
17.0,26.718027467800738,9.718027467800738,9.718027467800738,75-100%
17.0,25.837462422847313,8.837462422847313,8.837462422847313,75-100%
25.0,46.41501725582699,21.41501725582699,21.41501725582699,75-100%
25.0,28.298118713301246,3.298118713301246,3.298118713301246,75-100%
21.0,28.039237495291054,7.039237495291054,7.039237495291054,75-100%
21.0,26.286574034101832,5.286574034101832,5.286574034101832,75-100%
21.0,26.21569738231837,5.215697382318371,5.215697382318371,75-100%
21.0,26.661147678321232,5.661147678321232,5.661147678321232,75-100%
17.0,26.661147678321232,9.661147678321232,9.661147678321232,75-100%
17.0,24.495919679263665,7.495919679263665,7.495919679263665,75-100%
17.0,24.089917098085344,7.089917098085344,7.089917098085344,75-100%
25.0,44.596280984781835,19.596280984781835,19.596280984781835,75-100%
25.0,38.02026424114068,13.02026424114068,13.02026424114068,75-100%
25.0,28.38439839922845,3.3843983992284485,3.3843983992284485,75-100%
21.0,28.298118713301246,7.298118713301246,7.298118713301246,75-100%
21.0,26.236110965316612,5.2361109653166125,5.2361109653166125,75-100%
21.0,26.236110965316612,5.2361109653166125,5.2361109653166125,75-100%
21.0,26.640415528467788,5.640415528467788,5.640415528467788,75-100%
17.0,25.716988580690046,8.716988580690046,8.716988580690046,75-100%
17.0,24.795439795447678,7.7954397954476775,7.7954397954476775,75-100%
17.0,24.590432743750206,7.590432743750206,7.590432743750206,75-100%
25.0,33.6641278565916,8.664127856591598,8.664127856591598,75-100%
25.0,35.627582934511274,10.627582934511274,10.627582934511274,75-100%
21.0,30.416071533535405,9.416071533535405,9.416071533535405,75-100%
21.0,27.801427769559822,6.801427769559822,6.801427769559822,75-100%
21.0,25.4099846748409,4.409984674840899,4.409984674840899,75-100%
17.0,24.36071371006569,7.3607137100656885,7.3607137100656885,75-100%
17.0,24.774240431065223,7.774240431065223,7.774240431065223,75-100%
17.0,25.217644162691684,8.217644162691684,8.217644162691684,75-100%
17.0,24.37819762906694,7.378197629066939,7.378197629066939,75-100%
21.0,41.706958821550046,20.706958821550046,20.706958821550046,75-100%
21.0,42.57115244845642,21.571152448456417,21.571152448456417,75-100%
21.0,32.73051277871383,11.73051277871383,11.73051277871383,75-100%
17.0,27.77882626451217,10.778826264512169,10.778826264512169,75-100%
17.0,24.39099059041948,7.390990590419481,7.390990590419481,75-100%
17.0,25.33355472057876,8.33355472057876,8.33355472057876,75-100%
17.0,24.08983320001453,7.089833200014532,7.089833200014532,75-100%
21.0,45.396915455454106,24.396915455454106,24.396915455454106,75-100%
21.0,31.911236337372152,10.911236337372152,10.911236337372152,75-100%
21.0,42.51646017377166,21.516460173771662,21.516460173771662,75-100%
21.0,42.57115244845642,21.571152448456417,21.571152448456417,75-100%
21.0,32.73051277871383,11.73051277871383,11.73051277871383,75-100%
21.0,31.87617026724715,10.87617026724715,10.87617026724715,75-100%
21.0,31.87617026724715,10.87617026724715,10.87617026724715,75-100%
17.0,27.230433116087678,10.230433116087678,10.230433116087678,75-100%
17.0,24.64683268896396,7.646832688963961,7.646832688963961,75-100%
17.0,25.15493537689843,8.154935376898429,8.154935376898429,75-100%
21.0,44.48099525894108,23.48099525894108,23.48099525894108,75-100%
21.0,31.917921588707063,10.917921588707063,10.917921588707063,75-100%
21.0,31.87617026724715,10.87617026724715,10.87617026724715,75-100%
21.0,42.43583094975129,21.435830949751292,21.435830949751292,75-100%
21.0,42.3221943285072,21.3221943285072,21.3221943285072,75-100%
21.0,40.015427697413095,19.015427697413095,19.015427697413095,75-100%
21.0,31.87617026724715,10.87617026724715,10.87617026724715,75-100%
21.0,46.992274918346304,25.992274918346304,25.992274918346304,75-100%
21.0,34.23690901219653,13.236909012196527,13.236909012196527,75-100%
21.0,30.068270455850136,9.068270455850136,9.068270455850136,75-100%
21.0,31.87617026724715,10.87617026724715,10.87617026724715,75-100%
21.0,42.43583094975129,21.435830949751292,21.435830949751292,75-100%
21.0,31.972084966750597,10.972084966750597,10.972084966750597,75-100%
21.0,34.19936499805669,13.199364998056687,13.199364998056687,75-100%
21.0,31.937083238401634,10.937083238401634,10.937083238401634,75-100%
21.0,31.972084966750597,10.972084966750597,10.972084966750597,75-100%
21.0,31.911236337372152,10.911236337372152,10.911236337372152,75-100%
21.0,34.19936499805669,13.199364998056687,13.199364998056687,75-100%
21.0,34.794072596281794,13.794072596281794,13.794072596281794,75-100%
21.0,27.824303226615147,6.824303226615147,6.824303226615147,75-100%
21.0,27.67582264325373,6.675822643253731,6.675822643253731,75-100%
21.0,29.94798605459769,8.947986054597688,8.947986054597688,75-100%
21.0,30.640521691127876,9.640521691127876,9.640521691127876,75-100%
21.0,32.57521906630894,11.57521906630894,11.57521906630894,75-100%
15.0,36.124101225231186,21.124101225231186,21.124101225231186,50-75%
15.0,35.901008964950314,20.901008964950314,20.901008964950314,50-75%
15.0,35.82528490327435,20.82528490327435,20.82528490327435,50-75%
15.0,35.83806025191621,20.83806025191621,20.83806025191621,50-75%
15.0,35.86699109145347,20.86699109145347,20.86699109145347,50-75%
15.0,35.86699109145347,20.86699109145347,20.86699109145347,50-75%
15.0,34.68541602048563,19.685416020485633,19.685416020485633,50-75%
15.0,35.901008964950314,20.901008964950314,20.901008964950314,50-75%
15.0,35.479039093962776,20.479039093962776,20.479039093962776,50-75%
15.0,35.86699109145347,20.86699109145347,20.86699109145347,50-75%
15.0,35.83806025191621,20.83806025191621,20.83806025191621,50-75%
15.0,35.83806025191621,20.83806025191621,20.83806025191621,50-75%
15.0,34.25815979317577,19.25815979317577,19.25815979317577,50-75%
15.0,32.94970029917411,17.94970029917411,17.94970029917411,50-75%
15.0,32.94970029917411,17.94970029917411,17.94970029917411,50-75%
15.0,34.42597987423351,19.425979874233512,19.425979874233512,50-75%
15.0,35.41157572326931,20.41157572326931,20.41157572326931,50-75%
17.5,35.86699109145347,18.36699109145347,18.36699109145347,75-100%
17.5,35.86699109145347,18.36699109145347,18.36699109145347,75-100%
17.5,34.25815979317577,16.75815979317577,16.75815979317577,75-100%
17.5,35.90631381318176,18.40631381318176,18.40631381318176,75-100%
30.0,37.72841357689288,7.728413576892883,7.728413576892883,75-100%
30.0,36.22755581125157,6.22755581125157,6.22755581125157,75-100%
30.0,33.16332475059036,3.1633247505903626,3.1633247505903626,75-100%
15.0,31.886450080360312,16.886450080360312,16.886450080360312,50-75%
15.0,32.880032578115944,17.880032578115944,17.880032578115944,50-75%
17.5,35.82528490327435,18.32528490327435,18.32528490327435,75-100%
17.5,35.93529825578105,18.43529825578105,18.43529825578105,75-100%
17.5,35.86699109145347,18.36699109145347,18.36699109145347,75-100%
21.66666666666667,34.834075211748015,13.167408545081344,13.167408545081344,75-100%
25.0,34.7900960267556,9.790096026755599,9.790096026755599,75-100%
30.0,32.029032738984775,2.0290327389847747,2.0290327389847747,75-100%
30.0,32.51814811454849,2.518148114548488,2.518148114548488,75-100%
30.0,31.97837770542715,1.9783777054271496,1.9783777054271496,75-100%
30.0,32.03956091850098,2.0395609185009818,2.0395609185009818,75-100%
30.0,31.866805902112908,1.8668059021129082,1.8668059021129082,75-100%
15.0,29.9234894147204,14.9234894147204,14.9234894147204,50-75%
17.5,31.34005174334983,13.840051743349829,13.840051743349829,75-100%
17.5,34.42597987423351,16.925979874233512,16.925979874233512,75-100%
17.5,33.10979921569306,15.609799215693059,15.609799215693059,75-100%
17.5,34.476068611484216,16.976068611484216,16.976068611484216,75-100%
17.5,34.41046010789072,16.91046010789072,16.91046010789072,75-100%
21.66666666666667,34.50392980833858,12.837263141671912,12.837263141671912,75-100%
25.0,32.89178616615525,7.891786166155249,7.891786166155249,75-100%
25.0,30.50619579162072,5.506195791620719,5.506195791620719,75-100%
30.0,32.0902289337403,2.090228933740299,2.090228933740299,75-100%
30.0,32.0902289337403,2.090228933740299,2.090228933740299,75-100%
30.0,32.0902289337403,2.090228933740299,2.090228933740299,75-100%
30.0,32.783951164921035,2.783951164921035,2.783951164921035,75-100%
17.5,31.010838088337024,13.510838088337024,13.510838088337024,75-100%
17.5,31.314673354175277,13.814673354175277,13.814673354175277,75-100%
17.5,31.010838088337024,13.510838088337024,13.510838088337024,75-100%
17.5,31.314673354175277,13.814673354175277,13.814673354175277,75-100%
25.0,31.325883891159084,6.325883891159084,6.325883891159084,75-100%
25.0,31.325883891159084,6.325883891159084,6.325883891159084,75-100%
25.0,31.27580778909538,6.275807789095381,6.275807789095381,75-100%
30.0,32.89853461923225,2.898534619232251,2.898534619232251,75-100%
30.0,33.33690671976702,3.336906719767022,3.336906719767022,75-100%
30.0,32.83584356530696,2.835843565306959,2.835843565306959,75-100%
30.0,32.80929137507349,2.8092913750734922,2.8092913750734922,75-100%
20.0,31.314673354175277,11.314673354175277,11.314673354175277,75-100%
20.0,31.314673354175277,11.314673354175277,11.314673354175277,75-100%
20.0,30.138522505431595,10.138522505431595,10.138522505431595,75-100%
20.0,30.97673136923176,10.97673136923176,10.97673136923176,75-100%
20.0,31.83034972519698,11.830349725196982,11.830349725196982,75-100%
25.0,31.38577729166769,6.38577729166769,6.38577729166769,75-100%
25.0,31.27580778909538,6.275807789095381,6.275807789095381,75-100%
30.0,33.33690671976702,3.336906719767022,3.336906719767022,75-100%
30.0,32.80929137507349,2.8092913750734922,2.8092913750734922,75-100%
30.0,32.878813630557225,2.878813630557225,2.878813630557225,75-100%
30.0,32.878813630557225,2.878813630557225,2.878813630557225,75-100%
20.0,30.248597702630025,10.248597702630025,10.248597702630025,75-100%
20.0,31.010838088337024,11.010838088337024,11.010838088337024,75-100%
20.0,31.010838088337024,11.010838088337024,11.010838088337024,75-100%
20.0,30.285692630186475,10.285692630186475,10.285692630186475,75-100%
25.0,30.285692630186475,5.285692630186475,5.285692630186475,75-100%
22.66666666666667,31.310233506266,8.64356683959933,8.64356683959933,75-100%
24.0,31.250479814437362,7.250479814437362,7.250479814437362,75-100%
24.0,31.342176732773144,7.342176732773144,7.342176732773144,75-100%
30.0,32.6518358851205,2.651835885120498,2.651835885120498,75-100%
20.0,29.49139836583077,9.491398365830769,9.491398365830769,75-100%
20.0,30.961671933799604,10.961671933799604,10.961671933799604,75-100%
18.0,30.131640156284128,12.131640156284128,12.131640156284128,75-100%
18.0,31.310233506266,13.310233506266002,13.310233506266002,75-100%
18.0,31.250479814437362,13.250479814437362,13.250479814437362,75-100%
24.0,31.592894081133913,7.592894081133913,7.592894081133913,75-100%
18.0,29.530121129601167,11.530121129601167,11.530121129601167,75-100%
18.0,29.236607158850944,11.236607158850944,11.236607158850944,75-100%
18.0,31.342176732773144,13.342176732773144,13.342176732773144,75-100%
18.0,31.342176732773144,13.342176732773144,13.342176732773144,75-100%
18.0,31.31793613139217,13.31793613139217,13.31793613139217,75-100%
18.0,32.251636819043355,14.251636819043355,14.251636819043355,75-100%
18.0,32.251636819043355,14.251636819043355,14.251636819043355,75-100%
18.0,28.71090164153348,10.710901641533479,10.710901641533479,75-100%
18.0,31.821120698350644,13.821120698350644,13.821120698350644,75-100%
18.0,31.10028396903892,13.10028396903892,13.10028396903892,75-100%
18.0,31.850172556450932,13.850172556450932,13.850172556450932,75-100%
18.0,31.068023801531975,13.068023801531975,13.068023801531975,75-100%
18.0,31.342176732773144,13.342176732773144,13.342176732773144,75-100%
18.0,28.789326747222834,10.789326747222834,10.789326747222834,75-100%
18.0,28.734235153722246,10.734235153722246,10.734235153722246,75-100%
18.0,31.32692197616884,13.32692197616884,13.32692197616884,75-100%
18.0,31.342176732773144,13.342176732773144,13.342176732773144,75-100%
18.0,31.27580778909538,13.275807789095381,13.275807789095381,75-100%
18.0,28.795377845831272,10.795377845831272,10.795377845831272,75-100%
18.0,29.219236379075916,11.219236379075916,11.219236379075916,75-100%
18.0,31.310233506266,13.310233506266002,13.310233506266002,75-100%
12.0,43.20618192287487,31.20618192287487,31.20618192287487,50-75%
12.0,28.393473000475343,16.393473000475343,16.393473000475343,50-75%
12.0,43.20618192287487,31.20618192287487,31.20618192287487,50-75%
12.0,44.88528864211606,32.88528864211606,32.88528864211606,50-75%
12.0,29.578536446478015,17.578536446478015,17.578536446478015,50-75%
12.0,32.817692573000215,20.817692573000215,20.817692573000215,50-75%
12.0,29.58103022413091,17.58103022413091,17.58103022413091,50-75%
12.0,28.86475240639464,16.86475240639464,16.86475240639464,50-75%
12.0,26.264750610850935,14.264750610850935,14.264750610850935,50-75%
12.0,41.64241318034756,29.64241318034756,29.64241318034756,50-75%
12.0,41.858896105464474,29.858896105464474,29.858896105464474,50-75%
12.0,43.61322238046661,31.61322238046661,31.61322238046661,50-75%
12.0,29.85312722987298,17.85312722987298,17.85312722987298,50-75%
12.0,29.063698867730384,17.063698867730384,17.063698867730384,50-75%
12.0,28.98316343394142,16.98316343394142,16.98316343394142,50-75%
12.0,27.768770988015277,15.768770988015277,15.768770988015277,50-75%
12.0,43.861606960646576,31.861606960646576,31.861606960646576,50-75%
12.0,39.61650494926191,27.61650494926191,27.61650494926191,50-75%
12.0,34.48408373252653,22.48408373252653,22.48408373252653,50-75%
12.0,28.845719342287573,16.845719342287573,16.845719342287573,50-75%
12.0,29.78012084902966,17.78012084902966,17.78012084902966,50-75%
22.0,48.05406484128068,26.054064841280677,26.054064841280677,75-100%
22.0,56.33941729527819,34.33941729527819,34.33941729527819,75-100%
12.0,43.66133612148984,31.66133612148984,31.66133612148984,50-75%
12.0,29.46284385380452,17.46284385380452,17.46284385380452,50-75%
22.0,46.569440531746714,24.569440531746714,24.569440531746714,75-100%
22.0,46.569440531746714,24.569440531746714,24.569440531746714,75-100%
22.0,52.939158003342804,30.939158003342804,30.939158003342804,75-100%
22.0,49.47821434429937,27.478214344299367,27.478214344299367,75-100%
22.0,49.47821434429937,27.478214344299367,27.478214344299367,75-100%
22.0,45.7835465396883,23.783546539688302,23.783546539688302,75-100%
22.0,46.569440531746714,24.569440531746714,24.569440531746714,75-100%
22.0,46.569440531746714,24.569440531746714,24.569440531746714,75-100%
22.0,47.773778296801524,25.773778296801524,25.773778296801524,75-100%
22.0,48.9349732068269,26.934973206826903,26.934973206826903,75-100%
22.0,43.438121436774395,21.438121436774395,21.438121436774395,75-100%
22.0,40.40874873309386,18.40874873309386,18.40874873309386,75-100%
22.0,45.62488804809301,23.624888048093013,23.624888048093013,75-100%
22.0,46.569440531746714,24.569440531746714,24.569440531746714,75-100%
22.0,47.773778296801524,25.773778296801524,25.773778296801524,75-100%
22.0,43.438121436774395,21.438121436774395,21.438121436774395,75-100%
22.0,39.402976525448395,17.402976525448395,17.402976525448395,75-100%
22.0,40.441269171380874,18.441269171380874,18.441269171380874,75-100%
22.0,45.62488804809301,23.624888048093013,23.624888048093013,75-100%
22.0,47.773778296801524,25.773778296801524,25.773778296801524,75-100%
22.0,47.773778296801524,25.773778296801524,25.773778296801524,75-100%
22.0,39.3599282001416,17.359928200141603,17.359928200141603,75-100%
22.0,39.19814999111972,17.19814999111972,17.19814999111972,75-100%
22.0,39.402976525448395,17.402976525448395,17.402976525448395,75-100%
22.0,45.62488804809301,23.624888048093013,23.624888048093013,75-100%
22.0,45.62488804809301,23.624888048093013,23.624888048093013,75-100%
33.0,28.260200829216412,-4.739799170783588,4.739799170783588,75-100%
24.0,28.368963373093237,4.368963373093237,4.368963373093237,75-100%
24.0,28.368963373093237,4.368963373093237,4.368963373093237,75-100%
24.0,28.258522333141123,4.258522333141123,4.258522333141123,75-100%
24.0,28.258522333141123,4.258522333141123,4.258522333141123,75-100%
33.0,27.555927023856473,-5.444072976143527,5.444072976143527,75-100%
33.0,27.555927023856473,-5.444072976143527,5.444072976143527,75-100%
33.0,28.260200829216412,-4.739799170783588,4.739799170783588,75-100%
33.0,28.027030026388715,-4.972969973611285,4.972969973611285,75-100%
33.0,27.380855292643517,-5.619144707356483,5.619144707356483,75-100%
24.0,26.89146056104758,2.8914605610475803,2.8914605610475803,75-100%
24.0,27.601791497197645,3.6017914971976452,3.6017914971976452,75-100%
24.0,28.368963373093237,4.368963373093237,4.368963373093237,75-100%
24.0,29.338791193297876,5.338791193297876,5.338791193297876,75-100%
24.0,28.368963373093237,4.368963373093237,4.368963373093237,75-100%
24.0,27.66207172477645,3.6620717247764496,3.6620717247764496,75-100%
33.0,27.586385076949732,-5.413614923050268,5.413614923050268,75-100%
33.0,27.533518171978226,-5.466481828021774,5.466481828021774,75-100%
33.0,27.328368489022584,-5.6716315109774165,5.6716315109774165,75-100%
33.0,27.328368489022584,-5.6716315109774165,5.6716315109774165,75-100%
33.0,28.027030026388715,-4.972969973611285,4.972969973611285,75-100%
33.0,28.027030026388715,-4.972969973611285,4.972969973611285,75-100%
24.0,26.89146056104758,2.8914605610475803,2.8914605610475803,75-100%
24.0,26.943137861621246,2.9431378616212456,2.9431378616212456,75-100%
24.0,27.66123234477708,3.66123234477708,3.66123234477708,75-100%
24.0,28.58532153905933,4.585321539059329,4.585321539059329,75-100%
24.0,28.608556426679677,4.608556426679677,4.608556426679677,75-100%
24.0,27.66207172477645,3.6620717247764496,3.6620717247764496,75-100%
24.0,27.69264299292778,3.69264299292778,3.69264299292778,75-100%
24.0,27.615780379975398,3.615780379975398,3.615780379975398,75-100%
33.0,37.71309087713029,4.713090877130291,4.713090877130291,75-100%
33.0,27.533518171978226,-5.466481828021774,5.466481828021774,75-100%
33.0,27.306138210422542,-5.693861789577458,5.693861789577458,75-100%
33.0,27.328368489022584,-5.6716315109774165,5.6716315109774165,75-100%
33.0,27.380855292643517,-5.619144707356483,5.619144707356483,75-100%
33.0,27.306138210422542,-5.693861789577458,5.693861789577458,75-100%
33.0,27.306138210422542,-5.693861789577458,5.693861789577458,75-100%
24.0,27.043432910027974,3.043432910027974,3.043432910027974,75-100%
24.0,26.943137861621246,2.9431378616212456,2.9431378616212456,75-100%
24.0,26.89146056104758,2.8914605610475803,2.8914605610475803,75-100%
24.0,28.58532153905933,4.585321539059329,4.585321539059329,75-100%
24.0,29.37798450339436,5.377984503394359,5.377984503394359,75-100%
24.0,27.639579577375052,3.639579577375052,3.639579577375052,75-100%
24.0,27.639579577375052,3.639579577375052,3.639579577375052,75-100%
24.0,27.639579577375052,3.639579577375052,3.639579577375052,75-100%
33.0,26.84047091887958,-6.1595290811204215,6.1595290811204215,75-100%
33.0,34.23140729669426,1.2314072966942575,1.2314072966942575,75-100%
33.0,27.306138210422542,-5.693861789577458,5.693861789577458,75-100%
33.0,27.306138210422542,-5.693861789577458,5.693861789577458,75-100%
33.0,27.328368489022584,-5.6716315109774165,5.6716315109774165,75-100%
33.0,27.306138210422542,-5.693861789577458,5.693861789577458,75-100%
24.0,27.26961797148467,3.2696179714846707,3.2696179714846707,75-100%
24.0,26.91336517177989,2.9133651717798905,2.9133651717798905,75-100%
24.0,28.608556426679677,4.608556426679677,4.608556426679677,75-100%
24.0,28.608556426679677,4.608556426679677,4.608556426679677,75-100%
24.0,27.639579577375052,3.639579577375052,3.639579577375052,75-100%
24.0,27.639579577375052,3.639579577375052,3.639579577375052,75-100%
33.0,27.26961797148467,-5.730382028515329,5.730382028515329,75-100%
33.0,26.567536628074528,-6.432463371925472,6.432463371925472,75-100%
33.0,27.306138210422542,-5.693861789577458,5.693861789577458,75-100%
33.0,33.854052587480496,0.8540525874804956,0.8540525874804956,75-100%
33.0,27.306138210422542,-5.693861789577458,5.693861789577458,75-100%
33.0,29.46913209216816,-3.5308679078318406,3.5308679078318406,75-100%
24.0,28.356599055950518,4.356599055950518,4.356599055950518,75-100%
24.0,29.338791193297876,5.338791193297876,5.338791193297876,75-100%
24.0,29.338791193297876,5.338791193297876,5.338791193297876,75-100%
24.0,30.398376496643003,6.398376496643003,6.398376496643003,75-100%
24.0,30.398376496643003,6.398376496643003,6.398376496643003,75-100%
33.0,27.26961797148467,-5.730382028515329,5.730382028515329,75-100%
33.0,26.589186844540063,-6.4108131554599375,6.4108131554599375,75-100%
29.0,32.947542388456164,3.9475423884561636,3.9475423884561636,75-100%
29.0,32.64571598136146,3.6457159813614624,3.6457159813614624,75-100%
29.0,32.947542388456164,3.9475423884561636,3.9475423884561636,75-100%
29.0,33.215015798623526,4.215015798623526,4.215015798623526,75-100%
29.0,32.947542388456164,3.9475423884561636,3.9475423884561636,75-100%
29.0,32.768879428481306,3.7688794284813056,3.7688794284813056,75-100%
29.0,32.947542388456164,3.9475423884561636,3.9475423884561636,75-100%
29.0,33.39603915804874,4.396039158048737,4.396039158048737,75-100%
29.0,33.61957677872984,4.6195767787298365,4.6195767787298365,75-100%
29.0,33.16816525781089,4.168165257810891,4.168165257810891,75-100%
29.0,34.73757775919638,5.737577759196377,5.737577759196377,75-100%
29.0,33.61957677872984,4.6195767787298365,4.6195767787298365,75-100%
29.0,34.39383094923565,5.3938309492356495,5.3938309492356495,75-100%
29.0,33.16816525781089,4.168165257810891,4.168165257810891,75-100%
29.0,34.1982523541214,5.198252354121401,5.198252354121401,75-100%
29.0,35.348470226255024,6.348470226255024,6.348470226255024,75-100%
29.0,34.73757775919638,5.737577759196377,5.737577759196377,75-100%
29.0,38.00601458117995,9.006014581179947,9.006014581179947,75-100%
29.0,36.90639128208469,7.906391282084691,7.906391282084691,75-100%
29.0,38.099112614762355,9.099112614762355,9.099112614762355,75-100%
29.0,34.73757775919638,5.737577759196377,5.737577759196377,75-100%
29.0,34.41983621048875,5.4198362104887465,5.4198362104887465,75-100%
29.0,36.65526128465389,7.655261284653889,7.655261284653889,75-100%
29.0,39.2896654343063,10.2896654343063,10.2896654343063,75-100%
29.0,38.00601458117995,9.006014581179947,9.006014581179947,75-100%
29.0,38.27076826233841,9.270768262338407,9.270768262338407,75-100%
34.0,39.976003695531915,5.976003695531915,5.976003695531915,75-100%
34.0,40.025249422016984,6.025249422016984,6.025249422016984,75-100%
34.0,39.976003695531915,5.976003695531915,5.976003695531915,75-100%
34.0,38.975557575184155,4.975557575184155,4.975557575184155,75-100%
34.0,39.760350555625266,5.760350555625266,5.760350555625266,75-100%
49.0,40.81398966707799,-8.18601033292201,8.18601033292201,75-100%
49.0,41.085736065505245,-7.914263934494755,7.914263934494755,75-100%
49.0,40.24230407764948,-8.757695922350521,8.757695922350521,75-100%
49.0,39.760350555625266,-9.239649444374734,9.239649444374734,75-100%
41.5,39.760350555625266,-1.7396494443747343,1.7396494443747343,75-100%
34.0,40.78717533630267,6.787175336302667,6.787175336302667,75-100%
34.0,40.78717533630267,6.787175336302667,6.787175336302667,75-100%
34.0,40.51322332585301,6.513223325853012,6.513223325853012,75-100%
34.0,40.51322332585301,6.513223325853012,6.513223325853012,75-100%
34.0,40.025249422016984,6.025249422016984,6.025249422016984,75-100%
49.0,41.085736065505245,-7.914263934494755,7.914263934494755,75-100%
49.0,40.59392627996167,-8.406073720038329,8.406073720038329,75-100%
49.0,40.81398966707799,-8.18601033292201,8.18601033292201,75-100%
49.0,40.59392627996167,-8.406073720038329,8.406073720038329,75-100%
41.5,38.62013629677585,-2.879863703224153,2.879863703224153,75-100%
41.5,39.23815561006589,-2.2618443899341116,2.2618443899341116,75-100%
34.0,40.41564702800658,6.415647028006582,6.415647028006582,75-100%
34.0,41.721730226577,7.721730226577002,7.721730226577002,75-100%
34.0,40.93380439189457,6.933804391894569,6.933804391894569,75-100%
34.0,40.78717533630267,6.787175336302667,6.787175336302667,75-100%
49.0,41.085736065505245,-7.914263934494755,7.914263934494755,75-100%
49.0,40.81398966707799,-8.18601033292201,8.18601033292201,75-100%
49.0,40.59392627996167,-8.406073720038329,8.406073720038329,75-100%
49.0,40.153246190868764,-8.846753809131236,8.846753809131236,75-100%
49.0,40.44222295350873,-8.557777046491267,8.557777046491267,75-100%
41.5,40.81398966707799,-0.6860103329220095,0.6860103329220095,75-100%
41.5,40.148227375398434,-1.3517726246015656,1.3517726246015656,75-100%
41.5,40.51735673599556,-0.9826432640044374,0.9826432640044374,75-100%
34.0,40.51735673599556,6.517356735995563,6.517356735995563,75-100%
34.0,40.78717533630267,6.787175336302667,6.787175336302667,75-100%
34.0,41.551538426403425,7.551538426403425,7.551538426403425,75-100%
49.0,40.81398966707799,-8.18601033292201,8.18601033292201,75-100%
49.0,40.81398966707799,-8.18601033292201,8.18601033292201,75-100%
49.0,40.989735433401954,-8.010264566598046,8.010264566598046,75-100%
49.0,40.58806075052231,-8.41193924947769,8.41193924947769,75-100%
49.0,41.26262399213053,-7.7373760078694716,7.7373760078694716,75-100%
49.0,41.641750296382924,-7.358249703617076,7.358249703617076,75-100%
41.5,41.66479467419003,0.16479467419002702,0.16479467419002702,75-100%
34.0,41.49901558746323,7.4990155874632265,7.4990155874632265,75-100%
34.0,41.721730226577,7.721730226577002,7.721730226577002,75-100%
49.0,40.989735433401954,-8.010264566598046,8.010264566598046,75-100%
49.0,40.7144554617922,-8.285544538207802,8.285544538207802,75-100%
49.0,41.26262399213053,-7.7373760078694716,7.7373760078694716,75-100%
41.5,41.76329448687609,0.2632944868760916,0.2632944868760916,75-100%
34.0,40.78717533630267,6.787175336302667,6.787175336302667,75-100%
34.0,41.76329448687609,7.763294486876092,7.763294486876092,75-100%
49.0,40.78717533630267,-8.212824663697333,8.212824663697333,75-100%
49.0,40.78717533630267,-8.212824663697333,8.212824663697333,75-100%
49.0,42.354886176420834,-6.645113823579166,6.645113823579166,75-100%
54.0,39.18404230533571,-14.815957694664291,14.815957694664291,75-100%
54.0,38.350447788165454,-15.649552211834546,15.649552211834546,75-100%
37.0,34.69229509790569,-2.307704902094308,2.307704902094308,75-100%
37.0,37.499144489184246,0.49914448918424625,0.49914448918424625,75-100%
54.0,38.286586214565524,-15.713413785434476,15.713413785434476,75-100%
54.0,38.350447788165454,-15.649552211834546,15.649552211834546,75-100%
54.0,36.51337283258958,-17.48662716741042,17.48662716741042,75-100%
37.0,34.76258187259139,-2.23741812740861,2.23741812740861,75-100%
37.0,34.76258187259139,-2.23741812740861,2.23741812740861,75-100%
37.0,33.64131580166482,-3.358684198335183,3.358684198335183,75-100%
37.0,37.566525249568436,0.5665252495684356,0.5665252495684356,75-100%
37.0,36.843020914744386,-0.15697908525561388,0.15697908525561388,75-100%
37.0,37.82437616384603,0.8243761638460327,0.8243761638460327,75-100%
54.0,35.348489708221365,-18.651510291778635,18.651510291778635,75-100%
54.0,39.84388813439328,-14.156111865606718,14.156111865606718,75-100%
54.0,39.13776673766194,-14.862233262338059,14.862233262338059,75-100%
37.0,34.37495615574922,-2.625043844250783,2.625043844250783,75-100%
37.0,35.08813579422721,-1.9118642057727868,1.9118642057727868,75-100%
37.0,36.03443536506816,-0.9655646349318374,0.9655646349318374,75-100%
37.0,37.499144489184246,0.49914448918424625,0.49914448918424625,75-100%
37.0,37.58160718144612,0.5816071814461168,0.5816071814461168,75-100%
54.0,34.59446149229523,-19.40553850770477,19.40553850770477,75-100%
54.0,38.350447788165454,-15.649552211834546,15.649552211834546,75-100%
54.0,40.74042373159,-13.259576268410001,13.259576268410001,75-100%
54.0,39.550451004100644,-14.449548995899356,14.449548995899356,75-100%
37.0,34.20702899537522,-2.792971004624782,2.792971004624782,75-100%
37.0,34.20702899537522,-2.792971004624782,2.792971004624782,75-100%
37.0,34.46299883889197,-2.53700116110803,2.53700116110803,75-100%
37.0,31.111538635339684,-5.888461364660316,5.888461364660316,75-100%
54.0,33.2230267315274,-20.776973268472602,20.776973268472602,75-100%
54.0,34.59446149229523,-19.40553850770477,19.40553850770477,75-100%
54.0,40.4399401783793,-13.560059821620698,13.560059821620698,75-100%
54.0,40.74042373159,-13.259576268410001,13.259576268410001,75-100%
69.0,34.662156632719146,-34.337843367280854,34.337843367280854,75-100%
55.5,35.301928375683424,-20.198071624316576,20.198071624316576,75-100%
55.5,32.40766183794269,-23.09233816205731,23.09233816205731,75-100%
55.5,34.66491383713867,-20.83508616286133,20.83508616286133,75-100%
37.0,34.66491383713867,-2.33508616286133,2.33508616286133,75-100%
37.0,32.18004068183206,-4.819959318167939,4.819959318167939,75-100%
54.0,33.61108642873188,-20.38891357126812,20.38891357126812,75-100%
54.0,38.350447788165454,-15.649552211834546,15.649552211834546,75-100%
54.0,39.29303041812237,-14.70696958187763,14.70696958187763,75-100%
69.0,37.31487715697348,-31.68512284302652,31.68512284302652,75-100%
71.5,38.78544570216473,-32.71455429783527,32.71455429783527,75-100%
71.5,35.63804033651433,-35.86195966348567,35.86195966348567,75-100%
71.5,34.13879667123484,-37.36120332876516,37.36120332876516,75-100%
71.5,32.4991484097505,-39.0008515902495,39.0008515902495,75-100%
55.5,32.836463093805826,-22.663536906194174,22.663536906194174,75-100%
55.5,34.4074865830194,-21.0925134169806,21.0925134169806,75-100%
55.5,33.806544009451486,-21.693455990548514,21.693455990548514,75-100%
37.0,31.84691884599917,-5.15308115400083,5.15308115400083,75-100%
54.0,33.61108642873188,-20.38891357126812,20.38891357126812,75-100%
54.0,38.350447788165454,-15.649552211834546,15.649552211834546,75-100%
69.0,38.90480695591118,-30.095193044088823,30.095193044088823,75-100%
69.0,36.885290537131944,-32.114709462868056,32.114709462868056,75-100%
71.5,35.80789827886419,-35.69210172113581,35.69210172113581,75-100%
71.5,34.68537187451706,-36.81462812548294,36.81462812548294,75-100%
71.5,33.91190646250442,-37.58809353749558,37.58809353749558,75-100%
71.5,33.53696763197317,-37.96303236802683,37.96303236802683,75-100%
71.5,29.495007271980636,-42.00499272801936,42.00499272801936,75-100%
74.0,34.66491383713867,-39.33508616286133,39.33508616286133,75-100%
74.0,33.806544009451486,-40.193455990548514,40.193455990548514,75-100%
69.0,36.67992711000712,-32.32007288999288,32.32007288999288,75-100%
71.5,37.64366287761454,-33.85633712238546,33.85633712238546,75-100%
71.5,34.95806702272395,-36.54193297727605,36.54193297727605,75-100%
71.5,34.42779695548513,-37.07220304451487,37.07220304451487,75-100%
71.5,34.19904068015515,-37.30095931984485,37.30095931984485,75-100%
71.5,31.78968276378818,-39.71031723621182,39.71031723621182,75-100%
74.0,31.70827498311578,-42.29172501688422,42.29172501688422,75-100%
74.0,33.68097463644921,-40.31902536355079,40.31902536355079,75-100%
48.0,33.68097463644921,-14.319025363550793,14.319025363550793,75-100%
48.0,35.186546893677104,-12.813453106322896,12.813453106322896,75-100%
48.0,35.05456561593799,-12.945434384062011,12.945434384062011,75-100%
69.0,36.88820571483753,-32.11179428516247,32.11179428516247,75-100%
69.0,38.708028031435944,-30.291971968564056,30.291971968564056,75-100%
71.5,35.80789827886419,-35.69210172113581,35.69210172113581,75-100%
71.5,34.68537187451706,-36.81462812548294,36.81462812548294,75-100%
71.5,34.496393857707226,-37.003606142292774,37.003606142292774,75-100%
71.5,34.75446750494284,-36.74553249505716,36.74553249505716,75-100%
71.5,34.59163951579778,-36.90836048420222,36.90836048420222,75-100%
74.0,34.54891616446065,-39.45108383553935,39.45108383553935,75-100%
61.0,33.68097463644921,-27.319025363550793,27.319025363550793,75-100%
48.0,34.36182531372501,-13.638174686274994,13.638174686274994,75-100%
48.0,34.54891616446065,-13.45108383553935,13.45108383553935,75-100%
48.0,35.186546893677104,-12.813453106322896,12.813453106322896,75-100%
48.0,35.05456561593799,-12.945434384062011,12.945434384062011,75-100%
48.0,37.706213872959765,-10.293786127040235,10.293786127040235,75-100%
48.0,38.95982260427333,-9.040177395726673,9.040177395726673,75-100%
69.0,37.216511667524784,-31.783488332475216,31.783488332475216,75-100%
69.0,37.75881345593783,-31.241186544062167,31.241186544062167,75-100%
71.5,34.61523684619458,-36.88476315380542,36.88476315380542,75-100%
71.5,34.496393857707226,-37.003606142292774,37.003606142292774,75-100%
71.5,34.496393857707226,-37.003606142292774,37.003606142292774,75-100%
71.5,36.19276514187671,-35.30723485812329,35.30723485812329,75-100%
71.5,35.252651767059,-36.247348232941,36.247348232941,75-100%
61.0,35.01498346917123,-25.985016530828773,25.985016530828773,75-100%
48.0,35.01498346917123,-12.985016530828773,12.985016530828773,75-100%
48.0,34.59163951579778,-13.40836048420222,13.40836048420222,75-100%
48.0,35.08960941222385,-12.91039058777615,12.91039058777615,75-100%
48.0,35.08960941222385,-12.91039058777615,12.91039058777615,75-100%
48.0,35.05456561593799,-12.945434384062011,12.945434384062011,75-100%
48.0,34.41973060168158,-13.580269398318421,13.580269398318421,75-100%
69.0,37.33652645310745,-31.663473546892547,31.663473546892547,75-100%
69.0,35.51304814910267,-33.48695185089733,33.48695185089733,75-100%
69.0,36.155625809968846,-32.844374190031154,32.844374190031154,75-100%
48.0,37.40189659382012,-10.598103406179881,10.598103406179881,75-100%
48.0,36.6936423572384,-11.306357642761597,11.306357642761597,75-100%
48.0,35.252651767059,-12.747348232941,12.747348232941,75-100%
48.0,35.8586078370046,-12.141392162995402,12.141392162995402,75-100%
48.0,35.186546893677104,-12.813453106322896,12.813453106322896,75-100%
48.0,34.283682451311435,-13.716317548688565,13.716317548688565,75-100%
48.0,36.19787588629726,-11.802124113702739,11.802124113702739,75-100%
48.0,35.01498346917123,-12.985016530828773,12.985016530828773,75-100%
48.0,35.8586078370046,-12.141392162995402,12.141392162995402,75-100%
48.0,35.378001146489545,-12.621998853510455,12.621998853510455,75-100%
48.0,35.378001146489545,-12.621998853510455,12.621998853510455,75-100%
48.0,37.40189659382012,-10.598103406179881,10.598103406179881,75-100%
48.0,35.01498346917123,-12.985016530828773,12.985016530828773,75-100%
47.0,34.9556758739532,-12.044324126046803,12.044324126046803,75-100%
47.0,34.9556758739532,-12.044324126046803,12.044324126046803,75-100%
47.0,38.30092848903788,-8.69907151096212,8.69907151096212,75-100%
47.0,38.19436736688681,-8.805632633113191,8.805632633113191,75-100%
48.0,38.10841463774066,-9.891585362259342,9.891585362259342,75-100%
48.0,39.46139202903194,-8.538607970968059,8.538607970968059,75-100%
48.0,41.76183871672554,-6.238161283274458,6.238161283274458,75-100%
47.0,37.47053201572122,-9.529467984278782,9.529467984278782,75-100%
48.0,39.22248238839074,-8.777517611609262,8.777517611609262,75-100%
48.0,37.899979956302275,-10.100020043697725,10.100020043697725,75-100%
48.0,37.863752922140776,-10.136247077859224,10.136247077859224,75-100%
47.0,40.978750682635805,-6.0212493173641946,6.0212493173641946,75-100%
47.0,37.724404848144985,-9.275595151855015,9.275595151855015,75-100%
47.0,38.27554606313715,-8.72445393686285,8.72445393686285,75-100%
47.0,38.65488552319209,-8.345114476807908,8.345114476807908,75-100%
48.0,41.83722230738647,-6.162777692613531,6.162777692613531,75-100%
48.0,40.025498958547274,-7.974501041452726,7.974501041452726,75-100%
48.0,42.06236575855772,-5.937634241442282,5.937634241442282,75-100%
48.0,39.75767372578794,-8.242326274212061,8.242326274212061,75-100%
48.0,38.74393634096177,-9.256063659038233,9.256063659038233,75-100%
48.0,39.084157898310046,-8.915842101689954,8.915842101689954,75-100%
48.0,39.235194555582765,-8.764805444417235,8.764805444417235,75-100%
48.0,38.80064590576395,-9.19935409423605,9.19935409423605,75-100%
48.0,38.80064590576395,-9.19935409423605,9.19935409423605,75-100%
48.0,39.58401579278111,-8.41598420721889,8.41598420721889,75-100%
48.0,38.93796107018882,-9.06203892981118,9.06203892981118,75-100%
48.0,39.25882694624812,-8.74117305375188,8.74117305375188,75-100%
48.0,38.80064590576395,-9.19935409423605,9.19935409423605,75-100%
48.0,38.80064590576395,-9.19935409423605,9.19935409423605,75-100%
48.0,41.665962547051635,-6.334037452948365,6.334037452948365,75-100%
78.0,43.285395249247514,-34.714604750752486,34.714604750752486,75-100%
78.0,41.3335700548711,-36.6664299451289,36.6664299451289,75-100%
48.0,38.80064590576395,-9.19935409423605,9.19935409423605,75-100%
48.0,38.26527360324986,-9.73472639675014,9.73472639675014,75-100%
78.0,40.96447358911563,-37.03552641088437,37.03552641088437,75-100%
78.0,42.23035862713728,-35.76964137286272,35.76964137286272,75-100%
78.0,41.3335700548711,-36.6664299451289,36.6664299451289,75-100%
78.0,40.76263058496085,-37.23736941503915,37.23736941503915,75-100%
78.0,40.94850266881658,-37.05149733118342,37.05149733118342,75-100%
78.0,38.95257345271938,-39.04742654728062,39.04742654728062,75-100%
78.0,41.264867192470135,-36.735132807529865,36.735132807529865,75-100%
78.0,41.03822847146105,-36.96177152853895,36.96177152853895,75-100%
78.0,39.501713956507054,-38.498286043492946,38.498286043492946,75-100%
78.0,39.501713956507054,-38.498286043492946,38.498286043492946,75-100%
78.0,38.690648885386835,-39.309351114613165,39.309351114613165,75-100%
78.0,38.10403621669914,-39.89596378330086,39.89596378330086,75-100%
78.0,42.633676300192114,-35.366323699807886,35.366323699807886,75-100%
78.0,42.61307570786042,-35.38692429213958,35.38692429213958,75-100%
78.0,37.292845795840485,-40.707154204159515,40.707154204159515,75-100%
78.0,41.03822847146105,-36.96177152853895,36.96177152853895,75-100%
78.0,43.591448584529076,-34.408551415470924,34.408551415470924,75-100%
78.0,42.32019633189143,-35.67980366810857,35.67980366810857,75-100%
78.0,37.02569446190003,-40.97430553809997,40.97430553809997,75-100%
78.0,42.85928983529967,-35.14071016470033,35.14071016470033,75-100%
35.0,39.768990864347934,4.768990864347934,4.768990864347934,75-100%
35.0,38.77923313217352,3.7792331321735233,3.7792331321735233,75-100%
35.0,39.173542534151615,4.173542534151615,4.173542534151615,75-100%
35.0,41.250381161882956,6.250381161882956,6.250381161882956,75-100%
35.0,39.27668613106919,4.276686131069191,4.276686131069191,75-100%
35.0,39.54247804641257,4.542478046412569,4.542478046412569,75-100%
35.0,39.56066647275119,4.560666472751187,4.560666472751187,75-100%
35.0,38.12007262433624,3.120072624336238,3.120072624336238,75-100%
35.0,38.95257345271938,3.9525734527193777,3.9525734527193777,75-100%
35.0,42.51061658081825,7.510616580818251,7.510616580818251,75-100%
35.0,40.63703167464215,5.637031674642152,5.637031674642152,75-100%
35.0,43.591448584529076,8.591448584529076,8.591448584529076,75-100%
35.0,41.0851984853357,6.085198485335702,6.085198485335702,75-100%
35.0,39.29876740522332,4.298767405223323,4.298767405223323,75-100%
35.0,40.32382837152129,5.323828371521287,5.323828371521287,75-100%
35.0,38.319290348770664,3.3192903487706644,3.3192903487706644,75-100%
35.0,37.895915598449236,2.8959155984492355,2.8959155984492355,75-100%
35.0,40.869776685533196,5.869776685533196,5.869776685533196,75-100%
35.0,39.56066647275119,4.560666472751187,4.560666472751187,75-100%
35.0,39.56066647275119,4.560666472751187,4.560666472751187,75-100%
35.0,39.12392506952521,4.123925069525207,4.123925069525207,75-100%
35.0,39.29876740522332,4.298767405223323,4.298767405223323,75-100%
35.0,39.12392506952521,4.123925069525207,4.123925069525207,75-100%
35.0,37.74546924034799,2.745469240347987,2.745469240347987,75-100%
35.0,39.56066647275119,4.560666472751187,4.560666472751187,75-100%
35.0,39.56066647275119,4.560666472751187,4.560666472751187,75-100%
35.0,39.56066647275119,4.560666472751187,4.560666472751187,75-100%
35.0,39.29876740522332,4.298767405223323,4.298767405223323,75-100%
35.0,39.12392506952521,4.123925069525207,4.123925069525207,75-100%
35.0,39.683327083050415,4.683327083050415,4.683327083050415,75-100%
35.0,38.97758320070462,3.977583200704622,3.977583200704622,75-100%
35.0,39.29876740522332,4.298767405223323,4.298767405223323,75-100%
35.0,39.29876740522332,4.298767405223323,4.298767405223323,75-100%
35.0,39.50574564370171,4.505745643701708,4.505745643701708,75-100%
35.0,39.11826683802924,4.118266838029243,4.118266838029243,75-100%
67.0,39.41975477903219,-27.58024522096781,27.58024522096781,75-100%
67.0,37.75821011549158,-29.24178988450842,29.24178988450842,75-100%
67.0,38.27026285359786,-28.729737146402137,28.729737146402137,75-100%
66.5,39.68649082592214,-26.813509174077858,26.813509174077858,75-100%
66.5,41.39745382426833,-25.102546175731668,25.102546175731668,75-100%
67.0,37.75821011549158,-29.24178988450842,29.24178988450842,75-100%
66.5,41.381419795138314,-25.118580204861686,25.118580204861686,75-100%
66.5,41.406566419970986,-25.093433580029014,25.093433580029014,75-100%
66.5,41.085687805881484,-25.414312194118516,25.414312194118516,75-100%
66.5,38.737174748957784,-27.762825251042216,27.762825251042216,75-100%
66.5,41.04344968525297,-25.456550314747027,25.456550314747027,75-100%
66.5,41.39745382426833,-25.102546175731668,25.102546175731668,75-100%
66.5,40.31757985265418,-26.182420147345823,26.182420147345823,75-100%
66.5,38.737174748957784,-27.762825251042216,27.762825251042216,75-100%
66.5,40.5902407823705,-25.9097592176295,25.9097592176295,75-100%
66.5,40.5902407823705,-25.9097592176295,25.9097592176295,75-100%
66.0,37.624236085737195,-28.375763914262805,28.375763914262805,75-100%
66.0,38.27026285359786,-27.729737146402137,27.729737146402137,75-100%
66.0,38.47666231124322,-27.523337688756783,27.523337688756783,75-100%
66.0,38.67268555880816,-27.327314441191838,27.327314441191838,75-100%
66.0,38.737174748957784,-27.262825251042216,27.262825251042216,75-100%
66.0,39.09950879145473,-26.90049120854527,26.90049120854527,75-100%
66.0,38.737174748957784,-27.262825251042216,27.262825251042216,75-100%
66.0,38.737174748957784,-27.262825251042216,27.262825251042216,75-100%
66.0,37.37101994842683,-28.628980051573173,28.628980051573173,75-100%
66.0,38.995942980102825,-27.004057019897175,27.004057019897175,75-100%
66.0,39.843211579351006,-26.156788420648994,26.156788420648994,75-100%
66.0,38.737174748957784,-27.262825251042216,27.262825251042216,75-100%
66.0,38.73917114169235,-27.260828858307647,27.260828858307647,75-100%
42.0,42.05387453159695,0.053874531596953545,0.053874531596953545,75-100%
42.0,36.04963610039951,-5.9503638996004895,5.9503638996004895,75-100%
42.0,36.870710292112385,-5.129289707887615,5.129289707887615,75-100%
42.0,40.59763255743937,-1.4023674425606316,1.4023674425606316,75-100%
42.0,39.27248370175046,-2.7275162982495402,2.7275162982495402,75-100%
42.0,40.6456792668753,-1.3543207331247018,1.3543207331247018,75-100%
42.0,39.45457375079714,-2.545426249202862,2.545426249202862,75-100%
42.0,41.132460442423266,-0.867539557576734,0.867539557576734,75-100%
42.0,38.639601564740644,-3.3603984352593557,3.3603984352593557,75-100%
42.0,42.48245748434462,0.48245748434462143,0.48245748434462143,75-100%
42.0,39.77895721254321,-2.2210427874567884,2.2210427874567884,75-100%
33.0,37.14490621686853,4.144906216868527,4.144906216868527,75-100%
33.0,38.57968769907927,5.5796876990792725,5.5796876990792725,75-100%
33.0,40.07047447851666,7.070474478516658,7.070474478516658,75-100%
33.0,38.061469615642935,5.061469615642935,5.061469615642935,75-100%
33.0,36.94160671088095,3.941606710880947,3.941606710880947,75-100%
33.0,35.86150552785414,2.861505527854142,2.861505527854142,75-100%
24.0,39.52254611022123,15.522546110221228,15.522546110221228,75-100%
24.0,39.13150203317542,15.131502033175423,15.131502033175423,75-100%
24.0,40.84199382969561,16.84199382969561,16.84199382969561,75-100%
24.0,38.43436933985963,14.434369339859629,14.434369339859629,75-100%
24.0,38.43436933985963,14.434369339859629,14.434369339859629,75-100%
24.0,38.477944326638045,14.477944326638045,14.477944326638045,75-100%
24.0,38.16352325742535,14.163523257425346,14.163523257425346,75-100%
24.0,37.30801287926616,13.308012879266158,13.308012879266158,75-100%
24.0,37.30801287926616,13.308012879266158,13.308012879266158,75-100%
24.0,38.06783875056417,14.06783875056417,14.06783875056417,75-100%
24.0,38.477944326638045,14.477944326638045,14.477944326638045,75-100%
24.0,38.843735497583346,14.843735497583346,14.843735497583346,75-100%
24.0,37.30801287926616,13.308012879266158,13.308012879266158,75-100%
24.0,37.30801287926616,13.308012879266158,13.308012879266158,75-100%
24.0,38.620438245779475,14.620438245779475,14.620438245779475,75-100%
24.0,37.30801287926616,13.308012879266158,13.308012879266158,75-100%
24.0,35.46249270212939,11.462492702129389,11.462492702129389,75-100%
53.5,35.856759395413974,-17.643240604586026,17.643240604586026,75-100%
53.5,39.74594544839938,-13.754054551600618,13.754054551600618,75-100%
53.5,42.22067788189029,-11.279322118109711,11.279322118109711,75-100%
72.0,40.98850476659612,-31.011495233403878,31.011495233403878,75-100%
53.5,34.43668900005012,-19.063310999949877,19.063310999949877,75-100%
53.5,35.856759395413974,-17.643240604586026,17.643240604586026,75-100%
53.5,41.30429116549831,-12.195708834501687,12.195708834501687,75-100%
72.0,42.22067788189029,-29.77932211810971,29.77932211810971,75-100%
53.5,34.83851058383834,-18.661489416161658,18.661489416161658,75-100%
53.5,39.74594544839938,-13.754054551600618,13.754054551600618,75-100%
52.66666666666666,41.8337095432059,-10.832957123460758,10.832957123460758,75-100%
51.0,38.76027521710093,-12.239724782899067,12.239724782899067,75-100%
53.5,34.83851058383834,-18.661489416161658,18.661489416161658,75-100%
52.66666666666666,39.74594544839938,-12.920721218267275,12.920721218267275,75-100%
52.66666666666666,42.073023584152025,-10.593643082514632,10.593643082514632,75-100%
51.0,39.03554547832256,-11.964454521677439,11.964454521677439,75-100%
51.0,38.29617538340198,-12.70382461659802,12.70382461659802,75-100%
51.0,37.724404848144985,-13.275595151855015,13.275595151855015,75-100%
51.0,37.219469660724606,-13.780530339275394,13.780530339275394,75-100%
104.0,39.95157642441757,-64.04842357558243,64.04842357558243,75-100%
104.0,37.86028625607259,-66.13971374392742,66.13971374392742,75-100%
104.0,40.21342307896717,-63.78657692103283,63.78657692103283,75-100%
104.0,37.38245324037143,-66.61754675962857,66.61754675962857,75-100%
104.0,36.19091494737782,-67.80908505262218,67.80908505262218,75-100%
104.0,36.25169940963007,-67.74830059036992,67.74830059036992,75-100%
53.5,34.83851058383834,-18.661489416161658,18.661489416161658,75-100%
52.66666666666666,39.74594544839938,-12.920721218267275,12.920721218267275,75-100%
52.66666666666666,40.11747772825946,-12.549188938407198,12.549188938407198,75-100%
52.66666666666666,41.06680637777459,-11.599860288892067,11.599860288892067,75-100%
51.0,38.256664408655,-12.743335591345001,12.743335591345001,75-100%
51.0,38.51572504709019,-12.484274952909807,12.484274952909807,75-100%
77.5,37.368889853964234,-40.131110146035766,40.131110146035766,75-100%
77.5,37.9385811934668,-39.5614188065332,39.5614188065332,75-100%
104.0,39.95157642441757,-64.04842357558243,64.04842357558243,75-100%
104.0,39.1020621740955,-64.8979378259045,64.8979378259045,75-100%
104.0,36.60283330565382,-67.39716669434618,67.39716669434618,75-100%
104.0,36.36003288259439,-67.6399671174056,67.6399671174056,75-100%
104.0,36.94646209599857,-67.05353790400143,67.05353790400143,75-100%
52.66666666666666,35.856759395413974,-16.809907271252683,16.809907271252683,75-100%
52.66666666666666,39.74594544839938,-12.920721218267275,12.920721218267275,75-100%
51.0,41.06680637777459,-9.93319362222541,9.93319362222541,75-100%
51.0,38.038554087810056,-12.961445912189944,12.961445912189944,75-100%
51.0,38.29617538340198,-12.70382461659802,12.70382461659802,75-100%
51.0,38.42850208843145,-12.57149791156855,12.57149791156855,75-100%
77.5,36.87122510967676,-40.62877489032324,40.62877489032324,75-100%
77.5,37.724404848144985,-39.775595151855015,39.775595151855015,75-100%
104.0,41.858503060852016,-62.141496939147984,62.141496939147984,75-100%
104.0,40.21342307896717,-63.78657692103283,63.78657692103283,75-100%
104.0,37.38245324037143,-66.61754675962857,66.61754675962857,75-100%
104.0,36.36003288259439,-67.6399671174056,67.6399671174056,75-100%
104.0,37.13461883361092,-66.86538116638908,66.86538116638908,75-100%
104.0,37.54592520185479,-66.4540747981452,66.4540747981452,75-100%
51.0,39.74594544839938,-11.254054551600618,11.254054551600618,75-100%
51.0,41.44684635916694,-9.55315364083306,9.55315364083306,75-100%
51.0,42.22067788189029,-8.779322118109711,8.779322118109711,75-100%
51.0,39.7914715728969,-11.208528427103097,11.208528427103097,75-100%
104.0,38.17391337406904,-65.82608662593097,65.82608662593097,75-100%
104.0,39.170361952585395,-64.8296380474146,64.8296380474146,75-100%
104.0,36.95125024225846,-67.04874975774155,67.04874975774155,75-100%
104.0,36.36003288259439,-67.6399671174056,67.6399671174056,75-100%
104.0,36.36003288259439,-67.6399671174056,67.6399671174056,75-100%
104.0,37.43665433201303,-66.56334566798697,66.56334566798697,75-100%
104.0,38.41704724301525,-65.58295275698475,65.58295275698475,75-100%
51.0,39.2891016770958,-11.7108983229042,11.7108983229042,75-100%
51.0,39.70107128532417,-11.298928714675831,11.298928714675831,75-100%
51.0,38.42850208843145,-12.57149791156855,12.57149791156855,75-100%
104.0,37.81427160191443,-66.18572839808557,66.18572839808557,75-100%
104.0,38.17391337406904,-65.82608662593097,65.82608662593097,75-100%
104.0,36.84887111187709,-67.15112888812291,67.15112888812291,75-100%
104.0,36.35175829027288,-67.64824170972712,67.64824170972712,75-100%
104.0,37.37662217451164,-66.62337782548836,66.62337782548836,75-100%
104.0,37.37655464914202,-66.62344535085798,66.62344535085798,75-100%
104.0,36.84887111187709,-67.15112888812291,67.15112888812291,75-100%
104.0,38.17391337406904,-65.82608662593097,65.82608662593097,75-100%
104.0,37.80299520393853,-66.19700479606146,66.19700479606146,75-100%
33.5,25.060467656076263,-8.439532343923737,8.439532343923737,75-100%
33.5,26.22578961032281,-7.27421038967719,7.27421038967719,75-100%
33.5,26.6359367213701,-6.864063278629899,6.864063278629899,75-100%
33.5,26.32546415477082,-7.17453584522918,7.17453584522918,75-100%
33.5,27.268588617595697,-6.231411382404303,6.231411382404303,75-100%
33.5,25.78564908913853,-7.714350910861469,7.714350910861469,75-100%
33.5,26.6359367213701,-6.864063278629899,6.864063278629899,75-100%
33.5,25.855965979104127,-7.644034020895873,7.644034020895873,75-100%
33.5,25.996484347734125,-7.503515652265875,7.503515652265875,75-100%
33.5,27.268588617595697,-6.231411382404303,6.231411382404303,75-100%
33.5,27.268588617595697,-6.231411382404303,6.231411382404303,75-100%
33.5,24.33554960750064,-9.164450392499361,9.164450392499361,75-100%
33.5,25.78564908913853,-7.714350910861469,7.714350910861469,75-100%
33.5,26.6359367213701,-6.864063278629899,6.864063278629899,75-100%
33.5,26.6359367213701,-6.864063278629899,6.864063278629899,75-100%
33.5,25.996484347734125,-7.503515652265875,7.503515652265875,75-100%
33.5,26.841414033035342,-6.658585966964658,6.658585966964658,75-100%
33.5,27.268588617595697,-6.231411382404303,6.231411382404303,75-100%
33.5,26.6359367213701,-6.864063278629899,6.864063278629899,75-100%
33.5,26.19662492923974,-7.303375070760261,7.303375070760261,75-100%
33.5,27.059958639720936,-6.440041360279064,6.440041360279064,75-100%
33.5,26.6359367213701,-6.864063278629899,6.864063278629899,75-100%
33.5,26.264743458690063,-7.235256541309937,7.235256541309937,75-100%
33.5,26.6359367213701,-6.864063278629899,6.864063278629899,75-100%
33.5,26.32546415477082,-7.17453584522918,7.17453584522918,75-100%
33.5,26.6359367213701,-6.864063278629899,6.864063278629899,75-100%
33.5,26.636849643593855,-6.863150356406145,6.863150356406145,75-100%
33.5,26.6359367213701,-6.864063278629899,6.864063278629899,75-100%
33.5,26.6359367213701,-6.864063278629899,6.864063278629899,75-100%
33.5,26.264743458690063,-7.235256541309937,7.235256541309937,75-100%
33.5,27.059958639720936,-6.440041360279064,6.440041360279064,75-100%
33.5,26.636849643593855,-6.863150356406145,6.863150356406145,75-100%
33.5,26.05207331947926,-7.447926680520741,7.447926680520741,75-100%
33.5,26.32546415477082,-7.17453584522918,7.17453584522918,75-100%
33.5,27.059958639720936,-6.440041360279064,6.440041360279064,75-100%
33.5,27.059958639720936,-6.440041360279064,6.440041360279064,75-100%
33.5,26.264743458690063,-7.235256541309937,7.235256541309937,75-100%
34.0,25.220748643458673,-8.779251356541327,8.779251356541327,75-100%
34.0,26.684375081913107,-7.315624918086893,7.315624918086893,75-100%
34.0,25.486239099802418,-8.513760900197582,8.513760900197582,75-100%
34.0,26.277131654335104,-7.722868345664896,7.722868345664896,75-100%
34.0,26.277131654335104,-7.722868345664896,7.722868345664896,75-100%
34.0,25.269637570037325,-8.730362429962675,8.730362429962675,75-100%
34.0,24.99083267785522,-9.00916732214478,9.00916732214478,75-100%
34.0,26.684375081913107,-7.315624918086893,7.315624918086893,75-100%
34.0,25.567163147587518,-8.432836852412482,8.432836852412482,75-100%
33.5,26.025081568696237,-7.474918431303763,7.474918431303763,75-100%
34.0,25.864939254492903,-8.135060745507097,8.135060745507097,75-100%
33.5,26.594728879992893,-6.905271120007107,6.905271120007107,75-100%
33.5,24.92617483503067,-8.573825164969328,8.573825164969328,75-100%
33.5,24.974514524915588,-8.525485475084412,8.525485475084412,75-100%
33.5,24.991786164579896,-8.508213835420104,8.508213835420104,75-100%
33.5,24.991786164579896,-8.508213835420104,8.508213835420104,75-100%
33.5,26.107426329545085,-7.392573670454915,7.392573670454915,75-100%
33.5,24.857956859993575,-8.642043140006425,8.642043140006425,75-100%
33.5,25.093736532277365,-8.406263467722635,8.406263467722635,75-100%
33.5,25.268673890568493,-8.231326109431507,8.231326109431507,75-100%
33.5,24.991786164579896,-8.508213835420104,8.508213835420104,75-100%
33.5,25.22406405132037,-8.275935948679631,8.275935948679631,75-100%
33.5,24.986029439608707,-8.513970560391293,8.513970560391293,75-100%
33.0,24.991786164579896,-8.008213835420104,8.008213835420104,75-100%
33.5,25.241497133603207,-8.258502866396793,8.258502866396793,75-100%
33.5,25.241497133603207,-8.258502866396793,8.258502866396793,75-100%
33.5,24.991786164579896,-8.508213835420104,8.508213835420104,75-100%
33.5,25.2570229296096,-8.242977070390399,8.242977070390399,75-100%
33.0,24.986029439608707,-8.013970560391293,8.013970560391293,75-100%
33.0,24.991786164579896,-8.008213835420104,8.008213835420104,75-100%
33.5,26.684375081913107,-6.815624918086893,6.815624918086893,75-100%
33.5,25.241497133603207,-8.258502866396793,8.258502866396793,75-100%
33.5,25.616697968510703,-7.883302031489297,7.883302031489297,75-100%
33.5,24.991786164579896,-8.508213835420104,8.508213835420104,75-100%
33.0,25.135996837990866,-7.8640031620091335,7.8640031620091335,75-100%
33.0,25.263819305850866,-7.736180694149134,7.736180694149134,75-100%
33.0,24.986029439608707,-8.013970560391293,8.013970560391293,75-100%
33.0,25.093736532277365,-7.906263467722635,7.906263467722635,75-100%
33.0,24.991786164579896,-8.008213835420104,8.008213835420104,75-100%
33.0,24.9164173748199,-8.0835826251801,8.0835826251801,75-100%
33.0,24.968761625309796,-8.031238374690204,8.031238374690204,75-100%
33.0,24.991786164579896,-8.008213835420104,8.008213835420104,75-100%
33.0,24.922158678523573,-8.077841321476427,8.077841321476427,75-100%
90.0,25.3645919859041,-64.6354080140959,64.6354080140959,75-100%
90.0,25.796830661482964,-64.20316933851703,64.20316933851703,75-100%
90.0,24.74713674962752,-65.25286325037249,65.25286325037249,75-100%
90.0,25.086337156422278,-64.91366284357773,64.91366284357773,75-100%
90.0,24.55877374336569,-65.44122625663431,65.44122625663431,75-100%
90.0,25.797813716647674,-64.20218628335232,64.20218628335232,75-100%
90.0,25.08729414677662,-64.91270585322337,64.91270585322337,75-100%
90.0,24.719556024041495,-65.2804439759585,65.2804439759585,75-100%
90.0,24.912047852487774,-65.08795214751223,65.08795214751223,75-100%
90.0,25.059349039398633,-64.94065096060137,64.94065096060137,75-100%
90.0,24.600535419262506,-65.39946458073749,65.39946458073749,75-100%
90.0,24.847795973385658,-65.15220402661434,65.15220402661434,75-100%
90.0,25.08729414677662,-64.91270585322337,64.91270585322337,75-100%
90.0,29.65996079656387,-60.340039203436135,60.340039203436135,75-100%
90.0,29.65996079656387,-60.340039203436135,60.340039203436135,75-100%
90.0,29.944047092144984,-60.055952907855016,60.055952907855016,75-100%
90.0,25.946291846251604,-64.0537081537484,64.0537081537484,75-100%
90.0,24.974501876401515,-65.02549812359848,65.02549812359848,75-100%
90.0,29.944047092144984,-60.055952907855016,60.055952907855016,75-100%
90.0,29.944047092144984,-60.055952907855016,60.055952907855016,75-100%
90.0,29.07905452549693,-60.92094547450307,60.92094547450307,75-100%
90.0,28.802909419160795,-61.1970905808392,61.1970905808392,75-100%
90.0,29.07905452549693,-60.92094547450307,60.92094547450307,75-100%
90.0,28.802909419160795,-61.1970905808392,61.1970905808392,75-100%
90.0,27.778107916752827,-62.22189208324717,62.22189208324717,75-100%
90.0,29.04704823983984,-60.95295176016016,60.95295176016016,75-100%
90.0,28.633934500559164,-61.366065499440836,61.366065499440836,75-100%
90.0,29.47644290291513,-60.52355709708487,60.52355709708487,75-100%
90.0,29.47644290291513,-60.52355709708487,60.52355709708487,75-100%
90.0,28.90510826261539,-61.094891737384614,61.094891737384614,75-100%
38.0,27.2385600448935,-10.7614399551065,10.7614399551065,75-100%
38.0,27.721430062302197,-10.278569937697803,10.278569937697803,75-100%
38.0,29.997333121820706,-8.002666878179294,8.002666878179294,75-100%
38.0,29.630483476541148,-8.369516523458852,8.369516523458852,75-100%
38.0,28.581168702017152,-9.418831297982848,9.418831297982848,75-100%
38.0,29.700660314048815,-8.299339685951185,8.299339685951185,75-100%
38.0,27.983319638662685,-10.016680361337315,10.016680361337315,75-100%
38.0,29.7127576261446,-8.287242373855399,8.287242373855399,75-100%
38.0,29.7127576261446,-8.287242373855399,8.287242373855399,75-100%
38.0,29.163420604680056,-8.836579395319944,8.836579395319944,75-100%
38.0,29.51255797309247,-8.48744202690753,8.48744202690753,75-100%
38.0,29.51255797309247,-8.48744202690753,8.48744202690753,75-100%
38.0,29.74569288129772,-8.254307118702279,8.254307118702279,75-100%
38.0,29.997333121820706,-8.002666878179294,8.002666878179294,75-100%
38.0,29.997333121820706,-8.002666878179294,8.002666878179294,75-100%
38.0,29.344268245904743,-8.655731754095257,8.655731754095257,75-100%
38.0,29.04663943424717,-8.953360565752831,8.953360565752831,75-100%
36.0,29.7127576261446,-6.287242373855399,6.287242373855399,75-100%
36.0,29.612510064746143,-6.387489935253857,6.387489935253857,75-100%
38.0,29.997333121820706,-8.002666878179294,8.002666878179294,75-100%
36.0,30.728816477135112,-5.271183522864888,5.271183522864888,75-100%
34.0,30.50831242579595,-3.4916875742040503,3.4916875742040503,75-100%
34.0,30.34035346454063,-3.6596465354593697,3.6596465354593697,75-100%
36.0,29.911597403650237,-6.088402596349763,6.088402596349763,75-100%
36.0,30.766194378494554,-5.2338056215054465,5.2338056215054465,75-100%
34.0,30.766194378494554,-3.2338056215054465,3.2338056215054465,75-100%
34.0,32.34457414432793,-1.6554258556720711,1.6554258556720711,75-100%
34.0,32.653535287795975,-1.3464647122040247,1.3464647122040247,75-100%
72.0,32.66366417875683,-39.33633582124317,39.33633582124317,75-100%
72.0,28.98829529857065,-43.01170470142935,43.01170470142935,75-100%
34.0,30.256398094562005,-3.7436019054379948,3.7436019054379948,75-100%
34.0,32.229624578989714,-1.7703754210102858,1.7703754210102858,75-100%
34.0,32.62760314824447,-1.372396851755532,1.372396851755532,75-100%
25.0,32.35461004554175,7.354610045541747,7.354610045541747,75-100%
34.0,32.66366417875683,-1.3363358212431677,1.3363358212431677,75-100%
34.0,31.93406618178849,-2.0659338182115086,2.0659338182115086,75-100%
72.0,32.35461004554175,-39.64538995445825,39.64538995445825,75-100%
72.0,32.66366417875683,-39.33633582124317,39.33633582124317,75-100%
72.0,32.04826231843646,-39.95173768156354,39.95173768156354,75-100%
72.0,32.96608692061734,-39.03391307938266,39.03391307938266,75-100%
72.0,32.35447792255066,-39.64552207744934,39.64552207744934,75-100%
72.0,29.745571092648387,-42.25442890735161,42.25442890735161,75-100%
34.0,27.10545958059341,-6.894540419406589,6.894540419406589,75-100%
25.0,32.08793424997256,7.087934249972562,7.087934249972562,75-100%
25.0,32.229624578989714,7.229624578989714,7.229624578989714,75-100%
25.0,31.666771590418936,6.666771590418936,6.666771590418936,75-100%
25.0,32.35461004554175,7.354610045541747,7.354610045541747,75-100%
25.0,32.26525883161768,7.265258831617679,7.265258831617679,75-100%
39.0,33.10841050130523,-5.8915894986947706,5.8915894986947706,75-100%
53.0,32.66366417875683,-20.336335821243168,20.336335821243168,75-100%
53.0,35.38834539896809,-17.61165460103191,17.61165460103191,75-100%
72.0,32.35447792255066,-39.64552207744934,39.64552207744934,75-100%
72.0,29.77884630943902,-42.22115369056098,42.22115369056098,75-100%
25.0,31.5295288460076,6.529528846007601,6.529528846007601,75-100%
25.0,32.62760314824447,7.627603148244468,7.627603148244468,75-100%
25.0,32.31888007853063,7.318880078530633,7.318880078530633,75-100%
25.0,32.03553915180233,7.0355391518023325,7.0355391518023325,75-100%
40.66666666666666,33.10841050130523,-7.558256165361428,7.558256165361428,75-100%
40.66666666666666,32.66366417875683,-8.003002487909825,8.003002487909825,75-100%
53.0,33.96200949131744,-19.03799050868256,19.03799050868256,75-100%
53.0,33.782451235889155,-19.217548764110845,19.217548764110845,75-100%
53.0,33.58841162231657,-19.41158837768343,19.41158837768343,75-100%
53.0,32.653770690274094,-20.346229309725906,20.346229309725906,75-100%
72.0,32.96559675917135,-39.03440324082865,39.03440324082865,75-100%
72.0,30.633187620751578,-41.36681237924842,41.36681237924842,75-100%
16.0,30.720424522521032,14.720424522521032,14.720424522521032,75-100%
16.0,31.652541065006982,15.652541065006982,15.652541065006982,75-100%
16.0,31.352769693639637,15.352769693639637,15.352769693639637,75-100%
16.0,31.5604399041322,15.560439904132199,15.560439904132199,75-100%
16.0,31.5604399041322,15.560439904132199,15.560439904132199,75-100%
25.0,32.15524705335673,7.155247053356732,7.155247053356732,75-100%
40.66666666666666,34.50643952164769,-6.160227145018965,6.160227145018965,75-100%
53.0,34.50643952164769,-18.493560478352308,18.493560478352308,75-100%
53.0,33.81562168448064,-19.18437831551936,19.18437831551936,75-100%
53.0,32.522712613302836,-20.477287386697164,20.477287386697164,75-100%
53.0,32.96559675917135,-20.034403240828652,20.034403240828652,75-100%
72.0,30.376385433604998,-41.623614566395005,41.623614566395005,75-100%
16.0,30.997707408393296,14.997707408393296,14.997707408393296,75-100%
16.0,30.774098955050427,14.774098955050427,14.774098955050427,75-100%
25.0,28.237522815575325,3.237522815575325,3.237522815575325,75-100%
25.0,35.1444533020312,10.144453302031202,10.144453302031202,75-100%
40.66666666666666,33.96266653882489,-6.704000127841766,6.704000127841766,75-100%
53.0,34.192729055402495,-18.807270944597505,18.807270944597505,75-100%
53.0,33.81562168448064,-19.18437831551936,19.18437831551936,75-100%
53.0,32.96559675917135,-20.034403240828652,20.034403240828652,75-100%
53.0,32.522712613302836,-20.477287386697164,20.477287386697164,75-100%
16.0,29.94461497057139,13.94461497057139,13.94461497057139,75-100%
16.0,31.34002640445306,15.34002640445306,15.34002640445306,75-100%
25.0,30.694195940608836,5.694195940608836,5.694195940608836,75-100%
25.0,35.1444533020312,10.144453302031202,10.144453302031202,75-100%
34.0,31.722929217859836,-2.2770707821401643,2.2770707821401643,75-100%
34.0,32.486802572257204,-1.5131974277427958,1.5131974277427958,75-100%
34.0,32.522712613302836,-1.4772873866971636,1.4772873866971636,75-100%
34.0,31.413619174974002,-2.586380825025998,2.586380825025998,75-100%
34.0,32.12247102287473,-1.877528977125273,1.877528977125273,75-100%
34.0,33.044211015310275,-0.9557889846897254,0.9557889846897254,75-100%
34.0,32.486802572257204,-1.5131974277427958,1.5131974277427958,75-100%
34.0,29.95841953110796,-4.04158046889204,4.04158046889204,75-100%
34.0,31.605587167769876,-2.394412832230124,2.394412832230124,75-100%
34.0,32.35287256800017,-1.6471274319998273,1.6471274319998273,75-100%
34.0,31.605587167769876,-2.394412832230124,2.394412832230124,75-100%
34.0,31.605587167769876,-2.394412832230124,2.394412832230124,75-100%
34.0,32.35287256800017,-1.6471274319998273,1.6471274319998273,75-100%
34.0,31.554243662792942,-2.445756337207058,2.445756337207058,75-100%
34.0,30.217758185106092,-3.782241814893908,3.782241814893908,75-100%
34.0,28.489743000630412,-5.510256999369588,5.510256999369588,75-100%
34.0,29.692919435586866,-4.307080564413134,4.307080564413134,75-100%
34.0,32.90435661186862,-1.0956433881313785,1.0956433881313785,75-100%
7.0,8.180627858067401,1.1806278580674014,1.1806278580674014,25-50%
7.0,8.034696812826908,1.0346968128269083,1.0346968128269083,25-50%
7.0,8.107610919750012,1.1076109197500124,1.1076109197500124,25-50%
7.0,8.034696812826908,1.0346968128269083,1.0346968128269083,25-50%
7.0,8.034696812826908,1.0346968128269083,1.0346968128269083,25-50%
7.0,8.034696812826908,1.0346968128269083,1.0346968128269083,25-50%
7.0,8.034696812826908,1.0346968128269083,1.0346968128269083,25-50%
7.0,7.966452114952434,0.9664521149524337,0.9664521149524337,25-50%
7.0,8.180627858067401,1.1806278580674014,1.1806278580674014,25-50%
7.0,8.034696812826908,1.0346968128269083,1.0346968128269083,25-50%
7.0,7.885260437517726,0.8852604375177258,0.8852604375177258,25-50%
7.0,7.852463415386643,0.8524634153866426,0.8524634153866426,25-50%
7.0,8.034696812826908,1.0346968128269083,1.0346968128269083,25-50%
7.0,8.180627858067401,1.1806278580674014,1.1806278580674014,25-50%
7.0,8.180627858067401,1.1806278580674014,1.1806278580674014,25-50%
7.0,7.915201608674839,0.9152016086748391,0.9152016086748391,25-50%
7.0,7.950292807377506,0.9502928073775063,0.9502928073775063,25-50%
7.0,7.769761872010874,0.7697618720108741,0.7697618720108741,25-50%
7.0,7.775977822503414,0.775977822503414,0.775977822503414,25-50%
7.0,7.858737984198218,0.8587379841982177,0.8587379841982177,25-50%
7.0,8.180627858067401,1.1806278580674014,1.1806278580674014,25-50%
7.0,8.094860534623727,1.0948605346237272,1.0948605346237272,25-50%
7.0,7.648597724034112,0.6485977240341123,0.6485977240341123,25-50%
7.0,6.884375508933652,-0.11562449106634798,0.11562449106634798,25-50%
7.0,7.124471807801446,0.12447180780144596,0.12447180780144596,25-50%
7.0,7.995450973898457,0.9954509738984569,0.9954509738984569,25-50%
7.0,7.995450973898457,0.9954509738984569,0.9954509738984569,25-50%
7.0,7.614689374020875,0.614689374020875,0.614689374020875,25-50%
7.0,7.648597724034112,0.6485977240341123,0.6485977240341123,25-50%
7.0,7.995450973898457,0.9954509738984569,0.9954509738984569,25-50%
7.0,7.995450973898457,0.9954509738984569,0.9954509738984569,25-50%
7.0,7.769761872010874,0.7697618720108741,0.7697618720108741,25-50%
7.0,7.735378476623838,0.735378476623838,0.735378476623838,25-50%
5.0,9.811256410144555,4.811256410144555,4.811256410144555,0-25%
5.0,9.885734233513194,4.885734233513194,4.885734233513194,0-25%
5.0,9.885734233513194,4.885734233513194,4.885734233513194,0-25%
5.0,9.524030351590199,4.5240303515901985,4.5240303515901985,0-25%
5.0,9.885734233513194,4.885734233513194,4.885734233513194,0-25%
5.0,9.743044561850887,4.743044561850887,4.743044561850887,0-25%
5.0,9.81705387477351,4.81705387477351,4.81705387477351,0-25%
5.0,10.079794611204584,5.0797946112045835,5.0797946112045835,0-25%
5.0,9.179614509657089,4.179614509657089,4.179614509657089,0-25%
5.0,9.524030351590199,4.5240303515901985,4.5240303515901985,0-25%
5.0,9.885734233513194,4.885734233513194,4.885734233513194,0-25%
5.0,9.885734233513194,4.885734233513194,4.885734233513194,0-25%
5.0,9.778606165684042,4.778606165684042,4.778606165684042,0-25%
5.0,9.903675283239204,4.903675283239204,4.903675283239204,0-25%
5.0,10.079794611204584,5.0797946112045835,5.0797946112045835,0-25%
5.0,9.694017544427686,4.694017544427686,4.694017544427686,0-25%
5.0,10.061563772436012,5.061563772436012,5.061563772436012,0-25%
5.0,9.885734233513194,4.885734233513194,4.885734233513194,0-25%
5.0,9.856650762639894,4.8566507626398945,4.8566507626398945,0-25%
5.0,9.885734233513194,4.885734233513194,4.885734233513194,0-25%
5.0,9.885734233513194,4.885734233513194,4.885734233513194,0-25%
5.0,9.004223645114372,4.004223645114372,4.004223645114372,0-25%
5.0,9.77959067970394,4.77959067970394,4.77959067970394,0-25%
5.0,9.885734233513194,4.885734233513194,4.885734233513194,0-25%
5.0,9.885734233513194,4.885734233513194,4.885734233513194,0-25%
5.0,9.79925535304437,4.799255353044369,4.799255353044369,0-25%
5.0,10.061563772436012,5.061563772436012,5.061563772436012,0-25%
5.0,9.77959067970394,4.77959067970394,4.77959067970394,0-25%
5.0,9.221546298895221,4.2215462988952215,4.2215462988952215,0-25%
5.0,9.9160032296869,4.9160032296869005,4.9160032296869005,0-25%
5.0,9.885734233513194,4.885734233513194,4.885734233513194,0-25%
5.0,10.061563772436012,5.061563772436012,5.061563772436012,0-25%
5.0,10.061563772436012,5.061563772436012,5.061563772436012,0-25%
5.0,9.737528897901473,4.737528897901473,4.737528897901473,0-25%
5.0,9.245638887631747,4.245638887631747,4.245638887631747,0-25%
5.0,9.317649221290365,4.317649221290365,4.317649221290365,0-25%
5.0,9.316084595965851,4.316084595965851,4.316084595965851,0-25%
5.0,9.793404387415949,4.793404387415949,4.793404387415949,0-25%
5.0,9.612791736137945,4.612791736137945,4.612791736137945,0-25%
5.0,9.513644841661241,4.513644841661241,4.513644841661241,0-25%
5.0,9.231444549281502,4.231444549281502,4.231444549281502,0-25%
5.0,8.73116559300914,3.7311655930091394,3.7311655930091394,0-25%
5.0,8.957038561402863,3.9570385614028627,3.9570385614028627,0-25%
5.0,9.758973689455644,4.758973689455644,4.758973689455644,0-25%
5.0,9.780088105047605,4.780088105047605,4.780088105047605,0-25%
5.0,9.18731917297761,4.18731917297761,4.18731917297761,0-25%
6.0,8.677287924588175,2.6772879245881747,2.6772879245881747,25-50%
6.0,8.539724624404993,2.539724624404993,2.539724624404993,25-50%
6.0,8.938385623418053,2.9383856234180534,2.9383856234180534,25-50%
6.0,8.938385623418053,2.9383856234180534,2.9383856234180534,25-50%
6.0,8.775002511118414,2.775002511118414,2.775002511118414,25-50%
6.0,8.775002511118414,2.775002511118414,2.775002511118414,25-50%
6.0,8.860552005955133,2.8605520059551335,2.8605520059551335,25-50%
6.0,8.627409031357695,2.627409031357695,2.627409031357695,25-50%
6.0,8.539724624404993,2.539724624404993,2.539724624404993,25-50%
6.0,8.539724624404993,2.539724624404993,2.539724624404993,25-50%
6.0,9.06988125771866,3.0698812577186594,3.0698812577186594,25-50%
6.0,8.292614699429437,2.2926146994294374,2.2926146994294374,25-50%
6.0,8.205801171761715,2.205801171761715,2.205801171761715,25-50%
6.0,8.234386751081868,2.2343867510818676,2.2343867510818676,25-50%
6.0,8.234386751081868,2.2343867510818676,2.2343867510818676,25-50%
6.0,8.234386751081868,2.2343867510818676,2.2343867510818676,25-50%
8.0,10.330224260295996,2.3302242602959957,2.3302242602959957,25-50%
8.0,10.186850023241506,2.1868500232415062,2.1868500232415062,25-50%
8.0,10.330224260295996,2.3302242602959957,2.3302242602959957,25-50%
7.0,10.330224260295996,3.3302242602959957,3.3302242602959957,25-50%
6.5,11.03678676821954,4.536786768219541,4.536786768219541,25-50%
6.5,11.606946757648469,5.106946757648469,5.106946757648469,25-50%
6.5,11.105469694555174,4.605469694555174,4.605469694555174,25-50%
8.0,11.37763997372916,3.37763997372916,3.37763997372916,25-50%
8.0,11.042324845578046,3.0423248455780456,3.0423248455780456,25-50%
7.0,10.186850023241506,3.1868500232415062,3.1868500232415062,25-50%
6.5,11.03678676821954,4.536786768219541,4.536786768219541,25-50%
6.5,11.668220012286575,5.168220012286575,5.168220012286575,25-50%
6.5,11.660261909397223,5.160261909397223,5.160261909397223,25-50%
6.5,11.876012048134685,5.376012048134685,5.376012048134685,25-50%
6.666666666666668,11.156826653055644,4.490159986388976,4.490159986388976,25-50%
6.0,10.267670366449082,4.267670366449082,4.267670366449082,25-50%
8.0,11.289801877330028,3.289801877330028,3.289801877330028,25-50%
9.0,10.984754661015616,1.9847546610156162,1.9847546610156162,50-75%
6.5,11.428590780425129,4.928590780425129,4.928590780425129,25-50%
6.5,11.757373857290364,5.257373857290364,5.257373857290364,25-50%
6.666666666666668,11.783293765902496,5.116627099235828,5.116627099235828,25-50%
6.666666666666668,11.725540685210104,5.058874018543436,5.058874018543436,25-50%
6.666666666666668,11.54303808575662,4.876371419089953,4.876371419089953,25-50%
6.666666666666668,11.892295432412087,5.2256287657454195,5.2256287657454195,25-50%
6.666666666666668,10.822120257687782,4.155453591021114,4.155453591021114,25-50%
8.0,11.37763997372916,3.37763997372916,3.37763997372916,25-50%
8.0,11.37763997372916,3.37763997372916,3.37763997372916,25-50%
9.0,11.37763997372916,2.37763997372916,2.37763997372916,50-75%
9.0,11.37763997372916,2.37763997372916,2.37763997372916,50-75%
8.0,11.18906853089314,3.18906853089314,3.18906853089314,25-50%
6.5,11.416184584310551,4.916184584310551,4.916184584310551,25-50%
6.666666666666668,11.54303808575662,4.876371419089953,4.876371419089953,25-50%
6.666666666666668,11.892295432412087,5.2256287657454195,5.2256287657454195,25-50%
6.666666666666668,10.822120257687782,4.155453591021114,4.155453591021114,25-50%
7.0,10.267670366449082,3.2676703664490816,3.2676703664490816,25-50%
7.0,10.446803348190137,3.4468033481901372,3.4468033481901372,25-50%
9.0,11.197976814449774,2.197976814449774,2.197976814449774,50-75%
9.0,11.154919859271967,2.154919859271967,2.154919859271967,50-75%
9.0,11.197976814449774,2.197976814449774,2.197976814449774,50-75%
9.0,11.37763997372916,2.37763997372916,2.37763997372916,50-75%
8.666666666666666,11.042324845578046,2.3756581789113795,2.3756581789113795,50-75%
8.0,11.18906853089314,3.18906853089314,3.18906853089314,25-50%
6.666666666666668,11.227309145026116,4.560642478359448,4.560642478359448,25-50%
6.666666666666668,11.884196566633662,5.217529899966994,5.217529899966994,25-50%
6.666666666666668,11.69991042723332,5.033243760566652,5.033243760566652,25-50%
6.666666666666668,11.705161977838639,5.038495311171971,5.038495311171971,25-50%
7.0,10.446803348190137,3.4468033481901372,3.4468033481901372,25-50%
9.5,11.363145692468752,1.863145692468752,1.863145692468752,50-75%
9.5,11.441731466834653,1.9417314668346535,1.9417314668346535,50-75%
6.666666666666668,11.895527204229015,5.228860537562348,5.228860537562348,25-50%
6.666666666666668,11.535158621432926,4.868491954766258,4.868491954766258,25-50%
6.666666666666668,11.535158621432926,4.868491954766258,4.868491954766258,25-50%
6.5,11.279484266615704,4.779484266615704,4.779484266615704,25-50%
7.0,10.267670366449082,3.2676703664490816,3.2676703664490816,25-50%
7.0,10.267670366449082,3.2676703664490816,3.2676703664490816,25-50%
7.0,10.267670366449082,3.2676703664490816,3.2676703664490816,25-50%
9.5,11.568828057097926,2.0688280570979263,2.0688280570979263,50-75%
9.5,11.75395345875491,2.2539534587549106,2.2539534587549106,50-75%
9.5,11.708933992759293,2.2089339927592935,2.2089339927592935,50-75%
9.5,11.527912235749872,2.027912235749872,2.027912235749872,50-75%
9.5,11.527912235749872,2.027912235749872,2.027912235749872,50-75%
9.5,11.775791532904698,2.275791532904698,2.275791532904698,50-75%
9.5,11.520042273398083,2.020042273398083,2.020042273398083,50-75%
7.0,11.038606296140472,4.038606296140472,4.038606296140472,25-50%
7.0,11.373817882334599,4.373817882334599,4.373817882334599,25-50%
7.0,11.497641853422309,4.497641853422309,4.497641853422309,25-50%
7.0,11.010561592230312,4.010561592230312,4.010561592230312,25-50%
7.0,10.02090657871603,3.02090657871603,3.02090657871603,25-50%
7.0,10.02090657871603,3.02090657871603,3.02090657871603,25-50%
9.5,11.245851340092027,1.7458513400920275,1.7458513400920275,50-75%
7.0,11.102829286639098,4.102829286639098,4.102829286639098,25-50%
7.0,11.010561592230312,4.010561592230312,4.010561592230312,25-50%
5.0,19.74596737060764,14.74596737060764,14.74596737060764,0-25%
5.0,19.406470354185608,14.406470354185608,14.406470354185608,0-25%
5.0,19.406470354185608,14.406470354185608,14.406470354185608,0-25%
5.0,19.74596737060764,14.74596737060764,14.74596737060764,0-25%
5.0,20.15742587164855,15.157425871648549,15.157425871648549,0-25%
5.0,20.473657390119875,15.473657390119875,15.473657390119875,0-25%
5.0,19.406470354185608,14.406470354185608,14.406470354185608,0-25%
5.0,19.334438697399985,14.334438697399985,14.334438697399985,0-25%
5.0,19.334438697399985,14.334438697399985,14.334438697399985,0-25%
5.0,19.406470354185608,14.406470354185608,14.406470354185608,0-25%
5.0,19.406470354185608,14.406470354185608,14.406470354185608,0-25%
5.0,19.406470354185608,14.406470354185608,14.406470354185608,0-25%
5.0,19.681702631061786,14.681702631061786,14.681702631061786,0-25%
5.0,19.334438697399985,14.334438697399985,14.334438697399985,0-25%
5.0,19.406470354185608,14.406470354185608,14.406470354185608,0-25%
5.0,19.681702631061786,14.681702631061786,14.681702631061786,0-25%
5.0,19.406470354185608,14.406470354185608,14.406470354185608,0-25%
5.0,20.15742587164855,15.157425871648549,15.157425871648549,0-25%
7.0,13.234099155868067,6.234099155868067,6.234099155868067,25-50%
7.0,13.549514303616236,6.549514303616236,6.549514303616236,25-50%
7.0,13.540374382482408,6.540374382482408,6.540374382482408,25-50%
7.0,13.540374382482408,6.540374382482408,6.540374382482408,25-50%
7.0,13.540374382482408,6.540374382482408,6.540374382482408,25-50%
7.0,13.127534773792553,6.1275347737925525,6.1275347737925525,25-50%
7.0,13.549514303616236,6.549514303616236,6.549514303616236,25-50%
7.0,12.972188653137657,5.972188653137657,5.972188653137657,25-50%
7.0,13.549514303616236,6.549514303616236,6.549514303616236,25-50%
7.0,13.540374382482408,6.540374382482408,6.540374382482408,25-50%
7.0,13.44157380266184,6.441573802661839,6.441573802661839,25-50%
7.0,13.302203788049226,6.302203788049226,6.302203788049226,25-50%
7.0,13.549514303616236,6.549514303616236,6.549514303616236,25-50%
7.0,13.549514303616236,6.549514303616236,6.549514303616236,25-50%
7.0,13.549514303616236,6.549514303616236,6.549514303616236,25-50%
7.0,13.225157376714423,6.225157376714423,6.225157376714423,25-50%
7.0,13.43250168912937,6.432501689129371,6.432501689129371,25-50%
7.0,14.332644193012012,7.332644193012012,7.332644193012012,25-50%
7.0,13.302203788049226,6.302203788049226,6.302203788049226,25-50%
7.0,13.225157376714423,6.225157376714423,6.225157376714423,25-50%
7.0,13.437601470148895,6.437601470148895,6.437601470148895,25-50%
7.0,13.428531852012846,6.428531852012846,6.428531852012846,25-50%
7.0,13.640124810195912,6.640124810195912,6.640124810195912,25-50%
7.0,13.530250348560775,6.5302503485607755,6.5302503485607755,25-50%
75.0,10.249765532975044,-64.75023446702495,64.75023446702495,75-100%
75.0,10.249765532975044,-64.75023446702495,64.75023446702495,75-100%
75.0,10.249765532975044,-64.75023446702495,64.75023446702495,75-100%
75.0,10.646488854858866,-64.35351114514114,64.35351114514114,75-100%
75.0,10.646488854858866,-64.35351114514114,64.35351114514114,75-100%
75.0,10.754413978788802,-64.2455860212112,64.2455860212112,75-100%
75.0,10.44955848302618,-64.55044151697382,64.55044151697382,75-100%
75.0,10.477438455379064,-64.52256154462094,64.52256154462094,75-100%
75.0,10.754413978788802,-64.2455860212112,64.2455860212112,75-100%
75.0,10.754413978788802,-64.2455860212112,64.2455860212112,75-100%
75.0,10.767387442698752,-64.23261255730125,64.23261255730125,75-100%
75.0,10.754413978788802,-64.2455860212112,64.2455860212112,75-100%
75.0,10.754413978788802,-64.2455860212112,64.2455860212112,75-100%
75.0,10.767387442698752,-64.23261255730125,64.23261255730125,75-100%
75.0,10.759995237644132,-64.24000476235587,64.24000476235587,75-100%
75.0,10.752616541536582,-64.24738345846342,64.24738345846342,75-100%
75.0,10.754413978788802,-64.2455860212112,64.2455860212112,75-100%
37.0,11.383263317577438,-25.616736682422562,25.616736682422562,75-100%
37.0,11.353863202018665,-25.646136797981335,25.646136797981335,75-100%
56.0,11.19639966845731,-44.80360033154269,44.80360033154269,75-100%
56.0,10.641178036799609,-45.35882196320039,45.35882196320039,75-100%
56.0,10.959761885988017,-45.040238114011984,45.040238114011984,75-100%
56.0,10.946576330574379,-45.05342366942562,45.05342366942562,75-100%
75.0,10.44955848302618,-64.55044151697382,64.55044151697382,75-100%
37.0,11.653323532237117,-25.346676467762883,25.346676467762883,75-100%
37.0,11.145881157470773,-25.854118842529225,25.854118842529225,75-100%
37.0,11.137532947966362,-25.862467052033637,25.862467052033637,75-100%
37.0,11.015915935817803,-25.9840840641822,25.9840840641822,75-100%
56.0,10.840435095152756,-45.159564904847244,45.159564904847244,75-100%
56.0,10.959761885988017,-45.040238114011984,45.040238114011984,75-100%
56.0,10.959761885988017,-45.040238114011984,45.040238114011984,75-100%
75.0,10.767387442698752,-64.23261255730125,64.23261255730125,75-100%
37.0,11.543889416648199,-25.4561105833518,25.4561105833518,75-100%
37.0,10.92493306868236,-26.07506693131764,26.07506693131764,75-100%
37.0,11.128526435267752,-25.87147356473225,25.87147356473225,75-100%
37.0,11.237985220494473,-25.762014779505527,25.762014779505527,75-100%
37.0,11.020354763523397,-25.979645236476603,25.979645236476603,75-100%
56.0,11.193084902679496,-44.806915097320505,44.806915097320505,75-100%
56.0,10.959761885988017,-45.040238114011984,45.040238114011984,75-100%
56.0,11.19639966845731,-44.80360033154269,44.80360033154269,75-100%
37.0,11.178388936814656,-25.821611063185344,25.821611063185344,75-100%
37.0,10.944733494686698,-26.055266505313302,26.055266505313302,75-100%
37.0,11.145881157470773,-25.854118842529225,25.854118842529225,75-100%
37.0,11.237985220494473,-25.762014779505527,25.762014779505527,75-100%
37.0,11.250178183884705,-25.749821816115293,25.749821816115293,75-100%
37.0,11.237985220494473,-25.762014779505527,25.762014779505527,75-100%
37.0,11.205498757190817,-25.794501242809183,25.794501242809183,75-100%
37.0,10.944733494686698,-26.055266505313302,26.055266505313302,75-100%
37.0,11.125747295026462,-25.874252704973536,25.874252704973536,75-100%
37.0,11.437363504909163,-25.562636495090835,25.562636495090835,75-100%
37.0,11.237985220494473,-25.762014779505527,25.762014779505527,75-100%
37.0,11.209195727305499,-25.7908042726945,25.7908042726945,75-100%
37.0,11.253888687121508,-25.74611131287849,25.74611131287849,75-100%
37.0,11.241692030558045,-25.758307969441955,25.758307969441955,75-100%
37.0,11.137532947966362,-25.862467052033637,25.862467052033637,75-100%
37.0,11.322900863912565,-25.677099136087435,25.677099136087435,75-100%
37.0,11.322900863912565,-25.677099136087435,25.677099136087435,75-100%
37.0,11.322900863912565,-25.677099136087435,25.677099136087435,75-100%
73.0,11.439079166080607,-61.5609208339194,61.5609208339194,75-100%
73.0,11.543514938877458,-61.45648506112254,61.45648506112254,75-100%
73.0,11.551399655891379,-61.44860034410862,61.44860034410862,75-100%
73.0,11.439079166080607,-61.5609208339194,61.5609208339194,75-100%
73.0,11.593266294675484,-61.40673370532451,61.40673370532451,75-100%
73.0,11.415290419093049,-61.58470958090695,61.58470958090695,75-100%
73.0,11.258309702349635,-61.741690297650365,61.741690297650365,75-100%
73.0,11.237985220494473,-61.76201477950553,61.76201477950553,75-100%
73.0,11.54704686137802,-61.45295313862198,61.45295313862198,75-100%
73.0,11.551399655891379,-61.44860034410862,61.44860034410862,75-100%
73.0,11.439079166080607,-61.5609208339194,61.5609208339194,75-100%
73.0,11.415290419093049,-61.58470958090695,61.58470958090695,75-100%
73.0,11.096398981127773,-61.90360101887222,61.90360101887222,75-100%
73.0,11.403188317701426,-61.59681168229857,61.59681168229857,75-100%
73.0,11.403188317701426,-61.59681168229857,61.59681168229857,75-100%
73.0,11.407491205118196,-61.5925087948818,61.5925087948818,75-100%
73.0,11.439079166080607,-61.5609208339194,61.5609208339194,75-100%
73.0,11.448848220175316,-61.551151779824686,61.551151779824686,75-100%
73.0,11.401245485585113,-61.598754514414885,61.598754514414885,75-100%
73.0,11.54704686137802,-61.45295313862198,61.45295313862198,75-100%
73.0,11.448848220175316,-61.551151779824686,61.551151779824686,75-100%
73.0,11.435051420180594,-61.56494857981941,61.56494857981941,75-100%
73.0,11.60233400186748,-61.397665998132524,61.397665998132524,75-100%
73.0,11.598253394418254,-61.40174660558175,61.40174660558175,75-100%
73.0,11.706149826625495,-61.29385017337451,61.29385017337451,75-100%
73.0,11.568362456056391,-61.43163754394361,61.43163754394361,75-100%
73.0,11.401245485585113,-61.598754514414885,61.598754514414885,75-100%
73.0,11.434765324036707,-61.565234675963296,61.565234675963296,75-100%
73.0,11.592444502019266,-61.40755549798074,61.40755549798074,75-100%
73.0,11.60233400186748,-61.397665998132524,61.397665998132524,75-100%
73.0,11.60233400186748,-61.397665998132524,61.397665998132524,75-100%
73.0,11.706149826625495,-61.29385017337451,61.29385017337451,75-100%
73.0,11.60233400186748,-61.397665998132524,61.397665998132524,75-100%
73.0,11.543897239374436,-61.45610276062556,61.45610276062556,75-100%
11.0,22.609339612480408,11.609339612480408,11.609339612480408,50-75%
11.0,21.918572202663725,10.918572202663725,10.918572202663725,50-75%
11.0,22.609339612480408,11.609339612480408,11.609339612480408,50-75%
11.0,22.41512300295787,11.41512300295787,11.41512300295787,50-75%
11.0,22.609339612480408,11.609339612480408,11.609339612480408,50-75%
11.0,22.609339612480408,11.609339612480408,11.609339612480408,50-75%
11.0,22.271109555492465,11.271109555492465,11.271109555492465,50-75%
11.0,22.034868052317552,11.034868052317552,11.034868052317552,50-75%
11.0,22.034868052317552,11.034868052317552,11.034868052317552,50-75%
11.0,22.319745980440537,11.319745980440537,11.319745980440537,50-75%
11.0,22.609339612480408,11.609339612480408,11.609339612480408,50-75%
11.0,21.918572202663725,10.918572202663725,10.918572202663725,50-75%
11.0,20.39405786665614,9.39405786665614,9.39405786665614,50-75%
11.0,20.380618242655416,9.380618242655416,9.380618242655416,50-75%
11.0,20.380618242655416,9.380618242655416,9.380618242655416,50-75%
11.0,22.034868052317552,11.034868052317552,11.034868052317552,50-75%
11.0,22.609339612480408,11.609339612480408,11.609339612480408,50-75%
11.0,21.746991025795,10.746991025795001,10.746991025795001,50-75%
11.0,20.39405786665614,9.39405786665614,9.39405786665614,50-75%
15.0,29.30512397022646,14.305123970226461,14.305123970226461,50-75%
128.0,20.127888880941732,-107.87211111905827,107.87211111905827,75-100%
128.0,20.148939043284372,-107.85106095671563,107.85106095671563,75-100%
128.0,20.127888880941732,-107.87211111905827,107.87211111905827,75-100%
128.0,20.071803636969957,-107.92819636303004,107.92819636303004,75-100%
15.0,29.582120403992842,14.582120403992842,14.582120403992842,50-75%
128.0,20.106444602636586,-107.89355539736341,107.89355539736341,75-100%
128.0,20.11630398022165,-107.88369601977834,107.88369601977834,75-100%
128.0,20.127888880941732,-107.87211111905827,107.87211111905827,75-100%
128.0,20.078186156017978,-107.92181384398202,107.92181384398202,75-100%
128.0,20.155344926170084,-107.84465507382991,107.84465507382991,75-100%
128.0,20.13428838786341,-107.8657116121366,107.8657116121366,75-100%
128.0,20.155344926170084,-107.84465507382991,107.84465507382991,75-100%
15.0,29.36591909257015,14.365919092570149,14.365919092570149,50-75%
128.0,20.155638181879837,-107.84436181812016,107.84436181812016,75-100%
128.0,19.84454836275541,-108.1554516372446,108.1554516372446,75-100%
128.0,19.84454836275541,-108.1554516372446,108.1554516372446,75-100%
128.0,19.84454836275541,-108.1554516372446,108.1554516372446,75-100%
128.0,20.19796008488146,-107.80203991511854,107.80203991511854,75-100%
128.0,20.00864691596374,-107.99135308403626,107.99135308403626,75-100%
128.0,20.0242477101937,-107.97575228980631,107.97575228980631,75-100%
13.5,30.511617852426205,17.011617852426205,17.011617852426205,50-75%
15.0,29.385006778922758,14.385006778922758,14.385006778922758,50-75%
15.0,29.09615764525111,14.096157645251111,14.096157645251111,50-75%
15.0,30.201860203004138,15.201860203004138,15.201860203004138,50-75%
15.0,29.98028812804575,14.98028812804575,14.98028812804575,50-75%
15.0,30.182259374032597,15.182259374032597,15.182259374032597,50-75%
128.0,20.060249489061334,-107.93975051093867,107.93975051093867,75-100%
128.0,20.179839486855172,-107.82016051314483,107.82016051314483,75-100%
128.0,20.144877329837353,-107.85512267016264,107.85512267016264,75-100%
128.0,19.78707623452469,-108.21292376547531,108.21292376547531,75-100%
128.0,20.483818457101947,-107.51618154289805,107.51618154289805,75-100%
128.0,20.0242477101937,-107.97575228980631,107.97575228980631,75-100%
128.0,20.03870821261291,-107.9612917873871,107.9612917873871,75-100%
128.0,20.059156842067637,-107.94084315793236,107.94084315793236,75-100%
13.5,29.85098186811527,16.35098186811527,16.35098186811527,50-75%
13.5,29.85098186811527,16.35098186811527,16.35098186811527,50-75%
13.5,31.121234035043084,17.621234035043084,17.621234035043084,50-75%
15.0,29.87375829577106,14.873758295771061,14.873758295771061,50-75%
15.0,29.960826489376256,14.960826489376256,14.960826489376256,50-75%
15.0,29.960826489376256,14.960826489376256,14.960826489376256,50-75%
128.0,20.131685481954033,-107.86831451804596,107.86831451804596,75-100%
128.0,19.803401403734938,-108.19659859626506,108.19659859626506,75-100%
128.0,19.90924880295269,-108.09075119704731,108.09075119704731,75-100%
128.0,19.78707623452469,-108.21292376547531,108.21292376547531,75-100%
128.0,20.38467676829119,-107.61532323170881,107.61532323170881,75-100%
128.0,20.483818457101947,-107.51618154289805,107.51618154289805,75-100%
128.0,20.0242477101937,-107.97575228980631,107.97575228980631,75-100%
12.0,28.428027855361446,16.428027855361446,16.428027855361446,50-75%
12.0,28.21998543937246,16.21998543937246,16.21998543937246,50-75%
12.0,28.61657814514143,16.61657814514143,16.61657814514143,50-75%
12.0,29.23961210059825,17.23961210059825,17.23961210059825,50-75%
13.5,29.85098186811527,16.35098186811527,16.35098186811527,50-75%
13.5,28.983898522784763,15.483898522784763,15.483898522784763,50-75%
13.5,31.289564264511128,17.789564264511128,17.789564264511128,50-75%
15.0,31.063298382877445,16.063298382877445,16.063298382877445,50-75%
15.0,31.193584214639994,16.193584214639994,16.193584214639994,50-75%
128.0,19.927226809178066,-108.07277319082193,108.07277319082193,75-100%
128.0,20.240075069998902,-107.75992493000109,107.75992493000109,75-100%
128.0,20.627498702844086,-107.3725012971559,107.3725012971559,75-100%
128.0,20.56834252264374,-107.43165747735625,107.43165747735625,75-100%
128.0,20.55601971265086,-107.44398028734915,107.44398028734915,75-100%
13.5,31.121234035043084,17.621234035043084,17.621234035043084,50-75%
12.0,29.58250330094111,17.58250330094111,17.58250330094111,50-75%
67.0,20.845444628542673,-46.15455537145733,46.15455537145733,75-100%
67.0,20.769125397497977,-46.23087460250203,46.23087460250203,75-100%
67.0,20.56494443184711,-46.43505556815289,46.43505556815289,75-100%
67.0,20.650915008709788,-46.34908499129021,46.34908499129021,75-100%
67.0,20.90222245064023,-46.09777754935977,46.09777754935977,75-100%
67.0,20.637314028530973,-46.36268597146903,46.36268597146903,75-100%
67.0,20.914743172428338,-46.08525682757166,46.08525682757166,75-100%
67.0,20.735688370789035,-46.264311629210965,46.264311629210965,75-100%
67.0,20.637314028530973,-46.36268597146903,46.36268597146903,75-100%
67.0,20.759834628996625,-46.24016537100337,46.24016537100337,75-100%
67.0,20.382514089874025,-46.61748591012598,46.61748591012598,75-100%
67.0,20.610834673539884,-46.389165326460116,46.389165326460116,75-100%
67.0,20.662318516955303,-46.3376814830447,46.3376814830447,75-100%
67.0,20.742592674761575,-46.257407325238425,46.257407325238425,75-100%
67.0,20.802685014200797,-46.1973149857992,46.1973149857992,75-100%
67.0,20.742592674761575,-46.257407325238425,46.257407325238425,75-100%
67.0,20.81956104855244,-46.180438951447556,46.180438951447556,75-100%
67.0,20.849452720929357,-46.15054727907064,46.15054727907064,75-100%
131.0,19.636930924422348,-111.36306907557766,111.36306907557766,75-100%
195.0,17.154374362531904,-177.8456256374681,177.8456256374681,75-100%
67.0,20.90222245064023,-46.09777754935977,46.09777754935977,75-100%
67.0,21.025254966266903,-45.9747450337331,45.9747450337331,75-100%
67.0,21.025254966266903,-45.9747450337331,45.9747450337331,75-100%
67.0,21.04674555900407,-45.953254440995934,45.953254440995934,75-100%
131.0,19.465110358994764,-111.53488964100524,111.53488964100524,75-100%
131.0,19.528033705397068,-111.47196629460294,111.47196629460294,75-100%
131.0,19.64990307466634,-111.35009692533366,111.35009692533366,75-100%
131.0,19.38880273178931,-111.61119726821069,111.61119726821069,75-100%
195.0,19.673542993739186,-175.32645700626082,175.32645700626082,75-100%
195.0,17.477582921714166,-177.52241707828583,177.52241707828583,75-100%
195.0,19.39716617572043,-175.60283382427957,175.60283382427957,75-100%
67.0,21.03909980189828,-45.96090019810172,45.96090019810172,75-100%
67.0,21.04674555900407,-45.953254440995934,45.953254440995934,75-100%
131.0,19.465110358994764,-111.53488964100524,111.53488964100524,75-100%
131.0,19.64990307466634,-111.35009692533366,111.35009692533366,75-100%
195.0,17.89968168196877,-177.10031831803124,177.10031831803124,75-100%
195.0,19.673542993739186,-175.32645700626082,175.32645700626082,75-100%
195.0,19.707876999042163,-175.29212300095784,175.29212300095784,75-100%
195.0,20.18477030977148,-174.81522969022853,174.81522969022853,75-100%
195.0,20.008388500557263,-174.99161149944274,174.99161149944274,75-100%
195.0,20.02488747776968,-174.97511252223032,174.97511252223032,75-100%
195.0,20.18477030977148,-174.81522969022853,174.81522969022853,75-100%
195.0,19.84685791153963,-175.15314208846036,175.15314208846036,75-100%
195.0,20.15864121003373,-174.84135878996628,174.84135878996628,75-100%
195.0,20.02488747776968,-174.97511252223032,174.97511252223032,75-100%
195.0,20.175258188492634,-174.82474181150735,174.82474181150735,75-100%
195.0,20.198086825892474,-174.80191317410754,174.80191317410754,75-100%
195.0,20.198086825892474,-174.80191317410754,174.80191317410754,75-100%
195.0,19.673542993739186,-175.32645700626082,175.32645700626082,75-100%
69.0,36.70937221939172,-32.29062778060828,32.29062778060828,75-100%
69.0,35.93466246419548,-33.06533753580452,33.06533753580452,75-100%
69.0,35.32428264857783,-33.67571735142217,33.67571735142217,75-100%
69.0,35.42185046748464,-33.57814953251536,33.57814953251536,75-100%
69.0,36.33499036186762,-32.66500963813238,32.66500963813238,75-100%
69.0,37.50584694022144,-31.49415305977856,31.49415305977856,75-100%
69.0,36.23497639959609,-32.76502360040391,32.76502360040391,75-100%
69.0,36.198820427034796,-32.801179572965204,32.801179572965204,75-100%
69.0,36.23497639959609,-32.76502360040391,32.76502360040391,75-100%
69.0,35.93466246419548,-33.06533753580452,33.06533753580452,75-100%
69.0,36.33499036186762,-32.66500963813238,32.66500963813238,75-100%
69.0,37.50584694022144,-31.49415305977856,31.49415305977856,75-100%
69.0,37.2280652670133,-31.7719347329867,31.7719347329867,75-100%
69.0,36.19657773971231,-32.80342226028769,32.80342226028769,75-100%
69.0,36.99504884763243,-32.00495115236757,32.00495115236757,75-100%
69.0,36.225790141629346,-32.774209858370654,32.774209858370654,75-100%
69.0,37.29581914401662,-31.70418085598338,31.70418085598338,75-100%
69.0,35.345686926023376,-33.654313073976624,33.654313073976624,75-100%
86.5,28.202111613378065,-58.297888386621935,58.297888386621935,75-100%
86.5,28.202111613378065,-58.297888386621935,58.297888386621935,75-100%
86.5,28.202111613378065,-58.297888386621935,58.297888386621935,75-100%
86.5,28.202111613378065,-58.297888386621935,58.297888386621935,75-100%
86.5,30.44236458613656,-56.05763541386344,56.05763541386344,75-100%
86.5,30.41106907397777,-56.08893092602223,56.08893092602223,75-100%
86.5,30.32768651349784,-56.17231348650216,56.17231348650216,75-100%
86.5,30.32768651349784,-56.17231348650216,56.17231348650216,75-100%
86.5,29.912970777511756,-56.58702922248824,56.58702922248824,75-100%
86.5,29.363239442211817,-57.13676055778818,57.13676055778818,75-100%
86.5,30.41106907397777,-56.08893092602223,56.08893092602223,75-100%
86.5,30.164370693676887,-56.33562930632311,56.33562930632311,75-100%
86.5,30.2784509327207,-56.2215490672793,56.2215490672793,75-100%
86.5,30.247318568652105,-56.252681431347895,56.252681431347895,75-100%
86.5,30.2784509327207,-56.2215490672793,56.2215490672793,75-100%
86.5,29.912970777511756,-56.58702922248824,56.58702922248824,75-100%
86.5,29.363239442211817,-57.13676055778818,57.13676055778818,75-100%
86.5,28.202111613378065,-58.297888386621935,58.297888386621935,75-100%
86.5,31.787210568607314,-54.712789431392686,54.712789431392686,75-100%
86.5,31.787210568607314,-54.712789431392686,54.712789431392686,75-100%
86.5,30.291917643928425,-56.20808235607157,56.20808235607157,75-100%
86.5,29.668769991878712,-56.83123000812129,56.83123000812129,75-100%
86.5,29.69154428914036,-56.80845571085964,56.80845571085964,75-100%
86.5,28.202111613378065,-58.297888386621935,58.297888386621935,75-100%
86.5,31.537546983316254,-54.962453016683746,54.962453016683746,75-100%
86.5,30.692474755464897,-55.8075252445351,55.8075252445351,75-100%
86.5,30.312859754436676,-56.18714024556333,56.18714024556333,75-100%
86.5,29.69154428914036,-56.80845571085964,56.80845571085964,75-100%
86.5,29.88295400668305,-56.61704599331695,56.61704599331695,75-100%
86.5,29.912970777511756,-56.58702922248824,56.58702922248824,75-100%
86.5,28.202111613378065,-58.297888386621935,58.297888386621935,75-100%
86.5,30.692474755464897,-55.8075252445351,55.8075252445351,75-100%
86.5,30.168359846110416,-56.33164015388958,56.33164015388958,75-100%
86.5,30.312859754436676,-56.18714024556333,56.18714024556333,75-100%
86.5,29.69154428914036,-56.80845571085964,56.80845571085964,75-100%
86.5,29.912970777511756,-56.58702922248824,56.58702922248824,75-100%
29.0,30.204640321490864,1.2046403214908636,1.2046403214908636,75-100%
29.0,29.929261538822495,0.9292615388224945,0.9292615388224945,75-100%
29.0,30.207155451686624,1.2071554516866243,1.2071554516866243,75-100%
29.0,30.186811930033603,1.1868119300336026,1.1868119300336026,75-100%
29.0,29.585472165889737,0.5854721658897368,0.5854721658897368,75-100%
29.0,29.806133388833487,0.8061333888334872,0.8061333888334872,75-100%
29.0,29.929261538822495,0.9292615388224945,0.9292615388224945,75-100%
29.0,30.018120998362654,1.0181209983626545,1.0181209983626545,75-100%
29.0,30.202267171164124,1.2022671711641237,1.2022671711641237,75-100%
29.0,29.585472165889737,0.5854721658897368,0.5854721658897368,75-100%
95.66666666666669,29.21319281796151,-66.45347384870517,66.45347384870517,75-100%
95.66666666666669,27.623417286422836,-68.04324938024385,68.04324938024385,75-100%
104.0,27.94798222722318,-76.05201777277682,76.05201777277682,75-100%
29.0,30.042481137718916,1.0424811377189158,1.0424811377189158,75-100%
29.0,29.935028833259743,0.935028833259743,0.935028833259743,75-100%
29.0,30.018120998362654,1.0181209983626545,1.0181209983626545,75-100%
29.0,29.629784230935577,0.6297842309355772,0.6297842309355772,75-100%
91.5,29.246468463645495,-62.2535315363545,62.2535315363545,75-100%
95.66666666666669,29.394910800719117,-66.27175586594757,66.27175586594757,75-100%
95.66666666666669,29.643952756078196,-66.0227139105885,66.0227139105885,75-100%
95.66666666666669,29.643952756078196,-66.0227139105885,66.0227139105885,75-100%
29.0,29.986535434326886,0.9865354343268855,0.9865354343268855,75-100%
29.0,29.981681711665175,0.9816817116651748,0.9816817116651748,75-100%
29.0,29.413245958512263,0.4132459585122632,0.4132459585122632,75-100%
29.0,29.629784230935577,0.6297842309355772,0.6297842309355772,75-100%
95.66666666666669,29.468531998302844,-66.19813466836385,66.19813466836385,75-100%
95.66666666666669,30.02262719355296,-65.64403947311372,65.64403947311372,75-100%
95.66666666666669,30.003138957726232,-65.66352770894045,65.66352770894045,75-100%
129.0,19.92470428501096,-109.07529571498904,109.07529571498904,75-100%
129.0,20.021713491330026,-108.97828650866998,108.97828650866998,75-100%
129.0,18.85827981711977,-110.14172018288023,110.14172018288023,75-100%
104.0,27.94798222722318,-76.05201777277682,76.05201777277682,75-100%
29.0,28.94490447558412,-0.05509552441587928,0.05509552441587928,75-100%
29.0,29.06428251154427,0.06428251154427045,0.06428251154427045,75-100%
29.0,29.04539630233024,0.04539630233023928,0.04539630233023928,75-100%
95.66666666666669,29.032640054713735,-66.63402661195295,66.63402661195295,75-100%
95.66666666666669,29.270428344684653,-66.39623832198203,66.39623832198203,75-100%
95.66666666666669,30.040361726434366,-65.62630494023232,65.62630494023232,75-100%
129.0,19.986866428174153,-109.01313357182585,109.01313357182585,75-100%
129.0,18.85827981711977,-110.14172018288023,110.14172018288023,75-100%
129.0,18.85827981711977,-110.14172018288023,110.14172018288023,75-100%
129.0,18.85827981711977,-110.14172018288023,110.14172018288023,75-100%
129.0,18.85827981711977,-110.14172018288023,110.14172018288023,75-100%
29.0,29.04539630233024,0.04539630233023928,0.04539630233023928,75-100%
29.0,29.88606072301658,0.8860607230165805,0.8860607230165805,75-100%
95.66666666666669,29.40820005509227,-66.25846661157442,66.25846661157442,75-100%
129.0,18.85827981711977,-110.14172018288023,110.14172018288023,75-100%
129.0,18.85827981711977,-110.14172018288023,110.14172018288023,75-100%
129.0,18.705504385663993,-110.294495614336,110.294495614336,75-100%
129.0,18.85827981711977,-110.14172018288023,110.14172018288023,75-100%
154.0,17.970276443738385,-136.02972355626162,136.02972355626162,75-100%
95.0,32.34012365143847,-62.65987634856153,62.65987634856153,75-100%
95.0,29.746719245708352,-65.25328075429165,65.25328075429165,75-100%
95.0,30.612685843897594,-64.3873141561024,64.3873141561024,75-100%
95.0,30.612685843897594,-64.3873141561024,64.3873141561024,75-100%
95.0,30.612685843897594,-64.3873141561024,64.3873141561024,75-100%
95.0,31.156853008545944,-63.843146991454056,63.843146991454056,75-100%
95.0,30.612685843897594,-64.3873141561024,64.3873141561024,75-100%
95.0,30.612685843897594,-64.3873141561024,64.3873141561024,75-100%
95.0,30.69805777278691,-64.30194222721309,64.30194222721309,75-100%
95.0,30.69805777278691,-64.30194222721309,64.30194222721309,75-100%
95.0,30.612685843897594,-64.3873141561024,64.3873141561024,75-100%
95.0,30.179335466519287,-64.82066453348071,64.82066453348071,75-100%
95.0,30.612685843897594,-64.3873141561024,64.3873141561024,75-100%
95.0,30.179335466519287,-64.82066453348071,64.82066453348071,75-100%
95.0,30.179335466519287,-64.82066453348071,64.82066453348071,75-100%
167.0,36.537468199831764,-130.46253180016822,130.46253180016822,75-100%
167.0,33.84695525218282,-133.15304474781718,133.15304474781718,75-100%
167.0,36.5669483207094,-130.4330516792906,130.4330516792906,75-100%
167.0,36.75808839915738,-130.24191160084263,130.24191160084263,75-100%
167.0,36.537468199831764,-130.46253180016822,130.46253180016822,75-100%
167.0,33.68614650207573,-133.31385349792427,133.31385349792427,75-100%
167.0,33.84695525218282,-133.15304474781718,133.15304474781718,75-100%
167.0,33.15551562046403,-133.84448437953597,133.84448437953597,75-100%
167.0,32.997897666859714,-134.00210233314027,134.00210233314027,75-100%
167.0,32.39336429970822,-134.60663570029178,134.60663570029178,75-100%
167.0,33.048791364139376,-133.9512086358606,133.9512086358606,75-100%
167.0,33.50054213052587,-133.49945786947413,133.49945786947413,75-100%
167.0,33.48083066568431,-133.51916933431568,133.51916933431568,75-100%
167.0,32.997897666859714,-134.00210233314027,134.00210233314027,75-100%
167.0,33.401933194343805,-133.5980668056562,133.5980668056562,75-100%
167.0,33.24317809398526,-133.75682190601475,133.75682190601475,75-100%
167.0,33.68614650207573,-133.31385349792427,133.31385349792427,75-100%
167.0,32.83185910144504,-134.16814089855495,134.16814089855495,75-100%
167.0,33.0701940639313,-133.9298059360687,133.9298059360687,75-100%
167.0,33.67530368546761,-133.3246963145324,133.3246963145324,75-100%
167.0,33.84695525218282,-133.15304474781718,133.15304474781718,75-100%
167.0,33.401933194343805,-133.5980668056562,133.5980668056562,75-100%
167.0,33.80516771868157,-133.19483228131844,133.19483228131844,75-100%
167.0,33.45917000634293,-133.54082999365707,133.54082999365707,75-100%
167.0,32.530839944978595,-134.4691600550214,134.4691600550214,75-100%
167.0,33.0701940639313,-133.9298059360687,133.9298059360687,75-100%
167.0,33.653520859294645,-133.34647914070536,133.34647914070536,75-100%
167.0,33.827045868420385,-133.17295413157962,133.17295413157962,75-100%
167.0,33.15551562046403,-133.84448437953597,133.84448437953597,75-100%
167.0,33.401933194343805,-133.5980668056562,133.5980668056562,75-100%
167.0,33.45917000634293,-133.54082999365707,133.54082999365707,75-100%
167.0,33.0701940639313,-133.9298059360687,133.9298059360687,75-100%
167.0,33.16807739125061,-133.83192260874938,133.83192260874938,75-100%
167.0,33.648092741012135,-133.35190725898786,133.35190725898786,75-100%
167.0,33.07654703942844,-133.92345296057155,133.92345296057155,75-100%
167.0,33.16807739125061,-133.83192260874938,133.83192260874938,75-100%
167.0,33.48083066568431,-133.51916933431568,133.51916933431568,75-100%
87.0,35.126036661237976,-51.873963338762024,51.873963338762024,75-100%
75.5,31.268650249409824,-44.23134975059018,44.23134975059018,75-100%
75.5,31.268650249409824,-44.23134975059018,44.23134975059018,75-100%
75.5,35.126036661237976,-40.373963338762024,40.373963338762024,75-100%
87.0,34.534852772699736,-52.465147227300264,52.465147227300264,75-100%
64.0,31.268650249409824,-32.73134975059018,32.73134975059018,75-100%
75.5,32.09151350879426,-43.40848649120574,43.40848649120574,75-100%
75.5,31.268650249409824,-44.23134975059018,44.23134975059018,75-100%
75.5,31.268650249409824,-44.23134975059018,44.23134975059018,75-100%
64.0,33.4615423860523,-30.5384576139477,30.5384576139477,75-100%
64.0,33.4615423860523,-30.5384576139477,30.5384576139477,75-100%
75.5,31.268650249409824,-44.23134975059018,44.23134975059018,75-100%
64.0,35.126036661237976,-28.873963338762024,28.873963338762024,75-100%
64.0,32.897597084666074,-31.102402915333926,31.102402915333926,75-100%
64.0,35.126036661237976,-28.873963338762024,28.873963338762024,75-100%
64.0,34.534852772699736,-29.465147227300264,29.465147227300264,75-100%
64.0,34.534852772699736,-29.465147227300264,29.465147227300264,75-100%
9.0,5.505406774934195,-3.494593225065805,3.494593225065805,50-75%
9.0,5.738147588051846,-3.261852411948154,3.261852411948154,50-75%
9.0,5.738147588051846,-3.261852411948154,3.261852411948154,50-75%
9.0,5.750010893444646,-3.249989106555354,3.249989106555354,50-75%
9.0,5.750010893444646,-3.249989106555354,3.249989106555354,50-75%
9.0,5.750010893444646,-3.249989106555354,3.249989106555354,50-75%
9.0,5.606198411178623,-3.3938015888213773,3.3938015888213773,50-75%
9.0,5.594587859658869,-3.405412140341131,3.405412140341131,50-75%
9.0,5.594587859658869,-3.405412140341131,3.405412140341131,50-75%
9.0,5.738147588051846,-3.261852411948154,3.261852411948154,50-75%
9.0,5.738147588051846,-3.261852411948154,3.261852411948154,50-75%
9.0,5.6566336437571225,-3.3433663562428775,3.3433663562428775,50-75%
9.0,5.58259459303966,-3.4174054069603397,3.4174054069603397,50-75%
9.0,5.741538006473248,-3.258461993526752,3.258461993526752,50-75%
9.0,5.594587859658869,-3.405412140341131,3.405412140341131,50-75%
9.0,5.606198411178623,-3.3938015888213773,3.3938015888213773,50-75%
9.0,5.59790604345772,-3.40209395654228,3.40209395654228,50-75%
9.0,5.729046986385784,-3.270953013614216,3.270953013614216,50-75%
9.0,5.750010893444646,-3.249989106555354,3.249989106555354,50-75%
9.0,5.6044220808837,-3.3955779191163,3.3955779191163,50-75%
9.0,5.70322952159829,-3.29677047840171,3.29677047840171,50-75%
9.0,5.606198411178623,-3.3938015888213773,3.3938015888213773,50-75%
9.0,5.606198411178623,-3.3938015888213773,3.3938015888213773,50-75%
9.0,5.606198411178623,-3.3938015888213773,3.3938015888213773,50-75%
9.0,5.750010893444646,-3.249989106555354,3.249989106555354,50-75%
9.0,5.70322952159829,-3.29677047840171,3.29677047840171,50-75%
9.0,5.680281888778111,-3.3197181112218894,3.3197181112218894,50-75%
9.0,5.70322952159829,-3.29677047840171,3.29677047840171,50-75%
9.0,5.629489362553642,-3.3705106374463583,3.3705106374463583,50-75%
8.0,5.5737623119467266,-2.4262376880532734,2.4262376880532734,25-50%
8.0,5.904420708199464,-2.0955792918005356,2.0955792918005356,25-50%
8.5,5.594587859658869,-2.905412140341131,2.905412140341131,50-75%
8.5,5.606198411178623,-2.8938015888213773,2.8938015888213773,50-75%
8.5,5.594587859658869,-2.905412140341131,2.905412140341131,50-75%
8.5,5.70322952159829,-2.79677047840171,2.79677047840171,50-75%
9.0,5.680281888778111,-3.3197181112218894,3.3197181112218894,50-75%
9.0,5.70322952159829,-3.29677047840171,3.29677047840171,50-75%
8.0,5.571843918942488,-2.4281560810575122,2.4281560810575122,25-50%
8.0,5.553930744396111,-2.4460692556038888,2.4460692556038888,25-50%
8.0,5.5737623119467266,-2.4262376880532734,2.4262376880532734,25-50%
8.5,5.383472819169264,-3.1165271808307358,3.1165271808307358,50-75%
8.5,5.318928490264038,-3.181071509735962,3.181071509735962,50-75%
8.5,5.311463680999209,-3.188536319000791,3.188536319000791,50-75%
8.0,5.553930744396111,-2.4460692556038888,2.4460692556038888,25-50%
8.0,5.601982902004301,-2.398017097995699,2.398017097995699,25-50%
8.0,5.670309949705223,-2.3296900502947766,2.3296900502947766,25-50%
8.0,5.607920880313438,-2.392079119686562,2.392079119686562,25-50%
8.0,5.553930744396111,-2.4460692556038888,2.4460692556038888,25-50%
8.0,5.877124073322463,-2.122875926677537,2.122875926677537,25-50%
8.0,5.553930744396111,-2.4460692556038888,2.4460692556038888,25-50%
56.5,5.376464543939237,-51.123535456060765,51.123535456060765,75-100%
8.0,5.609849804576662,-2.390150195423338,2.390150195423338,25-50%
8.0,5.607920880313438,-2.392079119686562,2.392079119686562,25-50%
8.0,5.852041502580515,-2.147958497419485,2.147958497419485,25-50%
8.0,5.852041502580515,-2.147958497419485,2.147958497419485,25-50%
105.0,5.809191452443352,-99.19080854755664,99.19080854755664,75-100%
56.5,5.376464543939237,-51.123535456060765,51.123535456060765,75-100%
56.5,5.364995088915112,-51.13500491108489,51.13500491108489,75-100%
56.5,5.3688607748173585,-51.13113922518264,51.13113922518264,75-100%
56.5,5.215289070920088,-51.284710929079914,51.284710929079914,75-100%
56.5,5.363137619558728,-51.13686238044127,51.13686238044127,75-100%
8.0,5.68939806625229,-2.3106019337477104,2.3106019337477104,25-50%
8.0,5.878048631176441,-2.1219513688235594,2.1219513688235594,25-50%
105.0,5.884930447290345,-99.11506955270966,99.11506955270966,75-100%
105.0,5.884930447290345,-99.11506955270966,99.11506955270966,75-100%
105.0,5.809191452443352,-99.19080854755664,99.19080854755664,75-100%
39.66666666666666,5.428992744316341,-34.23767392235032,34.23767392235032,75-100%
56.5,5.7449630227733115,-50.75503697722669,50.75503697722669,75-100%
55.5,5.5424104046115374,-49.95758959538846,49.95758959538846,75-100%
55.5,5.794760992001125,-49.70523900799888,49.70523900799888,75-100%
55.5,5.809191452443352,-49.69080854755665,49.69080854755665,75-100%
55.5,6.3078515264403725,-49.19214847355963,49.19214847355963,75-100%
55.5,5.400996396528272,-50.09900360347173,50.09900360347173,75-100%
55.5,5.400996396528272,-50.09900360347173,50.09900360347173,75-100%
55.5,5.884930447290345,-49.615069552709656,49.615069552709656,75-100%
55.5,6.450007563780041,-49.04999243621996,49.04999243621996,75-100%
6.0,6.3078515264403725,0.3078515264403725,0.3078515264403725,25-50%
55.5,5.650076010922988,-49.84992398907701,49.84992398907701,75-100%
55.5,6.2038579179163715,-49.29614208208363,49.29614208208363,75-100%
6.0,6.3078515264403725,0.3078515264403725,0.3078515264403725,25-50%
6.0,6.241612660900684,0.24161266090068434,0.24161266090068434,25-50%
55.5,6.010455109718577,-49.48954489028142,49.48954489028142,75-100%
6.0,6.3078515264403725,0.3078515264403725,0.3078515264403725,25-50%
6.0,6.389137143531523,0.3891371435315234,0.3891371435315234,25-50%
6.0,6.153270503401801,0.15327050340180115,0.15327050340180115,25-50%
6.0,6.0084873973692075,0.00848739736920745,0.00848739736920745,25-50%
6.0,5.966190457651841,-0.03380954234815903,0.03380954234815903,25-50%
6.0,6.03188376959182,0.031883769591820155,0.031883769591820155,25-50%
7.0,6.214342805089428,-0.7856571949105717,0.7856571949105717,25-50%
7.0,5.716295779101987,-1.283704220898013,1.283704220898013,25-50%
7.0,5.697818550611975,-1.3021814493880246,1.3021814493880246,25-50%
7.0,6.67035850505444,-0.3296414949455597,0.3296414949455597,25-50%
7.0,5.848906009482202,-1.151093990517798,1.151093990517798,25-50%
7.0,5.760981033182263,-1.2390189668177367,1.2390189668177367,25-50%
7.0,6.754880059630763,-0.24511994036923657,0.24511994036923657,25-50%
7.0,6.67035850505444,-0.3296414949455597,0.3296414949455597,25-50%
7.0,6.57651605648359,-0.42348394351640994,0.42348394351640994,25-50%
7.0,5.763867830379105,-1.2361321696208947,1.2361321696208947,25-50%
7.0,5.627600691788525,-1.3723993082114747,1.3723993082114747,25-50%
7.0,5.760981033182263,-1.2390189668177367,1.2390189668177367,25-50%
7.0,6.815795417706799,-0.18420458229320058,0.18420458229320058,25-50%
7.0,6.67091442899999,-0.32908557100001,0.32908557100001,25-50%
7.0,6.742692337588485,-0.2573076624115149,0.2573076624115149,25-50%
7.0,6.641598366180041,-0.35840163381995893,0.35840163381995893,25-50%
7.0,6.555970040589654,-0.4440299594103463,0.4440299594103463,25-50%
7.0,5.755693790144819,-1.2443062098551811,1.2443062098551811,25-50%
7.0,5.76295463737552,-1.23704536262448,1.23704536262448,25-50%
7.0,6.742778641085034,-0.25722135891496567,0.25722135891496567,25-50%
7.0,6.691518673193853,-0.30848132680614704,0.30848132680614704,25-50%
7.0,6.735734636370862,-0.26426536362913833,0.26426536362913833,25-50%
7.0,6.339101121543483,-0.6608988784565168,0.6608988784565168,25-50%
7.0,5.463644412543665,-1.5363555874563346,1.5363555874563346,25-50%
7.0,5.681654316871939,-1.3183456831280607,1.3183456831280607,25-50%
7.0,5.750805921777092,-1.2491940782229083,1.2491940782229083,25-50%
7.0,5.64540257242961,-1.3545974275703898,1.3545974275703898,25-50%
7.0,5.760981033182263,-1.2390189668177367,1.2390189668177367,25-50%
7.0,6.6706012882189984,-0.32939871178100155,0.32939871178100155,25-50%
7.0,5.41834189736857,-1.5816581026314296,1.5816581026314296,25-50%
7.0,5.463644412543665,-1.5363555874563346,1.5363555874563346,25-50%
7.0,5.405199217933357,-1.5948007820666428,1.5948007820666428,25-50%
7.0,5.6876639535207545,-1.3123360464792455,1.3123360464792455,25-50%
7.0,6.339101121543483,-0.6608988784565168,0.6608988784565168,25-50%
44.0,6.819495896048705,-37.18050410395129,37.18050410395129,75-100%
44.0,6.892269672496914,-37.107730327503084,37.107730327503084,75-100%
44.0,6.686006701347489,-37.31399329865251,37.31399329865251,75-100%
44.0,6.755606564762915,-37.244393435237086,37.244393435237086,75-100%
44.0,6.892269672496914,-37.107730327503084,37.107730327503084,75-100%
44.0,6.892269672496914,-37.107730327503084,37.107730327503084,75-100%
44.0,6.935433216480798,-37.064566783519204,37.064566783519204,75-100%
44.0,6.654682321925633,-37.345317678074366,37.345317678074366,75-100%
44.0,6.790950188341894,-37.209049811658105,37.209049811658105,75-100%
44.0,6.826546920796561,-37.17345307920344,37.17345307920344,75-100%
44.0,6.9457676075207395,-37.054232392479264,37.054232392479264,75-100%
44.0,6.727749605149321,-37.27225039485068,37.27225039485068,75-100%
44.0,6.674513633374249,-37.32548636662575,37.32548636662575,75-100%
44.0,6.913602014054544,-37.08639798594545,37.08639798594545,75-100%
44.0,6.675799244280566,-37.32420075571943,37.32420075571943,75-100%
44.0,6.654682321925633,-37.345317678074366,37.345317678074366,75-100%
44.0,6.774732376889797,-37.225267623110206,37.225267623110206,75-100%
44.0,6.892269672496914,-37.107730327503084,37.107730327503084,75-100%
44.0,6.805449249744273,-37.19455075025573,37.19455075025573,75-100%
44.0,6.974228055531562,-37.02577194446844,37.02577194446844,75-100%
44.0,6.891020646335763,-37.10897935366424,37.10897935366424,75-100%
44.0,6.746376006877578,-37.253623993122424,37.253623993122424,75-100%
44.0,6.675799244280566,-37.32420075571943,37.32420075571943,75-100%
44.0,6.624384175108204,-37.375615824891796,37.375615824891796,75-100%
44.0,6.624384175108204,-37.375615824891796,37.375615824891796,75-100%
44.0,6.7020992196846745,-37.297900780315324,37.297900780315324,75-100%
44.0,6.732442939910371,-37.26755706008963,37.26755706008963,75-100%
44.0,6.802064767266036,-37.19793523273396,37.19793523273396,75-100%
44.0,6.725494448957549,-37.27450555104245,37.27450555104245,75-100%
44.0,6.672274012808955,-37.327725987191045,37.327725987191045,75-100%
44.0,6.624384175108204,-37.375615824891796,37.375615824891796,75-100%
44.0,6.603408700958081,-37.396591299041916,37.396591299041916,75-100%
44.0,6.774732376889797,-37.225267623110206,37.225267623110206,75-100%
44.0,6.838779263272907,-37.161220736727095,37.161220736727095,75-100%
44.0,6.764192116137789,-37.23580788386221,37.23580788386221,75-100%
44.0,6.732442939910371,-37.26755706008963,37.26755706008963,75-100%
44.0,6.6814666320422855,-37.31853336795771,37.31853336795771,75-100%
44.0,6.442748457876513,-37.55725154212349,37.55725154212349,75-100%
44.0,6.834868471956567,-37.16513152804343,37.16513152804343,75-100%
104.0,7.726277368451972,-96.27372263154803,96.27372263154803,75-100%
104.0,7.476073699866252,-96.52392630013375,96.52392630013375,75-100%
104.0,7.545083674370609,-96.4549163256294,96.4549163256294,75-100%
104.0,6.8228493849702465,-97.17715061502976,97.17715061502976,75-100%
104.0,6.740950963017165,-97.25904903698283,97.25904903698283,75-100%
104.0,7.659557791075748,-96.34044220892426,96.34044220892426,75-100%
104.0,7.659557791075748,-96.34044220892426,96.34044220892426,75-100%
104.0,7.657754750029594,-96.3422452499704,96.3422452499704,75-100%
104.0,7.657754750029594,-96.3422452499704,96.3422452499704,75-100%
104.0,6.740950963017165,-97.25904903698283,97.25904903698283,75-100%
104.0,6.867034699333592,-97.13296530066641,97.13296530066641,75-100%
104.0,6.86867306711877,-97.13132693288122,97.13132693288122,75-100%
104.0,6.86867306711877,-97.13132693288122,97.13132693288122,75-100%
104.0,7.659557791075748,-96.34044220892426,96.34044220892426,75-100%
104.0,7.659557791075748,-96.34044220892426,96.34044220892426,75-100%
104.0,7.896881858152477,-96.10311814184752,96.10311814184752,75-100%
104.0,7.896881858152477,-96.10311814184752,96.10311814184752,75-100%
104.0,6.867034699333592,-97.13296530066641,97.13296530066641,75-100%
104.0,6.86867306711877,-97.13132693288122,97.13132693288122,75-100%
104.0,6.867034699333592,-97.13296530066641,97.13296530066641,75-100%
104.0,6.857159678854401,-97.1428403211456,97.1428403211456,75-100%
104.0,7.630865850325108,-96.36913414967489,96.36913414967489,75-100%
104.0,7.657754750029594,-96.3422452499704,96.3422452499704,75-100%
104.0,8.118240100313418,-95.88175989968659,95.88175989968659,75-100%
104.0,7.290456734929456,-96.70954326507055,96.70954326507055,75-100%
104.0,6.867034699333592,-97.13296530066641,97.13296530066641,75-100%
104.0,6.867034699333592,-97.13296530066641,97.13296530066641,75-100%
104.0,6.867034699333592,-97.13296530066641,97.13296530066641,75-100%
104.0,7.657754750029594,-96.3422452499704,96.3422452499704,75-100%
104.0,8.237131479000784,-95.76286852099922,95.76286852099922,75-100%
104.0,8.241136431074178,-95.75886356892582,95.75886356892582,75-100%
18.0,7.928062314516337,-10.071937685483663,10.071937685483663,75-100%
18.0,7.896881858152477,-10.103118141847524,10.103118141847524,75-100%
104.0,6.86867306711877,-97.13132693288122,97.13132693288122,75-100%
104.0,6.86867306711877,-97.13132693288122,97.13132693288122,75-100%
104.0,6.867034699333592,-97.13296530066641,97.13296530066641,75-100%
104.0,6.86867306711877,-97.13132693288122,97.13132693288122,75-100%
104.0,8.237131479000784,-95.76286852099922,95.76286852099922,75-100%
18.0,7.8673318187845265,-10.132668181215474,10.132668181215474,75-100%
18.0,7.848714595993975,-10.151285404006025,10.151285404006025,75-100%
18.0,7.9268621906765295,-10.07313780932347,10.07313780932347,75-100%
18.0,7.2006871905211005,-10.799312809478899,10.799312809478899,75-100%
18.0,7.954622345234214,-10.045377654765787,10.045377654765787,75-100%
18.0,8.012988856080622,-9.987011143919378,9.987011143919378,75-100%
18.0,7.849904213701907,-10.150095786298092,10.150095786298092,75-100%
18.0,7.497485135593636,-10.502514864406365,10.502514864406365,75-100%
18.0,7.491864593194798,-10.508135406805202,10.508135406805202,75-100%
18.0,7.818996717490662,-10.181003282509337,10.181003282509337,75-100%
18.0,7.122018947207012,-10.877981052792988,10.877981052792988,75-100%
46.0,7.417707828985542,-38.58229217101446,38.58229217101446,75-100%
46.0,7.395016592021472,-38.60498340797853,38.60498340797853,75-100%
46.0,7.662475645534903,-38.337524354465096,38.337524354465096,75-100%
46.0,7.385255299790304,-38.6147447002097,38.6147447002097,75-100%
18.0,7.928062314516337,-10.071937685483663,10.071937685483663,75-100%
18.0,7.8673318187845265,-10.132668181215474,10.132668181215474,75-100%
18.0,7.9892784329383435,-10.010721567061657,10.010721567061657,75-100%
18.0,7.9892784329383435,-10.010721567061657,10.010721567061657,75-100%
18.0,7.954622345234214,-10.045377654765787,10.045377654765787,75-100%
18.0,7.973462392271323,-10.026537607728677,10.026537607728677,75-100%
18.0,7.977353025082511,-10.022646974917489,10.022646974917489,75-100%
27.33333333333333,7.977353025082511,-19.355980308250818,19.355980308250818,75-100%
32.0,7.344017476706688,-24.65598252329331,24.65598252329331,75-100%
46.0,7.395016592021472,-38.60498340797853,38.60498340797853,75-100%
46.0,7.3874727022971305,-38.61252729770287,38.61252729770287,75-100%
46.0,7.0533550458196235,-38.94664495418038,38.94664495418038,75-100%
46.0,6.987554964161608,-39.01244503583839,39.01244503583839,75-100%
46.0,7.052039564941693,-38.947960435058306,38.947960435058306,75-100%
18.0,7.751790936180784,-10.248209063819216,10.248209063819216,75-100%
18.0,7.973462392271323,-10.026537607728677,10.026537607728677,75-100%
18.0,8.071503157361006,-9.928496842638994,9.928496842638994,75-100%
27.33333333333333,7.701563367717138,-19.63176996561619,19.63176996561619,75-100%
27.33333333333333,7.622020143967718,-19.71131318936561,19.71131318936561,75-100%
32.0,7.32395402750015,-24.67604597249985,24.67604597249985,75-100%
46.0,7.030334043495223,-38.96966595650478,38.96966595650478,75-100%
46.0,7.030334043495223,-38.96966595650478,38.96966595650478,75-100%
46.0,7.052039564941693,-38.947960435058306,38.947960435058306,75-100%
46.0,7.021759437263412,-38.97824056273659,38.97824056273659,75-100%
7.0,7.747024681414161,0.7470246814141612,0.7470246814141612,25-50%
12.5,8.298714576119476,-4.201285423880524,4.201285423880524,50-75%
14.333333333333336,7.55747090633607,-6.775862426997266,6.775862426997266,50-75%
14.333333333333336,7.925830928979238,-6.407502404354098,6.407502404354098,50-75%
14.333333333333336,7.956492313361425,-6.376841019971911,6.376841019971911,50-75%
14.333333333333336,8.090589115382778,-6.242744217950557,6.242744217950557,50-75%
46.0,7.1704925784842635,-38.829507421515736,38.829507421515736,75-100%
46.0,7.119655871642915,-38.88034412835709,38.88034412835709,75-100%
46.0,7.119655871642915,-38.88034412835709,38.88034412835709,75-100%
46.0,7.030334043495223,-38.96966595650478,38.96966595650478,75-100%
7.0,8.43026193834273,1.4302619383427295,1.4302619383427295,25-50%
7.0,8.550527414674708,1.5505274146747077,1.5505274146747077,25-50%
12.5,8.385255011054687,-4.114744988945313,4.114744988945313,50-75%
12.5,8.739793165873698,-3.7602068341263024,3.7602068341263024,50-75%
12.5,8.282010717395963,-4.217989282604037,4.217989282604037,50-75%
12.5,8.385255011054687,-4.114744988945313,4.114744988945313,50-75%
32.0,7.930080426438154,-24.069919573561847,24.069919573561847,75-100%
46.0,7.45189236625334,-38.54810763374666,38.54810763374666,75-100%
46.0,6.471060398919735,-39.52893960108027,39.52893960108027,75-100%
7.0,10.865228866298523,3.865228866298523,3.865228866298523,25-50%
12.5,8.385255011054687,-4.114744988945313,4.114744988945313,50-75%
46.0,6.321900314508638,-39.67809968549136,39.67809968549136,75-100%
46.0,6.297336511269969,-39.70266348873003,39.70266348873003,75-100%
46.0,6.297336511269969,-39.70266348873003,39.70266348873003,75-100%
7.0,8.742954803058911,1.742954803058911,1.742954803058911,25-50%
7.0,7.666192696279333,0.6661926962793334,0.6661926962793334,25-50%
7.0,7.671835158694345,0.6718351586943454,0.6718351586943454,25-50%
7.0,7.6980486948587075,0.6980486948587075,0.6980486948587075,25-50%
7.0,7.802663492374221,0.8026634923742213,0.8026634923742213,25-50%
7.0,7.802663492374221,0.8026634923742213,0.8026634923742213,25-50%
89.0,6.560977904827735,-82.43902209517226,82.43902209517226,75-100%
89.0,6.610627875870529,-82.38937212412947,82.38937212412947,75-100%
89.0,6.569231059577897,-82.4307689404221,82.4307689404221,75-100%
89.0,6.6016437980145115,-82.3983562019855,82.3983562019855,75-100%
89.0,6.553636030705676,-82.44636396929432,82.44636396929432,75-100%
89.0,6.593355301848017,-82.40664469815198,82.40664469815198,75-100%
89.0,6.569231059577897,-82.4307689404221,82.4307689404221,75-100%
89.0,6.710887417162284,-82.28911258283772,82.28911258283772,75-100%
89.0,6.710887417162284,-82.28911258283772,82.28911258283772,75-100%
89.0,6.5896902467308935,-82.4103097532691,82.4103097532691,75-100%
89.0,6.560429948165204,-82.43957005183479,82.43957005183479,75-100%
89.0,6.613751220527354,-82.38624877947265,82.38624877947265,75-100%
89.0,6.581286857109422,-82.41871314289058,82.41871314289058,75-100%
89.0,6.6522127883890905,-82.3477872116109,82.3477872116109,75-100%
89.0,6.549138083273099,-82.45086191672691,82.45086191672691,75-100%
89.0,6.64788547339869,-82.35211452660131,82.35211452660131,75-100%
89.0,6.610627875870529,-82.38937212412947,82.38937212412947,75-100%
89.0,6.6522127883890905,-82.3477872116109,82.3477872116109,75-100%
89.0,6.624430596241154,-82.37556940375885,82.37556940375885,75-100%
89.0,6.721555934382053,-82.27844406561795,82.27844406561795,75-100%
89.0,6.700313130611864,-82.29968686938814,82.29968686938814,75-100%
89.0,6.6522127883890905,-82.3477872116109,82.3477872116109,75-100%
89.0,6.717840507071035,-82.28215949292897,82.28215949292897,75-100%
89.0,6.569231059577897,-82.4307689404221,82.4307689404221,75-100%
89.0,6.560429948165204,-82.43957005183479,82.43957005183479,75-100%
89.0,6.700313130611864,-82.29968686938814,82.29968686938814,75-100%
89.0,6.721555934382053,-82.27844406561795,82.27844406561795,75-100%
89.0,6.700313130611864,-82.29968686938814,82.29968686938814,75-100%
69.5,6.606843846567819,-62.89315615343218,62.89315615343218,75-100%
69.5,6.782650406052325,-62.717349593947674,62.717349593947674,75-100%
89.0,6.5896902467308935,-82.4103097532691,82.4103097532691,75-100%
89.0,6.53950586315434,-82.46049413684565,82.46049413684565,75-100%
69.5,6.721555934382053,-62.77844406561795,62.77844406561795,75-100%
69.5,6.669834371604036,-62.83016562839596,62.83016562839596,75-100%
50.0,6.669834371604036,-43.33016562839596,43.33016562839596,75-100%
50.0,6.606843846567819,-43.39315615343218,43.39315615343218,75-100%
50.0,6.594747408193092,-43.40525259180691,43.40525259180691,75-100%
50.0,6.808899496838056,-43.19110050316194,43.19110050316194,75-100%
50.0,6.721555934382053,-43.27844406561795,43.27844406561795,75-100%
50.0,6.669834371604036,-43.33016562839596,43.33016562839596,75-100%
50.0,6.648733859234455,-43.351266140765546,43.351266140765546,75-100%
50.0,6.606843846567819,-43.39315615343218,43.39315615343218,75-100%
50.0,6.699190146733852,-43.300809853266145,43.300809853266145,75-100%
50.0,6.625931210742851,-43.37406878925715,43.37406878925715,75-100%
50.0,6.594747408193092,-43.40525259180691,43.40525259180691,75-100%
50.0,6.560429948165204,-43.43957005183479,43.43957005183479,75-100%
50.0,6.560977904827735,-43.43902209517226,43.43902209517226,75-100%
50.0,6.586466431545015,-43.41353356845499,43.41353356845499,75-100%
50.0,6.586466431545015,-43.41353356845499,43.41353356845499,75-100%
50.0,6.586466431545015,-43.41353356845499,43.41353356845499,75-100%
50.0,6.372575402120304,-43.627424597879696,43.627424597879696,75-100%
50.0,6.47208782295738,-43.52791217704262,43.52791217704262,75-100%
50.0,6.3404386086392215,-43.65956139136078,43.65956139136078,75-100%
50.0,6.098591603164448,-43.90140839683555,43.90140839683555,75-100%
50.0,6.013449054604322,-43.98655094539568,43.98655094539568,75-100%
50.0,5.994154326535882,-44.005845673464115,44.005845673464115,75-100%
50.0,6.179489072102527,-43.82051092789747,43.82051092789747,75-100%
50.0,6.426684644219506,-43.573315355780494,43.573315355780494,75-100%
50.0,6.50559975336302,-43.49440024663698,43.49440024663698,75-100%
50.0,6.306567238860887,-43.693432761139114,43.693432761139114,75-100%
50.0,6.02122303098947,-43.97877696901053,43.97877696901053,75-100%
50.0,5.994154326535882,-44.005845673464115,44.005845673464115,75-100%
50.0,6.052071310517563,-43.94792868948244,43.94792868948244,75-100%
50.0,6.458663271308171,-43.54133672869183,43.54133672869183,75-100%
50.0,6.410997513712774,-43.58900248628723,43.58900248628723,75-100%
50.0,6.179489072102527,-43.82051092789747,43.82051092789747,75-100%
50.0,5.994154326535882,-44.005845673464115,44.005845673464115,75-100%
50.0,6.306567238860887,-43.693432761139114,43.693432761139114,75-100%
18.0,7.699421832421833,-10.300578167578166,10.300578167578166,75-100%
18.0,7.5833788497060945,-10.416621150293906,10.416621150293906,75-100%
18.0,8.290675989918029,-9.709324010081971,9.709324010081971,75-100%
18.0,7.815963538514049,-10.18403646148595,10.18403646148595,75-100%
18.0,7.5833788497060945,-10.416621150293906,10.416621150293906,75-100%
18.0,7.748558236502859,-10.25144176349714,10.25144176349714,75-100%
18.0,7.722580293628188,-10.277419706371813,10.277419706371813,75-100%
18.0,7.722580293628188,-10.277419706371813,10.277419706371813,75-100%
18.0,8.290675989918029,-9.709324010081971,9.709324010081971,75-100%
18.0,8.290675989918029,-9.709324010081971,9.709324010081971,75-100%
18.0,7.766154249331342,-10.233845750668658,10.233845750668658,75-100%
18.0,7.748558236502859,-10.25144176349714,10.25144176349714,75-100%
18.0,7.722580293628188,-10.277419706371813,10.277419706371813,75-100%
18.0,7.748558236502859,-10.25144176349714,10.25144176349714,75-100%
18.0,7.737576691988231,-10.262423308011769,10.262423308011769,75-100%
18.0,8.289405321984542,-9.710594678015458,9.710594678015458,75-100%
18.0,8.318345858467072,-9.681654141532928,9.681654141532928,75-100%
18.0,7.766154249331342,-10.233845750668658,10.233845750668658,75-100%
18.0,7.766154249331342,-10.233845750668658,10.233845750668658,75-100%
18.0,7.766154249331342,-10.233845750668658,10.233845750668658,75-100%
18.0,7.748558236502859,-10.25144176349714,10.25144176349714,75-100%
18.0,7.748558236502859,-10.25144176349714,10.25144176349714,75-100%
18.0,7.748558236502859,-10.25144176349714,10.25144176349714,75-100%
18.0,8.318345858467072,-9.681654141532928,9.681654141532928,75-100%
18.0,8.913093799351563,-9.086906200648437,9.086906200648437,75-100%
18.0,7.809576059464774,-10.190423940535226,10.190423940535226,75-100%
18.0,7.644982205570913,-10.355017794429088,10.355017794429088,75-100%
18.0,7.722580293628188,-10.277419706371813,10.277419706371813,75-100%
18.0,7.722580293628188,-10.277419706371813,10.277419706371813,75-100%
18.0,7.748558236502859,-10.25144176349714,10.25144176349714,75-100%
18.0,7.722580293628188,-10.277419706371813,10.277419706371813,75-100%
18.0,8.913093799351563,-9.086906200648437,9.086906200648437,75-100%
18.0,7.572074757971897,-10.427925242028103,10.427925242028103,75-100%
18.0,7.312198851282499,-10.6878011487175,10.6878011487175,75-100%
18.0,7.70645905989854,-10.29354094010146,10.29354094010146,75-100%
18.0,7.641278265316136,-10.358721734683865,10.358721734683865,75-100%
67.0,6.316844528499096,-60.6831554715009,60.6831554715009,75-100%
67.0,6.383771538212671,-60.61622846178733,60.61622846178733,75-100%
67.0,6.615592843953841,-60.38440715604616,60.38440715604616,75-100%
67.0,6.556039813288455,-60.44396018671154,60.44396018671154,75-100%
67.0,6.698015936445309,-60.30198406355469,60.30198406355469,75-100%
67.0,6.314205675193233,-60.685794324806764,60.685794324806764,75-100%
67.0,6.559654215594622,-60.44034578440538,60.44034578440538,75-100%
67.0,6.483801046081525,-60.516198953918476,60.516198953918476,75-100%
67.0,6.615592843953841,-60.38440715604616,60.38440715604616,75-100%
67.0,6.617899559943887,-60.382100440056114,60.382100440056114,75-100%
67.0,6.590063334041775,-60.40993666595823,60.40993666595823,75-100%
67.0,6.590063334041775,-60.40993666595823,60.40993666595823,75-100%
67.0,6.559654215594622,-60.44034578440538,60.44034578440538,75-100%
67.0,6.5920259443518345,-60.40797405564817,60.40797405564817,75-100%
67.0,6.489196464745547,-60.51080353525445,60.51080353525445,75-100%
67.0,6.539962158579835,-60.46003784142017,60.46003784142017,75-100%
67.0,6.63525915539337,-60.36474084460663,60.36474084460663,75-100%
67.0,6.571300771663861,-60.42869922833614,60.42869922833614,75-100%
67.0,6.559654215594622,-60.44034578440538,60.44034578440538,75-100%
67.0,6.603722372960647,-60.39627762703935,60.39627762703935,75-100%
67.0,6.603722372960647,-60.39627762703935,60.39627762703935,75-100%
67.0,6.674488007919761,-60.32551199208024,60.32551199208024,75-100%
67.0,6.720186544770598,-60.2798134552294,60.2798134552294,75-100%
67.0,6.509439323087664,-60.49056067691234,60.49056067691234,75-100%
67.0,6.64253095315055,-60.35746904684945,60.35746904684945,75-100%
67.0,6.539586661594641,-60.46041333840536,60.46041333840536,75-100%
67.0,6.5415960231103005,-60.4584039768897,60.4584039768897,75-100%
54.5,10.740207205246936,-43.75979279475307,43.75979279475307,75-100%
54.5,10.740207205246936,-43.75979279475307,43.75979279475307,75-100%
42.0,10.71362072966049,-31.28637927033951,31.28637927033951,75-100%
42.0,10.411804942648489,-31.588195057351513,31.588195057351513,75-100%
42.0,10.611056809345591,-31.38894319065441,31.38894319065441,75-100%
67.0,6.64253095315055,-60.35746904684945,60.35746904684945,75-100%
61.5,6.610578829609554,-54.88942117039045,54.88942117039045,75-100%
54.5,10.819788475058491,-43.68021152494151,43.68021152494151,75-100%
42.0,10.532111532740268,-31.467888467259733,31.467888467259733,75-100%
42.0,10.328473132286259,-31.67152686771374,31.67152686771374,75-100%
42.0,10.644283631979386,-31.355716368020616,31.355716368020616,75-100%
42.0,10.456753623978667,-31.543246376021333,31.543246376021333,75-100%
42.0,10.524974054727409,-31.47502594527259,31.47502594527259,75-100%
40.0,7.043313118311342,-32.956686881688654,32.956686881688654,75-100%
48.0,6.959712172053467,-41.040287827946536,41.040287827946536,75-100%
48.0,6.912595797610025,-41.087404202389976,41.087404202389976,75-100%
48.0,6.742278048605415,-41.257721951394586,41.257721951394586,75-100%
49.0,11.291328447432935,-37.70867155256707,37.70867155256707,75-100%
49.0,11.156115336847463,-37.84388466315254,37.84388466315254,75-100%
49.0,11.466146605661725,-37.53385339433827,37.53385339433827,75-100%
42.0,10.611056809345591,-31.38894319065441,31.38894319065441,75-100%
42.0,10.389118062772365,-31.610881937227635,31.610881937227635,75-100%
42.0,10.363146013274246,-31.636853986725754,31.636853986725754,75-100%
42.0,10.337562858397508,-31.662437141602492,31.662437141602492,75-100%
42.0,10.472890154398092,-31.527109845601906,31.527109845601906,75-100%
40.0,6.9277626883466175,-33.07223731165338,33.07223731165338,75-100%
48.0,6.747355386327107,-41.25264461367289,41.25264461367289,75-100%
48.0,6.959712172053467,-41.040287827946536,41.040287827946536,75-100%
48.0,6.806390073131602,-41.1936099268684,41.1936099268684,75-100%
48.0,6.806390073131602,-41.1936099268684,41.1936099268684,75-100%
46.0,7.630484885184034,-38.36951511481597,38.36951511481597,75-100%
49.0,10.994568687910775,-38.00543131208923,38.00543131208923,75-100%
49.0,11.197002962329119,-37.80299703767088,37.80299703767088,75-100%
49.0,11.02198394168883,-37.97801605831117,37.97801605831117,75-100%
42.0,10.280169522398761,-31.71983047760124,31.71983047760124,75-100%
42.0,10.363146013274246,-31.636853986725754,31.636853986725754,75-100%
42.0,10.311793449565863,-31.68820655043414,31.68820655043414,75-100%
42.0,10.311793449565863,-31.68820655043414,31.68820655043414,75-100%
40.0,6.90639217449524,-33.09360782550476,33.09360782550476,75-100%
40.0,7.040665779397445,-32.95933422060256,32.95933422060256,75-100%
48.0,6.815116770398974,-41.18488322960103,41.18488322960103,75-100%
48.0,6.959712172053467,-41.040287827946536,41.040287827946536,75-100%
48.0,6.806390073131602,-41.1936099268684,41.1936099268684,75-100%
48.0,6.76018126685986,-41.23981873314014,41.23981873314014,75-100%
46.0,7.630484885184034,-38.36951511481597,38.36951511481597,75-100%
46.0,7.73525808203955,-38.26474191796045,38.26474191796045,75-100%
49.0,11.043818023211886,-37.956181976788116,37.956181976788116,75-100%
49.0,10.994568687910775,-38.00543131208923,38.00543131208923,75-100%
42.0,10.389118062772365,-31.610881937227635,31.610881937227635,75-100%
42.0,10.366338151194885,-31.633661848805115,31.633661848805115,75-100%
42.0,10.335281011387186,-31.66471898861281,31.66471898861281,75-100%
40.0,6.993070211687497,-33.006929788312505,33.006929788312505,75-100%
40.0,6.993070211687497,-33.006929788312505,33.006929788312505,75-100%
48.0,6.768856307694534,-41.231143692305466,41.231143692305466,75-100%
48.0,6.794181428344601,-41.2058185716554,41.2058185716554,75-100%
48.0,6.7215378288506,-41.2784621711494,41.2784621711494,75-100%
48.0,6.7215378288506,-41.2784621711494,41.2784621711494,75-100%
48.0,6.7215378288506,-41.2784621711494,41.2784621711494,75-100%
46.0,7.960051660744588,-38.03994833925541,38.03994833925541,75-100%
49.0,11.247634103555168,-37.75236589644483,37.75236589644483,75-100%
49.0,11.070192412438695,-37.92980758756131,37.92980758756131,75-100%
42.0,10.64360206172738,-31.35639793827262,31.35639793827262,75-100%
42.0,11.314138528942069,-30.685861471057933,30.685861471057933,75-100%
40.0,6.761591075267859,-33.23840892473214,33.23840892473214,75-100%
40.0,6.893405535068486,-33.10659446493151,33.10659446493151,75-100%
48.0,6.627277143794317,-41.372722856205684,41.372722856205684,75-100%
48.0,6.582128570815426,-41.41787142918457,41.41787142918457,75-100%
48.0,6.509430965834906,-41.49056903416509,41.49056903416509,75-100%
48.0,6.743657666547236,-41.256342333452764,41.256342333452764,75-100%
56.0,6.519842163444389,-49.48015783655561,49.48015783655561,75-100%
40.0,6.80780827639036,-33.19219172360964,33.19219172360964,75-100%
40.0,6.846681653251503,-33.1533183467485,33.1533183467485,75-100%
40.0,6.782570200249517,-33.217429799750484,33.217429799750484,75-100%
48.0,6.582128570815426,-41.41787142918457,41.41787142918457,75-100%
48.0,6.6449144343353215,-41.35508556566468,41.35508556566468,75-100%
48.0,6.75229367430651,-41.24770632569349,41.24770632569349,75-100%
56.0,6.495559900838314,-49.504440099161684,49.504440099161684,75-100%
31.0,21.04721273013559,-9.952787269864409,9.952787269864409,75-100%
31.0,21.118908879888217,-9.881091120111783,9.881091120111783,75-100%
31.0,21.08223536020229,-9.91776463979771,9.91776463979771,75-100%
31.0,20.143728875934666,-10.856271124065334,10.856271124065334,75-100%
31.0,21.023616746454458,-9.976383253545542,9.976383253545542,75-100%
31.0,21.08223536020229,-9.91776463979771,9.91776463979771,75-100%
31.0,21.13773791703087,-9.862262082969131,9.862262082969131,75-100%
31.0,20.143728875934666,-10.856271124065334,10.856271124065334,75-100%
31.0,20.378911684872413,-10.621088315127587,10.621088315127587,75-100%
31.0,20.378911684872413,-10.621088315127587,10.621088315127587,75-100%
31.0,20.143728875934666,-10.856271124065334,10.856271124065334,75-100%
31.0,20.117188411371316,-10.882811588628684,10.882811588628684,75-100%
31.0,19.944739452372488,-11.055260547627512,11.055260547627512,75-100%
31.0,21.060192914090187,-9.939807085909813,9.939807085909813,75-100%
31.0,20.989083738854625,-10.010916261145375,10.010916261145375,75-100%
31.0,20.143728875934666,-10.856271124065334,10.856271124065334,75-100%
31.0,19.800386470619962,-11.199613529380038,11.199613529380038,75-100%
31.0,20.143728875934666,-10.856271124065334,10.856271124065334,75-100%
31.0,21.08223536020229,-9.91776463979771,9.91776463979771,75-100%
31.0,21.102015677621132,-9.897984322378868,9.897984322378868,75-100%
31.0,20.917636056530238,-10.082363943469762,10.082363943469762,75-100%
31.0,20.143728875934666,-10.856271124065334,10.856271124065334,75-100%
31.0,20.143728875934666,-10.856271124065334,10.856271124065334,75-100%
31.0,20.143728875934666,-10.856271124065334,10.856271124065334,75-100%
31.0,20.378911684872413,-10.621088315127587,10.621088315127587,75-100%
31.0,19.860071396578007,-11.139928603421993,11.139928603421993,75-100%
31.0,20.87406338955231,-10.125936610447688,10.125936610447688,75-100%
33.0,27.975386751177012,-5.0246132488229875,5.0246132488229875,75-100%
33.0,26.743917748761092,-6.256082251238908,6.256082251238908,75-100%
33.0,27.052514805854365,-5.947485194145635,5.947485194145635,75-100%
33.0,26.743917748761092,-6.256082251238908,6.256082251238908,75-100%
31.0,20.143728875934666,-10.856271124065334,10.856271124065334,75-100%
35.0,29.404617685719966,-5.595382314280034,5.595382314280034,75-100%
35.0,29.404617685719966,-5.595382314280034,5.595382314280034,75-100%
35.0,30.402155265096603,-4.597844734903397,4.597844734903397,75-100%
35.0,30.566717186839654,-4.433282813160346,4.433282813160346,75-100%
33.0,26.743917748761092,-6.256082251238908,6.256082251238908,75-100%
35.0,30.402155265096603,-4.597844734903397,4.597844734903397,75-100%
35.0,30.21186206657796,-4.788137933422039,4.788137933422039,75-100%
35.0,29.585665143258844,-5.414334856741156,5.414334856741156,75-100%
35.0,29.274975078607813,-5.725024921392187,5.725024921392187,75-100%
35.0,30.566717186839654,-4.433282813160346,4.433282813160346,75-100%
35.0,30.540607001412067,-4.4593929985879335,4.4593929985879335,75-100%
35.0,29.571201682185485,-5.428798317814515,5.428798317814515,75-100%
35.0,29.742809848226578,-5.257190151773422,5.257190151773422,75-100%
35.0,29.92587110616296,-5.074128893837042,5.074128893837042,75-100%
35.0,29.027612852425978,-5.972387147574022,5.972387147574022,75-100%
35.0,30.59816777450374,-4.4018322254962605,4.4018322254962605,75-100%
35.0,29.225115293569193,-5.774884706430807,5.774884706430807,75-100%
35.0,29.705989753845436,-5.2940102461545635,5.2940102461545635,75-100%
35.0,29.742809848226578,-5.257190151773422,5.257190151773422,75-100%
35.0,29.673190722328773,-5.326809277671227,5.326809277671227,75-100%
35.0,29.15619621229449,-5.843803787705511,5.843803787705511,75-100%
35.0,29.404617685719966,-5.595382314280034,5.595382314280034,75-100%
35.0,30.402155265096603,-4.597844734903397,4.597844734903397,75-100%
35.0,28.935988240230618,-6.064011759769382,6.064011759769382,75-100%
35.0,29.49162516967946,-5.508374830320541,5.508374830320541,75-100%
35.0,29.274975078607813,-5.725024921392187,5.725024921392187,75-100%
35.0,29.45525056576216,-5.54474943423784,5.54474943423784,75-100%
38.0,26.164816841011106,-11.835183158988894,11.835183158988894,75-100%
38.0,26.23309420359974,-11.766905796400259,11.766905796400259,75-100%
38.0,26.42340965508135,-11.57659034491865,11.57659034491865,75-100%
38.0,25.847367355148283,-12.152632644851717,12.152632644851717,75-100%
38.0,24.689227589274324,-13.310772410725676,13.310772410725676,75-100%
38.0,24.656981430685477,-13.343018569314523,13.343018569314523,75-100%
38.0,24.447459232342467,-13.552540767657533,13.552540767657533,75-100%
38.0,26.137700971553326,-11.862299028446674,11.862299028446674,75-100%
38.0,26.050224876426164,-11.949775123573836,11.949775123573836,75-100%
38.0,25.847367355148283,-12.152632644851717,12.152632644851717,75-100%
38.0,24.91231833319145,-13.08768166680855,13.08768166680855,75-100%
38.0,24.885939974923236,-13.114060025076764,13.114060025076764,75-100%
38.0,24.689227589274324,-13.310772410725676,13.310772410725676,75-100%
38.0,26.164816841011106,-11.835183158988894,11.835183158988894,75-100%
38.0,26.189149916488972,-11.810850083511028,11.810850083511028,75-100%
38.0,25.96233236136156,-12.037667638638439,12.037667638638439,75-100%
38.0,24.91231833319145,-13.08768166680855,13.08768166680855,75-100%
38.0,24.955470176748285,-13.044529823251715,13.044529823251715,75-100%
38.0,24.689227589274324,-13.310772410725676,13.310772410725676,75-100%
38.0,24.974970219599246,-13.025029780400754,13.025029780400754,75-100%
38.0,24.66135219261902,-13.33864780738098,13.33864780738098,75-100%
38.0,25.908730744567684,-12.091269255432316,12.091269255432316,75-100%
38.0,25.96233236136156,-12.037667638638439,12.037667638638439,75-100%
38.0,26.122882373001254,-11.877117626998746,11.877117626998746,75-100%
38.0,25.847367355148283,-12.152632644851717,12.152632644851717,75-100%
38.0,25.63448692891783,-12.36551307108217,12.36551307108217,75-100%
38.0,25.63448692891783,-12.36551307108217,12.36551307108217,75-100%
38.0,26.00940780204541,-11.99059219795459,11.99059219795459,75-100%
38.0,24.66135219261902,-13.33864780738098,13.33864780738098,75-100%
38.0,24.669124857550273,-13.330875142449727,13.330875142449727,75-100%
38.0,27.1729026919425,-10.8270973080575,10.8270973080575,75-100%
38.0,26.329309427420768,-11.670690572579232,11.670690572579232,75-100%
5.0,16.129322482326515,11.129322482326515,11.129322482326515,0-25%
5.0,14.203872054534688,9.203872054534688,9.203872054534688,0-25%
5.0,14.203872054534688,9.203872054534688,9.203872054534688,0-25%
7.0,16.86994331140537,9.869943311405368,9.869943311405368,25-50%
5.0,16.98754940118182,11.98754940118182,11.98754940118182,0-25%
5.0,15.986316671656049,10.986316671656049,10.986316671656049,0-25%
5.0,17.13572768912297,12.13572768912297,12.13572768912297,0-25%
5.0,16.86994331140537,11.869943311405368,11.869943311405368,0-25%
5.0,16.86994331140537,11.869943311405368,11.869943311405368,0-25%
5.0,16.62579314744355,11.625793147443549,11.625793147443549,0-25%
5.0,16.62579314744355,11.625793147443549,11.625793147443549,0-25%
7.0,16.86994331140537,9.869943311405368,9.869943311405368,25-50%
5.0,15.867456926006717,10.867456926006717,10.867456926006717,0-25%
5.0,16.985131487182606,11.985131487182606,11.985131487182606,0-25%
5.0,16.82789453687968,11.827894536879679,11.827894536879679,0-25%
5.0,16.98754940118182,11.98754940118182,11.98754940118182,0-25%
5.0,16.985131487182606,11.985131487182606,11.985131487182606,0-25%
5.0,16.985131487182606,11.985131487182606,11.985131487182606,0-25%
5.0,14.6287335122639,9.6287335122639,9.6287335122639,0-25%
5.0,14.6287335122639,9.6287335122639,9.6287335122639,0-25%
5.0,14.6287335122639,9.6287335122639,9.6287335122639,0-25%
5.0,14.6287335122639,9.6287335122639,9.6287335122639,0-25%
5.0,14.757480287207214,9.757480287207214,9.757480287207214,0-25%
11.0,26.417461241363878,15.417461241363878,15.417461241363878,50-75%
15.0,21.29344724489971,6.29344724489971,6.29344724489971,50-75%
15.0,22.58543625224645,7.585436252246449,7.585436252246449,50-75%
18.0,19.26498304868151,1.2649830486815112,1.2649830486815112,75-100%
18.0,19.504399591914368,1.5043995919143676,1.5043995919143676,75-100%
15.0,22.405106167315516,7.405106167315516,7.405106167315516,50-75%
15.0,22.405106167315516,7.405106167315516,7.405106167315516,50-75%
15.0,22.405106167315516,7.405106167315516,7.405106167315516,50-75%
15.0,20.85181724483665,5.851817244836649,5.851817244836649,50-75%
18.0,19.336868027762506,1.336868027762506,1.336868027762506,75-100%
18.0,19.592202928282543,1.5922029282825427,1.5922029282825427,75-100%
18.0,19.336868027762506,1.336868027762506,1.336868027762506,75-100%
18.0,19.079072294037378,1.0790722940373776,1.0790722940373776,75-100%
18.0,19.336868027762506,1.336868027762506,1.336868027762506,75-100%
15.0,22.15113983506705,7.151139835067049,7.151139835067049,50-75%
15.0,22.146438874823673,7.146438874823673,7.146438874823673,50-75%
15.0,20.890289952353903,5.890289952353903,5.890289952353903,50-75%
18.0,21.02017965394033,3.0201796539403283,3.0201796539403283,75-100%
18.0,20.294459224376823,2.2944592243768227,2.2944592243768227,75-100%
18.0,19.336868027762506,1.336868027762506,1.336868027762506,75-100%
18.0,19.336868027762506,1.336868027762506,1.336868027762506,75-100%
18.0,19.336868027762506,1.336868027762506,1.336868027762506,75-100%
18.0,19.336868027762506,1.336868027762506,1.336868027762506,75-100%
18.0,20.143072333910016,2.143072333910016,2.143072333910016,75-100%
18.0,20.525501078070523,2.5255010780705227,2.5255010780705227,75-100%
15.0,21.110055510546193,6.110055510546193,6.110055510546193,50-75%
15.0,22.446313623606052,7.446313623606052,7.446313623606052,50-75%
18.0,21.02017965394033,3.0201796539403283,3.0201796539403283,75-100%
18.0,20.294459224376823,2.2944592243768227,2.2944592243768227,75-100%
18.0,19.336868027762506,1.336868027762506,1.336868027762506,75-100%
18.0,19.336868027762506,1.336868027762506,1.336868027762506,75-100%
18.0,19.336868027762506,1.336868027762506,1.336868027762506,75-100%
18.0,19.336868027762506,1.336868027762506,1.336868027762506,75-100%
18.0,20.48766949571408,2.48766949571408,2.48766949571408,75-100%
18.0,20.48766949571408,2.48766949571408,2.48766949571408,75-100%
18.0,20.275323699108075,2.2753236991080747,2.2753236991080747,75-100%
18.0,19.423953965398102,1.423953965398102,1.423953965398102,75-100%
18.0,19.178574949008265,1.178574949008265,1.178574949008265,75-100%
18.0,19.336868027762506,1.336868027762506,1.336868027762506,75-100%
18.0,20.86281237410028,2.8628123741002796,2.8628123741002796,75-100%
18.0,20.48766949571408,2.48766949571408,2.48766949571408,75-100%
18.0,19.504399591914368,1.5043995919143676,1.5043995919143676,75-100%
18.0,19.392971213371485,1.392971213371485,1.392971213371485,75-100%
83.0,14.388284459792331,-68.61171554020767,68.61171554020767,75-100%
83.0,14.322670172614899,-68.67732982738511,68.67732982738511,75-100%
83.0,14.378617628074625,-68.62138237192538,68.62138237192538,75-100%
83.0,14.235231802087426,-68.76476819791257,68.76476819791257,75-100%
83.0,14.075449797048918,-68.92455020295108,68.92455020295108,75-100%
83.0,14.493192168416176,-68.50680783158383,68.50680783158383,75-100%
83.0,14.505303992081494,-68.4946960079185,68.4946960079185,75-100%
83.0,14.378617628074625,-68.62138237192538,68.62138237192538,75-100%
83.0,15.743161750983063,-67.25683824901694,67.25683824901694,75-100%
83.0,13.56205527171962,-69.43794472828039,69.43794472828039,75-100%
83.0,14.075449797048918,-68.92455020295108,68.92455020295108,75-100%
83.0,14.505303992081494,-68.4946960079185,68.4946960079185,75-100%
83.0,14.515050457469235,-68.48494954253077,68.48494954253077,75-100%
83.0,15.881088990967147,-67.11891100903286,67.11891100903286,75-100%
83.0,15.891700259836295,-67.1082997401637,67.1082997401637,75-100%
83.0,12.914686161466904,-70.0853138385331,70.0853138385331,75-100%
83.0,14.235231802087426,-68.76476819791257,68.76476819791257,75-100%
83.0,14.427130564025525,-68.57286943597447,68.57286943597447,75-100%
83.0,15.819675540338812,-67.1803244596612,67.1803244596612,75-100%
83.0,12.709742855495929,-70.29025714450407,70.29025714450407,75-100%
83.0,13.606606043976788,-69.39339395602322,69.39339395602322,75-100%
83.0,15.28834660311458,-67.71165339688542,67.71165339688542,75-100%
83.0,13.606606043976788,-69.39339395602322,69.39339395602322,75-100%
83.0,15.28834660311458,-67.71165339688542,67.71165339688542,75-100%
48.0,13.31790726766144,-34.68209273233856,34.68209273233856,75-100%
48.0,13.1465582056223,-34.8534417943777,34.8534417943777,75-100%
48.0,13.1465582056223,-34.8534417943777,34.8534417943777,75-100%
48.0,14.45434314585978,-33.54565685414022,33.54565685414022,75-100%
48.0,13.1465582056223,-34.8534417943777,34.8534417943777,75-100%
48.0,13.235296723303309,-34.76470327669669,34.76470327669669,75-100%
48.0,13.235296723303309,-34.76470327669669,34.76470327669669,75-100%
48.0,13.279552077974884,-34.720447922025116,34.720447922025116,75-100%
48.0,13.278517215051396,-34.721482784948606,34.721482784948606,75-100%
48.0,14.496976941820567,-33.50302305817944,33.50302305817944,75-100%
48.0,14.496976941820567,-33.50302305817944,33.50302305817944,75-100%
48.0,13.278517215051396,-34.721482784948606,34.721482784948606,75-100%
48.0,13.1465582056223,-34.8534417943777,34.8534417943777,75-100%
48.0,13.274567543823762,-34.725432456176236,34.725432456176236,75-100%
48.0,13.31790726766144,-34.68209273233856,34.68209273233856,75-100%
48.0,13.31790726766144,-34.68209273233856,34.68209273233856,75-100%
48.0,13.278517215051396,-34.721482784948606,34.721482784948606,75-100%
48.0,13.265686322090467,-34.73431367790953,34.73431367790953,75-100%
48.0,14.496976941820567,-33.50302305817944,33.50302305817944,75-100%
48.0,13.278517215051396,-34.721482784948606,34.721482784948606,75-100%
48.0,13.278517215051396,-34.721482784948606,34.721482784948606,75-100%
48.0,13.31790726766144,-34.68209273233856,34.68209273233856,75-100%
48.0,13.31790726766144,-34.68209273233856,34.68209273233856,75-100%
48.0,13.278517215051396,-34.721482784948606,34.721482784948606,75-100%
48.0,13.129220469892504,-34.8707795301075,34.8707795301075,75-100%
48.0,13.31790726766144,-34.68209273233856,34.68209273233856,75-100%
48.0,14.44045563781539,-33.55954436218461,33.55954436218461,75-100%
48.0,13.435855685119728,-34.564144314880274,34.564144314880274,75-100%
48.0,13.278517215051396,-34.721482784948606,34.721482784948606,75-100%
48.0,13.31790726766144,-34.68209273233856,34.68209273233856,75-100%
48.0,13.435855685119728,-34.564144314880274,34.564144314880274,75-100%
48.0,13.383204552526788,-34.61679544747321,34.61679544747321,75-100%
48.0,13.448705576866102,-34.551294423133896,34.551294423133896,75-100%
48.0,14.627163289197044,-33.37283671080296,33.37283671080296,75-100%
48.0,13.397184532084601,-34.6028154679154,34.6028154679154,75-100%
48.0,13.397184532084601,-34.6028154679154,34.6028154679154,75-100%
48.0,13.435855685119728,-34.564144314880274,34.564144314880274,75-100%
48.0,13.4577878759861,-34.5422121240139,34.5422121240139,75-100%
15.0,38.147695742852875,23.147695742852875,23.147695742852875,50-75%
15.0,36.79796601387972,21.797966013879723,21.797966013879723,50-75%
15.0,35.50729891734074,20.50729891734074,20.50729891734074,50-75%
15.0,37.86728475102166,22.867284751021657,22.867284751021657,50-75%
15.0,35.50492990193606,20.50492990193606,20.50492990193606,50-75%
15.0,35.53528184792654,20.53528184792654,20.53528184792654,50-75%
15.0,35.50492990193606,20.50492990193606,20.50492990193606,50-75%
15.0,35.77272226766998,20.772722267669977,20.772722267669977,50-75%
15.0,35.77272226766998,20.772722267669977,20.772722267669977,50-75%
15.0,35.50729891734074,20.50729891734074,20.50729891734074,50-75%
15.0,33.55035044832838,18.55035044832838,18.55035044832838,50-75%
15.0,32.483903985979694,17.483903985979694,17.483903985979694,50-75%
15.0,35.13163833932158,20.131638339321583,20.131638339321583,50-75%
15.0,33.79961658820396,18.79961658820396,18.79961658820396,50-75%
15.0,32.483903985979694,17.483903985979694,17.483903985979694,50-75%
15.0,33.35688504653912,18.35688504653912,18.35688504653912,50-75%
15.0,33.368179663012825,18.368179663012825,18.368179663012825,50-75%
15.0,33.37987794661012,18.379877946610122,18.379877946610122,50-75%
15.0,33.55035044832838,18.55035044832838,18.55035044832838,50-75%
15.0,32.72734598913046,17.727345989130463,17.727345989130463,50-75%
15.0,32.21793473279469,17.21793473279469,17.21793473279469,50-75%
15.0,32.72734598913046,17.727345989130463,17.727345989130463,50-75%
15.0,33.55035044832838,18.55035044832838,18.55035044832838,50-75%
15.0,32.21032314868007,17.210323148680068,17.210323148680068,50-75%
15.0,31.82214852862223,16.82214852862223,16.82214852862223,50-75%
15.0,32.72734598913046,17.727345989130463,17.727345989130463,50-75%
15.0,38.34649188543803,23.346491885438027,23.346491885438027,50-75%
15.0,37.67638587452957,22.676385874529572,22.676385874529572,50-75%
15.0,37.679547946176825,22.679547946176825,22.679547946176825,50-75%
15.0,31.942297226212855,16.942297226212855,16.942297226212855,50-75%
15.0,32.72734598913046,17.727345989130463,17.727345989130463,50-75%
15.0,38.30927537770898,23.30927537770898,23.30927537770898,50-75%
15.0,37.67638587452957,22.676385874529572,22.676385874529572,50-75%
15.0,37.149918692713,22.149918692713,22.149918692713,50-75%
15.0,32.26735783688163,17.26735783688163,17.26735783688163,50-75%
15.0,33.00483686370558,18.004836863705577,18.004836863705577,50-75%
15.0,28.697884108678274,13.697884108678274,13.697884108678274,50-75%
15.0,28.776928745975408,13.776928745975408,13.776928745975408,50-75%
15.0,28.776928745975408,13.776928745975408,13.776928745975408,50-75%
15.0,29.1758070714491,14.1758070714491,14.1758070714491,50-75%
15.0,28.906332754697203,13.906332754697203,13.906332754697203,50-75%
15.0,29.40914936978093,14.40914936978093,14.40914936978093,50-75%
15.0,29.04714009260748,14.047140092607481,14.047140092607481,50-75%
15.0,29.543088445033188,14.543088445033188,14.543088445033188,50-75%
15.0,28.776928745975408,13.776928745975408,13.776928745975408,50-75%
15.0,28.835566731452648,13.835566731452648,13.835566731452648,50-75%
15.0,29.1758070714491,14.1758070714491,14.1758070714491,50-75%
15.0,28.835566731452648,13.835566731452648,13.835566731452648,50-75%
15.0,28.997357875476148,13.997357875476148,13.997357875476148,50-75%
15.0,28.906332754697203,13.906332754697203,13.906332754697203,50-75%
15.0,29.644624084585892,14.644624084585892,14.644624084585892,50-75%
15.0,28.906332754697203,13.906332754697203,13.906332754697203,50-75%
15.0,28.835566731452648,13.835566731452648,13.835566731452648,50-75%
15.0,28.835566731452648,13.835566731452648,13.835566731452648,50-75%
15.0,28.835566731452648,13.835566731452648,13.835566731452648,50-75%
15.0,28.835566731452648,13.835566731452648,13.835566731452648,50-75%
15.0,28.859074165713604,13.859074165713604,13.859074165713604,50-75%
15.0,29.584396000494127,14.584396000494127,14.584396000494127,50-75%
15.0,28.906332754697203,13.906332754697203,13.906332754697203,50-75%
15.0,28.835566731452648,13.835566731452648,13.835566731452648,50-75%
15.0,28.835566731452648,13.835566731452648,13.835566731452648,50-75%
15.0,28.835566731452648,13.835566731452648,13.835566731452648,50-75%
15.0,28.963327717074968,13.963327717074968,13.963327717074968,50-75%
15.0,29.279487439967788,14.279487439967788,14.279487439967788,50-75%
51.0,35.776744334521375,-15.223255665478625,15.223255665478625,75-100%
51.0,35.776744334521375,-15.223255665478625,15.223255665478625,75-100%
51.0,35.28428790932399,-15.715712090676007,15.715712090676007,75-100%
51.0,35.49918786588705,-15.500812134112948,15.500812134112948,75-100%
51.0,35.799861795869646,-15.200138204130354,15.200138204130354,75-100%
51.0,36.48265322186966,-14.517346778130339,14.517346778130339,75-100%
51.0,35.47267551710073,-15.527324482899267,15.527324482899267,75-100%
51.0,34.82862717595402,-16.17137282404598,16.17137282404598,75-100%
51.0,35.476259286170816,-15.523740713829184,15.523740713829184,75-100%
51.0,35.64295043214531,-15.357049567854688,15.357049567854688,75-100%
51.0,35.45010177431006,-15.549898225689937,15.549898225689937,75-100%
51.0,35.776744334521375,-15.223255665478625,15.223255665478625,75-100%
51.0,35.799861795869646,-15.200138204130354,15.200138204130354,75-100%
51.0,37.019945978643854,-13.980054021356146,13.980054021356146,75-100%
51.0,35.799861795869646,-15.200138204130354,15.200138204130354,75-100%
51.0,34.78784636149605,-16.21215363850395,16.21215363850395,75-100%
51.0,35.10888922742678,-15.89111077257322,15.89111077257322,75-100%
51.0,34.62584525455046,-16.374154745449538,16.374154745449538,75-100%
51.0,34.086806724767676,-16.913193275232324,16.913193275232324,75-100%
51.0,34.91885128721435,-16.081148712785648,16.081148712785648,75-100%
51.0,35.64295043214531,-15.357049567854688,15.357049567854688,75-100%
51.0,37.191368915421585,-13.808631084578415,13.808631084578415,75-100%
51.0,35.317159246800344,-15.682840753199656,15.682840753199656,75-100%
51.0,34.67585707095377,-16.324142929046232,16.324142929046232,75-100%
51.0,35.10888922742678,-15.89111077257322,15.89111077257322,75-100%
51.0,33.75835610044055,-17.24164389955945,17.24164389955945,75-100%
51.0,33.98424839535791,-17.01575160464209,17.01575160464209,75-100%
26.0,16.599736099303325,-9.400263900696675,9.400263900696675,75-100%
26.0,16.388639804537988,-9.611360195462012,9.611360195462012,75-100%
26.0,16.388639804537988,-9.611360195462012,9.611360195462012,75-100%
51.0,34.91885128721435,-16.081148712785648,16.081148712785648,75-100%
51.0,35.45010177431006,-15.549898225689937,15.549898225689937,75-100%
51.0,36.247153258465595,-14.752846741534405,14.752846741534405,75-100%
51.0,35.64295043214531,-15.357049567854688,15.357049567854688,75-100%
51.0,34.78784636149605,-16.21215363850395,16.21215363850395,75-100%
51.0,33.438379465286715,-17.561620534713285,17.561620534713285,75-100%
51.0,33.57542589849236,-17.424574101507638,17.424574101507638,75-100%
26.0,16.551317394117252,-9.448682605882748,9.448682605882748,75-100%
26.0,16.551317394117252,-9.448682605882748,9.448682605882748,75-100%
26.0,16.551317394117252,-9.448682605882748,9.448682605882748,75-100%
26.0,16.34080184722248,-9.65919815277752,9.65919815277752,75-100%
26.0,16.3420586550986,-9.657941344901399,9.657941344901399,75-100%
26.0,15.315396073902358,-10.684603926097642,10.684603926097642,75-100%
51.0,34.089987011007594,-16.910012988992406,16.910012988992406,75-100%
51.0,34.48212646635958,-16.51787353364042,16.51787353364042,75-100%
51.0,33.578134314261376,-17.421865685738624,17.421865685738624,75-100%
51.0,34.190957066277186,-16.809042933722814,16.809042933722814,75-100%
51.0,34.190957066277186,-16.809042933722814,16.809042933722814,75-100%
26.0,14.664553911998592,-11.335446088001408,11.335446088001408,75-100%
26.0,14.358359798018688,-11.641640201981312,11.641640201981312,75-100%
26.0,14.400728805341815,-11.599271194658185,11.599271194658185,75-100%
26.0,14.216008036283117,-11.783991963716883,11.783991963716883,75-100%
26.0,14.174147215015072,-11.825852784984928,11.825852784984928,75-100%
26.0,16.13648039294653,-9.863519607053469,9.863519607053469,75-100%
26.0,13.3699170590721,-12.6300829409279,12.6300829409279,75-100%
45.0,19.573347619460858,-25.426652380539142,25.426652380539142,75-100%
45.0,19.429702671137377,-25.570297328862623,25.570297328862623,75-100%
45.0,19.37349843346633,-25.62650156653367,25.62650156653367,75-100%
45.0,19.207036399574342,-25.792963600425658,25.792963600425658,75-100%
45.0,19.207036399574342,-25.792963600425658,25.792963600425658,75-100%
26.0,14.174147215015072,-11.825852784984928,11.825852784984928,75-100%
26.0,13.020093708474127,-12.979906291525873,12.979906291525873,75-100%
45.0,17.80792942911635,-27.19207057088365,27.19207057088365,75-100%
45.0,19.37349843346633,-25.62650156653367,25.62650156653367,75-100%
45.0,19.262781419514734,-25.737218580485266,25.737218580485266,75-100%
45.0,19.207036399574342,-25.792963600425658,25.792963600425658,75-100%
45.0,19.207036399574342,-25.792963600425658,25.792963600425658,75-100%
45.0,18.237574568776722,-26.762425431223278,26.762425431223278,75-100%
45.0,19.344795348097612,-25.655204651902388,25.655204651902388,75-100%
45.0,19.37349843346633,-25.62650156653367,25.62650156653367,75-100%
45.0,19.37349843346633,-25.62650156653367,25.62650156653367,75-100%
64.0,19.956564373859443,-44.04343562614056,44.04343562614056,75-100%
64.0,21.923453046118375,-42.076546953881625,42.076546953881625,75-100%
64.0,19.79157424758556,-44.20842575241444,44.20842575241444,75-100%
45.0,19.365065297798623,-25.634934702201377,25.634934702201377,75-100%
64.0,19.956564373859443,-44.04343562614056,44.04343562614056,75-100%
64.0,19.956564373859443,-44.04343562614056,44.04343562614056,75-100%
64.0,21.170170328239585,-42.829829671760415,42.829829671760415,75-100%
64.0,22.201462665225005,-41.79853733477499,41.79853733477499,75-100%
64.0,21.923453046118375,-42.076546953881625,42.076546953881625,75-100%
64.0,23.079149250318697,-40.92085074968131,40.92085074968131,75-100%
64.0,20.2196797302819,-43.7803202697181,43.7803202697181,75-100%
64.0,20.04630395694701,-43.953696043052986,43.953696043052986,75-100%
64.0,19.956564373859443,-44.04343562614056,44.04343562614056,75-100%
64.0,21.130279196203375,-42.869720803796625,42.869720803796625,75-100%
64.0,24.119427166244208,-39.88057283375579,39.88057283375579,75-100%
64.0,19.956564373859443,-44.04343562614056,44.04343562614056,75-100%
64.0,21.109177882955674,-42.89082211704432,42.89082211704432,75-100%
15.0,21.06511173747062,6.06511173747062,6.06511173747062,50-75%
15.0,21.161229020782237,6.161229020782237,6.161229020782237,50-75%
15.0,21.161229020782237,6.161229020782237,6.161229020782237,50-75%
15.0,29.20076332062707,14.200763320627068,14.200763320627068,50-75%
15.0,43.60404147861047,28.60404147861047,28.60404147861047,50-75%
15.0,42.4629786074144,27.4629786074144,27.4629786074144,50-75%
15.0,46.91759633553162,31.91759633553162,31.91759633553162,50-75%
15.0,46.91759633553162,31.91759633553162,31.91759633553162,50-75%
15.0,24.462920917502476,9.462920917502476,9.462920917502476,50-75%
15.0,24.462920917502476,9.462920917502476,9.462920917502476,50-75%
15.0,24.462920917502476,9.462920917502476,9.462920917502476,50-75%
15.0,29.01067881797928,14.01067881797928,14.01067881797928,50-75%
15.0,28.955073703598295,13.955073703598295,13.955073703598295,50-75%
15.0,45.61503613846226,30.61503613846226,30.61503613846226,50-75%
15.0,42.27447175951089,27.274471759510888,27.274471759510888,50-75%
15.0,44.03569852427154,29.035698524271538,29.035698524271538,50-75%
15.0,42.194290902338054,27.194290902338054,27.194290902338054,50-75%
15.0,42.328859898777225,27.328859898777225,27.328859898777225,50-75%
15.0,21.161229020782237,6.161229020782237,6.161229020782237,50-75%
15.0,24.462920917502476,9.462920917502476,9.462920917502476,50-75%
15.0,50.24937699555301,35.24937699555301,35.24937699555301,50-75%
15.0,31.71695451801009,16.71695451801009,16.71695451801009,50-75%
15.0,32.50194044720392,17.50194044720392,17.50194044720392,50-75%
15.0,32.31835475388521,17.31835475388521,17.31835475388521,50-75%
15.0,45.132207742993266,30.132207742993266,30.132207742993266,50-75%
15.0,44.740702765907024,29.740702765907024,29.740702765907024,50-75%
15.0,44.03569852427154,29.035698524271538,29.035698524271538,50-75%
15.0,42.27447175951089,27.274471759510888,27.274471759510888,50-75%
15.0,21.161229020782237,6.161229020782237,6.161229020782237,50-75%
15.0,24.384347055769872,9.384347055769872,9.384347055769872,50-75%
15.0,24.462920917502476,9.462920917502476,9.462920917502476,50-75%
15.0,48.32782583013874,33.32782583013874,33.32782583013874,50-75%
15.0,43.37900864330691,28.37900864330691,28.37900864330691,50-75%
15.0,43.37900864330691,28.37900864330691,28.37900864330691,50-75%
15.0,40.802909933087186,25.802909933087186,25.802909933087186,50-75%
15.0,29.19157874807878,14.19157874807878,14.19157874807878,50-75%
15.0,29.19157874807878,14.19157874807878,14.19157874807878,50-75%
15.0,33.02797933311092,18.02797933311092,18.02797933311092,50-75%
15.0,32.50194044720392,17.50194044720392,17.50194044720392,50-75%
15.0,31.439299249477003,16.439299249477003,16.439299249477003,50-75%
15.0,31.65012014479784,16.65012014479784,16.65012014479784,50-75%
15.0,32.31835475388521,17.31835475388521,17.31835475388521,50-75%
15.0,44.740702765907024,29.740702765907024,29.740702765907024,50-75%
15.0,43.88550539096528,28.885505390965278,28.885505390965278,50-75%
15.0,21.06511173747062,6.06511173747062,6.06511173747062,50-75%
15.0,23.43258286803102,8.43258286803102,8.43258286803102,50-75%
15.0,23.50821067062233,8.50821067062233,8.50821067062233,50-75%
15.0,43.60404147861047,28.60404147861047,28.60404147861047,50-75%
15.0,43.516377947363,28.516377947362997,28.516377947362997,50-75%
15.0,50.24937699555301,35.24937699555301,35.24937699555301,50-75%
15.0,43.62392454214086,28.623924542140863,28.623924542140863,50-75%
15.0,29.344671319897543,14.344671319897543,14.344671319897543,50-75%
15.0,29.344671319897543,14.344671319897543,14.344671319897543,50-75%
15.0,29.19157874807878,14.19157874807878,14.19157874807878,50-75%
15.0,29.344671319897543,14.344671319897543,14.344671319897543,50-75%
15.0,32.50194044720392,17.50194044720392,17.50194044720392,50-75%
15.0,33.51695003668629,18.51695003668629,18.51695003668629,50-75%
15.0,31.21969700686416,16.21969700686416,16.21969700686416,50-75%
15.0,32.39738149027022,17.39738149027022,17.39738149027022,50-75%
15.0,32.39738149027022,17.39738149027022,17.39738149027022,50-75%
15.0,30.390540595194082,15.390540595194082,15.390540595194082,50-75%
15.0,31.61378266532141,16.61378266532141,16.61378266532141,50-75%
15.0,22.07310076320066,7.07310076320066,7.07310076320066,50-75%
15.0,21.06511173747062,6.06511173747062,6.06511173747062,50-75%
15.0,21.161229020782237,6.161229020782237,6.161229020782237,50-75%
15.0,21.161229020782237,6.161229020782237,6.161229020782237,50-75%
15.0,48.07896092601924,33.07896092601924,33.07896092601924,50-75%
15.0,48.32782583013874,33.32782583013874,33.32782583013874,50-75%
15.0,31.435073162387052,16.435073162387052,16.435073162387052,50-75%
15.0,30.86307028913029,15.863070289130292,15.863070289130292,50-75%
15.0,31.686851511554114,16.686851511554114,16.686851511554114,50-75%
15.0,31.872748084634484,16.872748084634484,16.872748084634484,50-75%
15.0,31.872748084634484,16.872748084634484,16.872748084634484,50-75%
15.0,32.148519467876135,17.148519467876135,17.148519467876135,50-75%
15.0,29.190774952939016,14.190774952939016,14.190774952939016,50-75%
15.0,29.190774952939016,14.190774952939016,14.190774952939016,50-75%
15.0,29.190774952939016,14.190774952939016,14.190774952939016,50-75%
15.0,29.190774952939016,14.190774952939016,14.190774952939016,50-75%
15.0,30.196484582839005,15.196484582839005,15.196484582839005,50-75%
15.0,30.390540595194082,15.390540595194082,15.390540595194082,50-75%
15.0,30.293675196113213,15.293675196113213,15.293675196113213,50-75%
15.0,30.390540595194082,15.390540595194082,15.390540595194082,50-75%
15.0,30.121531315687772,15.121531315687772,15.121531315687772,50-75%
15.0,23.50821067062233,8.50821067062233,8.50821067062233,50-75%
15.0,43.60404147861047,28.60404147861047,28.60404147861047,50-75%
15.0,43.60404147861047,28.60404147861047,28.60404147861047,50-75%
15.0,31.394941017719233,16.394941017719233,16.394941017719233,50-75%
15.0,31.908034848225693,16.908034848225693,16.908034848225693,50-75%
15.0,31.680909813663447,16.680909813663447,16.680909813663447,50-75%
15.0,31.435073162387052,16.435073162387052,16.435073162387052,50-75%
15.0,31.98751530511003,16.98751530511003,16.98751530511003,50-75%
15.0,31.654781656738308,16.654781656738308,16.654781656738308,50-75%
15.0,30.293675196113213,15.293675196113213,15.293675196113213,50-75%
15.0,30.390540595194082,15.390540595194082,15.390540595194082,50-75%
15.0,30.293675196113213,15.293675196113213,15.293675196113213,50-75%
15.0,30.390540595194082,15.390540595194082,15.390540595194082,50-75%
15.0,30.61421024803087,15.614210248030869,15.614210248030869,50-75%
15.0,45.003782835578065,30.003782835578065,30.003782835578065,50-75%
15.0,31.908034848225693,16.908034848225693,16.908034848225693,50-75%
15.0,31.680909813663447,16.680909813663447,16.680909813663447,50-75%
15.0,32.08080349142942,17.08080349142942,17.08080349142942,50-75%
15.0,31.867201686012876,16.867201686012876,16.867201686012876,50-75%
15.0,31.680909813663447,16.680909813663447,16.680909813663447,50-75%
15.0,32.995536686694145,17.995536686694145,17.995536686694145,50-75%
15.0,31.429714886405243,16.429714886405243,16.429714886405243,50-75%
15.0,31.940038174357202,16.940038174357202,16.940038174357202,50-75%
15.0,32.21762332758548,17.21762332758548,17.21762332758548,50-75%
42.0,41.774437021060365,-0.22556297893963517,0.22556297893963517,75-100%
42.0,43.08682938516534,1.0868293851653377,1.0868293851653377,75-100%
42.0,40.669291091687136,-1.3307089083128645,1.3307089083128645,75-100%
42.0,42.19993910329297,0.19993910329296938,0.19993910329296938,75-100%
42.0,42.19993910329297,0.19993910329296938,0.19993910329296938,75-100%
42.0,41.774437021060365,-0.22556297893963517,0.22556297893963517,75-100%
42.0,42.14270435815944,0.14270435815944182,0.14270435815944182,75-100%
42.0,42.79496708178239,0.7949670817823886,0.7949670817823886,75-100%
42.0,40.669291091687136,-1.3307089083128645,1.3307089083128645,75-100%
42.0,42.19993910329297,0.19993910329296938,0.19993910329296938,75-100%
42.0,42.29052748708572,0.2905274870857184,0.2905274870857184,75-100%
42.0,41.774437021060365,-0.22556297893963517,0.22556297893963517,75-100%
42.0,42.05242530435443,0.05242530435442916,0.05242530435442916,75-100%
42.0,42.854081133252116,0.8540811332521159,0.8540811332521159,75-100%
42.0,42.14270435815944,0.14270435815944182,0.14270435815944182,75-100%
42.0,40.65786282556463,-1.342137174435372,1.342137174435372,75-100%
42.0,40.45933023481156,-1.54066976518844,1.54066976518844,75-100%
42.0,41.65985172482898,-0.34014827517101764,0.34014827517101764,75-100%
42.0,41.65985172482898,-0.34014827517101764,0.34014827517101764,75-100%
42.0,41.65985172482898,-0.34014827517101764,0.34014827517101764,75-100%
42.0,42.01568116690926,0.01568116690926047,0.01568116690926047,75-100%
42.0,42.01568116690926,0.01568116690926047,0.01568116690926047,75-100%
42.0,41.61672419500139,-0.38327580499861114,0.38327580499861114,75-100%
42.0,41.07011573306737,-0.9298842669326319,0.9298842669326319,75-100%
42.0,40.798470194681514,-1.2015298053184864,1.2015298053184864,75-100%
42.0,40.88611975943881,-1.113880240561187,1.113880240561187,75-100%
42.0,43.56882408719765,1.5688240871976475,1.5688240871976475,75-100%
42.0,47.48115015994778,5.481150159947781,5.481150159947781,75-100%
42.0,43.22376761704797,1.2237676170479688,1.2237676170479688,75-100%
42.0,43.75023381652548,1.7502338165254798,1.7502338165254798,75-100%
42.0,41.15833492664354,-0.8416650733564595,0.8416650733564595,75-100%
42.0,40.88611975943881,-1.113880240561187,1.113880240561187,75-100%
42.0,40.88611975943881,-1.113880240561187,1.113880240561187,75-100%
42.0,42.44136491907635,0.44136491907634934,0.44136491907634934,75-100%
42.0,47.378416309141635,5.378416309141635,5.378416309141635,75-100%
42.0,43.56882408719765,1.5688240871976475,1.5688240871976475,75-100%
42.0,40.88611975943881,-1.113880240561187,1.113880240561187,75-100%
42.0,43.75023381652548,1.7502338165254798,1.7502338165254798,75-100%
123.0,34.33287717951061,-88.6671228204894,88.6671228204894,75-100%
123.0,34.49040531749869,-88.5095946825013,88.5095946825013,75-100%
123.0,34.112867980280846,-88.88713201971916,88.88713201971916,75-100%
123.0,34.63170080254127,-88.36829919745873,88.36829919745873,75-100%
123.0,34.33204278873568,-88.66795721126432,88.66795721126432,75-100%
123.0,34.29687576522316,-88.70312423477684,88.70312423477684,75-100%
123.0,34.29687576522316,-88.70312423477684,88.70312423477684,75-100%
123.0,34.642381286459226,-88.35761871354077,88.35761871354077,75-100%
123.0,34.654098501983704,-88.3459014980163,88.3459014980163,75-100%
123.0,34.29687576522316,-88.70312423477684,88.70312423477684,75-100%
123.0,33.184457534337085,-89.81554246566292,89.81554246566292,75-100%
123.0,33.57207989000832,-89.42792010999167,89.42792010999167,75-100%
123.0,33.81156680707411,-89.18843319292588,89.18843319292588,75-100%
123.0,34.642381286459226,-88.35761871354077,88.35761871354077,75-100%
123.0,33.805785947973085,-89.19421405202692,89.19421405202692,75-100%
123.0,33.57207989000832,-89.42792010999167,89.42792010999167,75-100%
123.0,33.55036190842947,-89.44963809157053,89.44963809157053,75-100%
123.0,33.55036190842947,-89.44963809157053,89.44963809157053,75-100%
123.0,34.29687576522316,-88.70312423477684,88.70312423477684,75-100%
123.0,33.55036190842947,-89.44963809157053,89.44963809157053,75-100%
123.0,33.57207989000832,-89.42792010999167,89.42792010999167,75-100%
123.0,33.57207989000832,-89.42792010999167,89.42792010999167,75-100%
123.0,33.57207989000832,-89.42792010999167,89.42792010999167,75-100%
15.0,30.210812687469392,15.210812687469392,15.210812687469392,50-75%
15.0,30.382562619361124,15.382562619361124,15.382562619361124,50-75%
15.0,30.939829703576024,15.939829703576024,15.939829703576024,50-75%
15.0,31.0856192012347,16.0856192012347,16.0856192012347,50-75%
15.0,30.382562619361124,15.382562619361124,15.382562619361124,50-75%
15.0,30.382562619361124,15.382562619361124,15.382562619361124,50-75%
15.0,30.382562619361124,15.382562619361124,15.382562619361124,50-75%
15.0,29.93040928119503,14.930409281195029,14.930409281195029,50-75%
15.0,33.405410572783225,18.405410572783225,18.405410572783225,50-75%
15.0,33.405410572783225,18.405410572783225,18.405410572783225,50-75%
15.0,35.30314847740869,20.30314847740869,20.30314847740869,50-75%
15.0,31.783363256956935,16.783363256956935,16.783363256956935,50-75%
48.0,31.8341907647007,-16.1658092352993,16.1658092352993,75-100%
48.0,31.773354122379082,-16.226645877620918,16.226645877620918,75-100%
37.0,31.783363256956935,-5.216636743043065,5.216636743043065,75-100%
15.0,30.071591274753928,15.071591274753928,15.071591274753928,50-75%
15.0,31.33617327776296,16.33617327776296,16.33617327776296,50-75%
15.0,30.014020454803102,15.014020454803102,15.014020454803102,50-75%
15.0,30.110642612985608,15.110642612985608,15.110642612985608,50-75%
15.0,30.2456652138198,15.245665213819802,15.245665213819802,50-75%
15.0,35.30314847740869,20.30314847740869,20.30314847740869,50-75%
81.0,32.33875746556711,-48.66124253443289,48.66124253443289,75-100%
48.0,32.99721599668902,-15.002784003310978,15.002784003310978,75-100%
37.0,32.99721599668902,-4.002784003310978,4.002784003310978,75-100%
37.0,33.83223077188566,-3.167769228114338,3.167769228114338,75-100%
37.0,33.83223077188566,-3.167769228114338,3.167769228114338,75-100%
49.5,33.56211729341576,-15.93788270658424,15.93788270658424,75-100%
39.0,32.416119073023665,-6.5838809269763345,6.5838809269763345,75-100%
39.0,31.109303253255273,-7.890696746744727,7.890696746744727,75-100%
51.0,31.321625251436583,-19.678374748563417,19.678374748563417,75-100%
51.0,35.54164245673216,-15.458357543267837,15.458357543267837,75-100%
87.0,37.267621969717446,-49.732378030282554,49.732378030282554,75-100%
48.0,34.07789991441942,-13.922100085580581,13.922100085580581,75-100%
37.0,33.4270895414776,-3.5729104585224007,3.5729104585224007,75-100%
37.0,33.13492106393212,-3.8650789360678814,3.8650789360678814,75-100%
31.5,33.356761695107906,1.856761695107906,1.856761695107906,75-100%
49.5,33.85794223970618,-15.642057760293817,15.642057760293817,75-100%
49.5,33.56211729341576,-15.93788270658424,15.93788270658424,75-100%
39.0,33.219145930426905,-5.780854069573095,5.780854069573095,75-100%
51.0,31.46915745660646,-19.53084254339354,19.53084254339354,75-100%
51.0,34.95292829931634,-16.04707170068366,16.04707170068366,75-100%
87.0,37.03485703625829,-49.96514296374171,49.96514296374171,75-100%
15.0,31.102641812914605,16.102641812914605,16.102641812914605,50-75%
15.0,33.81291955413577,18.812919554135767,18.812919554135767,50-75%
48.0,34.07789991441942,-13.922100085580581,13.922100085580581,75-100%
48.0,34.03916645338879,-13.960833546611212,13.960833546611212,75-100%
31.5,33.11145499811048,1.6114549981104815,1.6114549981104815,75-100%
49.5,33.0068711265702,-16.493128873429796,16.493128873429796,75-100%
49.5,33.0068711265702,-16.493128873429796,16.493128873429796,75-100%
49.5,30.963406140841684,-18.536593859158316,18.536593859158316,75-100%
51.0,32.88138131737914,-18.118618682620863,18.118618682620863,75-100%
51.0,32.65156849186714,-18.34843150813286,18.34843150813286,75-100%
51.0,31.46915745660646,-19.53084254339354,19.53084254339354,75-100%
87.0,33.0455156909492,-53.9544843090508,53.9544843090508,75-100%
87.0,33.39252211764291,-53.60747788235709,53.60747788235709,75-100%
15.0,33.77717870271395,18.777178702713947,18.777178702713947,50-75%
15.0,33.77717870271395,18.777178702713947,18.777178702713947,50-75%
48.0,33.4308629667212,-14.5691370332788,14.5691370332788,75-100%
48.0,33.77411928459063,-14.225880715409367,14.225880715409367,75-100%
48.0,33.0455156909492,-14.954484309050798,14.954484309050798,75-100%
48.0,33.0455156909492,-14.954484309050798,14.954484309050798,75-100%
61.0,30.963406140841684,-30.036593859158316,30.036593859158316,75-100%
61.0,30.963406140841684,-30.036593859158316,30.036593859158316,75-100%
51.0,31.408997164159253,-19.591002835840747,19.591002835840747,75-100%
51.0,31.321625251436583,-19.678374748563417,19.678374748563417,75-100%
51.0,31.50996528130792,-19.49003471869208,19.49003471869208,75-100%
87.0,33.0455156909492,-53.9544843090508,53.9544843090508,75-100%
87.0,33.05552810823331,-53.94447189176669,53.94447189176669,75-100%
87.0,36.65110094576826,-50.34889905423174,50.34889905423174,75-100%
15.0,33.537153190669216,18.537153190669216,18.537153190669216,50-75%
15.0,33.31414777674733,18.314147776747333,18.314147776747333,50-75%
15.0,33.263630391805044,18.263630391805044,18.263630391805044,50-75%
48.0,33.77411928459063,-14.225880715409367,14.225880715409367,75-100%
48.0,33.51838559448849,-14.481614405511507,14.481614405511507,75-100%
48.0,32.6642462969369,-15.335753703063098,15.335753703063098,75-100%
48.0,33.0455156909492,-14.954484309050798,14.954484309050798,75-100%
61.0,33.62860673662347,-27.371393263376532,27.371393263376532,75-100%
84.0,33.24390093279076,-50.75609906720924,50.75609906720924,75-100%
87.0,33.72161993288562,-53.27838006711438,53.27838006711438,75-100%
87.0,33.24390093279076,-53.75609906720924,53.75609906720924,75-100%
87.0,33.24390093279076,-53.75609906720924,53.75609906720924,75-100%
87.0,33.0455156909492,-53.9544843090508,53.9544843090508,75-100%
87.0,33.24390093279076,-53.75609906720924,53.75609906720924,75-100%
15.0,33.537153190669216,18.537153190669216,18.537153190669216,50-75%
15.0,33.36052741197783,18.360527411977827,18.360527411977827,50-75%
15.0,33.13866246567552,18.138662465675523,18.138662465675523,50-75%
15.0,32.93261022194842,17.932610221948423,17.932610221948423,50-75%
48.0,34.5287599264192,-13.471240073580802,13.471240073580802,75-100%
48.0,33.39248851318814,-14.607511486811859,14.607511486811859,75-100%
87.0,33.0455156909492,-53.9544843090508,53.9544843090508,75-100%
87.0,33.0455156909492,-53.9544843090508,53.9544843090508,75-100%
87.0,33.0455156909492,-53.9544843090508,53.9544843090508,75-100%
87.0,33.0455156909492,-53.9544843090508,53.9544843090508,75-100%
15.0,34.266547882597784,19.266547882597784,19.266547882597784,50-75%
15.0,33.870350143885354,18.870350143885354,18.870350143885354,50-75%
15.0,33.965728780723914,18.965728780723914,18.965728780723914,50-75%
66.0,41.70920502395968,-24.290794976040317,24.290794976040317,75-100%
66.0,42.090240427339786,-23.909759572660214,23.909759572660214,75-100%
66.0,42.090240427339786,-23.909759572660214,23.909759572660214,75-100%
66.0,40.84435387342715,-25.155646126572847,25.155646126572847,75-100%
66.0,40.75521313820066,-25.24478686179934,25.24478686179934,75-100%
66.0,40.667837504484034,-25.332162495515966,25.332162495515966,75-100%
66.0,39.62230060206788,-26.37769939793212,26.37769939793212,75-100%
66.0,41.105546671756095,-24.894453328243905,24.894453328243905,75-100%
66.0,40.667837504484034,-25.332162495515966,25.332162495515966,75-100%
66.0,40.75521313820066,-25.24478686179934,25.24478686179934,75-100%
66.0,38.34255101497161,-27.657448985028388,27.657448985028388,75-100%
66.0,39.16539120035222,-26.834608799647782,26.834608799647782,75-100%
66.0,40.75521313820066,-25.24478686179934,25.24478686179934,75-100%
66.0,40.667837504484034,-25.332162495515966,25.332162495515966,75-100%
66.0,38.34255101497161,-27.657448985028388,27.657448985028388,75-100%
66.0,40.08292256268675,-25.917077437313253,25.917077437313253,75-100%
66.0,41.23252365752765,-24.76747634247235,24.76747634247235,75-100%
66.0,40.75521313820066,-25.24478686179934,25.24478686179934,75-100%
66.0,42.671168577325254,-23.328831422674746,23.328831422674746,75-100%
66.0,42.927997797332125,-23.072002202667875,23.072002202667875,75-100%
66.0,40.08292256268675,-25.917077437313253,25.917077437313253,75-100%
66.0,41.27460081365716,-24.72539918634284,24.72539918634284,75-100%
66.0,42.927997797332125,-23.072002202667875,23.072002202667875,75-100%
66.0,43.24753055377018,-22.752469446229817,22.752469446229817,75-100%
66.0,42.671168577325254,-23.328831422674746,23.328831422674746,75-100%
76.0,42.280008040313575,-33.719991959686425,33.719991959686425,75-100%
76.0,43.307017761927064,-32.692982238072936,32.692982238072936,75-100%
76.0,40.579318453226385,-35.420681546773615,35.420681546773615,75-100%
76.0,43.21993799275597,-32.78006200724403,32.78006200724403,75-100%
76.0,42.671168577325254,-33.328831422674746,33.328831422674746,75-100%
76.0,42.671168577325254,-33.328831422674746,33.328831422674746,75-100%
76.0,42.927997797332125,-33.072002202667875,33.072002202667875,75-100%
76.0,42.0269673540941,-33.9730326459059,33.9730326459059,75-100%
76.0,44.77350031229681,-31.22649968770319,31.22649968770319,75-100%
76.0,42.927997797332125,-33.072002202667875,33.072002202667875,75-100%
76.0,40.11313089906936,-35.88686910093064,35.88686910093064,75-100%
76.0,42.927997797332125,-33.072002202667875,33.072002202667875,75-100%
76.0,42.280008040313575,-33.719991959686425,33.719991959686425,75-100%
76.0,45.87666947581397,-30.12333052418603,30.12333052418603,75-100%
76.0,43.848827669056064,-32.151172330943936,32.151172330943936,75-100%
76.0,46.0580010451091,-29.9419989548909,29.9419989548909,75-100%
76.0,45.03400554961444,-30.96599445038556,30.96599445038556,75-100%
76.0,46.0580010451091,-29.9419989548909,29.9419989548909,75-100%
53.0,45.94861948520729,-7.0513805147927116,7.0513805147927116,75-100%
53.0,45.62339290649773,-7.3766070935022725,7.3766070935022725,75-100%
53.0,45.94861948520729,-7.0513805147927116,7.0513805147927116,75-100%
53.0,45.94861948520729,-7.0513805147927116,7.0513805147927116,75-100%
27.5,48.406438692492756,20.906438692492756,20.906438692492756,75-100%
27.5,48.406438692492756,20.906438692492756,20.906438692492756,75-100%
53.0,42.34991468805736,-10.65008531194264,10.65008531194264,75-100%
53.0,42.105408255908884,-10.894591744091116,10.894591744091116,75-100%
40.25,44.42304083351098,4.173040833510981,4.173040833510981,75-100%
40.25,43.71395350446802,3.463953504468023,3.463953504468023,75-100%
40.25,45.94861948520729,5.6986194852072884,5.6986194852072884,75-100%
27.5,48.406438692492756,20.906438692492756,20.906438692492756,75-100%
27.5,46.95358700653112,19.453587006531123,19.453587006531123,75-100%
27.5,46.95358700653112,19.453587006531123,19.453587006531123,75-100%
134.0,41.74870317759709,-92.2512968224029,92.2512968224029,75-100%
134.0,41.50365977798259,-92.49634022201741,92.49634022201741,75-100%
134.0,41.19129436691031,-92.80870563308969,92.80870563308969,75-100%
134.0,41.74870317759709,-92.2512968224029,92.2512968224029,75-100%
134.0,43.32299829703909,-90.67700170296091,90.67700170296091,75-100%
134.0,43.32299829703909,-90.67700170296091,90.67700170296091,75-100%
40.25,42.21680954711379,1.9668095471137903,1.9668095471137903,75-100%
27.5,47.26523424862515,19.76523424862515,19.76523424862515,75-100%
27.5,43.64232163840911,16.142321638409108,16.142321638409108,75-100%
27.5,43.52273260333017,16.02273260333017,16.02273260333017,75-100%
134.0,42.14765850640546,-91.85234149359454,91.85234149359454,75-100%
134.0,41.50365977798259,-92.49634022201741,92.49634022201741,75-100%
134.0,41.19129436691031,-92.80870563308969,92.80870563308969,75-100%
134.0,43.32299829703909,-90.67700170296091,90.67700170296091,75-100%
134.0,43.32299829703909,-90.67700170296091,90.67700170296091,75-100%
134.0,43.32299829703909,-90.67700170296091,90.67700170296091,75-100%
40.25,42.69287337443963,2.4428733744396283,2.4428733744396283,75-100%
27.5,43.73593463532352,16.235934635323517,16.235934635323517,75-100%
27.5,43.64232163840911,16.142321638409108,16.142321638409108,75-100%
27.5,41.55727339527015,14.057273395270151,14.057273395270151,75-100%
134.0,42.14765850640546,-91.85234149359454,91.85234149359454,75-100%
134.0,41.78148216494388,-92.21851783505612,92.21851783505612,75-100%
134.0,41.78148216494388,-92.21851783505612,92.21851783505612,75-100%
134.0,43.11176423256724,-90.88823576743276,90.88823576743276,75-100%
134.0,43.23024939759972,-90.76975060240028,90.76975060240028,75-100%
134.0,43.32299829703909,-90.67700170296091,90.67700170296091,75-100%
134.0,43.32299829703909,-90.67700170296091,90.67700170296091,75-100%
134.0,43.23024939759972,-90.76975060240028,90.76975060240028,75-100%
40.25,39.22107656657207,-1.0289234334279271,1.0289234334279271,75-100%
27.5,41.55727339527015,14.057273395270151,14.057273395270151,75-100%
27.5,42.13832641162729,14.63832641162729,14.63832641162729,75-100%
27.5,41.82422662182533,14.324226621825332,14.324226621825332,75-100%
27.5,43.52273260333017,16.02273260333017,16.02273260333017,75-100%
29.0,34.44385078152985,5.4438507815298465,5.4438507815298465,75-100%
134.0,41.32367876810207,-92.67632123189793,92.67632123189793,75-100%
134.0,42.78449061399894,-91.21550938600106,91.21550938600106,75-100%
134.0,43.32299829703909,-90.67700170296091,90.67700170296091,75-100%
134.0,43.32299829703909,-90.67700170296091,90.67700170296091,75-100%
134.0,43.068930749336126,-90.93106925066388,90.93106925066388,75-100%
134.0,43.90857003968279,-90.09142996031721,90.09142996031721,75-100%
27.5,43.52273260333017,16.02273260333017,16.02273260333017,75-100%
27.5,43.64232163840911,16.142321638409108,16.142321638409108,75-100%
27.5,43.73593463532352,16.235934635323517,16.235934635323517,75-100%
27.5,41.55727339527015,14.057273395270151,14.057273395270151,75-100%
27.5,41.734614004423,14.234614004423001,14.234614004423001,75-100%
27.5,43.64232163840911,16.142321638409108,16.142321638409108,75-100%
29.0,34.547373071601534,5.547373071601534,5.547373071601534,75-100%
29.0,35.59001201420249,6.590012014202493,6.590012014202493,75-100%
29.0,35.098583651370014,6.098583651370014,6.098583651370014,75-100%
29.0,35.62557577552572,6.625575775525718,6.625575775525718,75-100%
29.0,24.81743720322503,-4.18256279677497,4.18256279677497,75-100%
29.0,24.996862633867096,-4.003137366132904,4.003137366132904,75-100%
81.5,42.428072331851,-39.071927668149,39.071927668149,75-100%
81.5,42.05951623416969,-39.44048376583031,39.44048376583031,75-100%
81.5,41.58897649405449,-39.91102350594551,39.91102350594551,75-100%
134.0,43.32299829703909,-90.67700170296091,90.67700170296091,75-100%
27.5,43.73593463532352,16.235934635323517,16.235934635323517,75-100%
27.5,44.026670563997605,16.526670563997605,16.526670563997605,75-100%
27.5,43.64232163840911,16.142321638409108,16.142321638409108,75-100%
29.0,34.30016752385178,5.300167523851783,5.300167523851783,75-100%
29.0,34.547373071601534,5.547373071601534,5.547373071601534,75-100%
29.0,35.098583651370014,6.098583651370014,6.098583651370014,75-100%
29.0,35.098583651370014,6.098583651370014,6.098583651370014,75-100%
29.0,23.88885748816632,-5.11114251183368,5.11114251183368,75-100%
29.0,23.984437033863678,-5.015562966136322,5.015562966136322,75-100%
29.0,23.984437033863678,-5.015562966136322,5.015562966136322,75-100%
29.0,24.33719544006995,-4.6628045599300485,4.6628045599300485,75-100%
29.0,41.59873760283651,12.598737602836508,12.598737602836508,75-100%
81.5,41.762327594433984,-39.737672405566016,39.737672405566016,75-100%
81.5,43.61105057931632,-37.88894942068368,37.88894942068368,75-100%
29.0,35.07590672891533,6.075906728915328,6.075906728915328,75-100%
29.0,34.93199899352535,5.931998993525347,5.931998993525347,75-100%
29.0,35.098583651370014,6.098583651370014,6.098583651370014,75-100%
29.0,35.70947440143425,6.70947440143425,6.70947440143425,75-100%
29.0,23.883154435468676,-5.116845564531324,5.116845564531324,75-100%
29.0,23.883154435468676,-5.116845564531324,5.116845564531324,75-100%
29.0,23.964701069621277,-5.035298930378723,5.035298930378723,75-100%
29.0,24.33719544006995,-4.6628045599300485,4.6628045599300485,75-100%
29.0,41.59873760283651,12.598737602836508,12.598737602836508,75-100%
29.0,41.91133809325233,12.911338093252333,12.911338093252333,75-100%
29.0,42.39703721690871,13.397037216908707,13.397037216908707,75-100%
29.0,42.39703721690871,13.397037216908707,13.397037216908707,75-100%
29.0,35.35901963783591,6.359019637835907,6.359019637835907,75-100%
29.0,35.35901963783591,6.359019637835907,6.359019637835907,75-100%
29.0,35.35901963783591,6.359019637835907,6.359019637835907,75-100%
29.0,35.06353160410795,6.063531604107951,6.063531604107951,75-100%
29.0,23.984437033863678,-5.015562966136322,5.015562966136322,75-100%
29.0,23.984437033863678,-5.015562966136322,5.015562966136322,75-100%
29.0,23.984437033863678,-5.015562966136322,5.015562966136322,75-100%
29.0,19.123497099708633,-9.876502900291367,9.876502900291367,75-100%
29.0,42.39703721690871,13.397037216908707,13.397037216908707,75-100%
29.0,41.91133809325233,12.911338093252333,12.911338093252333,75-100%
29.0,42.30622595423591,13.306225954235913,13.306225954235913,75-100%
29.0,42.39703721690871,13.397037216908707,13.397037216908707,75-100%
29.0,35.32371470490402,6.32371470490402,6.32371470490402,75-100%
29.0,35.32371470490402,6.32371470490402,6.32371470490402,75-100%
29.0,24.811001049274427,-4.188998950725573,4.188998950725573,75-100%
29.0,19.034783211828497,-9.965216788171503,9.965216788171503,75-100%
29.0,19.219860692453373,-9.780139307546627,9.780139307546627,75-100%
29.0,42.30622595423591,13.306225954235913,13.306225954235913,75-100%
29.0,42.39703721690871,13.397037216908707,13.397037216908707,75-100%
29.0,41.91133809325233,12.911338093252333,12.911338093252333,75-100%
29.0,42.116823784315926,13.116823784315926,13.116823784315926,75-100%
29.0,35.7325495776345,6.732549577634501,6.732549577634501,75-100%
29.0,33.031419951768314,4.031419951768314,4.031419951768314,75-100%
29.0,43.03321734574102,14.033217345741022,14.033217345741022,75-100%
29.0,42.19021608770779,13.190216087707789,13.190216087707789,75-100%
29.0,42.39703721690871,13.397037216908707,13.397037216908707,75-100%
29.0,42.39703721690871,13.397037216908707,13.397037216908707,75-100%
67.0,35.8734431125285,-31.1265568874715,31.1265568874715,75-100%
67.0,35.8734431125285,-31.1265568874715,31.1265568874715,75-100%
67.0,32.91089673720092,-34.08910326279908,34.08910326279908,75-100%
67.0,35.41973213040694,-31.580267869593058,31.580267869593058,75-100%
67.0,33.33931834406484,-33.66068165593516,33.66068165593516,75-100%
67.0,33.223226277812266,-33.776773722187734,33.776773722187734,75-100%
67.0,33.33931834406484,-33.66068165593516,33.66068165593516,75-100%
67.0,33.44564079882792,-33.55435920117208,33.55435920117208,75-100%
67.0,32.97060419933412,-34.02939580066588,34.02939580066588,75-100%
67.0,32.28059723020307,-34.71940276979693,34.71940276979693,75-100%
15.0,31.807604949565427,16.807604949565427,16.807604949565427,50-75%
15.0,31.59178951127003,16.59178951127003,16.59178951127003,50-75%
15.0,31.807604949565427,16.807604949565427,16.807604949565427,50-75%
15.0,31.807604949565427,16.807604949565427,16.807604949565427,50-75%
15.0,36.24296319050017,21.24296319050017,21.24296319050017,50-75%
15.0,31.54666604248096,16.54666604248096,16.54666604248096,50-75%
15.0,30.99160411821917,15.991604118219168,15.991604118219168,50-75%
15.0,34.191108445671276,19.191108445671276,19.191108445671276,50-75%
15.0,34.191108445671276,19.191108445671276,19.191108445671276,50-75%
15.0,36.44251921025014,21.44251921025014,21.44251921025014,50-75%
15.0,36.44251921025014,21.44251921025014,21.44251921025014,50-75%
15.0,36.44251921025014,21.44251921025014,21.44251921025014,50-75%
15.0,29.695878804941444,14.695878804941444,14.695878804941444,50-75%
15.0,30.437222540179288,15.437222540179288,15.437222540179288,50-75%
15.0,30.781156507820295,15.781156507820295,15.781156507820295,50-75%
15.0,31.077407162954085,16.077407162954085,16.077407162954085,50-75%
15.0,30.72227097399096,15.722270973990959,15.722270973990959,50-75%
15.0,30.821099640478234,15.821099640478234,15.821099640478234,50-75%
15.0,31.807604949565427,16.807604949565427,16.807604949565427,50-75%
15.0,36.44251921025014,21.44251921025014,21.44251921025014,50-75%
15.0,32.128008775888375,17.128008775888375,17.128008775888375,50-75%
15.0,33.00214440581789,18.002144405817887,18.002144405817887,50-75%
15.0,33.00214440581789,18.002144405817887,18.002144405817887,50-75%
15.0,32.71358226197589,17.713582261975887,17.713582261975887,50-75%
15.0,31.077407162954085,16.077407162954085,16.077407162954085,50-75%
15.0,30.781156507820295,15.781156507820295,15.781156507820295,50-75%
15.0,30.99160411821917,15.991604118219168,15.991604118219168,50-75%
15.0,36.24296319050017,21.24296319050017,21.24296319050017,50-75%
15.0,33.00214440581789,18.002144405817887,18.002144405817887,50-75%
15.0,32.71358226197589,17.713582261975887,17.713582261975887,50-75%
15.0,31.968507563360873,16.968507563360873,16.968507563360873,50-75%
15.0,30.781156507820295,15.781156507820295,15.781156507820295,50-75%
15.0,34.191108445671276,19.191108445671276,19.191108445671276,50-75%
15.0,32.17196795164078,17.17196795164078,17.17196795164078,50-75%
15.0,32.17196795164078,17.17196795164078,17.17196795164078,50-75%
15.0,30.99160411821917,15.991604118219168,15.991604118219168,50-75%
15.0,31.163567781275276,16.163567781275276,16.163567781275276,50-75%
23.0,31.546926889192186,8.546926889192186,8.546926889192186,75-100%
23.0,31.747627409278508,8.747627409278508,8.747627409278508,75-100%
23.0,31.469711832596712,8.469711832596712,8.469711832596712,75-100%
23.0,33.93428436429811,10.934284364298108,10.934284364298108,75-100%
23.0,32.03070720545765,9.030707205457652,9.030707205457652,75-100%
23.0,31.04633282667086,8.04633282667086,8.04633282667086,75-100%
23.0,31.04633282667086,8.04633282667086,8.04633282667086,75-100%
23.0,31.530364465646517,8.530364465646517,8.530364465646517,75-100%
23.0,32.483267792686306,9.483267792686306,9.483267792686306,75-100%
23.0,32.90359562455418,9.903595624554178,9.903595624554178,75-100%
23.0,33.75490506112338,10.754905061123381,10.754905061123381,75-100%
23.0,31.04633282667086,8.04633282667086,8.04633282667086,75-100%
23.0,31.965376879220845,8.965376879220845,8.965376879220845,75-100%
23.0,31.741777187882537,8.741777187882537,8.741777187882537,75-100%
23.0,31.530364465646517,8.530364465646517,8.530364465646517,75-100%
23.0,32.90359562455418,9.903595624554178,9.903595624554178,75-100%
23.0,33.75490506112338,10.754905061123381,10.754905061123381,75-100%
23.0,31.04633282667086,8.04633282667086,8.04633282667086,75-100%
23.0,31.26518319900863,8.265183199008629,8.265183199008629,75-100%
23.0,31.04633282667086,8.04633282667086,8.04633282667086,75-100%
23.0,32.4034776179888,9.403477617988798,9.403477617988798,75-100%
23.0,34.11890871825369,11.118908718253692,11.118908718253692,75-100%
23.0,31.04633282667086,8.04633282667086,8.04633282667086,75-100%
23.0,31.04633282667086,8.04633282667086,8.04633282667086,75-100%
23.0,31.04633282667086,8.04633282667086,8.04633282667086,75-100%
23.0,34.11890871825369,11.118908718253692,11.118908718253692,75-100%
23.0,31.291219709463775,8.291219709463775,8.291219709463775,75-100%
23.0,33.75490506112338,10.754905061123381,10.754905061123381,75-100%
37.0,32.38970397073581,-4.610296029264191,4.610296029264191,75-100%
37.0,32.51589763927751,-4.484102360722488,4.484102360722488,75-100%
37.0,32.01317941200079,-4.986820587999212,4.986820587999212,75-100%
37.0,35.449728098499975,-1.5502719015000253,1.5502719015000253,75-100%
37.0,34.880720831099254,-2.1192791689007464,2.1192791689007464,75-100%
37.0,32.64485642661889,-4.355143573381113,4.355143573381113,75-100%
37.0,32.41298767252837,-4.5870123274716335,4.5870123274716335,75-100%
37.0,32.477491459368935,-4.522508540631065,4.522508540631065,75-100%
37.0,30.34180015109503,-6.658199848904971,6.658199848904971,75-100%
37.0,32.12632657325841,-4.87367342674159,4.87367342674159,75-100%
37.0,31.167626401952116,-5.832373598047884,5.832373598047884,75-100%
37.0,31.88141654277714,-5.1185834572228615,5.1185834572228615,75-100%
37.0,31.969736747905007,-5.0302632520949935,5.0302632520949935,75-100%
10.0,7.705997425486377,-2.294002574513623,2.294002574513623,50-75%
10.0,7.740265173875306,-2.259734826124694,2.259734826124694,50-75%
10.0,7.740265173875306,-2.259734826124694,2.259734826124694,50-75%
10.0,7.682675568707811,-2.317324431292189,2.317324431292189,50-75%
10.0,7.510860519589375,-2.489139480410625,2.489139480410625,50-75%
10.0,7.705997425486377,-2.294002574513623,2.294002574513623,50-75%
10.0,7.477492192535603,-2.5225078074643967,2.5225078074643967,50-75%
10.0,7.454782461634818,-2.545217538365182,2.545217538365182,50-75%
10.0,7.454782461634818,-2.545217538365182,2.545217538365182,50-75%
10.0,7.477492192535603,-2.5225078074643967,2.5225078074643967,50-75%
10.0,7.510860519589375,-2.489139480410625,2.489139480410625,50-75%
10.0,7.446572683833054,-2.553427316166946,2.553427316166946,50-75%
10.0,7.705997425486377,-2.294002574513623,2.294002574513623,50-75%
10.0,7.454782461634818,-2.545217538365182,2.545217538365182,50-75%
10.0,7.454782461634818,-2.545217538365182,2.545217538365182,50-75%
10.0,7.529925151780715,-2.4700748482192854,2.4700748482192854,50-75%
10.0,7.477492192535603,-2.5225078074643967,2.5225078074643967,50-75%
10.0,7.446572683833054,-2.553427316166946,2.553427316166946,50-75%
10.0,7.674244501738631,-2.325755498261369,2.325755498261369,50-75%
10.0,7.6665879230047835,-2.3334120769952165,2.3334120769952165,50-75%
10.0,7.454782461634818,-2.545217538365182,2.545217538365182,50-75%
10.0,7.705997425486377,-2.294002574513623,2.294002574513623,50-75%
10.0,7.6665879230047835,-2.3334120769952165,2.3334120769952165,50-75%
10.0,7.4083375212346825,-2.5916624787653175,2.5916624787653175,50-75%
10.0,7.529925151780715,-2.4700748482192854,2.4700748482192854,50-75%
10.0,7.634978735450156,-2.365021264549844,2.365021264549844,50-75%
10.0,7.454782461634818,-2.545217538365182,2.545217538365182,50-75%
10.0,7.236580259699061,-2.7634197403009386,2.7634197403009386,50-75%
12.0,14.98732627252219,2.987326272522189,2.987326272522189,50-75%
12.0,16.950989779060027,4.950989779060027,4.950989779060027,50-75%
12.0,15.465143662690245,3.465143662690245,3.465143662690245,50-75%
10.0,25.86285817824364,15.862858178243641,15.862858178243641,50-75%
10.0,26.003174881037452,16.003174881037452,16.003174881037452,50-75%
12.0,16.96483009761721,4.9648300976172095,4.9648300976172095,50-75%
12.0,16.936396048373194,4.936396048373194,4.936396048373194,50-75%
12.0,17.06996166573461,5.06996166573461,5.06996166573461,50-75%
12.0,17.08415294393495,5.084152943934949,5.084152943934949,50-75%
12.0,15.352384705452051,3.3523847054520513,3.3523847054520513,50-75%
15.0,26.375313449866155,11.375313449866155,11.375313449866155,50-75%
15.0,26.375313449866155,11.375313449866155,11.375313449866155,50-75%
15.0,26.22321600374527,11.223216003745272,11.223216003745272,50-75%
10.0,21.508290505150274,11.508290505150274,11.508290505150274,50-75%
10.0,26.003174881037452,16.003174881037452,16.003174881037452,50-75%
12.0,16.925128507623295,4.925128507623295,4.925128507623295,50-75%
12.0,16.925128507623295,4.925128507623295,4.925128507623295,50-75%
12.0,16.936396048373194,4.936396048373194,4.936396048373194,50-75%
12.0,16.925128507623295,4.925128507623295,4.925128507623295,50-75%
12.0,16.925128507623295,4.925128507623295,4.925128507623295,50-75%
12.0,15.36266363655976,3.362663636559761,3.362663636559761,50-75%
12.0,15.36266363655976,3.362663636559761,3.362663636559761,50-75%
12.0,15.352384705452051,3.3523847054520513,3.3523847054520513,50-75%
15.0,26.2049278829288,11.2049278829288,11.2049278829288,50-75%
15.0,26.2049278829288,11.2049278829288,11.2049278829288,50-75%
15.0,26.44627891813293,11.44627891813293,11.44627891813293,50-75%
15.0,26.375313449866155,11.375313449866155,11.375313449866155,50-75%
15.0,26.22682279615519,11.22682279615519,11.22682279615519,50-75%
15.0,25.39283664797493,10.392836647974931,10.392836647974931,50-75%
10.0,21.508290505150274,11.508290505150274,11.508290505150274,50-75%
10.0,24.049577452812752,14.049577452812752,14.049577452812752,50-75%
10.0,25.55996580136723,15.55996580136723,15.55996580136723,50-75%
10.0,25.955663174689718,15.955663174689718,15.955663174689718,50-75%
12.0,16.936396048373194,4.936396048373194,4.936396048373194,50-75%
12.0,16.936396048373194,4.936396048373194,4.936396048373194,50-75%
12.0,16.925128507623295,4.925128507623295,4.925128507623295,50-75%
12.0,16.925128507623295,4.925128507623295,4.925128507623295,50-75%
12.0,16.869591280161202,4.8695912801612025,4.8695912801612025,50-75%
12.0,16.869591280161202,4.8695912801612025,4.8695912801612025,50-75%
12.0,15.352384705452051,3.3523847054520513,3.3523847054520513,50-75%
15.0,26.2049278829288,11.2049278829288,11.2049278829288,50-75%
15.0,26.22321600374527,11.223216003745272,11.223216003745272,50-75%
15.0,26.22321600374527,11.223216003745272,11.223216003745272,50-75%
15.0,26.375313449866155,11.375313449866155,11.375313449866155,50-75%
15.0,26.375313449866155,11.375313449866155,11.375313449866155,50-75%
9.0,23.538436075089685,14.538436075089685,14.538436075089685,50-75%
9.0,23.538436075089685,14.538436075089685,14.538436075089685,50-75%
10.0,24.698755997476425,14.698755997476425,14.698755997476425,50-75%
10.0,25.045028015861277,15.045028015861277,15.045028015861277,50-75%
10.0,25.55996580136723,15.55996580136723,15.55996580136723,50-75%
10.0,25.955663174689718,15.955663174689718,15.955663174689718,50-75%
10.0,25.955663174689718,15.955663174689718,15.955663174689718,50-75%
10.0,25.955663174689718,15.955663174689718,15.955663174689718,50-75%
12.0,16.73269268124984,4.732692681249841,4.732692681249841,50-75%
12.0,16.38493701355709,4.384937013557089,4.384937013557089,50-75%
12.0,16.653787272454277,4.653787272454277,4.653787272454277,50-75%
12.0,17.01397570330012,5.013975703300119,5.013975703300119,50-75%
12.0,17.016797849719165,5.016797849719165,5.016797849719165,50-75%
12.0,16.882247292002425,4.882247292002425,4.882247292002425,50-75%
15.0,26.2049278829288,11.2049278829288,11.2049278829288,50-75%
15.0,26.375313449866155,11.375313449866155,11.375313449866155,50-75%
15.0,26.22321600374527,11.223216003745272,11.223216003745272,50-75%
15.0,26.24032822112966,11.240328221129658,11.240328221129658,50-75%
15.0,26.188814349763373,11.188814349763373,11.188814349763373,50-75%
9.0,25.968367639149115,16.968367639149115,16.968367639149115,50-75%
9.0,23.538436075089685,14.538436075089685,14.538436075089685,50-75%
9.0,23.538436075089685,14.538436075089685,14.538436075089685,50-75%
9.0,23.538436075089685,14.538436075089685,14.538436075089685,50-75%
9.0,25.98531966162433,16.98531966162433,16.98531966162433,50-75%
9.0,25.98531966162433,16.98531966162433,16.98531966162433,50-75%
10.0,21.508290505150274,11.508290505150274,11.508290505150274,50-75%
10.0,25.533529884615593,15.533529884615593,15.533529884615593,50-75%
10.0,25.955663174689718,15.955663174689718,15.955663174689718,50-75%
10.0,25.955663174689718,15.955663174689718,15.955663174689718,50-75%
12.0,13.690136325568478,1.6901363255684778,1.6901363255684778,50-75%
12.0,13.690136325568478,1.6901363255684778,1.6901363255684778,50-75%
12.0,14.93779291629938,2.9377929162993794,2.9377929162993794,50-75%
15.0,26.394375575772493,11.394375575772493,11.394375575772493,50-75%
15.0,26.22321600374527,11.223216003745272,11.223216003745272,50-75%
15.0,25.409426897931024,10.409426897931024,10.409426897931024,50-75%
15.0,25.24619785030804,10.24619785030804,10.24619785030804,50-75%
15.0,25.77277043542381,10.772770435423809,10.772770435423809,50-75%
9.0,25.98531966162433,16.98531966162433,16.98531966162433,50-75%
9.0,25.98531966162433,16.98531966162433,16.98531966162433,50-75%
10.0,25.533529884615593,15.533529884615593,15.533529884615593,50-75%
10.0,25.80944881066599,15.809448810665991,15.809448810665991,50-75%
15.0,26.375313449866155,11.375313449866155,11.375313449866155,50-75%
15.0,26.375313449866155,11.375313449866155,11.375313449866155,50-75%
15.0,24.919733447544502,9.919733447544502,9.919733447544502,50-75%
9.0,28.008844319119415,19.008844319119415,19.008844319119415,50-75%
9.0,25.98531966162433,16.98531966162433,16.98531966162433,50-75%
9.0,25.98531966162433,16.98531966162433,16.98531966162433,50-75%
9.0,26.70081777710471,17.70081777710471,17.70081777710471,50-75%
9.0,25.98531966162433,16.98531966162433,16.98531966162433,50-75%
9.0,25.98531966162433,16.98531966162433,16.98531966162433,50-75%
9.0,25.98531966162433,16.98531966162433,16.98531966162433,50-75%
9.0,25.98531966162433,16.98531966162433,16.98531966162433,50-75%
9.0,23.538436075089685,14.538436075089685,14.538436075089685,50-75%
9.0,22.986691056608226,13.986691056608226,13.986691056608226,50-75%
9.0,23.538436075089685,14.538436075089685,14.538436075089685,50-75%
9.0,23.538436075089685,14.538436075089685,14.538436075089685,50-75%
9.0,23.538436075089685,14.538436075089685,14.538436075089685,50-75%
132.0,28.23046107665843,-103.76953892334157,103.76953892334157,75-100%
132.0,28.23046107665843,-103.76953892334157,103.76953892334157,75-100%
132.0,32.849227255595125,-99.15077274440488,99.15077274440488,75-100%
132.0,28.35824009998835,-103.64175990001165,103.64175990001165,75-100%
132.0,28.23046107665843,-103.76953892334157,103.76953892334157,75-100%
132.0,28.35824009998835,-103.64175990001165,103.64175990001165,75-100%
132.0,28.36496881241243,-103.63503118758757,103.63503118758757,75-100%
132.0,28.251163344310253,-103.74883665568974,103.74883665568974,75-100%
132.0,28.23046107665843,-103.76953892334157,103.76953892334157,75-100%
132.0,28.35824009998835,-103.64175990001165,103.64175990001165,75-100%
132.0,28.35824009998835,-103.64175990001165,103.64175990001165,75-100%
132.0,28.23046107665843,-103.76953892334157,103.76953892334157,75-100%
132.0,27.21280193007748,-104.78719806992252,104.78719806992252,75-100%
132.0,28.23046107665843,-103.76953892334157,103.76953892334157,75-100%
132.0,28.35824009998835,-103.64175990001165,103.64175990001165,75-100%
132.0,28.30790988122994,-103.69209011877007,103.69209011877007,75-100%
132.0,28.234451048148216,-103.76554895185178,103.76554895185178,75-100%
132.0,28.234451048148216,-103.76554895185178,103.76554895185178,75-100%
132.0,28.341466626825184,-103.65853337317482,103.65853337317482,75-100%
132.0,28.213760608485046,-103.78623939151495,103.78623939151495,75-100%
132.0,28.23046107665843,-103.76953892334157,103.76953892334157,75-100%
132.0,27.49773373277106,-104.50226626722895,104.50226626722895,75-100%
132.0,28.23046107665843,-103.76953892334157,103.76953892334157,75-100%
132.0,28.19540869223464,-103.80459130776536,103.80459130776536,75-100%
132.0,28.19540869223464,-103.80459130776536,103.80459130776536,75-100%
132.0,28.341466626825184,-103.65853337317482,103.65853337317482,75-100%
132.0,28.251163344310253,-103.74883665568974,103.74883665568974,75-100%
132.0,27.993294292947535,-104.00670570705246,104.00670570705246,75-100%
132.0,28.213760608485046,-103.78623939151495,103.78623939151495,75-100%
132.0,28.19540869223464,-103.80459130776536,103.80459130776536,75-100%
132.0,28.35824009998835,-103.64175990001165,103.64175990001165,75-100%
132.0,28.32303448638917,-103.67696551361084,103.67696551361084,75-100%
132.0,27.99560226879293,-104.00439773120706,104.00439773120706,75-100%
132.0,28.19540869223464,-103.80459130776536,103.80459130776536,75-100%
132.0,28.23046107665843,-103.76953892334157,103.76953892334157,75-100%
132.0,28.341466626825184,-103.65853337317482,103.65853337317482,75-100%
116.0,25.844702411380304,-90.1552975886197,90.1552975886197,75-100%
116.0,26.672536527589035,-89.32746347241097,89.32746347241097,75-100%
116.0,26.65065718118218,-89.34934281881782,89.34934281881782,75-100%
116.0,25.844702411380304,-90.1552975886197,90.1552975886197,75-100%
116.0,25.844702411380304,-90.1552975886197,90.1552975886197,75-100%
116.0,26.72158077879157,-89.27841922120842,89.27841922120842,75-100%
116.0,26.623847088840147,-89.37615291115985,89.37615291115985,75-100%
116.0,25.827838723852253,-90.17216127614775,90.17216127614775,75-100%
116.0,25.827838723852253,-90.17216127614775,90.17216127614775,75-100%
116.0,25.773441544164648,-90.22655845583535,90.22655845583535,75-100%
116.0,25.844702411380304,-90.1552975886197,90.1552975886197,75-100%
116.0,26.34888944727265,-89.65111055272735,89.65111055272735,75-100%
116.0,26.672536527589035,-89.32746347241097,89.32746347241097,75-100%
116.0,26.672536527589035,-89.32746347241097,89.32746347241097,75-100%
116.0,26.55585524672564,-89.44414475327436,89.44414475327436,75-100%
116.0,25.383022320879242,-90.61697767912077,90.61697767912077,75-100%
116.0,25.356762521188706,-90.6432374788113,90.6432374788113,75-100%
116.0,25.356762521188706,-90.6432374788113,90.6432374788113,75-100%
116.0,25.833955947223917,-90.16604405277609,90.16604405277609,75-100%
116.0,25.87144835589865,-90.12855164410135,90.12855164410135,75-100%
116.0,26.666464078706127,-89.33353592129387,89.33353592129387,75-100%
116.0,26.623847088840147,-89.37615291115985,89.37615291115985,75-100%
116.0,26.623847088840147,-89.37615291115985,89.37615291115985,75-100%
116.0,23.18264080115466,-92.81735919884534,92.81735919884534,75-100%
116.0,23.864179757182967,-92.13582024281703,92.13582024281703,75-100%
116.0,25.383022320879242,-90.61697767912077,90.61697767912077,75-100%
116.0,25.860691184812836,-90.13930881518716,90.13930881518716,75-100%
116.0,25.833955947223917,-90.16604405277609,90.16604405277609,75-100%
116.0,25.364756059928855,-90.63524394007115,90.63524394007115,75-100%
116.0,25.638919927656612,-90.36108007234338,90.36108007234338,75-100%
116.0,25.87144835589865,-90.12855164410135,90.12855164410135,75-100%
116.0,26.409005868216337,-89.59099413178366,89.59099413178366,75-100%
116.0,25.844702411380304,-90.1552975886197,90.1552975886197,75-100%
116.0,26.36608066161628,-89.63391933838372,89.63391933838372,75-100%
116.0,25.61877445011348,-90.38122554988652,90.38122554988652,75-100%
116.0,25.602052689230185,-90.39794731076981,90.39794731076981,75-100%
116.0,26.715228633615013,-89.28477136638499,89.28477136638499,75-100%
116.0,25.644766843225455,-90.35523315677455,90.35523315677455,75-100%
116.0,25.5978857507785,-90.4021142492215,90.4021142492215,75-100%
116.0,25.380567248815748,-90.61943275118425,90.61943275118425,75-100%
38.0,30.96636618178714,-7.033633818212859,7.033633818212859,75-100%
38.0,30.775899480913246,-7.224100519086754,7.224100519086754,75-100%
40.0,32.38383097203484,-7.616169027965157,7.616169027965157,75-100%
40.0,32.38383097203484,-7.616169027965157,7.616169027965157,75-100%
40.0,31.890053955039924,-8.109946044960076,8.109946044960076,75-100%
38.0,31.2364487575731,-6.7635512424268995,6.7635512424268995,75-100%
38.0,31.271052495094523,-6.728947504905477,6.728947504905477,75-100%
38.0,31.271052495094523,-6.728947504905477,6.728947504905477,75-100%
38.0,30.775899480913246,-7.224100519086754,7.224100519086754,75-100%
40.0,31.507339025473904,-8.492660974526096,8.492660974526096,75-100%
40.0,32.14092079002061,-7.859079209979392,7.859079209979392,75-100%
40.0,32.110570737515566,-7.889429262484434,7.889429262484434,75-100%
40.0,32.315700171860094,-7.684299828139906,7.684299828139906,75-100%
40.0,31.354306365573123,-8.645693634426877,8.645693634426877,75-100%
40.0,31.62083548623583,-8.37916451376417,8.37916451376417,75-100%
38.0,31.291337727575616,-6.708662272424384,6.708662272424384,75-100%
38.0,31.220233602396217,-6.779766397603783,6.779766397603783,75-100%
38.0,30.775899480913246,-7.224100519086754,7.224100519086754,75-100%
38.0,31.117660311316794,-6.8823396886832064,6.8823396886832064,75-100%
40.0,28.4437887851274,-11.5562112148726,11.5562112148726,75-100%
40.0,28.4437887851274,-11.5562112148726,11.5562112148726,75-100%
40.0,31.414925007580226,-8.585074992419774,8.585074992419774,75-100%
40.0,32.16694807416468,-7.833051925835321,7.833051925835321,75-100%
40.0,32.110570737515566,-7.889429262484434,7.889429262484434,75-100%
40.0,31.463172652211412,-8.536827347788588,8.536827347788588,75-100%
40.0,31.655851837986734,-8.344148162013266,8.344148162013266,75-100%
38.0,30.752770182811062,-7.247229817188938,7.247229817188938,75-100%
38.0,30.775899480913246,-7.224100519086754,7.224100519086754,75-100%
38.0,31.413413441200905,-6.586586558799095,6.586586558799095,75-100%
38.0,31.393051521459217,-6.606948478540783,6.606948478540783,75-100%
40.0,31.820439561708532,-8.179560438291468,8.179560438291468,75-100%
40.0,32.14611278830416,-7.853887211695842,7.853887211695842,75-100%
40.0,32.16694807416468,-7.833051925835321,7.833051925835321,75-100%
40.0,31.655851837986734,-8.344148162013266,8.344148162013266,75-100%
38.0,31.271052495094523,-6.728947504905477,6.728947504905477,75-100%
38.0,30.995595869169343,-7.0044041308306575,7.0044041308306575,75-100%
38.0,30.775899480913246,-7.224100519086754,7.224100519086754,75-100%
38.0,31.038463917801224,-6.961536082198776,6.961536082198776,75-100%
40.0,31.414925007580226,-8.585074992419774,8.585074992419774,75-100%
40.0,32.16283592943812,-7.837164070561883,7.837164070561883,75-100%
40.0,32.18368172728321,-7.816318272716792,7.816318272716792,75-100%
40.0,32.14611278830416,-7.853887211695842,7.853887211695842,75-100%
38.0,31.271052495094523,-6.728947504905477,6.728947504905477,75-100%
38.0,31.271052495094523,-6.728947504905477,6.728947504905477,75-100%
38.0,31.058602947633254,-6.941397052366746,6.941397052366746,75-100%
38.0,31.53155718781859,-6.4684428121814115,6.4684428121814115,75-100%
40.0,31.507339025473904,-8.492660974526096,8.492660974526096,75-100%
38.0,31.058602947633254,-6.941397052366746,6.941397052366746,75-100%
40.0,31.414925007580226,-8.585074992419774,8.585074992419774,75-100%
126.0,28.165910085091575,-97.83408991490842,97.83408991490842,75-100%
126.0,28.165910085091575,-97.83408991490842,97.83408991490842,75-100%
126.0,28.171014988655536,-97.82898501134446,97.82898501134446,75-100%
126.0,28.13603389038504,-97.86396610961496,97.86396610961496,75-100%
126.0,28.13603389038504,-97.86396610961496,97.86396610961496,75-100%
126.0,28.27267476284304,-97.72732523715696,97.72732523715696,75-100%
126.0,28.699922968511242,-97.30007703148875,97.30007703148875,75-100%
126.0,28.43048578258816,-97.56951421741184,97.56951421741184,75-100%
126.0,28.15434848428102,-97.84565151571898,97.84565151571898,75-100%
127.0,31.531265831313398,-95.46873416868661,95.46873416868661,75-100%
127.0,31.70251369430055,-95.29748630569945,95.29748630569945,75-100%
126.0,28.25428583705999,-97.74571416294,97.74571416294,75-100%
126.0,28.43048578258816,-97.56951421741184,97.56951421741184,75-100%
127.0,31.05727992604921,-95.9427200739508,95.9427200739508,75-100%
127.0,31.531265831313398,-95.46873416868661,95.46873416868661,75-100%
127.0,31.57032328886545,-95.42967671113455,95.42967671113455,75-100%
127.0,31.68382951112229,-95.3161704888777,95.3161704888777,75-100%
127.0,31.57032328886545,-95.42967671113455,95.42967671113455,75-100%
127.0,32.282186777765794,-94.71781322223421,94.71781322223421,75-100%
127.0,30.981592660277165,-96.01840733972284,96.01840733972284,75-100%
127.0,31.487738404739787,-95.51226159526021,95.51226159526021,75-100%
127.0,31.551714631066453,-95.44828536893354,95.44828536893354,75-100%
127.0,32.075586308410045,-94.92441369158996,94.92441369158996,75-100%
127.0,32.282186777765794,-94.71781322223421,94.71781322223421,75-100%
127.0,33.49118157133028,-93.50881842866971,93.50881842866971,75-100%
128.0,33.050042015769435,-94.94995798423056,94.94995798423056,75-100%
127.0,30.981592660277165,-96.01840733972284,96.01840733972284,75-100%
127.0,31.385276510113602,-95.6147234898864,95.6147234898864,75-100%
127.0,32.30154816841771,-94.69845183158229,94.69845183158229,75-100%
127.0,33.69936515956599,-93.30063484043401,93.30063484043401,75-100%
127.0,33.49118157133028,-93.50881842866971,93.50881842866971,75-100%
128.0,33.050042015769435,-94.94995798423056,94.94995798423056,75-100%
128.0,33.130624449764284,-94.86937555023572,94.86937555023572,75-100%
128.0,31.77061394204475,-96.22938605795525,96.22938605795525,75-100%
127.0,31.36493226583006,-95.63506773416994,95.63506773416994,75-100%
127.0,32.11962474192122,-94.88037525807877,94.88037525807877,75-100%
127.0,32.742191256351695,-94.2578087436483,94.2578087436483,75-100%
128.0,33.25556295194728,-94.74443704805272,94.74443704805272,75-100%
128.0,33.050042015769435,-94.94995798423056,94.94995798423056,75-100%
128.0,33.25556295194728,-94.74443704805272,94.74443704805272,75-100%
128.0,33.25556295194728,-94.74443704805272,94.74443704805272,75-100%
128.0,32.01849419157865,-95.98150580842136,95.98150580842136,75-100%
128.0,34.96589681614881,-93.03410318385119,93.03410318385119,75-100%
128.0,33.59632286322156,-94.40367713677844,94.40367713677844,75-100%
128.0,32.97612510141694,-95.02387489858306,95.02387489858306,75-100%
128.0,33.25556295194728,-94.74443704805272,94.74443704805272,75-100%
128.0,32.199657346438705,-95.8003426535613,95.8003426535613,75-100%
128.0,32.65061521542761,-95.3493847845724,95.3493847845724,75-100%
128.0,33.47014152544487,-94.52985847455513,94.52985847455513,75-100%
49.0,33.05874360171098,-15.94125639828902,15.94125639828902,75-100%
49.0,32.27198290244759,-16.72801709755241,16.72801709755241,75-100%
49.0,34.043015950852094,-14.956984049147906,14.956984049147906,75-100%
49.0,40.7010391430552,-8.298960856944802,8.298960856944802,75-100%
49.0,36.551992633139434,-12.448007366860566,12.448007366860566,75-100%
76.0,40.208880776157784,-35.791119223842216,35.791119223842216,75-100%
76.0,39.54135604644988,-36.45864395355012,36.45864395355012,75-100%
49.0,32.27198290244759,-16.72801709755241,16.72801709755241,75-100%
49.0,32.32472801343548,-16.675271986564518,16.675271986564518,75-100%
49.0,32.27198290244759,-16.72801709755241,16.72801709755241,75-100%
49.0,31.95434679627609,-17.04565320372391,17.04565320372391,75-100%
49.0,39.941404764623414,-9.058595235376586,9.058595235376586,75-100%
49.0,36.5284026875287,-12.471597312471303,12.471597312471303,75-100%
76.0,39.48188801098623,-36.51811198901377,36.51811198901377,75-100%
76.0,39.48188801098623,-36.51811198901377,36.51811198901377,75-100%
76.0,39.48188801098623,-36.51811198901377,36.51811198901377,75-100%
76.0,39.48188801098623,-36.51811198901377,36.51811198901377,75-100%
49.0,31.99488946149526,-17.00511053850474,17.00511053850474,75-100%
49.0,32.25108163431255,-16.74891836568745,16.74891836568745,75-100%
49.0,32.25108163431255,-16.74891836568745,16.74891836568745,75-100%
49.0,32.27198290244759,-16.72801709755241,16.72801709755241,75-100%
65.5,32.25108163431255,-33.24891836568745,33.24891836568745,75-100%
65.5,32.25108163431255,-33.24891836568745,33.24891836568745,75-100%
65.5,32.195075117005715,-33.304924882994285,33.304924882994285,75-100%
82.0,32.260444260654886,-49.739555739345114,49.739555739345114,75-100%
76.0,33.70775717179361,-42.29224282820639,42.29224282820639,75-100%
76.0,33.933320627565664,-42.066679372434336,42.066679372434336,75-100%
76.0,39.48188801098623,-36.51811198901377,36.51811198901377,75-100%
76.0,39.13833496174904,-36.86166503825096,36.86166503825096,75-100%
76.0,33.403411806783204,-42.596588193216796,42.596588193216796,75-100%
76.0,33.115174037589775,-42.884825962410225,42.884825962410225,75-100%
76.0,33.72783036184929,-42.27216963815071,42.27216963815071,75-100%
49.0,32.27198290244759,-16.72801709755241,16.72801709755241,75-100%
49.0,32.27198290244759,-16.72801709755241,16.72801709755241,75-100%
65.5,32.25108163431255,-33.24891836568745,33.24891836568745,75-100%
65.5,32.25108163431255,-33.24891836568745,33.24891836568745,75-100%
65.5,32.25108163431255,-33.24891836568745,33.24891836568745,75-100%
65.5,32.25108163431255,-33.24891836568745,33.24891836568745,75-100%
82.0,32.239550241028205,-49.760449758971795,49.760449758971795,75-100%
76.0,33.933320627565664,-42.066679372434336,42.066679372434336,75-100%
76.0,33.440341638631494,-42.559658361368506,42.559658361368506,75-100%
76.0,33.403411806783204,-42.596588193216796,42.596588193216796,75-100%
76.0,33.440341638631494,-42.559658361368506,42.559658361368506,75-100%
76.0,39.48188801098623,-36.51811198901377,36.51811198901377,75-100%
49.0,33.10497716332929,-15.895022836670712,15.895022836670712,75-100%
65.5,33.386786782262206,-32.113213217737794,32.113213217737794,75-100%
65.5,33.05874360171098,-32.44125639828902,32.44125639828902,75-100%
65.5,31.98972115079336,-33.51027884920664,33.51027884920664,75-100%
65.5,31.95950956508043,-33.54049043491957,33.54049043491957,75-100%
82.0,32.43689992210782,-49.56310007789218,49.56310007789218,75-100%
79.0,33.33860348937207,-45.66139651062793,45.66139651062793,75-100%
79.0,33.33860348937207,-45.66139651062793,45.66139651062793,75-100%
76.0,33.440341638631494,-42.559658361368506,42.559658361368506,75-100%
76.0,33.14806069601559,-42.85193930398441,42.85193930398441,75-100%
65.5,30.676703177403436,-34.82329682259656,34.82329682259656,75-100%
65.5,31.484471553881725,-34.015528446118275,34.015528446118275,75-100%
65.5,31.484471553881725,-34.015528446118275,34.015528446118275,75-100%
82.0,34.043015950852094,-47.956984049147906,47.956984049147906,75-100%
82.0,32.0156296900179,-49.9843703099821,49.9843703099821,75-100%
82.0,31.95950956508043,-50.04049043491957,50.04049043491957,75-100%
79.0,33.17263834893723,-45.82736165106277,45.82736165106277,75-100%
76.0,33.440341638631494,-42.559658361368506,42.559658361368506,75-100%
76.0,39.606646781129626,-36.393353218870374,36.393353218870374,75-100%
82.0,33.386786782262206,-48.613213217737794,48.613213217737794,75-100%
82.0,31.99488946149526,-50.00511053850474,50.00511053850474,75-100%
82.0,32.0156296900179,-49.9843703099821,49.9843703099821,75-100%
82.0,34.043015950852094,-47.956984049147906,47.956984049147906,75-100%
82.0,32.31070791523775,-49.68929208476225,49.68929208476225,75-100%
82.0,32.33164666380423,-49.66835333619577,49.66835333619577,75-100%
24.0,36.91068988290856,12.910689882908557,12.910689882908557,75-100%
24.0,37.936533809906315,13.936533809906315,13.936533809906315,75-100%
24.0,37.272034311914815,13.272034311914815,13.272034311914815,75-100%
24.0,37.272034311914815,13.272034311914815,13.272034311914815,75-100%
24.0,37.272034311914815,13.272034311914815,13.272034311914815,75-100%
24.0,37.936533809906315,13.936533809906315,13.936533809906315,75-100%
24.0,36.94723537751727,12.947235377517273,12.947235377517273,75-100%
24.0,37.0775200172845,13.077520017284499,13.077520017284499,75-100%
24.0,37.936533809906315,13.936533809906315,13.936533809906315,75-100%
24.0,35.49031280961358,11.490312809613577,11.490312809613577,75-100%
24.0,37.367508302121706,13.367508302121706,13.367508302121706,75-100%
24.0,37.936533809906315,13.936533809906315,13.936533809906315,75-100%
24.0,37.3058178400065,13.305817840006497,13.305817840006497,75-100%
24.0,37.633685962463495,13.633685962463495,13.633685962463495,75-100%
24.0,37.272034311914815,13.272034311914815,13.272034311914815,75-100%
24.0,37.41357814840007,13.41357814840007,13.41357814840007,75-100%
24.0,37.936533809906315,13.936533809906315,13.936533809906315,75-100%
24.0,37.81866172385955,13.818661723859549,13.818661723859549,75-100%
24.0,37.272034311914815,13.272034311914815,13.272034311914815,75-100%
24.0,37.272034311914815,13.272034311914815,13.272034311914815,75-100%
24.0,37.489223788580446,13.489223788580446,13.489223788580446,75-100%
24.0,36.984882165348765,12.984882165348765,12.984882165348765,75-100%
24.0,37.489223788580446,13.489223788580446,13.489223788580446,75-100%
142.0,37.5039193917753,-104.4960806082247,104.4960806082247,75-100%
142.0,37.83348311003201,-104.166516889968,104.166516889968,75-100%
142.0,37.385272040962974,-104.61472795903703,104.61472795903703,75-100%
142.0,38.12638795291431,-103.87361204708569,103.87361204708569,75-100%
142.0,37.83348311003201,-104.166516889968,104.166516889968,75-100%
142.0,37.371779648400135,-104.62822035159986,104.62822035159986,75-100%
142.0,37.517458247684566,-104.48254175231543,104.48254175231543,75-100%
142.0,37.371779648400135,-104.62822035159986,104.62822035159986,75-100%
140.5,37.81479607374689,-102.68520392625311,102.68520392625311,75-100%
140.5,37.42824486926886,-103.07175513073113,103.07175513073113,75-100%
142.0,37.5039193917753,-104.4960806082247,104.4960806082247,75-100%
142.0,37.87853326504634,-104.12146673495366,104.12146673495366,75-100%
142.0,37.10226663564649,-104.89773336435351,104.89773336435351,75-100%
142.0,37.10226663564649,-104.89773336435351,104.89773336435351,75-100%
139.0,36.368415474950034,-102.63158452504996,102.63158452504996,75-100%
140.5,37.81479607374689,-102.68520392625311,102.68520392625311,75-100%
140.5,37.485390944642326,-103.01460905535768,103.01460905535768,75-100%
140.5,36.55789051149543,-103.94210948850457,103.94210948850457,75-100%
140.5,37.548735335354706,-102.9512646646453,102.9512646646453,75-100%
142.0,37.10226663564649,-104.89773336435351,104.89773336435351,75-100%
142.0,37.10226663564649,-104.89773336435351,104.89773336435351,75-100%
139.0,37.012501894633445,-101.98749810536656,101.98749810536656,75-100%
140.5,37.33785945985087,-103.16214054014912,103.16214054014912,75-100%
140.5,37.458390128224494,-103.0416098717755,103.0416098717755,75-100%
140.5,37.81479607374689,-102.68520392625311,102.68520392625311,75-100%
140.5,37.173838703288304,-103.32616129671169,103.32616129671169,75-100%
140.5,35.93503962070321,-104.56496037929679,104.56496037929679,75-100%
140.5,37.548735335354706,-102.9512646646453,102.9512646646453,75-100%
142.0,37.10226663564649,-104.89773336435351,104.89773336435351,75-100%
142.0,37.548735335354706,-104.4512646646453,104.4512646646453,75-100%
139.0,36.368415474950034,-102.63158452504996,102.63158452504996,75-100%
140.5,37.33785945985087,-103.16214054014912,103.16214054014912,75-100%
140.5,36.05721379875375,-104.44278620124625,104.44278620124625,75-100%
140.5,36.50488870513194,-103.99511129486805,103.99511129486805,75-100%
140.5,36.891781763515375,-103.60821823648462,103.60821823648462,75-100%
142.0,37.23427616976209,-104.7657238302379,104.7657238302379,75-100%
139.0,36.434916737967825,-102.56508326203218,102.56508326203218,75-100%
139.0,37.5039193917753,-101.4960806082247,101.4960806082247,75-100%
139.0,37.1154306547138,-101.8845693452862,101.8845693452862,75-100%
139.0,35.35132935229131,-103.64867064770868,103.64867064770868,75-100%
139.0,36.75358107286494,-102.24641892713507,102.24641892713507,75-100%
139.0,37.371779648400135,-101.62822035159986,101.62822035159986,75-100%
139.0,37.371779648400135,-101.62822035159986,101.62822035159986,75-100%
139.0,37.295285374433654,-101.70471462556634,101.70471462556634,75-100%
139.0,37.314930611938735,-101.68506938806127,101.68506938806127,75-100%
139.0,37.1154306547138,-101.8845693452862,101.8845693452862,75-100%
40.0,33.63287499988034,-6.367125000119657,6.367125000119657,75-100%
40.0,33.63287499988034,-6.367125000119657,6.367125000119657,75-100%
40.0,33.63287499988034,-6.367125000119657,6.367125000119657,75-100%
40.0,33.6969839795515,-6.303016020448503,6.303016020448503,75-100%
40.0,33.6969839795515,-6.303016020448503,6.303016020448503,75-100%
40.0,33.40252501947844,-6.597474980521561,6.597474980521561,75-100%
40.0,33.6969839795515,-6.303016020448503,6.303016020448503,75-100%
40.0,33.68630524361696,-6.313694756383043,6.313694756383043,75-100%
40.0,33.813860190932914,-6.186139809067086,6.186139809067086,75-100%
41.0,34.9612378879907,-6.038762112009302,6.038762112009302,75-100%
41.0,34.9612378879907,-6.038762112009302,6.038762112009302,75-100%
41.0,36.05612042180157,-4.943879578198427,4.943879578198427,75-100%
41.0,36.05612042180157,-4.943879578198427,4.943879578198427,75-100%
41.0,35.52746467636214,-5.472535323637857,5.472535323637857,75-100%
41.0,35.52746467636214,-5.472535323637857,5.472535323637857,75-100%
47.0,35.09084984535103,-11.90915015464897,11.90915015464897,75-100%
47.0,35.09084984535103,-11.90915015464897,11.90915015464897,75-100%
40.0,33.6969839795515,-6.303016020448503,6.303016020448503,75-100%
40.0,33.6969839795515,-6.303016020448503,6.303016020448503,75-100%
40.0,33.63287499988034,-6.367125000119657,6.367125000119657,75-100%
41.0,36.95548815866785,-4.044511841332152,4.044511841332152,75-100%
41.0,35.96238692915317,-5.037613070846831,5.037613070846831,75-100%
41.0,35.84549979912243,-5.154500200877571,5.154500200877571,75-100%
41.0,35.103238463734264,-5.8967615362657355,5.8967615362657355,75-100%
41.0,35.764854292816175,-5.235145707183825,5.235145707183825,75-100%
47.5,36.05998994198072,-11.440010058019283,11.440010058019283,75-100%
47.0,35.09084984535103,-11.90915015464897,11.90915015464897,75-100%
47.0,35.09084984535103,-11.90915015464897,11.90915015464897,75-100%
47.0,35.09084984535103,-11.90915015464897,11.90915015464897,75-100%
47.0,34.78456172186808,-12.21543827813192,12.21543827813192,75-100%
40.0,33.136846658598735,-6.863153341401265,6.863153341401265,75-100%
41.0,35.53108744218545,-5.468912557814548,5.468912557814548,75-100%
41.0,32.02549806500413,-8.974501934995871,8.974501934995871,75-100%
41.0,31.70144507275608,-9.29855492724392,9.29855492724392,75-100%
41.0,32.39171553514926,-8.60828446485074,8.60828446485074,75-100%
41.0,32.39171553514926,-8.60828446485074,8.60828446485074,75-100%
41.0,34.683279051121666,-6.316720948878334,6.316720948878334,75-100%
47.5,35.45284617220603,-12.04715382779397,12.04715382779397,75-100%
54.0,35.764854292816175,-18.235145707183825,18.235145707183825,75-100%
47.0,34.57393970190222,-12.42606029809778,12.42606029809778,75-100%
47.0,35.09084984535103,-11.90915015464897,11.90915015464897,75-100%
47.0,35.17001688993171,-11.82998311006829,11.82998311006829,75-100%
40.0,33.813860190932914,-6.186139809067086,6.186139809067086,75-100%
40.0,33.640123694275545,-6.359876305724455,6.359876305724455,75-100%
41.0,32.02549806500413,-8.974501934995871,8.974501934995871,75-100%
47.5,35.96238692915317,-11.537613070846831,11.537613070846831,75-100%
47.5,35.764854292816175,-11.735145707183825,11.735145707183825,75-100%
54.0,35.45284617220603,-18.54715382779397,18.54715382779397,75-100%
47.0,35.09084984535103,-11.90915015464897,11.90915015464897,75-100%
47.0,35.09084984535103,-11.90915015464897,11.90915015464897,75-100%
47.0,34.877124414435045,-12.122875585564955,12.122875585564955,75-100%
41.0,34.683279051121666,-6.316720948878334,6.316720948878334,75-100%
54.0,36.52379917730091,-17.47620082269909,17.47620082269909,75-100%
54.0,36.20535020518708,-17.79464979481292,17.79464979481292,75-100%
54.0,35.764854292816175,-18.235145707183825,18.235145707183825,75-100%
54.0,35.09084984535103,-18.90915015464897,18.90915015464897,75-100%
54.0,35.09084984535103,-18.90915015464897,18.90915015464897,75-100%
54.0,35.28476114609534,-18.71523885390466,18.71523885390466,75-100%
54.0,35.84549979912243,-18.15450020087757,18.15450020087757,75-100%
54.0,36.20535020518708,-17.79464979481292,17.79464979481292,75-100%
54.0,36.07462247409802,-17.92537752590198,17.92537752590198,75-100%
54.0,35.394939093970606,-18.605060906029394,18.605060906029394,75-100%
15.5,40.9901991947558,25.490199194755803,25.490199194755803,75-100%
15.5,41.259608426771216,25.759608426771216,25.759608426771216,75-100%
15.5,42.42450879921131,26.92450879921131,26.92450879921131,75-100%
15.5,44.745807684669856,29.245807684669856,29.245807684669856,75-100%
15.5,42.2412100304119,26.7412100304119,26.7412100304119,75-100%
15.5,35.74271351812952,20.24271351812952,20.24271351812952,75-100%
15.5,42.15679566397393,26.65679566397393,26.65679566397393,75-100%
15.5,41.32622482220118,25.826224822201183,25.826224822201183,75-100%
15.5,41.32622482220118,25.826224822201183,25.826224822201183,75-100%
15.5,41.32622482220118,25.826224822201183,25.826224822201183,75-100%
15.5,43.5627660440865,28.0627660440865,28.0627660440865,75-100%
15.5,41.93805398993259,26.43805398993259,26.43805398993259,75-100%
15.5,42.780630803629336,27.280630803629336,27.280630803629336,75-100%
15.5,35.853171946572765,20.353171946572765,20.353171946572765,75-100%
15.5,41.51248236069233,26.01248236069233,26.01248236069233,75-100%
16.75,31.09794630980997,14.34794630980997,14.34794630980997,75-100%
16.75,30.08765622047828,13.33765622047828,13.33765622047828,75-100%
16.75,33.919765572168494,17.169765572168494,17.169765572168494,75-100%
16.75,31.317699386705108,14.567699386705108,14.567699386705108,75-100%
16.75,32.18452263095673,15.434522630956728,15.434522630956728,75-100%
15.5,42.4255254758522,26.925525475852197,26.925525475852197,75-100%
15.5,41.51248236069233,26.01248236069233,26.01248236069233,75-100%
16.75,29.199429341824292,12.449429341824292,12.449429341824292,75-100%
16.75,28.391595079080748,11.641595079080748,11.641595079080748,75-100%
16.75,29.243184516026275,12.493184516026275,12.493184516026275,75-100%
16.75,31.09794630980997,14.34794630980997,14.34794630980997,75-100%
16.75,32.07994497770478,15.329944977704777,15.329944977704777,75-100%
16.75,33.47821792993256,16.728217929932562,16.728217929932562,75-100%
16.75,31.2275714934945,14.477571493494501,14.477571493494501,75-100%
16.75,28.391595079080748,11.641595079080748,11.641595079080748,75-100%
16.75,28.391595079080748,11.641595079080748,11.641595079080748,75-100%
16.75,29.243184516026275,12.493184516026275,12.493184516026275,75-100%
16.75,31.09794630980997,14.34794630980997,14.34794630980997,75-100%
16.75,33.47894268722733,16.72894268722733,16.72894268722733,75-100%
16.75,31.55805683156251,14.80805683156251,14.80805683156251,75-100%
18.0,31.85997566599238,13.85997566599238,13.85997566599238,75-100%
18.0,28.391595079080748,10.391595079080748,10.391595079080748,75-100%
16.75,28.06205634847111,11.31205634847111,11.31205634847111,75-100%
16.75,28.391595079080748,11.641595079080748,11.641595079080748,75-100%
16.75,31.09794630980997,14.34794630980997,14.34794630980997,75-100%
16.75,34.10466345251844,17.354663452518437,17.354663452518437,75-100%
18.0,31.681615693906863,13.681615693906863,13.681615693906863,75-100%
18.0,30.6446561384228,12.6446561384228,12.6446561384228,75-100%
18.0,28.391595079080748,10.391595079080748,10.391595079080748,75-100%
18.0,29.243184516026275,11.243184516026275,11.243184516026275,75-100%
18.0,31.343762904775133,13.343762904775133,13.343762904775133,75-100%
18.0,36.00758737308652,18.007587373086523,18.007587373086523,75-100%
18.0,28.391595079080748,10.391595079080748,10.391595079080748,75-100%
18.0,29.243184516026275,11.243184516026275,11.243184516026275,75-100%
18.0,31.343762904775133,13.343762904775133,13.343762904775133,75-100%
18.0,34.42475823409943,16.42475823409943,16.42475823409943,75-100%
61.0,25.474060217182473,-35.52593978281753,35.52593978281753,75-100%
61.0,25.474060217182473,-35.52593978281753,35.52593978281753,75-100%
61.0,25.474060217182473,-35.52593978281753,35.52593978281753,75-100%
61.0,25.474060217182473,-35.52593978281753,35.52593978281753,75-100%
61.0,25.039110018811844,-35.96088998118816,35.96088998118816,75-100%
61.0,24.873108087092838,-36.12689191290716,36.12689191290716,75-100%
61.0,27.37689550245383,-33.623104497546166,33.623104497546166,75-100%
61.0,25.039110018811844,-35.96088998118816,35.96088998118816,75-100%
61.0,25.383124810600542,-35.61687518939946,35.61687518939946,75-100%
61.0,25.383124810600542,-35.61687518939946,35.61687518939946,75-100%
61.0,24.386602248287055,-36.613397751712945,36.613397751712945,75-100%
61.0,26.600824593583432,-34.39917540641657,34.39917540641657,75-100%
61.0,24.873108087092838,-36.12689191290716,36.12689191290716,75-100%
61.0,25.039110018811844,-35.96088998118816,35.96088998118816,75-100%
61.0,25.039110018811844,-35.96088998118816,35.96088998118816,75-100%
61.0,27.00688353958111,-33.99311646041889,33.99311646041889,75-100%
61.0,25.039110018811844,-35.96088998118816,35.96088998118816,75-100%
61.0,25.039110018811844,-35.96088998118816,35.96088998118816,75-100%
36.0,25.039110018811844,-10.960889981188156,10.960889981188156,75-100%
36.0,27.47090234043915,-8.52909765956085,8.52909765956085,75-100%
36.0,27.47090234043915,-8.52909765956085,8.52909765956085,75-100%
61.0,24.386602248287055,-36.613397751712945,36.613397751712945,75-100%
61.0,24.408416096184247,-36.59158390381575,36.59158390381575,75-100%
61.0,25.383124810600542,-35.61687518939946,35.61687518939946,75-100%
61.0,25.383124810600542,-35.61687518939946,35.61687518939946,75-100%
61.0,25.383124810600542,-35.61687518939946,35.61687518939946,75-100%
61.0,25.039110018811844,-35.96088998118816,35.96088998118816,75-100%
48.5,25.039110018811844,-23.460889981188156,23.460889981188156,75-100%
36.0,27.47090234043915,-8.52909765956085,8.52909765956085,75-100%
36.0,27.847044671479136,-8.152955328520864,8.152955328520864,75-100%
36.0,27.47090234043915,-8.52909765956085,8.52909765956085,75-100%
36.0,27.847044671479136,-8.152955328520864,8.152955328520864,75-100%
36.0,27.47090234043915,-8.52909765956085,8.52909765956085,75-100%
36.0,27.663141875400832,-8.336858124599168,8.336858124599168,75-100%
61.0,24.721996456474567,-36.27800354352543,36.27800354352543,75-100%
61.0,24.408416096184247,-36.59158390381575,36.59158390381575,75-100%
61.0,24.536692795671243,-36.46330720432876,36.46330720432876,75-100%
61.0,25.474060217182473,-35.52593978281753,35.52593978281753,75-100%
61.0,25.474060217182473,-35.52593978281753,35.52593978281753,75-100%
61.0,27.946472535112413,-33.05352746488759,33.05352746488759,75-100%
48.5,27.946472535112413,-20.553527464887587,20.553527464887587,75-100%
36.0,27.847044671479136,-8.152955328520864,8.152955328520864,75-100%
36.0,27.946472535112413,-8.053527464887587,8.053527464887587,75-100%
36.0,27.946472535112413,-8.053527464887587,8.053527464887587,75-100%
36.0,27.663141875400832,-8.336858124599168,8.336858124599168,75-100%
36.0,27.663141875400832,-8.336858124599168,8.336858124599168,75-100%
36.0,26.92156437597506,-9.07843562402494,9.07843562402494,75-100%
61.0,24.721996456474567,-36.27800354352543,36.27800354352543,75-100%
61.0,24.408416096184247,-36.59158390381575,36.59158390381575,75-100%
61.0,24.536692795671243,-36.46330720432876,36.46330720432876,75-100%
61.0,27.847044671479136,-33.15295532852086,33.15295532852086,75-100%
61.0,27.663141875400832,-33.33685812459917,33.33685812459917,75-100%
48.5,27.847044671479136,-20.652955328520864,20.652955328520864,75-100%
36.0,27.847044671479136,-8.152955328520864,8.152955328520864,75-100%
36.0,27.847044671479136,-8.152955328520864,8.152955328520864,75-100%
36.0,27.984392966674598,-8.015607033325402,8.015607033325402,75-100%
36.0,28.084294232270555,-7.915705767729445,7.915705767729445,75-100%
36.0,27.946472535112413,-8.053527464887587,8.053527464887587,75-100%
36.0,27.847044671479136,-8.152955328520864,8.152955328520864,75-100%
44.0,24.408416096184247,-19.591583903815753,19.591583903815753,75-100%
36.0,25.93801628674706,-10.061983713252939,10.061983713252939,75-100%
36.0,28.184631688526466,-7.815368311473534,7.815368311473534,75-100%
36.0,27.847044671479136,-8.152955328520864,8.152955328520864,75-100%
44.0,23.54749169788099,-20.45250830211901,20.45250830211901,75-100%
44.0,25.080666733201152,-18.919333266798848,18.919333266798848,75-100%
44.0,23.064726027230957,-20.935273972769043,20.935273972769043,75-100%
44.0,23.064726027230957,-20.935273972769043,20.935273972769043,75-100%
44.0,24.408416096184247,-19.591583903815753,19.591583903815753,75-100%
36.0,27.524073149616804,-8.475926850383196,8.475926850383196,75-100%
44.0,22.0654284324028,-21.9345715675972,21.9345715675972,75-100%
44.0,22.885196842096224,-21.114803157903776,21.114803157903776,75-100%
44.0,24.529392184867543,-19.470607815132457,19.470607815132457,75-100%
44.0,22.0654284324028,-21.9345715675972,21.9345715675972,75-100%
44.0,23.18606476874672,-20.81393523125328,20.81393523125328,75-100%
44.0,25.080666733201152,-18.919333266798848,18.919333266798848,75-100%
44.0,23.569524181139105,-20.430475818860895,20.430475818860895,75-100%
44.0,22.885196842096224,-21.114803157903776,21.114803157903776,75-100%
43.0,38.923257631274545,-4.076742368725455,4.076742368725455,75-100%
43.0,39.06828540373054,-3.931714596269458,3.931714596269458,75-100%
43.0,41.35756076303364,-1.6424392369663607,1.6424392369663607,75-100%
43.0,40.034676573817535,-2.965323426182465,2.965323426182465,75-100%
43.0,38.82034374559666,-4.179656254403341,4.179656254403341,75-100%
43.0,36.8332753090961,-6.166724690903898,6.166724690903898,75-100%
43.0,38.768690123339105,-4.2313098766608945,4.2313098766608945,75-100%
43.0,38.524541786265175,-4.475458213734825,4.475458213734825,75-100%
43.0,38.923257631274545,-4.076742368725455,4.076742368725455,75-100%
43.0,39.66389247461893,-3.336107525381067,3.336107525381067,75-100%
43.0,37.08283602852468,-5.917163971475318,5.917163971475318,75-100%
43.0,38.923257631274545,-4.076742368725455,4.076742368725455,75-100%
43.0,37.35939242444702,-5.640607575552977,5.640607575552977,75-100%
43.0,40.828940998867964,-2.1710590011320363,2.1710590011320363,75-100%
43.0,35.75092034518211,-7.249079654817891,7.249079654817891,75-100%
43.0,36.024531563187544,-6.975468436812456,6.975468436812456,75-100%
43.0,36.49141866304746,-6.508581336952538,6.508581336952538,75-100%
43.0,34.535974974365935,-8.464025025634065,8.464025025634065,75-100%
43.0,33.17346247746433,-9.826537522535673,9.826537522535673,75-100%
43.0,35.59553530098922,-7.404464699010781,7.404464699010781,75-100%
43.0,33.17346247746433,-9.826537522535673,9.826537522535673,75-100%
43.0,33.83409890163787,-9.165901098362127,9.165901098362127,75-100%
43.0,33.17346247746433,-9.826537522535673,9.826537522535673,75-100%
19.0,24.484026468985515,5.484026468985515,5.484026468985515,75-100%
19.0,24.938939914558155,5.938939914558155,5.938939914558155,75-100%
19.0,25.93802863477851,6.938028634778512,6.938028634778512,75-100%
19.0,26.347069080958168,7.347069080958168,7.347069080958168,75-100%
19.0,24.555426472151876,5.555426472151876,5.555426472151876,75-100%
19.0,24.991631243439166,5.991631243439166,5.991631243439166,75-100%
19.0,24.63504273675749,5.635042736757491,5.635042736757491,75-100%
19.0,24.991631243439166,5.991631243439166,5.991631243439166,75-100%
19.0,25.823514762242777,6.823514762242777,6.823514762242777,75-100%
19.0,26.266499382524504,7.266499382524504,7.266499382524504,75-100%
19.0,24.63504273675749,5.635042736757491,5.635042736757491,75-100%
19.0,24.484026468985515,5.484026468985515,5.484026468985515,75-100%
19.0,24.63504273675749,5.635042736757491,5.635042736757491,75-100%
19.0,24.63504273675749,5.635042736757491,5.635042736757491,75-100%
19.0,24.991631243439166,5.991631243439166,5.991631243439166,75-100%
19.0,24.63504273675749,5.635042736757491,5.635042736757491,75-100%
19.0,24.991631243439166,5.991631243439166,5.991631243439166,75-100%
19.0,27.775356779464353,8.775356779464353,8.775356779464353,75-100%
44.0,25.444966062034933,-18.555033937965067,18.555033937965067,75-100%
44.0,25.444966062034933,-18.555033937965067,18.555033937965067,75-100%
44.0,24.2154517501711,-19.7845482498289,19.7845482498289,75-100%
19.0,29.69847169589645,10.698471695896451,10.698471695896451,75-100%
19.0,24.991631243439166,5.991631243439166,5.991631243439166,75-100%
19.0,24.991631243439166,5.991631243439166,5.991631243439166,75-100%
19.0,24.991631243439166,5.991631243439166,5.991631243439166,75-100%
19.0,24.699631426548116,5.699631426548116,5.699631426548116,75-100%
19.0,25.05001487952567,6.050014879525669,6.050014879525669,75-100%
19.0,24.484026468985515,5.484026468985515,5.484026468985515,75-100%
19.0,24.770811752634728,5.770811752634728,5.770811752634728,75-100%
44.0,25.22513758387418,-18.77486241612582,18.77486241612582,75-100%
44.0,27.434789308439576,-16.565210691560424,16.565210691560424,75-100%
44.0,23.942998775497248,-20.057001224502752,20.057001224502752,75-100%
44.0,24.00584382814265,-19.99415617185735,19.99415617185735,75-100%
44.0,24.00584382814265,-19.99415617185735,19.99415617185735,75-100%
44.0,23.838385744839442,-20.161614255160558,20.161614255160558,75-100%
19.0,29.639900435306448,10.639900435306448,10.639900435306448,75-100%
19.0,29.70872523433453,10.70872523433453,10.70872523433453,75-100%
19.0,25.05001487952567,6.050014879525669,6.050014879525669,75-100%
19.0,24.991631243439166,5.991631243439166,5.991631243439166,75-100%
19.0,24.991631243439166,5.991631243439166,5.991631243439166,75-100%
19.0,24.423724752146434,5.423724752146434,5.423724752146434,75-100%
19.0,24.484026468985515,5.484026468985515,5.484026468985515,75-100%
19.0,24.706044171406923,5.706044171406923,5.706044171406923,75-100%
19.0,24.706044171406923,5.706044171406923,5.706044171406923,75-100%
19.0,24.706044171406923,5.706044171406923,5.706044171406923,75-100%
19.0,24.770811752634728,5.770811752634728,5.770811752634728,75-100%
44.0,27.434789308439576,-16.565210691560424,16.565210691560424,75-100%
44.0,27.434789308439576,-16.565210691560424,16.565210691560424,75-100%
44.0,27.434789308439576,-16.565210691560424,16.565210691560424,75-100%
44.0,24.00584382814265,-19.99415617185735,19.99415617185735,75-100%
44.0,22.5572646136845,-21.4427353863155,21.4427353863155,75-100%
44.0,22.456818515906946,-21.543181484093054,21.543181484093054,75-100%
44.0,23.44685222885204,-20.55314777114796,20.55314777114796,75-100%
19.0,29.639900435306448,10.639900435306448,10.639900435306448,75-100%
29.66666666666667,29.639900435306448,-0.026766231360223713,0.026766231360223713,75-100%
29.66666666666667,29.219540657239076,-0.4471260094275955,0.4471260094275955,75-100%
29.66666666666667,24.95077448175237,-4.715892184914303,4.715892184914303,75-100%
27.0,25.5847547211866,-1.4152452788134013,1.4152452788134013,75-100%
19.0,25.46705267729643,6.467052677296429,6.467052677296429,75-100%
19.0,26.264187091128477,7.264187091128477,7.264187091128477,75-100%
19.0,26.349126888007618,7.349126888007618,7.349126888007618,75-100%
19.0,28.17562767460543,9.17562767460543,9.17562767460543,75-100%
19.0,28.399340538632302,9.399340538632302,9.399340538632302,75-100%
44.0,27.510168377344815,-16.489831622655185,16.489831622655185,75-100%
44.0,27.434789308439576,-16.565210691560424,16.565210691560424,75-100%
44.0,27.434789308439576,-16.565210691560424,16.565210691560424,75-100%
44.0,27.0446822404246,-16.9553177595754,16.9553177595754,75-100%
44.0,22.70840808739179,-21.29159191260821,21.29159191260821,75-100%
44.0,22.221291266919096,-21.778708733080904,21.778708733080904,75-100%
44.0,22.91209789767722,-21.08790210232278,21.08790210232278,75-100%
44.0,23.172236923034923,-20.827763076965077,20.827763076965077,75-100%
51.0,29.70872523433453,-21.29127476566547,21.29127476566547,75-100%
35.0,29.577785939467496,-5.422214060532504,5.422214060532504,75-100%
29.66666666666667,26.1201597090387,-3.5465069576279724,3.5465069576279724,75-100%
29.66666666666667,26.159453408897164,-3.507213257769507,3.507213257769507,75-100%
35.0,26.043647895929833,-8.956352104070167,8.956352104070167,75-100%
35.0,26.971123360875346,-8.028876639124654,8.028876639124654,75-100%
19.0,26.91744580526463,7.917445805264631,7.917445805264631,75-100%
19.0,27.775356779464353,8.775356779464353,8.775356779464353,75-100%
19.0,28.17562767460543,9.17562767460543,9.17562767460543,75-100%
19.0,28.17562767460543,9.17562767460543,9.17562767460543,75-100%
31.5,27.03169623529559,-4.468303764704409,4.468303764704409,75-100%
44.0,27.0446822404246,-16.9553177595754,16.9553177595754,75-100%
44.0,26.8794707646221,-17.1205292353779,17.1205292353779,75-100%
44.0,27.15489608906946,-16.84510391093054,16.84510391093054,75-100%
44.0,22.456818515906946,-21.543181484093054,21.543181484093054,75-100%
44.0,23.172236923034923,-20.827763076965077,20.827763076965077,75-100%
44.0,23.172236923034923,-20.827763076965077,20.827763076965077,75-100%
77.0,31.194955176715688,-45.80504482328431,45.80504482328431,75-100%
64.0,26.043647895929833,-37.95635210407016,37.95635210407016,75-100%
64.0,26.1201597090387,-37.8798402909613,37.8798402909613,75-100%
64.0,26.159453408897164,-37.840546591102836,37.840546591102836,75-100%
35.0,26.249285855023004,-8.750714144976996,8.750714144976996,75-100%
35.0,27.453947360375228,-7.546052639624772,7.546052639624772,75-100%
19.0,27.643570020222096,8.643570020222096,8.643570020222096,75-100%
19.0,28.17562767460543,9.17562767460543,9.17562767460543,75-100%
19.0,28.17562767460543,9.17562767460543,9.17562767460543,75-100%
19.0,26.975364872158234,7.975364872158234,7.975364872158234,75-100%
19.0,27.434789308439576,8.434789308439576,8.434789308439576,75-100%
44.0,27.45742964638706,-16.54257035361294,16.54257035361294,75-100%
44.0,27.377145106693238,-16.622854893306762,16.622854893306762,75-100%
44.0,27.115342129706008,-16.884657870293992,16.884657870293992,75-100%
44.0,23.172236923034923,-20.827763076965077,20.827763076965077,75-100%
44.0,23.172236923034923,-20.827763076965077,20.827763076965077,75-100%
77.0,31.864484063350037,-45.135515936649966,45.135515936649966,75-100%
77.0,26.878731283218478,-50.12126871678152,50.12126871678152,75-100%
64.0,26.878731283218478,-37.12126871678152,37.12126871678152,75-100%
64.0,26.043647895929833,-37.95635210407016,37.95635210407016,75-100%
64.0,25.871241934734932,-38.12875806526507,38.12875806526507,75-100%
64.0,26.249285855023004,-37.750714144976996,37.750714144976996,75-100%
49.0,26.114798024694466,-22.885201975305534,22.885201975305534,75-100%
35.0,26.249285855023004,-8.750714144976996,8.750714144976996,75-100%
19.0,26.847283271921828,7.847283271921828,7.847283271921828,75-100%
19.0,26.91744580526463,7.917445805264631,7.917445805264631,75-100%
19.0,28.17562767460543,9.17562767460543,9.17562767460543,75-100%
19.0,27.731256414082214,8.731256414082214,8.731256414082214,75-100%
44.0,25.657628813046635,-18.342371186953365,18.342371186953365,75-100%
44.0,26.144095683004153,-17.855904316995847,17.855904316995847,75-100%
77.0,31.194955176715688,-45.80504482328431,45.80504482328431,75-100%
77.0,31.49527201817918,-45.50472798182082,45.50472798182082,75-100%
64.0,27.04243399662144,-36.95756600337856,36.95756600337856,75-100%
64.0,26.17240974923832,-37.82759025076168,37.82759025076168,75-100%
64.0,26.800027655537278,-37.19997234446272,37.19997234446272,75-100%
64.0,26.1201597090387,-37.8798402909613,37.8798402909613,75-100%
35.0,27.453947360375228,-7.546052639624772,7.546052639624772,75-100%
19.0,26.847283271921828,7.847283271921828,7.847283271921828,75-100%
19.0,27.165626543433067,8.165626543433067,8.165626543433067,75-100%
19.0,27.775356779464353,8.775356779464353,8.775356779464353,75-100%
77.0,31.864484063350037,-45.135515936649966,45.135515936649966,75-100%
77.0,31.864484063350037,-45.135515936649966,45.135515936649966,75-100%
77.0,26.17240974923832,-50.82759025076168,50.82759025076168,75-100%
64.0,26.466890585476406,-37.533109414523594,37.533109414523594,75-100%
64.0,26.466890585476406,-37.533109414523594,37.533109414523594,75-100%
64.0,27.5344491887907,-36.4655508112093,36.4655508112093,75-100%
64.0,27.643570020222096,-36.3564299797779,36.3564299797779,75-100%
77.0,31.0514714055088,-45.9485285944912,45.9485285944912,75-100%
77.0,31.864484063350037,-45.135515936649966,45.135515936649966,75-100%
77.0,31.79472305180195,-45.20527694819805,45.20527694819805,75-100%
77.0,27.656387705977316,-49.343612294022684,49.343612294022684,75-100%
77.0,30.366936248188537,-46.63306375181146,46.63306375181146,75-100%
77.0,27.589424016858963,-49.41057598314104,49.41057598314104,75-100%
77.0,27.5344491887907,-49.4655508112093,49.4655508112093,75-100%
77.0,26.624807820627577,-50.37519217937242,50.37519217937242,75-100%
77.0,26.819553464049136,-50.180446535950864,50.180446535950864,75-100%
77.0,27.893896455245507,-49.10610354475449,49.10610354475449,75-100%
77.0,30.366936248188537,-46.63306375181146,46.63306375181146,75-100%
77.0,29.279900780128255,-47.72009921987174,47.72009921987174,75-100%
14.0,22.637475840249078,8.637475840249078,8.637475840249078,50-75%
14.0,22.637475840249078,8.637475840249078,8.637475840249078,50-75%
14.0,22.637475840249078,8.637475840249078,8.637475840249078,50-75%
14.0,29.576925267942457,15.576925267942457,15.576925267942457,50-75%
14.0,22.637475840249078,8.637475840249078,8.637475840249078,50-75%
14.0,23.304323319159067,9.304323319159067,9.304323319159067,50-75%
14.0,26.055054449907296,12.055054449907296,12.055054449907296,50-75%
14.0,27.350455695400843,13.350455695400843,13.350455695400843,50-75%
14.0,30.147028521548144,16.147028521548144,16.147028521548144,50-75%
14.0,28.201617521411325,14.201617521411325,14.201617521411325,50-75%
14.0,27.598348611154563,13.598348611154563,13.598348611154563,50-75%
11.0,24.940516696028663,13.940516696028663,13.940516696028663,50-75%
11.0,31.337971816448757,20.337971816448757,20.337971816448757,50-75%
17.0,23.304323319159067,6.304323319159067,6.304323319159067,75-100%
17.0,23.304323319159067,6.304323319159067,6.304323319159067,75-100%
17.0,28.927234383696256,11.927234383696256,11.927234383696256,75-100%
14.0,30.482201003962036,16.482201003962036,16.482201003962036,50-75%
12.5,28.722893406096446,16.222893406096446,16.222893406096446,50-75%
12.5,28.30226750056363,15.80226750056363,15.80226750056363,50-75%
11.0,28.3778758946033,17.3778758946033,17.3778758946033,50-75%
11.0,31.915234526474386,20.915234526474386,20.915234526474386,50-75%
11.0,31.893281061625263,20.893281061625263,20.893281061625263,50-75%
11.0,34.07749314627667,23.077493146276673,23.077493146276673,50-75%
20.0,22.31018683253165,2.310186832531649,2.310186832531649,75-100%
17.0,22.96780101381094,5.967801013810941,5.967801013810941,75-100%
17.0,25.187662106811253,8.187662106811253,8.187662106811253,75-100%
17.0,26.301749573824402,9.301749573824402,9.301749573824402,75-100%
17.0,28.227852284011938,11.227852284011938,11.227852284011938,75-100%
17.0,28.227852284011938,11.227852284011938,11.227852284011938,75-100%
12.5,27.44195476112223,14.94195476112223,14.94195476112223,50-75%
11.0,26.10258448409742,15.10258448409742,15.10258448409742,50-75%
11.0,29.63558529970251,18.63558529970251,18.63558529970251,50-75%
11.0,31.554052948854263,20.554052948854263,20.554052948854263,50-75%
20.0,22.96780101381094,2.9678010138109414,2.9678010138109414,75-100%
20.0,22.31018683253165,2.310186832531649,2.310186832531649,75-100%
20.0,22.31018683253165,2.310186832531649,2.310186832531649,75-100%
17.0,25.187662106811253,8.187662106811253,8.187662106811253,75-100%
17.0,25.80790342997112,8.80790342997112,8.80790342997112,75-100%
17.0,30.590711529873627,13.590711529873627,13.590711529873627,75-100%
17.0,29.471896983332716,12.471896983332716,12.471896983332716,75-100%
15.0,29.576925267942457,14.576925267942457,14.576925267942457,50-75%
12.5,28.00007347846214,15.500073478462141,15.500073478462141,50-75%
11.0,26.459628519926582,15.459628519926582,15.459628519926582,50-75%
11.0,30.022597536814885,19.022597536814885,19.022597536814885,50-75%
11.0,31.599278320289162,20.599278320289162,20.599278320289162,50-75%
20.0,25.187662106811253,5.187662106811253,5.187662106811253,75-100%
20.0,22.96780101381094,2.9678010138109414,2.9678010138109414,75-100%
20.0,22.31018683253165,2.310186832531649,2.310186832531649,75-100%
15.0,28.722893406096446,13.722893406096446,13.722893406096446,50-75%
11.0,26.813644695815253,15.813644695815253,15.813644695815253,50-75%
11.0,26.813644695815253,15.813644695815253,15.813644695815253,50-75%
11.0,27.000919103157983,16.000919103157983,16.000919103157983,50-75%
11.0,30.022597536814885,19.022597536814885,19.022597536814885,50-75%
11.0,31.28019367115255,20.28019367115255,20.28019367115255,50-75%
11.0,31.641983997156064,20.641983997156064,20.641983997156064,50-75%
11.0,33.574073503752516,22.574073503752516,22.574073503752516,50-75%
20.0,26.91572409721683,6.915724097216831,6.915724097216831,75-100%
20.0,28.227852284011938,8.227852284011938,8.227852284011938,75-100%
14.0,25.34427985439931,11.34427985439931,11.34427985439931,50-75%
14.0,25.61307365890319,11.61307365890319,11.61307365890319,50-75%
14.0,31.063695094451123,17.063695094451123,17.063695094451123,50-75%
11.0,31.641983997156064,20.641983997156064,20.641983997156064,50-75%
20.0,22.96780101381094,2.9678010138109414,2.9678010138109414,75-100%
20.0,22.96780101381094,2.9678010138109414,2.9678010138109414,75-100%
20.0,23.522878759238598,3.5228787592385977,3.5228787592385977,75-100%
14.0,25.43508137305435,11.435081373054349,11.435081373054349,50-75%
14.0,31.27002345269667,17.27002345269667,17.27002345269667,50-75%
14.0,31.754491977455263,17.754491977455263,17.754491977455263,50-75%
17.0,31.063695094451123,14.063695094451123,14.063695094451123,75-100%
17.0,31.487303481370837,14.487303481370837,14.487303481370837,75-100%
17.0,25.450816498491335,8.450816498491335,8.450816498491335,75-100%
17.0,26.53674282581794,9.536742825817939,9.536742825817939,75-100%
17.0,25.00077156969101,8.000771569691011,8.000771569691011,75-100%
17.0,31.00678691583114,14.006786915831139,14.006786915831139,75-100%
17.0,31.487303481370837,14.487303481370837,14.487303481370837,75-100%
17.0,30.859285830083685,13.859285830083685,13.859285830083685,75-100%
17.0,31.487303481370837,14.487303481370837,14.487303481370837,75-100%
17.0,31.28019367115255,14.28019367115255,14.28019367115255,75-100%
17.0,24.714090107842736,7.714090107842736,7.714090107842736,75-100%
17.0,25.655979346757803,8.655979346757803,8.655979346757803,75-100%
17.0,30.73984965287032,13.73984965287032,13.73984965287032,75-100%
17.0,30.58944407961597,13.58944407961597,13.58944407961597,75-100%
17.0,31.063695094451123,14.063695094451123,14.063695094451123,75-100%
17.0,31.487303481370837,14.487303481370837,14.487303481370837,75-100%
17.0,31.487303481370837,14.487303481370837,14.487303481370837,75-100%
17.0,31.539679622521426,14.539679622521426,14.539679622521426,75-100%
17.0,30.73984965287032,13.73984965287032,13.73984965287032,75-100%
17.0,30.035432894219884,13.035432894219884,13.035432894219884,75-100%
17.0,31.487303481370837,14.487303481370837,14.487303481370837,75-100%
17.0,31.063695094451123,14.063695094451123,14.063695094451123,75-100%
17.0,31.063695094451123,14.063695094451123,14.063695094451123,75-100%
17.0,31.27002345269667,14.27002345269667,14.27002345269667,75-100%
17.0,31.27002345269667,14.27002345269667,14.27002345269667,75-100%
17.0,31.00678691583114,14.006786915831139,14.006786915831139,75-100%
17.0,30.23455631591448,13.234556315914482,13.234556315914482,75-100%
17.0,31.487303481370837,14.487303481370837,14.487303481370837,75-100%
17.0,31.487303481370837,14.487303481370837,14.487303481370837,75-100%
47.0,25.511212513931394,-21.488787486068606,21.488787486068606,75-100%
47.0,25.729251262670076,-21.270748737329924,21.270748737329924,75-100%
47.0,29.828424758870753,-17.171575241129247,17.171575241129247,75-100%
47.0,29.33764116065377,-17.66235883934623,17.66235883934623,75-100%
47.0,22.50497969297068,-24.49502030702932,24.49502030702932,75-100%
47.0,24.982893326757186,-22.017106673242814,22.017106673242814,75-100%
47.0,25.07244924501196,-21.92755075498804,21.92755075498804,75-100%
47.0,33.90932707832861,-13.090672921671391,13.090672921671391,75-100%
47.0,33.51714249325242,-13.482857506747578,13.482857506747578,75-100%
47.0,30.60528723014743,-16.39471276985257,16.39471276985257,75-100%
47.0,29.828424758870753,-17.171575241129247,17.171575241129247,75-100%
47.0,31.613105071684465,-15.386894928315535,15.386894928315535,75-100%
47.0,31.0115352234352,-15.9884647765648,15.9884647765648,75-100%
47.0,31.65316911223793,-15.34683088776207,15.34683088776207,75-100%
47.0,29.498474187402003,-17.501525812597997,17.501525812597997,75-100%
47.0,31.50108273943684,-15.49891726056316,15.49891726056316,75-100%
47.0,29.72253260191672,-17.27746739808328,17.27746739808328,75-100%
47.0,29.828424758870753,-17.171575241129247,17.171575241129247,75-100%
47.0,31.50108273943684,-15.49891726056316,15.49891726056316,75-100%
47.0,28.451642414437618,-18.548357585562382,18.548357585562382,75-100%
19.0,32.62819566865971,13.628195668659707,13.628195668659707,75-100%
76.0,30.8939838730315,-45.1060161269685,45.1060161269685,75-100%
76.0,29.858396782532722,-46.14160321746728,46.14160321746728,75-100%
76.0,29.340515477402445,-46.65948452259755,46.65948452259755,75-100%
76.0,29.858396782532722,-46.14160321746728,46.14160321746728,75-100%
75.0,29.858396782532722,-45.14160321746728,45.14160321746728,75-100%
75.0,29.26761877790269,-45.73238122209731,45.73238122209731,75-100%
75.0,26.91802353499151,-48.081976465008495,48.081976465008495,75-100%
75.0,32.35151171578749,-42.64848828421251,42.64848828421251,75-100%
75.0,26.72955864371749,-48.27044135628251,48.27044135628251,75-100%
19.0,32.30779209956036,13.30779209956036,13.30779209956036,75-100%
19.0,32.14995652001728,13.149956520017277,13.149956520017277,75-100%
19.0,31.424540782585346,12.424540782585346,12.424540782585346,75-100%
19.0,33.55336972854037,14.553369728540368,14.553369728540368,75-100%
19.0,32.84943416335028,13.849434163350281,13.849434163350281,75-100%
19.0,32.55974866440086,13.559748664400857,13.559748664400857,75-100%
76.0,30.8939838730315,-45.1060161269685,45.1060161269685,75-100%
76.0,30.079128925997395,-45.920871074002605,45.920871074002605,75-100%
76.0,29.435039374749724,-46.56496062525028,46.56496062525028,75-100%
76.0,29.255746283528254,-46.744253716471746,46.744253716471746,75-100%
76.0,29.435039374749724,-46.56496062525028,46.56496062525028,75-100%
75.5,29.435039374749724,-46.06496062525028,46.06496062525028,75-100%
75.0,29.858396782532722,-45.14160321746728,45.14160321746728,75-100%
75.0,29.435039374749724,-45.56496062525028,45.56496062525028,75-100%
75.0,29.858396782532722,-45.14160321746728,45.14160321746728,75-100%
75.0,31.470074742961895,-43.5299252570381,43.5299252570381,75-100%
75.0,29.810205295669487,-45.18979470433051,45.18979470433051,75-100%
75.0,25.000648204252307,-49.99935179574769,49.99935179574769,75-100%
19.0,32.53927382619949,13.53927382619949,13.53927382619949,75-100%
19.0,32.14995652001728,13.149956520017277,13.149956520017277,75-100%
19.0,31.424540782585346,12.424540782585346,12.424540782585346,75-100%
19.0,31.424540782585346,12.424540782585346,12.424540782585346,75-100%
19.0,32.36764763578137,13.367647635781367,13.367647635781367,75-100%
19.0,32.36764763578137,13.367647635781367,13.367647635781367,75-100%
47.5,32.84943416335028,-14.650565836649719,14.650565836649719,75-100%
76.0,29.858396782532722,-46.14160321746728,46.14160321746728,75-100%
76.0,29.858396782532722,-46.14160321746728,46.14160321746728,75-100%
76.0,29.858396782532722,-46.14160321746728,46.14160321746728,75-100%
75.5,29.858396782532722,-45.64160321746728,45.64160321746728,75-100%
75.5,29.511721880690025,-45.988278119309975,45.988278119309975,75-100%
75.0,30.20269749666337,-44.79730250333663,44.79730250333663,75-100%
75.0,29.255746283528254,-45.744253716471746,45.744253716471746,75-100%
75.0,29.869102111180176,-45.130897888819824,45.130897888819824,75-100%
75.0,29.869102111180176,-45.130897888819824,45.130897888819824,75-100%
75.0,24.93530299469086,-50.06469700530914,50.06469700530914,75-100%
56.0,26.356556267350882,-29.643443732649118,29.643443732649118,75-100%
56.0,26.356556267350882,-29.643443732649118,29.643443732649118,75-100%
56.0,28.399340538632302,-27.600659461367698,27.600659461367698,75-100%
56.0,24.939833776014584,-31.060166223985416,31.060166223985416,75-100%
56.0,25.005190401091596,-30.994809598908404,30.994809598908404,75-100%
19.0,31.72364477055082,12.72364477055082,12.72364477055082,75-100%
19.0,32.49539422039805,13.495394220398047,13.495394220398047,75-100%
19.0,32.03569309007791,13.035693090077913,13.035693090077913,75-100%
19.0,31.664557617939874,12.664557617939874,12.664557617939874,75-100%
19.0,32.48265677993033,13.48265677993033,13.48265677993033,75-100%
47.5,31.75035424972762,-15.749645750272379,15.749645750272379,75-100%
76.0,32.43143326031619,-43.56856673968381,43.56856673968381,75-100%
76.0,29.858396782532722,-46.14160321746728,46.14160321746728,75-100%
76.0,30.20269749666337,-45.79730250333663,45.79730250333663,75-100%
76.0,30.20269749666337,-45.79730250333663,45.79730250333663,75-100%
75.5,29.858396782532722,-45.64160321746728,45.64160321746728,75-100%
75.5,29.799520392292713,-45.70047960770729,45.70047960770729,75-100%
75.0,29.126563493371602,-45.873436506628394,45.873436506628394,75-100%
75.0,29.19801972249706,-45.801980277502935,45.801980277502935,75-100%
75.0,29.79152143201469,-45.20847856798531,45.20847856798531,75-100%
75.0,29.73277263684264,-45.26722736315736,45.26722736315736,75-100%
75.0,29.73277263684264,-45.26722736315736,45.26722736315736,75-100%
56.0,32.17417719610808,-23.825822803891917,23.825822803891917,75-100%
56.0,26.942183340316106,-29.057816659683894,29.057816659683894,75-100%
56.0,28.399340538632302,-27.600659461367698,27.600659461367698,75-100%
56.0,28.399340538632302,-27.600659461367698,27.600659461367698,75-100%
56.0,25.005190401091596,-30.994809598908404,30.994809598908404,75-100%
56.0,26.51808432495526,-29.48191567504474,29.48191567504474,75-100%
56.0,26.15927057118529,-29.84072942881471,29.84072942881471,75-100%
19.0,32.47528244686524,13.475282446865243,13.475282446865243,75-100%
19.0,32.03569309007791,13.035693090077913,13.035693090077913,75-100%
19.0,31.104400124996392,12.104400124996392,12.104400124996392,75-100%
19.0,31.362676262211135,12.362676262211135,12.362676262211135,75-100%
19.0,32.48265677993033,13.48265677993033,13.48265677993033,75-100%
47.5,32.48265677993033,-15.01734322006967,15.01734322006967,75-100%
47.5,32.03569309007791,-15.464306909922087,15.464306909922087,75-100%
76.0,32.03569309007791,-43.96430690992209,43.96430690992209,75-100%
76.0,29.799520392292713,-46.20047960770729,46.20047960770729,75-100%
76.0,29.799520392292713,-46.20047960770729,46.20047960770729,75-100%
75.5,29.37697073081382,-46.123029269186176,46.123029269186176,75-100%
75.5,30.17655947460539,-45.32344052539461,45.32344052539461,75-100%
75.0,29.20228183150629,-45.79771816849371,45.79771816849371,75-100%
75.0,29.06856345272124,-45.931436547278764,45.931436547278764,75-100%
75.0,31.307471525261015,-43.692528474738985,43.692528474738985,75-100%
75.0,31.408123345902574,-43.591876654097426,43.591876654097426,75-100%
56.0,32.17417719610808,-23.825822803891917,23.825822803891917,75-100%
56.0,32.110882404215495,-23.889117595784505,23.889117595784505,75-100%
56.0,26.942183340316106,-29.057816659683894,29.057816659683894,75-100%
56.0,28.399340538632302,-27.600659461367698,27.600659461367698,75-100%
56.0,27.996000446511566,-28.003999553488434,28.003999553488434,75-100%
56.0,26.694640428681662,-29.305359571318338,29.305359571318338,75-100%
56.0,23.149319051405527,-32.85068094859447,32.85068094859447,75-100%
56.0,23.867733438325097,-32.1322665616749,32.1322665616749,75-100%
19.0,32.03569309007791,13.035693090077913,13.035693090077913,75-100%
19.0,32.03569309007791,13.035693090077913,13.035693090077913,75-100%
19.0,31.362676262211135,12.362676262211135,12.362676262211135,75-100%
19.0,32.36764763578137,13.367647635781367,13.367647635781367,75-100%
19.0,32.48265677993033,13.48265677993033,13.48265677993033,75-100%
19.0,32.03569309007791,13.035693090077913,13.035693090077913,75-100%
76.0,32.03569309007791,-43.96430690992209,43.96430690992209,75-100%
76.0,32.48265677993033,-43.51734322006967,43.51734322006967,75-100%
76.0,31.6878680923652,-44.3121319076348,44.3121319076348,75-100%
76.0,30.1431641966251,-45.8568358033749,45.8568358033749,75-100%
76.0,24.938939914558155,-51.061060085441845,51.061060085441845,75-100%
75.0,25.360665475716957,-49.63933452428304,49.63933452428304,75-100%
75.0,25.27011956726394,-49.72988043273606,49.72988043273606,75-100%
75.0,24.927578273233244,-50.072421726766756,50.072421726766756,75-100%
75.0,24.48762325115213,-50.51237674884787,50.51237674884787,75-100%
75.0,24.438711618365787,-50.56128838163421,50.56128838163421,75-100%
56.0,31.85892674135393,-24.14107325864607,24.14107325864607,75-100%
56.0,26.473243411957174,-29.526756588042826,29.526756588042826,75-100%
56.0,26.55883451017048,-29.44116548982952,29.44116548982952,75-100%
56.0,26.497159621453203,-29.502840378546797,29.502840378546797,75-100%
56.0,28.754413333665944,-27.245586666334056,27.245586666334056,75-100%
56.0,26.15927057118529,-29.84072942881471,29.84072942881471,75-100%
56.0,24.138268795247065,-31.861731204752935,31.861731204752935,75-100%
19.0,32.03569309007791,13.035693090077913,13.035693090077913,75-100%
19.0,31.362676262211135,12.362676262211135,12.362676262211135,75-100%
19.0,32.03569309007791,13.035693090077913,13.035693090077913,75-100%
19.0,31.664557617939874,12.664557617939874,12.664557617939874,75-100%
75.0,32.03569309007791,-42.96430690992209,42.96430690992209,75-100%
75.0,26.310774218051975,-48.689225781948025,48.689225781948025,75-100%
56.0,26.41803429302946,-29.58196570697054,29.58196570697054,75-100%
56.0,26.942183340316106,-29.057816659683894,29.057816659683894,75-100%
56.0,27.27965720728775,-28.72034279271225,28.72034279271225,75-100%
56.0,28.44755633564019,-27.55244366435981,27.55244366435981,75-100%
56.0,28.069057226531022,-27.930942773468978,27.930942773468978,75-100%
56.0,24.138268795247065,-31.861731204752935,31.861731204752935,75-100%
75.0,31.0206492084437,-43.9793507915563,43.9793507915563,75-100%
75.0,31.888462388777672,-43.11153761122233,43.11153761122233,75-100%
75.0,26.878731283218478,-48.12126871678152,48.12126871678152,75-100%
75.0,26.878731283218478,-48.12126871678152,48.12126871678152,75-100%
75.0,26.878731283218478,-48.12126871678152,48.12126871678152,75-100%
75.0,24.927578273233244,-50.072421726766756,50.072421726766756,75-100%
56.0,27.996000446511566,-28.003999553488434,28.003999553488434,75-100%
56.0,27.0200009387986,-28.9799990612014,28.9799990612014,75-100%
56.0,27.53132931869685,-28.46867068130315,28.46867068130315,75-100%
75.0,27.04243399662144,-47.95756600337856,47.95756600337856,75-100%
75.0,26.886630023756958,-48.11336997624304,48.11336997624304,75-100%
75.0,26.310774218051975,-48.689225781948025,48.689225781948025,75-100%
75.0,26.565531070672783,-48.43446892932722,48.43446892932722,75-100%
75.0,27.04243399662144,-47.95756600337856,47.95756600337856,75-100%
75.0,26.40956145547682,-48.59043854452318,48.59043854452318,75-100%
75.0,27.430638020515115,-47.56936197948488,47.56936197948488,75-100%
75.0,26.878731283218478,-48.12126871678152,48.12126871678152,75-100%
75.0,27.04243399662144,-47.95756600337856,47.95756600337856,75-100%
75.0,26.878731283218478,-48.12126871678152,48.12126871678152,75-100%
75.0,26.878731283218478,-48.12126871678152,48.12126871678152,75-100%
75.0,25.051026228298685,-49.94897377170132,49.94897377170132,75-100%
75.0,26.70661242198355,-48.29338757801645,48.29338757801645,75-100%
75.0,26.70661242198355,-48.29338757801645,48.29338757801645,75-100%
75.0,31.362676262211135,-43.63732373778886,43.63732373778886,75-100%
75.0,26.878731283218478,-48.12126871678152,48.12126871678152,75-100%
75.0,26.886630023756958,-48.11336997624304,48.11336997624304,75-100%
75.0,26.189057854172088,-48.81094214582791,48.81094214582791,75-100%
75.0,26.878731283218478,-48.12126871678152,48.12126871678152,75-100%
75.0,26.921782575951852,-48.07821742404815,48.07821742404815,75-100%
75.0,29.26158571171056,-45.73841428828944,45.73841428828944,75-100%
75.0,29.530033499660515,-45.46996650033948,45.46996650033948,75-100%
75.0,32.0722118449583,-42.9277881550417,42.9277881550417,75-100%
75.0,27.04243399662144,-47.95756600337856,47.95756600337856,75-100%
75.0,26.79996883764432,-48.20003116235568,48.20003116235568,75-100%
75.0,28.3778758946033,-46.6221241053967,46.6221241053967,75-100%
75.0,27.122977001469543,-47.87702299853046,47.87702299853046,75-100%
75.0,28.582045580085477,-46.41795441991452,46.41795441991452,75-100%
8.0,28.01471743475272,20.01471743475272,20.01471743475272,25-50%
8.0,27.818995722558007,19.818995722558007,19.818995722558007,25-50%
8.0,26.028464152516044,18.028464152516044,18.028464152516044,25-50%
8.0,24.293124011593505,16.293124011593505,16.293124011593505,25-50%
8.0,26.32442079467275,18.32442079467275,18.32442079467275,25-50%
8.0,24.256971071659905,16.256971071659905,16.256971071659905,25-50%
8.0,23.76703418042738,15.76703418042738,15.76703418042738,25-50%
8.0,24.79346791460277,16.79346791460277,16.79346791460277,25-50%
8.0,26.32442079467275,18.32442079467275,18.32442079467275,25-50%
8.0,23.76703418042738,15.76703418042738,15.76703418042738,25-50%
8.0,26.32442079467275,18.32442079467275,18.32442079467275,25-50%
8.0,27.27838869616541,19.27838869616541,19.27838869616541,25-50%
8.0,27.382864343515624,19.382864343515624,19.382864343515624,25-50%
8.0,26.32442079467275,18.32442079467275,18.32442079467275,25-50%
16.0,25.61409862946842,9.614098629468419,9.614098629468419,75-100%
16.0,26.718836182112646,10.718836182112646,10.718836182112646,75-100%
16.0,27.831106846465886,11.831106846465886,11.831106846465886,75-100%
8.0,28.643046025624383,20.643046025624383,20.643046025624383,25-50%
8.0,25.657883027026024,17.657883027026024,17.657883027026024,25-50%
24.0,24.93306295636776,0.9330629563677597,0.9330629563677597,75-100%
16.0,24.458084602349352,8.458084602349352,8.458084602349352,75-100%
16.0,24.594916610268776,8.594916610268776,8.594916610268776,75-100%
13.666666666666664,25.582953355303417,11.916286688636752,11.916286688636752,50-75%
13.666666666666664,27.322152469439985,13.65548580277332,13.65548580277332,50-75%
13.666666666666664,27.63464773708744,13.967981070420777,13.967981070420777,50-75%
13.666666666666664,28.01730394857384,14.350637281907176,14.350637281907176,50-75%
8.0,26.28966464284177,18.28966464284177,18.28966464284177,25-50%
24.0,25.165376117505257,1.1653761175052573,1.1653761175052573,75-100%
16.5,24.808093995174332,8.308093995174332,8.308093995174332,75-100%
13.666666666666664,24.808093995174332,11.141427328507667,11.141427328507667,50-75%
13.666666666666664,24.808093995174332,11.141427328507667,11.141427328507667,50-75%
13.666666666666664,26.4352588092459,12.768592142579237,12.768592142579237,50-75%
13.666666666666664,27.43742479133336,13.770758124666695,13.770758124666695,50-75%
13.666666666666664,27.99545461671949,14.328787950052824,14.328787950052824,50-75%
9.0,26.393346202751083,17.393346202751083,17.393346202751083,50-75%
16.5,26.41499895681492,9.91499895681492,9.91499895681492,75-100%
16.5,27.16066580379274,10.660665803792739,10.660665803792739,75-100%
16.5,24.571313739749694,8.071313739749694,8.071313739749694,75-100%
16.5,27.58211398884471,11.08211398884471,11.08211398884471,75-100%
16.5,27.43742479133336,10.93742479133336,10.93742479133336,75-100%
16.5,28.19654768386427,11.69654768386427,11.69654768386427,75-100%
9.0,27.747062051928996,18.747062051928996,18.747062051928996,50-75%
9.0,27.13842411150291,18.13842411150291,18.13842411150291,50-75%
24.0,26.41499895681492,2.4149989568149195,2.4149989568149195,75-100%
16.5,24.534763166984042,8.034763166984042,8.034763166984042,75-100%
16.5,23.996251892448818,7.496251892448818,7.496251892448818,75-100%
16.5,24.72049105053349,8.22049105053349,8.22049105053349,75-100%
16.5,27.23531818630262,10.73531818630262,10.73531818630262,75-100%
16.5,30.265365355141334,13.765365355141334,13.765365355141334,75-100%
16.5,28.92180832265413,12.42180832265413,12.42180832265413,75-100%
9.0,26.91150747219619,17.91150747219619,17.91150747219619,50-75%
9.0,26.91150747219619,17.91150747219619,17.91150747219619,50-75%
16.5,23.996251892448818,7.496251892448818,7.496251892448818,75-100%
16.5,23.996251892448818,7.496251892448818,7.496251892448818,75-100%
16.5,24.78867466343613,8.28867466343613,8.28867466343613,75-100%
16.5,28.11591834846458,11.615918348464579,11.615918348464579,75-100%
16.5,27.486689060067548,10.986689060067548,10.986689060067548,75-100%
9.0,32.40865003832417,23.40865003832417,23.40865003832417,50-75%
9.0,31.11334323543817,22.11334323543817,22.11334323543817,50-75%
9.0,30.80039310282918,21.80039310282918,21.80039310282918,50-75%
9.0,23.781514520205853,14.781514520205853,14.781514520205853,50-75%
7.0,24.844162712238603,17.844162712238603,17.844162712238603,25-50%
7.0,26.672808767441794,19.672808767441794,19.672808767441794,25-50%
7.0,33.53713987176395,26.537139871763948,26.537139871763948,25-50%
7.0,32.863373255427724,25.863373255427724,25.863373255427724,25-50%
9.0,30.04879165137705,21.04879165137705,21.04879165137705,50-75%
5.0,24.844162712238603,19.844162712238603,19.844162712238603,0-25%
5.0,25.59296916228759,20.59296916228759,20.59296916228759,0-25%
5.0,32.042808796538054,27.042808796538054,27.042808796538054,0-25%
5.0,35.16360720536147,30.163607205361473,30.163607205361473,0-25%
5.0,24.062515587014488,19.062515587014488,19.062515587014488,0-25%
5.0,24.844162712238603,19.844162712238603,19.844162712238603,0-25%
5.0,25.59296916228759,20.59296916228759,20.59296916228759,0-25%
5.0,32.042808796538054,27.042808796538054,27.042808796538054,0-25%
5.0,33.74839524667908,28.74839524667908,28.74839524667908,0-25%
5.0,33.761486306245025,28.761486306245025,28.761486306245025,0-25%
5.0,31.72364477055082,26.72364477055082,26.72364477055082,0-25%
5.0,24.55439781343181,19.55439781343181,19.55439781343181,0-25%
5.0,25.29480864131883,20.29480864131883,20.29480864131883,0-25%
5.0,33.68209691973827,28.68209691973827,28.68209691973827,0-25%
5.0,33.50296225583526,28.502962255835257,28.502962255835257,0-25%
5.0,33.78430952576359,28.78430952576359,28.78430952576359,0-25%
5.0,30.14854264791037,25.14854264791037,25.14854264791037,0-25%
5.0,25.59296916228759,20.59296916228759,20.59296916228759,0-25%
5.0,26.884736208489812,21.884736208489812,21.884736208489812,0-25%
5.0,33.68209691973827,28.68209691973827,28.68209691973827,0-25%
5.0,33.50296225583526,28.502962255835257,28.502962255835257,0-25%
5.0,33.78430952576359,28.78430952576359,28.78430952576359,0-25%
5.0,30.759772952425962,25.759772952425962,25.759772952425962,0-25%
5.0,26.27322571319493,21.27322571319493,21.27322571319493,0-25%
5.0,34.279797144754916,29.279797144754916,29.279797144754916,0-25%
5.0,34.00307088341123,29.003070883411233,29.003070883411233,0-25%
5.0,33.03882927436083,28.03882927436083,28.03882927436083,0-25%
19.0,33.056882495785715,14.056882495785715,14.056882495785715,75-100%
19.0,32.8981536370282,13.898153637028202,13.898153637028202,75-100%
19.0,35.716651723641334,16.716651723641334,16.716651723641334,75-100%
19.0,32.53927382619949,13.53927382619949,13.53927382619949,75-100%
19.0,32.00155430742067,13.001554307420669,13.001554307420669,75-100%
19.0,32.086707940051625,13.086707940051625,13.086707940051625,75-100%
19.0,33.262446817703704,14.262446817703704,14.262446817703704,75-100%
19.0,32.105973458862394,13.105973458862394,13.105973458862394,75-100%
19.0,32.105973458862394,13.105973458862394,13.105973458862394,75-100%
19.0,32.17091289685442,13.170912896854418,13.170912896854418,75-100%
19.0,30.152129602171414,11.152129602171414,11.152129602171414,75-100%
19.0,30.368752591276966,11.368752591276966,11.368752591276966,75-100%
19.0,32.82182833197397,13.821828331973968,13.821828331973968,75-100%
19.0,35.843203967804435,16.843203967804435,16.843203967804435,75-100%
19.0,34.538367497078745,15.538367497078745,15.538367497078745,75-100%
19.0,34.660858518169114,15.660858518169114,15.660858518169114,75-100%
19.0,32.82182833197397,13.821828331973968,13.821828331973968,75-100%
19.0,30.562521536725058,11.562521536725058,11.562521536725058,75-100%
19.0,30.765026760580746,11.765026760580746,11.765026760580746,75-100%
19.0,31.295621111953796,12.295621111953796,12.295621111953796,75-100%
19.0,33.6648293514553,14.664829351455303,14.664829351455303,75-100%
19.0,33.87246813936421,14.872468139364209,14.872468139364209,75-100%
19.0,33.87246813936421,14.872468139364209,14.872468139364209,75-100%
19.0,31.1846893012478,12.1846893012478,12.1846893012478,75-100%
19.0,30.765026760580746,11.765026760580746,11.765026760580746,75-100%
19.0,30.97950868670593,11.97950868670593,11.97950868670593,75-100%
19.0,32.105973458862394,13.105973458862394,13.105973458862394,75-100%
19.0,30.46347088632487,11.46347088632487,11.46347088632487,75-100%
19.0,28.138526431535315,9.138526431535315,9.138526431535315,75-100%
19.0,27.75858341207363,8.75858341207363,8.75858341207363,75-100%
19.0,30.57191685464994,11.571916854649938,11.571916854649938,75-100%
19.0,30.57191685464994,11.571916854649938,11.571916854649938,75-100%
38.0,26.374813890012902,-11.625186109987098,11.625186109987098,75-100%
38.0,27.599726237809637,-10.400273762190363,10.400273762190363,75-100%
38.0,27.599726237809637,-10.400273762190363,10.400273762190363,75-100%
38.0,26.374813890012902,-11.625186109987098,11.625186109987098,75-100%
38.0,27.599726237809637,-10.400273762190363,10.400273762190363,75-100%
38.0,27.977570521266554,-10.022429478733446,10.022429478733446,75-100%
38.0,27.599726237809637,-10.400273762190363,10.400273762190363,75-100%
38.0,27.977570521266554,-10.022429478733446,10.022429478733446,75-100%
38.0,27.599726237809637,-10.400273762190363,10.400273762190363,75-100%
38.0,27.792835609836064,-10.207164390163936,10.207164390163936,75-100%
38.0,28.07744827176142,-9.922551728238581,9.922551728238581,75-100%
38.0,27.977570521266554,-10.022429478733446,10.022429478733446,75-100%
38.0,28.07744827176142,-9.922551728238581,9.922551728238581,75-100%
38.0,28.07744827176142,-9.922551728238581,9.922551728238581,75-100%
38.0,27.792835609836064,-10.207164390163936,10.207164390163936,75-100%
38.0,27.792835609836064,-10.207164390163936,10.207164390163936,75-100%
38.0,27.047902652879092,-10.952097347120908,10.952097347120908,75-100%
38.0,27.977570521266554,-10.022429478733446,10.022429478733446,75-100%
38.0,27.977570521266554,-10.022429478733446,10.022429478733446,75-100%
38.0,27.977570521266554,-10.022429478733446,10.022429478733446,75-100%
38.0,28.11554028403873,-9.88445971596127,9.88445971596127,75-100%
38.0,28.215893578524827,-9.784106421475173,9.784106421475173,75-100%
38.0,28.07744827176142,-9.922551728238581,9.922551728238581,75-100%
38.0,27.977570521266554,-10.022429478733446,10.022429478733446,75-100%
38.0,27.47268073726134,-10.527319262738661,10.527319262738661,75-100%
38.0,28.316685037327357,-9.683314962672643,9.683314962672643,75-100%
38.0,27.977570521266554,-10.022429478733446,10.022429478733446,75-100%
38.0,27.76199943163676,-10.23800056836324,10.23800056836324,75-100%
48.0,29.98902684190804,-18.01097315809196,18.01097315809196,75-100%
48.0,29.495686484180613,-18.504313515819387,18.504313515819387,75-100%
48.0,28.598847365728375,-19.401152634271625,19.401152634271625,75-100%
48.0,30.76993641361545,-17.23006358638455,17.23006358638455,75-100%
48.0,30.413020930761423,-17.586979069238577,17.586979069238577,75-100%
48.0,30.76993641361545,-17.23006358638455,17.23006358638455,75-100%
48.0,29.98902684190804,-18.01097315809196,18.01097315809196,75-100%
48.0,28.988776670276874,-19.011223329723126,19.011223329723126,75-100%
48.0,28.80466927493089,-19.19533072506911,19.19533072506911,75-100%
48.0,31.90755692156482,-16.09244307843518,16.09244307843518,75-100%
48.0,31.300555718212753,-16.699444281787247,16.699444281787247,75-100%
48.0,31.823277284102442,-16.176722715897558,16.176722715897558,75-100%
38.66666666666666,29.197191979904158,-9.4694746867625,9.4694746867625,75-100%
38.66666666666666,26.78368629127292,-11.882980375393736,11.882980375393736,75-100%
48.0,29.773833805054775,-18.226166194945225,18.226166194945225,75-100%
38.66666666666666,31.7945231804714,-6.872143486195256,6.872143486195256,75-100%
38.66666666666666,29.882583034938893,-8.784083631727764,8.784083631727764,75-100%
38.66666666666666,29.98902684190804,-8.677639824758618,8.677639824758618,75-100%
38.66666666666666,29.34096867818863,-9.325697988478026,9.325697988478026,75-100%
38.66666666666666,27.150749491501717,-11.51591717516494,11.51591717516494,75-100%
38.66666666666666,31.7945231804714,-6.872143486195256,6.872143486195256,75-100%
38.66666666666666,29.882583034938893,-8.784083631727764,8.784083631727764,75-100%
38.66666666666666,29.98902684190804,-8.677639824758618,8.677639824758618,75-100%
34.0,27.373544306312716,-6.626455693687284,6.626455693687284,75-100%
34.0,27.486107741949702,-6.513892258050298,6.513892258050298,75-100%
38.66666666666666,28.67712596246756,-9.989540704199097,9.989540704199097,75-100%
38.66666666666666,30.42574250175625,-8.240924164910407,8.240924164910407,75-100%
34.0,31.71053303404426,-2.2894669659557394,2.2894669659557394,75-100%
34.0,28.34165814325169,-5.6583418567483115,5.6583418567483115,75-100%
34.0,30.655525337227754,-3.344474662772246,3.344474662772246,75-100%
34.0,30.054437740190025,-3.945562259809975,3.945562259809975,75-100%
34.0,31.71053303404426,-2.2894669659557394,2.2894669659557394,75-100%
34.0,28.228058521202225,-5.771941478797775,5.771941478797775,75-100%
34.0,28.061491295857646,-5.938508704142354,5.938508704142354,75-100%
34.0,30.42574250175625,-3.5742574982437496,3.5742574982437496,75-100%
34.0,30.42574250175625,-3.5742574982437496,3.5742574982437496,75-100%
52.0,25.653587947402983,-26.346412052597017,26.346412052597017,75-100%
52.0,25.653587947402983,-26.346412052597017,26.346412052597017,75-100%
52.0,27.433637436768308,-24.566362563231692,24.566362563231692,75-100%
52.0,24.5518075126814,-27.4481924873186,27.4481924873186,75-100%
52.0,26.0243446190993,-25.9756553809007,25.9756553809007,75-100%
52.0,25.72074290951559,-26.27925709048441,26.27925709048441,75-100%
52.0,26.273147194601318,-25.726852805398682,25.726852805398682,75-100%
52.0,27.695414820267143,-24.304585179732857,24.304585179732857,75-100%
52.0,24.944419365082943,-27.055580634917057,27.055580634917057,75-100%
52.0,24.33940357362575,-27.66059642637425,27.66059642637425,75-100%
52.0,24.33940357362575,-27.66059642637425,27.66059642637425,75-100%
52.0,26.22786964036637,-25.77213035963363,25.77213035963363,75-100%
52.0,26.606614683816595,-25.393385316183405,25.393385316183405,75-100%
52.0,25.043336009190526,-26.956663990809474,26.956663990809474,75-100%
52.0,25.261640561562054,-26.738359438437946,26.738359438437946,75-100%
52.0,25.261640561562054,-26.738359438437946,26.738359438437946,75-100%
52.0,23.537558690521465,-28.462441309478535,28.462441309478535,75-100%
52.0,24.13668059852492,-27.86331940147508,27.86331940147508,75-100%
52.0,24.5518075126814,-27.4481924873186,27.4481924873186,75-100%
52.0,26.37712979512823,-25.62287020487177,25.62287020487177,75-100%
52.0,26.0243446190993,-25.9756553809007,25.9756553809007,75-100%
52.0,23.752516764993803,-28.247483235006197,28.247483235006197,75-100%
52.0,24.897202470572854,-27.102797529427146,27.102797529427146,75-100%
52.0,25.043336009190526,-26.956663990809474,26.956663990809474,75-100%
52.0,24.275720213746673,-27.724279786253327,27.724279786253327,75-100%
52.0,24.33940357362575,-27.66059642637425,27.66059642637425,75-100%
52.0,25.653587947402983,-26.346412052597017,26.346412052597017,75-100%
52.0,23.752516764993803,-28.247483235006197,28.247483235006197,75-100%
52.0,23.752516764993803,-28.247483235006197,28.247483235006197,75-100%
52.0,25.043336009190526,-26.956663990809474,26.956663990809474,75-100%
52.0,25.043336009190526,-26.956663990809474,26.956663990809474,75-100%
52.0,23.157390199720528,-28.842609800279472,28.842609800279472,75-100%
52.0,22.690399534793368,-29.309600465206632,29.309600465206632,75-100%
52.0,22.96924343915193,-29.03075656084807,29.03075656084807,75-100%
52.0,23.752516764993803,-28.247483235006197,28.247483235006197,75-100%
52.0,23.690308377630707,-28.309691622369293,28.309691622369293,75-100%
52.0,24.977883516013016,-27.022116483986984,27.022116483986984,75-100%
36.5,27.091595352799146,-9.408404647200854,9.408404647200854,75-100%
41.66666666666666,24.36824679171295,-17.29841987495371,17.29841987495371,75-100%
41.66666666666666,24.36824679171295,-17.29841987495371,17.29841987495371,75-100%
41.66666666666666,24.36824679171295,-17.29841987495371,17.29841987495371,75-100%
36.5,24.398446285702093,-12.101553714297907,12.101553714297907,75-100%
36.5,29.799520392292713,-6.700479607707287,6.700479607707287,75-100%
36.5,26.94075810311876,-9.55924189688124,9.55924189688124,75-100%
36.5,25.084627143979475,-11.415372856020525,11.415372856020525,75-100%
36.5,26.264187091128477,-10.235812908871523,10.235812908871523,75-100%
36.5,26.349126888007618,-10.150873111992382,10.150873111992382,75-100%
36.5,31.85892674135393,-4.64107325864607,4.64107325864607,75-100%
36.5,24.991631243439166,-11.508368756560834,11.508368756560834,75-100%
36.5,24.991631243439166,-11.508368756560834,11.508368756560834,75-100%
36.5,29.957989374379306,-6.542010625620694,6.542010625620694,75-100%
36.5,29.55432201710915,-6.9456779828908495,6.9456779828908495,75-100%
36.5,28.397840976726105,-8.102159023273895,8.102159023273895,75-100%
36.5,25.150348582722813,-11.349651417277187,11.349651417277187,75-100%
36.5,26.349126888007618,-10.150873111992382,10.150873111992382,75-100%
36.5,26.72955864371749,-9.770441356282511,9.770441356282511,75-100%
36.5,26.72955864371749,-9.770441356282511,9.770441356282511,75-100%
36.5,24.555426472151876,-11.944573527848124,11.944573527848124,75-100%
36.5,28.89376937442917,-7.606230625570831,7.606230625570831,75-100%
36.5,28.630217868959075,-7.869782131040925,7.869782131040925,75-100%
36.5,29.09288390750792,-7.407116092492078,7.407116092492078,75-100%
36.5,28.17562767460543,-8.32437232539457,8.32437232539457,75-100%
36.5,28.17562767460543,-8.32437232539457,8.32437232539457,75-100%
36.5,27.84785763743946,-8.65214236256054,8.65214236256054,75-100%
36.5,26.347069080958168,-10.152930919041832,10.152930919041832,75-100%
36.5,27.912996625893747,-8.587003374106253,8.587003374106253,75-100%
36.5,25.54448537520295,-10.95551462479705,10.95551462479705,75-100%
36.5,25.681910720411636,-10.818089279588364,10.818089279588364,75-100%
36.5,28.17562767460543,-8.32437232539457,8.32437232539457,75-100%
36.5,31.280741407276697,-5.219258592723303,5.219258592723303,75-100%
36.5,27.41825007627183,-9.081749923728172,9.081749923728172,75-100%
26.0,27.6401270867706,1.640127086770601,1.640127086770601,75-100%
26.0,29.11552069709613,3.11552069709613,3.11552069709613,75-100%
26.0,28.53335238674913,2.5333523867491294,2.5333523867491294,75-100%
26.0,28.86435663340355,2.864356633403549,2.864356633403549,75-100%
36.5,28.551877460552497,-7.948122539447503,7.948122539447503,75-100%
36.5,25.54448537520295,-10.95551462479705,10.95551462479705,75-100%
36.5,27.631056242440117,-8.868943757559883,8.868943757559883,75-100%
36.5,26.905056775768927,-9.594943224231073,9.594943224231073,75-100%
26.0,27.326117023800897,1.3261170238008972,1.3261170238008972,75-100%
26.0,28.01850512463131,2.018505124631311,2.018505124631311,75-100%
26.0,27.82388221990258,1.823882219902579,1.823882219902579,75-100%
26.0,27.6401270867706,1.640127086770601,1.640127086770601,75-100%
26.0,27.82388221990258,1.823882219902579,1.823882219902579,75-100%
26.0,27.82388221990258,1.823882219902579,1.823882219902579,75-100%
26.0,27.96112023263158,1.961120232631579,1.961120232631579,75-100%
26.0,27.117350543603564,1.117350543603564,1.117350543603564,75-100%
23.5,27.564344243883443,4.064344243883443,4.064344243883443,75-100%
23.5,28.46055573356293,4.960555733562931,4.960555733562931,75-100%
23.5,27.6401270867706,4.140127086770601,4.140127086770601,75-100%
26.0,27.82388221990258,1.823882219902579,1.823882219902579,75-100%
26.0,25.368439448713165,-0.6315605512868352,0.6315605512868352,75-100%
26.0,25.567896898986778,-0.43210310101322236,0.43210310101322236,75-100%
23.5,24.243311734928724,0.7433117349287244,0.7433117349287244,75-100%
23.5,27.470376707284142,3.9703767072841423,3.9703767072841423,75-100%
23.5,28.58698253232508,5.086982532325081,5.086982532325081,75-100%
23.5,26.009684684005748,2.509684684005748,2.509684684005748,75-100%
23.5,25.24348736814313,1.7434873681431284,1.7434873681431284,75-100%
26.0,25.24348736814313,-0.7565126318568716,0.7565126318568716,75-100%
26.0,25.65420726138823,-0.3457927386117703,0.3457927386117703,75-100%
21.0,24.243311734928724,3.2433117349287244,3.2433117349287244,75-100%
23.5,24.816294426524045,1.3162944265240455,1.3162944265240455,75-100%
23.5,27.458404156323894,3.958404156323894,3.958404156323894,75-100%
23.5,29.07778488350123,5.577784883501231,5.577784883501231,75-100%
23.5,26.009684684005748,2.509684684005748,2.509684684005748,75-100%
23.5,27.261989631500334,3.7619896315003345,3.7619896315003345,75-100%
21.0,24.816294426524045,3.8162944265240455,3.8162944265240455,75-100%
21.0,25.326987589957817,4.326987589957817,4.326987589957817,75-100%
21.0,25.504481688255954,4.504481688255954,4.504481688255954,75-100%
23.5,28.02136304595981,4.521363045959809,4.521363045959809,75-100%
23.5,29.07778488350123,5.577784883501231,5.577784883501231,75-100%
23.5,26.624952005819743,3.1249520058197433,3.1249520058197433,75-100%
21.0,27.09242623850732,6.0924262385073185,6.0924262385073185,75-100%
21.0,24.66833205638336,3.6683320563833597,3.6683320563833597,75-100%
21.0,25.647929766097782,4.647929766097782,4.647929766097782,75-100%
21.0,25.521653265221254,4.5216532652212535,4.5216532652212535,75-100%
21.0,27.458404156323894,6.458404156323894,6.458404156323894,75-100%
21.0,27.396552327226193,6.396552327226193,6.396552327226193,75-100%
21.0,29.07778488350123,8.07778488350123,8.07778488350123,75-100%
21.0,25.91630418702181,4.916304187021812,4.916304187021812,75-100%
21.0,25.823164081567928,4.823164081567928,4.823164081567928,75-100%
21.0,27.458404156323894,6.458404156323894,6.458404156323894,75-100%
21.0,29.28638426899445,8.28638426899445,8.28638426899445,75-100%
17.0,25.45160815629754,8.451608156297539,8.451608156297539,75-100%
17.0,22.531306086873542,5.531306086873542,5.531306086873542,75-100%
17.0,23.20937303221664,6.209373032216639,6.209373032216639,75-100%
17.0,25.692800897713255,8.692800897713255,8.692800897713255,75-100%
17.0,23.20937303221664,6.209373032216639,6.209373032216639,75-100%
17.0,25.45160815629754,8.451608156297539,8.451608156297539,75-100%
17.0,27.95443962004073,10.95443962004073,10.95443962004073,75-100%
17.0,27.28285299034849,10.282852990348491,10.282852990348491,75-100%
17.0,22.79813086501293,5.798130865012929,5.798130865012929,75-100%
17.0,25.45160815629754,8.451608156297539,8.451608156297539,75-100%
17.0,25.974868978477005,8.974868978477005,8.974868978477005,75-100%
17.0,25.45160815629754,8.451608156297539,8.451608156297539,75-100%
17.0,26.773300102027363,9.773300102027363,9.773300102027363,75-100%
17.0,24.86084735950773,7.86084735950773,7.86084735950773,75-100%
17.0,25.45160815629754,8.451608156297539,8.451608156297539,75-100%
17.0,21.495755382543145,4.495755382543145,4.495755382543145,75-100%
17.0,21.495755382543145,4.495755382543145,4.495755382543145,75-100%
25.0,29.176302365847786,4.176302365847786,4.176302365847786,75-100%
25.0,28.983925418968703,3.9839254189687026,3.9839254189687026,75-100%
25.0,29.57497552970938,4.574975529709381,4.574975529709381,75-100%
25.0,29.176302365847786,4.176302365847786,4.176302365847786,75-100%
25.0,29.57497552970938,4.574975529709381,4.574975529709381,75-100%
25.0,29.176302365847786,4.176302365847786,4.176302365847786,75-100%
25.0,29.380057001521344,4.380057001521344,4.380057001521344,75-100%
25.0,29.57497552970938,4.574975529709381,4.574975529709381,75-100%
25.0,29.57497552970938,4.574975529709381,4.574975529709381,75-100%
25.0,28.384017153525306,3.3840171535253063,3.3840171535253063,75-100%
25.0,28.384017153525306,3.3840171535253063,3.3840171535253063,75-100%
25.0,29.380057001521344,4.380057001521344,4.380057001521344,75-100%
25.0,29.380057001521344,4.380057001521344,4.380057001521344,75-100%
25.0,27.96542720145361,2.965427201453611,2.965427201453611,75-100%
25.0,29.57497552970938,4.574975529709381,4.574975529709381,75-100%
25.0,29.57497552970938,4.574975529709381,4.574975529709381,75-100%
25.0,29.720550953898343,4.720550953898343,4.720550953898343,75-100%
25.0,28.52392211460512,3.5239221146051207,3.5239221146051207,75-100%
25.0,28.384017153525306,3.3840171535253063,3.3840171535253063,75-100%
25.0,29.57497552970938,4.574975529709381,4.574975529709381,75-100%
25.0,29.380057001521344,4.380057001521344,4.380057001521344,75-100%
25.0,28.52392211460512,3.5239221146051207,3.5239221146051207,75-100%
25.0,28.40410095300715,3.4041009530071484,3.4041009530071484,75-100%
25.0,29.932783925783127,4.932783925783127,4.932783925783127,75-100%
25.0,29.57497552970938,4.574975529709381,4.574975529709381,75-100%
25.0,28.983925418968703,3.9839254189687026,3.9839254189687026,75-100%
27.5,29.34752096151131,1.8475209615113108,1.8475209615113108,75-100%
27.5,29.319979603237368,1.8199796032373676,1.8199796032373676,75-100%
25.0,28.983925418968703,3.9839254189687026,3.9839254189687026,75-100%
27.5,29.319979603237368,1.8199796032373676,1.8199796032373676,75-100%
30.0,28.983925418968703,-1.0160745810312974,1.0160745810312974,75-100%
30.0,29.126686699594266,-0.8733133004057336,0.8733133004057336,75-100%
30.0,29.648572209880708,-0.3514277901192919,0.3514277901192919,75-100%
30.0,28.30571543364854,-1.6942845663514596,1.6942845663514596,75-100%
30.0,28.24792739947531,-1.7520726005246914,1.7520726005246914,75-100%
30.0,29.319979603237368,-0.6800203967626324,0.6800203967626324,75-100%
30.0,29.126686699594266,-0.8733133004057336,0.8733133004057336,75-100%
30.0,29.34752096151131,-0.6524790384886892,0.6524790384886892,75-100%
30.0,29.813024076297086,-0.1869759237029136,0.1869759237029136,75-100%
30.0,29.126686699594266,-0.8733133004057336,0.8733133004057336,75-100%
30.0,32.834332332873885,2.8343323328738848,2.8343323328738848,75-100%
30.0,30.969491537792795,0.9694915377927948,0.9694915377927948,75-100%
30.0,30.969491537792795,0.9694915377927948,0.9694915377927948,75-100%
30.0,35.006709186472925,5.006709186472925,5.006709186472925,75-100%
30.0,32.21861131605139,2.218611316051387,2.218611316051387,75-100%
30.0,34.40611368288359,4.406113682883593,4.406113682883593,75-100%
29.0,32.34031400669616,3.340314006696161,3.340314006696161,75-100%
29.0,32.01282262850049,3.012822628500487,3.012822628500487,75-100%
29.5,35.006709186472925,5.506709186472925,5.506709186472925,75-100%
30.0,33.61067147452484,3.6106714745248425,3.6106714745248425,75-100%
30.0,34.2293179507106,4.229317950710602,4.229317950710602,75-100%
29.0,32.39309509156967,3.39309509156967,3.39309509156967,75-100%
29.0,30.92358049272794,1.9235804927279396,1.9235804927279396,75-100%
29.0,30.369422115737525,1.3694221157375246,1.3694221157375246,75-100%
29.0,30.369422115737525,1.3694221157375246,1.3694221157375246,75-100%
29.0,30.369422115737525,1.3694221157375246,1.3694221157375246,75-100%
29.0,31.30620601927215,2.3062060192721496,2.3062060192721496,75-100%
29.5,33.49793198725997,3.9979319872599675,3.9979319872599675,75-100%
30.0,32.818480491084955,2.818480491084955,2.818480491084955,75-100%
29.0,35.80320382251364,6.8032038225136375,6.8032038225136375,75-100%
29.0,32.01282262850049,3.012822628500487,3.012822628500487,75-100%
29.0,30.369422115737525,1.3694221157375246,1.3694221157375246,75-100%
29.0,32.01282262850049,3.012822628500487,3.012822628500487,75-100%
29.0,31.30620601927215,2.3062060192721496,2.3062060192721496,75-100%
29.0,34.35159043121889,5.351590431218888,5.351590431218888,75-100%
29.0,33.922153725772766,4.922153725772766,4.922153725772766,75-100%
29.0,33.19771401778163,4.197714017781628,4.197714017781628,75-100%
29.0,35.80320382251364,6.8032038225136375,6.8032038225136375,75-100%
29.0,31.88500966867817,2.885009668678169,2.885009668678169,75-100%
29.0,30.65545678221281,1.6554567822128092,1.6554567822128092,75-100%
29.0,31.88500966867817,2.885009668678169,2.885009668678169,75-100%
29.0,30.98887235734563,1.988872357345631,1.988872357345631,75-100%
29.0,32.01282262850049,3.012822628500487,3.012822628500487,75-100%
29.0,33.606601602728915,4.606601602728915,4.606601602728915,75-100%
29.0,33.606601602728915,4.606601602728915,4.606601602728915,75-100%
29.0,33.606601602728915,4.606601602728915,4.606601602728915,75-100%
29.0,29.74984021840039,0.7498402184003901,0.7498402184003901,75-100%
29.0,32.01282262850049,3.012822628500487,3.012822628500487,75-100%
29.0,31.54310761747069,2.543107617470689,2.543107617470689,75-100%
29.0,33.606601602728915,4.606601602728915,4.606601602728915,75-100%
29.0,29.74984021840039,0.7498402184003901,0.7498402184003901,75-100%
29.0,29.97877329426911,0.9787732942691107,0.9787732942691107,75-100%
29.0,30.369422115737525,1.3694221157375246,1.3694221157375246,75-100%
19.0,33.1130669983384,14.113066998338397,14.113066998338397,75-100%
19.0,33.1130669983384,14.113066998338397,14.113066998338397,75-100%
19.0,33.1130669983384,14.113066998338397,14.113066998338397,75-100%
19.0,28.657905192587982,9.657905192587982,9.657905192587982,75-100%
19.0,29.71157501781355,10.711575017813551,10.711575017813551,75-100%
19.0,31.841337504583137,12.841337504583137,12.841337504583137,75-100%
19.0,32.338126506201114,13.338126506201114,13.338126506201114,75-100%
19.0,32.338126506201114,13.338126506201114,13.338126506201114,75-100%
19.0,32.80186642926216,13.801866429262162,13.801866429262162,75-100%
19.0,33.53016586559418,14.530165865594178,14.530165865594178,75-100%
19.0,30.141337676090913,11.141337676090913,11.141337676090913,75-100%
19.0,28.657905192587982,9.657905192587982,9.657905192587982,75-100%
19.0,31.148658306745613,12.148658306745613,12.148658306745613,75-100%
19.0,30.787488118890145,11.787488118890145,11.787488118890145,75-100%
19.0,33.1130669983384,14.113066998338397,14.113066998338397,75-100%
19.0,33.1130669983384,14.113066998338397,14.113066998338397,75-100%
19.0,29.842687641126883,10.842687641126883,10.842687641126883,75-100%
19.0,29.842687641126883,10.842687641126883,10.842687641126883,75-100%
19.0,30.219799733653318,11.219799733653318,11.219799733653318,75-100%
19.0,28.606088955829627,9.606088955829627,9.606088955829627,75-100%
19.0,29.144221392495467,10.144221392495467,10.144221392495467,75-100%
19.0,31.39077542217656,12.39077542217656,12.39077542217656,75-100%
19.0,33.53016586559418,14.530165865594178,14.530165865594178,75-100%
19.0,29.960279602380187,10.960279602380187,10.960279602380187,75-100%
19.0,30.219799733653318,11.219799733653318,11.219799733653318,75-100%
19.0,30.219799733653318,11.219799733653318,11.219799733653318,75-100%
19.0,29.842687641126883,10.842687641126883,10.842687641126883,75-100%
19.0,28.791328145650013,9.791328145650013,9.791328145650013,75-100%
19.0,30.919505381681233,11.919505381681233,11.919505381681233,75-100%
19.0,32.80186642926216,13.801866429262162,13.801866429262162,75-100%
19.0,29.960279602380187,10.960279602380187,10.960279602380187,75-100%
19.0,29.786556266272566,10.786556266272566,10.786556266272566,75-100%
19.0,29.960279602380187,10.960279602380187,10.960279602380187,75-100%
19.0,29.960279602380187,10.960279602380187,10.960279602380187,75-100%
19.0,29.364410371835927,10.364410371835927,10.364410371835927,75-100%
19.0,29.960279602380187,10.960279602380187,10.960279602380187,75-100%
19.0,29.960279602380187,10.960279602380187,10.960279602380187,75-100%
19.0,24.610235718161142,5.610235718161142,5.610235718161142,75-100%
19.0,24.911676734751303,5.911676734751303,5.911676734751303,75-100%
19.0,25.526047443376278,6.526047443376278,6.526047443376278,75-100%
19.0,24.549635357996777,5.549635357996777,5.549635357996777,75-100%
19.0,24.610235718161142,5.610235718161142,5.610235718161142,75-100%
26.5,25.691175747227703,-0.8088242527722969,0.8088242527722969,75-100%
26.5,25.691175747227703,-0.8088242527722969,0.8088242527722969,75-100%
26.5,25.691175747227703,-0.8088242527722969,0.8088242527722969,75-100%
34.0,27.859420180378848,-6.140579819621152,6.140579819621152,75-100%
19.0,26.32402852343827,7.324028523438269,7.324028523438269,75-100%
19.0,25.45301464807146,6.453014648071459,6.453014648071459,75-100%
26.5,25.1161671468467,-1.3838328531533008,1.3838328531533008,75-100%
26.5,26.48134834789667,-0.018651652103329752,0.018651652103329752,75-100%
26.5,27.724068729748485,1.2240687297484847,1.2240687297484847,75-100%
26.5,27.813556692668204,1.3135566926682039,1.3135566926682039,75-100%
26.5,26.766370237105864,0.26637023710586405,0.26637023710586405,75-100%
34.0,28.33567148559447,-5.664328514405529,5.664328514405529,75-100%
19.0,25.412389803146283,6.412389803146283,6.412389803146283,75-100%
26.5,25.01326476036356,-1.4867352396364417,1.4867352396364417,75-100%
26.5,25.474792950154804,-1.0252070498451964,1.0252070498451964,75-100%
26.5,25.1161671468467,-1.3838328531533008,1.3838328531533008,75-100%
26.5,26.55058889107413,0.050588891074131226,0.050588891074131226,75-100%
31.33333333333333,27.813556692668204,-3.5197766406651247,3.5197766406651247,75-100%
31.33333333333333,28.21435895614537,-3.118974377187957,3.118974377187957,75-100%
37.5,32.151307312909225,-5.348692687090775,5.348692687090775,75-100%
34.0,29.692306212153426,-4.307693787846574,4.307693787846574,75-100%
12.0,32.958517481538806,20.958517481538806,20.958517481538806,50-75%
19.0,23.67396639222412,4.67396639222412,4.67396639222412,75-100%
19.0,23.301111154007742,4.301111154007742,4.301111154007742,75-100%
26.5,23.64753526309313,-2.852464736906871,2.852464736906871,75-100%
31.33333333333333,22.9842441508042,-8.349089182529127,8.349089182529127,75-100%
31.33333333333333,23.358750179680417,-7.974583153652912,7.974583153652912,75-100%
31.33333333333333,27.33078149427919,-4.002551839054139,4.002551839054139,75-100%
31.33333333333333,28.21435895614537,-3.118974377187957,3.118974377187957,75-100%
37.5,31.778872986860055,-5.721127013139945,5.721127013139945,75-100%
37.5,29.86549771112771,-7.634502288872291,7.634502288872291,75-100%
41.0,31.09889949581766,-9.901100504182342,9.901100504182342,75-100%
12.0,33.879981748716965,21.879981748716965,21.879981748716965,50-75%
12.0,35.43448107213996,23.43448107213996,23.43448107213996,50-75%
12.0,34.32935682719098,22.329356827190978,22.329356827190978,50-75%
12.0,33.97463504773823,21.974635047738232,21.974635047738232,50-75%
12.0,34.4131533948564,22.4131533948564,22.4131533948564,50-75%
19.0,23.64753526309313,4.647535263093129,4.647535263093129,75-100%
26.5,23.1203233728602,-3.3796766271398013,3.3796766271398013,75-100%
26.5,23.64753526309313,-2.852464736906871,2.852464736906871,75-100%
31.33333333333333,23.8961104100117,-7.437222923321627,7.437222923321627,75-100%
31.33333333333333,23.958837325226078,-7.374496008107251,7.374496008107251,75-100%
37.5,31.148658306745613,-6.351341693254387,6.351341693254387,75-100%
37.5,35.26011473630092,-2.2398852636990796,2.2398852636990796,75-100%
37.5,31.295371533029616,-6.204628466970384,6.204628466970384,75-100%
41.0,28.85675667379763,-12.14324332620237,12.14324332620237,75-100%
12.0,33.879981748716965,21.879981748716965,21.879981748716965,50-75%
12.0,35.201839611552764,23.201839611552764,23.201839611552764,50-75%
12.0,33.879981748716965,21.879981748716965,21.879981748716965,50-75%
12.0,32.49723167409251,20.49723167409251,20.49723167409251,50-75%
12.0,33.951394271205594,21.951394271205594,21.951394271205594,50-75%
12.0,34.32935682719098,22.329356827190978,22.329356827190978,50-75%
19.0,23.67396639222412,4.67396639222412,4.67396639222412,75-100%
31.33333333333333,22.9842441508042,-8.349089182529127,8.349089182529127,75-100%
31.33333333333333,23.10829317968647,-8.225040153646859,8.225040153646859,75-100%
37.5,33.961370265689894,-3.5386297343101063,3.5386297343101063,75-100%
37.5,32.338126506201114,-5.161873493798886,5.161873493798886,75-100%
37.5,32.65817430255794,-4.8418256974420615,4.8418256974420615,75-100%
41.0,35.79063090117288,-5.209369098827118,5.209369098827118,75-100%
41.0,34.04820825926244,-6.951791740737562,6.951791740737562,75-100%
12.0,34.10377180629799,22.103771806297992,22.103771806297992,50-75%
12.0,34.10377180629799,22.103771806297992,22.103771806297992,50-75%
12.0,34.95940465454573,22.95940465454573,22.95940465454573,50-75%
12.0,33.545045905265304,21.545045905265304,21.545045905265304,50-75%
12.0,34.32935682719098,22.329356827190978,22.329356827190978,50-75%
12.0,34.32935682719098,22.329356827190978,22.329356827190978,50-75%
12.0,33.951394271205594,21.951394271205594,21.951394271205594,50-75%
41.0,33.87864273232174,-7.121357267678263,7.121357267678263,75-100%
41.0,29.88608793060203,-11.11391206939797,11.11391206939797,75-100%
41.0,29.870876271885336,-11.129123728114664,11.129123728114664,75-100%
41.0,37.12474982102097,-3.87525017897903,3.87525017897903,75-100%
41.0,35.976503393437426,-5.023496606562574,5.023496606562574,75-100%
41.0,32.87577535162745,-8.124224648372547,8.124224648372547,75-100%
12.0,33.86869034358888,21.86869034358888,21.86869034358888,50-75%
12.0,34.95940465454573,22.95940465454573,22.95940465454573,50-75%
12.0,35.07886128401163,23.07886128401163,23.07886128401163,50-75%
12.0,33.207868002789084,21.207868002789084,21.207868002789084,50-75%
12.0,32.49723167409251,20.49723167409251,20.49723167409251,50-75%
12.0,32.49723167409251,20.49723167409251,20.49723167409251,50-75%
41.0,35.649252228527374,-5.350747771472626,5.350747771472626,75-100%
41.0,30.756810014639946,-10.243189985360054,10.243189985360054,75-100%
41.0,29.53590563357099,-11.46409436642901,11.46409436642901,75-100%
41.0,33.87864273232174,-7.121357267678263,7.121357267678263,75-100%
41.0,36.74546974275366,-4.254530257246337,4.254530257246337,75-100%
41.0,35.26298407196236,-5.737015928037643,5.737015928037643,75-100%
12.0,33.86869034358888,21.86869034358888,21.86869034358888,50-75%
12.0,35.3335892866926,23.3335892866926,23.3335892866926,50-75%
12.0,32.612204857014284,20.612204857014284,20.612204857014284,50-75%
41.0,34.700092531345945,-6.299907468654055,6.299907468654055,75-100%
14.0,22.481488014985096,8.481488014985096,8.481488014985096,50-75%
14.0,21.98598653855592,7.98598653855592,7.98598653855592,50-75%
14.0,20.79812984888555,6.7981298488855515,6.7981298488855515,50-75%
16.0,23.76661206563378,7.76661206563378,7.76661206563378,75-100%
16.0,24.442680627963252,8.442680627963252,8.442680627963252,75-100%
16.0,22.84176766442238,6.841767664422381,6.841767664422381,75-100%
16.0,22.268024358504242,6.268024358504242,6.268024358504242,75-100%
16.0,20.601164730232952,4.601164730232952,4.601164730232952,75-100%
16.0,19.826732528902557,3.826732528902557,3.826732528902557,75-100%
16.0,24.528370356747363,8.528370356747363,8.528370356747363,75-100%
16.0,23.622053110640728,7.622053110640728,7.622053110640728,75-100%
16.0,24.3582220040721,8.3582220040721,8.3582220040721,75-100%
16.0,21.963164886762165,5.963164886762165,5.963164886762165,75-100%
16.0,19.826732528902557,3.826732528902557,3.826732528902557,75-100%
16.0,23.802653874238768,7.802653874238768,7.802653874238768,75-100%
15.0,23.694447889174942,8.694447889174942,8.694447889174942,50-75%
15.0,23.069770968528267,8.069770968528267,8.069770968528267,50-75%
16.0,19.298428822937353,3.2984288229373533,3.2984288229373533,75-100%
15.0,23.42906393289048,8.429063932890479,8.429063932890479,50-75%
15.0,21.755672660231014,6.7556726602310135,6.7556726602310135,50-75%
14.0,39.845243892209176,25.845243892209176,25.845243892209176,50-75%
14.0,38.967935713427245,24.967935713427245,24.967935713427245,50-75%
15.0,23.108897133419383,8.108897133419383,8.108897133419383,50-75%
15.0,24.803080583391704,9.803080583391704,9.803080583391704,50-75%
15.0,22.899136613535056,7.899136613535056,7.899136613535056,50-75%
15.0,21.755672660231014,6.7556726602310135,6.7556726602310135,50-75%
15.0,21.963164886762165,6.963164886762165,6.963164886762165,50-75%
14.0,34.73152707173135,20.73152707173135,20.73152707173135,50-75%
14.0,33.003233327387285,19.003233327387285,19.003233327387285,50-75%
14.0,31.043810677282654,17.043810677282654,17.043810677282654,50-75%
14.0,34.40866155445478,20.40866155445478,20.40866155445478,50-75%
14.0,28.536089883365168,14.536089883365168,14.536089883365168,50-75%
14.0,28.204931076190938,14.204931076190938,14.204931076190938,50-75%
14.0,29.339844535301744,15.339844535301744,15.339844535301744,50-75%
14.0,31.4071599381839,17.4071599381839,17.4071599381839,50-75%
14.0,31.4071599381839,17.4071599381839,17.4071599381839,50-75%
14.0,29.683872285271445,15.683872285271445,15.683872285271445,50-75%
13.0,34.40866155445478,21.40866155445478,21.40866155445478,50-75%
13.0,34.40866155445478,21.40866155445478,21.40866155445478,50-75%
13.0,33.003233327387285,20.003233327387285,20.003233327387285,50-75%
13.0,31.4071599381839,18.4071599381839,18.4071599381839,50-75%
13.0,31.17121641509339,18.17121641509339,18.17121641509339,50-75%
13.0,31.4071599381839,18.4071599381839,18.4071599381839,50-75%
13.0,30.810512554310296,17.810512554310296,17.810512554310296,50-75%
13.0,31.17121641509339,18.17121641509339,18.17121641509339,50-75%
13.0,31.17121641509339,18.17121641509339,18.17121641509339,50-75%
13.0,31.17121641509339,18.17121641509339,18.17121641509339,50-75%
13.0,33.003233327387285,20.003233327387285,20.003233327387285,50-75%
13.0,31.17121641509339,18.17121641509339,18.17121641509339,50-75%
13.0,31.17121641509339,18.17121641509339,18.17121641509339,50-75%
25.0,29.886669973597165,4.886669973597165,4.886669973597165,75-100%
25.0,31.581868791472246,6.581868791472246,6.581868791472246,75-100%
25.0,31.581868791472246,6.581868791472246,6.581868791472246,75-100%
25.0,29.892224067969458,4.892224067969458,4.892224067969458,75-100%
25.0,33.257354269556046,8.257354269556046,8.257354269556046,75-100%
25.0,31.501864986300525,6.501864986300525,6.501864986300525,75-100%
25.0,32.071439058347345,7.0714390583473445,7.0714390583473445,75-100%
25.0,32.616884882179306,7.616884882179306,7.616884882179306,75-100%
25.0,33.27954873471807,8.27954873471807,8.27954873471807,75-100%
25.0,31.501864986300525,6.501864986300525,6.501864986300525,75-100%
25.0,31.501864986300525,6.501864986300525,6.501864986300525,75-100%
25.0,31.501864986300525,6.501864986300525,6.501864986300525,75-100%
25.0,34.85883918801817,9.858839188018173,9.858839188018173,75-100%
25.0,31.501864986300525,6.501864986300525,6.501864986300525,75-100%
25.0,31.501864986300525,6.501864986300525,6.501864986300525,75-100%
25.0,33.27954873471807,8.27954873471807,8.27954873471807,75-100%
25.0,31.501864986300525,6.501864986300525,6.501864986300525,75-100%
25.0,33.27954873471807,8.27954873471807,8.27954873471807,75-100%
25.0,33.66645511324454,8.666455113244538,8.666455113244538,75-100%
25.0,30.092884721717144,5.0928847217171445,5.0928847217171445,75-100%
25.0,33.3276415734569,8.327641573456901,8.327641573456901,75-100%
25.0,32.518543528684134,7.518543528684134,7.518543528684134,75-100%
25.0,31.501864986300525,6.501864986300525,6.501864986300525,75-100%
42.5,33.27954873471807,-9.22045126528193,9.22045126528193,75-100%
42.5,31.501864986300525,-10.998135013699475,10.998135013699475,75-100%
42.5,38.257228599831464,-4.242771400168536,4.242771400168536,75-100%
42.5,35.09241692471644,-7.407583075283561,7.407583075283561,75-100%
60.0,33.63778151788119,-26.362218482118813,26.362218482118813,75-100%
25.0,30.092884721717144,5.0928847217171445,5.0928847217171445,75-100%
25.0,31.84424016707529,6.8442401670752915,6.8442401670752915,75-100%
25.0,33.14272272152479,8.142722721524791,8.142722721524791,75-100%
42.5,32.518543528684134,-9.981456471315866,9.981456471315866,75-100%
42.5,36.221410163891754,-6.278589836108246,6.278589836108246,75-100%
60.0,34.68694106079457,-25.313058939205433,25.313058939205433,75-100%
60.0,34.87915804914127,-25.120841950858733,25.120841950858733,75-100%
60.0,34.96966836018531,-25.03033163981469,25.03033163981469,75-100%
25.0,32.560980251089546,7.560980251089546,7.560980251089546,75-100%
25.0,33.3276415734569,8.327641573456901,8.327641573456901,75-100%
36.66666666666666,34.6717229831423,-1.9949436835243546,1.9949436835243546,75-100%
36.66666666666666,32.821843257013924,-3.844823409652733,3.844823409652733,75-100%
36.66666666666666,37.15937299885637,0.49270633218971227,0.49270633218971227,75-100%
42.5,36.73067616855814,-5.769323831441859,5.769323831441859,75-100%
60.0,37.15937299885637,-22.84062700114363,22.84062700114363,75-100%
60.0,36.221410163891754,-23.778589836108246,23.778589836108246,75-100%
60.0,36.140760657825,-23.859239342175,23.859239342175,75-100%
60.0,35.128651440522574,-24.871348559477426,24.871348559477426,75-100%
60.0,38.15301824448062,-21.84698175551938,21.84698175551938,75-100%
60.0,39.67248750658936,-20.327512493410637,20.327512493410637,75-100%
60.0,38.42455737469374,-21.57544262530626,21.57544262530626,75-100%
60.0,36.398880661098275,-23.601119338901725,23.601119338901725,75-100%
60.0,35.07197453644736,-24.928025463552643,24.928025463552643,75-100%
60.0,40.2944856422452,-19.7055143577548,19.7055143577548,75-100%
60.0,38.257228599831464,-21.742771400168536,21.742771400168536,75-100%
60.0,36.221410163891754,-23.778589836108246,23.778589836108246,75-100%
60.0,37.56874089814407,-22.43125910185593,22.43125910185593,75-100%
60.0,40.2944856422452,-19.7055143577548,19.7055143577548,75-100%
13.0,30.246060438164555,17.246060438164555,17.246060438164555,50-75%
13.0,34.25212351474994,21.25212351474994,21.25212351474994,50-75%
13.0,35.057417026079904,22.057417026079904,22.057417026079904,50-75%
13.0,29.895729431438298,16.895729431438298,16.895729431438298,50-75%
13.0,29.895729431438298,16.895729431438298,16.895729431438298,50-75%
13.0,30.246060438164555,17.246060438164555,17.246060438164555,50-75%
13.0,30.246060438164555,17.246060438164555,17.246060438164555,50-75%
13.0,32.00092206888161,19.000922068881607,19.000922068881607,50-75%
13.0,32.00092206888161,19.000922068881607,19.000922068881607,50-75%
13.0,33.723553182967066,20.723553182967066,20.723553182967066,50-75%
13.0,30.810512554310296,17.810512554310296,17.810512554310296,50-75%
13.0,33.003233327387285,20.003233327387285,20.003233327387285,50-75%
13.0,36.51432848391774,23.514328483917737,23.514328483917737,50-75%
13.0,33.723553182967066,20.723553182967066,20.723553182967066,50-75%
13.0,33.003233327387285,20.003233327387285,20.003233327387285,50-75%
41.0,27.037716518557147,-13.962283481442853,13.962283481442853,75-100%
41.0,28.220194193784224,-12.779805806215776,12.779805806215776,75-100%
41.0,27.285373500057553,-13.714626499942447,13.714626499942447,75-100%
41.0,27.037716518557147,-13.962283481442853,13.962283481442853,75-100%
41.0,28.103985648880926,-12.896014351119074,12.896014351119074,75-100%
41.0,29.523420139426385,-11.476579860573615,11.476579860573615,75-100%
41.0,31.289828682902783,-9.710171317097217,9.710171317097217,75-100%
41.0,28.129443312787096,-12.870556687212904,12.870556687212904,75-100%
41.0,27.285373500057553,-13.714626499942447,13.714626499942447,75-100%
41.0,27.900912844983107,-13.099087155016893,13.099087155016893,75-100%
41.0,27.874395946924402,-13.125604053075598,13.125604053075598,75-100%
41.0,28.103985648880926,-12.896014351119074,12.896014351119074,75-100%
41.0,28.972483839872964,-12.027516160127036,12.027516160127036,75-100%
41.0,29.139269227896634,-11.860730772103366,11.860730772103366,75-100%
41.0,32.08162509162302,-8.918374908376983,8.918374908376983,75-100%
41.0,32.020329992025786,-8.979670007974214,8.979670007974214,75-100%
41.0,32.48611256715163,-8.513887432848371,8.513887432848371,75-100%
41.0,28.554760808714686,-12.445239191285314,12.445239191285314,75-100%
41.0,32.13121149500956,-8.868788504990441,8.868788504990441,75-100%
41.0,30.73242250867736,-10.26757749132264,10.26757749132264,75-100%
41.0,29.546048419262654,-11.453951580737346,11.453951580737346,75-100%
41.0,31.46284471434499,-9.537155285655011,9.537155285655011,75-100%
41.0,32.30068411003634,-8.699315889963657,8.699315889963657,75-100%
41.0,32.52819851944035,-8.471801480559648,8.471801480559648,75-100%
41.0,32.35059886333987,-8.649401136660131,8.649401136660131,75-100%
41.0,30.12683922756572,-10.873160772434279,10.873160772434279,75-100%
41.0,30.2601296622612,-10.7398703377388,10.7398703377388,75-100%
41.0,31.46284471434499,-9.537155285655011,9.537155285655011,75-100%
41.0,30.94324552673995,-10.05675447326005,10.05675447326005,75-100%
41.0,30.56803001413324,-10.431969985866761,10.431969985866761,75-100%
41.0,30.2601296622612,-10.7398703377388,10.7398703377388,75-100%
41.0,30.450626335832816,-10.549373664167184,10.549373664167184,75-100%
41.0,30.56803001413324,-10.431969985866761,10.431969985866761,75-100%
41.0,32.30068411003634,-8.699315889963657,8.699315889963657,75-100%
19.0,31.89562684673439,12.895626846734391,12.895626846734391,75-100%
19.0,31.008142300431906,12.008142300431906,12.008142300431906,75-100%
19.0,29.26928942610881,10.26928942610881,10.26928942610881,75-100%
19.0,28.9960121312458,9.996012131245799,9.996012131245799,75-100%
19.0,31.96524706734322,12.96524706734322,12.96524706734322,75-100%
19.0,31.568368150384803,12.568368150384803,12.568368150384803,75-100%
19.0,33.30559814879762,14.305598148797621,14.305598148797621,75-100%
19.0,31.1779287248205,12.1779287248205,12.1779287248205,75-100%
19.0,30.983026775363328,11.983026775363328,11.983026775363328,75-100%
19.0,31.818330323958218,12.818330323958218,12.818330323958218,75-100%
19.0,31.96524706734322,12.96524706734322,12.96524706734322,75-100%
19.0,31.96524706734322,12.96524706734322,12.96524706734322,75-100%
19.0,31.96524706734322,12.96524706734322,12.96524706734322,75-100%
19.0,33.30559814879762,14.305598148797621,14.305598148797621,75-100%
19.0,32.9906506480145,13.990650648014501,13.990650648014501,75-100%
19.0,33.321443246428935,14.321443246428935,14.321443246428935,75-100%
19.0,32.80037356527317,13.80037356527317,13.80037356527317,75-100%
19.0,31.49546467910492,12.49546467910492,12.49546467910492,75-100%
19.0,31.568368150384803,12.568368150384803,12.568368150384803,75-100%
19.0,31.96524706734322,12.96524706734322,12.96524706734322,75-100%
19.0,31.677018437761625,12.677018437761625,12.677018437761625,75-100%
19.0,32.968100812429356,13.968100812429356,13.968100812429356,75-100%
19.0,32.31835586287889,13.318355862878889,13.318355862878889,75-100%
19.0,33.66245129218184,14.662451292181842,14.662451292181842,75-100%
19.0,31.96524706734322,12.96524706734322,12.96524706734322,75-100%
19.0,31.96524706734322,12.96524706734322,12.96524706734322,75-100%
19.0,32.968100812429356,13.968100812429356,13.968100812429356,75-100%
19.0,31.67236149672604,12.67236149672604,12.67236149672604,75-100%
19.0,31.67236149672604,12.67236149672604,12.67236149672604,75-100%
19.0,33.66245129218184,14.662451292181842,14.662451292181842,75-100%
19.0,31.96524706734322,12.96524706734322,12.96524706734322,75-100%
19.0,33.251297980518224,14.251297980518224,14.251297980518224,75-100%
19.0,31.567975784017584,12.567975784017584,12.567975784017584,75-100%
19.0,32.881620404572416,13.881620404572416,13.881620404572416,75-100%
19.0,32.968100812429356,13.968100812429356,13.968100812429356,75-100%
6.0,15.234514473480942,9.234514473480942,9.234514473480942,25-50%
6.0,16.858751071213977,10.858751071213977,10.858751071213977,25-50%
6.0,17.41436111898002,11.414361118980018,11.414361118980018,25-50%
6.0,17.380242175437154,11.380242175437154,11.380242175437154,25-50%
6.0,17.749497566681,11.749497566681,11.749497566681,25-50%
6.0,16.52447939322789,10.524479393227889,10.524479393227889,25-50%
6.0,16.16448201779217,10.16448201779217,10.16448201779217,25-50%
6.0,16.97889906841636,10.97889906841636,10.97889906841636,25-50%
6.0,17.536296841915643,11.536296841915643,11.536296841915643,25-50%
6.0,17.773062274541502,11.773062274541502,11.773062274541502,25-50%
6.0,14.597789077183624,8.597789077183624,8.597789077183624,25-50%
6.0,16.490840872737557,10.490840872737557,10.490840872737557,25-50%
6.0,16.56573963666512,10.565739636665121,10.565739636665121,25-50%
6.0,16.97889906841636,10.97889906841636,10.97889906841636,25-50%
6.0,16.675862170920364,10.675862170920364,10.675862170920364,25-50%
6.0,16.637582714029328,10.637582714029328,10.637582714029328,25-50%
6.0,16.637582714029328,10.637582714029328,10.637582714029328,25-50%
6.0,12.652731495090713,6.652731495090713,6.652731495090713,25-50%
6.0,16.56573963666512,10.565739636665121,10.565739636665121,25-50%
6.0,16.6727838174079,10.6727838174079,10.6727838174079,25-50%
6.0,16.637582714029328,10.637582714029328,10.637582714029328,25-50%
6.0,16.675862170920364,10.675862170920364,10.675862170920364,25-50%
6.0,15.273497243625053,9.273497243625053,9.273497243625053,25-50%
6.0,18.69504312503787,12.69504312503787,12.69504312503787,25-50%
6.0,18.590075176894022,12.590075176894022,12.590075176894022,25-50%
6.0,18.34300559620444,12.343005596204438,12.343005596204438,25-50%
6.0,16.88307759023448,10.883077590234478,10.883077590234478,25-50%
6.0,18.69504312503787,12.69504312503787,12.69504312503787,25-50%
6.0,18.01697648942678,12.016976489426781,12.016976489426781,25-50%
6.0,16.58165577736359,10.58165577736359,10.58165577736359,25-50%
6.0,18.69504312503787,12.69504312503787,12.69504312503787,25-50%
6.0,18.846788166229615,12.846788166229615,12.846788166229615,25-50%
6.0,18.64739547524503,12.64739547524503,12.64739547524503,25-50%
6.0,18.49203828236478,12.492038282364781,12.492038282364781,25-50%
6.0,16.675862170920364,10.675862170920364,10.675862170920364,25-50%
38.0,35.2579410657022,-2.742058934297802,2.742058934297802,75-100%
38.0,32.639646387625746,-5.360353612374254,5.360353612374254,75-100%
38.0,34.639550161178484,-3.3604498388215163,3.3604498388215163,75-100%
38.0,34.96977588614422,-3.0302241138557804,3.0302241138557804,75-100%
38.0,36.45928440346495,-1.5407155965350512,1.5407155965350512,75-100%
38.0,36.259639030880315,-1.7403609691196849,1.7403609691196849,75-100%
38.0,36.45928440346495,-1.5407155965350512,1.5407155965350512,75-100%
38.0,36.45928440346495,-1.5407155965350512,1.5407155965350512,75-100%
38.0,34.661555679086035,-3.3384443209139647,3.3384443209139647,75-100%
38.0,36.259639030880315,-1.7403609691196849,1.7403609691196849,75-100%
38.0,34.85263816822658,-3.1473618317734235,3.1473618317734235,75-100%
38.0,34.85263816822658,-3.1473618317734235,3.1473618317734235,75-100%
38.0,34.661555679086035,-3.3384443209139647,3.3384443209139647,75-100%
38.0,34.89206623603719,-3.107933763962812,3.107933763962812,75-100%
38.0,34.85263816822658,-3.1473618317734235,3.1473618317734235,75-100%
38.0,35.49691208019554,-2.5030879198044573,2.5030879198044573,75-100%
38.0,34.661555679086035,-3.3384443209139647,3.3384443209139647,75-100%
38.0,34.433198686873766,-3.566801313126234,3.566801313126234,75-100%
38.0,34.85263816822658,-3.1473618317734235,3.1473618317734235,75-100%
38.0,35.30239582804404,-2.697604171955959,2.697604171955959,75-100%
38.0,34.85263816822658,-3.1473618317734235,3.1473618317734235,75-100%
38.0,34.89206623603719,-3.107933763962812,3.107933763962812,75-100%
38.0,35.49691208019554,-2.5030879198044573,2.5030879198044573,75-100%
38.0,34.85263816822658,-3.1473618317734235,3.1473618317734235,75-100%
73.0,33.65341797079111,-39.34658202920889,39.34658202920889,75-100%
73.0,33.877586741924446,-39.122413258075554,39.122413258075554,75-100%
73.0,37.346100535479,-35.653899464521,35.653899464521,75-100%
73.0,32.40825418628657,-40.59174581371343,40.59174581371343,75-100%
73.0,33.65341797079111,-39.34658202920889,39.34658202920889,75-100%
73.0,33.877586741924446,-39.122413258075554,39.122413258075554,75-100%
73.0,35.26838792207704,-37.73161207792296,37.73161207792296,75-100%
73.0,35.512764308548995,-37.487235691451005,37.487235691451005,75-100%
73.0,33.18887466715277,-39.81112533284723,39.81112533284723,75-100%
73.0,34.16744667284404,-38.83255332715596,38.83255332715596,75-100%
73.0,33.611873599815404,-39.388126400184596,39.388126400184596,75-100%
73.0,33.55140213274946,-39.44859786725054,39.44859786725054,75-100%
73.0,37.49926846503661,-35.50073153496339,35.50073153496339,75-100%
73.0,36.069867316088235,-36.930132683911765,36.930132683911765,75-100%
73.0,35.985612464864396,-37.014387535135604,37.014387535135604,75-100%
73.0,35.26838792207704,-37.73161207792296,37.73161207792296,75-100%
73.0,32.18412660737239,-40.81587339262761,40.81587339262761,75-100%
73.0,31.944642000844986,-41.055357999155014,41.055357999155014,75-100%
73.0,37.76230024835871,-35.23769975164129,35.23769975164129,75-100%
73.0,37.49926846503661,-35.50073153496339,35.50073153496339,75-100%
73.0,34.755870960382595,-38.244129039617405,38.244129039617405,75-100%
73.0,33.856259492375656,-39.143740507624344,39.143740507624344,75-100%
73.0,33.18887466715277,-39.81112533284723,39.81112533284723,75-100%
73.0,33.55140213274946,-39.44859786725054,39.44859786725054,75-100%
73.0,33.55140213274946,-39.44859786725054,39.44859786725054,75-100%
73.0,37.79589503457441,-35.20410496542559,35.20410496542559,75-100%
73.0,32.72520920857598,-40.27479079142402,40.27479079142402,75-100%
73.0,32.40259315553154,-40.59740684446846,40.59740684446846,75-100%
73.0,35.193056314488864,-37.806943685511136,37.806943685511136,75-100%
73.0,32.51812688349893,-40.48187311650107,40.48187311650107,75-100%
26.0,37.34946653999489,11.349466539994893,11.349466539994893,75-100%
26.0,40.30382531327041,14.303825313270409,14.303825313270409,75-100%
26.0,39.86336925134508,13.863369251345077,13.863369251345077,75-100%
26.0,40.30382531327041,14.303825313270409,14.303825313270409,75-100%
26.0,35.78471309025566,9.784713090255657,9.784713090255657,75-100%
26.0,37.43384106629053,11.433841066290533,11.433841066290533,75-100%
26.0,37.39766484357114,11.397664843571143,11.397664843571143,75-100%
26.0,37.848109850065995,11.848109850065995,11.848109850065995,75-100%
26.0,37.43384106629053,11.433841066290533,11.433841066290533,75-100%
26.0,37.848109850065995,11.848109850065995,11.848109850065995,75-100%
26.0,39.9602917654813,13.960291765481301,13.960291765481301,75-100%
26.0,39.669468813672125,13.669468813672125,13.669468813672125,75-100%
12.0,29.4803627219115,17.4803627219115,17.4803627219115,50-75%
12.0,29.14390126684289,17.14390126684289,17.14390126684289,50-75%
26.0,37.40588875475769,11.40588875475769,11.40588875475769,75-100%
26.0,37.43384106629053,11.433841066290533,11.433841066290533,75-100%
26.0,37.39766484357114,11.397664843571143,11.397664843571143,75-100%
26.0,38.20806515760411,12.20806515760411,12.20806515760411,75-100%
26.0,37.848109850065995,11.848109850065995,11.848109850065995,75-100%
26.0,40.68653456735046,14.686534567350463,14.686534567350463,75-100%
26.0,40.33981793744175,14.339817937441751,14.339817937441751,75-100%
26.0,40.69018805992247,14.69018805992247,14.69018805992247,75-100%
12.0,29.273932173957647,17.273932173957647,17.273932173957647,50-75%
12.0,30.59610416926801,18.59610416926801,18.59610416926801,50-75%
26.0,37.43384106629053,11.433841066290533,11.433841066290533,75-100%
26.0,37.857013577214154,11.857013577214154,11.857013577214154,75-100%
26.0,38.20806515760411,12.20806515760411,12.20806515760411,75-100%
26.0,40.68653456735046,14.686534567350463,14.686534567350463,75-100%
26.0,40.69018805992247,14.69018805992247,14.69018805992247,75-100%
12.0,37.07425035180654,25.07425035180654,25.07425035180654,50-75%
12.0,36.63307422795431,24.63307422795431,24.63307422795431,50-75%
12.0,36.507671819006156,24.507671819006156,24.507671819006156,50-75%
12.0,30.617456103556233,18.617456103556233,18.617456103556233,50-75%
12.0,31.09429084132428,19.09429084132428,19.09429084132428,50-75%
12.0,30.59610416926801,18.59610416926801,18.59610416926801,50-75%
12.0,31.080410040718636,19.080410040718636,19.080410040718636,50-75%
12.0,31.080410040718636,19.080410040718636,19.080410040718636,50-75%
26.0,37.43384106629053,11.433841066290533,11.433841066290533,75-100%
26.0,37.44264984580208,11.44264984580208,11.44264984580208,75-100%
26.0,38.20806515760411,12.20806515760411,12.20806515760411,75-100%
26.0,37.78995787954815,11.789957879548147,11.789957879548147,75-100%
26.0,39.194545605268836,13.194545605268836,13.194545605268836,75-100%
26.0,37.544093386189985,11.544093386189985,11.544093386189985,75-100%
12.0,34.2234390032154,22.223439003215397,22.223439003215397,50-75%
12.0,34.40313860331576,22.40313860331576,22.40313860331576,50-75%
12.0,30.763323986096555,18.763323986096555,18.763323986096555,50-75%
26.0,37.43384106629053,11.433841066290533,11.433841066290533,75-100%
26.0,36.53113920638958,10.531139206389582,10.531139206389582,75-100%
26.0,37.10532124496547,11.105321244965467,11.105321244965467,75-100%
26.0,35.44670622465426,9.446706224654257,9.446706224654257,75-100%
26.0,37.75167836317712,11.75167836317712,11.75167836317712,75-100%
12.0,33.59017510924255,21.59017510924255,21.59017510924255,50-75%
12.0,33.2023498698707,21.2023498698707,21.2023498698707,50-75%
12.0,33.2023498698707,21.2023498698707,21.2023498698707,50-75%
12.0,34.8045797544526,22.804579754452597,22.804579754452597,50-75%
12.0,41.569944182364594,29.569944182364594,29.569944182364594,50-75%
12.0,35.21871475730247,23.21871475730247,23.21871475730247,50-75%
12.0,41.41223522676635,29.41223522676635,29.41223522676635,50-75%
12.0,41.769088728430646,29.769088728430646,29.769088728430646,50-75%
12.0,40.546039860940695,28.546039860940695,28.546039860940695,50-75%
12.0,33.99026365561524,21.990263655615237,21.990263655615237,50-75%
12.0,41.41223522676635,29.41223522676635,29.41223522676635,50-75%
12.0,40.75036615412874,28.75036615412874,28.75036615412874,50-75%
12.0,41.41223522676635,29.41223522676635,29.41223522676635,50-75%
12.0,40.224239629967194,28.224239629967194,28.224239629967194,50-75%
12.0,39.383250642637016,27.383250642637016,27.383250642637016,50-75%
12.0,40.66437013610337,28.664370136103372,28.664370136103372,50-75%
12.0,31.41364321256427,19.41364321256427,19.41364321256427,50-75%
12.0,31.41364321256427,19.41364321256427,19.41364321256427,50-75%
12.0,35.41582164935691,23.415821649356907,23.415821649356907,50-75%
12.0,35.41582164935691,23.415821649356907,23.415821649356907,50-75%
12.0,32.333747560211044,20.333747560211044,20.333747560211044,50-75%
12.0,32.333747560211044,20.333747560211044,20.333747560211044,50-75%
12.0,30.273871868786372,18.273871868786372,18.273871868786372,50-75%
12.0,30.43409162023013,18.43409162023013,18.43409162023013,50-75%
12.0,29.625113639775556,17.625113639775556,17.625113639775556,50-75%
12.0,33.15112540160314,21.15112540160314,21.15112540160314,50-75%
12.0,32.25079509719723,20.250795097197233,20.250795097197233,50-75%
12.0,29.625113639775556,17.625113639775556,17.625113639775556,50-75%
15.0,37.54233535419886,22.542335354198862,22.542335354198862,50-75%
15.0,37.63102822149788,22.63102822149788,22.63102822149788,50-75%
15.0,38.04275404336902,23.042754043369023,23.042754043369023,50-75%
15.0,37.49977641970981,22.49977641970981,22.49977641970981,50-75%
15.0,36.6207660353955,21.620766035395498,21.620766035395498,50-75%
15.0,36.701862827366064,21.701862827366064,21.701862827366064,50-75%
15.0,34.18516209037651,19.185162090376508,19.185162090376508,50-75%
15.0,35.335357917864926,20.335357917864926,20.335357917864926,50-75%
15.0,36.47318030473402,21.473180304734022,21.473180304734022,50-75%
15.0,36.81172054517518,21.811720545175177,21.811720545175177,50-75%
15.0,35.832508607319156,20.832508607319156,20.832508607319156,50-75%
15.0,34.7868167003884,19.7868167003884,19.7868167003884,50-75%
20.0,30.79560375321609,10.795603753216088,10.795603753216088,75-100%
20.0,34.41873541852005,14.41873541852005,14.41873541852005,75-100%
20.0,34.66349840468288,14.663498404682883,14.663498404682883,75-100%
20.0,34.80211041467303,14.802110414673031,14.802110414673031,75-100%
20.0,34.136761399057676,14.136761399057676,14.136761399057676,75-100%
20.0,34.136761399057676,14.136761399057676,14.136761399057676,75-100%
20.0,30.79560375321609,10.795603753216088,10.795603753216088,75-100%
20.0,34.49005681112516,14.490056811125157,14.490056811125157,75-100%
20.0,34.136761399057676,14.136761399057676,14.136761399057676,75-100%
20.0,34.136761399057676,14.136761399057676,14.136761399057676,75-100%
20.0,34.136761399057676,14.136761399057676,14.136761399057676,75-100%
20.0,34.136761399057676,14.136761399057676,14.136761399057676,75-100%
20.0,33.727620607812355,13.727620607812355,13.727620607812355,75-100%
20.0,34.136761399057676,14.136761399057676,14.136761399057676,75-100%
20.0,34.136761399057676,14.136761399057676,14.136761399057676,75-100%
20.0,33.338254328731544,13.338254328731544,13.338254328731544,75-100%
20.0,34.11860290511815,14.118602905118152,14.118602905118152,75-100%
20.0,34.675338552689006,14.675338552689006,14.675338552689006,75-100%
20.0,34.02614690538452,14.026146905384522,14.026146905384522,75-100%
20.0,35.559949635250184,15.559949635250184,15.559949635250184,75-100%
20.0,36.102372384806756,16.102372384806756,16.102372384806756,75-100%
20.0,32.83316848924665,12.833168489246653,12.833168489246653,75-100%
3.0,37.067810565116716,34.067810565116716,34.067810565116716,0-25%
3.0,38.6140591500155,35.6140591500155,35.6140591500155,0-25%
3.0,37.26441677016,34.26441677016,34.26441677016,0-25%
3.0,37.472982224237825,34.472982224237825,34.472982224237825,0-25%
3.0,32.83316848924665,29.833168489246653,29.833168489246653,0-25%
3.0,36.2588085920549,33.2588085920549,33.2588085920549,0-25%
3.0,37.26441677016,34.26441677016,34.26441677016,0-25%
3.0,37.83212789563258,34.83212789563258,34.83212789563258,0-25%
3.0,36.47373891712735,33.47373891712735,33.47373891712735,0-25%
3.0,32.83316848924665,29.833168489246653,29.833168489246653,0-25%
3.0,32.83316848924665,29.833168489246653,29.833168489246653,0-25%
3.0,37.067810565116716,34.067810565116716,34.067810565116716,0-25%
3.0,37.067810565116716,34.067810565116716,34.067810565116716,0-25%
3.0,32.27232826494962,29.27232826494962,29.27232826494962,0-25%
3.0,32.27232826494962,29.27232826494962,29.27232826494962,0-25%
3.0,32.83316848924665,29.833168489246653,29.833168489246653,0-25%
3.0,36.709543973397004,33.709543973397004,33.709543973397004,0-25%
3.0,38.082894888772415,35.082894888772415,35.082894888772415,0-25%
3.0,30.497911926924154,27.497911926924154,27.497911926924154,0-25%
3.0,32.27232826494962,29.27232826494962,29.27232826494962,0-25%
3.0,32.83316848924665,29.833168489246653,29.833168489246653,0-25%
3.0,37.827289990900496,34.827289990900496,34.827289990900496,0-25%
3.0,32.27232826494962,29.27232826494962,29.27232826494962,0-25%
3.0,37.067810565116716,34.067810565116716,34.067810565116716,0-25%
3.0,37.067810565116716,34.067810565116716,34.067810565116716,0-25%
30.0,38.58159172131448,8.581591721314481,8.581591721314481,75-100%
30.0,38.58159172131448,8.581591721314481,8.581591721314481,75-100%
30.0,38.21820719918561,8.218207199185613,8.218207199185613,75-100%
30.0,38.21820719918561,8.218207199185613,8.218207199185613,75-100%
30.0,37.73864870675104,7.738648706751043,7.738648706751043,75-100%
30.0,37.383002944768194,7.383002944768194,7.383002944768194,75-100%
30.0,37.73864870675104,7.738648706751043,7.738648706751043,75-100%
14.0,35.420538961221666,21.420538961221666,21.420538961221666,50-75%
22.0,36.21304050500028,14.21304050500028,14.21304050500028,75-100%
22.0,35.871400809555944,13.871400809555944,13.871400809555944,75-100%
22.0,35.871400809555944,13.871400809555944,13.871400809555944,75-100%
22.0,35.871400809555944,13.871400809555944,13.871400809555944,75-100%
22.0,35.84769859070898,13.84769859070898,13.84769859070898,75-100%
30.0,37.383002944768194,7.383002944768194,7.383002944768194,75-100%
30.0,37.73864870675104,7.738648706751043,7.738648706751043,75-100%
14.0,32.71038453124369,18.71038453124369,18.71038453124369,50-75%
14.0,35.420538961221666,21.420538961221666,21.420538961221666,50-75%
22.0,35.576497921092084,13.576497921092084,13.576497921092084,75-100%
22.0,36.21304050500028,14.21304050500028,14.21304050500028,75-100%
22.0,36.0292904367618,14.029290436761798,14.029290436761798,75-100%
22.0,35.576497921092084,13.576497921092084,13.576497921092084,75-100%
22.0,35.576497921092084,13.576497921092084,13.576497921092084,75-100%
22.0,35.53238447922258,13.532384479222578,13.532384479222578,75-100%
30.0,33.92307156468194,3.9230715646819405,3.9230715646819405,75-100%
30.0,34.24665860697967,4.246658606979672,4.246658606979672,75-100%
14.0,32.91581285759432,18.915812857594318,18.915812857594318,50-75%
14.0,32.91581285759432,18.915812857594318,18.915812857594318,50-75%
22.0,32.40090147508175,10.400901475081753,10.400901475081753,75-100%
22.0,32.40090147508175,10.400901475081753,10.400901475081753,75-100%
22.0,31.94033163805015,9.94033163805015,9.94033163805015,75-100%
22.0,32.27940902179595,10.27940902179595,10.27940902179595,75-100%
30.0,31.99180247634581,1.9918024763458106,1.9918024763458106,75-100%
14.0,31.638272461267118,17.638272461267118,17.638272461267118,50-75%
14.0,31.83716742434533,17.83716742434533,17.83716742434533,50-75%
22.0,32.48221101863906,10.482211018639063,10.482211018639063,75-100%
22.0,32.71038453124369,10.71038453124369,10.71038453124369,75-100%
22.0,32.40090147508175,10.400901475081753,10.400901475081753,75-100%
22.0,31.83716742434533,9.837167424345331,9.837167424345331,75-100%
22.0,31.83716742434533,9.837167424345331,9.837167424345331,75-100%
30.0,31.52528599161191,1.5252859916119093,1.5252859916119093,75-100%
14.0,27.909333400886123,13.909333400886123,13.909333400886123,50-75%
14.0,30.83797913399103,16.83797913399103,16.83797913399103,50-75%
14.0,32.27940902179595,18.27940902179595,18.27940902179595,50-75%
22.0,31.833284872566352,9.833284872566352,9.833284872566352,75-100%
14.0,29.590386464635166,15.590386464635166,15.590386464635166,50-75%
14.0,31.49910574727477,17.49910574727477,17.49910574727477,50-75%
14.0,31.833284872566352,17.833284872566352,17.833284872566352,50-75%
5.0,15.888585707514904,10.888585707514904,10.888585707514904,0-25%
5.0,16.281022853410242,11.281022853410242,11.281022853410242,0-25%
5.0,15.888585707514904,10.888585707514904,10.888585707514904,0-25%
5.0,15.991503367594055,10.991503367594055,10.991503367594055,0-25%
5.0,16.69566492627633,11.69566492627633,11.69566492627633,0-25%
5.0,17.930552368502667,12.930552368502667,12.930552368502667,0-25%
5.0,17.829658898671916,12.829658898671916,12.829658898671916,0-25%
5.0,17.5921796707152,12.5921796707152,12.5921796707152,0-25%
5.0,16.188920820465547,11.188920820465547,11.188920820465547,0-25%
5.0,17.930552368502667,12.930552368502667,12.930552368502667,0-25%
5.0,18.074308460882953,13.074308460882953,13.074308460882953,0-25%
5.0,16.634660574826558,11.634660574826558,11.634660574826558,0-25%
5.0,17.5921796707152,12.5921796707152,12.5921796707152,0-25%
5.0,17.63557392419154,12.63557392419154,12.63557392419154,0-25%
5.0,17.930552368502667,12.930552368502667,12.930552368502667,0-25%
5.0,18.07640721282586,13.07640721282586,13.07640721282586,0-25%
5.0,17.88475422914786,12.884754229147859,12.884754229147859,0-25%
5.0,17.73542744387648,12.735427443876478,12.735427443876478,0-25%
5.0,16.729150979791214,11.729150979791214,11.729150979791214,0-25%
5.0,16.6202121723776,11.620212172377599,11.620212172377599,0-25%
5.0,17.88475422914786,12.884754229147859,12.884754229147859,0-25%
5.0,17.88475422914786,12.884754229147859,12.884754229147859,0-25%
5.0,17.98594291192395,12.98594291192395,12.98594291192395,0-25%
5.0,17.930552368502667,12.930552368502667,12.930552368502667,0-25%
5.0,16.281022853410242,11.281022853410242,11.281022853410242,0-25%
5.0,16.6202121723776,11.620212172377599,11.620212172377599,0-25%
5.0,18.22845170565381,13.22845170565381,13.22845170565381,0-25%
5.0,18.33148199539492,13.33148199539492,13.33148199539492,0-25%
5.0,17.98594291192395,12.98594291192395,12.98594291192395,0-25%
5.0,16.41416851387303,11.41416851387303,11.41416851387303,0-25%
5.0,17.930552368502667,12.930552368502667,12.930552368502667,0-25%
5.0,16.281022853410242,11.281022853410242,11.281022853410242,0-25%
5.0,16.6202121723776,11.620212172377599,11.620212172377599,0-25%
5.0,17.98594291192395,12.98594291192395,12.98594291192395,0-25%
5.0,17.915805427550517,12.915805427550517,12.915805427550517,0-25%
5.0,16.552964482640782,11.552964482640782,11.552964482640782,0-25%
14.0,13.883039933436518,-0.11696006656348246,0.11696006656348246,50-75%
14.0,15.628646395222324,1.628646395222324,1.628646395222324,50-75%
14.0,17.380009261422206,3.380009261422206,3.380009261422206,50-75%
14.0,10.895566706794586,-3.104433293205414,3.104433293205414,50-75%
14.0,12.304810915809114,-1.6951890841908863,1.6951890841908863,50-75%
14.0,15.628646395222324,1.628646395222324,1.628646395222324,50-75%
14.0,17.486882510503726,3.486882510503726,3.486882510503726,50-75%
14.0,13.309480705000071,-0.6905192949999286,0.6905192949999286,50-75%
14.0,12.126454459821915,-1.8735455401780854,1.8735455401780854,50-75%
14.0,15.601250460959523,1.6012504609595233,1.6012504609595233,50-75%
14.0,16.991177406708267,2.9911774067082675,2.9911774067082675,50-75%
14.0,16.959744468271992,2.9597444682719924,2.9597444682719924,50-75%
14.0,18.69434520383149,4.694345203831489,4.694345203831489,50-75%
14.0,16.671063816516437,2.671063816516437,2.671063816516437,50-75%
14.0,13.078576704700833,-0.9214232952991672,0.9214232952991672,50-75%
14.0,17.486882510503726,3.486882510503726,3.486882510503726,50-75%
14.0,11.860326413117019,-2.1396735868829815,2.1396735868829815,50-75%
14.0,14.987533484660247,0.987533484660247,0.987533484660247,50-75%
14.0,17.722266018486764,3.7222660184867635,3.7222660184867635,50-75%
14.0,18.032132358984253,4.032132358984253,4.032132358984253,50-75%
14.0,18.84608486772695,4.846084867726951,4.846084867726951,50-75%
14.0,16.91730960805741,2.9173096080574084,2.9173096080574084,50-75%
14.0,12.250948153706538,-1.7490518462934617,1.7490518462934617,50-75%
14.0,16.355856735322636,2.355856735322636,2.355856735322636,50-75%
14.0,16.959744468271992,2.9597444682719924,2.9597444682719924,50-75%
14.0,18.178769849973513,4.178769849973513,4.178769849973513,50-75%
14.0,15.920106040695794,1.920106040695794,1.920106040695794,50-75%
14.0,15.758247954236404,1.7582479542364045,1.7582479542364045,50-75%
14.0,17.96760703087914,3.9676070308791402,3.9676070308791402,50-75%
14.0,17.333786728368334,3.3337867283683345,3.3337867283683345,50-75%
39.0,16.51952854313554,-22.48047145686446,22.48047145686446,75-100%
39.0,18.110923006366157,-20.889076993633843,20.889076993633843,75-100%
39.0,17.974940132020013,-21.025059867979987,21.025059867979987,75-100%
39.0,17.58819463514997,-21.41180536485003,21.41180536485003,75-100%
39.0,17.03040430471317,-21.96959569528683,21.96959569528683,75-100%
39.0,17.650351676435754,-21.349648323564246,21.349648323564246,75-100%
39.0,18.009068221769972,-20.990931778230028,20.990931778230028,75-100%
39.0,17.815096366996485,-21.184903633003515,21.184903633003515,75-100%
39.0,17.873810090355956,-21.126189909644044,21.126189909644044,75-100%
39.0,19.697797323649773,-19.302202676350227,19.302202676350227,75-100%
39.0,17.541904206034772,-21.458095793965228,21.458095793965228,75-100%
39.0,15.970552219800625,-23.029447780199376,23.029447780199376,75-100%
39.0,13.884770801215476,-25.115229198784526,25.115229198784526,75-100%
39.0,13.990030037779396,-25.0099699622206,25.0099699622206,75-100%
39.0,19.559243147968125,-19.440756852031875,19.440756852031875,75-100%
39.0,17.75855300157334,-21.24144699842666,21.24144699842666,75-100%
39.0,17.58819463514997,-21.41180536485003,21.41180536485003,75-100%
39.0,16.016665372481707,-22.983334627518293,22.983334627518293,75-100%
39.0,13.41862902167301,-25.58137097832699,25.58137097832699,75-100%
39.0,14.022688766132285,-24.977311233867717,24.977311233867717,75-100%
39.0,17.985207269688978,-21.014792730311022,21.014792730311022,75-100%
39.0,19.695381793238464,-19.304618206761536,19.304618206761536,75-100%
39.0,13.990030037779396,-25.0099699622206,25.0099699622206,75-100%
39.0,16.22403086565256,-22.77596913434744,22.77596913434744,75-100%
39.0,17.26881768254964,-21.73118231745036,21.73118231745036,75-100%
39.0,15.769707810458536,-23.230292189541466,23.230292189541466,75-100%
39.0,13.591315454979531,-25.40868454502047,25.40868454502047,75-100%
29.0,19.079893732231724,-9.920106267768276,9.920106267768276,75-100%
29.0,19.55131415158957,-9.448685848410431,9.448685848410431,75-100%
34.0,19.659224256290408,-14.340775743709592,14.340775743709592,75-100%
34.0,18.040437616781837,-15.959562383218163,15.959562383218163,75-100%
34.0,17.86563412799811,-16.13436587200189,16.13436587200189,75-100%
34.0,17.04419041639824,-16.95580958360176,16.95580958360176,75-100%
39.0,17.58819463514997,-21.41180536485003,21.41180536485003,75-100%
39.0,17.36440554781385,-21.63559445218615,21.63559445218615,75-100%
39.0,16.067243802263842,-22.932756197736158,22.932756197736158,75-100%
29.0,18.17422281951344,-10.825777180486561,10.825777180486561,75-100%
29.0,18.244221759959338,-10.755778240040662,10.755778240040662,75-100%
29.0,20.11446494341435,-8.885535056585649,8.885535056585649,75-100%
29.0,31.06875183402497,2.068751834024969,2.068751834024969,75-100%
29.0,29.48907259945076,0.4890725994507612,0.4890725994507612,75-100%
32.333333333333336,18.92425399729666,-13.409079336036676,13.409079336036676,75-100%
32.333333333333336,19.194053993933935,-13.139279339399401,13.139279339399401,75-100%
32.333333333333336,17.71049448960385,-14.622838843729486,14.622838843729486,75-100%
29.0,14.895190748605156,-14.104809251394844,14.104809251394844,75-100%
29.0,18.316249193951947,-10.683750806048053,10.683750806048053,75-100%
29.0,30.619300428317455,1.6193004283174552,1.6193004283174552,75-100%
29.0,29.53478029669615,0.5347802966961517,0.5347802966961517,75-100%
29.0,29.322230371605553,0.3222303716055528,0.3222303716055528,75-100%
29.0,29.649066127515,0.6490661275149989,0.6490661275149989,75-100%
29.0,29.4443891241608,0.4443891241608,0.4443891241608,75-100%
29.0,29.65609068863775,0.6560906886377502,0.6560906886377502,75-100%
29.0,28.471424316600583,-0.5285756833994171,0.5285756833994171,75-100%
29.0,15.956340584046945,-13.043659415953055,13.043659415953055,75-100%
29.0,18.79124897289978,-10.20875102710022,10.20875102710022,75-100%
29.0,30.659040137325487,1.659040137325487,1.659040137325487,75-100%
29.0,29.649066127515,0.6490661275149989,0.6490661275149989,75-100%
29.0,29.322230371605553,0.3222303716055528,0.3222303716055528,75-100%
29.0,29.649066127515,0.6490661275149989,0.6490661275149989,75-100%
29.0,29.394150696720136,0.3941506967201356,0.3941506967201356,75-100%
29.0,31.456957158496454,2.4569571584964542,2.4569571584964542,75-100%
29.0,30.92390665925712,1.9239066592571206,1.9239066592571206,75-100%
29.0,18.79124897289978,-10.20875102710022,10.20875102710022,75-100%
29.0,30.659040137325487,1.659040137325487,1.659040137325487,75-100%
29.0,29.933051476255635,0.9330514762556348,0.9330514762556348,75-100%
29.0,29.649066127515,0.6490661275149989,0.6490661275149989,75-100%
29.0,29.933051476255635,0.9330514762556348,0.9330514762556348,75-100%
29.0,29.67577407308574,0.6757740730857407,0.6757740730857407,75-100%
29.0,30.636008580046937,1.636008580046937,1.636008580046937,75-100%
29.0,29.242550967918014,0.24255096791801378,0.24255096791801378,75-100%
29.0,29.65609068863775,0.6560906886377502,0.6560906886377502,75-100%
29.0,29.933051476255635,0.9330514762556348,0.9330514762556348,75-100%
29.0,29.933051476255635,0.9330514762556348,0.9330514762556348,75-100%
29.0,30.636008580046937,1.636008580046937,1.636008580046937,75-100%
29.0,29.40459723333931,0.4045972333393095,0.4045972333393095,75-100%
29.0,31.13464548912659,2.1346454891265907,2.1346454891265907,75-100%
29.0,30.791967800167843,1.7919678001678427,1.7919678001678427,75-100%
29.0,30.375783885960434,1.375783885960434,1.375783885960434,75-100%
29.0,29.481883694942677,0.48188369494267747,0.48188369494267747,75-100%
15.0,37.292100895285756,22.292100895285756,22.292100895285756,50-75%
15.0,37.45121638759237,22.451216387592368,22.451216387592368,50-75%
15.0,37.45121638759237,22.451216387592368,22.451216387592368,50-75%
15.0,36.34562661567732,21.34562661567732,21.34562661567732,50-75%
15.0,38.17995445930368,23.17995445930368,23.17995445930368,50-75%
15.0,37.45121638759237,22.451216387592368,22.451216387592368,50-75%
15.0,36.96972469010642,21.969724690106418,21.969724690106418,50-75%
15.0,36.96972469010642,21.969724690106418,21.969724690106418,50-75%
15.0,37.71566575040614,22.71566575040614,22.71566575040614,50-75%
15.0,40.150029075094395,25.150029075094395,25.150029075094395,50-75%
15.0,40.150029075094395,25.150029075094395,25.150029075094395,50-75%
15.0,39.758840496776635,24.758840496776635,24.758840496776635,50-75%
15.0,37.36023098677493,22.36023098677493,22.36023098677493,50-75%
15.0,37.615871054563286,22.615871054563286,22.615871054563286,50-75%
15.0,37.34821224944183,22.34821224944183,22.34821224944183,50-75%
15.0,35.94492044600865,20.944920446008652,20.944920446008652,50-75%
15.0,36.39513213441815,21.395132134418148,21.395132134418148,50-75%
15.0,40.150029075094395,25.150029075094395,25.150029075094395,50-75%
15.0,35.94492044600865,20.944920446008652,20.944920446008652,50-75%
15.0,36.31615631653406,21.316156316534062,21.316156316534062,50-75%
15.0,35.94492044600865,20.944920446008652,20.944920446008652,50-75%
15.0,40.150029075094395,25.150029075094395,25.150029075094395,50-75%
15.0,35.866685319286724,20.866685319286724,20.866685319286724,50-75%
15.0,35.91583134064567,20.915831340645667,20.915831340645667,50-75%
15.0,35.820843141308835,20.820843141308835,20.820843141308835,50-75%
15.0,36.39513213441815,21.395132134418148,21.395132134418148,50-75%
15.0,39.758840496776635,24.758840496776635,24.758840496776635,50-75%
15.0,35.87506841247338,20.875068412473382,20.875068412473382,50-75%
10.0,35.88654822997988,25.88654822997988,25.88654822997988,50-75%
10.0,36.159455069928605,26.159455069928605,26.159455069928605,50-75%
10.0,35.743737693602654,25.743737693602654,25.743737693602654,50-75%
10.0,36.13453572535082,26.134535725350823,26.134535725350823,50-75%
10.0,35.62863791009561,25.628637910095613,25.628637910095613,50-75%
10.0,36.41212662296605,26.41212662296605,26.41212662296605,50-75%
10.0,36.41224295261154,26.412242952611543,26.412242952611543,50-75%
10.0,36.92058395847752,26.920583958477522,26.920583958477522,50-75%
10.0,36.72322998093247,26.723229980932473,26.723229980932473,50-75%
10.0,35.62863791009561,25.628637910095613,25.628637910095613,50-75%
10.0,36.172079755227415,26.172079755227415,26.172079755227415,50-75%
10.0,35.394383058997086,25.394383058997086,25.394383058997086,50-75%
10.0,36.41224295261154,26.412242952611543,26.412242952611543,50-75%
10.0,36.72322998093247,26.723229980932473,26.723229980932473,50-75%
10.0,35.394383058997086,25.394383058997086,25.394383058997086,50-75%
10.0,35.394383058997086,25.394383058997086,25.394383058997086,50-75%
10.0,35.394383058997086,25.394383058997086,25.394383058997086,50-75%
10.0,31.51534452040469,21.51534452040469,21.51534452040469,50-75%
10.0,36.158870285407765,26.158870285407765,26.158870285407765,50-75%
10.0,34.2753080930909,24.2753080930909,24.2753080930909,50-75%
10.0,30.960658822475033,20.960658822475033,20.960658822475033,50-75%
10.0,31.499389473361298,21.499389473361298,21.499389473361298,50-75%
10.0,36.92058395847752,26.920583958477522,26.920583958477522,50-75%
10.0,32.52203179592128,22.52203179592128,22.52203179592128,50-75%
10.0,34.13376990532095,24.133769905320953,24.133769905320953,50-75%
24.0,39.9217123481347,15.921712348134697,15.921712348134697,75-100%
24.0,39.658208580999826,15.658208580999826,15.658208580999826,75-100%
24.0,40.59307375301067,16.59307375301067,16.59307375301067,75-100%
24.0,40.59307375301067,16.59307375301067,16.59307375301067,75-100%
24.0,40.21204276612053,16.212042766120533,16.212042766120533,75-100%
24.0,41.90303105880049,17.903031058800487,17.903031058800487,75-100%
24.0,41.90303105880049,17.903031058800487,17.903031058800487,75-100%
63.0,41.227616226070914,-21.772383773929086,21.772383773929086,75-100%
63.0,41.227616226070914,-21.772383773929086,21.772383773929086,75-100%
17.0,40.38851976254233,23.38851976254233,23.38851976254233,75-100%
20.5,40.21204276612053,19.712042766120533,19.712042766120533,75-100%
24.0,41.90303105880049,17.903031058800487,17.903031058800487,75-100%
63.0,42.96027493147169,-20.039725068528313,20.039725068528313,75-100%
63.0,41.227616226070914,-21.772383773929086,21.772383773929086,75-100%
63.0,41.227616226070914,-21.772383773929086,21.772383773929086,75-100%
63.0,40.943813313411304,-22.056186686588696,22.056186686588696,75-100%
63.0,41.02137016951432,-21.97862983048568,21.97862983048568,75-100%
102.0,40.38698936597518,-61.61301063402482,61.61301063402482,75-100%
17.0,40.21204276612053,23.212042766120533,23.212042766120533,75-100%
17.0,42.08674915551352,25.086749155513523,25.086749155513523,75-100%
17.0,40.21204276612053,23.212042766120533,23.212042766120533,75-100%
17.0,42.08674915551352,25.086749155513523,25.086749155513523,75-100%
20.5,41.90303105880049,21.403031058800487,21.403031058800487,75-100%
20.5,41.50915358290335,21.00915358290335,21.00915358290335,75-100%
47.66666666666666,40.59307375301067,-7.073592913655986,7.073592913655986,75-100%
63.0,41.402185186337235,-21.597814813662765,21.597814813662765,75-100%
63.0,40.943813313411304,-22.056186686588696,22.056186686588696,75-100%
63.0,41.11514932138944,-21.88485067861056,21.88485067861056,75-100%
63.0,39.92295820663449,-23.07704179336551,23.07704179336551,75-100%
102.0,39.691183612839225,-62.308816387160775,62.308816387160775,75-100%
17.0,42.24404506349028,25.244045063490283,25.244045063490283,75-100%
20.5,42.4586345448873,21.958634544887303,21.958634544887303,75-100%
20.5,41.90303105880049,21.403031058800487,21.403031058800487,75-100%
63.0,40.839939493639534,-22.160060506360466,22.160060506360466,75-100%
63.0,42.96027493147169,-20.039725068528313,20.039725068528313,75-100%
102.0,40.458626178449194,-61.541373821550806,61.541373821550806,75-100%
17.0,42.355501192879586,25.355501192879586,25.355501192879586,75-100%
17.0,42.355501192879586,25.355501192879586,25.355501192879586,75-100%
17.0,43.04281649120139,26.042816491201393,26.042816491201393,75-100%
17.0,42.85502180772596,25.85502180772596,25.85502180772596,75-100%
17.0,43.04281649120139,26.042816491201393,26.042816491201393,75-100%
20.5,40.59307375301067,20.09307375301067,20.09307375301067,75-100%
47.66666666666666,40.86122598060233,-6.80544068606433,6.80544068606433,75-100%
63.0,41.227616226070914,-21.772383773929086,21.772383773929086,75-100%
63.0,42.96027493147169,-20.039725068528313,20.039725068528313,75-100%
102.0,43.12075980201266,-58.87924019798734,58.87924019798734,75-100%
102.0,42.96027493147169,-59.03972506852831,59.03972506852831,75-100%
102.0,42.96027493147169,-59.03972506852831,59.03972506852831,75-100%
17.0,42.355501192879586,25.355501192879586,25.355501192879586,75-100%
17.0,42.355501192879586,25.355501192879586,25.355501192879586,75-100%
17.0,43.04281649120139,26.042816491201393,26.042816491201393,75-100%
17.0,42.29969628497442,25.299696284974416,25.299696284974416,75-100%
17.0,41.78724967673141,24.787249676731413,24.787249676731413,75-100%
102.0,43.93572524400612,-58.06427475599388,58.06427475599388,75-100%
102.0,43.52956995325664,-58.47043004674336,58.47043004674336,75-100%
102.0,43.12075980201266,-58.87924019798734,58.87924019798734,75-100%
102.0,43.523186325428114,-58.476813674571886,58.476813674571886,75-100%
81.0,38.69141777557853,-42.30858222442147,42.30858222442147,75-100%
17.0,42.59933946412346,25.59933946412346,25.59933946412346,75-100%
17.0,42.59933946412346,25.59933946412346,25.59933946412346,75-100%
17.0,42.355501192879586,25.355501192879586,25.355501192879586,75-100%
17.0,42.03673783813803,25.03673783813803,25.03673783813803,75-100%
17.0,43.260488780919125,26.260488780919125,26.260488780919125,75-100%
17.0,42.860436671113106,25.860436671113106,25.860436671113106,75-100%
81.0,38.42367530095539,-42.57632469904461,42.57632469904461,75-100%
81.0,37.497700132361125,-43.502299867638875,43.502299867638875,75-100%
81.0,37.58345986647693,-43.41654013352307,43.41654013352307,75-100%
81.0,36.672623809326105,-44.327376190673895,44.327376190673895,75-100%
17.0,42.01487240785256,25.014872407852558,25.014872407852558,75-100%
81.0,38.29030596992664,-42.70969403007336,42.70969403007336,75-100%
81.0,37.44909070751092,-43.55090929248908,43.55090929248908,75-100%
81.0,36.672623809326105,-44.327376190673895,44.327376190673895,75-100%
81.0,38.469435359960066,-42.530564640039934,42.530564640039934,75-100%
81.0,37.1086517466157,-43.8913482533843,43.8913482533843,75-100%
81.0,37.1086517466157,-43.8913482533843,43.8913482533843,75-100%
81.0,36.672623809326105,-44.327376190673895,44.327376190673895,75-100%
81.0,38.10656144008151,-42.89343855991849,42.89343855991849,75-100%
81.0,37.62695348500327,-43.37304651499673,43.37304651499673,75-100%
81.0,37.62695348500327,-43.37304651499673,43.37304651499673,75-100%
81.0,38.24061870808621,-42.75938129191379,42.75938129191379,75-100%
81.0,37.62695348500327,-43.37304651499673,43.37304651499673,75-100%
81.0,37.84018122976178,-43.15981877023822,43.15981877023822,75-100%
81.0,37.131165561257646,-43.868834438742354,43.868834438742354,75-100%
81.0,37.57818085738743,-43.42181914261257,43.42181914261257,75-100%
81.0,37.05581638551027,-43.94418361448973,43.94418361448973,75-100%
81.0,37.05581638551027,-43.94418361448973,43.94418361448973,75-100%
81.0,37.05581638551027,-43.94418361448973,43.94418361448973,75-100%
51.0,12.696763762295973,-38.30323623770403,38.30323623770403,75-100%
51.0,11.678391061258683,-39.32160893874132,39.32160893874132,75-100%
51.0,15.705815900102774,-35.29418409989722,35.29418409989722,75-100%
51.0,15.860607140222433,-35.139392859777566,35.139392859777566,75-100%
51.0,16.326271847390476,-34.67372815260953,34.67372815260953,75-100%
51.0,16.2339286525441,-34.7660713474559,34.7660713474559,75-100%
51.0,16.326271847390476,-34.67372815260953,34.67372815260953,75-100%
51.0,16.326271847390476,-34.67372815260953,34.67372815260953,75-100%
51.0,18.212472011921996,-32.787527988078004,32.787527988078004,75-100%
51.0,16.2339286525441,-34.7660713474559,34.7660713474559,75-100%
51.0,16.632351690234067,-34.36764830976593,34.36764830976593,75-100%
51.0,16.632351690234067,-34.36764830976593,34.36764830976593,75-100%
51.0,16.538377192888507,-34.461622807111496,34.461622807111496,75-100%
51.0,14.815155385843907,-36.18484461415609,36.18484461415609,75-100%
51.0,18.315416678935893,-32.68458332106411,32.68458332106411,75-100%
51.0,18.315416678935893,-32.68458332106411,32.68458332106411,75-100%
51.0,16.538377192888507,-34.461622807111496,34.461622807111496,75-100%
51.0,13.052537099992746,-37.94746290000725,37.94746290000725,75-100%
51.0,18.315416678935893,-32.68458332106411,32.68458332106411,75-100%
51.0,18.212472011921996,-32.787527988078004,32.787527988078004,75-100%
51.0,16.632351690234067,-34.36764830976593,34.36764830976593,75-100%
51.0,13.138082875129903,-37.8619171248701,37.8619171248701,75-100%
51.0,18.315416678935893,-32.68458332106411,32.68458332106411,75-100%
51.0,18.315416678935893,-32.68458332106411,32.68458332106411,75-100%
43.0,14.00579088618913,-28.994209113810868,28.994209113810868,75-100%
43.0,14.916022214575152,-28.08397778542485,28.08397778542485,75-100%
43.0,13.60997896421846,-29.39002103578154,29.39002103578154,75-100%
43.0,11.712136327418676,-31.287863672581324,31.287863672581324,75-100%
43.0,16.651068258576448,-26.348931741423552,26.348931741423552,75-100%
43.0,15.819556557139002,-27.180443442860998,27.180443442860998,75-100%
43.0,15.194267405957497,-27.805732594042503,27.805732594042503,75-100%
43.0,14.99929955706252,-28.00070044293748,28.00070044293748,75-100%
43.0,13.869196037676495,-29.130803962323505,29.130803962323505,75-100%
43.0,16.413835805948093,-26.586164194051907,26.586164194051907,75-100%
26.5,14.070764941079908,-12.429235058920092,12.429235058920092,75-100%
26.5,17.572022863479955,-8.927977136520045,8.927977136520045,75-100%
26.5,17.893964710961445,-8.606035289038555,8.606035289038555,75-100%
26.5,15.300816567164933,-11.199183432835067,11.199183432835067,75-100%
26.5,14.758733155794696,-11.741266844205304,11.741266844205304,75-100%
43.0,14.93603942763988,-28.06396057236012,28.06396057236012,75-100%
43.0,16.413835805948093,-26.586164194051907,26.586164194051907,75-100%
43.0,16.385110102320542,-26.614889897679458,26.614889897679458,75-100%
10.0,19.820306069592913,9.820306069592913,9.820306069592913,50-75%
26.5,14.525599025834072,-11.974400974165928,11.974400974165928,75-100%
26.0,20.544737460299736,-5.455262539700264,5.455262539700264,75-100%
26.0,19.621138588501612,-6.378861411498388,6.378861411498388,75-100%
26.0,20.132946112207158,-5.867053887792842,5.867053887792842,75-100%
26.5,12.29106398622242,-14.20893601377758,14.20893601377758,75-100%
26.5,16.56864297793783,-9.93135702206217,9.93135702206217,75-100%
43.0,16.5076206219202,-26.4923793780798,26.4923793780798,75-100%
17.5,26.154927004956722,8.654927004956722,8.654927004956722,75-100%
26.0,18.246679921614426,-7.753320078385574,7.753320078385574,75-100%
26.0,19.820306069592913,-6.179693930407087,6.179693930407087,75-100%
26.0,19.820306069592913,-6.179693930407087,6.179693930407087,75-100%
26.0,21.00617546206932,-4.993824537930681,4.993824537930681,75-100%
26.0,22.970775281967605,-3.0292247180323955,3.0292247180323955,75-100%
26.0,22.556675354873498,-3.443324645126502,3.443324645126502,75-100%
17.5,26.406536675001647,8.906536675001647,8.906536675001647,75-100%
17.5,26.154927004956722,8.654927004956722,8.654927004956722,75-100%
26.0,20.013220981109647,-5.986779018890353,5.986779018890353,75-100%
26.0,20.013220981109647,-5.986779018890353,5.986779018890353,75-100%
26.0,22.605215553886527,-3.394784446113473,3.394784446113473,75-100%
26.0,23.46079982023862,-2.53920017976138,2.53920017976138,75-100%
26.0,24.3119002398168,-1.6880997601831993,1.6880997601831993,75-100%
17.5,26.406536675001647,8.906536675001647,8.906536675001647,75-100%
17.5,26.406536675001647,8.906536675001647,8.906536675001647,75-100%
17.5,28.1352518844472,10.6352518844472,10.6352518844472,75-100%
17.5,27.837010518032915,10.337010518032915,10.337010518032915,75-100%
25.0,27.837010518032915,2.8370105180329155,2.8370105180329155,75-100%
25.0,26.406536675001647,1.4065366750016466,1.4065366750016466,75-100%
17.5,26.11427863053899,8.61427863053899,8.61427863053899,75-100%
17.5,25.816302613176806,8.316302613176806,8.316302613176806,75-100%
17.5,25.368668689143746,7.868668689143746,7.868668689143746,75-100%
25.0,25.664093582148006,0.6640935821480056,0.6640935821480056,75-100%
25.0,25.92375956280378,0.9237595628037809,0.9237595628037809,75-100%
25.0,25.50995783799035,0.5099578379903491,0.5099578379903491,75-100%
25.0,25.50995783799035,0.5099578379903491,0.5099578379903491,75-100%
25.0,27.763878882805482,2.763878882805482,2.763878882805482,75-100%
14.0,18.74415831499215,4.7441583149921485,4.7441583149921485,50-75%
14.0,17.66646009180988,3.6664600918098813,3.6664600918098813,50-75%
14.0,17.125881962324048,3.1258819623240477,3.1258819623240477,50-75%
14.0,16.97605865802325,2.9760586580232484,2.9760586580232484,50-75%
14.0,16.863045613698294,2.8630456136982936,2.8630456136982936,50-75%
14.0,16.5933739398723,2.5933739398723006,2.5933739398723006,50-75%
14.0,17.076833705504203,3.076833705504203,3.076833705504203,50-75%
14.0,16.95489459471133,2.9548945947113303,2.9548945947113303,50-75%
14.0,17.11607254161685,3.1160725416168518,3.1160725416168518,50-75%
14.0,16.80276215156657,2.8027621515665686,2.8027621515665686,50-75%
14.0,16.606919459881816,2.6069194598818157,2.6069194598818157,50-75%
14.0,16.39957032281323,2.3995703228132292,2.3995703228132292,50-75%
14.0,15.943002179313929,1.943002179313929,1.943002179313929,50-75%
14.0,15.756617441722774,1.7566174417227742,1.7566174417227742,50-75%
14.0,16.80276215156657,2.8027621515665686,2.8027621515665686,50-75%
14.0,16.606919459881816,2.6069194598818157,2.6069194598818157,50-75%
14.0,15.756617441722774,1.7566174417227742,1.7566174417227742,50-75%
14.0,16.39957032281323,2.3995703228132292,2.3995703228132292,50-75%
14.0,16.863045613698294,2.8630456136982936,2.8630456136982936,50-75%
14.0,16.62733498226679,2.6273349822667917,2.6273349822667917,50-75%
14.0,16.39957032281323,2.3995703228132292,2.3995703228132292,50-75%
14.0,17.42096658074467,3.4209665807446683,3.4209665807446683,50-75%
14.0,16.66627136997122,2.66627136997122,2.66627136997122,50-75%
14.0,17.024342745358783,3.0243427453587834,3.0243427453587834,50-75%
14.0,17.125881962324048,3.1258819623240477,3.1258819623240477,50-75%
14.0,16.76987153539724,2.7698715353972396,2.7698715353972396,50-75%
14.0,17.575710757391242,3.575710757391242,3.575710757391242,50-75%
14.0,17.45270564234206,3.4527056423420603,3.4527056423420603,50-75%
14.0,17.95313096275089,3.9531309627508904,3.9531309627508904,50-75%
14.0,16.76987153539724,2.7698715353972396,2.7698715353972396,50-75%
5.0,27.83423346352747,22.83423346352747,22.83423346352747,0-25%
5.0,27.53244287918266,22.53244287918266,22.53244287918266,0-25%
5.0,27.53244287918266,22.53244287918266,22.53244287918266,0-25%
5.0,27.53244287918266,22.53244287918266,22.53244287918266,0-25%
5.0,29.472411945867627,24.472411945867627,24.472411945867627,0-25%
5.0,29.817942896287917,24.817942896287917,24.817942896287917,0-25%
5.0,29.794721782655166,24.794721782655166,24.794721782655166,0-25%
13.0,27.447633947652374,14.447633947652374,14.447633947652374,50-75%
13.0,31.384719604669787,18.384719604669787,18.384719604669787,50-75%
13.0,28.2929362726018,15.2929362726018,15.2929362726018,50-75%
13.0,28.2929362726018,15.2929362726018,15.2929362726018,50-75%
13.0,27.447633947652374,14.447633947652374,14.447633947652374,50-75%
13.0,27.447633947652374,14.447633947652374,14.447633947652374,50-75%
13.0,30.388936026508038,17.388936026508038,17.388936026508038,50-75%
13.0,28.2929362726018,15.2929362726018,15.2929362726018,50-75%
13.0,27.447633947652374,14.447633947652374,14.447633947652374,50-75%
13.0,27.447633947652374,14.447633947652374,14.447633947652374,50-75%
13.0,28.2929362726018,15.2929362726018,15.2929362726018,50-75%
13.0,27.736993196796217,14.736993196796217,14.736993196796217,50-75%
13.0,27.736993196796217,14.736993196796217,14.736993196796217,50-75%
13.0,27.736993196796217,14.736993196796217,14.736993196796217,50-75%
13.0,27.715340064829164,14.715340064829164,14.715340064829164,50-75%
13.0,27.715340064829164,14.715340064829164,14.715340064829164,50-75%
13.0,27.736993196796217,14.736993196796217,14.736993196796217,50-75%
13.0,27.736993196796217,14.736993196796217,14.736993196796217,50-75%
13.0,28.2929362726018,15.2929362726018,15.2929362726018,50-75%
13.0,27.24032949225824,14.24032949225824,14.24032949225824,50-75%
13.0,27.715340064829164,14.715340064829164,14.715340064829164,50-75%
13.0,27.736993196796217,14.736993196796217,14.736993196796217,50-75%
13.0,28.2929362726018,15.2929362726018,15.2929362726018,50-75%
8.0,23.19241822511423,15.192418225114231,15.192418225114231,25-50%
8.0,23.685323101890454,15.685323101890454,15.685323101890454,25-50%
8.0,24.17079624982548,16.17079624982548,16.17079624982548,25-50%
8.0,24.008716042203968,16.008716042203968,16.008716042203968,25-50%
8.0,24.240053033025212,16.240053033025212,16.240053033025212,25-50%
8.0,24.06370034906163,16.06370034906163,16.06370034906163,25-50%
8.0,24.115807629887215,16.115807629887215,16.115807629887215,25-50%
8.0,24.349377432696762,16.349377432696762,16.349377432696762,25-50%
8.0,25.389498173827658,17.389498173827658,17.389498173827658,25-50%
8.0,25.389498173827658,17.389498173827658,17.389498173827658,25-50%
8.0,24.393055547878674,16.393055547878674,16.393055547878674,25-50%
8.0,24.45792779055872,16.45792779055872,16.45792779055872,25-50%
8.0,24.45792779055872,16.45792779055872,16.45792779055872,25-50%
8.0,24.349377432696762,16.349377432696762,16.349377432696762,25-50%
8.0,25.389498173827658,17.389498173827658,17.389498173827658,25-50%
8.0,25.434968463734762,17.434968463734762,17.434968463734762,25-50%
8.0,24.393055547878674,16.393055547878674,16.393055547878674,25-50%
8.0,25.502502506110453,17.502502506110453,17.502502506110453,25-50%
8.0,24.349377432696762,16.349377432696762,16.349377432696762,25-50%
8.0,25.502502506110453,17.502502506110453,17.502502506110453,25-50%
8.0,25.389498173827658,17.389498173827658,17.389498173827658,25-50%
8.0,25.147225572699462,17.147225572699462,17.147225572699462,25-50%
8.0,24.393055547878674,16.393055547878674,16.393055547878674,25-50%
8.0,27.396250006894256,19.396250006894256,19.396250006894256,25-50%
8.0,25.389498173827658,17.389498173827658,17.389498173827658,25-50%
4.0,36.43069829011924,32.43069829011924,32.43069829011924,0-25%
4.0,36.27109709524421,32.27109709524421,32.27109709524421,0-25%
4.0,36.43069829011924,32.43069829011924,32.43069829011924,0-25%
22.0,34.04087639365348,12.040876393653477,12.040876393653477,75-100%
22.0,33.73452775539045,11.734527755390452,11.734527755390452,75-100%
22.0,34.04087639365348,12.040876393653477,12.040876393653477,75-100%
22.0,34.04087639365348,12.040876393653477,12.040876393653477,75-100%
22.0,34.04087639365348,12.040876393653477,12.040876393653477,75-100%
4.0,35.84656917188252,31.84656917188252,31.84656917188252,0-25%
4.0,35.84656917188252,31.84656917188252,31.84656917188252,0-25%
4.0,36.43069829011924,32.43069829011924,32.43069829011924,0-25%
4.0,35.524853783538205,31.524853783538205,31.524853783538205,0-25%
22.0,34.04087639365348,12.040876393653477,12.040876393653477,75-100%
22.0,34.46788535548329,12.46788535548329,12.46788535548329,75-100%
22.0,34.04087639365348,12.040876393653477,12.040876393653477,75-100%
22.0,34.66604617458472,12.666046174584721,12.666046174584721,75-100%
22.0,34.04087639365348,12.040876393653477,12.040876393653477,75-100%
22.0,34.742929296111576,12.742929296111576,12.742929296111576,75-100%
22.0,34.16102697577529,12.161026975775293,12.161026975775293,75-100%
4.0,36.27109709524421,32.27109709524421,32.27109709524421,0-25%
4.0,36.43069829011924,32.43069829011924,32.43069829011924,0-25%
4.0,36.43069829011924,32.43069829011924,32.43069829011924,0-25%
4.0,35.84656917188252,31.84656917188252,31.84656917188252,0-25%
4.0,35.57566154362807,31.575661543628073,31.575661543628073,0-25%
4.0,36.33531686853863,32.33531686853863,32.33531686853863,0-25%
4.0,35.99785850115669,31.997858501156692,31.997858501156692,0-25%
22.0,34.46788535548329,12.46788535548329,12.46788535548329,75-100%
22.0,34.66604617458472,12.666046174584721,12.666046174584721,75-100%
22.0,34.46788535548329,12.46788535548329,12.46788535548329,75-100%
22.0,34.04087639365348,12.040876393653477,12.040876393653477,75-100%
22.0,34.46788535548329,12.46788535548329,12.46788535548329,75-100%
22.0,33.92384471068176,11.923844710681763,11.923844710681763,75-100%
22.0,33.10356063652926,11.10356063652926,11.10356063652926,75-100%
22.0,33.179531727855114,11.179531727855114,11.179531727855114,75-100%
4.0,35.49710721812383,31.49710721812383,31.49710721812383,0-25%
4.0,35.49710721812383,31.49710721812383,31.49710721812383,0-25%
4.0,35.49710721812383,31.49710721812383,31.49710721812383,0-25%
4.0,35.5951392476103,31.595139247610298,31.595139247610298,0-25%
4.0,35.92892440288427,31.92892440288427,31.92892440288427,0-25%
4.0,36.33531686853863,32.33531686853863,32.33531686853863,0-25%
22.0,34.46788535548329,12.46788535548329,12.46788535548329,75-100%
22.0,33.73452775539045,11.734527755390452,11.734527755390452,75-100%
22.0,34.04087639365348,12.040876393653477,12.040876393653477,75-100%
22.0,34.46788535548329,12.46788535548329,12.46788535548329,75-100%
22.0,33.80569819667822,11.805698196678222,11.805698196678222,75-100%
22.0,33.06049950658679,11.060499506586787,11.060499506586787,75-100%
4.0,36.27109709524421,32.27109709524421,32.27109709524421,0-25%
4.0,36.27109709524421,32.27109709524421,32.27109709524421,0-25%
4.0,36.613461189014416,32.613461189014416,32.613461189014416,0-25%
4.0,36.613461189014416,32.613461189014416,32.613461189014416,0-25%
4.0,36.26814537362181,32.26814537362181,32.26814537362181,0-25%
4.0,36.26814537362181,32.26814537362181,32.26814537362181,0-25%
4.0,36.26814537362181,32.26814537362181,32.26814537362181,0-25%
4.0,36.33531686853863,32.33531686853863,32.33531686853863,0-25%
22.0,34.16102697577529,12.161026975775293,12.161026975775293,75-100%
22.0,34.742929296111576,12.742929296111576,12.742929296111576,75-100%
22.0,34.35747336202397,12.357473362023967,12.357473362023967,75-100%
22.0,33.612317477371974,11.612317477371974,11.612317477371974,75-100%
22.0,32.75891835482942,10.758918354829419,10.758918354829419,75-100%
22.0,32.75891835482942,10.758918354829419,10.758918354829419,75-100%
4.0,36.77452844533401,32.77452844533401,32.77452844533401,0-25%
4.0,36.613461189014416,32.613461189014416,32.613461189014416,0-25%
4.0,36.77452844533401,32.77452844533401,32.77452844533401,0-25%
4.0,36.613461189014416,32.613461189014416,32.613461189014416,0-25%
4.0,36.4277339287214,32.4277339287214,32.4277339287214,0-25%
4.0,36.77452844533401,32.77452844533401,32.77452844533401,0-25%
22.0,34.35747336202397,12.357473362023967,12.357473362023967,75-100%
22.0,34.16102697577529,12.161026975775293,12.161026975775293,75-100%
22.0,33.294098906354954,11.294098906354954,11.294098906354954,75-100%
22.0,32.87351161762263,10.873511617622633,10.873511617622633,75-100%
22.0,32.87351161762263,10.873511617622633,10.873511617622633,75-100%
53.0,20.99809797483355,-32.00190202516645,32.00190202516645,75-100%
53.0,21.115968640802667,-31.884031359197333,31.884031359197333,75-100%
53.0,21.115968640802667,-31.884031359197333,31.884031359197333,75-100%
53.0,21.09793031921948,-31.90206968078052,31.90206968078052,75-100%
53.0,21.166774980037353,-31.833225019962647,31.833225019962647,75-100%
53.0,20.249077050495387,-32.75092294950461,32.75092294950461,75-100%
53.0,21.115968640802667,-31.884031359197333,31.884031359197333,75-100%
53.0,21.115968640802667,-31.884031359197333,31.884031359197333,75-100%
53.0,21.115968640802667,-31.884031359197333,31.884031359197333,75-100%
53.0,21.28554945464301,-31.71445054535699,31.71445054535699,75-100%
53.0,20.451423717654965,-32.54857628234504,32.54857628234504,75-100%
53.0,20.124982448217047,-32.87501755178295,32.87501755178295,75-100%
53.0,20.580135458224667,-32.41986454177533,32.41986454177533,75-100%
53.0,20.695766588746714,-32.304233411253286,32.304233411253286,75-100%
53.0,21.115968640802667,-31.884031359197333,31.884031359197333,75-100%
53.0,20.025447176178382,-32.97455282382162,32.97455282382162,75-100%
53.0,19.874970865375097,-33.1250291346249,33.1250291346249,75-100%
53.0,21.166774980037353,-31.833225019962647,31.833225019962647,75-100%
53.0,20.139026708577287,-32.86097329142271,32.86097329142271,75-100%
53.0,20.580135458224667,-32.41986454177533,32.41986454177533,75-100%
53.0,19.908064923050286,-33.09193507694971,33.09193507694971,75-100%
53.0,20.99809797483355,-32.00190202516645,32.00190202516645,75-100%
53.0,21.02195340129596,-31.97804659870404,31.97804659870404,75-100%
53.0,19.85575131577178,-33.14424868422822,33.14424868422822,75-100%
53.0,19.89970969183644,-33.100290308163565,33.100290308163565,75-100%
53.0,19.707836887112663,-33.29216311288734,33.29216311288734,75-100%
53.0,19.685105333505266,-33.31489466649474,33.31489466649474,75-100%
53.0,19.899559934112645,-33.100440065887355,33.100440065887355,75-100%
53.0,19.88926672463396,-33.110733275366044,33.110733275366044,75-100%
53.0,20.025447176178382,-32.97455282382162,32.97455282382162,75-100%
53.0,19.394614618031653,-33.60538538196835,33.60538538196835,75-100%
53.0,19.65236418450636,-33.34763581549364,33.34763581549364,75-100%
53.0,19.89970969183644,-33.100290308163565,33.100290308163565,75-100%
53.0,20.336946439138245,-32.663053560861755,32.663053560861755,75-100%
53.0,19.685105333505266,-33.31489466649474,33.31489466649474,75-100%
53.0,19.64314388188712,-33.35685611811288,33.35685611811288,75-100%
53.0,19.664194059456165,-33.335805940543835,33.335805940543835,75-100%
53.0,19.65236418450636,-33.34763581549364,33.34763581549364,75-100%
10.0,8.991844962602409,-1.0081550373975912,1.0081550373975912,50-75%
10.0,9.101278423499604,-0.898721576500396,0.898721576500396,50-75%
10.0,9.98026923063732,-0.019730769362679368,0.019730769362679368,50-75%
10.0,9.621044455778481,-0.3789555442215189,0.3789555442215189,50-75%
10.0,9.80994792772869,-0.19005207227131038,0.19005207227131038,50-75%
10.0,9.835982665759385,-0.16401733424061504,0.16401733424061504,50-75%
10.0,11.657697873163038,1.6576978731630376,1.6576978731630376,50-75%
10.0,8.366896387795688,-1.6331036122043123,1.6331036122043123,50-75%
10.0,8.794608811003657,-1.2053911889963427,1.2053911889963427,50-75%
10.0,9.869741463098144,-0.13025853690185585,0.13025853690185585,50-75%
10.0,9.869741463098144,-0.13025853690185585,0.13025853690185585,50-75%
10.0,11.825906092417293,1.8259060924172932,1.8259060924172932,50-75%
10.0,11.491369005717278,1.491369005717278,1.491369005717278,50-75%
10.0,13.630509362795433,3.630509362795433,3.630509362795433,50-75%
10.0,13.994501700470702,3.9945017004707015,3.9945017004707015,50-75%
10.0,9.911091339852103,-0.08890866014789722,0.08890866014789722,50-75%
10.0,9.780827076856129,-0.21917292314387105,0.21917292314387105,50-75%
10.0,9.835982665759385,-0.16401733424061504,0.16401733424061504,50-75%
10.0,11.666695193747646,1.6666951937476462,1.6666951937476462,50-75%
10.0,13.601754970319435,3.601754970319435,3.601754970319435,50-75%
10.0,13.994501700470702,3.9945017004707015,3.9945017004707015,50-75%
10.0,8.123362783576077,-1.876637216423923,1.876637216423923,50-75%
10.0,8.160024431360045,-1.8399755686399555,1.8399755686399555,50-75%
10.0,8.239018854763625,-1.760981145236375,1.760981145236375,50-75%
10.0,8.436194556386347,-1.5638054436136528,1.5638054436136528,50-75%
10.0,11.519034826884193,1.5190348268841927,1.5190348268841927,50-75%
9.5,11.563884510484298,2.063884510484298,2.063884510484298,50-75%
9.5,11.563884510484298,2.063884510484298,2.063884510484298,50-75%
9.0,12.980493162974682,3.980493162974682,3.980493162974682,50-75%
9.0,12.839765038195292,3.839765038195292,3.839765038195292,50-75%
9.0,12.604214892800517,3.604214892800517,3.604214892800517,50-75%
10.0,8.114530899779426,-1.8854691002205737,1.8854691002205737,50-75%
9.5,10.238018728044452,0.7380187280444517,0.7380187280444517,50-75%
9.5,11.666695193747646,2.166695193747646,2.166695193747646,50-75%
9.5,13.630509362795433,4.130509362795433,4.130509362795433,50-75%
9.0,13.071188493917655,4.071188493917655,4.071188493917655,50-75%
9.0,12.929547426819202,3.9295474268192017,3.9295474268192017,50-75%
9.0,12.831699565711705,3.8316995657117054,3.8316995657117054,50-75%
9.0,12.742547851898884,3.742547851898884,3.742547851898884,50-75%
9.0,11.571751115810141,2.571751115810141,2.571751115810141,50-75%
9.0,9.877134125485506,0.8771341254855063,0.8771341254855063,50-75%
9.0,11.519034826884193,2.5190348268841927,2.5190348268841927,50-75%
9.0,12.903096968387517,3.9030969683875174,3.9030969683875174,50-75%
9.0,13.071188493917655,4.071188493917655,4.071188493917655,50-75%
9.0,11.621364842211714,2.6213648422117135,2.6213648422117135,50-75%
9.0,12.929547426819202,3.9295474268192017,3.9295474268192017,50-75%
9.0,12.742547851898884,3.742547851898884,3.742547851898884,50-75%
9.0,12.649943692987582,3.6499436929875824,3.6499436929875824,50-75%
9.0,11.519034826884193,2.5190348268841927,2.5190348268841927,50-75%
9.0,12.903096968387517,3.9030969683875174,3.9030969683875174,50-75%
9.0,13.071188493917655,4.071188493917655,4.071188493917655,50-75%
9.0,12.839765038195292,3.839765038195292,3.839765038195292,50-75%
9.0,11.789424669670506,2.789424669670506,2.789424669670506,50-75%
9.0,13.071188493917655,4.071188493917655,4.071188493917655,50-75%
9.0,12.980493162974682,3.980493162974682,3.980493162974682,50-75%
9.0,11.69163898479983,2.6916389847998303,2.6916389847998303,50-75%
9.0,13.071188493917655,4.071188493917655,4.071188493917655,50-75%
9.0,13.071188493917655,4.071188493917655,4.071188493917655,50-75%
9.0,12.796782063418323,3.7967820634183234,3.7967820634183234,50-75%
9.0,13.043533374979217,4.0435333749792175,4.0435333749792175,50-75%
9.0,12.929547426819202,3.9295474268192017,3.9295474268192017,50-75%
9.0,12.936158996182257,3.9361589961822574,3.9361589961822574,50-75%
9.0,12.82304456447387,3.8230445644738698,3.8230445644738698,50-75%
9.0,12.839765038195292,3.839765038195292,3.839765038195292,50-75%
9.0,11.789424669670506,2.789424669670506,2.789424669670506,50-75%
21.0,9.049107713359076,-11.950892286640924,11.950892286640924,75-100%
21.0,9.127459472617552,-11.872540527382448,11.872540527382448,75-100%
21.0,9.20439510764253,-11.79560489235747,11.79560489235747,75-100%
21.0,7.828886950019964,-13.171113049980036,13.171113049980036,75-100%
17.0,9.135783892475892,-7.864216107524108,7.864216107524108,75-100%
17.0,9.161599768303537,-7.838400231696463,7.838400231696463,75-100%
17.0,9.161599768303537,-7.838400231696463,7.838400231696463,75-100%
17.0,9.127459472617552,-7.872540527382448,7.872540527382448,75-100%
21.0,8.484509070738351,-12.515490929261649,12.515490929261649,75-100%
21.0,7.532504394593326,-13.467495605406674,13.467495605406674,75-100%
13.0,9.082983880392083,-3.9170161196079167,3.9170161196079167,50-75%
17.0,9.161599768303537,-7.838400231696463,7.838400231696463,75-100%
17.0,9.155395698784563,-7.844604301215437,7.844604301215437,75-100%
17.0,9.21019027395289,-7.78980972604711,7.78980972604711,75-100%
17.0,8.475904501311707,-8.524095498688293,8.524095498688293,75-100%
21.0,7.16337969958487,-13.836620300415131,13.836620300415131,75-100%
13.0,6.806036788245287,-6.193963211754713,6.193963211754713,50-75%
13.0,6.806036788245287,-6.193963211754713,6.193963211754713,50-75%
17.0,6.62790315266102,-10.37209684733898,10.37209684733898,75-100%
17.0,7.712170214743074,-9.287829785256925,9.287829785256925,75-100%
17.0,9.205113471716095,-7.7948865282839055,7.7948865282839055,75-100%
17.0,9.171476493376645,-7.828523506623355,7.828523506623355,75-100%
17.0,7.94823401031443,-9.05176598968557,9.05176598968557,75-100%
17.0,7.139658657930859,-9.860341342069141,9.860341342069141,75-100%
21.0,7.238049947165188,-13.761950052834813,13.761950052834813,75-100%
13.0,6.806036788245287,-6.193963211754713,6.193963211754713,50-75%
17.0,7.94823401031443,-9.05176598968557,9.05176598968557,75-100%
17.0,8.521507869933385,-8.478492130066615,8.478492130066615,75-100%
17.0,7.16337969958487,-9.836620300415131,9.836620300415131,75-100%
21.0,7.07977900768053,-13.92022099231947,13.92022099231947,75-100%
13.0,6.806036788245287,-6.193963211754713,6.193963211754713,50-75%
13.0,6.450514775256254,-6.549485224743746,6.549485224743746,50-75%
17.0,6.886980073651737,-10.113019926348263,10.113019926348263,75-100%
17.0,7.165745970526295,-9.834254029473705,9.834254029473705,75-100%
17.0,6.953911776576729,-10.046088223423272,10.046088223423272,75-100%
16.0,8.935785161311673,-7.0642148386883274,7.0642148386883274,75-100%
16.0,6.9450503478676175,-9.054949652132382,9.054949652132382,75-100%
16.0,6.9450503478676175,-9.054949652132382,9.054949652132382,75-100%
16.0,6.896519052038095,-9.103480947961906,9.103480947961906,75-100%
13.0,6.806036788245287,-6.193963211754713,6.193963211754713,50-75%
13.0,6.953911776576729,-6.046088223423271,6.046088223423271,50-75%
16.0,9.90542482081785,-6.094575179182151,6.094575179182151,75-100%
16.0,9.90542482081785,-6.094575179182151,6.094575179182151,75-100%
16.0,8.953174658352864,-7.046825341647136,7.046825341647136,75-100%
16.0,6.9450503478676175,-9.054949652132382,9.054949652132382,75-100%
16.0,6.9450503478676175,-9.054949652132382,9.054949652132382,75-100%
16.0,6.684325884751446,-9.315674115248555,9.315674115248555,75-100%
16.0,10.027605200830077,-5.972394799169923,5.972394799169923,75-100%
16.0,9.103756249907057,-6.8962437500929425,6.8962437500929425,75-100%
16.0,7.036307407976407,-8.963692592023593,8.963692592023593,75-100%
16.0,7.036307407976407,-8.963692592023593,8.963692592023593,75-100%
16.0,10.115240486721634,-5.884759513278366,5.884759513278366,75-100%
16.0,6.9450503478676175,-9.054949652132382,9.054949652132382,75-100%
16.0,7.014779534576317,-8.985220465423684,8.985220465423684,75-100%
16.0,8.500703170386101,-7.499296829613899,7.499296829613899,75-100%
16.0,7.7434602631248675,-8.256539736875133,8.256539736875133,75-100%
16.0,9.064803610702576,-6.935196389297424,6.935196389297424,75-100%
16.0,7.566883834327167,-8.433116165672832,8.433116165672832,75-100%
6.0,10.011279587605662,4.011279587605662,4.011279587605662,25-50%
6.0,9.774536804709822,3.774536804709822,3.774536804709822,25-50%
6.0,10.204794355357816,4.204794355357816,4.204794355357816,25-50%
6.0,9.95615299910809,3.95615299910809,3.95615299910809,25-50%
6.0,10.204794355357816,4.204794355357816,4.204794355357816,25-50%
6.0,10.204794355357816,4.204794355357816,4.204794355357816,25-50%
6.0,10.196886331580224,4.196886331580224,4.196886331580224,25-50%
6.0,10.204794355357816,4.204794355357816,4.204794355357816,25-50%
6.0,10.4978805701428,4.497880570142801,4.497880570142801,25-50%
6.0,10.393662995070082,4.393662995070082,4.393662995070082,25-50%
6.0,10.204794355357816,4.204794355357816,4.204794355357816,25-50%
6.0,10.204794355357816,4.204794355357816,4.204794355357816,25-50%
17.0,6.3071514623101885,-10.692848537689812,10.692848537689812,75-100%
6.0,10.393662995070082,4.393662995070082,4.393662995070082,25-50%
6.0,10.204794355357816,4.204794355357816,4.204794355357816,25-50%
6.0,10.204794355357816,4.204794355357816,4.204794355357816,25-50%
17.0,6.151933587639963,-10.848066412360037,10.848066412360037,75-100%
17.0,6.151933587639963,-10.848066412360037,10.848066412360037,75-100%
17.0,5.983305937545052,-11.016694062454949,11.016694062454949,75-100%
17.0,6.3071514623101885,-10.692848537689812,10.692848537689812,75-100%
17.0,6.435569027853659,-10.56443097214634,10.56443097214634,75-100%
17.0,6.62374300140061,-10.376256998599391,10.376256998599391,75-100%
17.0,5.983305937545052,-11.016694062454949,11.016694062454949,75-100%
17.0,5.983305937545052,-11.016694062454949,11.016694062454949,75-100%
17.0,6.106032167125801,-10.8939678328742,10.8939678328742,75-100%
17.0,6.106032167125801,-10.8939678328742,10.8939678328742,75-100%
17.0,6.106032167125801,-10.8939678328742,10.8939678328742,75-100%
17.0,6.5331390232873074,-10.466860976712692,10.466860976712692,75-100%
5.0,9.56995701308458,4.569957013084579,4.569957013084579,0-25%
5.0,8.294920510519407,3.2949205105194075,3.2949205105194075,0-25%
5.0,8.724319894214915,3.724319894214915,3.724319894214915,0-25%
17.0,6.525374017102174,-10.474625982897827,10.474625982897827,75-100%
17.0,6.2776233184455394,-10.722376681554461,10.722376681554461,75-100%
17.0,6.106032167125801,-10.8939678328742,10.8939678328742,75-100%
17.0,6.2776233184455394,-10.722376681554461,10.722376681554461,75-100%
17.0,6.19113278174458,-10.80886721825542,10.80886721825542,75-100%
5.0,9.576710557299045,4.5767105572990445,4.5767105572990445,0-25%
5.0,9.622001835913101,4.622001835913101,4.622001835913101,0-25%
5.0,9.687527201166107,4.687527201166107,4.687527201166107,0-25%
5.0,9.45633390355377,4.4563339035537695,4.4563339035537695,0-25%
17.0,6.2776233184455394,-10.722376681554461,10.722376681554461,75-100%
17.0,6.2776233184455394,-10.722376681554461,10.722376681554461,75-100%
17.0,6.171030880986921,-10.82896911901308,10.82896911901308,75-100%
17.0,6.106032167125801,-10.8939678328742,10.8939678328742,75-100%
17.0,6.106032167125801,-10.8939678328742,10.8939678328742,75-100%
5.0,9.622001835913101,4.622001835913101,4.622001835913101,0-25%
5.0,9.463014849677908,4.463014849677908,4.463014849677908,0-25%
5.0,9.622001835913101,4.622001835913101,4.622001835913101,0-25%
5.0,9.507819263879519,4.507819263879519,4.507819263879519,0-25%
5.0,9.520988060571481,4.520988060571481,4.520988060571481,0-25%
5.0,9.56995701308458,4.569957013084579,4.569957013084579,0-25%
5.0,8.724319894214915,3.724319894214915,3.724319894214915,0-25%
5.0,8.724319894214915,3.724319894214915,3.724319894214915,0-25%
17.0,6.2776233184455394,-10.722376681554461,10.722376681554461,75-100%
17.0,6.039155352111394,-10.960844647888607,10.960844647888607,75-100%
17.0,6.375129558661127,-10.624870441338873,10.624870441338873,75-100%
17.0,6.106032167125801,-10.8939678328742,10.8939678328742,75-100%
3.0,11.435059742842538,8.435059742842538,8.435059742842538,0-25%
5.0,8.861166895074193,3.8611668950741933,3.8611668950741933,0-25%
5.0,9.576710557299045,4.5767105572990445,4.5767105572990445,0-25%
5.0,9.622001835913101,4.622001835913101,4.622001835913101,0-25%
5.0,9.622001835913101,4.622001835913101,4.622001835913101,0-25%
5.0,9.520988060571481,4.520988060571481,4.520988060571481,0-25%
5.0,9.524887649002977,4.524887649002977,4.524887649002977,0-25%
5.0,8.803353335121349,3.803353335121349,3.803353335121349,0-25%
5.0,8.724319894214915,3.724319894214915,3.724319894214915,0-25%
3.0,11.435059742842538,8.435059742842538,8.435059742842538,0-25%
3.0,11.435059742842538,8.435059742842538,8.435059742842538,0-25%
3.0,11.517693839702766,8.517693839702766,8.517693839702766,0-25%
3.0,11.726441013408882,8.726441013408882,8.726441013408882,0-25%
3.0,11.186118992574794,8.186118992574794,8.186118992574794,0-25%
5.0,9.622001835913101,4.622001835913101,4.622001835913101,0-25%
5.0,9.576710557299045,4.5767105572990445,4.5767105572990445,0-25%
5.0,9.576710557299045,4.5767105572990445,4.5767105572990445,0-25%
5.0,9.740150921297715,4.740150921297715,4.740150921297715,0-25%
5.0,9.638013564417303,4.638013564417303,4.638013564417303,0-25%
5.0,9.449862248027387,4.449862248027387,4.449862248027387,0-25%
5.0,9.06362050541253,4.06362050541253,4.06362050541253,0-25%
3.0,11.436284354323346,8.436284354323346,8.436284354323346,0-25%
3.0,11.577585709739523,8.577585709739523,8.577585709739523,0-25%
3.0,11.632192899227432,8.632192899227432,8.632192899227432,0-25%
3.0,11.186118992574794,8.186118992574794,8.186118992574794,0-25%
3.0,11.075663177417724,8.075663177417724,8.075663177417724,0-25%
3.0,11.098973798175809,8.098973798175809,8.098973798175809,0-25%
3.0,11.075663177417724,8.075663177417724,8.075663177417724,0-25%
5.0,9.583811832704797,4.5838118327047965,4.5838118327047965,0-25%
5.0,9.701536128674045,4.701536128674045,4.701536128674045,0-25%
5.0,9.501315742928814,4.5013157429288135,4.5013157429288135,0-25%
5.0,9.56995701308458,4.569957013084579,4.569957013084579,0-25%
3.0,11.776978332045953,8.776978332045953,8.776978332045953,0-25%
3.0,11.517693839702766,8.517693839702766,8.517693839702766,0-25%
3.0,10.995947094452884,7.995947094452884,7.995947094452884,0-25%
3.0,11.496123566638916,8.496123566638916,8.496123566638916,0-25%
3.0,11.632192899227432,8.632192899227432,8.632192899227432,0-25%
3.0,11.517693839702766,8.517693839702766,8.517693839702766,0-25%
3.0,11.596571910544716,8.596571910544716,8.596571910544716,0-25%
3.0,11.711792465981025,8.711792465981025,8.711792465981025,0-25%
3.0,11.64242889641234,8.64242889641234,8.64242889641234,0-25%
3.0,11.726441013408882,8.726441013408882,8.726441013408882,0-25%
3.0,11.513417109293604,8.513417109293604,8.513417109293604,0-25%
3.0,11.449333078887285,8.449333078887285,8.449333078887285,0-25%
3.0,11.632192899227432,8.632192899227432,8.632192899227432,0-25%
11.0,11.517693839702766,0.5176938397027655,0.5176938397027655,50-75%
11.0,12.202930560782324,1.202930560782324,1.202930560782324,50-75%
11.0,11.818193055639245,0.8181930556392452,0.8181930556392452,50-75%
11.0,11.584507528907606,0.584507528907606,0.584507528907606,50-75%
11.0,11.776978332045953,0.7769783320459531,0.7769783320459531,50-75%
11.0,12.362612527589206,1.3626125275892065,1.3626125275892065,50-75%
11.0,13.043700591299302,2.0437005912993023,2.0437005912993023,50-75%
11.0,12.241492894647639,1.2414928946476387,1.2414928946476387,50-75%
11.0,11.903373169642514,0.9033731696425136,0.9033731696425136,50-75%
11.0,11.961545664891322,0.9615456648913216,0.9615456648913216,50-75%
11.0,11.914271705224692,0.9142717052246923,0.9142717052246923,50-75%
11.0,13.137024510841018,2.1370245108410177,2.1370245108410177,50-75%
11.0,13.266335551013167,2.2663355510131673,2.2663355510131673,50-75%
11.0,13.043700591299302,2.0437005912993023,2.0437005912993023,50-75%
11.0,12.202930560782324,1.202930560782324,1.202930560782324,50-75%
11.0,12.031335279800784,1.0313352798007838,1.0313352798007838,50-75%
11.0,11.983806780164487,0.9838067801644872,0.9838067801644872,50-75%
11.0,12.031335279800784,1.0313352798007838,1.0313352798007838,50-75%
11.0,12.925425703381531,1.9254257033815314,1.9254257033815314,50-75%
11.0,12.925425703381531,1.9254257033815314,1.9254257033815314,50-75%
11.0,12.925425703381531,1.9254257033815314,1.9254257033815314,50-75%
11.0,12.031335279800784,1.0313352798007838,1.0313352798007838,50-75%
11.0,12.312428308010603,1.3124283080106025,1.3124283080106025,50-75%
11.0,12.031335279800784,1.0313352798007838,1.0313352798007838,50-75%
11.0,12.031335279800784,1.0313352798007838,1.0313352798007838,50-75%
11.0,12.386805499413603,1.3868054994136028,1.3868054994136028,50-75%
11.0,13.076745485683118,2.0767454856831176,2.0767454856831176,50-75%
11.0,13.076745485683118,2.0767454856831176,2.0767454856831176,50-75%
11.0,12.312428308010603,1.3124283080106025,1.3124283080106025,50-75%
11.0,12.777568438794013,1.7775684387940132,1.7775684387940132,50-75%
11.0,12.312428308010603,1.3124283080106025,1.3124283080106025,50-75%
11.0,12.386805499413603,1.3868054994136028,1.3868054994136028,50-75%
11.0,13.076745485683118,2.0767454856831176,2.0767454856831176,50-75%
8.0,7.186902660852959,-0.8130973391470411,0.8130973391470411,25-50%
8.0,6.38362020640969,-1.6163797935903101,1.6163797935903101,25-50%
8.0,6.467513072905725,-1.5324869270942747,1.5324869270942747,25-50%
8.0,6.38362020640969,-1.6163797935903101,1.6163797935903101,25-50%
8.0,6.309835914817562,-1.6901640851824382,1.6901640851824382,25-50%
8.0,7.600023689182057,-0.3999763108179426,0.3999763108179426,25-50%
8.0,7.186902660852959,-0.8130973391470411,0.8130973391470411,25-50%
8.0,6.309835914817562,-1.6901640851824382,1.6901640851824382,25-50%
8.0,6.309835914817562,-1.6901640851824382,1.6901640851824382,25-50%
8.0,6.467513072905725,-1.5324869270942747,1.5324869270942747,25-50%
8.0,6.509234435551014,-1.490765564448986,1.490765564448986,25-50%
8.0,6.467513072905725,-1.5324869270942747,1.5324869270942747,25-50%
8.0,7.600023689182057,-0.3999763108179426,0.3999763108179426,25-50%
8.0,6.309835914817562,-1.6901640851824382,1.6901640851824382,25-50%
8.0,6.509234435551014,-1.490765564448986,1.490765564448986,25-50%
8.0,6.467513072905725,-1.5324869270942747,1.5324869270942747,25-50%
8.0,6.467513072905725,-1.5324869270942747,1.5324869270942747,25-50%
8.0,6.245928886543692,-1.754071113456308,1.754071113456308,25-50%
8.0,6.309835914817562,-1.6901640851824382,1.6901640851824382,25-50%
9.0,13.480840622517078,4.4808406225170785,4.4808406225170785,50-75%
9.0,14.099677094947564,5.099677094947564,5.099677094947564,50-75%
9.0,13.992040855357143,4.992040855357143,4.992040855357143,50-75%
9.0,13.992040855357143,4.992040855357143,4.992040855357143,50-75%
8.0,6.9006516801356526,-1.0993483198643474,1.0993483198643474,25-50%
8.0,6.3174871527824825,-1.6825128472175175,1.6825128472175175,25-50%
8.0,6.183388997684177,-1.816611002315823,1.816611002315823,25-50%
8.0,6.089251868301623,-1.9107481316983774,1.9107481316983774,25-50%
8.0,6.102688088520948,-1.8973119114790524,1.8973119114790524,25-50%
8.0,6.183388997684177,-1.816611002315823,1.816611002315823,25-50%
8.0,6.3174871527824825,-1.6825128472175175,1.6825128472175175,25-50%
7.0,6.161241086992018,-0.8387589130079824,0.8387589130079824,25-50%
7.0,5.686230217177011,-1.3137697828229893,1.3137697828229893,25-50%
9.0,14.64069581705644,5.640695817056439,5.640695817056439,50-75%
9.0,14.303044327082672,5.303044327082672,5.303044327082672,50-75%
9.0,13.992040855357143,4.992040855357143,4.992040855357143,50-75%
9.0,14.099677094947564,5.099677094947564,5.099677094947564,50-75%
9.0,12.77285657032942,3.77285657032942,3.77285657032942,50-75%
9.0,12.77285657032942,3.77285657032942,3.77285657032942,50-75%
8.0,6.639496286502997,-1.3605037134970033,1.3605037134970033,25-50%
8.0,6.018266560219559,-1.9817334397804407,1.9817334397804407,25-50%
8.0,5.938263062940797,-2.0617369370592034,2.0617369370592034,25-50%
8.0,5.979273018758931,-2.0207269812410686,2.0207269812410686,25-50%
8.0,5.979273018758931,-2.0207269812410686,2.0207269812410686,25-50%
8.0,5.887810795652973,-2.112189204347027,2.112189204347027,25-50%
8.0,6.223522945153512,-1.776477054846488,1.776477054846488,25-50%
7.0,5.887810795652973,-1.1121892043470272,1.1121892043470272,25-50%
7.0,5.887810795652973,-1.1121892043470272,1.1121892043470272,25-50%
7.0,6.001727196639431,-0.9982728033605692,0.9982728033605692,25-50%
9.0,14.64069581705644,5.640695817056439,5.640695817056439,50-75%
9.0,12.685096601570638,3.6850966015706383,3.6850966015706383,50-75%
9.0,12.77285657032942,3.77285657032942,3.77285657032942,50-75%
9.0,12.674678411927308,3.6746784119273084,3.6746784119273084,50-75%
9.0,12.270115621970673,3.270115621970673,3.270115621970673,50-75%
9.0,12.083834400116594,3.0838344001165936,3.0838344001165936,50-75%
8.0,5.686230217177011,-2.3137697828229893,2.3137697828229893,25-50%
8.0,5.686230217177011,-2.3137697828229893,2.3137697828229893,25-50%
8.0,5.938263062940797,-2.0617369370592034,2.0617369370592034,25-50%
8.0,5.8275933674654805,-2.1724066325345195,2.1724066325345195,25-50%
8.0,5.887810795652973,-2.112189204347027,2.112189204347027,25-50%
7.0,5.887810795652973,-1.1121892043470272,1.1121892043470272,25-50%
7.0,5.8957658317875286,-1.1042341682124714,1.1042341682124714,25-50%
7.0,5.8628317490974435,-1.1371682509025565,1.1371682509025565,25-50%
7.0,5.805397956609385,-1.1946020433906153,1.1946020433906153,25-50%
7.0,5.686230217177011,-1.3137697828229893,1.3137697828229893,25-50%
7.0,5.686230217177011,-1.3137697828229893,1.3137697828229893,25-50%
9.0,14.33231977133238,5.332319771332379,5.332319771332379,50-75%
9.0,13.043700591299302,4.043700591299302,4.043700591299302,50-75%
9.0,13.043700591299302,4.043700591299302,4.043700591299302,50-75%
9.0,12.28833089464256,3.2883308946425593,3.2883308946425593,50-75%
9.0,12.54869328815999,3.54869328815999,3.54869328815999,50-75%
9.0,12.270115621970673,3.270115621970673,3.270115621970673,50-75%
9.0,12.27595106235119,3.27595106235119,3.27595106235119,50-75%
7.0,5.731763052061634,-1.268236947938366,1.268236947938366,25-50%
7.0,5.686230217177011,-1.3137697828229893,1.3137697828229893,25-50%
7.0,5.686230217177011,-1.3137697828229893,1.3137697828229893,25-50%
7.0,5.686230217177011,-1.3137697828229893,1.3137697828229893,25-50%
7.0,6.495856293060231,-0.504143706939769,0.504143706939769,25-50%
9.0,13.969500775696591,4.969500775696591,4.969500775696591,50-75%
9.0,12.358501490880851,3.358501490880851,3.358501490880851,50-75%
9.0,12.474669670062921,3.474669670062921,3.474669670062921,50-75%
9.0,12.554651231117628,3.554651231117628,3.554651231117628,50-75%
9.0,12.554651231117628,3.554651231117628,3.554651231117628,50-75%
9.0,12.150668856362179,3.150668856362179,3.150668856362179,50-75%
7.0,6.495856293060231,-0.504143706939769,0.504143706939769,25-50%
9.0,12.704101189969979,3.704101189969979,3.704101189969979,50-75%
9.0,12.111290078054672,3.1112900780546724,3.1112900780546724,50-75%
9.0,11.781306247749265,2.7813062477492654,2.7813062477492654,50-75%
9.0,11.781306247749265,2.7813062477492654,2.7813062477492654,50-75%
9.0,11.781306247749265,2.7813062477492654,2.7813062477492654,50-75%
9.0,11.62113384903995,2.62113384903995,2.62113384903995,50-75%
78.0,10.58993162341763,-67.41006837658237,67.41006837658237,75-100%
78.0,9.02494247311796,-68.97505752688204,68.97505752688204,75-100%
78.0,8.72718337752552,-69.27281662247448,69.27281662247448,75-100%
78.0,8.734454555959767,-69.26554544404023,69.26554544404023,75-100%
78.0,10.68342370595008,-67.31657629404992,67.31657629404992,75-100%
78.0,9.892121473466782,-68.10787852653321,68.10787852653321,75-100%
78.0,9.065839357389041,-68.93416064261096,68.93416064261096,75-100%
78.0,8.783983317028945,-69.21601668297106,69.21601668297106,75-100%
78.0,8.734454555959767,-69.26554544404023,69.26554544404023,75-100%
78.0,10.628316995324134,-67.37168300467587,67.37168300467587,75-100%
78.0,10.68342370595008,-67.31657629404992,67.31657629404992,75-100%
49.5,10.455812871072244,-39.04418712892776,39.04418712892776,75-100%
49.5,10.164720034012642,-39.335279965987354,39.335279965987354,75-100%
49.5,8.734454555959767,-40.765545444040235,40.765545444040235,75-100%
49.5,10.377353753657948,-39.12264624634205,39.12264624634205,75-100%
78.0,10.933612747328137,-67.06638725267186,67.06638725267186,75-100%
78.0,11.560138335526592,-66.43986166447341,66.43986166447341,75-100%
78.0,12.32733068040815,-65.67266931959185,65.67266931959185,75-100%
49.5,10.555769884813735,-38.944230115186265,38.944230115186265,75-100%
49.5,10.58993162341763,-38.91006837658237,38.91006837658237,75-100%
49.5,9.797158184461685,-39.702841815538314,39.702841815538314,75-100%
49.5,9.72233587421042,-39.77766412578958,39.77766412578958,75-100%
49.5,10.377353753657948,-39.12264624634205,39.12264624634205,75-100%
49.5,10.716867773233758,-38.78313222676624,38.78313222676624,75-100%
78.0,12.804148557010219,-65.19585144298978,65.19585144298978,75-100%
44.0,11.617555848469529,-32.38244415153047,32.38244415153047,75-100%
10.0,11.594177482374647,1.594177482374647,1.594177482374647,50-75%
10.0,11.311263999578777,1.3112639995787774,1.3112639995787774,50-75%
10.0,9.561181445926252,-0.43881855407374815,0.43881855407374815,50-75%
21.0,10.433297937978795,-10.566702062021205,10.566702062021205,75-100%
49.5,10.58993162341763,-38.91006837658237,38.91006837658237,75-100%
49.5,8.734454555959767,-40.765545444040235,40.765545444040235,75-100%
49.5,9.936214646542322,-39.563785353457675,39.563785353457675,75-100%
49.5,11.58891857015769,-37.91108142984231,37.91108142984231,75-100%
49.5,11.459493624737677,-38.040506375262325,38.040506375262325,75-100%
49.5,11.241628307202756,-38.25837169279724,38.25837169279724,75-100%
36.333333333333336,9.92373147465981,-26.409601858673525,26.409601858673525,75-100%
10.0,11.721330911160145,1.7213309111601447,1.7213309111601447,50-75%
10.0,11.326737018976328,1.3267370189763277,1.3267370189763277,50-75%
10.0,9.027189098817695,-0.9728109011823047,0.9728109011823047,50-75%
10.0,8.232003113942353,-1.767996886057647,1.767996886057647,50-75%
10.0,8.410425627132472,-1.5895743728675278,1.5895743728675278,50-75%
21.0,10.58993162341763,-10.41006837658237,10.41006837658237,75-100%
49.5,10.716867773233758,-38.78313222676624,38.78313222676624,75-100%
49.5,11.604740550844392,-37.89525944915561,37.89525944915561,75-100%
49.5,11.458878424022107,-38.0411215759779,38.0411215759779,75-100%
36.333333333333336,9.778160441846396,-26.55517289148694,26.55517289148694,75-100%
36.333333333333336,9.824314363226213,-26.50901897010712,26.50901897010712,75-100%
10.0,9.92373147465981,-0.0762685253401898,0.0762685253401898,50-75%
10.0,10.005419287762283,0.005419287762283176,0.005419287762283176,50-75%
10.0,10.030100884850345,0.03010088485034501,0.03010088485034501,50-75%
10.0,10.030100884850345,0.03010088485034501,0.03010088485034501,50-75%
10.0,9.206641519898119,-0.7933584801018814,0.7933584801018814,50-75%
10.0,9.102026386209282,-0.8979736137907182,0.8979736137907182,50-75%
21.0,11.319764715373491,-9.680235284626509,9.680235284626509,75-100%
21.0,11.535402931131134,-9.464597068868866,9.464597068868866,75-100%
21.0,11.565593264479926,-9.434406735520074,9.434406735520074,75-100%
21.0,13.32373151811387,-7.6762684818861295,7.6762684818861295,75-100%
15.5,9.824314363226213,-5.675685636773787,5.675685636773787,75-100%
10.0,9.944713781498464,-0.0552862185015357,0.0552862185015357,50-75%
10.0,10.030100884850345,0.03010088485034501,0.03010088485034501,50-75%
10.0,10.005419287762283,0.005419287762283176,0.005419287762283176,50-75%
10.0,9.321797497912659,-0.6782025020873412,0.6782025020873412,50-75%
10.0,9.131375830377788,-0.8686241696222119,0.8686241696222119,50-75%
21.0,13.833315697368919,-7.166684302631081,7.166684302631081,75-100%
21.0,13.446419505884004,-7.553580494115996,7.553580494115996,75-100%
21.0,13.273046606770537,-7.726953393229463,7.726953393229463,75-100%
21.0,13.62814563109827,-7.3718543689017295,7.3718543689017295,75-100%
21.0,12.854794612209258,-8.145205387790742,8.145205387790742,75-100%
21.0,13.44014807958713,-7.55985192041287,7.55985192041287,75-100%
10.0,11.905812272823262,1.9058122728232618,1.9058122728232618,50-75%
10.0,9.848237590286748,-0.1517624097132515,0.1517624097132515,50-75%
10.0,11.592522983680988,1.592522983680988,1.592522983680988,50-75%
10.0,12.00232211319453,2.0023221131945306,2.0023221131945306,50-75%
10.0,9.950883418009155,-0.049116581990844566,0.049116581990844566,50-75%
10.0,9.28088208860933,-0.7191179113906703,0.7191179113906703,50-75%
10.0,9.102026386209282,-0.8979736137907182,0.8979736137907182,50-75%
5.0,11.565593264479926,6.565593264479926,6.565593264479926,0-25%
21.0,12.573095709184159,-8.426904290815841,8.426904290815841,75-100%
21.0,13.62814563109827,-7.3718543689017295,7.3718543689017295,75-100%
10.0,11.68954500626481,1.6895450062648099,1.6895450062648099,50-75%
10.0,11.91536886434693,1.9153688643469309,1.9153688643469309,50-75%
10.0,12.005248105612221,2.005248105612221,2.005248105612221,50-75%
10.0,10.005419287762283,0.005419287762283176,0.005419287762283176,50-75%
10.0,9.983069507899547,-0.016930492100453165,0.016930492100453165,50-75%
10.0,9.206641519898119,-0.7933584801018814,0.7933584801018814,50-75%
5.0,9.572410021653118,4.572410021653118,4.572410021653118,0-25%
5.0,9.689718189921287,4.689718189921287,4.689718189921287,0-25%
5.0,11.249351246455952,6.2493512464559515,6.2493512464559515,0-25%
40.0,11.560138335526592,-28.43986166447341,28.43986166447341,75-100%
40.0,11.560138335526592,-28.43986166447341,28.43986166447341,75-100%
40.0,13.125928493726665,-26.874071506273335,26.874071506273335,75-100%
75.0,13.713403634165122,-61.28659636583488,61.28659636583488,75-100%
75.0,13.713403634165122,-61.28659636583488,61.28659636583488,75-100%
5.0,8.738457924707378,3.7384579247073777,3.7384579247073777,0-25%
40.0,9.763094969053748,-30.236905030946254,30.236905030946254,75-100%
40.0,11.390392661346764,-28.609607338653234,28.609607338653234,75-100%
40.0,12.599824422405938,-27.400175577594062,27.400175577594062,75-100%
40.0,13.383016614529623,-26.616983385470377,26.616983385470377,75-100%
75.0,13.55140555951447,-61.44859444048553,61.44859444048553,75-100%
75.0,13.65267013079922,-61.34732986920078,61.34732986920078,75-100%
75.0,13.815795564969292,-61.18420443503071,61.18420443503071,75-100%
75.0,11.744991451149907,-63.25500854885009,63.25500854885009,75-100%
40.0,9.523026871181404,-30.476973128818596,30.476973128818596,75-100%
40.0,11.249351246455952,-28.75064875354405,28.75064875354405,75-100%
40.0,12.599824422405938,-27.400175577594062,27.400175577594062,75-100%
40.0,12.704607433241534,-27.295392566758466,27.295392566758466,75-100%
40.0,11.617601528336573,-28.38239847166343,28.38239847166343,75-100%
75.0,12.865053913209012,-62.13494608679099,62.13494608679099,75-100%
75.0,13.815795564969292,-61.18420443503071,61.18420443503071,75-100%
75.0,13.506212400786135,-61.49378759921387,61.49378759921387,75-100%
5.0,8.73480956135652,3.7348095613565206,3.7348095613565206,0-25%
5.0,8.453909766690355,3.453909766690355,3.453909766690355,0-25%
5.0,8.481475768354986,3.4814757683549864,3.4814757683549864,0-25%
40.0,11.100155688184945,-28.899844311815055,28.899844311815055,75-100%
40.0,12.599824422405938,-27.400175577594062,27.400175577594062,75-100%
40.0,12.704607433241534,-27.295392566758466,27.295392566758466,75-100%
40.0,13.291307583505864,-26.708692416494138,26.708692416494138,75-100%
75.0,11.510445001325401,-63.4895549986746,63.4895549986746,75-100%
75.0,12.704607433241534,-62.295392566758466,62.295392566758466,75-100%
75.0,13.54314004657146,-61.45685995342854,61.45685995342854,75-100%
5.0,9.113466992484447,4.113466992484447,4.113466992484447,0-25%
5.0,9.042466987221829,4.042466987221829,4.042466987221829,0-25%
40.0,11.263581735722093,-28.73641826427791,28.73641826427791,75-100%
40.0,12.537687037561067,-27.462312962438933,27.462312962438933,75-100%
40.0,12.704607433241534,-27.295392566758466,27.295392566758466,75-100%
75.0,13.667707348459023,-61.332292651540975,61.332292651540975,75-100%
75.0,13.354748637354838,-61.64525136264516,61.64525136264516,75-100%
75.0,13.55140555951447,-61.44859444048553,61.44859444048553,75-100%
5.0,9.617964005061209,4.617964005061209,4.617964005061209,0-25%
5.0,9.66475432899516,4.66475432899516,4.66475432899516,0-25%
5.0,11.100155688184945,6.100155688184945,6.100155688184945,0-25%
40.0,12.40777710976989,-27.59222289023011,27.59222289023011,75-100%
75.0,13.44014807958713,-61.55985192041287,61.55985192041287,75-100%
75.0,13.713403634165122,-61.28659636583488,61.28659636583488,75-100%
75.0,11.510445001325401,-63.4895549986746,63.4895549986746,75-100%
17.0,5.433302194734374,-11.566697805265626,11.566697805265626,75-100%
17.0,5.433302194734374,-11.566697805265626,11.566697805265626,75-100%
17.0,5.647896867849255,-11.352103132150745,11.352103132150745,75-100%
17.0,5.588900211334035,-11.411099788665965,11.411099788665965,75-100%
17.0,5.5291779696363355,-11.470822030363664,11.470822030363664,75-100%
17.0,5.477112604648646,-11.522887395351354,11.522887395351354,75-100%
17.0,5.433302194734374,-11.566697805265626,11.566697805265626,75-100%
17.0,5.433302194734374,-11.566697805265626,11.566697805265626,75-100%
17.0,5.433302194734374,-11.566697805265626,11.566697805265626,75-100%
17.0,5.647896867849255,-11.352103132150745,11.352103132150745,75-100%
17.0,5.51685016251423,-11.483149837485769,11.483149837485769,75-100%
17.0,5.433302194734374,-11.566697805265626,11.566697805265626,75-100%
17.0,5.492147462909789,-11.507852537090212,11.507852537090212,75-100%
17.0,5.647896867849255,-11.352103132150745,11.352103132150745,75-100%
17.0,5.51685016251423,-11.483149837485769,11.483149837485769,75-100%
17.0,5.433302194734374,-11.566697805265626,11.566697805265626,75-100%
17.0,5.647896867849255,-11.352103132150745,11.352103132150745,75-100%
16.0,5.744481664948793,-10.255518335051207,10.255518335051207,75-100%
17.0,5.433302194734374,-11.566697805265626,11.566697805265626,75-100%
17.0,5.477112604648646,-11.522887395351354,11.522887395351354,75-100%
16.0,5.744481664948793,-10.255518335051207,10.255518335051207,75-100%
16.0,5.744481664948793,-10.255518335051207,10.255518335051207,75-100%
16.0,5.609827760317215,-10.390172239682785,10.390172239682785,75-100%
16.0,5.569415992821142,-10.430584007178858,10.430584007178858,75-100%
16.0,5.492147462909789,-10.507852537090212,10.507852537090212,75-100%
14.0,8.364637435123383,-5.635362564876617,5.635362564876617,50-75%
14.0,8.364637435123383,-5.635362564876617,5.635362564876617,50-75%
16.0,5.908971939034867,-10.091028060965133,10.091028060965133,75-100%
16.0,5.922577378322441,-10.07742262167756,10.07742262167756,75-100%
16.0,5.670287703807439,-10.329712296192561,10.329712296192561,75-100%
16.0,5.492147462909789,-10.507852537090212,10.507852537090212,75-100%
16.0,5.433302194734374,-10.566697805265626,10.566697805265626,75-100%
16.0,5.6490025079634005,-10.3509974920366,10.3509974920366,75-100%
16.0,5.433302194734374,-10.566697805265626,10.566697805265626,75-100%
14.0,8.655695828341418,-5.344304171658582,5.344304171658582,50-75%
14.0,8.778383245324022,-5.221616754675978,5.221616754675978,50-75%
16.0,5.8464242412067255,-10.153575758793274,10.153575758793274,75-100%
16.0,5.609827760317215,-10.390172239682785,10.390172239682785,75-100%
16.0,5.564359960777329,-10.43564003922267,10.43564003922267,75-100%
16.0,5.477112604648646,-10.522887395351354,10.522887395351354,75-100%
14.0,8.962116653063815,-5.0378833469361854,5.0378833469361854,50-75%
14.0,9.196166016759394,-4.803833983240606,4.803833983240606,50-75%
14.0,9.463346141240656,-4.536653858759344,4.536653858759344,50-75%
14.0,9.463346141240656,-4.536653858759344,4.536653858759344,50-75%
14.0,9.642596595833151,-4.357403404166849,4.357403404166849,50-75%
14.0,9.561747232164812,-4.438252767835188,4.438252767835188,50-75%
14.0,9.688170009702008,-4.311829990297992,4.311829990297992,50-75%
16.0,5.670287703807439,-10.329712296192561,10.329712296192561,75-100%
16.0,5.609827760317215,-10.390172239682785,10.390172239682785,75-100%
16.0,5.5291779696363355,-10.470822030363664,10.470822030363664,75-100%
16.0,5.588900211334035,-10.411099788665965,10.411099788665965,75-100%
13.0,5.703246638135878,-7.296753361864122,7.296753361864122,50-75%
13.0,5.569415992821142,-7.430584007178858,7.430584007178858,50-75%
10.0,5.502084404874882,-4.497915595125118,4.497915595125118,50-75%
14.0,9.60925237505609,-4.390747624943909,4.390747624943909,50-75%
14.0,9.83050391323263,-4.169496086767371,4.169496086767371,50-75%
14.0,9.77020018086078,-4.22979981913922,4.22979981913922,50-75%
14.0,9.561747232164812,-4.438252767835188,4.438252767835188,50-75%
14.0,9.60040954499663,-4.39959045500337,4.39959045500337,50-75%
14.0,9.287231336280362,-4.712768663719638,4.712768663719638,50-75%
16.0,5.662188895113738,-10.337811104886262,10.337811104886262,75-100%
13.0,5.733393368995193,-7.266606631004807,7.266606631004807,50-75%
13.0,5.670287703807439,-7.329712296192561,7.329712296192561,50-75%
10.0,5.609827760317215,-4.390172239682785,4.390172239682785,50-75%
14.0,9.920169322138207,-4.079830677861793,4.079830677861793,50-75%
14.0,9.77020018086078,-4.22979981913922,4.22979981913922,50-75%
14.0,9.77020018086078,-4.22979981913922,4.22979981913922,50-75%
14.0,9.77020018086078,-4.22979981913922,4.22979981913922,50-75%
14.0,9.727507311836,-4.272492688164,4.272492688164,50-75%
14.0,9.39454765994294,-4.6054523400570595,4.6054523400570595,50-75%
14.0,9.20832240734661,-4.791677592653389,4.791677592653389,50-75%
10.0,5.509193038696304,-4.490806961303696,4.490806961303696,50-75%
10.0,5.609827760317215,-4.390172239682785,4.390172239682785,50-75%
10.0,5.764610113454905,-4.235389886545095,4.235389886545095,50-75%
10.0,5.8281974670718135,-4.1718025329281865,4.1718025329281865,50-75%
10.0,5.8464242412067255,-4.1535757587932745,4.1535757587932745,50-75%
10.0,6.160230843100283,-3.8397691568997168,3.8397691568997168,50-75%
14.0,9.642596595833151,-4.357403404166849,4.357403404166849,50-75%
14.0,9.243367489538832,-4.756632510461168,4.756632510461168,50-75%
14.0,9.243367489538832,-4.756632510461168,4.756632510461168,50-75%
14.0,9.415249038234416,-4.584750961765584,4.584750961765584,50-75%
14.0,9.688170009702008,-4.311829990297992,4.311829990297992,50-75%
22.0,12.76788271257824,-9.23211728742176,9.23211728742176,75-100%
22.0,12.76788271257824,-9.23211728742176,9.23211728742176,75-100%
16.0,6.3177500657327235,-9.682249934267276,9.682249934267276,75-100%
10.0,5.764610113454905,-4.235389886545095,4.235389886545095,50-75%
10.0,6.034385541012973,-3.9656144589870266,3.9656144589870266,50-75%
10.0,6.032773676287762,-3.9672263237122376,3.9672263237122376,50-75%
10.0,6.095330021520473,-3.904669978479527,3.904669978479527,50-75%
10.0,5.9141517318227255,-4.0858482681772745,4.0858482681772745,50-75%
10.0,6.032773676287762,-3.9672263237122376,3.9672263237122376,50-75%
10.0,5.942046441311261,-4.057953558688739,4.057953558688739,50-75%
14.0,8.951317710017815,-5.048682289982185,5.048682289982185,50-75%
22.0,13.066408875193469,-8.933591124806531,8.933591124806531,75-100%
16.0,6.3177500657327235,-9.682249934267276,9.682249934267276,75-100%
16.0,6.832374003552648,-9.167625996447352,9.167625996447352,75-100%
10.0,6.0071234129848365,-3.9928765870151635,3.9928765870151635,50-75%
10.0,6.074666755878797,-3.9253332441212034,3.9253332441212034,50-75%
10.0,6.074666755878797,-3.9253332441212034,3.9253332441212034,50-75%
10.0,6.0706406544478595,-3.9293593455521405,3.9293593455521405,50-75%
10.0,6.044852280919153,-3.9551477190808466,3.9551477190808466,50-75%
10.0,6.0706406544478595,-3.9293593455521405,3.9293593455521405,50-75%
22.0,13.593082850413321,-8.406917149586679,8.406917149586679,75-100%
22.0,14.261958394653941,-7.738041605346059,7.738041605346059,75-100%
16.0,6.785994113327442,-9.214005886672558,9.214005886672558,75-100%
16.0,6.629227150020304,-9.370772849979696,9.370772849979696,75-100%
10.0,6.1333400987849975,-3.8666599012150025,3.8666599012150025,50-75%
10.0,6.0706406544478595,-3.9293593455521405,3.9293593455521405,50-75%
10.0,6.1333400987849975,-3.8666599012150025,3.8666599012150025,50-75%
10.0,6.0706406544478595,-3.9293593455521405,3.9293593455521405,50-75%
22.0,13.31836626067785,-8.68163373932215,8.68163373932215,75-100%
22.0,13.806044139480079,-8.193955860519921,8.193955860519921,75-100%
22.0,14.47450905909096,-7.525490940909039,7.525490940909039,75-100%
22.0,14.47450905909096,-7.525490940909039,7.525490940909039,75-100%
14.5,8.888118922250687,-5.611881077749313,5.611881077749313,50-75%
14.5,8.499356684846939,-6.000643315153061,6.000643315153061,50-75%
8.5,5.926234600315022,-2.5737653996849783,2.5737653996849783,50-75%
8.5,6.119320432361976,-2.3806795676380244,2.3806795676380244,50-75%
22.0,13.30758080606023,-8.69241919393977,8.69241919393977,75-100%
22.0,13.57216425366756,-8.42783574633244,8.42783574633244,75-100%
22.0,14.653742619621582,-7.346257380378418,7.346257380378418,75-100%
22.0,14.504877682045718,-7.495122317954282,7.495122317954282,75-100%
14.5,8.746750408289401,-5.753249591710599,5.753249591710599,50-75%
14.5,8.907524291050107,-5.592475708949893,5.592475708949893,50-75%
14.5,8.907524291050107,-5.592475708949893,5.592475708949893,50-75%
7.0,6.751797181027192,-0.24820281897280783,0.24820281897280783,25-50%
7.0,6.751797181027192,-0.24820281897280783,0.24820281897280783,25-50%
7.0,6.0706406544478595,-0.9293593455521405,0.9293593455521405,25-50%
7.0,6.0706406544478595,-0.9293593455521405,0.9293593455521405,25-50%
22.0,13.51884769725911,-8.48115230274089,8.48115230274089,75-100%
22.0,14.51307853675085,-7.48692146324915,7.48692146324915,75-100%
22.0,14.504877682045718,-7.495122317954282,7.495122317954282,75-100%
14.5,8.907524291050107,-5.592475708949893,5.592475708949893,50-75%
14.5,8.907524291050107,-5.592475708949893,5.592475708949893,50-75%
14.5,8.888118922250687,-5.611881077749313,5.611881077749313,50-75%
7.0,6.820536832724643,-0.17946316727535727,0.17946316727535727,25-50%
7.0,6.0706406544478595,-0.9293593455521405,0.9293593455521405,25-50%
7.0,6.008824816516091,-0.9911751834839091,0.9911751834839091,25-50%
7.0,6.008824816516091,-0.9911751834839091,0.9911751834839091,25-50%
7.0,6.008824816516091,-0.9911751834839091,0.9911751834839091,25-50%
7.0,6.820536832724643,-0.17946316727535727,0.17946316727535727,25-50%
7.0,6.864230556470878,-0.13576944352912168,0.13576944352912168,25-50%
7.0,6.42382792740104,-0.5761720725989603,0.5761720725989603,25-50%
7.0,6.1333400987849975,-0.8666599012150025,0.8666599012150025,25-50%
7.0,6.0706406544478595,-0.9293593455521405,0.9293593455521405,25-50%
7.0,6.008824816516091,-0.9911751834839091,0.9911751834839091,25-50%
7.0,6.0706406544478595,-0.9293593455521405,0.9293593455521405,25-50%
7.0,6.0706406544478595,-0.9293593455521405,0.9293593455521405,25-50%
7.0,6.119320432361976,-0.8806795676380244,0.8806795676380244,25-50%
7.0,6.1333400987849975,-0.8666599012150025,0.8666599012150025,25-50%
7.0,6.05320145788332,-0.9467985421166798,0.9467985421166798,25-50%
7.0,6.0706406544478595,-0.9293593455521405,0.9293593455521405,25-50%
7.0,6.119320432361976,-0.8806795676380244,0.8806795676380244,25-50%
7.0,6.0706406544478595,-0.9293593455521405,0.9293593455521405,25-50%
7.0,6.173194420595752,-0.8268055794042484,0.8268055794042484,25-50%
7.0,6.0706406544478595,-0.9293593455521405,0.9293593455521405,25-50%
7.0,6.0706406544478595,-0.9293593455521405,0.9293593455521405,25-50%
7.0,6.1333400987849975,-0.8666599012150025,0.8666599012150025,25-50%
7.0,6.173194420595752,-0.8268055794042484,0.8268055794042484,25-50%
7.0,6.1333400987849975,-0.8666599012150025,0.8666599012150025,25-50%
7.0,6.0706406544478595,-0.9293593455521405,0.9293593455521405,25-50%
7.0,6.1333400987849975,-0.8666599012150025,0.8666599012150025,25-50%
15.0,8.426896564949974,-6.573103435050026,6.573103435050026,50-75%
15.0,7.848177866015861,-7.151822133984139,7.151822133984139,50-75%
15.0,8.149894352006841,-6.850105647993159,6.850105647993159,50-75%
15.0,8.149894352006841,-6.850105647993159,6.850105647993159,50-75%
15.0,8.216916070401625,-6.783083929598375,6.783083929598375,50-75%
48.0,14.307235174192492,-33.69276482580751,33.69276482580751,75-100%
48.0,11.828257682515265,-36.171742317484735,36.171742317484735,75-100%
48.0,11.828257682515265,-36.171742317484735,36.171742317484735,75-100%
15.0,8.149894352006841,-6.850105647993159,6.850105647993159,50-75%
15.0,8.160461968098085,-6.839538031901915,6.839538031901915,50-75%
15.0,8.08188231756593,-6.918117682434071,6.918117682434071,50-75%
15.0,8.04041562315243,-6.95958437684757,6.95958437684757,50-75%
15.0,7.848177866015861,-7.151822133984139,7.151822133984139,50-75%
15.0,7.848177866015861,-7.151822133984139,7.151822133984139,50-75%
48.0,13.30610426818256,-34.69389573181744,34.69389573181744,75-100%
48.0,12.385378402249033,-35.61462159775097,35.61462159775097,75-100%
15.0,7.908433437349323,-7.091566562650677,7.091566562650677,50-75%
15.0,7.848177866015861,-7.151822133984139,7.151822133984139,50-75%
15.0,7.848177866015861,-7.151822133984139,7.151822133984139,50-75%
15.0,7.848177866015861,-7.151822133984139,7.151822133984139,50-75%
15.0,9.181363879492826,-5.818636120507174,5.818636120507174,50-75%
48.0,13.927406654190888,-34.07259334580911,34.07259334580911,75-100%
48.0,13.30610426818256,-34.69389573181744,34.69389573181744,75-100%
48.0,11.58570999875571,-36.41429000124429,36.41429000124429,75-100%
48.0,11.587803181925697,-36.41219681807431,36.41219681807431,75-100%
48.0,11.828257682515265,-36.171742317484735,36.171742317484735,75-100%
48.0,12.740861799929156,-35.25913820007084,35.25913820007084,75-100%
48.0,12.931500952353856,-35.06849904764614,35.06849904764614,75-100%
15.0,9.181363879492826,-5.818636120507174,5.818636120507174,50-75%
48.0,11.848548698046969,-36.15145130195303,36.15145130195303,75-100%
48.0,11.848548698046969,-36.15145130195303,36.15145130195303,75-100%
48.0,11.828257682515265,-36.171742317484735,36.171742317484735,75-100%
27.0,15.61334213972438,-11.38665786027562,11.38665786027562,75-100%
27.0,15.334235227870144,-11.665764772129856,11.665764772129856,75-100%
27.0,15.381943290060722,-11.618056709939278,11.618056709939278,75-100%
27.0,15.381943290060722,-11.618056709939278,11.618056709939278,75-100%
27.0,15.237511037166582,-11.762488962833418,11.762488962833418,75-100%
27.0,15.17889889925961,-11.82110110074039,11.82110110074039,75-100%
27.0,15.701331680030373,-11.298668319969627,11.298668319969627,75-100%
27.0,15.772849630932795,-11.227150369067205,11.227150369067205,75-100%
27.0,15.742701460768252,-11.257298539231748,11.257298539231748,75-100%
27.0,15.742701460768252,-11.257298539231748,11.257298539231748,75-100%
27.0,15.525976518756575,-11.474023481243425,11.474023481243425,75-100%
27.0,15.381943290060722,-11.618056709939278,11.618056709939278,75-100%
27.0,16.27177340350396,-10.72822659649604,10.72822659649604,75-100%
27.0,16.12155596889701,-10.87844403110299,10.87844403110299,75-100%
60.0,15.857154563715955,-44.14284543628405,44.14284543628405,75-100%
60.0,15.558520169559879,-44.44147983044012,44.44147983044012,75-100%
60.0,15.742701460768252,-44.25729853923175,44.25729853923175,75-100%
60.0,15.564160507346385,-44.43583949265361,44.43583949265361,75-100%
27.0,15.381943290060722,-11.618056709939278,11.618056709939278,75-100%
27.0,15.686703447152915,-11.313296552847085,11.313296552847085,75-100%
60.0,15.742701460768252,-44.25729853923175,44.25729853923175,75-100%
60.0,15.564160507346385,-44.43583949265361,44.43583949265361,75-100%
60.0,15.406637620977232,-44.593362379022764,44.593362379022764,75-100%
60.0,15.374392475872105,-44.625607524127894,44.625607524127894,75-100%
60.0,15.406637620977232,-44.593362379022764,44.593362379022764,75-100%
27.0,15.857154563715955,-11.142845436284045,11.142845436284045,75-100%
60.0,15.564160507346385,-44.43583949265361,44.43583949265361,75-100%
60.0,13.493039277455813,-46.506960722544186,46.506960722544186,75-100%
60.0,14.289716567134159,-45.71028343286584,45.71028343286584,75-100%
60.0,15.406637620977232,-44.593362379022764,44.593362379022764,75-100%
93.0,15.718475020645615,-77.28152497935439,77.28152497935439,75-100%
93.0,15.718475020645615,-77.28152497935439,77.28152497935439,75-100%
60.0,15.226153264345767,-44.77384673565423,44.77384673565423,75-100%
60.0,14.121519114283224,-45.878480885716776,45.878480885716776,75-100%
93.0,15.693311329942095,-77.30668867005791,77.30668867005791,75-100%
93.0,15.878991910320542,-77.12100808967946,77.12100808967946,75-100%
93.0,16.060926352885986,-76.93907364711401,76.93907364711401,75-100%
93.0,13.41815076873137,-79.58184923126863,79.58184923126863,75-100%
85.0,16.282122827571957,-68.71787717242805,68.71787717242805,75-100%
85.0,16.922793188805695,-68.0772068111943,68.0772068111943,75-100%
73.5,15.853179165164292,-57.64682083483571,57.64682083483571,75-100%
10.0,14.48820885006175,4.488208850061749,4.488208850061749,50-75%
10.0,14.48820885006175,4.488208850061749,4.488208850061749,50-75%
10.0,12.404991240694176,2.4049912406941765,2.4049912406941765,50-75%
10.0,12.47180279776876,2.4718027977687598,2.4718027977687598,50-75%
10.0,12.404991240694176,2.4049912406941765,2.4049912406941765,50-75%
85.0,16.189375625714277,-68.81062437428572,68.81062437428572,75-100%
73.5,16.515700297071536,-56.98429970292847,56.98429970292847,75-100%
73.5,16.393560062362393,-57.1064399376376,57.1064399376376,75-100%
73.5,15.868754863926695,-57.631245136073304,57.631245136073304,75-100%
10.0,13.757670648849155,3.757670648849155,3.757670648849155,50-75%
10.0,14.41145912172605,4.41145912172605,4.41145912172605,50-75%
10.0,12.471748672806191,2.471748672806191,2.471748672806191,50-75%
10.0,12.356153585767784,2.3561535857677836,2.3561535857677836,50-75%
10.0,14.105424787029099,4.105424787029099,4.105424787029099,50-75%
85.0,16.848617410266385,-68.15138258973361,68.15138258973361,75-100%
73.5,16.393560062362393,-57.1064399376376,57.1064399376376,75-100%
73.5,16.393560062362393,-57.1064399376376,57.1064399376376,75-100%
73.5,16.515700297071536,-56.98429970292847,56.98429970292847,75-100%
73.5,15.673460098716822,-57.82653990128318,57.82653990128318,75-100%
62.0,13.202059393274054,-48.797940606725945,48.797940606725945,75-100%
10.0,10.825440297032195,0.8254402970321948,0.8254402970321948,50-75%
10.0,14.48820885006175,4.488208850061749,4.488208850061749,50-75%
10.0,13.757670648849155,3.757670648849155,3.757670648849155,50-75%
10.0,12.471748672806191,2.471748672806191,2.471748672806191,50-75%
10.0,14.105424787029099,4.105424787029099,4.105424787029099,50-75%
10.0,14.180650451234083,4.180650451234083,4.180650451234083,50-75%
85.0,16.833979206403058,-68.16602079359694,68.16602079359694,75-100%
85.0,16.922793188805695,-68.0772068111943,68.0772068111943,75-100%
73.5,16.307368623281196,-57.19263137671881,57.19263137671881,75-100%
73.5,16.374773634362352,-57.125226365637644,57.125226365637644,75-100%
73.5,15.541161224410825,-57.95883877558917,57.95883877558917,75-100%
73.5,15.490040510361332,-58.00995948963867,58.00995948963867,75-100%
73.5,15.490040510361332,-58.00995948963867,58.00995948963867,75-100%
62.0,14.440985747673047,-47.55901425232695,47.55901425232695,75-100%
62.0,14.271124229255577,-47.72887577074442,47.72887577074442,75-100%
62.0,14.125897939904688,-47.87410206009531,47.87410206009531,75-100%
10.0,12.471748672806191,2.471748672806191,2.471748672806191,50-75%
10.0,12.471748672806191,2.471748672806191,2.471748672806191,50-75%
10.0,12.471748672806191,2.471748672806191,2.471748672806191,50-75%
10.0,14.211366055912174,4.211366055912174,4.211366055912174,50-75%
10.0,14.071644923139344,4.071644923139344,4.071644923139344,50-75%
85.0,16.922793188805695,-68.0772068111943,68.0772068111943,75-100%
85.0,16.922793188805695,-68.0772068111943,68.0772068111943,75-100%
73.5,16.307368623281196,-57.19263137671881,57.19263137671881,75-100%
73.5,16.307368623281196,-57.19263137671881,57.19263137671881,75-100%
73.5,15.785164026167383,-57.71483597383262,57.71483597383262,75-100%
73.5,15.490040510361332,-58.00995948963867,58.00995948963867,75-100%
10.0,10.555583937186817,0.5555839371868174,0.5555839371868174,50-75%
10.0,10.825440297032195,0.8254402970321948,0.8254402970321948,50-75%
85.0,16.833979206403058,-68.16602079359694,68.16602079359694,75-100%
85.0,16.811593273631768,-68.18840672636823,68.18840672636823,75-100%
73.5,16.285643713435523,-57.21435628656448,57.21435628656448,75-100%
73.5,15.764094608675297,-57.73590539132471,57.73590539132471,75-100%
73.5,15.785164026167383,-57.71483597383262,57.71483597383262,75-100%
62.0,14.467559956467637,-47.53244004353236,47.53244004353236,75-100%
62.0,14.271124229255577,-47.72887577074442,47.72887577074442,75-100%
10.0,10.820154716450013,0.8201547164500127,0.8201547164500127,50-75%
10.0,14.180650451234083,4.180650451234083,4.180650451234083,50-75%
45.0,26.326473970410248,-18.673526029589752,18.673526029589752,75-100%
45.0,26.2754867434984,-18.7245132565016,18.7245132565016,75-100%
45.0,26.86536246560476,-18.13463753439524,18.13463753439524,75-100%
45.0,26.06828113093018,-18.93171886906982,18.93171886906982,75-100%
45.0,25.979061624590468,-19.020938375409532,19.020938375409532,75-100%
45.0,26.882395988704104,-18.117604011295896,18.117604011295896,75-100%
45.0,26.86536246560476,-18.13463753439524,18.13463753439524,75-100%
45.0,26.875632340982893,-18.124367659017107,18.124367659017107,75-100%
45.0,26.624573475972213,-18.375426524027787,18.375426524027787,75-100%
45.0,26.612676348008808,-18.387323651991192,18.387323651991192,75-100%
45.0,26.253934211792846,-18.746065788207154,18.746065788207154,75-100%
45.0,26.019571402058347,-18.980428597941653,18.980428597941653,75-100%
45.0,27.665129428916583,-17.334870571083417,17.334870571083417,75-100%
45.0,26.702110503443564,-18.297889496556436,18.297889496556436,75-100%
45.0,26.459698195606634,-18.540301804393366,18.540301804393366,75-100%
45.0,26.142438657053596,-18.857561342946404,18.857561342946404,75-100%
45.0,28.010700904494033,-16.989299095505967,16.989299095505967,75-100%
45.0,26.882395988704104,-18.117604011295896,18.117604011295896,75-100%
45.0,27.529994402292655,-17.470005597707345,17.470005597707345,75-100%
45.0,27.462485147192744,-17.537514852807256,17.537514852807256,75-100%
45.0,26.731226095264198,-18.268773904735802,18.268773904735802,75-100%
45.0,27.767778667478158,-17.232221332521842,17.232221332521842,75-100%
45.0,26.558478632636575,-18.441521367363425,18.441521367363425,75-100%
45.0,26.142438657053596,-18.857561342946404,18.857561342946404,75-100%
45.0,26.882395988704104,-18.117604011295896,18.117604011295896,75-100%
45.0,27.149378132909963,-17.850621867090037,17.850621867090037,75-100%
45.0,27.117368236936485,-17.882631763063515,17.882631763063515,75-100%
45.0,26.142438657053596,-18.857561342946404,18.857561342946404,75-100%
45.0,26.1391407100633,-18.8608592899367,18.8608592899367,75-100%
33.0,27.043893396243806,-5.956106603756194,5.956106603756194,75-100%
33.0,26.75213860179986,-6.24786139820014,6.24786139820014,75-100%
33.0,26.56808118135377,-6.431918818646231,6.431918818646231,75-100%
33.0,27.325416787840748,-5.674583212159252,5.674583212159252,75-100%
33.0,26.642129651307954,-6.357870348692046,6.357870348692046,75-100%
33.0,26.456961520269545,-6.5430384797304555,6.5430384797304555,75-100%
33.0,26.348122646124345,-6.651877353875655,6.651877353875655,75-100%
33.0,26.33154203990418,-6.668457960095822,6.668457960095822,75-100%
33.0,26.456961520269545,-6.5430384797304555,6.5430384797304555,75-100%
33.0,26.21552321550638,-6.78447678449362,6.78447678449362,75-100%
36.0,26.21552321550638,-9.78447678449362,9.78447678449362,75-100%
36.0,26.842316840844695,-9.157683159155305,9.157683159155305,75-100%
36.0,27.24200482346691,-8.75799517653309,8.75799517653309,75-100%
36.0,27.218644650205217,-8.781355349794783,8.781355349794783,75-100%
24.0,12.838622376865064,-11.161377623134936,11.161377623134936,75-100%
36.0,26.08066036380254,-9.91933963619746,9.91933963619746,75-100%
36.0,26.57453691267279,-9.42546308732721,9.42546308732721,75-100%
36.0,27.55614212930307,-8.443857870696931,8.443857870696931,75-100%
36.0,26.32816073018796,-9.67183926981204,9.67183926981204,75-100%
24.0,12.838622376865064,-11.161377623134936,11.161377623134936,75-100%
36.0,26.56808118135377,-9.431918818646231,9.431918818646231,75-100%
36.0,26.456961520269545,-9.543038479730455,9.543038479730455,75-100%
36.0,26.88124993781289,-9.118750062187111,9.118750062187111,75-100%
23.5,15.341888673573797,-8.158111326426203,8.158111326426203,75-100%
23.5,14.42536091021725,-9.07463908978275,9.07463908978275,75-100%
23.5,13.041964920230615,-10.458035079769385,10.458035079769385,75-100%
24.0,13.15382175086569,-10.84617824913431,10.84617824913431,75-100%
24.0,12.838622376865064,-11.161377623134936,11.161377623134936,75-100%
24.0,13.140758803991782,-10.859241196008218,10.859241196008218,75-100%
39.0,26.33633302811276,-12.663666971887238,12.663666971887238,75-100%
36.0,26.128056624452736,-9.871943375547264,9.871943375547264,75-100%
39.0,26.642129651307954,-12.357870348692046,12.357870348692046,75-100%
23.0,16.19681551315906,-6.803184486840941,6.803184486840941,75-100%
23.5,15.957363690696686,-7.5426363093033135,7.5426363093033135,75-100%
23.5,14.642141899318627,-8.857858100681373,8.857858100681373,75-100%
23.5,13.041964920230615,-10.458035079769385,10.458035079769385,75-100%
24.0,13.15382175086569,-10.84617824913431,10.84617824913431,75-100%
24.0,13.15382175086569,-10.84617824913431,10.84617824913431,75-100%
24.0,13.138407385089566,-10.861592614910434,10.861592614910434,75-100%
39.0,25.66222737426925,-13.33777262573075,13.33777262573075,75-100%
31.0,21.304452271575173,-9.695547728424827,9.695547728424827,75-100%
31.0,21.683858893341522,-9.316141106658478,9.316141106658478,75-100%
23.0,16.91594566398663,-6.08405433601337,6.08405433601337,75-100%
19.0,16.816601042041633,-2.1833989579583672,2.1833989579583672,75-100%
20.666666666666668,15.80831468054077,-4.858351986125898,4.858351986125898,75-100%
23.5,13.041964920230615,-10.458035079769385,10.458035079769385,75-100%
24.0,12.838622376865064,-11.161377623134936,11.161377623134936,75-100%
24.0,13.343490787962597,-10.656509212037403,10.656509212037403,75-100%
39.0,26.54919978503177,-12.450800214968229,12.450800214968229,75-100%
39.0,27.85482838649457,-11.145171613505429,11.145171613505429,75-100%
23.0,17.34525028723055,-5.654749712769451,5.654749712769451,75-100%
19.0,16.507832512870056,-2.4921674871299437,2.4921674871299437,75-100%
19.0,16.430933131053763,-2.569066868946237,2.569066868946237,75-100%
20.666666666666668,12.729256548562395,-7.937410118104273,7.937410118104273,75-100%
20.666666666666668,12.729256548562395,-7.937410118104273,7.937410118104273,75-100%
24.0,15.121579788128026,-8.878420211871974,8.878420211871974,75-100%
24.0,15.355429920790433,-8.644570079209567,8.644570079209567,75-100%
19.0,17.004763488664427,-1.9952365113355732,1.9952365113355732,75-100%
19.0,16.66603022220303,-2.3339697777969697,2.3339697777969697,75-100%
19.0,15.627894373028562,-3.372105626971438,3.372105626971438,75-100%
19.0,16.338122596161263,-2.661877403838737,2.661877403838737,75-100%
19.0,14.963441204627326,-4.036558795372674,4.036558795372674,75-100%
20.666666666666668,14.42536091021725,-6.241305756449417,6.241305756449417,75-100%
20.666666666666668,14.42536091021725,-6.241305756449417,6.241305756449417,75-100%
19.5,15.226173908752427,-4.273826091247573,4.273826091247573,75-100%
19.0,17.737488224339895,-1.262511775660105,1.262511775660105,75-100%
19.0,17.295575653491607,-1.704424346508393,1.704424346508393,75-100%
19.0,16.338122596161263,-2.661877403838737,2.661877403838737,75-100%
15.0,16.740210693022213,1.7402106930222132,1.7402106930222132,50-75%
15.0,16.954873556279733,1.9548735562797326,1.9548735562797326,50-75%
15.0,16.454834901170624,1.4548349011706243,1.4548349011706243,50-75%
15.0,18.256983175859748,3.256983175859748,3.256983175859748,50-75%
15.0,17.201131267075688,2.201131267075688,2.201131267075688,50-75%
15.0,16.883700778409093,1.883700778409093,1.883700778409093,50-75%
6.0,27.12607885484549,21.12607885484549,21.12607885484549,25-50%
6.0,25.730295984838534,19.730295984838534,19.730295984838534,25-50%
6.0,27.41562933384969,21.41562933384969,21.41562933384969,25-50%
15.0,17.869942758207337,2.869942758207337,2.869942758207337,50-75%
15.0,17.869942758207337,2.869942758207337,2.869942758207337,50-75%
15.0,17.349515600449166,2.349515600449166,2.349515600449166,50-75%
15.0,16.72970258754698,1.7297025875469814,1.7297025875469814,50-75%
6.0,27.307232907548578,21.307232907548578,21.307232907548578,25-50%
6.0,27.39612206697794,21.39612206697794,21.39612206697794,25-50%
6.0,27.438926710032273,21.438926710032273,21.438926710032273,25-50%
6.0,26.91241148923378,20.91241148923378,20.91241148923378,25-50%
6.0,27.39612206697794,21.39612206697794,21.39612206697794,25-50%
6.0,27.092189356176647,21.092189356176647,21.092189356176647,25-50%
6.0,27.428449307057974,21.428449307057974,21.428449307057974,25-50%
6.0,27.18040324506351,21.18040324506351,21.18040324506351,25-50%
6.0,27.12607885484549,21.12607885484549,21.12607885484549,25-50%
6.0,27.12607885484549,21.12607885484549,21.12607885484549,25-50%
6.0,27.41562933384969,21.41562933384969,21.41562933384969,25-50%
6.0,27.41562933384969,21.41562933384969,21.41562933384969,25-50%
6.0,27.29741602883653,21.29741602883653,21.29741602883653,25-50%
6.0,27.307232907548578,21.307232907548578,21.307232907548578,25-50%
6.0,27.428449307057974,21.428449307057974,21.428449307057974,25-50%
6.0,27.428449307057974,21.428449307057974,21.428449307057974,25-50%
17.0,27.12607885484549,10.126078854845488,10.126078854845488,75-100%
17.0,27.006151736265185,10.006151736265185,10.006151736265185,75-100%
17.0,27.12110443616104,10.12110443616104,10.12110443616104,75-100%
17.0,27.41562933384969,10.41562933384969,10.41562933384969,75-100%
6.0,27.428449307057974,21.428449307057974,21.428449307057974,25-50%
6.0,27.307232907548578,21.307232907548578,21.307232907548578,25-50%
17.0,27.307232907548578,10.307232907548578,10.307232907548578,75-100%
17.0,27.74466044469642,10.744660444696422,10.744660444696422,75-100%
17.0,27.438926710032273,10.438926710032273,10.438926710032273,75-100%
17.0,26.895135882531168,9.895135882531168,9.895135882531168,75-100%
17.0,27.408600526032586,10.408600526032586,10.408600526032586,75-100%
6.0,27.428449307057974,21.428449307057974,21.428449307057974,25-50%
17.0,27.74466044469642,10.744660444696422,10.744660444696422,75-100%
17.0,27.16296177235627,10.162961772356269,10.162961772356269,75-100%
17.0,27.12607885484549,10.126078854845488,10.126078854845488,75-100%
22.5,27.736448941444543,5.236448941444543,5.236448941444543,75-100%
22.5,28.346959026695433,5.846959026695433,5.846959026695433,75-100%
9.0,16.806064643566547,7.806064643566547,7.806064643566547,50-75%
9.0,16.377530936755072,7.377530936755072,7.377530936755072,50-75%
9.0,16.704050454042395,7.704050454042395,7.704050454042395,50-75%
24.0,26.62358587915785,2.623585879157851,2.623585879157851,75-100%
24.0,26.566223310962854,2.5662233109628545,2.5662233109628545,75-100%
24.0,26.256533931185636,2.2565339311856363,2.2565339311856363,75-100%
24.0,26.566223310962854,2.5662233109628545,2.5662233109628545,75-100%
22.5,28.04538119987447,5.54538119987447,5.54538119987447,75-100%
22.5,27.57189924199546,5.07189924199546,5.07189924199546,75-100%
22.5,27.701823999476122,5.201823999476122,5.201823999476122,75-100%
22.5,27.736448941444543,5.236448941444543,5.236448941444543,75-100%
22.5,27.438926710032273,4.938926710032273,4.938926710032273,75-100%
22.5,27.50049422601671,5.000494226016709,5.000494226016709,75-100%
22.5,28.346959026695433,5.846959026695433,5.846959026695433,75-100%
22.5,27.798394352646014,5.298394352646014,5.298394352646014,75-100%
9.0,17.508004525569966,8.508004525569966,8.508004525569966,50-75%
9.0,17.508004525569966,8.508004525569966,8.508004525569966,50-75%
9.0,17.87831917713193,8.878319177131932,8.878319177131932,50-75%
9.0,17.734904919262146,8.734904919262146,8.734904919262146,50-75%
9.0,17.959159359812976,8.959159359812976,8.959159359812976,50-75%
24.0,26.90963874869906,2.9096387486990594,2.9096387486990594,75-100%
24.0,26.62358587915785,2.623585879157851,2.623585879157851,75-100%
24.0,26.184179832583077,2.1841798325830766,2.1841798325830766,75-100%
24.0,27.16076743096925,3.1607674309692513,3.1607674309692513,75-100%
24.0,26.87284386347364,2.8728438634736406,2.8728438634736406,75-100%
22.5,27.92153425720804,5.421534257208041,5.421534257208041,75-100%
22.5,27.824730105344248,5.324730105344248,5.324730105344248,75-100%
22.5,28.368454503421646,5.8684545034216455,5.8684545034216455,75-100%
22.5,28.04538119987447,5.54538119987447,5.54538119987447,75-100%
22.5,27.824730105344248,5.324730105344248,5.324730105344248,75-100%
22.5,27.824730105344248,5.324730105344248,5.324730105344248,75-100%
22.5,27.7919522369388,5.291952236938801,5.291952236938801,75-100%
9.0,18.288001641952494,9.288001641952494,9.288001641952494,50-75%
9.0,18.14147512042707,9.14147512042707,9.14147512042707,50-75%
9.0,17.803485878353552,8.803485878353552,8.803485878353552,50-75%
9.0,17.560674009310155,8.560674009310155,8.560674009310155,50-75%
9.0,16.9069519076563,7.9069519076563,7.9069519076563,50-75%
9.0,16.9069519076563,7.9069519076563,7.9069519076563,50-75%
24.0,26.566223310962854,2.5662233109628545,2.5662233109628545,75-100%
24.0,26.566223310962854,2.5662233109628545,2.5662233109628545,75-100%
24.0,27.265642030825276,3.2656420308252763,3.2656420308252763,75-100%
24.0,27.725305337724972,3.725305337724972,3.725305337724972,75-100%
24.0,28.42523381844932,4.425233818449321,4.425233818449321,75-100%
22.5,27.92153425720804,5.421534257208041,5.421534257208041,75-100%
22.5,27.92153425720804,5.421534257208041,5.421534257208041,75-100%
22.5,28.091428187284684,5.591428187284684,5.591428187284684,75-100%
22.5,27.976110318304805,5.476110318304805,5.476110318304805,75-100%
22.5,28.415013673895963,5.915013673895963,5.915013673895963,75-100%
9.0,18.288001641952494,9.288001641952494,9.288001641952494,50-75%
9.0,18.288001641952494,9.288001641952494,9.288001641952494,50-75%
9.0,18.211544369662146,9.211544369662146,9.211544369662146,50-75%
9.0,17.838452677124856,8.838452677124856,8.838452677124856,50-75%
9.0,17.86575246537518,8.86575246537518,8.86575246537518,50-75%
9.0,16.41951119578797,7.419511195787969,7.419511195787969,50-75%
9.0,15.134281354603534,6.134281354603534,6.134281354603534,50-75%
24.0,27.45238302234652,3.4523830223465204,3.4523830223465204,75-100%
24.0,26.79556818243446,2.7955681824344616,2.7955681824344616,75-100%
24.0,27.53548504945485,3.5354850494548486,3.5354850494548486,75-100%
24.0,27.348198635958667,3.348198635958667,3.348198635958667,75-100%
24.0,28.366743123046852,4.366743123046852,4.366743123046852,75-100%
9.0,18.091992554803117,9.091992554803117,9.091992554803117,50-75%
9.0,18.091992554803117,9.091992554803117,9.091992554803117,50-75%
9.0,18.412352168119288,9.412352168119288,9.412352168119288,50-75%
9.0,18.370596154825044,9.370596154825044,9.370596154825044,50-75%
24.0,26.837309398193543,2.8373093981935433,2.8373093981935433,75-100%
24.0,27.348198635958667,3.348198635958667,3.348198635958667,75-100%
24.0,27.40930711964445,3.409307119644449,3.409307119644449,75-100%
24.0,26.837309398193543,2.8373093981935433,2.8373093981935433,75-100%
24.0,26.735779852586784,2.7357798525867842,2.7357798525867842,75-100%
24.0,28.04368864586697,4.043688645866968,4.043688645866968,75-100%
24.0,28.04368864586697,4.043688645866968,4.043688645866968,75-100%
24.0,28.366743123046852,4.366743123046852,4.366743123046852,75-100%
9.0,17.108532068731723,8.108532068731723,8.108532068731723,50-75%
9.0,17.958219602410594,8.958219602410594,8.958219602410594,50-75%
9.0,17.891362069161026,8.891362069161026,8.891362069161026,50-75%
24.0,27.265642030825276,3.2656420308252763,3.2656420308252763,75-100%
24.0,26.663472327302777,2.6634723273027774,2.6634723273027774,75-100%
24.0,26.5625768084464,2.5625768084464013,2.5625768084464013,75-100%
24.0,26.663472327302777,2.6634723273027774,2.6634723273027774,75-100%
24.0,27.70015146548875,3.7001514654887515,3.7001514654887515,75-100%
24.0,27.70015146548875,3.7001514654887515,3.7001514654887515,75-100%
33.0,16.37901521614279,-16.62098478385721,16.62098478385721,75-100%
33.0,16.027876677972127,-16.972123322027873,16.972123322027873,75-100%
33.0,17.297396597150506,-15.702603402849494,15.702603402849494,75-100%
33.0,16.28988458761865,-16.71011541238135,16.71011541238135,75-100%
33.0,17.59744919694613,-15.40255080305387,15.40255080305387,75-100%
33.0,17.297396597150506,-15.702603402849494,15.702603402849494,75-100%
33.0,17.59744919694613,-15.40255080305387,15.40255080305387,75-100%
33.0,17.59744919694613,-15.40255080305387,15.40255080305387,75-100%
33.0,17.976140413782296,-15.023859586217704,15.023859586217704,75-100%
33.0,18.070642408052567,-14.929357591947433,14.929357591947433,75-100%
33.0,17.297396597150506,-15.702603402849494,15.702603402849494,75-100%
33.0,18.070642408052567,-14.929357591947433,14.929357591947433,75-100%
33.0,18.070642408052567,-14.929357591947433,14.929357591947433,75-100%
33.0,17.976140413782296,-15.023859586217704,15.023859586217704,75-100%
33.0,18.558980081305826,-14.441019918694174,14.441019918694174,75-100%
33.0,16.83291705949054,-16.16708294050946,16.16708294050946,75-100%
33.0,18.070642408052567,-14.929357591947433,14.929357591947433,75-100%
33.0,19.30910022607306,-13.69089977392694,13.69089977392694,75-100%
33.0,18.462058195612272,-14.537941804387728,14.537941804387728,75-100%
33.0,17.644975574958625,-15.355024425041375,15.355024425041375,75-100%
33.0,17.1180545146957,-15.8819454853043,15.8819454853043,75-100%
33.0,18.558980081305826,-14.441019918694174,14.441019918694174,75-100%
33.0,19.208461221254414,-13.791538778745586,13.791538778745586,75-100%
33.0,18.558980081305826,-14.441019918694174,14.441019918694174,75-100%
33.0,17.48491706123257,-15.515082938767431,15.515082938767431,75-100%
33.0,17.28956057667341,-15.71043942332659,15.71043942332659,75-100%
33.0,19.30910022607306,-13.69089977392694,13.69089977392694,75-100%
33.0,18.558980081305826,-14.441019918694174,14.441019918694174,75-100%
33.0,18.558980081305826,-14.441019918694174,14.441019918694174,75-100%
20.0,25.488608414296554,5.488608414296554,5.488608414296554,75-100%
20.0,25.276402703274222,5.276402703274222,5.276402703274222,75-100%
20.0,26.86510658010578,6.865106580105781,6.865106580105781,75-100%
20.0,26.002319904254563,6.002319904254563,6.002319904254563,75-100%
20.0,24.991510751592067,4.991510751592067,4.991510751592067,75-100%
20.0,25.87031614591992,5.870316145919919,5.870316145919919,75-100%
20.0,25.59092791774983,5.5909279177498306,5.5909279177498306,75-100%
20.0,26.81347687695835,6.813476876958351,6.813476876958351,75-100%
20.0,26.002319904254563,6.002319904254563,6.002319904254563,75-100%
20.0,25.495581690526464,5.495581690526464,5.495581690526464,75-100%
20.0,25.94293920269609,5.942939202696088,5.942939202696088,75-100%
20.0,26.326473970410248,6.326473970410248,6.326473970410248,75-100%
20.0,25.59092791774983,5.5909279177498306,5.5909279177498306,75-100%
20.0,27.20049820758357,7.200498207583571,7.200498207583571,75-100%
20.0,28.314767167881374,8.314767167881374,8.314767167881374,75-100%
20.0,25.723153673895048,5.723153673895048,5.723153673895048,75-100%
20.0,26.165998967974062,6.165998967974062,6.165998967974062,75-100%
20.0,26.742833082201003,6.7428330822010025,6.7428330822010025,75-100%
20.0,26.8086354176631,6.808635417663101,6.808635417663101,75-100%
20.0,25.908343661355254,5.908343661355254,5.908343661355254,75-100%
20.0,26.165998967974062,6.165998967974062,6.165998967974062,75-100%
20.0,26.875632340982893,6.875632340982893,6.875632340982893,75-100%
20.0,26.624573475972213,6.624573475972213,6.624573475972213,75-100%
20.0,26.612676348008808,6.612676348008808,6.612676348008808,75-100%
20.0,26.006844295535657,6.006844295535657,6.006844295535657,75-100%
55.0,25.908343661355254,-29.091656338644746,29.091656338644746,75-100%
55.0,26.533318669760153,-28.466681330239847,28.466681330239847,75-100%
55.0,26.4681678040567,-28.5318321959433,28.5318321959433,75-100%
55.0,25.985641056368333,-29.014358943631667,29.014358943631667,75-100%
55.0,25.908343661355254,-29.091656338644746,29.091656338644746,75-100%
55.0,26.165998967974062,-28.834001032025938,28.834001032025938,75-100%
55.0,26.135107315701156,-28.864892684298844,28.864892684298844,75-100%
55.0,28.162440951936038,-26.837559048063962,26.837559048063962,75-100%
55.0,26.523543895437136,-28.476456104562864,28.476456104562864,75-100%
55.0,25.92438165774824,-29.07561834225176,29.07561834225176,75-100%
55.0,24.94781039107614,-30.05218960892386,30.05218960892386,75-100%
55.0,27.432722327240292,-27.567277672759708,27.567277672759708,75-100%
55.0,26.404052359237184,-28.595947640762816,28.595947640762816,75-100%
55.0,26.101198174154774,-28.898801825845226,28.898801825845226,75-100%
55.0,26.011870170259105,-28.988129829740895,28.988129829740895,75-100%
55.0,24.94781039107614,-30.05218960892386,30.05218960892386,75-100%
55.0,25.52002975692121,-29.47997024307879,29.47997024307879,75-100%
55.0,24.94781039107614,-30.05218960892386,30.05218960892386,75-100%
55.0,25.938741619765633,-29.061258380234367,29.061258380234367,75-100%
55.0,27.386368082248087,-27.613631917751913,27.613631917751913,75-100%
55.0,24.94781039107614,-30.05218960892386,30.05218960892386,75-100%
55.0,25.208543337918904,-29.791456662081096,29.791456662081096,75-100%
55.0,24.94781039107614,-30.05218960892386,30.05218960892386,75-100%
55.0,24.682080389296743,-30.317919610703257,30.317919610703257,75-100%
55.0,24.682080389296743,-30.317919610703257,30.317919610703257,75-100%
55.0,25.327515501796235,-29.672484498203765,29.672484498203765,75-100%
55.0,25.943180555104345,-29.056819444895655,29.056819444895655,75-100%
55.0,24.95533173051906,-30.04466826948094,30.04466826948094,75-100%
55.0,25.52002975692121,-29.47997024307879,29.47997024307879,75-100%
55.0,26.473829347252725,-28.526170652747275,28.526170652747275,75-100%
15.0,15.669780791638301,0.669780791638301,0.669780791638301,50-75%
15.0,15.482506168772876,0.48250616877287555,0.48250616877287555,50-75%
15.0,15.669780791638301,0.669780791638301,0.669780791638301,50-75%
15.0,15.612354323494792,0.6123543234947917,0.6123543234947917,50-75%
15.0,15.438752370892209,0.43875237089220853,0.43875237089220853,50-75%
15.0,15.89407029085528,0.8940702908552804,0.8940702908552804,50-75%
15.0,15.855199640600942,0.8551996406009419,0.8551996406009419,50-75%
15.0,15.963114391101124,0.963114391101124,0.963114391101124,50-75%
15.0,16.56644164381574,1.5664416438157396,1.5664416438157396,50-75%
15.0,16.852111739250013,1.852111739250013,1.852111739250013,50-75%
15.0,17.180103887324144,2.180103887324144,2.180103887324144,50-75%
15.0,16.26780369730247,1.267803697302469,1.267803697302469,50-75%
15.0,16.420105141041507,1.4201051410415069,1.4201051410415069,50-75%
15.0,16.617748661176453,1.6177486611764529,1.6177486611764529,50-75%
15.0,17.708822627445308,2.7088226274453078,2.7088226274453078,50-75%
15.0,17.27169808937472,2.27169808937472,2.27169808937472,50-75%
15.0,16.65572616798269,1.6557261679826887,1.6557261679826887,50-75%
15.0,16.293735137706342,1.2937351377063422,1.2937351377063422,50-75%
15.0,16.230660612605547,1.230660612605547,1.230660612605547,50-75%
15.0,17.503012644117014,2.503012644117014,2.503012644117014,50-75%
15.0,17.503012644117014,2.503012644117014,2.503012644117014,50-75%
15.0,17.708822627445308,2.7088226274453078,2.7088226274453078,50-75%
15.0,17.503012644117014,2.503012644117014,2.503012644117014,50-75%
15.0,16.12305942430239,1.1230594243023901,1.1230594243023901,50-75%
15.0,16.185740064687728,1.185740064687728,1.185740064687728,50-75%
15.0,17.277275830358676,2.2772758303586755,2.2772758303586755,50-75%
15.0,17.277275830358676,2.2772758303586755,2.2772758303586755,50-75%
15.0,17.277275830358676,2.2772758303586755,2.2772758303586755,50-75%
29.0,26.27483356663884,-2.72516643336116,2.72516643336116,75-100%
29.0,26.265804612361723,-2.7341953876382767,2.7341953876382767,75-100%
29.0,25.842522398304656,-3.1574776016953443,3.1574776016953443,75-100%
29.0,25.233135150904793,-3.7668648490952066,3.7668648490952066,75-100%
29.0,26.07376367625011,-2.9262363237498903,2.9262363237498903,75-100%
29.0,25.918999361606716,-3.0810006383932844,3.0810006383932844,75-100%
29.0,26.246920540818973,-2.753079459181027,2.753079459181027,75-100%
29.0,26.246920540818973,-2.753079459181027,2.753079459181027,75-100%
29.0,25.233135150904793,-3.7668648490952066,3.7668648490952066,75-100%
29.0,25.366608955267978,-3.633391044732022,3.633391044732022,75-100%
11.0,26.434517282995106,15.434517282995106,15.434517282995106,50-75%
11.0,25.123653832545116,14.123653832545116,14.123653832545116,50-75%
29.0,26.356405036922418,-2.6435949630775823,2.6435949630775823,75-100%
29.0,26.93271296857833,-2.067287031421671,2.067287031421671,75-100%
29.0,25.97182772202903,-3.0281722779709703,3.0281722779709703,75-100%
29.0,25.353860736772084,-3.6461392632279157,3.6461392632279157,75-100%
29.0,26.30039244441363,-2.6996075555863683,2.6996075555863683,75-100%
29.0,26.30039244441363,-2.6996075555863683,2.6996075555863683,75-100%
29.0,25.674897524711668,-3.3251024752883325,3.3251024752883325,75-100%
29.0,25.353860736772084,-3.6461392632279157,3.6461392632279157,75-100%
11.0,25.936011714681516,14.936011714681516,14.936011714681516,50-75%
11.0,25.885352585978016,14.885352585978016,14.885352585978016,50-75%
11.0,26.211766703048717,15.211766703048717,15.211766703048717,50-75%
29.0,25.530933607661414,-3.4690663923385863,3.4690663923385863,75-100%
29.0,25.97182772202903,-3.0281722779709703,3.0281722779709703,75-100%
29.0,25.97182772202903,-3.0281722779709703,3.0281722779709703,75-100%
29.0,25.97182772202903,-3.0281722779709703,3.0281722779709703,75-100%
29.0,26.246920540818973,-2.753079459181027,2.753079459181027,75-100%
29.0,26.09553644666032,-2.9044635533396814,2.9044635533396814,75-100%
29.0,25.353860736772084,-3.6461392632279157,3.6461392632279157,75-100%
29.0,25.35990086552497,-3.6400991344750295,3.6400991344750295,75-100%
11.0,28.103979008798845,17.103979008798845,17.103979008798845,50-75%
11.0,28.103979008798845,17.103979008798845,17.103979008798845,50-75%
11.0,26.895620997532497,15.895620997532497,15.895620997532497,50-75%
11.0,26.843157111291767,15.843157111291767,15.843157111291767,50-75%
11.0,25.885352585978016,14.885352585978016,14.885352585978016,50-75%
11.0,25.885352585978016,14.885352585978016,14.885352585978016,50-75%
20.0,26.476111774432788,6.476111774432788,6.476111774432788,75-100%
29.0,25.769437199970533,-3.2305628000294675,3.2305628000294675,75-100%
29.0,26.246920540818973,-2.753079459181027,2.753079459181027,75-100%
29.0,26.246920540818973,-2.753079459181027,2.753079459181027,75-100%
29.0,26.09553644666032,-2.9044635533396814,2.9044635533396814,75-100%
29.0,25.353860736772084,-3.6461392632279157,3.6461392632279157,75-100%
29.0,25.35990086552497,-3.6400991344750295,3.6400991344750295,75-100%
11.0,27.075533499375137,16.075533499375137,16.075533499375137,50-75%
11.0,27.678559445774443,16.678559445774443,16.678559445774443,50-75%
11.0,27.645947794455044,16.645947794455044,16.645947794455044,50-75%
11.0,26.895620997532497,15.895620997532497,15.895620997532497,50-75%
11.0,26.927378447899905,15.927378447899905,15.927378447899905,50-75%
11.0,25.885352585978016,14.885352585978016,14.885352585978016,50-75%
11.0,25.885352585978016,14.885352585978016,14.885352585978016,50-75%
11.0,25.768706391941063,14.768706391941063,14.768706391941063,50-75%
29.0,25.769437199970533,-3.2305628000294675,3.2305628000294675,75-100%
29.0,25.46869921675369,-3.5313007832463086,3.5313007832463086,75-100%
29.0,26.09553644666032,-2.9044635533396814,2.9044635533396814,75-100%
29.0,25.79113494115702,-3.2088650588429815,3.2088650588429815,75-100%
29.0,25.674897524711668,-3.3251024752883325,3.3251024752883325,75-100%
29.0,25.46869921675369,-3.5313007832463086,3.5313007832463086,75-100%
11.0,27.678559445774443,16.678559445774443,16.678559445774443,50-75%
11.0,27.075533499375137,16.075533499375137,16.075533499375137,50-75%
11.0,27.15094499737168,16.15094499737168,16.15094499737168,50-75%
11.0,26.874854834748504,15.874854834748504,15.874854834748504,50-75%
11.0,26.843157111291767,15.843157111291767,15.843157111291767,50-75%
11.0,25.768706391941063,14.768706391941063,14.768706391941063,50-75%
11.0,25.768706391941063,14.768706391941063,14.768706391941063,50-75%
11.0,25.768706391941063,14.768706391941063,14.768706391941063,50-75%
11.0,27.678559445774443,16.678559445774443,16.678559445774443,50-75%
11.0,26.843157111291767,15.843157111291767,15.843157111291767,50-75%
11.0,25.885352585978016,14.885352585978016,14.885352585978016,50-75%
11.0,25.885352585978016,14.885352585978016,14.885352585978016,50-75%
11.0,25.768706391941063,14.768706391941063,14.768706391941063,50-75%
11.0,25.768706391941063,14.768706391941063,14.768706391941063,50-75%
11.0,26.895620997532497,15.895620997532497,15.895620997532497,50-75%
11.0,25.768706391941063,14.768706391941063,14.768706391941063,50-75%
11.0,25.885352585978016,14.885352585978016,14.885352585978016,50-75%
11.0,25.885352585978016,14.885352585978016,14.885352585978016,50-75%
18.0,32.12211808500011,14.12211808500011,14.12211808500011,75-100%
18.0,31.619429856540684,13.619429856540684,13.619429856540684,75-100%
18.0,32.10919631702817,14.109196317028172,14.109196317028172,75-100%
18.0,32.46902083422754,14.469020834227543,14.469020834227543,75-100%
18.0,31.110975191027176,13.110975191027176,13.110975191027176,75-100%
18.0,31.110975191027176,13.110975191027176,13.110975191027176,75-100%
18.0,32.24888047045425,14.248880470454253,14.248880470454253,75-100%
18.0,31.23762605765296,13.23762605765296,13.23762605765296,75-100%
18.0,31.110975191027176,13.110975191027176,13.110975191027176,75-100%
18.0,31.110975191027176,13.110975191027176,13.110975191027176,75-100%
18.0,31.110975191027176,13.110975191027176,13.110975191027176,75-100%
18.0,31.110975191027176,13.110975191027176,13.110975191027176,75-100%
18.0,32.09301719430271,14.09301719430271,14.09301719430271,75-100%
18.0,31.603173018319634,13.603173018319634,13.603173018319634,75-100%
79.0,33.33397539106637,-45.66602460893363,45.66602460893363,75-100%
79.0,33.465357832891996,-45.534642167108004,45.534642167108004,75-100%
79.0,33.0490417987432,-45.9509582012568,45.9509582012568,75-100%
79.0,33.17885842336742,-45.82114157663258,45.82114157663258,75-100%
79.0,33.62177504646523,-45.37822495353477,45.37822495353477,75-100%
79.0,33.62177504646523,-45.37822495353477,45.37822495353477,75-100%
79.0,33.0490417987432,-45.9509582012568,45.9509582012568,75-100%
79.0,33.0490417987432,-45.9509582012568,45.9509582012568,75-100%
79.0,33.465357832891996,-45.534642167108004,45.534642167108004,75-100%
79.0,32.93457285786054,-46.06542714213946,46.06542714213946,75-100%
79.0,33.62177504646523,-45.37822495353477,45.37822495353477,75-100%
79.0,33.02127609906409,-45.97872390093591,45.97872390093591,75-100%
79.0,33.20356960805308,-45.79643039194692,45.79643039194692,75-100%
79.0,32.86757187094524,-46.13242812905476,46.13242812905476,75-100%
79.0,33.17519847865078,-45.82480152134922,45.82480152134922,75-100%
79.0,32.72396619945096,-46.27603380054904,46.27603380054904,75-100%
79.0,32.95590376114214,-46.04409623885786,46.04409623885786,75-100%
79.0,32.95590376114214,-46.04409623885786,46.04409623885786,75-100%
79.0,33.20356960805308,-45.79643039194692,45.79643039194692,75-100%
79.0,33.20356960805308,-45.79643039194692,45.79643039194692,75-100%
79.0,33.20356960805308,-45.79643039194692,45.79643039194692,75-100%
79.0,33.02127609906409,-45.97872390093591,45.97872390093591,75-100%
79.0,32.86757187094524,-46.13242812905476,46.13242812905476,75-100%
79.0,32.99669661667206,-46.00330338332794,46.00330338332794,75-100%
79.0,32.95590376114214,-46.04409623885786,46.04409623885786,75-100%
44.0,34.11967281385062,-9.88032718614938,9.88032718614938,75-100%
44.0,33.695453138623215,-10.304546861376785,10.304546861376785,75-100%
61.5,33.51053805604325,-27.989461943956748,27.989461943956748,75-100%
79.0,33.02127609906409,-45.97872390093591,45.97872390093591,75-100%
79.0,33.02127609906409,-45.97872390093591,45.97872390093591,75-100%
79.0,32.97857121583345,-46.02142878416655,46.02142878416655,75-100%
79.0,32.97857121583345,-46.02142878416655,46.02142878416655,75-100%
79.0,32.9540225866029,-46.0459774133971,46.0459774133971,75-100%
79.0,32.99669661667206,-46.00330338332794,46.00330338332794,75-100%
44.0,33.827734294812174,-10.172265705187826,10.172265705187826,75-100%
44.0,33.827734294812174,-10.172265705187826,10.172265705187826,75-100%
44.0,33.695453138623215,-10.304546861376785,10.304546861376785,75-100%
44.0,33.695453138623215,-10.304546861376785,10.304546861376785,75-100%
44.0,33.695453138623215,-10.304546861376785,10.304546861376785,75-100%
61.5,33.20356960805308,-28.29643039194692,28.29643039194692,75-100%
79.0,33.02127609906409,-45.97872390093591,45.97872390093591,75-100%
79.0,32.97857121583345,-46.02142878416655,46.02142878416655,75-100%
79.0,32.97857121583345,-46.02142878416655,46.02142878416655,75-100%
44.0,34.25873022885709,-9.74126977114291,9.74126977114291,75-100%
44.0,33.54796236444101,-10.452037635558987,10.452037635558987,75-100%
44.0,33.827734294812174,-10.172265705187826,10.172265705187826,75-100%
44.0,33.642114198211424,-10.357885801788576,10.357885801788576,75-100%
44.0,33.695453138623215,-10.304546861376785,10.304546861376785,75-100%
44.0,33.695453138623215,-10.304546861376785,10.304546861376785,75-100%
44.0,33.51053805604325,-10.489461943956748,10.489461943956748,75-100%
44.0,32.915614214746654,-11.084385785253346,11.084385785253346,75-100%
44.0,33.695453138623215,-10.304546861376785,10.304546861376785,75-100%
44.0,33.695453138623215,-10.304546861376785,10.304546861376785,75-100%
44.0,33.695453138623215,-10.304546861376785,10.304546861376785,75-100%
44.0,31.46555916400316,-12.53444083599684,12.53444083599684,75-100%
44.0,33.05816983647117,-10.941830163528827,10.941830163528827,75-100%
44.0,33.771840464174915,-10.228159535825085,10.228159535825085,75-100%
44.0,33.487470774822285,-10.512529225177715,10.512529225177715,75-100%
44.0,33.642114198211424,-10.357885801788576,10.357885801788576,75-100%
44.0,33.642114198211424,-10.357885801788576,10.357885801788576,75-100%
44.0,33.827734294812174,-10.172265705187826,10.172265705187826,75-100%
44.0,34.11967281385062,-9.88032718614938,9.88032718614938,75-100%
44.0,33.43725264330759,-10.562747356692412,10.562747356692412,75-100%
44.0,31.46555916400316,-12.53444083599684,12.53444083599684,75-100%
44.0,33.200787547539704,-10.799212452460296,10.799212452460296,75-100%
44.0,33.200787547539704,-10.799212452460296,10.799212452460296,75-100%
44.0,33.695453138623215,-10.304546861376785,10.304546861376785,75-100%
44.0,33.695453138623215,-10.304546861376785,10.304546861376785,75-100%
44.0,33.20356960805308,-10.79643039194692,10.79643039194692,75-100%
44.0,33.20356960805308,-10.79643039194692,10.79643039194692,75-100%
44.0,33.487470774822285,-10.512529225177715,10.512529225177715,75-100%
44.0,33.33397539106637,-10.666024608933633,10.666024608933633,75-100%
84.0,30.113840432192383,-53.88615956780762,53.88615956780762,75-100%
84.0,33.694374392821885,-50.305625607178115,50.305625607178115,75-100%
84.0,33.59509919362494,-50.40490080637506,50.40490080637506,75-100%
84.0,33.34138679073703,-50.65861320926297,50.65861320926297,75-100%
84.0,30.543796366291442,-53.456203633708554,53.456203633708554,75-100%
82.0,30.394017689326322,-51.60598231067368,51.60598231067368,75-100%
84.0,32.96146983241464,-51.03853016758536,51.03853016758536,75-100%
84.0,33.716182899081524,-50.283817100918476,50.283817100918476,75-100%
84.0,33.716182899081524,-50.283817100918476,50.283817100918476,75-100%
84.0,33.694374392821885,-50.305625607178115,50.305625607178115,75-100%
84.0,33.76476533120689,-50.23523466879311,50.23523466879311,75-100%
84.0,32.85307820363096,-51.14692179636904,51.14692179636904,75-100%
82.0,30.562233767676396,-51.437766232323604,51.437766232323604,75-100%
82.0,30.562233767676396,-51.437766232323604,51.437766232323604,75-100%
82.0,30.394017689326322,-51.60598231067368,51.60598231067368,75-100%
82.0,30.394017689326322,-51.60598231067368,51.60598231067368,75-100%
83.0,33.26475343939152,-49.73524656060848,49.73524656060848,75-100%
83.0,33.19504083227251,-49.80495916772749,49.80495916772749,75-100%
84.0,32.26950704470311,-51.73049295529689,51.73049295529689,75-100%
84.0,34.247107460833014,-49.752892539166986,49.752892539166986,75-100%
82.0,30.022000523723424,-51.97799947627658,51.97799947627658,75-100%
82.0,30.394017689326322,-51.60598231067368,51.60598231067368,75-100%
82.0,30.394017689326322,-51.60598231067368,51.60598231067368,75-100%
82.0,30.354610647225382,-51.645389352774615,51.645389352774615,75-100%
82.0,30.354610647225382,-51.645389352774615,51.645389352774615,75-100%
82.0,30.474154384893204,-51.525845615106796,51.525845615106796,75-100%
83.0,33.26475343939152,-49.73524656060848,49.73524656060848,75-100%
83.0,33.44835155372801,-49.55164844627199,49.55164844627199,75-100%
84.0,33.716182899081524,-50.283817100918476,50.283817100918476,75-100%
84.0,34.743929926280806,-49.256070073719194,49.256070073719194,75-100%
82.0,30.542584578300314,-51.457415421699686,51.457415421699686,75-100%
82.0,30.542584578300314,-51.457415421699686,51.457415421699686,75-100%
82.0,30.562233767676396,-51.437766232323604,51.437766232323604,75-100%
82.0,30.394017689326322,-51.60598231067368,51.60598231067368,75-100%
82.0,30.354610647225382,-51.645389352774615,51.645389352774615,75-100%
82.0,30.354610647225382,-51.645389352774615,51.645389352774615,75-100%
82.0,30.394017689326322,-51.60598231067368,51.60598231067368,75-100%
83.0,33.091763426875914,-49.908236573124086,49.908236573124086,75-100%
84.0,33.78695794599509,-50.21304205400491,50.21304205400491,75-100%
84.0,32.70873166513948,-51.29126833486052,51.29126833486052,75-100%
82.0,30.542584578300314,-51.457415421699686,51.457415421699686,75-100%
82.0,30.542584578300314,-51.457415421699686,51.457415421699686,75-100%
82.0,30.022000523723424,-51.97799947627658,51.97799947627658,75-100%
82.0,30.296515436451084,-51.70348456354891,51.70348456354891,75-100%
82.0,30.354610647225382,-51.645389352774615,51.645389352774615,75-100%
82.0,30.394017689326322,-51.60598231067368,51.60598231067368,75-100%
82.0,30.394017689326322,-51.60598231067368,51.60598231067368,75-100%
87.5,33.358609534600006,-54.141390465399994,54.141390465399994,75-100%
93.0,33.674409354817435,-59.325590645182565,59.325590645182565,75-100%
36.0,33.70665384051844,-2.2933461594815583,2.2933461594815583,75-100%
36.0,34.743929926280806,-1.2560700737191937,1.2560700737191937,75-100%
36.0,34.1403898960736,-1.8596101039264,1.8596101039264,75-100%
82.0,30.542584578300314,-51.457415421699686,51.457415421699686,75-100%
82.0,28.958439410702287,-53.04156058929772,53.04156058929772,75-100%
82.0,30.428062345423598,-51.5719376545764,51.5719376545764,75-100%
82.0,30.394017689326322,-51.60598231067368,51.60598231067368,75-100%
87.5,33.7787106389089,-53.7212893610911,53.7212893610911,75-100%
87.5,33.542710550617365,-53.957289449382635,53.957289449382635,75-100%
93.0,33.542710550617365,-59.457289449382635,59.457289449382635,75-100%
93.0,33.542710550617365,-59.457289449382635,59.457289449382635,75-100%
64.5,30.72254000735164,-33.77745999264836,33.77745999264836,75-100%
36.0,33.73539071053666,-2.264609289463337,2.264609289463337,75-100%
36.0,34.27913622990224,-1.7208637700977576,1.7208637700977576,75-100%
36.0,32.384412925227934,-3.6155870747720655,3.6155870747720655,75-100%
36.0,32.32608599239369,-3.6739140076063066,3.6739140076063066,75-100%
82.0,33.7787106389089,-48.2212893610911,48.2212893610911,75-100%
82.0,31.787467095307623,-50.21253290469238,50.21253290469238,75-100%
82.0,31.787467095307623,-50.21253290469238,50.21253290469238,75-100%
87.5,33.489606428519295,-54.010393571480705,54.010393571480705,75-100%
93.0,33.542710550617365,-59.457289449382635,59.457289449382635,75-100%
93.0,33.542710550617365,-59.457289449382635,59.457289449382635,75-100%
93.0,33.40669157231967,-59.59330842768033,59.59330842768033,75-100%
64.5,32.51856634136321,-31.98143365863679,31.98143365863679,75-100%
64.5,32.50537371212549,-31.99462628787451,31.99462628787451,75-100%
64.5,32.175359212651244,-32.324640787348756,32.324640787348756,75-100%
36.0,34.333456001910946,-1.666543998089054,1.666543998089054,75-100%
36.0,33.16706349132198,-2.832936508678017,2.832936508678017,75-100%
36.0,32.41128773580772,-3.5887122641922815,3.5887122641922815,75-100%
93.0,31.775986294219898,-61.2240137057801,61.2240137057801,75-100%
93.0,33.49451845052558,-59.50548154947442,59.50548154947442,75-100%
93.0,33.72293332831603,-59.27706667168397,59.27706667168397,75-100%
93.0,34.01399336818917,-58.98600663181083,58.98600663181083,75-100%
93.0,32.22564356214315,-60.77435643785685,60.77435643785685,75-100%
64.5,32.747569349230126,-31.752430650769874,31.752430650769874,75-100%
64.5,32.51856634136321,-31.98143365863679,31.98143365863679,75-100%
64.5,32.471725424742466,-32.028274575257534,32.028274575257534,75-100%
36.0,32.599340951801125,-3.400659048198875,3.400659048198875,75-100%
36.0,34.26476786189317,-1.7352321381068307,1.7352321381068307,75-100%
36.0,32.833984942358974,-3.166015057641026,3.166015057641026,75-100%
36.0,32.32608599239369,-3.6739140076063066,3.6739140076063066,75-100%
36.0,32.32608599239369,-3.6739140076063066,3.6739140076063066,75-100%
93.0,33.99114889091414,-59.00885110908586,59.00885110908586,75-100%
93.0,31.97838548738789,-61.02161451261211,61.02161451261211,75-100%
93.0,33.99114889091414,-59.00885110908586,59.00885110908586,75-100%
93.0,33.5910502225113,-59.4089497774887,59.4089497774887,75-100%
93.0,31.859898061160756,-61.140101938839244,61.140101938839244,75-100%
64.5,30.75977785986582,-33.74022214013418,33.74022214013418,75-100%
64.5,32.51856634136321,-31.98143365863679,31.98143365863679,75-100%
64.5,32.151380167533475,-32.348619832466525,32.348619832466525,75-100%
36.0,31.8342533750359,-4.1657466249641,4.1657466249641,75-100%
36.0,32.880982638713775,-3.1190173612862253,3.1190173612862253,75-100%
93.0,32.49914871606721,-60.50085128393279,60.50085128393279,75-100%
93.0,32.15509095821686,-60.84490904178314,60.84490904178314,75-100%
93.0,29.24273721717858,-63.75726278282142,63.75726278282142,75-100%
93.0,31.307769195794446,-61.69223080420555,61.69223080420555,75-100%
93.0,32.381880053473445,-60.618119946526555,60.618119946526555,75-100%
64.5,33.03553233491255,-31.464467665087447,31.464467665087447,75-100%
36.0,32.316472480776554,-3.6835275192234462,3.6835275192234462,75-100%
36.0,30.304339592447565,-5.695660407552435,5.695660407552435,75-100%
36.0,30.570124353486086,-5.4298756465139135,5.4298756465139135,75-100%
36.0,30.570124353486086,-5.4298756465139135,5.4298756465139135,75-100%
93.0,31.307769195794446,-61.69223080420555,61.69223080420555,75-100%
93.0,31.039205125096835,-61.960794874903165,61.960794874903165,75-100%
32.0,32.35801913189242,0.3580191318924193,0.3580191318924193,75-100%
32.0,32.24175273040695,0.2417527304069509,0.2417527304069509,75-100%
32.0,34.5868247906941,2.586824790694102,2.586824790694102,75-100%
12.0,23.229353354420628,11.229353354420628,11.229353354420628,50-75%
12.0,35.19557531017027,23.19557531017027,23.19557531017027,50-75%
32.0,28.194086789477435,-3.805913210522565,3.805913210522565,75-100%
32.0,33.63657045963324,1.6365704596332407,1.6365704596332407,75-100%
32.0,32.0068172292001,0.006817229200102304,0.006817229200102304,75-100%
32.0,33.98239557885219,1.9823955788521914,1.9823955788521914,75-100%
32.0,36.06043138982883,4.060431389828828,4.060431389828828,75-100%
32.0,34.66514458801736,2.6651445880173625,2.6651445880173625,75-100%
12.0,29.861713826006408,17.861713826006408,17.861713826006408,50-75%
12.0,36.33369962231565,24.33369962231565,24.33369962231565,50-75%
12.0,36.33369962231565,24.33369962231565,24.33369962231565,50-75%
12.0,32.59897239107461,20.59897239107461,20.59897239107461,50-75%
32.0,28.060365057304132,-3.939634942695868,3.939634942695868,75-100%
32.0,29.20439248081966,-2.79560751918034,2.79560751918034,75-100%
32.0,30.41408470522679,-1.5859152947732085,1.5859152947732085,75-100%
32.0,30.535718131322596,-1.4642818686774035,1.4642818686774035,75-100%
32.0,32.691078692643075,0.6910786926430745,0.6910786926430745,75-100%
32.0,34.199679263414914,2.1996792634149145,2.1996792634149145,75-100%
22.0,35.59124450514348,13.591244505143479,13.591244505143479,75-100%
12.0,33.072648218378525,21.072648218378525,21.072648218378525,50-75%
12.0,35.53419372325889,23.534193723258888,23.534193723258888,50-75%
12.0,33.52485453429132,21.524854534291322,21.524854534291322,50-75%
12.0,33.75547247130917,21.75547247130917,21.75547247130917,50-75%
12.0,36.33369962231565,24.33369962231565,24.33369962231565,50-75%
12.0,34.77970561520288,22.77970561520288,22.77970561520288,50-75%
32.0,29.728064966039593,-2.271935033960407,2.271935033960407,75-100%
32.0,28.63207905282561,-3.3679209471743903,3.3679209471743903,75-100%
32.0,30.169995514026958,-1.830004485973042,1.830004485973042,75-100%
32.0,30.679120237548997,-1.3208797624510034,1.3208797624510034,75-100%
32.0,28.482512784450428,-3.517487215549572,3.517487215549572,75-100%
22.0,30.42776687470445,8.42776687470445,8.42776687470445,75-100%
12.0,34.476058044181094,22.476058044181094,22.476058044181094,50-75%
12.0,33.62012403061769,21.62012403061769,21.62012403061769,50-75%
12.0,33.30228897952918,21.30228897952918,21.30228897952918,50-75%
12.0,32.50003253385406,20.50003253385406,20.50003253385406,50-75%
12.0,34.476058044181094,22.476058044181094,22.476058044181094,50-75%
32.0,29.447798655127386,-2.552201344872614,2.552201344872614,75-100%
32.0,30.42776687470445,-1.5722331252955506,1.5722331252955506,75-100%
32.0,28.556358980487094,-3.4436410195129064,3.4436410195129064,75-100%
32.0,28.692363036589384,-3.3076369634106157,3.3076369634106157,75-100%
12.0,33.52485453429132,21.524854534291322,21.524854534291322,50-75%
12.0,32.82358969669495,20.823589696694953,20.823589696694953,50-75%
12.0,32.50003253385406,20.50003253385406,20.50003253385406,50-75%
12.0,34.77970561520288,22.77970561520288,22.77970561520288,50-75%
12.0,33.52485453429132,21.524854534291322,21.524854534291322,50-75%
12.0,32.82358969669495,20.823589696694953,20.823589696694953,50-75%
32.0,30.637168537757574,-1.3628314622424256,1.3628314622424256,75-100%
32.0,29.81250325765739,-2.18749674234261,2.18749674234261,75-100%
32.0,29.81250325765739,-2.18749674234261,2.18749674234261,75-100%
32.0,30.84297371817853,-1.1570262818214694,1.1570262818214694,75-100%
32.0,30.84297371817853,-1.1570262818214694,1.1570262818214694,75-100%
12.0,33.072648218378525,21.072648218378525,21.072648218378525,50-75%
12.0,32.13916002706978,20.139160027069778,20.139160027069778,50-75%
12.0,33.59371602042176,21.59371602042176,21.59371602042176,50-75%
12.0,35.53419372325889,23.534193723258888,23.534193723258888,50-75%
12.0,31.69809833039746,19.69809833039746,19.69809833039746,50-75%
12.0,30.88872381641085,18.88872381641085,18.88872381641085,50-75%
12.0,30.477142541891507,18.477142541891507,18.477142541891507,50-75%
12.0,30.477142541891507,18.477142541891507,18.477142541891507,50-75%
12.0,31.396129067835115,19.396129067835115,19.396129067835115,50-75%
12.0,30.74030981319817,18.74030981319817,18.74030981319817,50-75%
12.0,30.920421840509718,18.920421840509718,18.920421840509718,50-75%
12.0,30.92902748395495,18.92902748395495,18.92902748395495,50-75%
12.0,30.333268770866134,18.333268770866134,18.333268770866134,50-75%
12.0,31.773862291289745,19.773862291289745,19.773862291289745,50-75%
12.0,31.773862291289745,19.773862291289745,19.773862291289745,50-75%
12.0,32.05438116025087,20.05438116025087,20.05438116025087,50-75%
12.0,33.31074025234756,21.310740252347557,21.310740252347557,50-75%
12.0,33.019559183122716,21.019559183122716,21.019559183122716,50-75%
12.0,32.188993525554665,20.188993525554665,20.188993525554665,50-75%
12.0,29.516508194403702,17.516508194403702,17.516508194403702,50-75%
12.0,30.477142541891507,18.477142541891507,18.477142541891507,50-75%
12.0,31.04955553031188,19.04955553031188,19.04955553031188,50-75%
12.0,31.346517407270575,19.346517407270575,19.346517407270575,50-75%
12.0,29.037906684894743,17.037906684894743,17.037906684894743,50-75%
12.0,34.50614642280022,22.50614642280022,22.50614642280022,50-75%
12.0,34.50614642280022,22.50614642280022,22.50614642280022,50-75%
12.0,34.810051527031376,22.810051527031376,22.810051527031376,50-75%
12.0,31.41151738710849,19.41151738710849,19.41151738710849,50-75%
12.0,32.3420832852142,20.3420832852142,20.3420832852142,50-75%
12.0,31.346517407270575,19.346517407270575,19.346517407270575,50-75%
12.0,30.718767656036707,18.718767656036707,18.718767656036707,50-75%
12.0,31.346517407270575,19.346517407270575,19.346517407270575,50-75%
12.0,28.646236468112065,16.646236468112065,16.646236468112065,50-75%
12.0,34.212862438547916,22.212862438547916,22.212862438547916,50-75%
12.0,34.539134598951186,22.539134598951186,22.539134598951186,50-75%
12.0,34.04317474463301,22.043174744633014,22.043174744633014,50-75%
12.0,31.71995858568549,19.71995858568549,19.71995858568549,50-75%
12.0,29.054917178583192,17.054917178583192,17.054917178583192,50-75%
12.0,30.014384862153964,18.014384862153964,18.014384862153964,50-75%
12.0,28.646236468112065,16.646236468112065,16.646236468112065,50-75%
12.0,32.583667929626515,20.583667929626515,20.583667929626515,50-75%
12.0,31.838342625179816,19.838342625179816,19.838342625179816,50-75%
12.0,32.57597141051654,20.575971410516537,20.575971410516537,50-75%
12.0,33.31074025234756,21.310740252347557,21.310740252347557,50-75%
12.0,30.496479066702722,18.496479066702722,18.496479066702722,50-75%
12.0,29.42246071629628,17.42246071629628,17.42246071629628,50-75%
12.0,32.7072377043951,20.707237704395098,20.707237704395098,50-75%
12.0,32.627465685641916,20.627465685641916,20.627465685641916,50-75%
12.0,33.31074025234756,21.310740252347557,21.310740252347557,50-75%
129.0,35.8373268672175,-93.1626731327825,93.1626731327825,75-100%
129.0,35.22935750653603,-93.77064249346397,93.77064249346397,75-100%
129.0,35.09525310950267,-93.90474689049734,93.90474689049734,75-100%
129.0,35.337675256810265,-93.66232474318974,93.66232474318974,75-100%
129.0,35.337675256810265,-93.66232474318974,93.66232474318974,75-100%
129.0,34.61381924835294,-94.38618075164706,94.38618075164706,75-100%
129.0,35.53111004373078,-93.46888995626922,93.46888995626922,75-100%
129.0,35.8373268672175,-93.1626731327825,93.1626731327825,75-100%
129.0,35.58045333813733,-93.41954666186267,93.41954666186267,75-100%
129.0,34.976723460842216,-94.02327653915779,94.02327653915779,75-100%
129.0,35.1440076833092,-93.8559923166908,93.8559923166908,75-100%
129.0,35.1440076833092,-93.8559923166908,93.8559923166908,75-100%
59.0,34.79794849325623,-24.20205150674377,24.20205150674377,75-100%
129.0,37.1018976619256,-91.89810233807441,91.89810233807441,75-100%
129.0,35.79150867047069,-93.20849132952931,93.20849132952931,75-100%
129.0,35.79150867047069,-93.20849132952931,93.20849132952931,75-100%
129.0,35.58045333813733,-93.41954666186267,93.41954666186267,75-100%
129.0,35.58045333813733,-93.41954666186267,93.41954666186267,75-100%
129.0,35.58045333813733,-93.41954666186267,93.41954666186267,75-100%
129.0,35.337675256810265,-93.66232474318974,93.66232474318974,75-100%
129.0,35.1440076833092,-93.8559923166908,93.8559923166908,75-100%
59.0,34.68982991380961,-24.31017008619039,24.31017008619039,75-100%
59.0,34.870928909662744,-24.129071090337256,24.129071090337256,75-100%
59.0,32.517104352971295,-26.482895647028705,26.482895647028705,75-100%
59.0,34.85470063819236,-24.145299361807638,24.145299361807638,75-100%
129.0,36.439316818791035,-92.56068318120896,92.56068318120896,75-100%
129.0,35.684591305768734,-93.31540869423127,93.31540869423127,75-100%
129.0,35.79150867047069,-93.20849132952931,93.20849132952931,75-100%
129.0,35.18429550091797,-93.81570449908203,93.81570449908203,75-100%
129.0,35.84120369046366,-93.15879630953634,93.15879630953634,75-100%
129.0,35.58045333813733,-93.41954666186267,93.41954666186267,75-100%
129.0,34.976723460842216,-94.02327653915779,94.02327653915779,75-100%
129.0,35.55685500788156,-93.44314499211845,93.44314499211845,75-100%
59.0,34.734685537941346,-24.265314462058654,24.265314462058654,75-100%
59.0,34.734685537941346,-24.265314462058654,24.265314462058654,75-100%
59.0,35.063133266800804,-23.936866733199196,23.936866733199196,75-100%
59.0,32.57024057010501,-26.429759429894993,26.429759429894993,75-100%
59.0,34.85470063819236,-24.145299361807638,24.145299361807638,75-100%
59.0,34.7864993578394,-24.213500642160596,24.213500642160596,75-100%
129.0,35.84120369046366,-93.15879630953634,93.15879630953634,75-100%
129.0,35.84120369046366,-93.15879630953634,93.15879630953634,75-100%
129.0,35.84120369046366,-93.15879630953634,93.15879630953634,75-100%
129.0,33.99387425489176,-95.00612574510825,95.00612574510825,75-100%
59.0,35.449722931712984,-23.550277068287016,23.550277068287016,75-100%
59.0,34.926159873012175,-24.073840126987825,24.073840126987825,75-100%
59.0,34.926159873012175,-24.073840126987825,24.073840126987825,75-100%
59.0,31.406828057481963,-27.593171942518037,27.593171942518037,75-100%
59.0,34.417273175108505,-24.582726824891495,24.582726824891495,75-100%
59.0,34.92779675383148,-24.07220324616852,24.07220324616852,75-100%
129.0,36.09990824833376,-92.90009175166624,92.90009175166624,75-100%
129.0,35.18429550091797,-93.81570449908203,93.81570449908203,75-100%
129.0,35.18429550091797,-93.81570449908203,93.81570449908203,75-100%
129.0,35.79150867047069,-93.20849132952931,93.20849132952931,75-100%
129.0,36.09990824833376,-92.90009175166624,92.90009175166624,75-100%
59.0,35.449722931712984,-23.550277068287016,23.550277068287016,75-100%
59.0,35.449722931712984,-23.550277068287016,23.550277068287016,75-100%
59.0,35.25545818183337,-23.74454181816663,23.74454181816663,75-100%
59.0,33.821078669483434,-25.178921330516566,25.178921330516566,75-100%
59.0,33.807373382214706,-25.192626617785294,25.192626617785294,75-100%
59.0,33.464534707934,-25.535465292066,25.535465292066,75-100%
59.0,34.9831152773839,-24.016884722616098,24.016884722616098,75-100%
59.0,35.705678451917045,-23.294321548082955,23.294321548082955,75-100%
59.0,34.0589806033332,-24.941019396666803,24.941019396666803,75-100%
59.0,34.0589806033332,-24.941019396666803,24.941019396666803,75-100%
59.0,33.821078669483434,-25.178921330516566,25.178921330516566,75-100%
59.0,33.821078669483434,-25.178921330516566,25.178921330516566,75-100%
59.0,33.953838790175396,-25.046161209824604,25.046161209824604,75-100%
59.0,31.993944672954893,-27.006055327045107,27.006055327045107,75-100%
59.0,33.821078669483434,-25.178921330516566,25.178921330516566,75-100%
12.0,38.316936400493766,26.316936400493766,26.316936400493766,50-75%
12.0,38.316936400493766,26.316936400493766,26.316936400493766,50-75%
12.0,37.98326981400974,25.983269814009738,25.983269814009738,50-75%
12.0,35.37958256294043,23.379582562940428,23.379582562940428,50-75%
12.0,37.22652751967793,25.22652751967793,25.22652751967793,50-75%
12.0,37.238107942100314,25.238107942100314,25.238107942100314,50-75%
12.0,38.316936400493766,26.316936400493766,26.316936400493766,50-75%
12.0,38.316936400493766,26.316936400493766,26.316936400493766,50-75%
12.0,35.74805033985451,23.748050339854508,23.748050339854508,50-75%
12.0,37.98326981400974,25.983269814009738,25.983269814009738,50-75%
12.0,37.04271698956188,25.04271698956188,25.04271698956188,50-75%
12.0,36.739513676389606,24.739513676389606,24.739513676389606,50-75%
12.0,36.13714481526533,24.13714481526533,24.13714481526533,50-75%
12.0,37.98326981400974,25.983269814009738,25.983269814009738,50-75%
12.0,37.731555951755155,25.731555951755155,25.731555951755155,50-75%
12.0,34.94903465399021,22.94903465399021,22.94903465399021,50-75%
12.0,36.49583071207142,24.495830712071417,24.495830712071417,50-75%
12.0,36.13714481526533,24.13714481526533,24.13714481526533,50-75%
12.0,38.316936400493766,26.316936400493766,26.316936400493766,50-75%
12.0,37.22652751967793,25.22652751967793,25.22652751967793,50-75%
12.0,36.49583071207142,24.495830712071417,24.495830712071417,50-75%
12.0,35.79292823590513,23.79292823590513,23.79292823590513,50-75%
12.0,35.04559454856345,23.04559454856345,23.04559454856345,50-75%
12.0,38.140048761297834,26.140048761297834,26.140048761297834,50-75%
12.0,40.14096340133272,28.14096340133272,28.14096340133272,50-75%
12.0,37.47495923500961,25.474959235009607,25.474959235009607,50-75%
12.0,37.22652751967793,25.22652751967793,25.22652751967793,50-75%
12.0,35.79292823590513,23.79292823590513,23.79292823590513,50-75%
12.0,35.79292823590513,23.79292823590513,23.79292823590513,50-75%
12.0,34.94903465399021,22.94903465399021,22.94903465399021,50-75%
12.0,37.22652751967793,25.22652751967793,25.22652751967793,50-75%
12.0,35.04559454856345,23.04559454856345,23.04559454856345,50-75%
12.0,35.13108993749462,23.13108993749462,23.13108993749462,50-75%
27.0,28.538879717433584,1.5388797174335842,1.5388797174335842,75-100%
27.0,33.720544946492964,6.720544946492964,6.720544946492964,75-100%
27.0,31.773617103336896,4.773617103336896,4.773617103336896,75-100%
27.0,32.14524174160129,5.145241741601289,5.145241741601289,75-100%
27.0,33.0771300475006,6.077130047500603,6.077130047500603,75-100%
27.0,31.65631034888105,4.65631034888105,4.65631034888105,75-100%
27.0,32.14524174160129,5.145241741601289,5.145241741601289,75-100%
27.0,33.720544946492964,6.720544946492964,6.720544946492964,75-100%
27.0,33.11108181256873,6.111081812568727,6.111081812568727,75-100%
27.0,31.71327080150881,4.713270801508809,4.713270801508809,75-100%
27.0,32.14524174160129,5.145241741601289,5.145241741601289,75-100%
27.0,33.720544946492964,6.720544946492964,6.720544946492964,75-100%
27.0,34.37045193136448,7.370451931364478,7.370451931364478,75-100%
27.0,32.44000990126678,5.440009901266777,5.440009901266777,75-100%
27.0,32.81995608049166,5.819956080491657,5.819956080491657,75-100%
27.0,32.723924312626835,5.723924312626835,5.723924312626835,75-100%
27.0,32.14524174160129,5.145241741601289,5.145241741601289,75-100%
27.0,33.91415114628063,6.914151146280631,6.914151146280631,75-100%
27.0,33.094124399367274,6.094124399367274,6.094124399367274,75-100%
27.0,32.98656442186023,5.98656442186023,5.98656442186023,75-100%
27.0,33.116961753319394,6.116961753319394,6.116961753319394,75-100%
27.0,32.374833990038105,5.3748339900381055,5.3748339900381055,75-100%
27.0,32.98656442186023,5.98656442186023,5.98656442186023,75-100%
117.0,32.653074832174475,-84.34692516782553,84.34692516782553,75-100%
117.0,33.90096542931542,-83.09903457068458,83.09903457068458,75-100%
117.0,33.90096542931542,-83.09903457068458,83.09903457068458,75-100%
117.0,34.251662903471946,-82.74833709652805,82.74833709652805,75-100%
117.0,33.57315607480265,-83.42684392519735,83.42684392519735,75-100%
117.0,34.21832889282831,-82.78167110717169,82.78167110717169,75-100%
117.0,33.90096542931542,-83.09903457068458,83.09903457068458,75-100%
117.0,33.90096542931542,-83.09903457068458,83.09903457068458,75-100%
117.0,34.251662903471946,-82.74833709652805,82.74833709652805,75-100%
117.0,34.825061407626215,-82.17493859237379,82.17493859237379,75-100%
117.0,34.825061407626215,-82.17493859237379,82.17493859237379,75-100%
117.0,33.5679223886748,-83.4320776113252,83.4320776113252,75-100%
117.0,32.268084224811226,-84.73191577518878,84.73191577518878,75-100%
117.0,33.90096542931542,-83.09903457068458,83.09903457068458,75-100%
117.0,34.78839487448449,-82.21160512551552,82.21160512551552,75-100%
117.0,33.20734600069721,-83.79265399930279,83.79265399930279,75-100%
117.0,33.20734600069721,-83.79265399930279,83.79265399930279,75-100%
117.0,34.161333720444404,-82.8386662795556,82.8386662795556,75-100%
117.0,33.5679223886748,-83.4320776113252,83.4320776113252,75-100%
117.0,33.70074053549357,-83.29925946450643,83.29925946450643,75-100%
117.0,33.20734600069721,-83.79265399930279,83.79265399930279,75-100%
117.0,33.5679223886748,-83.4320776113252,83.4320776113252,75-100%
117.0,33.5679223886748,-83.4320776113252,83.4320776113252,75-100%
117.0,33.375862753534875,-83.62413724646512,83.62413724646512,75-100%
117.0,34.07435683572692,-82.92564316427308,82.92564316427308,75-100%
117.0,33.42660918465641,-83.5733908153436,83.5733908153436,75-100%
117.0,34.474916672737976,-82.52508332726202,82.52508332726202,75-100%
117.0,33.62926483625275,-83.37073516374724,83.37073516374724,75-100%
117.0,34.45263153428924,-82.54736846571076,82.54736846571076,75-100%
117.0,34.07555052950561,-82.92444947049438,82.92444947049438,75-100%
6.0,11.99712126342787,5.99712126342787,5.99712126342787,25-50%
6.0,11.671430249006463,5.6714302490064625,5.6714302490064625,25-50%
6.0,12.201564683419926,6.201564683419926,6.201564683419926,25-50%
7.0,13.039343592299655,6.039343592299655,6.039343592299655,25-50%
6.0,12.547736563313618,6.547736563313618,6.547736563313618,25-50%
6.0,12.520315572953578,6.520315572953578,6.520315572953578,25-50%
6.0,11.944610775783648,5.944610775783648,5.944610775783648,25-50%
6.0,12.32324227234422,6.3232422723442205,6.3232422723442205,25-50%
6.0,12.32324227234422,6.3232422723442205,6.3232422723442205,25-50%
6.0,12.395371614782349,6.3953716147823485,6.3953716147823485,25-50%
6.0,12.662084097608819,6.662084097608819,6.662084097608819,25-50%
6.0,11.884023432784739,5.884023432784739,5.884023432784739,25-50%
6.0,12.452289943362212,6.452289943362212,6.452289943362212,25-50%
6.0,12.411879668952192,6.411879668952192,6.411879668952192,25-50%
6.0,12.411879668952192,6.411879668952192,6.411879668952192,25-50%
6.0,12.307536194631489,6.3075361946314885,6.3075361946314885,25-50%
6.0,12.662084097608819,6.662084097608819,6.662084097608819,25-50%
5.0,9.93973428013147,4.93973428013147,4.93973428013147,0-25%
5.0,9.762213744898999,4.7622137448989985,4.7622137448989985,0-25%
6.0,11.552267490073882,5.552267490073882,5.552267490073882,25-50%
6.0,13.808051221877694,7.808051221877694,7.808051221877694,25-50%
6.0,13.808051221877694,7.808051221877694,7.808051221877694,25-50%
6.0,13.84618926063563,7.846189260635629,7.846189260635629,25-50%
6.0,12.411879668952192,6.411879668952192,6.411879668952192,25-50%
5.0,10.32264570986528,5.322645709865281,5.322645709865281,0-25%
5.0,12.025280692270172,7.025280692270172,7.025280692270172,0-25%
5.0,11.344247381357391,6.344247381357391,6.344247381357391,0-25%
5.0,10.767712557623167,5.767712557623167,5.767712557623167,0-25%
5.0,9.93642820658247,4.93642820658247,4.93642820658247,0-25%
5.0,9.891484551820913,4.891484551820913,4.891484551820913,0-25%
5.0,10.094150527423032,5.094150527423032,5.094150527423032,0-25%
8.0,16.017941084733398,8.017941084733398,8.017941084733398,25-50%
8.0,16.060563503671002,8.060563503671002,8.060563503671002,25-50%
8.0,16.52197502808815,8.52197502808815,8.52197502808815,25-50%
8.0,16.191155155706436,8.191155155706436,8.191155155706436,25-50%
8.0,14.153582496780635,6.1535824967806345,6.1535824967806345,25-50%
8.0,14.894319164839922,6.8943191648399225,6.8943191648399225,25-50%
8.0,14.819159915865518,6.819159915865518,6.819159915865518,25-50%
8.0,15.488663667606525,7.4886636676065255,7.4886636676065255,25-50%
8.0,16.191155155706436,8.191155155706436,8.191155155706436,25-50%
8.0,16.58256710054631,8.58256710054631,8.58256710054631,25-50%
8.0,16.58256710054631,8.58256710054631,8.58256710054631,25-50%
8.0,16.132803990639598,8.132803990639598,8.132803990639598,25-50%
8.0,14.700647030164316,6.7006470301643155,6.7006470301643155,25-50%
8.0,14.745953684821721,6.745953684821721,6.745953684821721,25-50%
8.0,15.491236557995002,7.491236557995002,7.491236557995002,25-50%
8.0,15.474599974282825,7.474599974282825,7.474599974282825,25-50%
8.0,16.022360626266202,8.022360626266202,8.022360626266202,25-50%
8.0,16.84413037612779,8.84413037612779,8.84413037612779,25-50%
8.0,18.670714919030516,10.670714919030516,10.670714919030516,25-50%
8.0,18.670714919030516,10.670714919030516,10.670714919030516,25-50%
8.0,18.644395143964637,10.644395143964637,10.644395143964637,25-50%
8.0,16.58256710054631,8.58256710054631,8.58256710054631,25-50%
8.0,15.093177594967731,7.093177594967731,7.093177594967731,25-50%
8.0,16.32606238686251,8.32606238686251,8.32606238686251,25-50%
8.0,16.512714992841012,8.512714992841012,8.512714992841012,25-50%
8.0,14.987391260153963,6.987391260153963,6.987391260153963,25-50%
8.0,17.899806358812953,9.899806358812953,9.899806358812953,25-50%
8.0,18.244176910580556,10.244176910580556,10.244176910580556,25-50%
8.0,18.61179316165967,10.61179316165967,10.61179316165967,25-50%
8.0,19.683860850172213,11.683860850172213,11.683860850172213,25-50%
8.0,18.683079716406198,10.683079716406198,10.683079716406198,25-50%
8.0,18.670714919030516,10.670714919030516,10.670714919030516,25-50%
8.0,16.571521833104683,8.571521833104683,8.571521833104683,25-50%
8.0,14.268462657866262,6.268462657866262,6.268462657866262,25-50%
8.0,15.847667630936137,7.847667630936137,7.847667630936137,25-50%
8.0,16.465801467496835,8.465801467496835,8.465801467496835,25-50%
8.0,15.858197029500927,7.858197029500927,7.858197029500927,25-50%
8.0,15.858197029500927,7.858197029500927,7.858197029500927,25-50%
8.0,18.670714919030516,10.670714919030516,10.670714919030516,25-50%
8.0,16.571521833104683,8.571521833104683,8.571521833104683,25-50%
8.0,15.037941967805983,7.037941967805983,7.037941967805983,25-50%
8.0,16.512714992841012,8.512714992841012,8.512714992841012,25-50%
8.0,15.696240298800484,7.696240298800484,7.696240298800484,25-50%
8.0,15.696049326430158,7.696049326430158,7.696049326430158,25-50%
8.0,15.858197029500927,7.858197029500927,7.858197029500927,25-50%
8.0,17.199754169265,9.199754169264999,9.199754169264999,25-50%
8.0,17.883302861915443,9.883302861915443,9.883302861915443,25-50%
8.0,17.371614893401315,9.371614893401315,9.371614893401315,25-50%
8.0,17.196903364616762,9.196903364616762,9.196903364616762,25-50%
8.0,15.858197029500927,7.858197029500927,7.858197029500927,25-50%
8.0,17.059530303175872,9.059530303175872,9.059530303175872,25-50%
8.0,18.76769523482807,10.767695234828071,10.767695234828071,25-50%
8.0,15.61076065329491,7.610760653294911,7.610760653294911,25-50%
8.0,17.036597702219566,9.036597702219566,9.036597702219566,25-50%
8.0,17.847484216460106,9.847484216460106,9.847484216460106,25-50%
14.0,15.253353292622602,1.2533532926226023,1.2533532926226023,50-75%
20.0,16.261681891768117,-3.7383181082318835,3.7383181082318835,75-100%
14.5,16.56846743986701,2.0684674398670104,2.0684674398670104,50-75%
14.5,16.487075486548203,1.9870754865482034,1.9870754865482034,50-75%
20.0,17.7007635430176,-2.299236456982399,2.299236456982399,75-100%
20.0,20.651627152937515,0.6516271529375146,0.6516271529375146,75-100%
13.333333333333336,16.582264868638845,3.248931535305509,3.248931535305509,50-75%
13.333333333333336,17.52619582502848,4.192862491695145,4.192862491695145,50-75%
13.333333333333336,16.109838117589746,2.77650478425641,2.77650478425641,50-75%
14.5,17.103428330410996,2.6034283304109955,2.6034283304109955,50-75%
14.5,18.327771929227666,3.8277719292276657,3.8277719292276657,50-75%
20.0,20.7620417083721,0.7620417083720987,0.7620417083720987,75-100%
20.0,22.02882771016604,2.0288277101660412,2.0288277101660412,75-100%
11.0,21.03514418921396,10.035144189213959,10.035144189213959,50-75%
10.0,20.083468845865365,10.083468845865365,10.083468845865365,50-75%
13.333333333333336,17.52619582502848,4.192862491695145,4.192862491695145,50-75%
13.333333333333336,17.592279488970384,4.258946155637048,4.258946155637048,50-75%
13.333333333333336,17.52619582502848,4.192862491695145,4.192862491695145,50-75%
13.333333333333336,17.52619582502848,4.192862491695145,4.192862491695145,50-75%
13.333333333333336,20.99569092211278,7.662357588779443,7.662357588779443,50-75%
14.5,22.219619346411903,7.719619346411903,7.719619346411903,50-75%
14.5,22.276077833107397,7.776077833107397,7.776077833107397,50-75%
20.0,22.02882771016604,2.0288277101660412,2.0288277101660412,75-100%
11.0,20.991836935271504,9.991836935271504,9.991836935271504,50-75%
10.0,20.083468845865365,10.083468845865365,10.083468845865365,50-75%
10.0,17.103428330410996,7.1034283304109955,7.1034283304109955,50-75%
13.333333333333336,17.593044658811525,4.2597113254781895,4.2597113254781895,50-75%
13.333333333333336,17.52619582502848,4.192862491695145,4.192862491695145,50-75%
13.333333333333336,17.489784959717472,4.156451626384136,4.156451626384136,50-75%
13.333333333333336,22.276077833107397,8.942744499774061,8.942744499774061,50-75%
13.333333333333336,22.276077833107397,8.942744499774061,8.942744499774061,50-75%
14.5,22.219619346411903,7.719619346411903,7.719619346411903,50-75%
20.0,22.02882771016604,2.0288277101660412,2.0288277101660412,75-100%
11.0,19.935270561843918,8.935270561843918,8.935270561843918,50-75%
10.0,17.11764589171905,7.11764589171905,7.11764589171905,50-75%
10.0,16.385633801682484,6.385633801682484,6.385633801682484,50-75%
13.333333333333336,17.103428330410996,3.77009499707766,3.77009499707766,50-75%
13.333333333333336,20.910955419775426,7.577622086442091,7.577622086442091,50-75%
13.333333333333336,22.276077833107397,8.942744499774061,8.942744499774061,50-75%
14.5,22.276077833107397,7.776077833107397,7.776077833107397,50-75%
14.5,22.219619346411903,7.719619346411903,7.719619346411903,50-75%
11.0,19.95561892395078,8.95561892395078,8.95561892395078,50-75%
10.0,16.56846743986701,6.56846743986701,6.56846743986701,50-75%
10.0,17.99646057443056,7.996460574430561,7.996460574430561,50-75%
10.0,20.44716582365751,10.44716582365751,10.44716582365751,50-75%
9.0,20.353094133824733,11.353094133824733,11.353094133824733,50-75%
11.0,21.57199033621486,10.57199033621486,10.57199033621486,50-75%
11.0,17.58957628490989,6.589576284909889,6.589576284909889,50-75%
11.0,16.95667195318388,5.9566719531838785,5.9566719531838785,50-75%
8.0,15.56784645159403,7.567846451594029,7.567846451594029,25-50%
8.0,16.444901544191932,8.444901544191932,8.444901544191932,25-50%
7.0,15.22493840086905,8.22493840086905,8.22493840086905,25-50%
7.0,15.22493840086905,8.22493840086905,8.22493840086905,25-50%
8.0,13.610558881513471,5.610558881513471,5.610558881513471,25-50%
8.0,15.4023692927508,7.4023692927508,7.4023692927508,25-50%
8.0,15.4023692927508,7.4023692927508,7.4023692927508,25-50%
8.0,15.842837149726332,7.842837149726332,7.842837149726332,25-50%
7.0,15.365199138003867,8.365199138003867,8.365199138003867,25-50%
7.0,15.365199138003867,8.365199138003867,8.365199138003867,25-50%
7.5,13.610558881513471,6.110558881513471,6.110558881513471,25-50%
7.5,13.610558881513471,6.110558881513471,6.110558881513471,25-50%
7.5,14.019319740460483,6.5193197404604835,6.5193197404604835,25-50%
8.0,14.495691102409031,6.495691102409031,6.495691102409031,25-50%
8.0,15.399800029991152,7.399800029991152,7.399800029991152,25-50%
8.0,15.988688714369243,7.988688714369243,7.988688714369243,25-50%
8.0,16.61239297705892,8.61239297705892,8.61239297705892,25-50%
8.0,16.509281639669847,8.509281639669847,8.509281639669847,25-50%
7.0,16.368284290897464,9.368284290897464,9.368284290897464,25-50%
7.0,16.23265856503435,9.232658565034349,9.232658565034349,25-50%
7.0,15.365199138003867,8.365199138003867,8.365199138003867,25-50%
7.0,15.22493840086905,8.22493840086905,8.22493840086905,25-50%
7.5,14.019319740460483,6.5193197404604835,6.5193197404604835,25-50%
7.5,14.019319740460483,6.5193197404604835,6.5193197404604835,25-50%
7.5,13.473958430072356,5.973958430072356,5.973958430072356,25-50%
8.0,15.229128620248385,7.229128620248385,7.229128620248385,25-50%
8.0,15.399800029991152,7.399800029991152,7.399800029991152,25-50%
8.0,16.138340343498644,8.138340343498644,8.138340343498644,25-50%
8.0,16.59857190568853,8.59857190568853,8.59857190568853,25-50%
7.0,16.05359915528594,9.05359915528594,9.05359915528594,25-50%
7.0,15.365199138003867,8.365199138003867,8.365199138003867,25-50%
7.5,14.019319740460483,6.5193197404604835,6.5193197404604835,25-50%
8.0,15.229128620248385,7.229128620248385,7.229128620248385,25-50%
8.0,15.399800029991152,7.399800029991152,7.399800029991152,25-50%
8.0,16.017872850770086,8.017872850770086,8.017872850770086,25-50%
8.0,16.61239297705892,8.61239297705892,8.61239297705892,25-50%
7.0,16.566097287249296,9.566097287249296,9.566097287249296,25-50%
7.0,16.220115118474066,9.220115118474066,9.220115118474066,25-50%
7.0,15.365199138003867,8.365199138003867,8.365199138003867,25-50%
7.5,15.56784645159403,8.06784645159403,8.06784645159403,25-50%
7.5,15.4023692927508,7.9023692927508,7.9023692927508,25-50%
8.0,15.4023692927508,7.4023692927508,7.4023692927508,25-50%
8.0,15.988688714369243,7.988688714369243,7.988688714369243,25-50%
8.0,16.104657130398934,8.104657130398934,8.104657130398934,25-50%
7.0,18.971749695953836,11.971749695953836,11.971749695953836,25-50%
7.0,17.003606368541973,10.003606368541973,10.003606368541973,25-50%
7.0,15.027222059366872,8.027222059366872,8.027222059366872,25-50%
7.0,15.671842578851487,8.671842578851487,8.671842578851487,25-50%
7.0,16.422633919137066,9.422633919137066,9.422633919137066,25-50%
7.0,16.149103386413522,9.149103386413522,9.149103386413522,25-50%
14.0,21.11273958094963,7.112739580949629,7.112739580949629,50-75%
14.0,21.039377480244955,7.039377480244955,7.039377480244955,50-75%
14.0,21.53423774474217,7.534237744742171,7.534237744742171,50-75%
14.0,21.53423774474217,7.534237744742171,7.534237744742171,50-75%
14.0,21.789951271108343,7.789951271108343,7.789951271108343,50-75%
14.0,21.57143277304258,7.571432773042581,7.571432773042581,50-75%
14.0,21.261001199755245,7.2610011997552455,7.2610011997552455,50-75%
14.0,21.56886351262098,7.568863512620979,7.568863512620979,50-75%
14.0,21.220390577708418,7.220390577708418,7.220390577708418,50-75%
14.0,21.53423774474217,7.534237744742171,7.534237744742171,50-75%
14.0,20.750692361443733,6.750692361443733,6.750692361443733,50-75%
14.0,20.88679109072666,6.8867910907266605,6.8867910907266605,50-75%
14.0,21.203699930198184,7.203699930198184,7.203699930198184,50-75%
14.0,20.987882049364337,6.987882049364337,6.987882049364337,50-75%
14.0,20.967415594057456,6.9674155940574565,6.9674155940574565,50-75%
14.0,21.789951271108343,7.789951271108343,7.789951271108343,50-75%
14.0,21.203699930198184,7.203699930198184,7.203699930198184,50-75%
14.0,21.325312307437,7.325312307436999,7.325312307436999,50-75%
14.0,21.039377480244955,7.039377480244955,7.039377480244955,50-75%
14.0,21.53423774474217,7.534237744742171,7.534237744742171,50-75%
14.0,21.53423774474217,7.534237744742171,7.534237744742171,50-75%
14.0,21.150054172073453,7.150054172073453,7.150054172073453,50-75%
14.0,21.839853891624298,7.839853891624298,7.839853891624298,50-75%
14.0,21.220390577708418,7.220390577708418,7.220390577708418,50-75%
14.0,21.0038984244909,7.003898424490899,7.003898424490899,50-75%
14.0,21.53423774474217,7.534237744742171,7.534237744742171,50-75%
14.0,21.080529080232644,7.080529080232644,7.080529080232644,50-75%
14.0,21.30940385992501,7.309403859925009,7.309403859925009,50-75%
14.0,18.357102343547417,4.357102343547417,4.357102343547417,50-75%
14.0,18.425671934925067,4.425671934925067,4.425671934925067,50-75%
14.0,18.368295120488565,4.368295120488565,4.368295120488565,50-75%
14.0,20.01210644816211,6.012106448162111,6.012106448162111,50-75%
14.0,17.693653008736394,3.693653008736394,3.693653008736394,50-75%
14.0,17.546211750105698,3.546211750105698,3.546211750105698,50-75%
14.0,18.34556746159279,4.34556746159279,4.34556746159279,50-75%
14.0,17.239181536495483,3.239181536495483,3.239181536495483,50-75%
14.0,17.59965963845443,3.5996596384544297,3.5996596384544297,50-75%
14.0,19.981719674464863,5.981719674464863,5.981719674464863,50-75%
14.0,20.362786505081203,6.362786505081203,6.362786505081203,50-75%
12.5,18.642299158416137,6.142299158416137,6.142299158416137,50-75%
12.5,17.040151717273616,4.540151717273616,4.540151717273616,50-75%
12.5,17.576036603487182,5.076036603487182,5.076036603487182,50-75%
11.0,19.86016348848558,8.860163488485579,8.860163488485579,50-75%
14.0,17.216666065469855,3.2166660654698553,3.2166660654698553,50-75%
14.0,18.068209017576223,4.068209017576223,4.068209017576223,50-75%
14.0,18.826522118100574,4.8265221181005735,4.8265221181005735,50-75%
12.5,19.797301177878403,7.297301177878403,7.297301177878403,50-75%
12.5,19.25401000278272,6.754010002782721,6.754010002782721,50-75%
12.5,19.82249961592108,7.322499615921078,7.322499615921078,50-75%
11.0,19.87654605690746,8.876546056907461,8.876546056907461,50-75%
11.0,19.819165508634867,8.819165508634867,8.819165508634867,50-75%
12.5,19.82249961592108,7.322499615921078,7.322499615921078,50-75%
12.5,18.94934735020219,6.4493473502021885,6.4493473502021885,50-75%
12.5,19.041144589436296,6.541144589436296,6.541144589436296,50-75%
12.5,19.545313211505146,7.045313211505146,7.045313211505146,50-75%
12.5,19.480119894878392,6.980119894878392,6.980119894878392,50-75%
11.0,20.135299668189408,9.135299668189408,9.135299668189408,50-75%
11.0,20.352648894099126,9.352648894099126,9.352648894099126,50-75%
14.0,19.873431740987126,5.873431740987126,5.873431740987126,50-75%
14.0,19.797301177878403,5.797301177878403,5.797301177878403,50-75%
12.5,19.838852604950176,7.338852604950176,7.338852604950176,50-75%
12.5,19.838852604950176,7.338852604950176,7.338852604950176,50-75%
12.5,19.67537752348843,7.175377523488429,7.175377523488429,50-75%
12.5,17.75263320134459,5.25263320134459,5.25263320134459,50-75%
11.0,19.457459941690345,8.457459941690345,8.457459941690345,50-75%
11.0,20.020337491177834,9.020337491177834,9.020337491177834,50-75%
11.0,19.477343625313175,8.477343625313175,8.477343625313175,50-75%
11.0,19.890251387940264,8.890251387940264,8.890251387940264,50-75%
12.5,19.813634377267043,7.313634377267043,7.313634377267043,50-75%
12.5,19.838852604950176,7.338852604950176,7.338852604950176,50-75%
11.0,22.49468893079031,11.49468893079031,11.49468893079031,50-75%
11.0,20.213522524304775,9.213522524304775,9.213522524304775,50-75%
11.0,20.866955630342133,9.866955630342133,9.866955630342133,50-75%
11.0,23.83248202592624,12.83248202592624,12.83248202592624,50-75%
11.0,23.046730215333373,12.046730215333373,12.046730215333373,50-75%
11.0,19.876291132018792,8.876291132018792,8.876291132018792,50-75%
11.0,20.100375559863814,9.100375559863814,9.100375559863814,50-75%
11.0,22.355589510932447,11.355589510932447,11.355589510932447,50-75%
18.0,32.96430795908632,14.96430795908632,14.96430795908632,75-100%
18.0,32.96430795908632,14.96430795908632,14.96430795908632,75-100%
18.0,33.298268649761845,15.298268649761845,15.298268649761845,75-100%
18.0,33.298268649761845,15.298268649761845,15.298268649761845,75-100%
18.0,35.830593533789425,17.830593533789425,17.830593533789425,75-100%
18.0,36.11963997462696,18.119639974626963,18.119639974626963,75-100%
18.0,33.298268649761845,15.298268649761845,15.298268649761845,75-100%
18.0,33.298268649761845,15.298268649761845,15.298268649761845,75-100%
18.0,33.25521607426655,15.25521607426655,15.25521607426655,75-100%
18.0,33.25521607426655,15.25521607426655,15.25521607426655,75-100%
18.0,31.538944501618612,13.538944501618612,13.538944501618612,75-100%
18.0,35.830593533789425,17.830593533789425,17.830593533789425,75-100%
18.0,35.830593533789425,17.830593533789425,17.830593533789425,75-100%
18.0,35.830593533789425,17.830593533789425,17.830593533789425,75-100%
18.0,32.96430795908632,14.96430795908632,14.96430795908632,75-100%
18.0,33.298268649761845,15.298268649761845,15.298268649761845,75-100%
18.0,33.25521607426655,15.25521607426655,15.25521607426655,75-100%
18.0,33.25521607426655,15.25521607426655,15.25521607426655,75-100%
18.0,34.25985363618267,16.25985363618267,16.25985363618267,75-100%
18.0,35.830593533789425,17.830593533789425,17.830593533789425,75-100%
18.0,35.830593533789425,17.830593533789425,17.830593533789425,75-100%
18.0,36.11963997462696,18.119639974626963,18.119639974626963,75-100%
18.0,33.191746493338115,15.191746493338115,15.191746493338115,75-100%
18.0,33.25521607426655,15.25521607426655,15.25521607426655,75-100%
18.0,33.298268649761845,15.298268649761845,15.298268649761845,75-100%
18.0,33.298268649761845,15.298268649761845,15.298268649761845,75-100%
18.0,35.830593533789425,17.830593533789425,17.830593533789425,75-100%
18.0,35.830593533789425,17.830593533789425,17.830593533789425,75-100%
18.0,30.123956049615163,12.123956049615163,12.123956049615163,75-100%
18.0,32.67743472830845,14.677434728308448,14.677434728308448,75-100%
18.0,33.298268649761845,15.298268649761845,15.298268649761845,75-100%
18.0,32.829332301011405,14.829332301011405,14.829332301011405,75-100%
18.0,33.73795948294398,15.737959482943978,15.737959482943978,75-100%
18.0,35.32703446990744,17.32703446990744,17.32703446990744,75-100%
18.0,32.829332301011405,14.829332301011405,14.829332301011405,75-100%
18.0,30.123956049615163,12.123956049615163,12.123956049615163,75-100%
18.0,30.123956049615163,12.123956049615163,12.123956049615163,75-100%
18.0,31.579840035941213,13.579840035941213,13.579840035941213,75-100%
6.0,27.392238193031037,21.392238193031037,21.392238193031037,25-50%
6.0,28.09247494661941,22.09247494661941,22.09247494661941,25-50%
6.0,27.392238193031037,21.392238193031037,21.392238193031037,25-50%
6.0,27.481802361654726,21.481802361654726,21.481802361654726,25-50%
6.0,27.408469026050735,21.408469026050735,21.408469026050735,25-50%
6.0,27.408469026050735,21.408469026050735,21.408469026050735,25-50%
6.0,27.392238193031037,21.392238193031037,21.392238193031037,25-50%
6.0,27.392238193031037,21.392238193031037,21.392238193031037,25-50%
6.0,27.392238193031037,21.392238193031037,21.392238193031037,25-50%
6.0,27.941848700240037,21.941848700240037,21.941848700240037,25-50%
6.0,26.71722490464683,20.71722490464683,20.71722490464683,25-50%
6.0,26.79758003280076,20.79758003280076,20.79758003280076,25-50%
6.0,27.143388714240928,21.143388714240928,21.143388714240928,25-50%
6.0,27.111732837768233,21.111732837768233,21.111732837768233,25-50%
6.0,27.052393407009294,21.052393407009294,21.052393407009294,25-50%
6.0,26.49933043900584,20.49933043900584,20.49933043900584,25-50%
6.0,27.542969989263778,21.542969989263778,21.542969989263778,25-50%
6.0,26.79758003280076,20.79758003280076,20.79758003280076,25-50%
6.0,27.135572207567183,21.135572207567183,21.135572207567183,25-50%
6.0,27.135572207567183,21.135572207567183,21.135572207567183,25-50%
6.0,26.915370352637026,20.915370352637026,20.915370352637026,25-50%
6.0,27.553091562188495,21.553091562188495,21.553091562188495,25-50%
6.0,26.975822309584256,20.975822309584256,20.975822309584256,25-50%
6.0,25.075673210591624,19.075673210591624,19.075673210591624,25-50%
6.0,26.821094078321046,20.821094078321046,20.821094078321046,25-50%
35.5,23.565832292282366,-11.934167707717634,11.934167707717634,75-100%
35.5,22.147545154439122,-13.352454845560878,13.352454845560878,75-100%
35.5,23.67113714422668,-11.82886285577332,11.82886285577332,75-100%
35.5,23.822261642731277,-11.677738357268723,11.677738357268723,75-100%
35.5,23.822261642731277,-11.677738357268723,11.677738357268723,75-100%
35.5,23.565832292282366,-11.934167707717634,11.934167707717634,75-100%
35.5,23.67113714422668,-11.82886285577332,11.82886285577332,75-100%
35.5,24.048597572795444,-11.451402427204556,11.451402427204556,75-100%
35.5,24.462081133208493,-11.037918866791507,11.037918866791507,75-100%
35.5,24.462081133208493,-11.037918866791507,11.037918866791507,75-100%
35.5,23.896095081245054,-11.603904918754946,11.603904918754946,75-100%
35.5,23.67113714422668,-11.82886285577332,11.82886285577332,75-100%
35.5,23.67113714422668,-11.82886285577332,11.82886285577332,75-100%
35.5,24.462081133208493,-11.037918866791507,11.037918866791507,75-100%
35.5,24.462081133208493,-11.037918866791507,11.037918866791507,75-100%
35.5,24.462081133208493,-11.037918866791507,11.037918866791507,75-100%
35.5,23.565832292282366,-11.934167707717634,11.934167707717634,75-100%
35.5,23.67113714422668,-11.82886285577332,11.82886285577332,75-100%
35.5,22.147545154439122,-13.352454845560878,13.352454845560878,75-100%
35.5,24.86334421840819,-10.63665578159181,10.63665578159181,75-100%
35.5,25.021771651315284,-10.478228348684716,10.478228348684716,75-100%
35.5,23.565832292282366,-11.934167707717634,11.934167707717634,75-100%
33.0,22.246880146246763,-10.753119853753237,10.753119853753237,75-100%
33.0,22.246880146246763,-10.753119853753237,10.753119853753237,75-100%
33.0,22.246880146246763,-10.753119853753237,10.753119853753237,75-100%
33.0,22.45885133222174,-10.541148667778259,10.541148667778259,75-100%
33.0,24.158899051306587,-8.841100948693413,8.841100948693413,75-100%
33.0,24.23829625172652,-8.76170374827348,8.76170374827348,75-100%
33.0,24.23829625172652,-8.76170374827348,8.76170374827348,75-100%
33.0,24.23829625172652,-8.76170374827348,8.76170374827348,75-100%
33.0,24.665046474729763,-8.334953525270237,8.334953525270237,75-100%
33.0,24.296919259708574,-8.703080740291426,8.703080740291426,75-100%
33.0,24.971180198906488,-8.028819801093512,8.028819801093512,75-100%
33.0,23.789830031880047,-9.210169968119953,9.210169968119953,75-100%
33.0,25.2864149341855,-7.713585065814499,7.713585065814499,75-100%
33.0,25.129162543256925,-7.870837456743075,7.870837456743075,75-100%
33.0,26.529762728940547,-6.470237271059453,6.470237271059453,75-100%
33.0,26.088558673136525,-6.911441326863475,6.911441326863475,75-100%
33.0,25.07212143154546,-7.927878568454538,7.927878568454538,75-100%
33.0,22.147545154439122,-10.852454845560878,10.852454845560878,75-100%
33.0,26.134888911214265,-6.865111088785735,6.865111088785735,75-100%
33.0,26.088558673136525,-6.911441326863475,6.911441326863475,75-100%
33.0,25.451529586101895,-7.548470413898105,7.548470413898105,75-100%
33.0,23.922101472017065,-9.077898527982935,9.077898527982935,75-100%
33.0,22.074469778079518,-10.925530221920482,10.925530221920482,75-100%
33.0,23.922101472017065,-9.077898527982935,9.077898527982935,75-100%
33.0,23.922101472017065,-9.077898527982935,9.077898527982935,75-100%
33.0,21.726563399817348,-11.273436600182652,11.273436600182652,75-100%
33.0,22.830219241604958,-10.169780758395042,10.169780758395042,75-100%
33.0,22.074469778079518,-10.925530221920482,10.925530221920482,75-100%
96.0,27.681028623136203,-68.3189713768638,68.3189713768638,75-100%
96.0,27.73812456107023,-68.26187543892976,68.26187543892976,75-100%
96.0,27.616551806642136,-68.38344819335786,68.38344819335786,75-100%
96.0,27.206089603487303,-68.7939103965127,68.7939103965127,75-100%
96.0,26.634660708523604,-69.3653392914764,69.3653392914764,75-100%
96.0,26.99851641143305,-69.00148358856694,69.00148358856694,75-100%
96.0,27.26964159520411,-68.7303584047959,68.7303584047959,75-100%
96.0,27.26964159520411,-68.7303584047959,68.7303584047959,75-100%
96.0,27.548837734611357,-68.45116226538865,68.45116226538865,75-100%
96.0,27.548837734611357,-68.45116226538865,68.45116226538865,75-100%
96.0,26.97730584456432,-69.02269415543569,69.02269415543569,75-100%
96.0,26.708984360438627,-69.29101563956138,69.29101563956138,75-100%
96.0,26.99851641143305,-69.00148358856694,69.00148358856694,75-100%
96.0,27.0503920650957,-68.9496079349043,68.9496079349043,75-100%
96.0,26.92110778107375,-69.07889221892626,69.07889221892626,75-100%
96.0,27.548837734611357,-68.45116226538865,68.45116226538865,75-100%
96.0,27.139346789886897,-68.8606532101131,68.8606532101131,75-100%
96.0,27.3844387281625,-68.61556127183749,68.61556127183749,75-100%
96.0,26.708984360438627,-69.29101563956138,69.29101563956138,75-100%
96.0,26.708984360438627,-69.29101563956138,69.29101563956138,75-100%
96.0,26.92110778107375,-69.07889221892626,69.07889221892626,75-100%
96.0,26.92110778107375,-69.07889221892626,69.07889221892626,75-100%
96.0,27.109203492419343,-68.89079650758066,68.89079650758066,75-100%
96.0,26.848582933097802,-69.1514170669022,69.1514170669022,75-100%
96.0,27.3844387281625,-68.61556127183749,68.61556127183749,75-100%
96.0,27.3844387281625,-68.61556127183749,68.61556127183749,75-100%
96.0,27.139346789886897,-68.8606532101131,68.8606532101131,75-100%
96.0,26.92110778107375,-69.07889221892626,69.07889221892626,75-100%
96.0,26.869471222348754,-69.13052877765125,69.13052877765125,75-100%
96.0,27.51825578419819,-68.48174421580181,68.48174421580181,75-100%
96.0,26.839617019705337,-69.16038298029466,69.16038298029466,75-100%
96.0,26.839617019705337,-69.16038298029466,69.16038298029466,75-100%
32.0,27.3844387281625,-4.6155612718375,4.6155612718375,75-100%
32.0,26.97730584456432,-5.02269415543568,5.02269415543568,75-100%
32.0,27.3844387281625,-4.6155612718375,4.6155612718375,75-100%
32.0,27.3844387281625,-4.6155612718375,4.6155612718375,75-100%
32.0,27.3844387281625,-4.6155612718375,4.6155612718375,75-100%
32.0,27.3844387281625,-4.6155612718375,4.6155612718375,75-100%
32.0,25.47555103445562,-6.52444896554438,6.52444896554438,75-100%
32.0,25.624004370066274,-6.375995629933726,6.375995629933726,75-100%
32.0,26.087060213106227,-5.912939786893773,5.912939786893773,75-100%
32.0,25.070679197857743,-6.929320802142257,6.929320802142257,75-100%
32.0,25.070679197857743,-6.929320802142257,6.929320802142257,75-100%
41.0,27.77057841965086,-13.22942158034914,13.22942158034914,75-100%
32.0,27.35403288447248,-4.645967115527519,4.645967115527519,75-100%
32.0,26.120938333805782,-5.879061666194218,5.879061666194218,75-100%
32.0,23.851153878910132,-8.148846121089868,8.148846121089868,75-100%
32.0,22.073193365735108,-9.926806634264892,9.926806634264892,75-100%
41.0,27.05605562815328,-13.943944371846719,13.943944371846719,75-100%
41.0,27.05605562815328,-13.943944371846719,13.943944371846719,75-100%
41.0,27.05605562815328,-13.943944371846719,13.943944371846719,75-100%
41.0,25.39157938395546,-15.60842061604454,15.60842061604454,75-100%
41.0,33.652465933709884,-7.347534066290116,7.347534066290116,75-100%
41.0,26.98080102894132,-14.019198971058682,14.019198971058682,75-100%
41.0,27.032741333180965,-13.967258666819035,13.967258666819035,75-100%
41.0,27.078089503929473,-13.921910496070527,13.921910496070527,75-100%
41.0,27.77057841965086,-13.22942158034914,13.22942158034914,75-100%
41.0,27.048011826200945,-13.951988173799055,13.951988173799055,75-100%
41.0,23.1683379850177,-17.8316620149823,17.8316620149823,75-100%
41.0,21.840445948032954,-19.159554051967046,19.159554051967046,75-100%
41.0,33.24641355862814,-7.7535864413718585,7.7535864413718585,75-100%
41.0,33.7700672884871,-7.229932711512902,7.229932711512902,75-100%
41.0,27.108037890481715,-13.891962109518285,13.891962109518285,75-100%
41.0,26.930038823384585,-14.069961176615415,14.069961176615415,75-100%
41.0,27.032741333180965,-13.967258666819035,13.967258666819035,75-100%
41.0,27.02600155344855,-13.973998446551452,13.973998446551452,75-100%
41.0,23.177728310773155,-17.822271689226845,17.822271689226845,75-100%
41.0,21.33033556201916,-19.66966443798084,19.66966443798084,75-100%
41.0,31.333185272392548,-9.666814727607452,9.666814727607452,75-100%
41.0,27.032741333180965,-13.967258666819035,13.967258666819035,75-100%
41.0,27.03502749308297,-13.964972506917029,13.964972506917029,75-100%
41.0,27.299960153932485,-13.700039846067515,13.700039846067515,75-100%
41.0,24.481296319064313,-16.518703680935687,16.518703680935687,75-100%
41.0,22.536971912326464,-18.463028087673536,18.463028087673536,75-100%
41.0,33.24641355862814,-7.7535864413718585,7.7535864413718585,75-100%
41.0,33.24641355862814,-7.7535864413718585,7.7535864413718585,75-100%
41.0,34.222858575331855,-6.7771414246681445,6.7771414246681445,75-100%
41.0,27.05605562815328,-13.943944371846719,13.943944371846719,75-100%
41.0,27.90961308023271,-13.09038691976729,13.09038691976729,75-100%
41.0,27.83452059786679,-13.165479402133212,13.165479402133212,75-100%
41.0,35.32438874149685,-5.675611258503153,5.675611258503153,75-100%
41.0,27.36017997781554,-13.639820022184459,13.639820022184459,75-100%
23.0,27.59614864963077,4.59614864963077,4.59614864963077,75-100%
23.0,27.59614864963077,4.59614864963077,4.59614864963077,75-100%
23.0,27.649131596356764,4.649131596356764,4.649131596356764,75-100%
23.0,27.873061038267537,4.873061038267537,4.873061038267537,75-100%
23.0,27.59614864963077,4.59614864963077,4.59614864963077,75-100%
23.0,27.59614864963077,4.59614864963077,4.59614864963077,75-100%
21.0,27.59614864963077,6.59614864963077,6.59614864963077,75-100%
21.0,27.47557125302046,6.475571253020458,6.475571253020458,75-100%
21.0,27.649131596356764,6.649131596356764,6.649131596356764,75-100%
23.0,27.85266931600813,4.852669316008129,4.852669316008129,75-100%
23.0,27.565516019043837,4.565516019043837,4.565516019043837,75-100%
21.0,26.694984359768693,5.694984359768693,5.694984359768693,75-100%
21.0,27.649131596356764,6.649131596356764,6.649131596356764,75-100%
21.0,27.889612380090195,6.889612380090195,6.889612380090195,75-100%
21.0,27.85266931600813,6.852669316008129,6.852669316008129,75-100%
21.0,27.748531591348133,6.748531591348133,6.748531591348133,75-100%
23.0,27.56074864878537,4.560748648785371,4.560748648785371,75-100%
21.0,27.56074864878537,6.560748648785371,6.560748648785371,75-100%
21.0,27.649131596356764,6.649131596356764,6.649131596356764,75-100%
21.0,27.85266931600813,6.852669316008129,6.852669316008129,75-100%
21.0,27.748531591348133,6.748531591348133,6.748531591348133,75-100%
19.0,28.341869094794113,9.341869094794113,9.341869094794113,75-100%
21.0,27.56074864878537,6.560748648785371,6.560748648785371,75-100%
21.0,27.56074864878537,6.560748648785371,6.560748648785371,75-100%
21.0,27.58317888616952,6.58317888616952,6.58317888616952,75-100%
21.0,27.921104036416228,6.921104036416228,6.921104036416228,75-100%
21.0,28.341869094794113,7.341869094794113,7.341869094794113,75-100%
19.0,27.87546421568224,8.87546421568224,8.87546421568224,75-100%
19.0,28.663294238809986,9.663294238809986,9.663294238809986,75-100%
21.0,29.290345567191782,8.290345567191782,8.290345567191782,75-100%
21.0,29.41874967721666,8.41874967721666,8.41874967721666,75-100%
21.0,27.734962487139914,6.734962487139914,6.734962487139914,75-100%
21.0,28.431331259913627,7.431331259913627,7.431331259913627,75-100%
19.0,28.7182543929772,9.718254392977201,9.718254392977201,75-100%
19.0,28.686590362435958,9.686590362435958,9.686590362435958,75-100%
19.0,28.686590362435958,9.686590362435958,9.686590362435958,75-100%
19.0,28.764323093917668,9.764323093917668,9.764323093917668,75-100%
35.0,31.15549857447673,-3.8445014255232692,3.8445014255232692,75-100%
35.0,32.297138255718515,-2.702861744281485,2.702861744281485,75-100%
35.0,31.49569801941174,-3.5043019805882594,3.5043019805882594,75-100%
35.0,30.600983027981975,-4.399016972018025,4.399016972018025,75-100%
35.0,31.47019748906689,-3.5298025109331093,3.5298025109331093,75-100%
35.0,31.47019748906689,-3.5298025109331093,3.5298025109331093,75-100%
35.0,32.21344381834028,-2.7865561816597193,2.7865561816597193,75-100%
35.0,32.21344381834028,-2.7865561816597193,2.7865561816597193,75-100%
35.0,32.21344381834028,-2.7865561816597193,2.7865561816597193,75-100%
35.0,30.91156600348712,-4.0884339965128795,4.0884339965128795,75-100%
35.0,30.080127403580352,-4.919872596419648,4.919872596419648,75-100%
35.0,31.857179515142604,-3.1428204848573955,3.1428204848573955,75-100%
35.0,32.18855019850937,-2.8114498014906317,2.8114498014906317,75-100%
35.0,32.04717526325286,-2.9528247367471394,2.9528247367471394,75-100%
35.0,32.02218359208384,-2.9778164079161584,2.9778164079161584,75-100%
35.0,30.51687888903845,-4.483121110961552,4.483121110961552,75-100%
35.0,31.857179515142604,-3.1428204848573955,3.1428204848573955,75-100%
35.0,31.857179515142604,-3.1428204848573955,3.1428204848573955,75-100%
35.0,32.67586772742116,-2.3241322725788365,2.3241322725788365,75-100%
35.0,32.67586772742116,-2.3241322725788365,2.3241322725788365,75-100%
35.0,31.706176611841148,-3.2938233881588523,3.2938233881588523,75-100%
35.0,32.453342859153246,-2.5466571408467544,2.5466571408467544,75-100%
35.0,32.45270521079472,-2.5472947892052815,2.5472947892052815,75-100%
35.0,29.159355034104166,-5.840644965895834,5.840644965895834,75-100%
35.0,31.595720743295107,-3.4042792567048927,3.4042792567048927,75-100%
16.0,26.074052399351313,10.074052399351313,10.074052399351313,75-100%
16.0,25.499983974105444,9.499983974105444,9.499983974105444,75-100%
16.0,26.328202125795457,10.328202125795457,10.328202125795457,75-100%
16.0,26.28610618936725,10.28610618936725,10.28610618936725,75-100%
16.0,27.23240642799987,11.23240642799987,11.23240642799987,75-100%
16.0,27.23240642799987,11.23240642799987,11.23240642799987,75-100%
16.0,26.26565513473229,10.265655134732292,10.265655134732292,75-100%
16.0,26.28610618936725,10.28610618936725,10.28610618936725,75-100%
16.0,26.28610618936725,10.28610618936725,10.28610618936725,75-100%
16.0,27.23240642799987,11.23240642799987,11.23240642799987,75-100%
16.0,27.21124611724214,11.21124611724214,11.21124611724214,75-100%
16.0,27.702809886304944,11.702809886304944,11.702809886304944,75-100%
16.0,27.21124611724214,11.21124611724214,11.21124611724214,75-100%
16.0,27.21124611724214,11.21124611724214,11.21124611724214,75-100%
16.0,27.23240642799987,11.23240642799987,11.23240642799987,75-100%
16.0,26.28610618936725,10.28610618936725,10.28610618936725,75-100%
16.0,27.21124611724214,11.21124611724214,11.21124611724214,75-100%
16.0,26.26565513473229,10.265655134732292,10.265655134732292,75-100%
16.0,26.28610618936725,10.28610618936725,10.28610618936725,75-100%
16.0,26.26565513473229,10.265655134732292,10.265655134732292,75-100%
16.0,26.28610618936725,10.28610618936725,10.28610618936725,75-100%
16.0,26.28610618936725,10.28610618936725,10.28610618936725,75-100%
16.0,26.28610618936725,10.28610618936725,10.28610618936725,75-100%
16.0,26.092557989157584,10.092557989157584,10.092557989157584,75-100%
16.0,25.682930445233712,9.682930445233712,9.682930445233712,75-100%
16.0,26.1792801248837,10.1792801248837,10.1792801248837,75-100%
16.0,26.021203661749638,10.021203661749638,10.021203661749638,75-100%
16.0,25.725769334567495,9.725769334567495,9.725769334567495,75-100%
16.0,26.307719520074027,10.307719520074027,10.307719520074027,75-100%
16.0,26.328202125795457,10.328202125795457,10.328202125795457,75-100%
16.0,26.28610618936725,10.28610618936725,10.28610618936725,75-100%
16.0,25.53939170703901,9.539391707039009,9.539391707039009,75-100%
16.0,25.53939170703901,9.539391707039009,9.539391707039009,75-100%
16.0,26.1792801248837,10.1792801248837,10.1792801248837,75-100%
16.0,26.28610618936725,10.28610618936725,10.28610618936725,75-100%
29.0,23.138771708538087,-5.861228291461913,5.861228291461913,75-100%
29.0,24.50844738131002,-4.49155261868998,4.49155261868998,75-100%
29.0,23.03573917436566,-5.964260825634341,5.964260825634341,75-100%
28.0,24.631155514318095,-3.3688444856819046,3.3688444856819046,75-100%
28.0,24.631155514318095,-3.3688444856819046,3.3688444856819046,75-100%
28.0,24.631155514318095,-3.3688444856819046,3.3688444856819046,75-100%
29.0,24.617792883748468,-4.382207116251532,4.382207116251532,75-100%
29.0,24.617792883748468,-4.382207116251532,4.382207116251532,75-100%
29.0,25.031578909968218,-3.9684210900317822,3.9684210900317822,75-100%
29.0,25.031578909968218,-3.9684210900317822,3.9684210900317822,75-100%
28.0,24.631155514318095,-3.3688444856819046,3.3688444856819046,75-100%
28.0,24.631155514318095,-3.3688444856819046,3.3688444856819046,75-100%
28.0,24.631155514318095,-3.3688444856819046,3.3688444856819046,75-100%
28.0,24.470455302530294,-3.5295446974697064,3.5295446974697064,75-100%
29.0,25.031578909968218,-3.9684210900317822,3.9684210900317822,75-100%
29.0,24.920467227236863,-4.079532772763137,4.079532772763137,75-100%
29.0,25.031578909968218,-3.9684210900317822,3.9684210900317822,75-100%
29.0,24.50844738131002,-4.49155261868998,4.49155261868998,75-100%
29.0,25.268941713907225,-3.7310582860927752,3.7310582860927752,75-100%
29.0,25.847596998971476,-3.1524030010285244,3.1524030010285244,75-100%
28.0,22.469901926577553,-5.530098073422447,5.530098073422447,75-100%
28.0,24.631155514318095,-3.3688444856819046,3.3688444856819046,75-100%
28.0,24.631155514318095,-3.3688444856819046,3.3688444856819046,75-100%
28.0,24.470455302530294,-3.5295446974697064,3.5295446974697064,75-100%
28.0,26.21854428390716,-1.7814557160928395,1.7814557160928395,75-100%
29.0,24.851382677538766,-4.148617322461234,4.148617322461234,75-100%
29.0,25.268941713907225,-3.7310582860927752,3.7310582860927752,75-100%
29.0,25.268941713907225,-3.7310582860927752,3.7310582860927752,75-100%
20.0,26.364426590941417,6.364426590941417,6.364426590941417,75-100%
20.0,26.364426590941417,6.364426590941417,6.364426590941417,75-100%
20.0,26.364426590941417,6.364426590941417,6.364426590941417,75-100%
28.0,23.974353648786792,-4.025646351213208,4.025646351213208,75-100%
28.0,22.322752173296507,-5.677247826703493,5.677247826703493,75-100%
28.0,22.322752173296507,-5.677247826703493,5.677247826703493,75-100%
28.0,26.142560684134242,-1.8574393158657578,1.8574393158657578,75-100%
28.0,26.84032007822227,-1.1596799217777303,1.1596799217777303,75-100%
28.0,27.245459510043048,-0.7545404899569519,0.7545404899569519,75-100%
28.0,27.245459510043048,-0.7545404899569519,0.7545404899569519,75-100%
20.0,27.504003583875807,7.504003583875807,7.504003583875807,75-100%
20.0,27.504003583875807,7.504003583875807,7.504003583875807,75-100%
20.0,27.67860653070408,7.67860653070408,7.67860653070408,75-100%
11.0,24.735483614921584,13.735483614921584,13.735483614921584,50-75%
28.0,24.022216993417498,-3.977783006582502,3.977783006582502,75-100%
28.0,22.322752173296507,-5.677247826703493,5.677247826703493,75-100%
28.0,23.974353648786792,-4.025646351213208,4.025646351213208,75-100%
28.0,23.974353648786792,-4.025646351213208,4.025646351213208,75-100%
28.0,26.458534812901668,-1.541465187098332,1.541465187098332,75-100%
28.0,26.25247250984615,-1.7475274901538498,1.7475274901538498,75-100%
11.0,27.387387234610685,16.387387234610685,16.387387234610685,50-75%
11.0,27.387387234610685,16.387387234610685,16.387387234610685,50-75%
11.0,27.387387234610685,16.387387234610685,16.387387234610685,50-75%
11.0,27.387387234610685,16.387387234610685,16.387387234610685,50-75%
28.0,24.827191465909664,-3.1728085340903363,3.1728085340903363,75-100%
28.0,26.858118408258104,-1.141881591741896,1.141881591741896,75-100%
28.0,26.25247250984615,-1.7475274901538498,1.7475274901538498,75-100%
11.0,28.605238285188097,17.605238285188097,17.605238285188097,50-75%
11.0,28.605238285188097,17.605238285188097,17.605238285188097,50-75%
11.0,27.387387234610685,16.387387234610685,16.387387234610685,50-75%
11.0,27.387387234610685,16.387387234610685,16.387387234610685,50-75%
11.0,27.21455730793305,16.21455730793305,16.21455730793305,50-75%
11.0,26.086552244386905,15.086552244386905,15.086552244386905,50-75%
11.0,24.735483614921584,13.735483614921584,13.735483614921584,50-75%
28.0,27.41856880098009,-0.5814311990199101,0.5814311990199101,75-100%
28.0,27.010946371856747,-0.9890536281432531,0.9890536281432531,75-100%
23.0,29.009254199735615,6.009254199735615,6.009254199735615,75-100%
17.0,28.605238285188097,11.605238285188097,11.605238285188097,75-100%
11.0,28.272641839919856,17.272641839919856,17.272641839919856,50-75%
11.0,28.605238285188097,17.605238285188097,17.605238285188097,50-75%
11.0,27.21455730793305,16.21455730793305,16.21455730793305,50-75%
11.0,24.845802339707312,13.845802339707312,13.845802339707312,50-75%
11.0,24.735483614921584,13.735483614921584,13.735483614921584,50-75%
23.0,29.072974509202194,6.072974509202194,6.072974509202194,75-100%
23.0,29.072974509202194,6.072974509202194,6.072974509202194,75-100%
17.0,28.424993758990045,11.424993758990045,11.424993758990045,75-100%
11.0,27.21455730793305,16.21455730793305,16.21455730793305,50-75%
11.0,24.89312783019799,13.89312783019799,13.89312783019799,50-75%
23.0,28.59336463533099,5.593364635330989,5.593364635330989,75-100%
23.0,29.072974509202194,6.072974509202194,6.072974509202194,75-100%
17.0,27.21455730793305,10.214557307933049,10.214557307933049,75-100%
11.0,27.21455730793305,16.21455730793305,16.21455730793305,50-75%
11.0,26.086552244386905,15.086552244386905,15.086552244386905,50-75%
23.0,26.306340036524713,3.3063400365247126,3.3063400365247126,75-100%
23.0,28.952054334849684,5.952054334849684,5.952054334849684,75-100%
23.0,30.550197646510746,7.550197646510746,7.550197646510746,75-100%
23.0,29.05519932342284,6.0551993234228405,6.0551993234228405,75-100%
23.0,27.480186076484088,4.480186076484088,4.480186076484088,75-100%
23.0,28.787304636087086,5.787304636087086,5.787304636087086,75-100%
23.0,30.441922045317373,7.441922045317373,7.441922045317373,75-100%
23.0,30.441922045317373,7.441922045317373,7.441922045317373,75-100%
23.0,29.009254199735615,6.009254199735615,6.009254199735615,75-100%
23.0,27.654643127773006,4.6546431277730065,4.6546431277730065,75-100%
23.0,30.441922045317373,7.441922045317373,7.441922045317373,75-100%
48.0,40.59283177125351,-7.407168228746492,7.407168228746492,75-100%
48.0,35.06060529227159,-12.939394707728411,12.939394707728411,75-100%
48.0,35.657770093432646,-12.342229906567354,12.342229906567354,75-100%
48.0,39.594581488822044,-8.405418511177956,8.405418511177956,75-100%
48.0,35.944297242470554,-12.055702757529446,12.055702757529446,75-100%
48.0,43.41085119611704,-4.5891488038829635,4.5891488038829635,75-100%
48.0,39.96642396733118,-8.033576032668819,8.033576032668819,75-100%
48.0,39.96642396733118,-8.033576032668819,8.033576032668819,75-100%
48.0,39.96642396733118,-8.033576032668819,8.033576032668819,75-100%
48.0,36.56787222825114,-11.43212777174886,11.43212777174886,75-100%
48.0,35.72048365523647,-12.279516344763529,12.279516344763529,75-100%
48.0,35.15862575777979,-12.841374242220212,12.841374242220212,75-100%
48.0,35.307101101942855,-12.692898898057145,12.692898898057145,75-100%
48.0,35.72048365523647,-12.279516344763529,12.279516344763529,75-100%
48.0,35.36830912038573,-12.631690879614268,12.631690879614268,75-100%
48.0,39.152982878426016,-8.847017121573984,8.847017121573984,75-100%
48.0,34.3974433358306,-13.602556664169398,13.602556664169398,75-100%
48.0,35.944297242470554,-12.055702757529446,12.055702757529446,75-100%
48.0,36.48192006978641,-11.518079930213588,11.518079930213588,75-100%
48.0,36.48192006978641,-11.518079930213588,11.518079930213588,75-100%
48.0,39.152982878426016,-8.847017121573984,8.847017121573984,75-100%
48.0,43.24005959372956,-4.759940406270438,4.759940406270438,75-100%
48.0,35.307101101942855,-12.692898898057145,12.692898898057145,75-100%
48.0,36.48192006978641,-11.518079930213588,11.518079930213588,75-100%
48.0,42.52901657015644,-5.470983429843557,5.470983429843557,75-100%
48.0,35.11446986238831,-12.885530137611688,12.885530137611688,75-100%
48.0,35.58997618235295,-12.410023817647051,12.410023817647051,75-100%
53.0,36.87832070261755,-16.12167929738245,16.12167929738245,75-100%
53.0,36.65025483252425,-16.349745167475753,16.349745167475753,75-100%
53.0,36.51504171915926,-16.484958280840743,16.484958280840743,75-100%
53.0,44.268516473272264,-8.731483526727736,8.731483526727736,75-100%
53.0,36.22501500829156,-16.774984991708443,16.774984991708443,75-100%
53.0,37.151597144366086,-15.848402855633914,15.848402855633914,75-100%
53.0,48.81632758704318,-4.183672412956817,4.183672412956817,75-100%
53.0,49.000553996230366,-3.999446003769634,3.999446003769634,75-100%
53.0,36.51504171915926,-16.484958280840743,16.484958280840743,75-100%
53.0,36.51504171915926,-16.484958280840743,16.484958280840743,75-100%
53.0,36.24371719036736,-16.756282809632637,16.756282809632637,75-100%
53.0,36.24371719036736,-16.756282809632637,16.756282809632637,75-100%
53.0,44.750186335806205,-8.249813664193795,8.249813664193795,75-100%
53.0,35.625464852188195,-17.374535147811805,17.374535147811805,75-100%
53.0,36.21276804270562,-16.78723195729438,16.78723195729438,75-100%
53.0,36.604368787729584,-16.395631212270416,16.395631212270416,75-100%
53.0,36.619179549642666,-16.380820450357334,16.380820450357334,75-100%
53.0,40.11328916372812,-12.886710836271881,12.886710836271881,75-100%
53.0,40.74194264828933,-12.258057351710669,12.258057351710669,75-100%
53.0,36.31272235284405,-16.687277647155952,16.687277647155952,75-100%
53.0,34.42688165648569,-18.57311834351431,18.57311834351431,75-100%
53.0,34.243790742061044,-18.756209257938956,18.756209257938956,75-100%
53.0,41.699639498276674,-11.300360501723326,11.300360501723326,75-100%
53.0,37.81643236634209,-15.183567633657908,15.183567633657908,75-100%
53.0,33.7033879779102,-19.296612022089803,19.296612022089803,75-100%
53.0,40.11328916372812,-12.886710836271881,12.886710836271881,75-100%
80.0,32.250238533015164,-47.749761466984836,47.749761466984836,75-100%
80.0,33.473971711835446,-46.526028288164554,46.526028288164554,75-100%
80.0,34.6542718980751,-45.3457281019249,45.3457281019249,75-100%
80.0,34.6542718980751,-45.3457281019249,45.3457281019249,75-100%
80.0,32.54524666777839,-47.45475333222161,47.45475333222161,75-100%
80.0,32.250238533015164,-47.749761466984836,47.749761466984836,75-100%
80.0,32.5691190607708,-47.4308809392292,47.4308809392292,75-100%
80.0,35.63826153319505,-44.36173846680495,44.36173846680495,75-100%
80.0,34.96873241762369,-45.03126758237631,45.03126758237631,75-100%
80.0,35.63826153319505,-44.36173846680495,44.36173846680495,75-100%
80.0,35.63826153319505,-44.36173846680495,44.36173846680495,75-100%
80.0,34.96873241762369,-45.03126758237631,45.03126758237631,75-100%
80.0,34.96873241762369,-45.03126758237631,45.03126758237631,75-100%
80.0,32.5691190607708,-47.4308809392292,47.4308809392292,75-100%
80.0,35.63826153319505,-44.36173846680495,44.36173846680495,75-100%
80.0,34.96873241762369,-45.03126758237631,45.03126758237631,75-100%
80.0,35.41519810005676,-44.58480189994324,44.58480189994324,75-100%
80.0,35.41519810005676,-44.58480189994324,44.58480189994324,75-100%
80.0,35.41519810005676,-44.58480189994324,44.58480189994324,75-100%
80.0,34.67660186845356,-45.32339813154644,45.32339813154644,75-100%
80.0,35.41519810005676,-44.58480189994324,44.58480189994324,75-100%
80.0,34.809230717615996,-45.190769282384004,45.190769282384004,75-100%
80.0,35.41519810005676,-44.58480189994324,44.58480189994324,75-100%
80.0,36.49281048835128,-43.50718951164872,43.50718951164872,75-100%
80.0,36.7224748994182,-43.2775251005818,43.2775251005818,75-100%
80.0,34.04473333826699,-45.95526666173301,45.95526666173301,75-100%
80.0,31.95580981500083,-48.04419018499917,48.04419018499917,75-100%
80.0,37.02343960410026,-42.97656039589974,42.97656039589974,75-100%
77.0,35.41519810005676,-41.58480189994324,41.58480189994324,75-100%
78.5,34.96873241762369,-43.53126758237631,43.53126758237631,75-100%
80.0,35.82291648990361,-44.17708351009639,44.17708351009639,75-100%
77.0,33.78231287864417,-43.21768712135583,43.21768712135583,75-100%
77.0,34.173989293215804,-42.826010706784196,42.826010706784196,75-100%
77.0,35.63826153319505,-41.36173846680495,41.36173846680495,75-100%
77.0,35.41519810005676,-41.58480189994324,41.58480189994324,75-100%
77.0,36.49281048835128,-40.50718951164872,40.50718951164872,75-100%
77.0,37.25635441495786,-39.74364558504214,39.74364558504214,75-100%
77.0,35.92128543978417,-41.07871456021583,41.07871456021583,75-100%
77.0,34.7217202828346,-42.2782797171654,42.2782797171654,75-100%
77.0,34.173989293215804,-42.826010706784196,42.826010706784196,75-100%
77.0,32.98300875979742,-44.01699124020258,44.01699124020258,75-100%
77.0,36.7224748994182,-40.2775251005818,40.2775251005818,75-100%
77.0,36.49281048835128,-40.50718951164872,40.50718951164872,75-100%
77.0,36.49281048835128,-40.50718951164872,40.50718951164872,75-100%
77.0,35.952558244521725,-41.047441755478275,41.047441755478275,75-100%
77.0,36.176397827698466,-40.823602172301534,40.823602172301534,75-100%
77.0,36.85334069616832,-40.14665930383168,40.14665930383168,75-100%
77.0,36.31039038811221,-40.68960961188779,40.68960961188779,75-100%
77.0,35.61043095056015,-41.38956904943985,41.38956904943985,75-100%
77.0,36.43796191967128,-40.56203808032872,40.56203808032872,75-100%
77.0,35.952558244521725,-41.047441755478275,41.047441755478275,75-100%
77.0,36.31039038811221,-40.68960961188779,40.68960961188779,75-100%
77.0,35.735892099766474,-41.264107900233526,41.264107900233526,75-100%
77.0,35.735892099766474,-41.264107900233526,41.264107900233526,75-100%
77.0,35.35277851535813,-41.64722148464187,41.64722148464187,75-100%
77.0,35.58489576617356,-41.41510423382644,41.41510423382644,75-100%
77.0,35.70835838970971,-41.29164161029029,41.29164161029029,75-100%
77.0,35.344935197572326,-41.655064802427674,41.655064802427674,75-100%
77.0,35.02156850590263,-41.97843149409737,41.97843149409737,75-100%
33.0,38.592610729359116,5.592610729359116,5.592610729359116,75-100%
33.0,38.76989508731751,5.769895087317508,5.769895087317508,75-100%
33.0,35.15723491908255,2.1572349190825477,2.1572349190825477,75-100%
33.0,38.74649387597811,5.746493875978111,5.746493875978111,75-100%
33.0,38.34465855990972,5.344658559909718,5.344658559909718,75-100%
33.0,37.583645413310386,4.583645413310386,4.583645413310386,75-100%
33.0,41.086224930468774,8.086224930468774,8.086224930468774,75-100%
33.0,39.0409468684274,6.0409468684273975,6.0409468684273975,75-100%
33.0,38.76989508731751,5.769895087317508,5.769895087317508,75-100%
33.0,38.74649387597811,5.746493875978111,5.746493875978111,75-100%
33.0,37.79827204203018,4.798272042030177,4.798272042030177,75-100%
33.0,37.88425745524013,4.884257455240132,4.884257455240132,75-100%
33.0,37.88425745524013,4.884257455240132,4.884257455240132,75-100%
33.0,35.35159835626712,2.351598356267118,2.351598356267118,75-100%
33.0,38.76989508731751,5.769895087317508,5.769895087317508,75-100%
33.0,39.0409468684274,6.0409468684273975,6.0409468684273975,75-100%
33.0,38.74649387597811,5.746493875978111,5.746493875978111,75-100%
33.0,37.88425745524013,4.884257455240132,4.884257455240132,75-100%
33.0,37.956302210863456,4.956302210863456,4.956302210863456,75-100%
33.0,37.88425745524013,4.884257455240132,4.884257455240132,75-100%
33.0,38.592610729359116,5.592610729359116,5.592610729359116,75-100%
33.0,38.74649387597811,5.746493875978111,5.746493875978111,75-100%
33.0,39.13138124993837,6.1313812499383715,6.1313812499383715,75-100%
33.0,38.027433644466505,5.027433644466505,5.027433644466505,75-100%
33.0,37.88425745524013,4.884257455240132,4.884257455240132,75-100%
33.0,37.88425745524013,4.884257455240132,4.884257455240132,75-100%
33.0,37.82737332631448,4.827373326314479,4.827373326314479,75-100%
33.0,35.324398331032214,2.3243983310322136,2.3243983310322136,75-100%
33.0,38.592610729359116,5.592610729359116,5.592610729359116,75-100%
33.0,38.76989508731751,5.769895087317508,5.769895087317508,75-100%
33.0,37.164221751779145,4.164221751779145,4.164221751779145,75-100%
33.0,37.82737332631448,4.827373326314479,4.827373326314479,75-100%
33.0,37.83380177974677,4.833801779746771,4.833801779746771,75-100%
72.0,34.7135796925986,-37.2864203074014,37.2864203074014,75-100%
72.0,33.86371637060569,-38.13628362939431,38.13628362939431,75-100%
72.0,33.86371637060569,-38.13628362939431,38.13628362939431,75-100%
72.0,33.86371637060569,-38.13628362939431,38.13628362939431,75-100%
72.0,33.86371637060569,-38.13628362939431,38.13628362939431,75-100%
72.0,35.399095070763686,-36.600904929236314,36.600904929236314,75-100%
72.0,34.074902824565086,-37.925097175434914,37.925097175434914,75-100%
72.0,34.074902824565086,-37.925097175434914,37.925097175434914,75-100%
72.0,33.91750274737204,-38.08249725262796,38.08249725262796,75-100%
72.0,34.63126484553034,-37.36873515446966,37.36873515446966,75-100%
72.0,34.63126484553034,-37.36873515446966,37.36873515446966,75-100%
72.0,35.06019535237108,-36.93980464762892,36.93980464762892,75-100%
72.0,34.93069260919358,-37.06930739080642,37.06930739080642,75-100%
72.0,35.63879899069115,-36.36120100930885,36.36120100930885,75-100%
72.0,34.58532174796781,-37.41467825203219,37.41467825203219,75-100%
72.0,33.83758586435739,-38.16241413564261,38.16241413564261,75-100%
46.66666666666666,35.63879899069115,-11.027867675975507,11.027867675975507,75-100%
72.0,34.20132109826414,-37.79867890173586,37.79867890173586,75-100%
72.0,34.7135796925986,-37.2864203074014,37.2864203074014,75-100%
32.0,34.93069260919358,2.930692609193578,2.930692609193578,75-100%
34.0,35.95526053237201,1.9552605323720087,1.9552605323720087,75-100%
46.66666666666666,34.7669185549556,-11.899748111711055,11.899748111711055,75-100%
46.66666666666666,34.7669185549556,-11.899748111711055,11.899748111711055,75-100%
46.66666666666666,35.33060311911401,-11.336063547552648,11.336063547552648,75-100%
72.0,32.6636966221047,-39.3363033778953,39.3363033778953,75-100%
34.0,44.33275820822518,10.33275820822518,10.33275820822518,75-100%
34.0,35.74189341756469,1.7418934175646896,1.7418934175646896,75-100%
34.0,35.75624697390918,1.7562469739091782,1.7562469739091782,75-100%
46.66666666666666,35.1132694909708,-11.553397175695856,11.553397175695856,75-100%
46.66666666666666,35.692476743959496,-10.974189922707161,10.974189922707161,75-100%
46.66666666666666,35.24343028455908,-11.423236382107575,11.423236382107575,75-100%
46.66666666666666,32.967821221509084,-13.698845445157573,13.698845445157573,75-100%
54.0,31.867784934460893,-22.132215065539107,22.132215065539107,75-100%
34.0,40.59379018980696,6.59379018980696,6.59379018980696,75-100%
34.0,41.22979090078873,7.229790900788728,7.229790900788728,75-100%
34.0,35.854975058456354,1.854975058456354,1.854975058456354,75-100%
34.0,35.947195073633296,1.9471950736332957,1.9471950736332957,75-100%
34.0,35.75624697390918,1.7562469739091782,1.7562469739091782,75-100%
34.0,35.9194048583707,1.9194048583706973,1.9194048583706973,75-100%
34.0,32.844185005769795,-1.1558149942302052,1.1558149942302052,75-100%
36.0,31.133727530394307,-4.866272469605693,4.866272469605693,75-100%
34.0,38.27008946749182,4.270089467491822,4.270089467491822,75-100%
34.0,35.81009679460436,1.8100967946043625,1.8100967946043625,75-100%
34.0,35.75924456365544,1.759244563655443,1.759244563655443,75-100%
34.0,36.46772655281279,2.467726552812792,2.467726552812792,75-100%
34.0,34.007961525530376,0.007961525530376434,0.007961525530376434,75-100%
36.0,32.5865376448376,-3.4134623551624017,3.4134623551624017,75-100%
34.0,40.59379018980696,6.59379018980696,6.59379018980696,75-100%
34.0,40.59379018980696,6.59379018980696,6.59379018980696,75-100%
34.0,41.779726027646674,7.779726027646674,7.779726027646674,75-100%
34.0,35.840711048288256,1.8407110482882558,1.8407110482882558,75-100%
34.0,36.84488198250346,2.844881982503459,2.844881982503459,75-100%
36.0,36.74658021260345,0.7465802126034475,0.7465802126034475,75-100%
36.0,42.63304712475711,6.633047124757113,6.633047124757113,75-100%
36.0,33.82641220015248,-2.1735877998475175,2.1735877998475175,75-100%
29.0,37.25635441495786,8.256354414957862,8.256354414957862,75-100%
29.0,35.44602521231735,6.446025212317352,6.446025212317352,75-100%
29.0,34.59274509522133,5.592745095221332,5.592745095221332,75-100%
29.0,34.59274509522133,5.592745095221332,5.592745095221332,75-100%
29.0,35.6964988821956,6.696498882195598,6.696498882195598,75-100%
29.0,35.92128543978417,6.921285439784171,6.921285439784171,75-100%
29.0,36.109668768261024,7.109668768261024,7.109668768261024,75-100%
29.0,35.096482921512695,6.096482921512695,6.096482921512695,75-100%
29.0,34.78970718224127,5.789707182241273,5.789707182241273,75-100%
29.0,35.92128543978417,6.921285439784171,6.921285439784171,75-100%
29.0,35.753112804070774,6.753112804070774,6.753112804070774,75-100%
29.0,36.109668768261024,7.109668768261024,7.109668768261024,75-100%
29.0,35.096482921512695,6.096482921512695,6.096482921512695,75-100%
29.0,35.92128543978417,6.921285439784171,6.921285439784171,75-100%
29.0,36.74400906816226,7.7440090681622635,7.7440090681622635,75-100%
29.0,35.28247216669691,6.2824721666969126,6.2824721666969126,75-100%
29.0,35.22658321232089,6.2265832123208895,6.2265832123208895,75-100%
29.0,38.55878086017521,9.558780860175212,9.558780860175212,75-100%
29.0,35.92128543978417,6.921285439784171,6.921285439784171,75-100%
29.0,38.29099303672738,9.290993036727379,9.290993036727379,75-100%
29.0,38.535322940680445,9.535322940680445,9.535322940680445,75-100%
29.0,36.24295588648687,7.242955886486868,7.242955886486868,75-100%
29.0,37.55747218340232,8.557472183402318,8.557472183402318,75-100%
29.0,38.29099303672738,9.290993036727379,9.290993036727379,75-100%
29.0,38.40562446620069,9.405624466200692,9.405624466200692,75-100%
29.0,38.55878086017521,9.558780860175212,9.558780860175212,75-100%
38.0,36.82449753243657,-1.1755024675634331,1.1755024675634331,75-100%
38.0,37.3598209562573,-0.6401790437426982,0.6401790437426982,75-100%
38.0,35.0313759955986,-2.9686240044013985,2.9686240044013985,75-100%
38.0,36.82449753243657,-1.1755024675634331,1.1755024675634331,75-100%
38.0,36.82449753243657,-1.1755024675634331,1.1755024675634331,75-100%
38.0,37.3598209562573,-0.6401790437426982,0.6401790437426982,75-100%
38.0,35.768004643719635,-2.2319953562803647,2.2319953562803647,75-100%
38.0,37.3598209562573,-0.6401790437426982,0.6401790437426982,75-100%
38.0,36.82449753243657,-1.1755024675634331,1.1755024675634331,75-100%
38.0,37.3598209562573,-0.6401790437426982,0.6401790437426982,75-100%
38.0,35.026336559991464,-2.9736634400085364,2.9736634400085364,75-100%
38.0,37.3598209562573,-0.6401790437426982,0.6401790437426982,75-100%
38.0,37.3598209562573,-0.6401790437426982,0.6401790437426982,75-100%
38.0,37.3598209562573,-0.6401790437426982,0.6401790437426982,75-100%
15.0,27.219361971669517,12.219361971669517,12.219361971669517,50-75%
15.0,26.794307869098983,11.794307869098983,11.794307869098983,50-75%
15.0,27.219361971669517,12.219361971669517,12.219361971669517,50-75%
15.0,27.219361971669517,12.219361971669517,12.219361971669517,50-75%
15.0,27.219361971669517,12.219361971669517,12.219361971669517,50-75%
15.0,26.344063981846116,11.344063981846116,11.344063981846116,50-75%
15.0,28.422612962131335,13.422612962131335,13.422612962131335,50-75%
15.0,28.422612962131335,13.422612962131335,13.422612962131335,50-75%
15.0,28.422612962131335,13.422612962131335,13.422612962131335,50-75%
15.0,27.219361971669517,12.219361971669517,12.219361971669517,50-75%
15.0,27.219361971669517,12.219361971669517,12.219361971669517,50-75%
15.0,24.071338720876373,9.071338720876373,9.071338720876373,50-75%
15.0,28.422612962131335,13.422612962131335,13.422612962131335,50-75%
15.0,28.422612962131335,13.422612962131335,13.422612962131335,50-75%
15.0,28.092068198821522,13.092068198821522,13.092068198821522,50-75%
15.0,28.422612962131335,13.422612962131335,13.422612962131335,50-75%
15.0,26.9798759118725,11.979875911872501,11.979875911872501,50-75%
15.0,28.6179277092006,13.6179277092006,13.6179277092006,50-75%
15.0,28.6179277092006,13.6179277092006,13.6179277092006,50-75%
15.0,28.172915408575467,13.172915408575467,13.172915408575467,50-75%
15.0,26.9798759118725,11.979875911872501,11.979875911872501,50-75%
15.0,28.075246361728873,13.075246361728873,13.075246361728873,50-75%
15.0,28.6179277092006,13.6179277092006,13.6179277092006,50-75%
15.0,26.9798759118725,11.979875911872501,11.979875911872501,50-75%
15.0,26.9798759118725,11.979875911872501,11.979875911872501,50-75%
15.0,28.427656150525568,13.427656150525568,13.427656150525568,50-75%
15.0,29.997819296233548,14.997819296233548,14.997819296233548,50-75%
15.0,28.528995284844953,13.528995284844953,13.528995284844953,50-75%
15.0,26.762232573457517,11.762232573457517,11.762232573457517,50-75%
38.5,35.57663140198155,-2.923368598018449,2.923368598018449,75-100%
38.5,38.24148888869786,-0.2585111113021412,0.2585111113021412,75-100%
38.5,32.946464488080295,-5.553535511919705,5.553535511919705,75-100%
38.5,32.946464488080295,-5.553535511919705,5.553535511919705,75-100%
38.5,32.50628591183132,-5.99371408816868,5.99371408816868,75-100%
38.5,32.3899095386285,-6.110090461371499,6.110090461371499,75-100%
38.5,36.37874501824468,-2.121254981755321,2.121254981755321,75-100%
38.5,32.43663596067058,-6.0633640393294215,6.0633640393294215,75-100%
38.5,32.807360456707826,-5.692639543292174,5.692639543292174,75-100%
38.5,32.28898287430874,-6.2110171256912565,6.2110171256912565,75-100%
38.5,32.20078890687351,-6.2992110931264875,6.2992110931264875,75-100%
38.5,32.24642278561845,-6.253577214381551,6.253577214381551,75-100%
38.5,33.80071549399884,-4.699284506001163,4.699284506001163,75-100%
38.5,32.556942245196815,-5.943057754803185,5.943057754803185,75-100%
38.5,32.35066070469779,-6.149339295302212,6.149339295302212,75-100%
38.5,32.28898287430874,-6.2110171256912565,6.2110171256912565,75-100%
38.5,32.899025600137975,-5.600974399862025,5.600974399862025,75-100%
38.5,32.45946215664194,-6.040537843358059,6.040537843358059,75-100%
38.5,32.47693286731826,-6.023067132681739,6.023067132681739,75-100%
38.5,31.87448607077382,-6.62551392922618,6.62551392922618,75-100%
38.5,33.11391503924221,-5.386084960757792,5.386084960757792,75-100%
38.5,33.27134115569596,-5.228658844304043,5.228658844304043,75-100%
38.5,32.47693286731826,-6.023067132681739,6.023067132681739,75-100%
38.5,33.34227435255888,-5.157725647441119,5.157725647441119,75-100%
38.5,32.998237215709445,-5.501762784290555,5.501762784290555,75-100%
38.5,32.52378107132501,-5.976218928674989,5.976218928674989,75-100%
61.0,30.158029311839215,-30.841970688160785,30.841970688160785,75-100%
61.0,30.54478163489756,-30.45521836510244,30.45521836510244,75-100%
61.0,30.54478163489756,-30.45521836510244,30.45521836510244,75-100%
61.0,30.54478163489756,-30.45521836510244,30.45521836510244,75-100%
61.0,30.54478163489756,-30.45521836510244,30.45521836510244,75-100%
61.0,30.482996459980015,-30.517003540019985,30.517003540019985,75-100%
61.0,30.54478163489756,-30.45521836510244,30.45521836510244,75-100%
61.0,33.2215052516769,-27.778494748323098,27.778494748323098,75-100%
61.0,33.51441482278652,-27.48558517721348,27.48558517721348,75-100%
61.0,33.2215052516769,-27.778494748323098,27.778494748323098,75-100%
61.0,29.810860594300316,-31.189139405699684,31.189139405699684,75-100%
61.0,28.805516621468385,-32.194483378531615,32.194483378531615,75-100%
61.0,33.2215052516769,-27.778494748323098,27.778494748323098,75-100%
61.0,33.51441482278652,-27.48558517721348,27.48558517721348,75-100%
61.0,30.54478163489756,-30.45521836510244,30.45521836510244,75-100%
61.0,30.158029311839215,-30.841970688160785,30.841970688160785,75-100%
61.0,31.06024453843665,-29.93975546156335,29.93975546156335,75-100%
61.0,31.50122270047651,-29.49877729952349,29.49877729952349,75-100%
61.0,33.4099132252566,-27.590086774743398,27.590086774743398,75-100%
61.0,31.327221864642233,-29.672778135357767,29.672778135357767,75-100%
61.0,33.2215052516769,-27.778494748323098,27.778494748323098,75-100%
61.0,33.51441482278652,-27.48558517721348,27.48558517721348,75-100%
61.0,33.4099132252566,-27.590086774743398,27.590086774743398,75-100%
61.0,31.779407985773638,-29.220592014226362,29.220592014226362,75-100%
61.0,31.322451435258504,-29.677548564741496,29.677548564741496,75-100%
61.0,33.2215052516769,-27.778494748323098,27.778494748323098,75-100%
61.0,33.2215052516769,-27.778494748323098,27.778494748323098,75-100%
61.0,33.4099132252566,-27.590086774743398,27.590086774743398,75-100%
40.0,34.273122763436994,-5.726877236563006,5.726877236563006,75-100%
40.0,34.273122763436994,-5.726877236563006,5.726877236563006,75-100%
40.0,34.48678919065602,-5.513210809343981,5.513210809343981,75-100%
40.0,34.48678919065602,-5.513210809343981,5.513210809343981,75-100%
40.0,34.3275407563587,-5.672459243641299,5.672459243641299,75-100%
40.0,34.88799728500142,-5.112002714998582,5.112002714998582,75-100%
40.0,34.88799728500142,-5.112002714998582,5.112002714998582,75-100%
40.0,33.98763365275412,-6.01236634724588,6.01236634724588,75-100%
40.0,34.62880528255219,-5.371194717447807,5.371194717447807,75-100%
40.0,34.79052861197745,-5.20947138802255,5.20947138802255,75-100%
40.0,34.24668540532608,-5.753314594673917,5.753314594673917,75-100%
40.0,34.61469200056667,-5.38530799943333,5.38530799943333,75-100%
40.0,34.62880528255219,-5.371194717447807,5.371194717447807,75-100%
40.0,34.61469200056667,-5.38530799943333,5.38530799943333,75-100%
40.0,34.919526170845494,-5.080473829154506,5.080473829154506,75-100%
40.0,34.749052754062355,-5.250947245937645,5.250947245937645,75-100%
40.0,33.98763365275412,-6.01236634724588,6.01236634724588,75-100%
40.0,33.98763365275412,-6.01236634724588,6.01236634724588,75-100%
40.0,34.53443540939882,-5.465564590601183,5.465564590601183,75-100%
40.0,33.35635499243142,-6.64364500756858,6.64364500756858,75-100%
40.0,35.56463470037113,-4.43536529962887,4.43536529962887,75-100%
40.0,34.32643834027477,-5.67356165972523,5.67356165972523,75-100%
40.0,34.68100334231088,-5.3189966576891194,5.3189966576891194,75-100%
40.0,34.45376320766644,-5.546236792333559,5.546236792333559,75-100%
40.0,33.54129626320903,-6.458703736790973,6.458703736790973,75-100%
40.0,32.93116140572195,-7.0688385942780485,7.0688385942780485,75-100%
40.0,32.93116140572195,-7.0688385942780485,7.0688385942780485,75-100%
40.0,33.958559287413,-6.041440712586997,6.041440712586997,75-100%
40.0,34.11373738764738,-5.886262612352617,5.886262612352617,75-100%
40.0,33.41557271064839,-6.584427289351609,6.584427289351609,75-100%
40.0,32.17335493022887,-7.826645069771132,7.826645069771132,75-100%
76.0,34.57300717883461,-41.42699282116539,41.42699282116539,75-100%
76.0,35.2073583562066,-40.7926416437934,40.7926416437934,75-100%
76.0,33.644733338392356,-42.355266661607644,42.355266661607644,75-100%
76.0,33.73778985106012,-42.26221014893988,42.26221014893988,75-100%
76.0,34.87495147104504,-41.12504852895496,41.12504852895496,75-100%
76.0,34.29001790172453,-41.70998209827547,41.70998209827547,75-100%
76.0,34.778848699673155,-41.221151300326845,41.221151300326845,75-100%
76.0,34.87495147104504,-41.12504852895496,41.12504852895496,75-100%
76.0,34.778848699673155,-41.221151300326845,41.221151300326845,75-100%
76.0,35.2073583562066,-40.7926416437934,40.7926416437934,75-100%
76.0,34.87495147104504,-41.12504852895496,41.12504852895496,75-100%
76.0,34.487184966617754,-41.512815033382246,41.512815033382246,75-100%
76.0,33.836410243820815,-42.163589756179185,42.163589756179185,75-100%
76.0,35.44266762251206,-40.55733237748794,40.55733237748794,75-100%
76.0,34.96002675832329,-41.03997324167671,41.03997324167671,75-100%
76.0,35.92412865191461,-40.07587134808539,40.07587134808539,75-100%
76.0,35.345829457108564,-40.654170542891436,40.654170542891436,75-100%
76.0,30.172950873118083,-45.82704912688192,45.82704912688192,75-100%
77.0,36.405006947231975,-40.594993052768025,40.594993052768025,75-100%
77.0,36.72371423111848,-40.27628576888152,40.27628576888152,75-100%
77.0,36.72371423111848,-40.27628576888152,40.27628576888152,75-100%
77.0,36.837187882385116,-40.162812117614884,40.162812117614884,75-100%
77.0,36.522659536591235,-40.477340463408765,40.477340463408765,75-100%
77.0,36.522659536591235,-40.477340463408765,40.477340463408765,75-100%
77.0,36.81037576756516,-40.18962423243484,40.18962423243484,75-100%
77.0,37.01297210918362,-39.98702789081638,39.98702789081638,75-100%
77.0,37.01297210918362,-39.98702789081638,39.98702789081638,75-100%
77.0,36.72371423111848,-40.27628576888152,40.27628576888152,75-100%
77.0,36.72371423111848,-40.27628576888152,40.27628576888152,75-100%
77.0,37.32415241930636,-39.67584758069364,39.67584758069364,75-100%
77.0,37.32415241930636,-39.67584758069364,39.67584758069364,75-100%
77.0,36.47555957510398,-40.52444042489602,40.52444042489602,75-100%
77.0,37.01297210918362,-39.98702789081638,39.98702789081638,75-100%
77.0,36.81037576756516,-40.18962423243484,40.18962423243484,75-100%
77.0,36.762914653015585,-40.237085346984415,40.237085346984415,75-100%
77.0,36.406123199162465,-40.593876800837535,40.593876800837535,75-100%
77.0,36.522659536591235,-40.477340463408765,40.477340463408765,75-100%
77.0,37.07074693077113,-39.92925306922887,39.92925306922887,75-100%
77.0,37.28204896339387,-39.71795103660613,39.71795103660613,75-100%
77.0,36.81037576756516,-40.18962423243484,40.18962423243484,75-100%
77.0,36.81037576756516,-40.18962423243484,40.18962423243484,75-100%
77.0,36.81037576756516,-40.18962423243484,40.18962423243484,75-100%
77.0,36.837187882385116,-40.162812117614884,40.162812117614884,75-100%
77.0,37.28204896339387,-39.71795103660613,39.71795103660613,75-100%
77.0,37.08028687295185,-39.91971312704815,39.91971312704815,75-100%
77.0,37.28204896339387,-39.71795103660613,39.71795103660613,75-100%
77.0,37.53467796777962,-39.46532203222038,39.46532203222038,75-100%
7.0,39.50758318501519,32.50758318501519,32.50758318501519,25-50%
7.0,37.01297210918362,30.01297210918362,30.01297210918362,25-50%
42.0,37.01297210918362,-4.987027890816378,4.987027890816378,75-100%
42.0,36.81037576756516,-5.189624232434838,5.189624232434838,75-100%
42.0,37.01297210918362,-4.987027890816378,4.987027890816378,75-100%
42.0,37.28204896339387,-4.717951036606131,4.717951036606131,75-100%
77.0,37.08028687295185,-39.91971312704815,39.91971312704815,75-100%
77.0,37.03823813824347,-39.96176186175653,39.96176186175653,75-100%
7.0,38.979396781952836,31.979396781952836,31.979396781952836,25-50%
7.0,37.52981755807167,30.52981755807167,30.52981755807167,25-50%
7.0,37.88961395847226,30.88961395847226,30.88961395847226,25-50%
42.0,37.189386792208424,-4.810613207791576,4.810613207791576,75-100%
42.0,38.0497342180252,-3.9502657819747995,3.9502657819747995,75-100%
42.0,37.550496984975716,-4.449503015024284,4.449503015024284,75-100%
7.0,38.88479531592954,31.884795315929537,31.884795315929537,25-50%
7.0,36.932953013593966,29.932953013593966,29.932953013593966,25-50%
7.0,37.550496984975716,30.550496984975716,30.550496984975716,25-50%
7.0,37.28442874357246,30.284428743572462,30.284428743572462,25-50%
7.0,37.52981755807167,30.52981755807167,30.52981755807167,25-50%
7.0,37.07074693077113,30.07074693077113,30.07074693077113,25-50%
7.0,37.52981755807167,30.52981755807167,30.52981755807167,25-50%
7.0,37.797591197007975,30.797591197007975,30.797591197007975,25-50%
7.0,37.550496984975716,30.550496984975716,30.550496984975716,25-50%
7.0,37.28442874357246,30.284428743572462,30.284428743572462,25-50%
7.0,37.318166238190585,30.318166238190585,30.318166238190585,25-50%
7.0,37.07074693077113,30.07074693077113,30.07074693077113,25-50%
7.0,37.550496984975716,30.550496984975716,30.550496984975716,25-50%
7.0,37.19657857706156,30.19657857706156,30.19657857706156,25-50%
7.0,37.28442874357246,30.284428743572462,30.284428743572462,25-50%
7.0,36.57916545240843,29.579165452408432,29.579165452408432,25-50%
7.0,36.932953013593966,29.932953013593966,29.932953013593966,25-50%
7.0,37.54323856313204,30.543238563132043,30.543238563132043,25-50%
7.0,37.53467796777962,30.534677967779622,30.534677967779622,25-50%
35.0,37.550496984975716,2.550496984975716,2.550496984975716,75-100%
7.0,37.28925819828889,30.28925819828889,30.28925819828889,25-50%
63.0,35.78042480395484,-27.219575196045163,27.219575196045163,75-100%
63.0,36.07529706324527,-26.924702936754727,26.924702936754727,75-100%
63.0,37.550496984975716,-25.449503015024284,25.449503015024284,75-100%
63.0,37.785112332825236,-25.214887667174764,25.214887667174764,75-100%
63.0,31.59299643552145,-31.40700356447855,31.40700356447855,75-100%
63.0,31.59299643552145,-31.40700356447855,31.40700356447855,75-100%
63.0,37.29776427289664,-25.702235727103357,25.702235727103357,75-100%
63.0,37.03823813824347,-25.96176186175653,25.96176186175653,75-100%
63.0,37.53467796777962,-25.465322032220378,25.465322032220378,75-100%
63.0,36.31996253016816,-26.680037469831838,26.680037469831838,75-100%
63.0,37.33158441892795,-25.668415581072047,25.668415581072047,75-100%
63.0,37.28925819828889,-25.71074180171111,25.71074180171111,75-100%
63.0,37.53467796777962,-25.465322032220378,25.465322032220378,75-100%
63.0,38.487568604716,-24.512431395283997,24.512431395283997,75-100%
63.0,37.785112332825236,-25.214887667174764,25.214887667174764,75-100%
63.0,37.58729120330869,-25.412708796691312,25.412708796691312,75-100%
63.0,38.22869255674268,-24.77130744325732,24.77130744325732,75-100%
63.0,38.268175378432055,-24.731824621567945,24.731824621567945,75-100%
63.0,38.14593303216338,-24.854066967836623,24.854066967836623,75-100%
63.0,37.92843793567379,-25.07156206432621,25.07156206432621,75-100%
58.0,34.125070982591524,-23.874929017408476,23.874929017408476,75-100%
58.0,33.702189270187546,-24.297810729812454,24.297810729812454,75-100%
58.0,33.35695817688902,-24.643041823110977,24.643041823110977,75-100%
58.0,33.77563289489353,-24.224367105106467,24.224367105106467,75-100%
58.0,34.125070982591524,-23.874929017408476,23.874929017408476,75-100%
58.0,32.71008104964994,-25.289918950350057,25.289918950350057,75-100%
58.0,33.18425354403019,-24.81574645596981,24.81574645596981,75-100%
58.0,33.241572388618,-24.758427611381997,24.758427611381997,75-100%
58.0,33.206208656828416,-24.793791343171584,24.793791343171584,75-100%
58.0,33.77563289489353,-24.224367105106467,24.224367105106467,75-100%
58.0,33.35695817688902,-24.643041823110977,24.643041823110977,75-100%
58.0,33.58024181281618,-24.419758187183817,24.419758187183817,75-100%
58.0,33.35695817688902,-24.643041823110977,24.643041823110977,75-100%
58.0,33.77563289489353,-24.224367105106467,24.224367105106467,75-100%
58.0,33.59235105446678,-24.407648945533218,24.407648945533218,75-100%
58.0,33.59235105446678,-24.407648945533218,24.407648945533218,75-100%
58.0,33.52315345554069,-24.476846544459313,24.476846544459313,75-100%
22.0,34.01289902568878,12.012899025688782,12.012899025688782,75-100%
58.0,33.400155693477146,-24.599844306522854,24.599844306522854,75-100%
58.0,33.77563289489353,-24.224367105106467,24.224367105106467,75-100%
58.0,33.35695817688902,-24.643041823110977,24.643041823110977,75-100%
58.0,32.986001462904035,-25.013998537095965,25.013998537095965,75-100%
58.0,33.188608786191544,-24.811391213808456,24.811391213808456,75-100%
58.0,33.75647891000322,-24.243521089996783,24.243521089996783,75-100%
22.0,33.78990877220148,11.789908772201478,11.789908772201478,75-100%
22.0,33.78990877220148,11.789908772201478,11.789908772201478,75-100%
22.0,33.47051498775987,11.47051498775987,11.47051498775987,75-100%
22.0,33.54979539962403,11.549795399624031,11.549795399624031,75-100%
22.0,32.913330308926454,10.913330308926454,10.913330308926454,75-100%
22.0,33.23260601069448,11.232606010694482,11.232606010694482,75-100%
6.0,32.973035071501066,26.973035071501066,26.973035071501066,25-50%
32.0,33.59235105446678,1.592351054466782,1.592351054466782,75-100%
32.0,32.95798606638612,0.9579860663861197,0.9579860663861197,75-100%
32.0,32.986001462904035,0.986001462904035,0.986001462904035,75-100%
32.0,33.35695817688902,1.356958176889023,1.356958176889023,75-100%
32.0,33.77563289489353,1.7756328948935334,1.7756328948935334,75-100%
22.0,34.57679241022957,12.576792410229572,12.576792410229572,75-100%
22.0,34.500266649518935,12.500266649518935,12.500266649518935,75-100%
22.0,33.78990877220148,11.789908772201478,11.789908772201478,75-100%
22.0,33.78990877220148,11.789908772201478,11.789908772201478,75-100%
22.0,33.55415374263241,11.554153742632408,11.554153742632408,75-100%
6.0,33.51955429546596,27.51955429546596,27.51955429546596,25-50%
6.0,33.79906676508388,27.79906676508388,27.79906676508388,25-50%
32.0,34.10255539615571,2.102555396155708,2.102555396155708,75-100%
32.0,34.25969785503119,2.2596978550311917,2.2596978550311917,75-100%
32.0,33.59235105446678,1.592351054466782,1.592351054466782,75-100%
32.0,34.298675098814556,2.298675098814556,2.298675098814556,75-100%
58.0,34.298675098814556,-23.701324901185444,23.701324901185444,75-100%
22.0,32.59083376022511,10.59083376022511,10.59083376022511,75-100%
22.0,34.52158543594938,12.521585435949383,12.521585435949383,75-100%
22.0,33.78990877220148,11.789908772201478,11.789908772201478,75-100%
22.0,34.00163747057401,12.00163747057401,12.00163747057401,75-100%
6.0,34.298675098814556,28.298675098814556,28.298675098814556,25-50%
32.0,34.298675098814556,2.298675098814556,2.298675098814556,75-100%
22.0,29.06994352541814,7.0699435254181395,7.0699435254181395,75-100%
22.0,29.06994352541814,7.0699435254181395,7.0699435254181395,75-100%
22.0,34.500266649518935,12.500266649518935,12.500266649518935,75-100%
22.0,34.25969785503119,12.259697855031192,12.259697855031192,75-100%
6.0,33.79906676508388,27.79906676508388,27.79906676508388,25-50%
22.0,33.810800971191746,11.810800971191746,11.810800971191746,75-100%
22.0,33.59235105446678,11.592351054466782,11.592351054466782,75-100%
6.0,31.036950762174452,25.036950762174452,25.036950762174452,25-50%
22.0,34.63556936579874,12.635569365798737,12.635569365798737,75-100%
6.0,27.983463394876072,21.983463394876072,21.983463394876072,25-50%
6.0,28.3121109489684,22.3121109489684,22.3121109489684,25-50%
6.0,28.979552746021685,22.979552746021685,22.979552746021685,25-50%
6.0,28.979552746021685,22.979552746021685,22.979552746021685,25-50%
30.0,31.453302055631994,1.453302055631994,1.453302055631994,75-100%
30.0,31.448858538156635,1.4488585381566352,1.4488585381566352,75-100%
30.0,31.453302055631994,1.453302055631994,1.453302055631994,75-100%
47.5,31.96279306042091,-15.53720693957909,15.53720693957909,75-100%
47.5,31.179121637237063,-16.320878362762937,16.320878362762937,75-100%
47.5,31.453302055631994,-16.046697944368006,16.046697944368006,75-100%
30.0,31.453302055631994,1.453302055631994,1.453302055631994,75-100%
30.0,31.5509222066423,1.5509222066423014,1.5509222066423014,75-100%
30.0,31.280336883347523,1.2803368833475233,1.2803368833475233,75-100%
65.0,31.96279306042091,-33.03720693957909,33.03720693957909,75-100%
47.5,31.179121637237063,-16.320878362762937,16.320878362762937,75-100%
47.5,31.52785603517066,-15.972143964829339,15.972143964829339,75-100%
47.5,31.702147469721027,-15.797852530278973,15.797852530278973,75-100%
47.5,31.702147469721027,-15.797852530278973,15.797852530278973,75-100%
47.5,31.453302055631994,-16.046697944368006,16.046697944368006,75-100%
47.5,31.453302055631994,-16.046697944368006,16.046697944368006,75-100%
30.0,31.943861793541178,1.9438617935411777,1.9438617935411777,75-100%
30.0,31.943861793541178,1.9438617935411777,1.9438617935411777,75-100%
65.0,33.09545498600245,-31.90454501399755,31.90454501399755,75-100%
47.5,31.52785603517066,-15.972143964829339,15.972143964829339,75-100%
47.5,31.702147469721027,-15.797852530278973,15.797852530278973,75-100%
47.5,31.52785603517066,-15.972143964829339,15.972143964829339,75-100%
47.5,31.487025753270583,-16.012974246729417,16.012974246729417,75-100%
47.5,31.180081936661676,-16.319918063338324,16.319918063338324,75-100%
47.5,31.280336883347523,-16.219663116652477,16.219663116652477,75-100%
30.0,31.726031656016108,1.726031656016108,1.726031656016108,75-100%
65.0,33.09545498600245,-31.90454501399755,31.90454501399755,75-100%
65.0,33.09545498600245,-31.90454501399755,31.90454501399755,75-100%
47.5,33.09545498600245,-14.404545013997549,14.404545013997549,75-100%
47.5,31.52785603517066,-15.972143964829339,15.972143964829339,75-100%
47.5,31.52785603517066,-15.972143964829339,15.972143964829339,75-100%
47.5,31.52785603517066,-15.972143964829339,15.972143964829339,75-100%
47.5,31.5509222066423,-15.949077793357699,15.949077793357699,75-100%
47.5,32.801191362730286,-14.698808637269714,14.698808637269714,75-100%
30.0,32.357072331367576,2.3570723313675757,2.3570723313675757,75-100%
15.0,32.457682108462755,17.457682108462755,17.457682108462755,50-75%
15.0,31.943861793541178,16.943861793541178,16.943861793541178,50-75%
65.0,32.91373769154465,-32.08626230845535,32.08626230845535,75-100%
65.0,34.24232969712141,-30.757670302878587,30.757670302878587,75-100%
47.5,31.702147469721027,-15.797852530278973,15.797852530278973,75-100%
47.5,31.702147469721027,-15.797852530278973,15.797852530278973,75-100%
47.5,31.52785603517066,-15.972143964829339,15.972143964829339,75-100%
47.5,31.702147469721027,-15.797852530278973,15.797852530278973,75-100%
47.5,32.801191362730286,-14.698808637269714,14.698808637269714,75-100%
15.0,32.457682108462755,17.457682108462755,17.457682108462755,50-75%
15.0,32.05487461207059,17.05487461207059,17.05487461207059,50-75%
15.0,32.05487461207059,17.05487461207059,17.05487461207059,50-75%
15.0,32.24670816295799,17.246708162957987,17.246708162957987,50-75%
65.0,32.12065380274477,-32.87934619725523,32.87934619725523,75-100%
65.0,32.42993873510089,-32.57006126489911,32.57006126489911,75-100%
65.0,32.719375162575474,-32.280624837424526,32.280624837424526,75-100%
65.0,32.30204572442109,-32.69795427557891,32.69795427557891,75-100%
15.0,31.726031656016108,16.726031656016108,16.726031656016108,50-75%
15.0,32.12483186424309,17.12483186424309,17.12483186424309,50-75%
15.0,32.457682108462755,17.457682108462755,17.457682108462755,50-75%
15.0,31.143112796411263,16.143112796411263,16.143112796411263,50-75%
15.0,31.56152532070611,16.56152532070611,16.56152532070611,50-75%
15.0,31.61612323687812,16.61612323687812,16.61612323687812,50-75%
15.0,32.970645407981934,17.970645407981934,17.970645407981934,50-75%
9.0,33.235251115865516,24.235251115865516,24.235251115865516,50-75%
9.0,32.91937981656289,23.919379816562888,23.919379816562888,50-75%
9.0,33.94329360898937,24.94329360898937,24.94329360898937,50-75%
9.0,33.700492991795485,24.700492991795485,24.700492991795485,50-75%
15.0,32.457682108462755,17.457682108462755,17.457682108462755,50-75%
15.0,32.12483186424309,17.12483186424309,17.12483186424309,50-75%
15.0,31.726031656016108,16.726031656016108,16.726031656016108,50-75%
15.0,31.678156450835996,16.678156450835996,16.678156450835996,50-75%
15.0,31.726031656016108,16.726031656016108,16.726031656016108,50-75%
15.0,32.12483186424309,17.12483186424309,17.12483186424309,50-75%
15.0,31.689599623943383,16.689599623943383,16.689599623943383,50-75%
12.0,31.689599623943383,19.689599623943383,19.689599623943383,50-75%
9.0,33.28540754601881,24.28540754601881,24.28540754601881,50-75%
9.0,32.91937981656289,23.919379816562888,23.919379816562888,50-75%
9.0,32.60797804898536,23.60797804898536,23.60797804898536,50-75%
9.0,31.64938474186284,22.64938474186284,22.64938474186284,50-75%
9.0,32.12065380274477,23.12065380274477,23.12065380274477,50-75%
9.0,32.35083495995746,23.35083495995746,23.35083495995746,50-75%
15.0,30.904419443324233,15.904419443324233,15.904419443324233,50-75%
15.0,32.12483186424309,17.12483186424309,17.12483186424309,50-75%
15.0,31.726031656016108,16.726031656016108,16.726031656016108,50-75%
12.0,30.52031216182907,18.52031216182907,18.52031216182907,50-75%
12.0,30.708220294630912,18.708220294630912,18.708220294630912,50-75%
9.0,33.36750451732134,24.367504517321343,24.367504517321343,50-75%
9.0,31.335449504862698,22.335449504862698,22.335449504862698,50-75%
9.0,31.265895880051698,22.265895880051698,22.265895880051698,50-75%
9.0,31.876290684206932,22.876290684206932,22.876290684206932,50-75%
9.0,31.574465147129878,22.574465147129878,22.574465147129878,50-75%
15.0,30.494329286363538,15.494329286363538,15.494329286363538,50-75%
15.0,31.1166022769542,16.1166022769542,16.1166022769542,50-75%
15.0,31.726031656016108,16.726031656016108,16.726031656016108,50-75%
15.0,32.12483186424309,17.12483186424309,17.12483186424309,50-75%
9.0,31.64568344971272,22.64568344971272,22.64568344971272,50-75%
9.0,32.20100997119799,23.20100997119799,23.20100997119799,50-75%
9.0,32.1295945238718,23.129594523871802,23.129594523871802,50-75%
9.0,31.46667363162311,22.46667363162311,22.46667363162311,50-75%
9.0,31.737751136392315,22.737751136392315,22.737751136392315,50-75%
9.0,32.28852997819724,23.28852997819724,23.28852997819724,50-75%
9.0,30.98774418989721,21.98774418989721,21.98774418989721,50-75%
9.0,30.53202663859008,21.53202663859008,21.53202663859008,50-75%
9.0,27.06190291999755,18.06190291999755,18.06190291999755,50-75%
9.0,27.06190291999755,18.06190291999755,18.06190291999755,50-75%
21.0,18.237080027655555,-2.762919972344445,2.762919972344445,75-100%
21.0,18.237080027655555,-2.762919972344445,2.762919972344445,75-100%
21.0,18.977066632913647,-2.0229333670863525,2.0229333670863525,75-100%
21.0,20.24549695822028,-0.7545030417797207,0.7545030417797207,75-100%
31.0,13.720219711391495,-17.279780288608507,17.279780288608507,75-100%
31.0,13.676090211400828,-17.323909788599174,17.323909788599174,75-100%
31.0,13.734900636690206,-17.265099363309794,17.265099363309794,75-100%
21.0,20.2848245373659,-0.7151754626341003,0.7151754626341003,75-100%
31.0,13.875022669474447,-17.124977330525553,17.124977330525553,75-100%
31.0,13.674795837515289,-17.32520416248471,17.32520416248471,75-100%
31.0,13.927970318928232,-17.07202968107177,17.07202968107177,75-100%
21.0,17.615967341299676,-3.384032658700324,3.384032658700324,75-100%
21.0,20.011781803512562,-0.9882181964874377,0.9882181964874377,75-100%
21.0,19.862663694028296,-1.1373363059717043,1.1373363059717043,75-100%
21.0,19.806163375869623,-1.1938366241303768,1.1938366241303768,75-100%
31.0,13.903266210330926,-17.096733789669074,17.096733789669074,75-100%
31.0,13.822081775028188,-17.177918224971812,17.177918224971812,75-100%
31.0,12.066376538511754,-18.933623461488246,18.933623461488246,75-100%
31.0,11.7247343826031,-19.2752656173969,19.2752656173969,75-100%
31.0,11.7247343826031,-19.2752656173969,19.2752656173969,75-100%
31.0,14.083366655553116,-16.916633344446886,16.916633344446886,75-100%
31.0,13.528039755378101,-17.471960244621897,17.471960244621897,75-100%
31.0,11.962287462462758,-19.037712537537242,19.037712537537242,75-100%
31.0,11.962287462462758,-19.037712537537242,19.037712537537242,75-100%
31.0,11.867297639694492,-19.132702360305508,19.132702360305508,75-100%
31.0,14.028353890459595,-16.971646109540405,16.971646109540405,75-100%
31.0,14.114995816052922,-16.88500418394708,16.88500418394708,75-100%
31.0,11.962287462462758,-19.037712537537242,19.037712537537242,75-100%
31.0,11.962287462462758,-19.037712537537242,19.037712537537242,75-100%
31.0,11.861721551559498,-19.138278448440502,19.138278448440502,75-100%
31.0,11.962287462462758,-19.037712537537242,19.037712537537242,75-100%
31.0,12.071997893504346,-18.928002106495654,18.928002106495654,75-100%
24.0,21.225892167129686,-2.774107832870314,2.774107832870314,75-100%
24.0,22.007036805561338,-1.992963194438662,1.992963194438662,75-100%
24.0,22.074234389496446,-1.9257656105035537,1.9257656105035537,75-100%
18.0,21.0829365800775,3.082936580077501,3.082936580077501,75-100%
18.0,19.314661570302977,1.3146615703029774,1.3146615703029774,75-100%
24.0,22.007036805561338,-1.992963194438662,1.992963194438662,75-100%
18.0,19.44617009318526,1.446170093185259,1.446170093185259,75-100%
18.0,19.59368054758687,1.593680547586871,1.593680547586871,75-100%
18.0,19.189562894236342,1.1895628942363423,1.1895628942363423,75-100%
18.0,19.695624958703352,1.6956249587033518,1.6956249587033518,75-100%
18.0,19.481609195708174,1.4816091957081738,1.4816091957081738,75-100%
18.0,19.314661570302977,1.3146615703029774,1.3146615703029774,75-100%
18.0,20.32504131662387,2.325041316623871,2.325041316623871,75-100%
18.0,19.695624958703352,1.6956249587033518,1.6956249587033518,75-100%
18.0,20.18787994746909,2.1878799474690886,2.1878799474690886,75-100%
18.0,20.18787994746909,2.1878799474690886,2.1878799474690886,75-100%
12.0,21.67593614081112,9.675936140811121,9.675936140811121,50-75%
12.0,21.67593614081112,9.675936140811121,9.675936140811121,50-75%
12.0,19.56461024931594,7.56461024931594,7.56461024931594,50-75%
12.0,19.457994933626797,7.4579949336267966,7.4579949336267966,50-75%
12.0,19.33838531914018,7.33838531914018,7.33838531914018,50-75%
12.0,19.33838531914018,7.33838531914018,7.33838531914018,50-75%
12.0,19.33838531914018,7.33838531914018,7.33838531914018,50-75%
12.0,19.33838531914018,7.33838531914018,7.33838531914018,50-75%
12.0,21.92816177178574,9.928161771785739,9.928161771785739,50-75%
12.0,19.33838531914018,7.33838531914018,7.33838531914018,50-75%
12.0,19.457994933626797,7.4579949336267966,7.4579949336267966,50-75%
12.0,19.33838531914018,7.33838531914018,7.33838531914018,50-75%
12.0,19.33838531914018,7.33838531914018,7.33838531914018,50-75%
9.0,17.305786053163914,8.305786053163914,8.305786053163914,50-75%
9.0,18.609807254713488,9.609807254713488,9.609807254713488,50-75%
9.0,20.799948450912776,11.799948450912776,11.799948450912776,50-75%
9.0,20.88105459943019,11.88105459943019,11.88105459943019,50-75%
9.0,21.023258149689998,12.023258149689998,12.023258149689998,50-75%
20.5,16.975773084887845,-3.5242269151121555,3.5242269151121555,75-100%
20.5,21.617450437604695,1.1174504376046954,1.1174504376046954,75-100%
9.0,17.18893627123499,8.18893627123499,8.18893627123499,50-75%
20.5,15.288951728801194,-5.2110482711988055,5.2110482711988055,75-100%
20.5,17.464446012220616,-3.035553987779384,3.035553987779384,75-100%
20.5,17.119123485458427,-3.3808765145415727,3.3808765145415727,75-100%
20.5,16.5473445117401,-3.9526554882599,3.9526554882599,75-100%
20.5,17.358604424370903,-3.1413955756290974,3.1413955756290974,75-100%
20.5,17.07892854105502,-3.4210714589449793,3.4210714589449793,75-100%
20.5,17.539257294577673,-2.9607427054223265,2.9607427054223265,75-100%
20.5,16.68534769299833,-3.814652307001669,3.814652307001669,75-100%
20.5,17.233730031658325,-3.2662699683416747,3.2662699683416747,75-100%
20.5,17.06091583734319,-3.4390841626568083,3.4390841626568083,75-100%
20.5,17.05930579076746,-3.4406942092325394,3.4406942092325394,75-100%
20.5,17.07892854105502,-3.4210714589449793,3.4210714589449793,75-100%
32.0,17.047326048287054,-14.952673951712946,14.952673951712946,75-100%
32.0,16.804398087753725,-15.195601912246275,15.195601912246275,75-100%
32.0,16.970006738289936,-15.029993261710064,15.029993261710064,75-100%
41.0,16.258226173352757,-24.741773826647243,24.741773826647243,75-100%
41.0,17.094607056158676,-23.905392943841324,23.905392943841324,75-100%
41.0,23.786087523383053,-17.213912476616947,17.213912476616947,75-100%
41.0,23.786087523383053,-17.213912476616947,17.213912476616947,75-100%
41.0,24.07193534571075,-16.92806465428925,16.92806465428925,75-100%
41.0,17.5016509421729,-23.4983490578271,23.4983490578271,75-100%
41.0,24.823645258815,-16.176354741185,16.176354741185,75-100%
41.0,24.631525763455468,-16.368474236544532,16.368474236544532,75-100%
41.0,24.765637498203006,-16.234362501796994,16.234362501796994,75-100%
41.0,24.07193534571075,-16.92806465428925,16.92806465428925,75-100%
41.0,24.07193534571075,-16.92806465428925,16.92806465428925,75-100%
41.0,17.158072616875067,-23.841927383124933,23.841927383124933,75-100%
41.0,17.5016509421729,-23.4983490578271,23.4983490578271,75-100%
41.0,25.158067022853132,-15.841932977146868,15.841932977146868,75-100%
41.0,24.989165129531955,-16.010834870468045,16.010834870468045,75-100%
41.0,24.765637498203006,-16.234362501796994,16.234362501796994,75-100%
41.0,24.762848734937144,-16.237151265062856,16.237151265062856,75-100%
41.0,25.288887554435973,-15.711112445564027,15.711112445564027,75-100%
41.0,24.989165129531955,-16.010834870468045,16.010834870468045,75-100%
41.0,17.879426968439805,-23.120573031560195,23.120573031560195,75-100%
41.0,25.350925452355156,-15.649074547644844,15.649074547644844,75-100%
41.0,24.989165129531955,-16.010834870468045,16.010834870468045,75-100%
41.0,24.859955144267573,-16.140044855732427,16.140044855732427,75-100%
41.0,24.989165129531955,-16.010834870468045,16.010834870468045,75-100%
41.0,24.989165129531955,-16.010834870468045,16.010834870468045,75-100%
41.0,24.989165129531955,-16.010834870468045,16.010834870468045,75-100%
41.0,25.243629326145086,-15.756370673854914,15.756370673854914,75-100%
41.0,24.823645258815,-16.176354741185,16.176354741185,75-100%
41.0,24.989165129531955,-16.010834870468045,16.010834870468045,75-100%
41.0,24.765637498203006,-16.234362501796994,16.234362501796994,75-100%
41.0,25.519824991147306,-15.480175008852694,15.480175008852694,75-100%
41.0,25.243629326145086,-15.756370673854914,15.756370673854914,75-100%
41.0,25.21447177409397,-15.785528225906031,15.785528225906031,75-100%
41.0,25.158067022853132,-15.841932977146868,15.841932977146868,75-100%
41.0,25.519824991147306,-15.480175008852694,15.480175008852694,75-100%
41.0,25.519824991147306,-15.480175008852694,15.480175008852694,75-100%
41.0,24.859955144267573,-16.140044855732427,16.140044855732427,75-100%
37.0,24.442037368335484,-12.557962631664516,12.557962631664516,75-100%
37.0,25.52913984443925,-11.47086015556075,11.47086015556075,75-100%
37.0,23.326352639749437,-13.673647360250563,13.673647360250563,75-100%
37.0,24.35907337372167,-12.640926626278329,12.640926626278329,75-100%
37.0,24.35907337372167,-12.640926626278329,12.640926626278329,75-100%
37.0,26.92607439549095,-10.07392560450905,10.07392560450905,75-100%
37.0,26.816146657484957,-10.183853342515043,10.183853342515043,75-100%
37.0,25.52913984443925,-11.47086015556075,11.47086015556075,75-100%
37.0,25.862352624587835,-11.137647375412165,11.137647375412165,75-100%
27.5,27.878245713285587,0.37824571328558676,0.37824571328558676,75-100%
37.0,23.851640071590722,-13.148359928409278,13.148359928409278,75-100%
27.5,25.72053634830779,-1.779463651692211,1.779463651692211,75-100%
27.5,25.67695374566901,-1.8230462543309898,1.8230462543309898,75-100%
27.5,26.92607439549095,-0.57392560450905,0.57392560450905,75-100%
27.5,27.046258270088536,-0.45374172991146366,0.45374172991146366,75-100%
27.5,27.046258270088536,-0.45374172991146366,0.45374172991146366,75-100%
27.5,27.17393742558306,-0.326062574416941,0.326062574416941,75-100%
27.5,24.845722635942018,-2.6542773640579824,2.6542773640579824,75-100%
27.5,24.845722635942018,-2.6542773640579824,2.6542773640579824,75-100%
27.5,26.874475901028994,-0.625524098971006,0.625524098971006,75-100%
27.5,27.046258270088536,-0.45374172991146366,0.45374172991146366,75-100%
27.5,27.924358323934012,0.42435832393401185,0.42435832393401185,75-100%
27.5,27.01024603400178,-0.48975396599821863,0.48975396599821863,75-100%
18.0,15.418098623814949,-2.5819013761850513,2.5819013761850513,75-100%
27.5,26.874475901028994,-0.625524098971006,0.625524098971006,75-100%
27.5,26.874475901028994,-0.625524098971006,0.625524098971006,75-100%
27.5,27.046258270088536,-0.45374172991146366,0.45374172991146366,75-100%
27.5,27.960710980933587,0.4607109809335874,0.4607109809335874,75-100%
18.0,15.457040185049632,-2.5429598149503683,2.5429598149503683,75-100%
18.0,15.478198685967968,-2.5218013140320323,2.5218013140320323,75-100%
27.5,25.52913984443925,-1.9708601555607501,1.9708601555607501,75-100%
27.5,26.874475901028994,-0.625524098971006,0.625524098971006,75-100%
27.5,27.120154384341564,-0.3798456156584358,0.3798456156584358,75-100%
27.5,27.046258270088536,-0.45374172991146366,0.45374172991146366,75-100%
18.0,15.976433601132385,-2.023566398867615,2.023566398867615,75-100%
18.0,15.551918816574583,-2.4480811834254173,2.4480811834254173,75-100%
18.0,15.517282796611335,-2.482717203388665,2.482717203388665,75-100%
18.0,12.762949484432554,-5.2370505155674465,5.2370505155674465,75-100%
18.0,15.478198685967968,-2.5218013140320323,2.5218013140320323,75-100%
18.0,15.5210684474401,-2.4789315525598994,2.4789315525598994,75-100%
18.0,15.551918816574583,-2.4480811834254173,2.4480811834254173,75-100%
18.0,15.478198685967968,-2.5218013140320323,2.5218013140320323,75-100%
18.0,15.481975378979781,-2.518024621020219,2.518024621020219,75-100%
39.0,16.301095556009802,-22.698904443990198,22.698904443990198,75-100%
39.0,16.493536552318353,-22.506463447681647,22.506463447681647,75-100%
39.0,15.929556608351458,-23.070443391648542,23.070443391648542,75-100%
39.0,15.970637478554552,-23.02936252144545,23.02936252144545,75-100%
39.0,15.451333890126039,-23.548666109873963,23.548666109873963,75-100%
39.0,16.525918870540938,-22.474081129459062,22.474081129459062,75-100%
39.0,16.111028626371937,-22.888971373628063,22.888971373628063,75-100%
39.0,15.898276177721346,-23.101723822278654,23.101723822278654,75-100%
39.0,15.588116405776887,-23.411883594223113,23.411883594223113,75-100%
39.0,16.301095556009802,-22.698904443990198,22.698904443990198,75-100%
39.0,16.178311744268164,-22.821688255731836,22.821688255731836,75-100%
39.0,16.0129450749695,-22.9870549250305,22.9870549250305,75-100%
39.0,16.111028626371937,-22.888971373628063,22.888971373628063,75-100%
39.0,16.202180958314038,-22.797819041685962,22.797819041685962,75-100%
39.0,16.202180958314038,-22.797819041685962,22.797819041685962,75-100%
39.0,16.301355498220193,-22.698644501779807,22.698644501779807,75-100%
39.0,15.223879432437418,-23.776120567562582,23.776120567562582,75-100%
39.0,16.96242568885627,-22.03757431114373,22.03757431114373,75-100%
39.0,16.301355498220193,-22.698644501779807,22.698644501779807,75-100%
39.0,16.301355498220193,-22.698644501779807,22.698644501779807,75-100%
39.0,16.03806871007161,-22.96193128992839,22.96193128992839,75-100%
39.0,16.002415388271466,-22.997584611728534,22.997584611728534,75-100%
39.0,16.03806871007161,-22.96193128992839,22.96193128992839,75-100%
39.0,16.82138124369481,-22.17861875630519,22.17861875630519,75-100%
39.0,16.232452185158728,-22.767547814841272,22.767547814841272,75-100%
39.0,15.570068580170044,-23.429931419829956,23.429931419829956,75-100%
39.0,15.588116405776887,-23.411883594223113,23.411883594223113,75-100%
39.0,16.88623572346347,-22.11376427653653,22.11376427653653,75-100%
39.0,16.88623572346347,-22.11376427653653,22.11376427653653,75-100%
39.0,16.450773749650022,-22.549226250349978,22.549226250349978,75-100%
25.0,18.9595099754946,-6.040490024505399,6.040490024505399,75-100%
25.0,19.213441935624196,-5.786558064375804,5.786558064375804,75-100%
25.0,19.130237054062427,-5.869762945937573,5.869762945937573,75-100%
25.0,20.260558286692753,-4.739441713307247,4.739441713307247,75-100%
25.0,19.185770208147666,-5.814229791852334,5.814229791852334,75-100%
40.0,18.809302604186655,-21.190697395813345,21.190697395813345,75-100%
40.0,18.799806790474623,-21.200193209525377,21.200193209525377,75-100%
40.0,18.463146421278097,-21.536853578721903,21.536853578721903,75-100%
40.0,18.526199381745535,-21.473800618254465,21.473800618254465,75-100%
32.5,18.526199381745535,-13.973800618254465,13.973800618254465,75-100%
25.0,18.75017722310817,-6.249822776891829,6.249822776891829,75-100%
25.0,19.20674718386856,-5.793252816131439,5.793252816131439,75-100%
25.0,19.469328698609225,-5.530671301390775,5.530671301390775,75-100%
25.0,19.469328698609225,-5.530671301390775,5.530671301390775,75-100%
25.0,19.162816081010057,-5.837183918989943,5.837183918989943,75-100%
40.0,18.836458249847478,-21.163541750152522,21.163541750152522,75-100%
40.0,18.86395039849156,-21.13604960150844,21.13604960150844,75-100%
40.0,18.809302604186655,-21.190697395813345,21.190697395813345,75-100%
40.0,18.86395039849156,-21.13604960150844,21.13604960150844,75-100%
32.5,19.393260044310598,-13.106739955689402,13.106739955689402,75-100%
32.5,19.727019729775023,-12.772980270224977,12.772980270224977,75-100%
25.0,18.695970165954527,-6.304029834045473,6.304029834045473,75-100%
25.0,18.83047067681495,-6.169529323185049,6.169529323185049,75-100%
25.0,18.464733145181583,-6.535266854818417,6.535266854818417,75-100%
25.0,18.75017722310817,-6.249822776891829,6.249822776891829,75-100%
40.0,18.78677657491975,-21.21322342508025,21.21322342508025,75-100%
40.0,18.809302604186655,-21.190697395813345,21.190697395813345,75-100%
40.0,18.86395039849156,-21.13604960150844,21.13604960150844,75-100%
40.0,19.979319524003152,-20.020680475996848,20.020680475996848,75-100%
40.0,18.79150166326843,-21.20849833673157,21.20849833673157,75-100%
32.5,18.809302604186655,-13.690697395813345,13.690697395813345,75-100%
32.5,18.705416180531984,-13.794583819468016,13.794583819468016,75-100%
32.5,18.72313969414741,-13.77686030585259,13.77686030585259,75-100%
25.0,18.72313969414741,-6.2768603058525905,6.2768603058525905,75-100%
25.0,18.71368518360283,-6.286314816397169,6.286314816397169,75-100%
25.0,18.37316007697056,-6.62683992302944,6.62683992302944,75-100%
40.0,18.809302604186655,-21.190697395813345,21.190697395813345,75-100%
40.0,18.809302604186655,-21.190697395813345,21.190697395813345,75-100%
40.0,18.87625224911131,-21.12374775088869,21.12374775088869,75-100%
40.0,18.686115606510636,-21.313884393489364,21.313884393489364,75-100%
40.0,18.853650088458505,-21.146349911541495,21.146349911541495,75-100%
40.0,18.884592940288755,-21.115407059711245,21.115407059711245,75-100%
32.5,18.424724168404804,-14.075275831595196,14.075275831595196,75-100%
25.0,18.245733537723197,-6.754266462276803,6.754266462276803,75-100%
25.0,18.346590146754828,-6.653409853245172,6.653409853245172,75-100%
7.0,17.363597279954377,10.363597279954377,10.363597279954377,25-50%
7.0,17.251511115080415,10.251511115080415,10.251511115080415,25-50%
7.0,15.37775580845211,8.37775580845211,8.37775580845211,25-50%
7.0,15.463582878184258,8.463582878184258,8.463582878184258,25-50%
40.0,18.87625224911131,-21.12374775088869,21.12374775088869,75-100%
40.0,19.09733684883022,-20.90266315116978,20.90266315116978,75-100%
40.0,18.866724342328208,-21.133275657671792,21.133275657671792,75-100%
32.5,18.27185895261845,-14.228141047381548,14.228141047381548,75-100%
25.0,18.71368518360283,-6.286314816397169,6.286314816397169,75-100%
25.0,18.27185895261845,-6.728141047381548,6.728141047381548,75-100%
7.0,17.260264379763548,10.260264379763548,10.260264379763548,25-50%
7.0,17.542437579150285,10.542437579150285,10.542437579150285,25-50%
7.0,17.567856538850606,10.567856538850606,10.567856538850606,25-50%
7.0,17.30186144013223,10.301861440132232,10.301861440132232,25-50%
7.0,16.608261455551666,9.608261455551666,9.608261455551666,25-50%
40.0,17.31760447927014,-22.68239552072986,22.68239552072986,75-100%
40.0,17.329667198728767,-22.670332801271233,22.670332801271233,75-100%
40.0,18.534726624830306,-21.465273375169694,21.465273375169694,75-100%
23.0,17.338457946384267,-5.661542053615733,5.661542053615733,75-100%
15.0,17.542437579150285,2.5424375791502847,2.5424375791502847,50-75%
15.0,17.289817019590963,2.289817019590963,2.289817019590963,50-75%
7.0,17.329667198728767,10.329667198728767,10.329667198728767,25-50%
7.0,17.329667198728767,10.329667198728767,10.329667198728767,25-50%
7.0,16.608261455551666,9.608261455551666,9.608261455551666,25-50%
23.0,18.9595099754946,-4.040490024505399,4.040490024505399,75-100%
23.0,17.848979431105224,-5.151020568894776,5.151020568894776,75-100%
15.0,17.797123927534965,2.7971239275349653,2.7971239275349653,50-75%
15.0,17.615505160964467,2.6155051609644673,2.6155051609644673,50-75%
15.0,17.700155291252738,2.700155291252738,2.700155291252738,50-75%
15.0,17.363597279954377,2.3635972799543765,2.3635972799543765,50-75%
7.0,17.567856538850606,10.567856538850606,10.567856538850606,25-50%
7.0,17.794338053495615,10.794338053495615,10.794338053495615,25-50%
7.0,17.04866438040397,10.04866438040397,10.04866438040397,25-50%
7.0,17.329667198728767,10.329667198728767,10.329667198728767,25-50%
23.0,19.04498000158663,-3.95501999841337,3.95501999841337,75-100%
23.0,18.960956579265396,-4.039043420734604,4.039043420734604,75-100%
23.0,17.76860904591865,-5.231390954081348,5.231390954081348,75-100%
15.0,17.716974649640235,2.7169746496402354,2.7169746496402354,50-75%
15.0,17.780232545786077,2.7802325457860775,2.7802325457860775,50-75%
15.0,18.006205326145796,3.006205326145796,3.006205326145796,50-75%
14.666666666666664,17.338457946384267,2.6717912797176027,2.6717912797176027,50-75%
10.5,17.780232545786077,7.2802325457860775,7.2802325457860775,50-75%
10.5,17.780232545786077,7.2802325457860775,7.2802325457860775,50-75%
10.5,17.75887671734433,7.258876717344329,7.258876717344329,50-75%
14.0,17.25800049036308,3.258000490363081,3.258000490363081,50-75%
23.0,18.9595099754946,-4.040490024505399,4.040490024505399,75-100%
23.0,19.014572145898168,-3.9854278541018324,3.9854278541018324,75-100%
23.0,18.9595099754946,-4.040490024505399,4.040490024505399,75-100%
15.0,17.716974649640235,2.7169746496402354,2.7169746496402354,50-75%
14.666666666666664,17.716974649640235,3.050307982973571,3.050307982973571,50-75%
14.666666666666664,17.797123927534965,3.130457260868301,3.130457260868301,50-75%
14.666666666666664,17.848979431105224,3.18231276443856,3.18231276443856,50-75%
10.5,18.006205326145796,7.506205326145796,7.506205326145796,50-75%
14.0,17.28573961164051,3.2857396116405084,3.2857396116405084,50-75%
14.0,18.11445031798335,4.114450317983351,4.114450317983351,50-75%
14.0,17.648041300143575,3.648041300143575,3.648041300143575,50-75%
23.0,18.9595099754946,-4.040490024505399,4.040490024505399,75-100%
23.0,18.960956579265396,-4.039043420734604,4.039043420734604,75-100%
23.0,19.04498000158663,-3.95501999841337,3.95501999841337,75-100%
23.0,18.006205326145796,-4.993794673854204,4.993794673854204,75-100%
23.0,17.700155291252738,-5.299844708747262,5.299844708747262,75-100%
18.5,17.797123927534965,-0.7028760724650347,0.7028760724650347,75-100%
14.0,17.48913285559496,3.48913285559496,3.48913285559496,50-75%
14.0,18.11445031798335,4.114450317983351,4.114450317983351,50-75%
14.0,18.079132899397834,4.079132899397834,4.079132899397834,50-75%
14.0,18.079132899397834,4.079132899397834,4.079132899397834,50-75%
14.0,17.73975828373441,3.7397582837344103,3.7397582837344103,50-75%
23.0,19.014572145898168,-3.9854278541018324,3.9854278541018324,75-100%
23.0,18.9415740559456,-4.058425944054399,4.058425944054399,75-100%
23.0,17.521269216623203,-5.478730783376797,5.478730783376797,75-100%
23.0,17.521269216623203,-5.478730783376797,5.478730783376797,75-100%
18.5,17.76860904591865,-0.7313909540813484,0.7313909540813484,75-100%
18.5,18.626666844503585,0.12666684450358545,0.12666684450358545,75-100%
14.0,18.160833000689244,4.160833000689244,4.160833000689244,50-75%
14.0,17.980135589570978,3.9801355895709776,3.9801355895709776,50-75%
14.0,17.964436305519644,3.9644363055196443,3.9644363055196443,50-75%
23.0,19.61009958498776,-3.3899004150122387,3.3899004150122387,75-100%
23.0,19.295725741049772,-3.704274258950228,3.704274258950228,75-100%
23.0,17.546659157606232,-5.453340842393768,5.453340842393768,75-100%
14.0,17.19140905126391,3.1914090512639106,3.1914090512639106,50-75%
14.0,18.11445031798335,4.114450317983351,4.114450317983351,50-75%
14.0,18.893130650333223,4.893130650333223,4.893130650333223,50-75%
14.0,18.2265349392746,4.2265349392746,4.2265349392746,50-75%
14.0,18.67429245997663,4.6742924599766305,4.6742924599766305,50-75%
14.0,18.728567802674466,4.7285678026744655,4.7285678026744655,50-75%
14.0,18.60153934334773,4.601539343347731,4.601539343347731,50-75%
14.0,18.60153934334773,4.601539343347731,4.601539343347731,50-75%
14.0,16.988344417469904,2.9883444174699036,2.9883444174699036,50-75%
14.0,17.272934309646196,3.272934309646196,3.272934309646196,50-75%
14.0,17.997094486215893,3.997094486215893,3.997094486215893,50-75%
14.0,17.438253655511495,3.4382536555114953,3.4382536555114953,50-75%
14.0,17.57132859930398,3.5713285993039783,3.5713285993039783,50-75%
14.0,17.69119115987568,3.691191159875679,3.691191159875679,50-75%
14.0,17.78811331314311,3.7881133131431106,3.7881133131431106,50-75%
14.0,17.272934309646196,3.272934309646196,3.272934309646196,50-75%
14.0,17.272934309646196,3.272934309646196,3.272934309646196,50-75%
14.0,17.34213233769509,3.342132337695091,3.342132337695091,50-75%
14.0,17.78811331314311,3.7881133131431106,3.7881133131431106,50-75%
14.0,17.822892024828345,3.822892024828345,3.822892024828345,50-75%
14.0,17.78811331314311,3.7881133131431106,3.7881133131431106,50-75%
14.0,18.996168560788785,4.996168560788785,4.996168560788785,50-75%
14.0,17.700155291252738,3.700155291252738,3.700155291252738,50-75%
14.0,18.032260043341367,4.032260043341367,4.032260043341367,50-75%
14.0,19.35709873964547,5.357098739645469,5.357098739645469,50-75%
14.0,19.09764641364324,5.09764641364324,5.09764641364324,50-75%
14.0,17.78811331314311,3.7881133131431106,3.7881133131431106,50-75%
14.0,17.716974649640235,3.7169746496402354,3.7169746496402354,50-75%
14.0,19.890008202067506,5.890008202067506,5.890008202067506,50-75%
14.0,19.380274045651593,5.380274045651593,5.380274045651593,50-75%
37.0,20.348410252764815,-16.651589747235185,16.651589747235185,75-100%
37.0,20.329226246280548,-16.670773753719452,16.670773753719452,75-100%
37.0,20.348410252764815,-16.651589747235185,16.651589747235185,75-100%
37.0,20.49897370026595,-16.50102629973405,16.50102629973405,75-100%
37.0,20.348410252764815,-16.651589747235185,16.651589747235185,75-100%
37.0,20.407303973333413,-16.592696026666587,16.592696026666587,75-100%
37.0,20.664460701524526,-16.335539298475474,16.335539298475474,75-100%
37.0,20.439827786740718,-16.560172213259282,16.560172213259282,75-100%
37.0,20.5282420608192,-16.4717579391808,16.4717579391808,75-100%
37.0,20.43644753617971,-16.56355246382029,16.56355246382029,75-100%
37.0,24.663705253976065,-12.336294746023935,12.336294746023935,75-100%
37.0,20.5282420608192,-16.4717579391808,16.4717579391808,75-100%
37.0,20.5292476826786,-16.4707523173214,16.4707523173214,75-100%
37.0,20.47612858429724,-16.52387141570276,16.52387141570276,75-100%
37.0,25.646290345003514,-11.353709654996486,11.353709654996486,75-100%
37.0,26.866677756826896,-10.133322243173104,10.133322243173104,75-100%
37.0,24.663705253976065,-12.336294746023935,12.336294746023935,75-100%
37.0,20.20790984685121,-16.79209015314879,16.79209015314879,75-100%
37.0,20.119824600236143,-16.880175399763857,16.880175399763857,75-100%
37.0,24.6098235533576,-12.3901764466424,12.3901764466424,75-100%
37.0,24.663705253976065,-12.336294746023935,12.336294746023935,75-100%
37.0,24.516418199009294,-12.483581800990706,12.483581800990706,75-100%
37.0,20.0058576534482,-16.9941423465518,16.9941423465518,75-100%
37.0,23.482938761141284,-13.517061238858716,13.517061238858716,75-100%
37.0,20.19036787518037,-16.80963212481963,16.80963212481963,75-100%
37.0,21.87282669246884,-15.127173307531159,15.127173307531159,75-100%
18.0,21.453139994347346,3.453139994347346,3.453139994347346,75-100%
18.0,23.217940776855965,5.217940776855965,5.217940776855965,75-100%
18.0,26.82590342576554,8.825903425765539,8.825903425765539,75-100%
18.0,24.663705253976065,6.663705253976065,6.663705253976065,75-100%
18.0,19.57764445854539,1.5776444585453895,1.5776444585453895,75-100%
18.0,19.615948497148555,1.6159484971485547,1.6159484971485547,75-100%
18.0,20.94758102070821,2.94758102070821,2.94758102070821,75-100%
18.0,21.567381239158735,3.5673812391587347,3.5673812391587347,75-100%
18.0,26.82590342576554,8.825903425765539,8.825903425765539,75-100%
18.0,24.6098235533576,6.6098235533576,6.6098235533576,75-100%
18.0,24.6098235533576,6.6098235533576,6.6098235533576,75-100%
18.0,21.271874244842945,3.2718742448429445,3.2718742448429445,75-100%
18.0,20.20790984685121,2.2079098468512086,2.2079098468512086,75-100%
18.0,19.54419500870086,1.5441950087008607,1.5441950087008607,75-100%
18.0,21.049332394894535,3.0493323948945346,3.0493323948945346,75-100%
18.0,21.854819386989394,3.8548193869893943,3.8548193869893943,75-100%
18.0,21.593072815972466,3.593072815972466,3.593072815972466,75-100%
18.0,22.81351015251046,4.81351015251046,4.81351015251046,75-100%
18.0,25.33452887308997,7.334528873089969,7.334528873089969,75-100%
18.0,24.663705253976065,6.663705253976065,6.663705253976065,75-100%
18.0,21.271874244842945,3.2718742448429445,3.2718742448429445,75-100%
18.0,20.116494802083686,2.116494802083686,2.116494802083686,75-100%
18.0,20.20790984685121,2.2079098468512086,2.2079098468512086,75-100%
18.0,21.854819386989394,3.8548193869893943,3.8548193869893943,75-100%
18.0,21.752987469614553,3.7529874696145527,3.7529874696145527,75-100%
18.0,21.77889034771647,3.7788903477164695,3.7788903477164695,75-100%
18.0,21.478701514523788,3.478701514523788,3.478701514523788,75-100%
18.0,22.528823094256605,4.528823094256605,4.528823094256605,75-100%
18.0,21.70929725204096,3.7092972520409617,3.7092972520409617,75-100%
74.0,21.70929725204096,-52.29070274795904,52.29070274795904,75-100%
74.0,19.864329366456467,-54.13567063354353,54.13567063354353,75-100%
74.0,19.788232001956736,-54.211767998043264,54.211767998043264,75-100%
18.0,20.246175402392492,2.246175402392492,2.246175402392492,75-100%
18.0,19.488560625037977,1.4885606250379766,1.4885606250379766,75-100%
18.0,21.049332394894535,3.0493323948945346,3.0493323948945346,75-100%
18.0,21.73507451108764,3.735074511087639,3.735074511087639,75-100%
18.0,21.77889034771647,3.7788903477164695,3.7788903477164695,75-100%
18.0,21.760956996387,3.7609569963870015,3.7609569963870015,75-100%
18.0,20.854192985325074,2.8541929853250743,2.8541929853250743,75-100%
18.0,20.664460701524526,2.6644607015245256,2.6644607015245256,75-100%
46.0,21.70929725204096,-24.29070274795904,24.29070274795904,75-100%
74.0,20.724226308411332,-53.27577369158867,53.27577369158867,75-100%
74.0,20.664460701524526,-53.335539298475474,53.335539298475474,75-100%
74.0,19.864329366456467,-54.13567063354353,54.13567063354353,75-100%
74.0,19.788232001956736,-54.211767998043264,54.211767998043264,75-100%
74.0,21.68900011235226,-52.31099988764774,52.31099988764774,75-100%
74.0,21.462773514209843,-52.53722648579016,52.53722648579016,75-100%
18.0,19.80692942552556,1.80692942552556,1.80692942552556,75-100%
18.0,19.892733732316575,1.8927337323165752,1.8927337323165752,75-100%
18.0,21.809901166418562,3.8099011664185625,3.8099011664185625,75-100%
18.0,21.77889034771647,3.7788903477164695,3.7788903477164695,75-100%
18.0,21.77889034771647,3.7788903477164695,3.7788903477164695,75-100%
18.0,20.887395750872162,2.8873957508721624,2.8873957508721624,75-100%
18.0,20.84695481196883,2.8469548119688284,2.8469548119688284,75-100%
46.0,21.13085040559397,-24.86914959440603,24.86914959440603,75-100%
74.0,21.13085040559397,-52.869149594406025,52.869149594406025,75-100%
74.0,20.699522735175957,-53.30047726482404,53.30047726482404,75-100%
74.0,19.80843744764647,-54.19156255235353,54.19156255235353,75-100%
74.0,19.80843744764647,-54.19156255235353,54.19156255235353,75-100%
74.0,19.788232001956736,-54.211767998043264,54.211767998043264,75-100%
74.0,21.68876388865926,-52.31123611134074,52.31123611134074,75-100%
18.0,19.864329366456467,1.8643293664564666,1.8643293664564666,75-100%
18.0,22.79038671581421,4.790386715814211,4.790386715814211,75-100%
18.0,23.227360148333712,5.227360148333712,5.227360148333712,75-100%
74.0,20.84797532145856,-53.15202467854144,53.15202467854144,75-100%
74.0,20.445028528339858,-53.55497147166014,53.55497147166014,75-100%
74.0,20.887395750872162,-53.11260424912784,53.11260424912784,75-100%
74.0,19.896028246242004,-54.103971753757996,54.103971753757996,75-100%
74.0,19.864329366456467,-54.13567063354353,54.13567063354353,75-100%
74.0,19.292908246169027,-54.70709175383097,54.70709175383097,75-100%
74.0,20.46958058956195,-53.53041941043805,53.53041941043805,75-100%
74.0,21.13085040559397,-52.869149594406025,52.869149594406025,75-100%
74.0,19.896028246242004,-54.103971753757996,54.103971753757996,75-100%
74.0,19.80692942552556,-54.19307057447444,54.19307057447444,75-100%
74.0,19.80692942552556,-54.19307057447444,54.19307057447444,75-100%
74.0,20.84797532145856,-53.15202467854144,53.15202467854144,75-100%
74.0,21.08995963999908,-52.91004036000092,52.91004036000092,75-100%
14.0,20.610310924052996,6.610310924052996,6.610310924052996,50-75%
14.0,20.610310924052996,6.610310924052996,6.610310924052996,50-75%
14.0,20.610310924052996,6.610310924052996,6.610310924052996,50-75%
14.0,20.56940179596107,6.56940179596107,6.56940179596107,50-75%
14.0,20.660195789180865,6.6601957891808645,6.6601957891808645,50-75%
14.0,19.88709991696175,5.887099916961748,5.887099916961748,50-75%
14.0,20.610310924052996,6.610310924052996,6.610310924052996,50-75%
14.0,20.627337681680178,6.627337681680178,6.627337681680178,50-75%
14.0,21.670383858158075,7.670383858158075,7.670383858158075,50-75%
14.0,20.627337681680178,6.627337681680178,6.627337681680178,50-75%
14.0,20.54845743732555,6.548457437325549,6.548457437325549,50-75%
14.0,19.354173496399127,5.354173496399127,5.354173496399127,50-75%
14.0,19.354173496399127,5.354173496399127,5.354173496399127,50-75%
14.0,19.55696480106085,5.55696480106085,5.55696480106085,50-75%
14.0,20.653086311058725,6.6530863110587255,6.6530863110587255,50-75%
14.0,20.74423256491923,6.74423256491923,6.74423256491923,50-75%
14.0,19.501896258599665,5.501896258599665,5.501896258599665,50-75%
14.0,19.58819670622009,5.588196706220089,5.588196706220089,50-75%
14.0,19.58819670622009,5.588196706220089,5.588196706220089,50-75%
14.0,21.100666538704616,7.1006665387046155,7.1006665387046155,50-75%
14.0,20.003355979851744,6.003355979851744,6.003355979851744,50-75%
14.0,21.21837681022525,7.2183768102252515,7.2183768102252515,50-75%
14.0,21.17932748221779,7.17932748221779,7.17932748221779,50-75%
14.0,20.72469286647884,6.72469286647884,6.72469286647884,50-75%
14.0,19.73494562662414,5.734945626624139,5.734945626624139,50-75%
14.0,19.665237646079206,5.6652376460792055,5.6652376460792055,50-75%
14.0,19.60838542718569,5.608385427185691,5.608385427185691,50-75%
14.0,19.60838542718569,5.608385427185691,5.608385427185691,50-75%
14.0,19.705092366568444,5.705092366568444,5.705092366568444,50-75%
14.0,20.72469286647884,6.72469286647884,6.72469286647884,50-75%
14.0,19.817200301600217,5.8172003016002165,5.8172003016002165,50-75%
14.0,19.500410452029307,5.500410452029307,5.500410452029307,50-75%
14.0,19.55696480106085,5.55696480106085,5.55696480106085,50-75%
14.0,19.55696480106085,5.55696480106085,5.55696480106085,50-75%
14.0,19.283177723946125,5.283177723946125,5.283177723946125,50-75%
14.0,20.74423256491923,6.74423256491923,6.74423256491923,50-75%
14.0,19.817200301600217,5.8172003016002165,5.8172003016002165,50-75%
14.0,19.79849364846578,5.798493648465779,5.798493648465779,50-75%
14.0,19.59661070788684,5.596610707886839,5.596610707886839,50-75%
11.0,19.752062744056495,8.752062744056495,8.752062744056495,50-75%
11.0,19.658485344448945,8.658485344448945,8.658485344448945,50-75%
23.0,20.74423256491923,-2.25576743508077,2.25576743508077,75-100%
23.0,19.817200301600217,-3.1827996983997835,3.1827996983997835,75-100%
23.0,19.895447588146,-3.1045524118540015,3.1045524118540015,75-100%
23.0,19.93015012599917,-3.0698498740008304,3.0698498740008304,75-100%
23.0,19.39000854160026,-3.6099914583997403,3.6099914583997403,75-100%
11.0,19.696726305298675,8.696726305298675,8.696726305298675,50-75%
11.0,19.550247877243343,8.550247877243343,8.550247877243343,50-75%
11.0,19.867807857269618,8.867807857269618,8.867807857269618,50-75%
11.0,19.867807857269618,8.867807857269618,8.867807857269618,50-75%
11.0,19.63824754378937,8.638247543789369,8.638247543789369,50-75%
23.0,20.74423256491923,-2.25576743508077,2.25576743508077,75-100%
23.0,20.98609480798998,-2.0139051920100215,2.0139051920100215,75-100%
23.0,19.901776690037124,-3.0982233099628758,3.0982233099628758,75-100%
23.0,19.878164067408328,-3.1218359325916722,3.1218359325916722,75-100%
23.0,19.274468081769886,-3.7255319182301143,3.7255319182301143,75-100%
11.0,19.867807857269618,8.867807857269618,8.867807857269618,50-75%
15.5,19.867807857269618,4.367807857269618,4.367807857269618,75-100%
15.5,19.97771790225283,4.477717902252831,4.477717902252831,75-100%
15.5,19.97771790225283,4.477717902252831,4.477717902252831,75-100%
15.5,19.63824754378937,4.138247543789369,4.138247543789369,75-100%
15.5,19.550247877243343,4.0502478772433435,4.0502478772433435,75-100%
11.0,19.867807857269618,8.867807857269618,8.867807857269618,50-75%
23.0,20.74423256491923,-2.25576743508077,2.25576743508077,75-100%
23.0,20.74423256491923,-2.25576743508077,2.25576743508077,75-100%
23.0,20.98609480798998,-2.0139051920100215,2.0139051920100215,75-100%
23.0,20.753119016299802,-2.2468809837001977,2.2468809837001977,75-100%
23.0,20.573169702453505,-2.426830297546495,2.426830297546495,75-100%
23.0,19.39000854160026,-3.6099914583997403,3.6099914583997403,75-100%
11.0,19.867807857269618,8.867807857269618,8.867807857269618,50-75%
15.5,19.867807857269618,4.367807857269618,4.367807857269618,75-100%
15.5,19.867807857269618,4.367807857269618,4.367807857269618,75-100%
15.5,19.63824754378937,4.138247543789369,4.138247543789369,75-100%
15.5,19.550247877243343,4.0502478772433435,4.0502478772433435,75-100%
15.5,19.63824754378937,4.138247543789369,4.138247543789369,75-100%
15.5,19.63824754378937,4.138247543789369,4.138247543789369,75-100%
23.0,20.65151707582781,-2.3484829241721883,2.3484829241721883,75-100%
23.0,20.513819668006477,-2.4861803319935234,2.4861803319935234,75-100%
23.0,20.513819668006477,-2.4861803319935234,2.4861803319935234,75-100%
23.0,20.753119016299802,-2.2468809837001977,2.2468809837001977,75-100%
23.0,20.753119016299802,-2.2468809837001977,2.2468809837001977,75-100%
23.0,20.513819668006477,-2.4861803319935234,2.4861803319935234,75-100%
20.0,20.797093777958185,0.7970937779581853,0.7970937779581853,75-100%
15.5,19.550247877243343,4.0502478772433435,4.0502478772433435,75-100%
15.5,19.63824754378937,4.138247543789369,4.138247543789369,75-100%
15.5,19.63824754378937,4.138247543789369,4.138247543789369,75-100%
15.5,19.606939712455805,4.106939712455805,4.106939712455805,75-100%
15.5,19.551737295876688,4.051737295876688,4.051737295876688,75-100%
15.5,19.551737295876688,4.051737295876688,4.051737295876688,75-100%
15.5,19.551737295876688,4.051737295876688,4.051737295876688,75-100%
23.0,20.422086639177408,-2.577913360822592,2.577913360822592,75-100%
23.0,20.513819668006477,-2.4861803319935234,2.4861803319935234,75-100%
23.0,20.494487022103307,-2.505512977896693,2.505512977896693,75-100%
23.0,20.422086639177408,-2.577913360822592,2.577913360822592,75-100%
23.0,20.422086639177408,-2.577913360822592,2.577913360822592,75-100%
20.0,19.550247877243343,-0.44975212275665655,0.44975212275665655,75-100%
15.5,20.70415289331849,5.20415289331849,5.20415289331849,75-100%
15.5,19.550247877243343,4.0502478772433435,4.0502478772433435,75-100%
15.5,19.550247877243343,4.0502478772433435,4.0502478772433435,75-100%
15.5,19.550247877243343,4.0502478772433435,4.0502478772433435,75-100%
15.5,19.550247877243343,4.0502478772433435,4.0502478772433435,75-100%
20.0,20.07506918302511,0.07506918302511068,0.07506918302511068,75-100%
23.0,20.422086639177408,-2.577913360822592,2.577913360822592,75-100%
23.0,20.513819668006477,-2.4861803319935234,2.4861803319935234,75-100%
23.0,20.422086639177408,-2.577913360822592,2.577913360822592,75-100%
20.0,19.63824754378937,-0.3617524562106311,0.3617524562106311,75-100%
20.0,19.550247877243343,-0.44975212275665655,0.44975212275665655,75-100%
20.0,19.550247877243343,-0.44975212275665655,0.44975212275665655,75-100%
20.0,20.07506918302511,0.07506918302511068,0.07506918302511068,75-100%
20.0,20.165316223918197,0.16531622391819667,0.16531622391819667,75-100%
20.0,20.07506918302511,0.07506918302511068,0.07506918302511068,75-100%
20.0,19.867807857269618,-0.13219214273038205,0.13219214273038205,75-100%
20.0,20.400739150063558,0.40073915006355776,0.40073915006355776,75-100%
20.0,20.400739150063558,0.40073915006355776,0.40073915006355776,75-100%
20.0,20.165316223918197,0.16531622391819667,0.16531622391819667,75-100%
61.0,18.238436474128846,-42.76156352587115,42.76156352587115,75-100%
61.0,20.012527714250425,-40.987472285749575,40.987472285749575,75-100%
61.0,17.37417883113539,-43.62582116886461,43.62582116886461,75-100%
39.5,20.012527714250425,-19.487472285749575,19.487472285749575,75-100%
39.5,20.012527714250425,-19.487472285749575,19.487472285749575,75-100%
61.0,20.24625116576253,-40.75374883423747,40.75374883423747,75-100%
61.0,20.453947566909708,-40.546052433090296,40.546052433090296,75-100%
61.0,20.50533313002311,-40.49466686997689,40.49466686997689,75-100%
38.0,24.535125759285016,-13.464874240714984,13.464874240714984,75-100%
38.0,21.798312203499314,-16.201687796500686,16.201687796500686,75-100%
39.5,20.012527714250425,-19.487472285749575,19.487472285749575,75-100%
39.5,20.012527714250425,-19.487472285749575,19.487472285749575,75-100%
39.5,23.976355265703578,-15.523644734296422,15.523644734296422,75-100%
61.0,23.976355265703578,-37.023644734296425,37.023644734296425,75-100%
61.0,20.704361098693795,-40.295638901306205,40.295638901306205,75-100%
38.0,24.58541060720221,-13.41458939279779,13.41458939279779,75-100%
38.0,24.58541060720221,-13.41458939279779,13.41458939279779,75-100%
38.0,20.75263669909307,-17.24736330090693,17.24736330090693,75-100%
38.0,21.83821354759748,-16.16178645240252,16.16178645240252,75-100%
38.0,21.798312203499314,-16.201687796500686,16.201687796500686,75-100%
38.0,21.798312203499314,-16.201687796500686,16.201687796500686,75-100%
39.5,18.784299505181618,-20.715700494818382,20.715700494818382,75-100%
39.5,20.458259147676017,-19.041740852323983,19.041740852323983,75-100%
39.5,21.422144498370976,-18.077855501629024,18.077855501629024,75-100%
38.0,24.51964863320118,-13.480351366798821,13.480351366798821,75-100%
38.0,23.43462920010156,-14.565370799898439,14.565370799898439,75-100%
38.0,21.538405778637433,-16.461594221362567,16.461594221362567,75-100%
38.0,21.798312203499314,-16.201687796500686,16.201687796500686,75-100%
38.0,21.911240171192627,-16.088759828807373,16.088759828807373,75-100%
39.5,18.784299505181618,-20.715700494818382,20.715700494818382,75-100%
39.5,20.012527714250425,-19.487472285749575,19.487472285749575,75-100%
39.5,21.32086704432667,-18.17913295567333,18.17913295567333,75-100%
39.5,20.012527714250425,-19.487472285749575,19.487472285749575,75-100%
38.0,24.61306581287105,-13.38693418712895,13.38693418712895,75-100%
38.0,24.61306581287105,-13.38693418712895,13.38693418712895,75-100%
38.0,24.58541060720221,-13.41458939279779,13.41458939279779,75-100%
38.0,21.690668166167328,-16.309331833832672,16.309331833832672,75-100%
18.0,18.88896798151135,0.8889679815113496,0.8889679815113496,75-100%
39.5,18.784299505181618,-20.715700494818382,20.715700494818382,75-100%
39.5,21.34326057590654,-18.15673942409346,18.15673942409346,75-100%
18.0,21.50527293160159,3.5052729316015885,3.5052729316015885,75-100%
38.0,23.221006820974395,-14.778993179025605,14.778993179025605,75-100%
38.0,27.04865262321545,-10.95134737678455,10.95134737678455,75-100%
38.0,24.58541060720221,-13.41458939279779,13.41458939279779,75-100%
38.0,24.58541060720221,-13.41458939279779,13.41458939279779,75-100%
38.0,21.12827782764715,-16.87172217235285,16.87172217235285,75-100%
18.0,18.96299299949321,0.9629929994932098,0.9629929994932098,75-100%
18.0,20.012527714250425,2.0125277142504245,2.0125277142504245,75-100%
18.0,21.508879385774815,3.508879385774815,3.508879385774815,75-100%
38.0,24.61306581287105,-13.38693418712895,13.38693418712895,75-100%
38.0,24.61306581287105,-13.38693418712895,13.38693418712895,75-100%
38.0,21.285469187504727,-16.714530812495273,16.714530812495273,75-100%
38.0,20.31760179874417,-17.68239820125583,17.68239820125583,75-100%
18.0,18.96299299949321,0.9629929994932098,0.9629929994932098,75-100%
18.0,20.012527714250425,2.0125277142504245,2.0125277142504245,75-100%
29.5,24.78397255505035,-4.716027444949649,4.716027444949649,75-100%
29.5,20.103240558373642,-9.396759441626358,9.396759441626358,75-100%
29.5,20.1682302965676,-9.3317697034324,9.3317697034324,75-100%
29.5,19.926336765442322,-9.573663234557678,9.573663234557678,75-100%
29.5,25.012234564021487,-4.487765435978513,4.487765435978513,75-100%
29.5,24.78397255505035,-4.716027444949649,4.716027444949649,75-100%
29.5,20.10851338907836,-9.391486610921639,9.391486610921639,75-100%
29.5,20.284351525985684,-9.215648474014316,9.215648474014316,75-100%
29.5,20.298228614852086,-9.201771385147914,9.201771385147914,75-100%
29.5,19.51577587776284,-9.984224122237158,9.984224122237158,75-100%
29.5,21.01126354630761,-8.48873645369239,8.48873645369239,75-100%
29.5,21.602556456722233,-7.897443543277767,7.897443543277767,75-100%
29.5,19.572721679139462,-9.927278320860538,9.927278320860538,75-100%
29.5,20.132544134489716,-9.367455865510284,9.367455865510284,75-100%
29.5,20.21969122203479,-9.28030877796521,9.28030877796521,75-100%
29.5,21.95414170503192,-7.545858294968081,7.545858294968081,75-100%
29.5,21.812035566549767,-7.687964433450233,7.687964433450233,75-100%
29.5,20.310557559166252,-9.189442440833748,9.189442440833748,75-100%
29.5,20.21969122203479,-9.28030877796521,9.28030877796521,75-100%
29.5,20.2589710321339,-9.2410289678661,9.2410289678661,75-100%
29.5,20.0883228433737,-9.4116771566263,9.4116771566263,75-100%
29.5,20.132544134489716,-9.367455865510284,9.367455865510284,75-100%
29.5,20.0883228433737,-9.4116771566263,9.4116771566263,75-100%
29.5,22.82500374771469,-6.674996252285311,6.674996252285311,75-100%
29.5,20.21969122203479,-9.28030877796521,9.28030877796521,75-100%
29.5,20.2589710321339,-9.2410289678661,9.2410289678661,75-100%
29.5,20.10851338907836,-9.391486610921639,9.391486610921639,75-100%
29.5,20.132544134489716,-9.367455865510284,9.367455865510284,75-100%
29.5,20.0883228433737,-9.4116771566263,9.4116771566263,75-100%
29.5,21.272440993915698,-8.227559006084302,8.227559006084302,75-100%
29.5,20.011408519317822,-9.488591480682178,9.488591480682178,75-100%
29.5,20.132544134489716,-9.367455865510284,9.367455865510284,75-100%
29.5,20.132544134489716,-9.367455865510284,9.367455865510284,75-100%
29.5,20.101382954390687,-9.398617045609313,9.398617045609313,75-100%
29.5,19.899526685970756,-9.600473314029244,9.600473314029244,75-100%
12.0,21.073208671804288,9.073208671804288,9.073208671804288,50-75%
12.0,19.536049106799346,7.5360491067993465,7.5360491067993465,50-75%
12.0,19.70222825771589,7.702228257715891,7.702228257715891,50-75%
12.0,20.70109358979422,8.701093589794219,8.701093589794219,50-75%
12.0,23.40902092763185,11.40902092763185,11.40902092763185,50-75%
12.0,20.72338898332604,8.72338898332604,8.72338898332604,50-75%
12.0,19.461149061520302,7.461149061520302,7.461149061520302,50-75%
12.0,19.70222825771589,7.702228257715891,7.702228257715891,50-75%
12.0,19.983294552589577,7.983294552589577,7.983294552589577,50-75%
12.0,20.697672147490156,8.697672147490156,8.697672147490156,50-75%
12.0,20.697672147490156,8.697672147490156,8.697672147490156,50-75%
12.0,21.086526237284914,9.086526237284914,9.086526237284914,50-75%
12.0,19.752463805618575,7.752463805618575,7.752463805618575,50-75%
12.0,19.752463805618575,7.752463805618575,7.752463805618575,50-75%
12.0,19.709037858535137,7.709037858535137,7.709037858535137,50-75%
12.0,20.53882402278092,8.538824022780918,8.538824022780918,50-75%
12.0,20.53882402278092,8.538824022780918,8.538824022780918,50-75%
12.0,20.636461651279063,8.636461651279063,8.636461651279063,50-75%
12.0,19.983294552589577,7.983294552589577,7.983294552589577,50-75%
12.0,19.427845799987633,7.427845799987633,7.427845799987633,50-75%
12.0,19.575280284967846,7.575280284967846,7.575280284967846,50-75%
12.0,19.54552742775908,7.54552742775908,7.54552742775908,50-75%
12.0,19.574311156149854,7.574311156149854,7.574311156149854,50-75%
12.0,19.231341162310525,7.231341162310525,7.231341162310525,50-75%
12.0,20.72911267047465,8.729112670474649,8.729112670474649,50-75%
12.0,19.3213524468138,7.321352446813801,7.321352446813801,50-75%
12.0,19.752463805618575,7.752463805618575,7.752463805618575,50-75%
12.0,18.871672572121437,6.871672572121437,6.871672572121437,50-75%
12.0,19.344771401939994,7.344771401939994,7.344771401939994,50-75%
12.0,19.431891183171853,7.431891183171853,7.431891183171853,50-75%
12.0,18.844734034853925,6.844734034853925,6.844734034853925,50-75%
19.0,19.286251511346844,0.286251511346844,0.286251511346844,75-100%
19.0,19.675714088348588,0.6757140883485881,0.6757140883485881,75-100%
12.0,17.980627088957505,5.980627088957505,5.980627088957505,50-75%
19.0,19.41048505208653,0.4104850520865284,0.4104850520865284,75-100%
19.0,19.239990200727352,0.23999020072735178,0.23999020072735178,75-100%
19.0,19.40972616893162,0.40972616893161984,0.40972616893161984,75-100%
19.0,19.40972616893162,0.40972616893161984,0.40972616893161984,75-100%
19.0,19.40972616893162,0.40972616893161984,0.40972616893161984,75-100%
19.0,19.076281524443225,0.07628152444322467,0.07628152444322467,75-100%
19.0,19.40972616893162,0.40972616893161984,0.40972616893161984,75-100%
19.0,19.40972616893162,0.40972616893161984,0.40972616893161984,75-100%
19.0,19.40972616893162,0.40972616893161984,0.40972616893161984,75-100%
15.0,20.729567335403146,5.7295673354031464,5.7295673354031464,50-75%
15.0,20.49052707188224,5.490527071882241,5.490527071882241,50-75%
17.0,19.09913713730558,2.099137137305579,2.099137137305579,75-100%
19.0,19.09913713730558,0.09913713730557916,0.09913713730557916,75-100%
19.0,19.09913713730558,0.09913713730557916,0.09913713730557916,75-100%
19.0,19.218819539335698,0.21881953933569775,0.21881953933569775,75-100%
19.0,19.09913713730558,0.09913713730557916,0.09913713730557916,75-100%
19.0,19.218819539335698,0.21881953933569775,0.21881953933569775,75-100%
19.0,20.31861278048291,1.3186127804829084,1.3186127804829084,75-100%
19.0,19.09913713730558,0.09913713730557916,0.09913713730557916,75-100%
24.0,21.843638859353355,-2.156361140646645,2.156361140646645,75-100%
24.0,20.22771209659849,-3.7722879034015087,3.7722879034015087,75-100%
24.0,20.22771209659849,-3.7722879034015087,3.7722879034015087,75-100%
24.0,20.31861278048291,-3.6813872195170916,3.6813872195170916,75-100%
17.0,19.09913713730558,2.099137137305579,2.099137137305579,75-100%
19.0,20.22771209659849,1.2277120965984913,1.2277120965984913,75-100%
19.0,19.945954154449815,0.9459541544498151,0.9459541544498151,75-100%
19.0,19.218819539335698,0.21881953933569775,0.21881953933569775,75-100%
19.0,19.09913713730558,0.09913713730557916,0.09913713730557916,75-100%
19.0,19.09913713730558,0.09913713730557916,0.09913713730557916,75-100%
24.0,21.79154561421337,-2.208454385786631,2.208454385786631,75-100%
24.0,20.22771209659849,-3.7722879034015087,3.7722879034015087,75-100%
24.0,19.09913713730558,-4.900862862694421,4.900862862694421,75-100%
24.0,20.22771209659849,-3.7722879034015087,3.7722879034015087,75-100%
22.33333333333333,20.22771209659849,-2.1056212367348373,2.1056212367348373,75-100%
17.0,20.22771209659849,3.2277120965984913,3.2277120965984913,75-100%
19.0,20.22771209659849,1.2277120965984913,1.2277120965984913,75-100%
19.0,19.40972616893162,0.40972616893161984,0.40972616893161984,75-100%
19.0,19.18520507071987,0.1852050707198707,0.1852050707198707,75-100%
19.0,19.18520507071987,0.1852050707198707,0.1852050707198707,75-100%
24.0,22.130712815135325,-1.8692871848646746,1.8692871848646746,75-100%
24.0,21.694364474687646,-2.305635525312354,2.305635525312354,75-100%
24.0,20.22771209659849,-3.7722879034015087,3.7722879034015087,75-100%
24.0,21.248553477065997,-2.7514465229340033,2.7514465229340033,75-100%
24.0,20.22771209659849,-3.7722879034015087,3.7722879034015087,75-100%
24.0,19.917813331536582,-4.082186668463418,4.082186668463418,75-100%
24.0,20.22771209659849,-3.7722879034015087,3.7722879034015087,75-100%
15.0,20.49052707188224,5.490527071882241,5.490527071882241,50-75%
19.0,20.31861278048291,1.3186127804829084,1.3186127804829084,75-100%
19.0,19.40972616893162,0.40972616893161984,0.40972616893161984,75-100%
33.0,20.579829177381484,-12.420170822618516,12.420170822618516,75-100%
24.0,20.61576611674259,-3.3842338832574086,3.3842338832574086,75-100%
24.0,20.487814689828674,-3.5121853101713256,3.5121853101713256,75-100%
24.0,20.61576611674259,-3.3842338832574086,3.3842338832574086,75-100%
24.0,20.61576611674259,-3.3842338832574086,3.3842338832574086,75-100%
24.0,18.95236828761109,-5.04763171238891,5.04763171238891,75-100%
24.0,20.31861278048291,-3.6813872195170916,3.6813872195170916,75-100%
15.0,20.49052707188224,5.490527071882241,5.490527071882241,50-75%
24.0,20.95040158143697,-3.049598418563029,3.049598418563029,75-100%
24.0,20.610061264021496,-3.389938735978504,3.389938735978504,75-100%
24.0,20.53692807674447,-3.46307192325553,3.46307192325553,75-100%
24.0,20.579829177381484,-3.420170822618516,3.420170822618516,75-100%
33.0,20.327015376417336,-12.672984623582664,12.672984623582664,75-100%
33.0,20.327015376417336,-12.672984623582664,12.672984623582664,75-100%
33.0,20.795050427278397,-12.204949572721603,12.204949572721603,75-100%
25.0,16.486269177002853,-8.513730822997147,8.513730822997147,75-100%
25.0,16.7878608560749,-8.2121391439251,8.2121391439251,75-100%
25.0,16.725305361687845,-8.274694638312155,8.274694638312155,75-100%
25.0,17.24353939561677,-7.7564606043832285,7.7564606043832285,75-100%
25.0,16.734551762067575,-8.265448237932425,8.265448237932425,75-100%
25.0,16.817202905729197,-8.182797094270803,8.182797094270803,75-100%
25.0,17.063204970249753,-7.936795029750247,7.936795029750247,75-100%
25.0,16.964807003349666,-8.035192996650334,8.035192996650334,75-100%
25.0,17.02188131177249,-7.978118688227511,7.978118688227511,75-100%
25.0,16.59626653463818,-8.403733465361821,8.403733465361821,75-100%
25.0,16.56326760452956,-8.43673239547044,8.43673239547044,75-100%
25.0,16.405058836196464,-8.594941163803536,8.594941163803536,75-100%
25.0,16.600656089087387,-8.399343910912613,8.399343910912613,75-100%
25.0,17.014953370034103,-7.985046629965897,7.985046629965897,75-100%
25.0,17.014953370034103,-7.985046629965897,7.985046629965897,75-100%
25.0,16.76004001325604,-8.239959986743958,8.239959986743958,75-100%
25.0,16.341578286060656,-8.658421713939344,8.658421713939344,75-100%
25.0,16.44155648370515,-8.558443516294851,8.558443516294851,75-100%
25.0,17.014953370034103,-7.985046629965897,7.985046629965897,75-100%
25.0,17.014953370034103,-7.985046629965897,7.985046629965897,75-100%
25.0,16.708971666740513,-8.291028333259487,8.291028333259487,75-100%
25.0,17.014953370034103,-7.985046629965897,7.985046629965897,75-100%
25.0,17.03231238507177,-7.967687614928231,7.967687614928231,75-100%
75.0,16.39816804305586,-58.60183195694414,58.60183195694414,75-100%
75.0,17.364087901309826,-57.63591209869017,57.63591209869017,75-100%
75.0,18.05603291133501,-56.94396708866499,56.94396708866499,75-100%
75.0,17.581382841076813,-57.41861715892318,57.41861715892318,75-100%
75.0,16.095926759895526,-58.90407324010447,58.90407324010447,75-100%
75.0,16.39816804305586,-58.60183195694414,58.60183195694414,75-100%
75.0,17.91885115879414,-57.08114884120586,57.08114884120586,75-100%
75.0,18.05603291133501,-56.94396708866499,56.94396708866499,75-100%
75.0,16.159556320111733,-58.84044367988827,58.84044367988827,75-100%
75.0,17.364087901309826,-57.63591209869017,57.63591209869017,75-100%
65.0,17.97928332030872,-47.020716679691276,47.020716679691276,75-100%
55.0,18.639085865058153,-36.36091413494185,36.36091413494185,75-100%
75.0,16.159556320111733,-58.84044367988827,58.84044367988827,75-100%
65.0,17.52241355271529,-47.47758644728471,47.47758644728471,75-100%
65.0,18.085321509251074,-46.914678490748926,46.914678490748926,75-100%
55.0,20.375779026331916,-34.62422097366809,34.62422097366809,75-100%
55.0,20.40468621110781,-34.59531378889219,34.59531378889219,75-100%
55.0,19.37711276128401,-35.62288723871599,35.62288723871599,75-100%
55.0,19.252736671686915,-35.74726332831308,35.74726332831308,75-100%
18.0,18.94589235570455,0.9458923557045509,0.9458923557045509,75-100%
18.0,18.387568947086088,0.3875689470860877,0.3875689470860877,75-100%
18.0,20.161772281158722,2.161772281158722,2.161772281158722,75-100%
18.0,20.87357428103207,2.87357428103207,2.87357428103207,75-100%
18.0,20.31515110421605,2.3151511042160493,2.3151511042160493,75-100%
18.0,21.466557398234784,3.4665573982347837,3.4665573982347837,75-100%
75.0,16.159556320111733,-58.84044367988827,58.84044367988827,75-100%
65.0,17.52241355271529,-47.47758644728471,47.47758644728471,75-100%
65.0,17.63200745456575,-47.36799254543425,47.36799254543425,75-100%
65.0,17.837193850710566,-47.16280614928944,47.16280614928944,75-100%
55.0,20.763690891464215,-34.236309108535785,34.236309108535785,75-100%
55.0,20.72133603345851,-34.27866396654149,34.27866396654149,75-100%
36.5,19.152693540125924,-17.347306459874076,17.347306459874076,75-100%
36.5,19.22538520316213,-17.27461479683787,17.27461479683787,75-100%
18.0,18.94589235570455,0.9458923557045509,0.9458923557045509,75-100%
18.0,20.844033859499383,2.8440338594993833,2.8440338594993833,75-100%
18.0,20.630123413818282,2.630123413818282,2.630123413818282,75-100%
18.0,20.49045832334455,2.4904583233445514,2.4904583233445514,75-100%
18.0,20.20724893472271,2.2072489347227098,2.2072489347227098,75-100%
65.0,16.54816603388894,-48.45183396611106,48.45183396611106,75-100%
65.0,17.52241355271529,-47.47758644728471,47.47758644728471,75-100%
55.0,18.48469430404444,-36.51530569595556,36.51530569595556,75-100%
55.0,20.683435411441877,-34.31656458855812,34.31656458855812,75-100%
55.0,20.600652128119016,-34.399347871880984,34.399347871880984,75-100%
55.0,19.46616292665842,-35.53383707334158,35.53383707334158,75-100%
36.5,19.171440712255496,-17.328559287744504,17.328559287744504,75-100%
36.5,19.37711276128401,-17.12288723871599,17.12288723871599,75-100%
18.0,19.21338325557459,1.2133832555745911,1.2133832555745911,75-100%
18.0,20.161772281158722,2.161772281158722,2.161772281158722,75-100%
18.0,20.758970512196296,2.7589705121962957,2.7589705121962957,75-100%
18.0,20.49045832334455,2.4904583233445514,2.4904583233445514,75-100%
18.0,20.61847345968019,2.618473459680189,2.618473459680189,75-100%
18.0,19.57678625965403,1.5767862596540283,1.5767862596540283,75-100%
55.0,18.15909390262676,-36.840906097373235,36.840906097373235,75-100%
55.0,18.732153962152264,-36.26784603784773,36.26784603784773,75-100%
55.0,18.880994140404482,-36.11900585959552,36.11900585959552,75-100%
55.0,18.824543680337733,-36.17545631966227,36.17545631966227,75-100%
18.0,19.334013495880058,1.3340134958800576,1.3340134958800576,75-100%
18.0,19.546172241621925,1.5461722416219246,1.5461722416219246,75-100%
18.0,20.830584572052476,2.8305845720524765,2.8305845720524765,75-100%
18.0,20.49045832334455,2.4904583233445514,2.4904583233445514,75-100%
18.0,20.49045832334455,2.4904583233445514,2.4904583233445514,75-100%
18.0,19.74714084044877,1.7471408404487683,1.7471408404487683,75-100%
18.0,19.708806729588908,1.7088067295889076,1.7088067295889076,75-100%
55.0,18.088049832697266,-36.911950167302734,36.911950167302734,75-100%
55.0,19.634154455601063,-35.36584554439894,35.36584554439894,75-100%
55.0,19.573957521245852,-35.42604247875415,35.42604247875415,75-100%
18.0,19.253409852461203,1.2534098524612034,1.2534098524612034,75-100%
18.0,19.334013495880058,1.3340134958800576,1.3340134958800576,75-100%
18.0,19.253409852461203,1.2534098524612034,1.2534098524612034,75-100%
18.0,21.444741881981464,3.4447418819814644,3.4447418819814644,75-100%
18.0,22.011270679348215,4.011270679348215,4.011270679348215,75-100%
18.0,20.39064728925439,2.390647289254389,2.390647289254389,75-100%
18.0,19.17954066237916,1.1795406623791607,1.1795406623791607,75-100%
18.0,19.334013495880058,1.3340134958800576,1.3340134958800576,75-100%
18.0,19.31180471902642,1.3118047190264193,1.3118047190264193,75-100%
25.0,19.530096214247962,-5.469903785752038,5.469903785752038,75-100%
25.0,20.18085514728548,-4.819144852714519,4.819144852714519,75-100%
25.0,20.315115042540917,-4.684884957459083,4.684884957459083,75-100%
25.0,18.995123769140765,-6.004876230859235,6.004876230859235,75-100%
25.0,19.328342961289653,-5.671657038710347,5.671657038710347,75-100%
25.0,19.328342961289653,-5.671657038710347,5.671657038710347,75-100%
25.0,19.712675046932215,-5.287324953067785,5.287324953067785,75-100%
25.0,20.18085514728548,-4.819144852714519,4.819144852714519,75-100%
25.0,20.288741700442515,-4.711258299557485,4.711258299557485,75-100%
25.0,19.080746299571622,-5.919253700428378,5.919253700428378,75-100%
25.0,18.995123769140765,-6.004876230859235,6.004876230859235,75-100%
25.0,19.241664700539502,-5.758335299460498,5.758335299460498,75-100%
25.0,19.554456189790585,-5.445543810209415,5.445543810209415,75-100%
25.0,20.50815980938446,-4.491840190615541,4.491840190615541,75-100%
25.0,20.50815980938446,-4.491840190615541,4.491840190615541,75-100%
25.0,20.310930997292687,-4.689069002707313,4.689069002707313,75-100%
25.0,19.89269040292877,-5.107309597071229,5.107309597071229,75-100%
18.5,19.39002161717339,0.8900216171733888,0.8900216171733888,75-100%
18.5,19.39002161717339,0.8900216171733888,0.8900216171733888,75-100%
18.5,19.77505555405058,1.2750555540505815,1.2750555540505815,75-100%
18.5,19.64370479911401,1.1437047991140084,1.1437047991140084,75-100%
30.0,19.776154617777863,-10.223845382222137,10.223845382222137,75-100%
30.0,19.776154617777863,-10.223845382222137,10.223845382222137,75-100%
30.0,19.01435955318476,-10.985640446815239,10.985640446815239,75-100%
25.0,20.50815980938446,-4.491840190615541,4.491840190615541,75-100%
25.0,20.395470582502362,-4.604529417497638,4.604529417497638,75-100%
18.5,20.85674759037984,2.3567475903798396,2.3567475903798396,75-100%
18.5,19.347354105109698,0.847354105109698,0.847354105109698,75-100%
18.5,19.641431659880734,1.141431659880734,1.141431659880734,75-100%
22.33333333333333,19.34309646438903,-2.9902368689442973,2.9902368689442973,75-100%
21.0,19.435602456103318,-1.564397543896682,1.564397543896682,75-100%
30.0,19.775578981306303,-10.224421018693697,10.224421018693697,75-100%
30.0,19.910071288470792,-10.089928711529208,10.089928711529208,75-100%
30.0,19.64370479911401,-10.356295200885992,10.356295200885992,75-100%
30.0,19.01435955318476,-10.985640446815239,10.985640446815239,75-100%
30.0,19.74809626950098,-10.25190373049902,10.25190373049902,75-100%
25.0,19.574215395796948,-5.425784604203052,5.425784604203052,75-100%
18.5,20.69779925997284,2.1977992599728395,2.1977992599728395,75-100%
18.5,20.557697188489097,2.0576971884890973,2.0576971884890973,75-100%
18.5,20.32148852673437,1.8214885267343703,1.8214885267343703,75-100%
18.5,18.898176025705837,0.3981760257058369,0.3981760257058369,75-100%
18.5,19.303080364076663,0.8030803640766635,0.8030803640766635,75-100%
22.33333333333333,19.27314227712586,-3.0601910562074686,3.0601910562074686,75-100%
21.0,19.77505555405058,-1.2249444459494185,1.2249444459494185,75-100%
21.0,19.641431659880734,-1.358568340119266,1.358568340119266,75-100%
30.0,19.523111191401625,-10.476888808598375,10.476888808598375,75-100%
30.0,19.523111191401625,-10.476888808598375,10.476888808598375,75-100%
30.0,19.656489555800484,-10.343510444199516,10.343510444199516,75-100%
30.0,19.74582888488581,-10.25417111511419,10.25417111511419,75-100%
18.5,20.300784897279485,1.8007848972794847,1.8007848972794847,75-100%
18.5,20.465777069784146,1.9657770697841457,1.9657770697841457,75-100%
18.5,20.378758511981594,1.8787585119815944,1.8787585119815944,75-100%
18.5,20.465777069784146,1.9657770697841457,1.9657770697841457,75-100%
21.0,19.303080364076663,-1.6969196359233365,1.6969196359233365,75-100%
21.0,19.553418416544638,-1.4465815834553624,1.4465815834553624,75-100%
21.0,19.782518727280028,-1.2174812727199722,1.2174812727199722,75-100%
30.0,19.70013721763961,-10.299862782360389,10.299862782360389,75-100%
30.0,19.917055959423408,-10.082944040576592,10.082944040576592,75-100%
30.0,19.9175829643775,-10.082417035622498,10.082417035622498,75-100%
30.0,19.828392236244774,-10.171607763755226,10.171607763755226,75-100%
12.0,18.87656630646749,6.876566306467488,6.876566306467488,50-75%
12.0,18.87656630646749,6.876566306467488,6.876566306467488,50-75%
12.0,18.742960111645427,6.742960111645427,6.742960111645427,50-75%
12.0,18.922449025734593,6.922449025734593,6.922449025734593,50-75%
12.0,16.665674361085024,4.665674361085024,4.665674361085024,50-75%
21.0,19.18669938722244,-1.8133006127775602,1.8133006127775602,75-100%
21.0,19.782518727280028,-1.2174812727199722,1.2174812727199722,75-100%
30.0,19.917055959423408,-10.082944040576592,10.082944040576592,75-100%
30.0,19.828392236244774,-10.171607763755226,10.171607763755226,75-100%
30.0,19.789907998674064,-10.210092001325936,10.210092001325936,75-100%
30.0,19.789907998674064,-10.210092001325936,10.210092001325936,75-100%
12.0,18.842943608697215,6.842943608697215,6.842943608697215,50-75%
12.0,18.79599013499078,6.795990134990781,6.795990134990781,50-75%
12.0,18.723789267640726,6.723789267640726,6.723789267640726,50-75%
12.0,16.210797858587895,4.210797858587895,4.210797858587895,50-75%
21.0,18.993593000838803,-2.0064069991611966,2.0064069991611966,75-100%
19.33333333333333,17.066189054797363,-2.267144278535966,2.267144278535966,75-100%
23.0,17.25596634605033,-5.744033653949671,5.744033653949671,75-100%
23.0,17.300265851420967,-5.699734148579033,5.699734148579033,75-100%
30.0,20.003993253077347,-9.996006746922653,9.996006746922653,75-100%
12.0,16.239006621554147,4.239006621554147,4.239006621554147,50-75%
12.0,19.589781313319563,7.589781313319563,7.589781313319563,50-75%
16.0,16.943969682716588,0.9439696827165882,0.9439696827165882,75-100%
16.0,17.000297199397775,1.0002971993977745,1.0002971993977745,75-100%
16.0,17.25596634605033,1.2559663460503288,1.2559663460503288,75-100%
23.0,17.393859394223213,-5.606140605776787,5.606140605776787,75-100%
14.0,16.44157352471548,2.44157352471548,2.44157352471548,50-75%
14.0,16.22166695116833,2.2216669511683307,2.2216669511683307,50-75%
14.0,15.95410999955209,1.9541099995520899,1.9541099995520899,50-75%
14.0,16.00658918650842,2.006589186508421,2.006589186508421,50-75%
16.0,16.559233157644314,0.5592331576443144,0.5592331576443144,75-100%
16.0,17.342692260317165,1.3426922603171647,1.3426922603171647,75-100%
16.0,17.26594668532903,1.2659466853290304,1.2659466853290304,75-100%
16.0,17.300265851420967,1.300265851420967,1.300265851420967,75-100%
16.0,17.227723945050293,1.2277239450502933,1.2277239450502933,75-100%
16.0,16.94554148651162,0.945541486511619,0.945541486511619,75-100%
16.0,16.94554148651162,0.945541486511619,0.945541486511619,75-100%
14.0,16.39485057502273,2.39485057502273,2.39485057502273,50-75%
14.0,16.44157352471548,2.44157352471548,2.44157352471548,50-75%
14.0,16.336256192131174,2.3362561921311737,2.3362561921311737,50-75%
14.0,16.625984061518572,2.6259840615185723,2.6259840615185723,50-75%
14.0,16.666622795369463,2.666622795369463,2.666622795369463,50-75%
16.0,16.87075284785304,0.8707528478530406,0.8707528478530406,75-100%
16.0,17.384192694957157,1.3841926949571572,1.3841926949571572,75-100%
16.0,17.409879630247517,1.4098796302475165,1.4098796302475165,75-100%
16.0,17.36189759102661,1.3618975910266116,1.3618975910266116,75-100%
16.0,17.05938268407466,1.0593826840746594,1.0593826840746594,75-100%
16.0,17.300265851420967,1.300265851420967,1.300265851420967,75-100%
14.0,16.657084308650166,2.657084308650166,2.657084308650166,50-75%
14.0,16.679259450229832,2.679259450229832,2.679259450229832,50-75%
14.0,16.299294858256246,2.2992948582562462,2.2992948582562462,50-75%
14.0,16.625984061518572,2.6259840615185723,2.6259840615185723,50-75%
14.0,17.034963684795322,3.034963684795322,3.034963684795322,50-75%
14.0,16.972927297932635,2.9729272979326353,2.9729272979326353,50-75%
16.0,17.0365697113968,1.036569711396801,1.036569711396801,75-100%
16.0,17.258448979604722,1.2584489796047222,1.2584489796047222,75-100%
16.0,17.21906323653492,1.2190632365349217,1.2190632365349217,75-100%
16.0,17.300265851420967,1.300265851420967,1.300265851420967,75-100%
16.0,17.334141507757597,1.3341415077575967,1.3341415077575967,75-100%
14.0,16.657084308650166,2.657084308650166,2.657084308650166,50-75%
14.0,16.61657285721684,2.616572857216841,2.616572857216841,50-75%
14.0,16.95806419092772,2.9580641909277183,2.9580641909277183,50-75%
14.0,17.034963684795322,3.034963684795322,3.034963684795322,50-75%
14.0,16.972927297932635,2.9729272979326353,2.9729272979326353,50-75%
16.0,17.258954873046065,1.258954873046065,1.258954873046065,75-100%
16.0,16.977658639858927,0.9776586398589266,0.9776586398589266,75-100%
16.0,17.000297199397775,1.0002971993977745,1.0002971993977745,75-100%
14.0,16.61657285721684,2.616572857216841,2.616572857216841,50-75%
14.0,17.034963684795322,3.034963684795322,3.034963684795322,50-75%
14.0,17.15171440821816,3.1517144082181616,3.1517144082181616,50-75%
14.0,16.991804888756047,2.9918048887560467,2.9918048887560467,50-75%
14.0,16.684322776539183,2.684322776539183,2.684322776539183,50-75%
14.0,17.068848866046704,3.0688488660467037,3.0688488660467037,50-75%
14.0,17.068848866046704,3.0688488660467037,3.0688488660467037,50-75%
14.0,17.185818947794495,3.1858189477944947,3.1858189477944947,50-75%
21.0,17.60057414308814,-3.3994258569118614,3.3994258569118614,75-100%
21.0,18.07481443933437,-2.9251855606656285,2.9251855606656285,75-100%
21.0,18.79353909036985,-2.206460909630149,2.206460909630149,75-100%
21.0,17.309048035452726,-3.690951964547274,3.690951964547274,75-100%
21.0,17.60057414308814,-3.3994258569118614,3.3994258569118614,75-100%
21.0,19.191695728914112,-1.8083042710858876,1.8083042710858876,75-100%
21.0,17.377192728094144,-3.622807271905856,3.622807271905856,75-100%
21.0,18.78334148189873,-2.2166585181012692,2.2166585181012692,75-100%
21.0,19.27131301969714,-1.7286869803028608,1.7286869803028608,75-100%
21.0,17.377192728094144,-3.622807271905856,3.622807271905856,75-100%
21.0,18.78334148189873,-2.2166585181012692,2.2166585181012692,75-100%
21.0,19.38456984208685,-1.6154301579131491,1.6154301579131491,75-100%
21.0,17.377192728094144,-3.622807271905856,3.622807271905856,75-100%
21.0,18.78334148189873,-2.2166585181012692,2.2166585181012692,75-100%
21.0,18.900396075160604,-2.0996039248393963,2.0996039248393963,75-100%
21.0,18.9326952141045,-2.0673047858955016,2.0673047858955016,75-100%
21.0,17.60057414308814,-3.3994258569118614,3.3994258569118614,75-100%
21.0,18.78334148189873,-2.2166585181012692,2.2166585181012692,75-100%
33.0,17.944669988675308,-15.055330011324692,15.055330011324692,75-100%
33.0,17.735222822553293,-15.264777177446707,15.264777177446707,75-100%
33.0,17.859010554612656,-15.140989445387344,15.140989445387344,75-100%
33.0,17.58890641469275,-15.411093585307249,15.411093585307249,75-100%
33.0,17.87557409624883,-15.12442590375117,15.12442590375117,75-100%
33.0,17.893920504314142,-15.106079495685858,15.106079495685858,75-100%
29.0,17.978174408284275,-11.021825591715725,11.021825591715725,75-100%
25.0,18.110362680610802,-6.889637319389198,6.889637319389198,75-100%
25.0,18.140929077780637,-6.859070922219363,6.859070922219363,75-100%
33.0,17.859010554612656,-15.140989445387344,15.140989445387344,75-100%
33.0,17.98492214098724,-15.01507785901276,15.01507785901276,75-100%
33.0,17.840698044868372,-15.159301955131628,15.159301955131628,75-100%
33.0,17.69500996168058,-15.30499003831942,15.30499003831942,75-100%
29.0,18.101512329043274,-10.898487670956726,10.898487670956726,75-100%
29.0,18.020065165861702,-10.979934834138298,10.979934834138298,75-100%
25.0,18.251823446243613,-6.748176553756387,6.748176553756387,75-100%
25.0,18.110362680610802,-6.889637319389198,6.889637319389198,75-100%
25.0,18.05931384506032,-6.94068615493968,6.94068615493968,75-100%
25.0,17.99551983276939,-7.004480167230611,7.004480167230611,75-100%
33.0,17.62242041110961,-15.377579588890391,15.377579588890391,75-100%
33.0,17.98492214098724,-15.01507785901276,15.01507785901276,75-100%
33.0,17.909666270084195,-15.090333729915805,15.090333729915805,75-100%
33.0,17.963401824696774,-15.036598175303226,15.036598175303226,75-100%
33.0,17.963401824696774,-15.036598175303226,15.036598175303226,75-100%
29.0,17.575447692553382,-11.424552307446618,11.424552307446618,75-100%
29.0,18.225167437080238,-10.774832562919762,10.774832562919762,75-100%
25.0,18.441974950426896,-6.558025049573104,6.558025049573104,75-100%
25.0,18.26483935316978,-6.73516064683022,6.73516064683022,75-100%
25.0,18.05931384506032,-6.94068615493968,6.94068615493968,75-100%
25.0,18.140929077780637,-6.859070922219363,6.859070922219363,75-100%
33.0,18.169521045225657,-14.830478954774343,14.830478954774343,75-100%
33.0,17.496243622565387,-15.503756377434613,15.503756377434613,75-100%
29.0,16.011946763121227,-12.988053236878773,12.988053236878773,75-100%
29.0,17.963401824696774,-11.036598175303226,11.036598175303226,75-100%
29.0,18.376234969192865,-10.623765030807135,10.623765030807135,75-100%
25.0,18.3169253496463,-6.683074650353699,6.683074650353699,75-100%
25.0,18.39004029075516,-6.6099597092448406,6.6099597092448406,75-100%
25.0,18.26532473054787,-6.734675269452129,6.734675269452129,75-100%
25.0,18.05931384506032,-6.94068615493968,6.94068615493968,75-100%
33.0,17.28343897638038,-15.716561023619619,15.716561023619619,75-100%
33.0,17.766848233832107,-15.233151766167893,15.233151766167893,75-100%
29.0,16.08475234111108,-12.91524765888892,12.91524765888892,75-100%
29.0,17.963401824696774,-11.036598175303226,11.036598175303226,75-100%
25.0,17.704830861099808,-7.295169138900192,7.295169138900192,75-100%
25.0,18.147734678273324,-6.8522653217266765,6.8522653217266765,75-100%
25.0,18.183179085739994,-6.816820914260006,6.816820914260006,75-100%
25.0,17.536773728578808,-7.463226271421192,7.463226271421192,75-100%
25.0,16.366142237958435,-8.633857762041565,8.633857762041565,75-100%
25.0,17.13511824402506,-7.864881755974942,7.864881755974942,75-100%
25.0,18.147734678273324,-6.8522653217266765,6.8522653217266765,75-100%
22.0,17.307154118640966,-4.692845881359034,4.692845881359034,75-100%
25.0,17.42943260035523,-7.570567399644769,7.570567399644769,75-100%
25.0,17.42943260035523,-7.570567399644769,7.570567399644769,75-100%
25.0,17.328123205696187,-7.671876794303813,7.671876794303813,75-100%
25.0,17.328123205696187,-7.671876794303813,7.671876794303813,75-100%
22.0,17.18940361645165,-4.810596383548351,4.810596383548351,75-100%
22.0,17.18940361645165,-4.810596383548351,4.810596383548351,75-100%
22.0,17.307154118640966,-4.692845881359034,4.692845881359034,75-100%
22.0,17.5975168332867,-4.402483166713299,4.402483166713299,75-100%
22.0,17.404652696019713,-4.595347303980287,4.595347303980287,75-100%
25.0,17.351313475293512,-7.648686524706488,7.648686524706488,75-100%
25.0,17.42943260035523,-7.570567399644769,7.570567399644769,75-100%
25.0,17.42943260035523,-7.570567399644769,7.570567399644769,75-100%
25.0,17.24348719249108,-7.756512807508919,7.756512807508919,75-100%
25.0,17.362050428833406,-7.637949571166594,7.637949571166594,75-100%
25.0,17.126146192099718,-7.873853807900282,7.873853807900282,75-100%
22.0,16.974254070285227,-5.025745929714773,5.025745929714773,75-100%
22.0,17.111845604342207,-4.888154395657793,4.888154395657793,75-100%
22.0,17.477898735771262,-4.522101264228738,4.522101264228738,75-100%
22.0,17.477898735771262,-4.522101264228738,4.522101264228738,75-100%
22.0,17.5975168332867,-4.402483166713299,4.402483166713299,75-100%
22.0,17.5975168332867,-4.402483166713299,4.402483166713299,75-100%
25.0,17.232819567154216,-7.767180432845784,7.767180432845784,75-100%
25.0,17.160545016573785,-7.839454983426215,7.839454983426215,75-100%
25.0,17.493044687106785,-7.506955312893215,7.506955312893215,75-100%
25.0,17.048857904066303,-7.951142095933697,7.951142095933697,75-100%
25.0,17.126146192099718,-7.873853807900282,7.873853807900282,75-100%
25.0,17.126146192099718,-7.873853807900282,7.873853807900282,75-100%
25.0,17.094145958839746,-7.905854041160254,7.905854041160254,75-100%
25.0,17.045674880804828,-7.954325119195172,7.954325119195172,75-100%
22.0,16.72004175323601,-5.279958246763989,5.279958246763989,75-100%
22.0,17.111845604342207,-4.888154395657793,4.888154395657793,75-100%
22.0,17.39911060592792,-4.60088939407208,4.60088939407208,75-100%
22.0,17.477898735771262,-4.522101264228738,4.522101264228738,75-100%
22.0,17.33752638009069,-4.66247361990931,4.66247361990931,75-100%
22.0,17.39911060592792,-4.60088939407208,4.60088939407208,75-100%
22.0,17.39911060592792,-4.60088939407208,4.60088939407208,75-100%
25.0,17.116922386266317,-7.883077613733683,7.883077613733683,75-100%
25.0,17.160545016573785,-7.839454983426215,7.839454983426215,75-100%
25.0,17.232819567154216,-7.767180432845784,7.767180432845784,75-100%
25.0,17.048857904066303,-7.951142095933697,7.951142095933697,75-100%
25.0,17.228400340038505,-7.771599659961495,7.771599659961495,75-100%
25.0,17.048857904066303,-7.951142095933697,7.951142095933697,75-100%
25.0,17.048857904066303,-7.951142095933697,7.951142095933697,75-100%
25.0,17.048857904066303,-7.951142095933697,7.951142095933697,75-100%
22.0,16.86236332579153,-5.137636674208469,5.137636674208469,75-100%
22.0,16.98876721984368,-5.01123278015632,5.01123278015632,75-100%
22.0,17.39911060592792,-4.60088939407208,4.60088939407208,75-100%
22.0,17.39911060592792,-4.60088939407208,4.60088939407208,75-100%
22.0,17.477898735771262,-4.522101264228738,4.522101264228738,75-100%
22.0,17.39911060592792,-4.60088939407208,4.60088939407208,75-100%
25.0,17.622002322508695,-7.3779976774913045,7.3779976774913045,75-100%
25.0,17.310895610406238,-7.689104389593762,7.689104389593762,75-100%
25.0,17.126146192099718,-7.873853807900282,7.873853807900282,75-100%
25.0,17.126146192099718,-7.873853807900282,7.873853807900282,75-100%
25.0,17.048857904066303,-7.951142095933697,7.951142095933697,75-100%
25.0,17.048857904066303,-7.951142095933697,7.951142095933697,75-100%
22.0,17.41433874782694,-4.585661252173061,4.585661252173061,75-100%
22.0,17.217886742270814,-4.782113257729186,4.782113257729186,75-100%
22.0,17.39911060592792,-4.60088939407208,4.60088939407208,75-100%
22.0,16.87573236067712,-5.1242676393228805,5.1242676393228805,75-100%
22.0,17.39911060592792,-4.60088939407208,4.60088939407208,75-100%
22.0,17.39911060592792,-4.60088939407208,4.60088939407208,75-100%
25.0,16.740400748947163,-8.259599251052837,8.259599251052837,75-100%
25.0,17.24348719249108,-7.756512807508919,7.756512807508919,75-100%
25.0,17.24348719249108,-7.756512807508919,7.756512807508919,75-100%
25.0,17.475821241929452,-7.524178758070548,7.524178758070548,75-100%
25.0,17.475821241929452,-7.524178758070548,7.524178758070548,75-100%
22.0,17.41433874782694,-4.585661252173061,4.585661252173061,75-100%
22.0,17.29589884061968,-4.704101159380318,4.704101159380318,75-100%
15.0,13.393294613086692,-1.6067053869133083,1.6067053869133083,50-75%
15.0,13.40793937565082,-1.5920606243491804,1.5920606243491804,50-75%
15.0,12.391549344807249,-2.608450655192751,2.608450655192751,50-75%
15.0,12.589203096071957,-2.410796903928043,2.410796903928043,50-75%
15.0,12.589203096071957,-2.410796903928043,2.410796903928043,50-75%
15.0,13.505363437295635,-1.4946365627043647,1.4946365627043647,50-75%
15.0,13.69640185801562,-1.3035981419843807,1.3035981419843807,50-75%
15.0,13.49400848442072,-1.5059915155792805,1.5059915155792805,50-75%
15.0,13.393294613086692,-1.6067053869133083,1.6067053869133083,50-75%
15.0,12.589203096071957,-2.410796903928043,2.410796903928043,50-75%
15.0,12.023641552535505,-2.976358447464495,2.976358447464495,50-75%
15.0,13.393294613086692,-1.6067053869133083,1.6067053869133083,50-75%
15.0,13.675983094396473,-1.3240169056035267,1.3240169056035267,50-75%
15.0,12.589203096071957,-2.410796903928043,2.410796903928043,50-75%
15.0,12.25352308833284,-2.746476911667161,2.746476911667161,50-75%
15.0,13.337869595196032,-1.6621304048039676,1.6621304048039676,50-75%
15.0,13.505363437295635,-1.4946365627043647,1.4946365627043647,50-75%
15.0,13.16812097302147,-1.8318790269785303,1.8318790269785303,50-75%
15.0,12.92474538737096,-2.07525461262904,2.07525461262904,50-75%
15.0,11.757898382026701,-3.242101617973299,3.242101617973299,50-75%
15.0,11.867316178826547,-3.132683821173453,3.132683821173453,50-75%
15.0,13.009230174166046,-1.9907698258339543,1.9907698258339543,50-75%
15.0,12.92474538737096,-2.07525461262904,2.07525461262904,50-75%
4.0,11.91790994253644,7.91790994253644,7.91790994253644,0-25%
4.0,11.394070452972827,7.3940704529728265,7.3940704529728265,0-25%
4.0,11.394070452972827,7.3940704529728265,7.3940704529728265,0-25%
4.0,12.219103889893452,8.219103889893452,8.219103889893452,0-25%
4.0,12.47567791981588,8.47567791981588,8.47567791981588,0-25%
4.0,11.180955432063968,7.180955432063968,7.180955432063968,0-25%
4.0,12.716699588156546,8.716699588156546,8.716699588156546,0-25%
4.0,13.17432483363838,9.17432483363838,9.17432483363838,0-25%
4.0,12.114738911907626,8.114738911907626,8.114738911907626,0-25%
4.0,12.219103889893452,8.219103889893452,8.219103889893452,0-25%
5.0,12.62749306939694,7.627493069396939,7.627493069396939,0-25%
5.0,12.157832172725895,7.157832172725895,7.157832172725895,0-25%
5.0,12.140455306219334,7.140455306219334,7.140455306219334,0-25%
5.0,13.774731937254442,8.774731937254442,8.774731937254442,0-25%
4.0,13.17432483363838,9.17432483363838,9.17432483363838,0-25%
4.0,12.366140678092316,8.366140678092316,8.366140678092316,0-25%
5.0,12.62556859445132,7.62556859445132,7.62556859445132,0-25%
5.0,11.507438732203848,6.507438732203848,6.507438732203848,0-25%
5.0,12.766910913881361,7.766910913881361,7.766910913881361,0-25%
5.0,11.394070452972827,6.3940704529728265,6.3940704529728265,0-25%
5.0,12.157832172725895,7.157832172725895,7.157832172725895,0-25%
5.0,13.19696427384288,8.19696427384288,8.19696427384288,0-25%
5.0,12.31809336330018,7.31809336330018,7.31809336330018,0-25%
5.0,11.836469334941647,6.836469334941647,6.836469334941647,0-25%
5.0,11.394070452972827,6.3940704529728265,6.3940704529728265,0-25%
5.0,11.244689798833726,6.2446897988337255,6.2446897988337255,0-25%
5.0,11.979250058850328,6.979250058850328,6.979250058850328,0-25%
5.0,12.31809336330018,7.31809336330018,7.31809336330018,0-25%
5.5,12.114002038941143,6.614002038941143,6.614002038941143,25-50%
5.0,12.19737725510547,7.19737725510547,7.19737725510547,0-25%
5.0,11.836469334941647,6.836469334941647,6.836469334941647,0-25%
5.0,11.979250058850328,6.979250058850328,6.979250058850328,0-25%
5.0,11.646559631403631,6.6465596314036315,6.6465596314036315,0-25%
5.0,11.494978873672721,6.494978873672721,6.494978873672721,0-25%
5.5,12.074084628376008,6.574084628376008,6.574084628376008,25-50%
5.5,12.19367298173124,6.69367298173124,6.69367298173124,25-50%
5.5,11.984378109561604,6.484378109561604,6.484378109561604,25-50%
5.0,12.106824776313465,7.106824776313465,7.106824776313465,0-25%
5.5,11.646559631403631,6.1465596314036315,6.1465596314036315,25-50%
5.5,11.528412856790265,6.028412856790265,6.028412856790265,25-50%
5.5,11.461125714642943,5.961125714642943,5.961125714642943,25-50%
5.5,11.138774415154822,5.638774415154822,5.638774415154822,25-50%
5.5,11.483110626481285,5.9831106264812846,5.9831106264812846,25-50%
5.5,12.668168594258432,7.168168594258432,7.168168594258432,25-50%
5.5,11.979250058850328,6.479250058850328,6.479250058850328,25-50%
5.5,11.35600226416544,5.85600226416544,5.85600226416544,25-50%
5.0,11.461125714642943,6.461125714642943,6.461125714642943,0-25%
5.0,12.46623121662089,7.466231216620891,7.466231216620891,0-25%
5.0,12.668168594258432,7.668168594258432,7.668168594258432,0-25%
5.0,11.71654838461609,6.71654838461609,6.71654838461609,0-25%
5.0,11.494978873672721,6.494978873672721,6.494978873672721,0-25%
12.0,18.3550820083497,6.355082008349701,6.355082008349701,50-75%
12.0,17.9868168671816,5.986816867181599,5.986816867181599,50-75%
12.0,17.82995370114744,5.8299537011474385,5.8299537011474385,50-75%
12.0,17.82995370114744,5.8299537011474385,5.8299537011474385,50-75%
12.0,18.151057171936927,6.151057171936927,6.151057171936927,50-75%
12.0,18.198008230342367,6.198008230342367,6.198008230342367,50-75%
12.0,18.408173078580095,6.408173078580095,6.408173078580095,50-75%
12.0,17.9868168671816,5.986816867181599,5.986816867181599,50-75%
12.0,18.88029487694985,6.880294876949851,6.880294876949851,50-75%
12.0,17.9868168671816,5.986816867181599,5.986816867181599,50-75%
12.0,18.198008230342367,6.198008230342367,6.198008230342367,50-75%
12.0,18.198008230342367,6.198008230342367,6.198008230342367,50-75%
12.0,18.198008230342367,6.198008230342367,6.198008230342367,50-75%
12.0,18.75332559995893,6.753325599958931,6.753325599958931,50-75%
12.0,18.102285511328784,6.102285511328784,6.102285511328784,50-75%
12.0,18.75332559995893,6.753325599958931,6.753325599958931,50-75%
15.0,18.12416536556712,3.1241653655671193,3.1241653655671193,50-75%
15.0,18.12416536556712,3.1241653655671193,3.1241653655671193,50-75%
15.0,18.12416536556712,3.1241653655671193,3.1241653655671193,50-75%
15.0,18.12416536556712,3.1241653655671193,3.1241653655671193,50-75%
15.0,17.833139608906578,2.8331396089065777,2.8331396089065777,50-75%
15.0,17.698889828965097,2.698889828965097,2.698889828965097,50-75%
15.0,18.101932704552627,3.1019327045526275,3.1019327045526275,50-75%
15.0,17.833139608906578,2.8331396089065777,2.8331396089065777,50-75%
15.0,17.913786324970467,2.9137863249704665,2.9137863249704665,50-75%
15.0,17.913786324970467,2.9137863249704665,2.9137863249704665,50-75%
15.0,18.020483748926978,3.020483748926978,3.020483748926978,50-75%
15.0,17.79678769677676,2.796787696776761,2.796787696776761,50-75%
15.0,17.698889828965097,2.698889828965097,2.698889828965097,50-75%
15.0,17.833139608906578,2.8331396089065777,2.8331396089065777,50-75%
15.0,17.833139608906578,2.8331396089065777,2.8331396089065777,50-75%
15.0,18.020483748926978,3.020483748926978,3.020483748926978,50-75%
15.0,17.833139608906578,2.8331396089065777,2.8331396089065777,50-75%
15.0,17.833139608906578,2.8331396089065777,2.8331396089065777,50-75%
15.0,15.15252826590912,0.15252826590912072,0.15252826590912072,50-75%
15.0,13.082776987989874,-1.9172230120101261,1.9172230120101261,50-75%
15.0,13.082776987989874,-1.9172230120101261,1.9172230120101261,50-75%
15.0,18.020483748926978,3.020483748926978,3.020483748926978,50-75%
15.0,18.12416536556712,3.1241653655671193,3.1241653655671193,50-75%
15.0,17.913786324970467,2.9137863249704665,2.9137863249704665,50-75%
15.0,17.913786324970467,2.9137863249704665,2.9137863249704665,50-75%
15.0,17.913786324970467,2.9137863249704665,2.9137863249704665,50-75%
15.0,17.833139608906578,2.8331396089065777,2.8331396089065777,50-75%
15.0,17.833139608906578,2.8331396089065777,2.8331396089065777,50-75%
15.0,13.082776987989874,-1.9172230120101261,1.9172230120101261,50-75%
15.0,13.14308184106941,-1.8569181589305899,1.8569181589305899,50-75%
15.0,13.082776987989874,-1.9172230120101261,1.9172230120101261,50-75%
15.0,13.515140968631263,-1.484859031368737,1.484859031368737,50-75%
15.0,13.45324968825981,-1.5467503117401904,1.5467503117401904,50-75%
15.0,13.35910859781913,-1.6408914021808698,1.6408914021808698,50-75%
15.0,18.101932704552627,3.1019327045526275,3.1019327045526275,50-75%
15.0,18.12416536556712,3.1241653655671193,3.1241653655671193,50-75%
15.0,17.452468785882186,2.4524687858821856,2.4524687858821856,50-75%
15.0,18.12416536556712,3.1241653655671193,3.1241653655671193,50-75%
15.0,18.12416536556712,3.1241653655671193,3.1241653655671193,50-75%
15.0,15.673634708514362,0.6736347085143617,0.6736347085143617,50-75%
15.0,15.673634708514362,0.6736347085143617,0.6736347085143617,50-75%
15.0,13.14308184106941,-1.8569181589305899,1.8569181589305899,50-75%
15.0,13.67659364545855,-1.3234063545414507,1.3234063545414507,50-75%
15.0,13.67659364545855,-1.3234063545414507,1.3234063545414507,50-75%
15.0,13.35910859781913,-1.6408914021808698,1.6408914021808698,50-75%
15.0,13.411671524803811,-1.5883284751961888,1.5883284751961888,50-75%
15.0,13.161108783001243,-1.838891216998757,1.838891216998757,50-75%
15.0,18.101932704552627,3.1019327045526275,3.1019327045526275,50-75%
15.0,18.12416536556712,3.1241653655671193,3.1241653655671193,50-75%
15.0,17.452468785882186,2.4524687858821856,2.4524687858821856,50-75%
15.0,15.490213199330384,0.490213199330384,0.490213199330384,50-75%
15.0,15.31294953608043,0.3129495360804295,0.3129495360804295,50-75%
15.0,15.490213199330384,0.490213199330384,0.490213199330384,50-75%
15.0,13.515140968631263,-1.484859031368737,1.484859031368737,50-75%
15.0,13.551586344784534,-1.4484136552154663,1.4484136552154663,50-75%
15.0,13.592303498822911,-1.4076965011770888,1.4076965011770888,50-75%
15.0,13.75461445853406,-1.2453855414659394,1.2453855414659394,50-75%
15.0,13.713444405448646,-1.2865555945513538,1.2865555945513538,50-75%
15.0,13.515140968631263,-1.484859031368737,1.484859031368737,50-75%
19.0,15.890396823481135,-3.109603176518865,3.109603176518865,75-100%
15.0,13.38795571773949,-1.6120442822605092,1.6120442822605092,50-75%
15.0,13.434454730397723,-1.5655452696022767,1.5655452696022767,50-75%
15.0,13.551586344784534,-1.4484136552154663,1.4484136552154663,50-75%
19.0,15.006555149619327,-3.9934448503806728,3.9934448503806728,75-100%
19.0,15.332637042938352,-3.6673629570616484,3.6673629570616484,75-100%
19.0,15.001022660199558,-3.998977339800442,3.998977339800442,75-100%
19.0,14.855988297548416,-4.144011702451584,4.144011702451584,75-100%
19.0,15.848093747306185,-3.1519062526938146,3.1519062526938146,75-100%
15.0,13.100444351645352,-1.8995556483546476,1.8995556483546476,50-75%
19.0,15.501155000595537,-3.4988449994044633,3.4988449994044633,75-100%
19.0,15.60433349685729,-3.39566650314271,3.39566650314271,75-100%
19.0,15.647483513474885,-3.352516486525115,3.352516486525115,75-100%
5.0,18.583647256591505,13.583647256591505,13.583647256591505,0-25%
19.0,15.501155000595537,-3.4988449994044633,3.4988449994044633,75-100%
19.0,15.747964776015866,-3.2520352239841337,3.2520352239841337,75-100%
19.0,15.332637042938352,-3.6673629570616484,3.6673629570616484,75-100%
5.0,18.76489037005907,13.76489037005907,13.76489037005907,0-25%
5.0,16.950416529547812,11.950416529547812,11.950416529547812,0-25%
5.0,16.890852687089076,11.890852687089076,11.890852687089076,0-25%
19.0,15.60433349685729,-3.39566650314271,3.39566650314271,75-100%
12.0,15.583879812394738,3.5838798123947377,3.5838798123947377,50-75%
5.0,18.035541568675256,13.035541568675256,13.035541568675256,0-25%
5.0,18.26320832490423,13.26320832490423,13.26320832490423,0-25%
5.0,16.621561211726792,11.621561211726792,11.621561211726792,0-25%
5.0,16.621561211726792,11.621561211726792,11.621561211726792,0-25%
5.0,16.72001374050215,11.72001374050215,11.72001374050215,0-25%
5.0,16.850683881154566,11.850683881154566,11.850683881154566,0-25%
5.0,15.73174880765114,10.73174880765114,10.73174880765114,0-25%
5.0,15.45614525440971,10.45614525440971,10.45614525440971,0-25%
5.0,15.924678710720347,10.924678710720347,10.924678710720347,0-25%
5.0,15.339802743530752,10.339802743530752,10.339802743530752,0-25%
5.0,15.54768800319922,10.54768800319922,10.54768800319922,0-25%
5.0,16.48950205314992,11.48950205314992,11.48950205314992,0-25%
5.0,16.950416529547812,11.950416529547812,11.950416529547812,0-25%
5.0,15.54768800319922,10.54768800319922,10.54768800319922,0-25%
5.0,14.91400349564107,9.91400349564107,9.91400349564107,0-25%
12.0,21.160680055504162,9.160680055504162,9.160680055504162,50-75%
12.0,21.223862996109336,9.223862996109336,9.223862996109336,50-75%
12.0,21.160680055504162,9.160680055504162,9.160680055504162,50-75%
5.0,13.912101581600007,8.912101581600007,8.912101581600007,0-25%
4.5,13.742742521194824,9.242742521194824,9.242742521194824,0-25%
4.5,14.364503381031385,9.864503381031385,9.864503381031385,0-25%
4.5,13.826865860593168,9.326865860593168,9.326865860593168,0-25%
12.0,20.73372432929232,8.733724329292318,8.733724329292318,50-75%
12.0,20.42721803394737,8.42721803394737,8.42721803394737,50-75%
5.0,14.013433396147912,9.013433396147912,9.013433396147912,0-25%
4.5,13.742742521194824,9.242742521194824,9.242742521194824,0-25%
4.5,14.396429604247523,9.896429604247523,9.896429604247523,0-25%
4.5,14.567684900945,10.067684900945,10.067684900945,0-25%
4.5,14.02406844521141,9.52406844521141,9.52406844521141,0-25%
5.0,14.721572173910815,9.721572173910815,9.721572173910815,0-25%
4.0,14.913492994650127,10.913492994650127,10.913492994650127,0-25%
12.0,20.773302759898023,8.773302759898023,8.773302759898023,50-75%
11.333333333333336,17.131614792868756,5.798281459535421,5.798281459535421,50-75%
4.5,13.73711076430451,9.23711076430451,9.23711076430451,0-25%
4.5,13.539529101900165,9.039529101900165,9.039529101900165,0-25%
5.0,14.086053501038831,9.086053501038831,9.086053501038831,0-25%
5.0,14.633122080479957,9.633122080479957,9.633122080479957,0-25%
5.0,14.567321665511887,9.567321665511887,9.567321665511887,0-25%
5.0,15.119615838331947,10.119615838331947,10.119615838331947,0-25%
5.0,14.56113175432913,9.56113175432913,9.56113175432913,0-25%
12.0,20.73372432929232,8.733724329292318,8.733724329292318,50-75%
12.0,20.73372432929232,8.733724329292318,8.733724329292318,50-75%
11.333333333333336,17.806975915843044,6.473642582509708,6.473642582509708,50-75%
11.333333333333336,17.806975915843044,6.473642582509708,6.473642582509708,50-75%
7.75,13.73711076430451,5.987110764304511,5.987110764304511,25-50%
4.5,13.72240020785171,9.22240020785171,9.22240020785171,0-25%
5.0,14.709715601075773,9.709715601075773,9.709715601075773,0-25%
5.0,15.267061596074795,10.267061596074795,10.267061596074795,0-25%
5.0,14.56113175432913,9.56113175432913,9.56113175432913,0-25%
6.0,12.0322730795123,6.032273079512301,6.032273079512301,25-50%
6.0,11.994670798147059,5.994670798147059,5.994670798147059,25-50%
11.333333333333336,17.676370337100952,6.343037003767616,6.343037003767616,50-75%
11.333333333333336,17.727599698401935,6.394266365068599,6.394266365068599,50-75%
11.333333333333336,17.676370337100952,6.343037003767616,6.343037003767616,50-75%
11.333333333333336,17.806975915843044,6.473642582509708,6.473642582509708,50-75%
9.0,14.081156265787655,5.081156265787655,5.081156265787655,50-75%
7.75,13.73711076430451,5.987110764304511,5.987110764304511,25-50%
5.0,13.533054622825745,8.533054622825745,8.533054622825745,0-25%
5.0,15.448000978232809,10.448000978232809,10.448000978232809,0-25%
5.0,13.390371355607002,8.390371355607002,8.390371355607002,0-25%
5.0,13.137674699873896,8.137674699873896,8.137674699873896,0-25%
6.0,11.994670798147059,5.994670798147059,5.994670798147059,25-50%
11.0,15.11381495594476,4.113814955944759,4.113814955944759,50-75%
11.0,14.264266238250597,3.264266238250597,3.264266238250597,50-75%
5.0,14.884455594402084,9.884455594402084,9.884455594402084,0-25%
5.0,13.295715868485281,8.295715868485281,8.295715868485281,0-25%
5.0,13.295715868485281,8.295715868485281,8.295715868485281,0-25%
5.0,13.137674699873896,8.137674699873896,8.137674699873896,0-25%
6.0,11.97970767224406,5.979707672244061,5.979707672244061,25-50%
6.0,11.97970767224406,5.979707672244061,5.979707672244061,25-50%
6.0,11.862058715073058,5.862058715073058,5.862058715073058,25-50%
11.0,15.11381495594476,4.113814955944759,4.113814955944759,50-75%
11.0,15.22650034877419,4.22650034877419,4.22650034877419,50-75%
11.0,15.271009706535558,4.271009706535558,4.271009706535558,50-75%
11.0,14.620618457942893,3.620618457942893,3.620618457942893,50-75%
11.0,14.620618457942893,3.620618457942893,3.620618457942893,50-75%
11.0,14.620618457942893,3.620618457942893,3.620618457942893,50-75%
11.0,14.79436741905756,3.7943674190575596,3.7943674190575596,50-75%
6.0,13.054869442529935,7.0548694425299345,7.0548694425299345,25-50%
6.0,13.095293895057548,7.095293895057548,7.095293895057548,25-50%
6.0,13.118457064969572,7.118457064969572,7.118457064969572,25-50%
6.0,12.87053525695875,6.87053525695875,6.87053525695875,25-50%
6.0,11.862058715073058,5.862058715073058,5.862058715073058,25-50%
6.0,11.862058715073058,5.862058715073058,5.862058715073058,25-50%
11.0,12.69849538175582,1.6984953817558193,1.6984953817558193,50-75%
6.0,12.967533188141287,6.967533188141287,6.967533188141287,25-50%
6.0,12.87053525695875,6.87053525695875,6.87053525695875,25-50%
4.0,20.3830568839724,16.3830568839724,16.3830568839724,0-25%
4.0,20.0726744837295,16.0726744837295,16.0726744837295,0-25%
4.0,19.437905593264997,15.437905593264997,15.437905593264997,0-25%
4.0,19.875556098968076,15.875556098968076,15.875556098968076,0-25%
4.0,19.641032205438457,15.641032205438457,15.641032205438457,0-25%
4.0,19.99218885714659,15.99218885714659,15.99218885714659,0-25%
4.0,20.26425246011563,16.26425246011563,16.26425246011563,0-25%
4.0,19.557346227785935,15.557346227785935,15.557346227785935,0-25%
4.0,19.563305065032488,15.563305065032488,15.563305065032488,0-25%
4.0,18.821431067953373,14.821431067953373,14.821431067953373,0-25%
4.0,18.27592113391175,14.275921133911751,14.275921133911751,0-25%
4.0,19.04998737839024,15.049987378390242,15.049987378390242,0-25%
5.0,19.557346227785935,14.557346227785935,14.557346227785935,0-25%
5.0,18.852317934281103,13.852317934281103,13.852317934281103,0-25%
4.0,17.981223998684193,13.981223998684193,13.981223998684193,0-25%
5.0,18.603381622572776,13.603381622572776,13.603381622572776,0-25%
5.0,19.834002189267178,14.834002189267178,14.834002189267178,0-25%
5.0,20.3830568839724,15.383056883972401,15.383056883972401,0-25%
5.0,19.511190571283976,14.511190571283976,14.511190571283976,0-25%
5.0,18.937328945769533,13.937328945769533,13.937328945769533,0-25%
5.0,18.603381622572776,13.603381622572776,13.603381622572776,0-25%
5.0,19.834002189267178,14.834002189267178,14.834002189267178,0-25%
5.0,20.26425246011563,15.264252460115632,15.264252460115632,0-25%
6.0,18.580769608423154,12.580769608423154,12.580769608423154,25-50%
6.0,18.544388309586246,12.544388309586246,12.544388309586246,25-50%
5.0,17.259981797426324,12.259981797426324,12.259981797426324,0-25%
5.0,17.981223998684193,12.981223998684193,12.981223998684193,0-25%
6.0,18.829423655581436,12.829423655581436,12.829423655581436,25-50%
6.0,18.800896680483405,12.800896680483405,12.800896680483405,25-50%
6.0,17.981223998684193,11.981223998684193,11.981223998684193,25-50%
6.0,17.42835302931432,11.42835302931432,11.42835302931432,25-50%
6.0,18.256379444517343,12.256379444517343,12.256379444517343,25-50%
6.0,18.820624732443672,12.820624732443672,12.820624732443672,25-50%
6.0,16.95235375821146,10.952353758211459,10.952353758211459,25-50%
6.0,17.432691639888418,11.432691639888418,11.432691639888418,25-50%
6.0,17.432691639888418,11.432691639888418,11.432691639888418,25-50%
8.0,19.768878259287703,11.768878259287703,11.768878259287703,25-50%
8.0,19.768878259287703,11.768878259287703,11.768878259287703,25-50%
8.0,19.768878259287703,11.768878259287703,11.768878259287703,25-50%
8.0,19.768878259287703,11.768878259287703,11.768878259287703,25-50%
8.0,21.150410569461027,13.150410569461027,13.150410569461027,25-50%
8.0,21.087436455751117,13.087436455751117,13.087436455751117,25-50%
8.0,19.768878259287703,11.768878259287703,11.768878259287703,25-50%
8.0,19.8258473784986,11.825847378498601,11.825847378498601,25-50%
8.0,19.8258473784986,11.825847378498601,11.825847378498601,25-50%
8.0,19.768878259287703,11.768878259287703,11.768878259287703,25-50%
8.0,19.768878259287703,11.768878259287703,11.768878259287703,25-50%
14.0,23.1623688601301,9.162368860130101,9.162368860130101,50-75%
8.0,19.768878259287703,11.768878259287703,11.768878259287703,25-50%
8.0,20.924363127999143,12.924363127999143,12.924363127999143,25-50%
14.0,21.74221226155513,7.742212261555132,7.742212261555132,50-75%
14.0,23.216740642865286,9.216740642865286,9.216740642865286,50-75%
14.0,22.97040688615593,8.970406886155931,8.970406886155931,50-75%
8.0,19.8258473784986,11.825847378498601,11.825847378498601,25-50%
8.0,19.768878259287703,11.768878259287703,11.768878259287703,25-50%
8.0,20.924363127999143,12.924363127999143,12.924363127999143,25-50%
14.0,22.01921307035544,8.019213070355441,8.019213070355441,50-75%
14.0,23.1623688601301,9.162368860130101,9.162368860130101,50-75%
14.0,22.953946441542534,8.953946441542534,8.953946441542534,50-75%
8.0,19.768878259287703,11.768878259287703,11.768878259287703,25-50%
8.0,21.150410569461027,13.150410569461027,13.150410569461027,25-50%
14.0,21.032245455960492,7.032245455960492,7.032245455960492,50-75%
14.0,21.032245455960492,7.032245455960492,7.032245455960492,50-75%
14.0,21.573962594855818,7.573962594855818,7.573962594855818,50-75%
14.0,23.216740642865286,9.216740642865286,9.216740642865286,50-75%
12.0,20.73809298664483,8.73809298664483,8.73809298664483,50-75%
12.0,21.160680055504162,9.160680055504162,9.160680055504162,50-75%
12.0,21.407174465927486,9.407174465927486,9.407174465927486,50-75%
12.0,21.407174465927486,9.407174465927486,9.407174465927486,50-75%
14.0,21.032245455960492,7.032245455960492,7.032245455960492,50-75%
14.0,22.01921307035544,8.019213070355441,8.019213070355441,50-75%
10.0,21.23009186849457,11.230091868494569,11.230091868494569,50-75%
12.0,20.57534953366931,8.57534953366931,8.57534953366931,50-75%
12.0,21.160680055504162,9.160680055504162,9.160680055504162,50-75%
10.0,20.799786010272875,10.799786010272875,10.799786010272875,50-75%
10.0,20.985545489069835,10.985545489069835,10.985545489069835,50-75%
10.0,21.23009186849457,11.230091868494569,11.230091868494569,50-75%
10.0,21.593609331574577,11.593609331574577,11.593609331574577,50-75%
10.0,21.048229098567784,11.048229098567784,11.048229098567784,50-75%
10.0,20.985545489069835,10.985545489069835,10.985545489069835,50-75%
10.0,20.985545489069835,10.985545489069835,10.985545489069835,50-75%
10.0,20.985545489069835,10.985545489069835,10.985545489069835,50-75%
10.0,20.979886938863345,10.979886938863345,10.979886938863345,50-75%
10.0,21.844919237117757,11.844919237117757,11.844919237117757,50-75%
10.0,20.028763090977467,10.028763090977467,10.028763090977467,50-75%
10.0,21.048229098567784,11.048229098567784,11.048229098567784,50-75%
10.0,20.979886938863345,10.979886938863345,10.979886938863345,50-75%
10.0,21.819660218611357,11.819660218611357,11.819660218611357,50-75%
10.0,22.07348450006657,12.07348450006657,12.07348450006657,50-75%
10.0,19.633265611697777,9.633265611697777,9.633265611697777,50-75%
10.0,19.457575568391277,9.457575568391277,9.457575568391277,50-75%
15.0,16.347332897415207,1.3473328974152068,1.3473328974152068,50-75%
15.0,15.990361320140538,0.9903613201405381,0.9903613201405381,50-75%
15.0,16.76781762143987,1.767817621439871,1.767817621439871,50-75%
15.0,14.856852891279804,-0.14314710872019631,0.14314710872019631,50-75%
15.0,16.539891218314082,1.5398912183140823,1.5398912183140823,50-75%
15.0,16.47133031912822,1.4713303191282208,1.4713303191282208,50-75%
15.0,16.64007564984993,1.6400756498499298,1.6400756498499298,50-75%
15.0,16.447993222460177,1.4479932224601768,1.4479932224601768,50-75%
15.0,16.83628713958048,1.836287139580481,1.836287139580481,50-75%
15.0,14.672289066540461,-0.3277109334595387,0.3277109334595387,50-75%
15.0,14.668600188085115,-0.3313998119148849,0.3313998119148849,50-75%
15.0,15.548641396348062,0.5486413963480619,0.5486413963480619,50-75%
15.0,16.13316068494027,1.1331606849402682,1.1331606849402682,50-75%
15.0,16.64206816924288,1.6420681692428793,1.6420681692428793,50-75%
15.0,16.64206816924288,1.6420681692428793,1.6420681692428793,50-75%
15.0,14.672289066540461,-0.3277109334595387,0.3277109334595387,50-75%
15.0,14.012874620406903,-0.9871253795930972,0.9871253795930972,50-75%
15.0,15.4152282644155,0.4152282644155001,0.4152282644155001,50-75%
15.0,16.3823790069264,1.3823790069263993,1.3823790069263993,50-75%
15.0,16.885704201126455,1.8857042011264546,1.8857042011264546,50-75%
15.0,15.347081024530887,0.34708102453088685,0.34708102453088685,50-75%
17.0,15.32215816084762,-1.6778418391523804,1.6778418391523804,75-100%
17.0,15.676339612853623,-1.3236603871463775,1.3236603871463775,75-100%
17.0,15.676339612853623,-1.3236603871463775,1.3236603871463775,75-100%
17.0,15.32215816084762,-1.6778418391523804,1.6778418391523804,75-100%
17.0,15.676339612853623,-1.3236603871463775,1.3236603871463775,75-100%
17.0,15.747750543461642,-1.2522494565383582,1.2522494565383582,75-100%
17.0,15.676339612853623,-1.3236603871463775,1.3236603871463775,75-100%
17.0,15.747750543461642,-1.2522494565383582,1.2522494565383582,75-100%
17.0,15.676339612853623,-1.3236603871463775,1.3236603871463775,75-100%
17.0,15.379674017558013,-1.6203259824419867,1.6203259824419867,75-100%
17.0,15.934036654076833,-1.0659633459231674,1.0659633459231674,75-100%
17.0,15.747750543461642,-1.2522494565383582,1.2522494565383582,75-100%
17.0,15.934036654076833,-1.0659633459231674,1.0659633459231674,75-100%
17.0,15.934036654076833,-1.0659633459231674,1.0659633459231674,75-100%
17.0,15.379674017558013,-1.6203259824419867,1.6203259824419867,75-100%
17.0,15.439633422666805,-1.5603665773331947,1.5603665773331947,75-100%
17.0,15.153812335395767,-1.8461876646042334,1.8461876646042334,75-100%
17.0,15.747750543461642,-1.2522494565383582,1.2522494565383582,75-100%
17.0,15.747750543461642,-1.2522494565383582,1.2522494565383582,75-100%
17.0,16.15615724072803,-0.8438427592719684,0.8438427592719684,75-100%
17.0,16.12445812427373,-0.8755418757262703,0.8755418757262703,75-100%
17.0,16.314934373133852,-0.6850656268661481,0.6850656268661481,75-100%
17.0,16.346986080528584,-0.653013919471416,0.653013919471416,75-100%
17.0,15.747750543461642,-1.2522494565383582,1.2522494565383582,75-100%
17.0,14.440546887395923,-2.5594531126040767,2.5594531126040767,75-100%
17.0,15.576371052293105,-1.423628947706895,1.423628947706895,75-100%
17.0,16.15615724072803,-0.8438427592719684,0.8438427592719684,75-100%
17.0,14.437013674773247,-2.5629863252267526,2.5629863252267526,75-100%
11.0,19.863136600301317,8.863136600301317,8.863136600301317,50-75%
11.0,19.75286976081662,8.752869760816619,8.752869760816619,50-75%
11.0,19.491628350448998,8.491628350448998,8.491628350448998,50-75%
11.0,20.994372544135842,9.994372544135842,9.994372544135842,50-75%
11.0,20.9502663154107,9.950266315410701,9.950266315410701,50-75%
11.0,19.816294378751564,8.816294378751564,8.816294378751564,50-75%
11.0,19.84173708882814,8.84173708882814,8.84173708882814,50-75%
11.0,19.491628350448998,8.491628350448998,8.491628350448998,50-75%
11.0,20.994372544135842,9.994372544135842,9.994372544135842,50-75%
11.0,20.828310471713735,9.828310471713735,9.828310471713735,50-75%
11.0,19.745607988593857,8.745607988593857,8.745607988593857,50-75%
11.0,19.303325022471583,8.303325022471583,8.303325022471583,50-75%
11.0,18.087357879518564,7.087357879518564,7.087357879518564,50-75%
11.0,18.84128020901185,7.841280209011849,7.841280209011849,50-75%
11.0,19.460523020902706,8.460523020902706,8.460523020902706,50-75%
11.0,19.579744520164613,8.579744520164613,8.579744520164613,50-75%
11.0,18.84128020901185,7.841280209011849,7.841280209011849,50-75%
11.0,18.83661005069747,7.83661005069747,7.83661005069747,50-75%
11.0,19.460523020902706,8.460523020902706,8.460523020902706,50-75%
11.0,19.60024855469266,8.600248554692659,8.600248554692659,50-75%
11.0,18.087357879518564,7.087357879518564,7.087357879518564,50-75%
11.0,18.84128020901185,7.841280209011849,7.841280209011849,50-75%
11.0,18.84128020901185,7.841280209011849,7.841280209011849,50-75%
11.0,15.944222898721552,4.944222898721552,4.944222898721552,50-75%
11.0,16.21663496458349,5.216634964583491,5.216634964583491,50-75%
11.0,16.21663496458349,5.216634964583491,5.216634964583491,50-75%
11.0,15.52518747782917,4.525187477829171,4.525187477829171,50-75%
11.0,16.765439557281233,5.765439557281233,5.765439557281233,50-75%
11.0,16.765439557281233,5.765439557281233,5.765439557281233,50-75%
11.0,16.91699067233915,5.91699067233915,5.91699067233915,50-75%
11.0,16.26386026570293,5.263860265702931,5.263860265702931,50-75%
11.0,16.21663496458349,5.216634964583491,5.216634964583491,50-75%
11.0,16.933479098593164,5.933479098593164,5.933479098593164,50-75%
11.0,15.520183616345614,4.520183616345614,4.520183616345614,50-75%
11.0,15.52518747782917,4.525187477829171,4.525187477829171,50-75%
11.0,16.21663496458349,5.216634964583491,5.216634964583491,50-75%
23.0,14.100016981111562,-8.899983018888438,8.899983018888438,75-100%
23.0,14.072568918646155,-8.927431081353845,8.927431081353845,75-100%
23.0,13.761360844493554,-9.238639155506446,9.238639155506446,75-100%
23.0,13.686520066014657,-9.313479933985343,9.313479933985343,75-100%
23.0,13.565077097520518,-9.434922902479482,9.434922902479482,75-100%
23.0,13.612169388048255,-9.387830611951745,9.387830611951745,75-100%
23.0,14.072568918646155,-8.927431081353845,8.927431081353845,75-100%
23.0,13.725968380632048,-9.274031619367952,9.274031619367952,75-100%
23.0,13.725968380632048,-9.274031619367952,9.274031619367952,75-100%
23.0,13.66233283868949,-9.33766716131051,9.33766716131051,75-100%
23.0,13.607744792461054,-9.392255207538946,9.392255207538946,75-100%
23.0,13.607744792461054,-9.392255207538946,9.392255207538946,75-100%
23.0,13.93011725611534,-9.06988274388466,9.06988274388466,75-100%
23.0,13.938347968517537,-9.061652031482463,9.061652031482463,75-100%
23.0,13.761360844493554,-9.238639155506446,9.238639155506446,75-100%
23.0,13.761360844493554,-9.238639155506446,9.238639155506446,75-100%
23.0,13.676941230863243,-9.323058769136757,9.323058769136757,75-100%
23.0,13.725968380632048,-9.274031619367952,9.274031619367952,75-100%
23.0,13.81482263279875,-9.18517736720125,9.18517736720125,75-100%
23.0,13.761360844493554,-9.238639155506446,9.238639155506446,75-100%
23.0,14.054895447247464,-8.945104552752536,8.945104552752536,75-100%
23.0,13.66233283868949,-9.33766716131051,9.33766716131051,75-100%
23.0,13.761360844493554,-9.238639155506446,9.238639155506446,75-100%
35.0,11.005982145285873,-23.994017854714127,23.994017854714127,75-100%
35.0,11.18258716738612,-23.81741283261388,23.81741283261388,75-100%
35.0,11.05739380862219,-23.94260619137781,23.94260619137781,75-100%
35.0,11.005982145285873,-23.994017854714127,23.994017854714127,75-100%
35.0,11.487775220494251,-23.51222477950575,23.51222477950575,75-100%
35.0,11.237128411691021,-23.76287158830898,23.76287158830898,75-100%
35.0,11.424823535236616,-23.575176464763384,23.575176464763384,75-100%
35.0,11.401941931789422,-23.598058068210577,23.598058068210577,75-100%
35.0,11.167682514280338,-23.832317485719663,23.832317485719663,75-100%
35.0,11.626677401418533,-23.373322598581467,23.373322598581467,75-100%
35.0,11.539889384526616,-23.460110615473383,23.460110615473383,75-100%
35.0,11.538473112208402,-23.4615268877916,23.4615268877916,75-100%
35.0,11.584371424224546,-23.415628575775454,23.415628575775454,75-100%
35.0,11.818722754098417,-23.181277245901583,23.181277245901583,75-100%
35.0,12.06649275033974,-22.93350724966026,22.93350724966026,75-100%
6.0,11.69962120780729,5.69962120780729,5.69962120780729,25-50%
6.0,11.86022592149726,5.8602259214972605,5.8602259214972605,25-50%
6.0,11.86022592149726,5.8602259214972605,5.8602259214972605,25-50%
6.0,12.003270891168347,6.003270891168347,6.003270891168347,25-50%
6.0,11.86022592149726,5.8602259214972605,5.8602259214972605,25-50%
6.0,11.878641118161053,5.8786411181610525,5.8786411181610525,25-50%
35.0,11.948057167291346,-23.051942832708654,23.051942832708654,75-100%
35.0,11.446739064111387,-23.553260935888613,23.553260935888613,75-100%
35.0,11.585184797708767,-23.414815202291233,23.414815202291233,75-100%
35.0,12.211832036802463,-22.788167963197537,22.788167963197537,75-100%
35.0,11.856418952036508,-23.143581047963494,23.143581047963494,75-100%
35.0,11.997953404071248,-23.002046595928753,23.002046595928753,75-100%
35.0,11.585184797708767,-23.414815202291233,23.414815202291233,75-100%
6.0,11.480340318652672,5.480340318652672,5.480340318652672,25-50%
6.0,11.524187675100904,5.5241876751009045,5.5241876751009045,25-50%
6.0,11.121968651540694,5.121968651540694,5.121968651540694,25-50%
6.0,11.368914634089741,5.368914634089741,5.368914634089741,25-50%
6.0,11.368914634089741,5.368914634089741,5.368914634089741,25-50%
6.0,11.368914634089741,5.368914634089741,5.368914634089741,25-50%
6.0,11.167682514280338,5.167682514280338,5.167682514280338,25-50%
35.0,11.550360746120573,-23.449639253879425,23.449639253879425,75-100%
35.0,11.429237335241318,-23.570762664758682,23.570762664758682,75-100%
35.0,11.948057167291346,-23.051942832708654,23.051942832708654,75-100%
35.0,12.034783285853266,-22.965216714146734,22.965216714146734,75-100%
13.0,11.6070482913413,-1.3929517086586998,1.3929517086586998,50-75%
6.0,11.6070482913413,5.6070482913413,5.6070482913413,25-50%
6.0,11.46836204419854,5.468362044198541,5.468362044198541,25-50%
6.0,11.6070482913413,5.6070482913413,5.6070482913413,25-50%
6.0,11.46836204419854,5.468362044198541,5.468362044198541,25-50%
6.0,11.539889384526616,5.5398893845266155,5.5398893845266155,25-50%
25.0,11.276690691712728,-13.723309308287272,13.723309308287272,75-100%
25.0,11.281330220062197,-13.718669779937803,13.718669779937803,75-100%
35.0,12.082498389994166,-22.917501610005836,22.917501610005836,75-100%
20.0,11.211104618487996,-8.788895381512004,8.788895381512004,75-100%
20.0,11.224897952144055,-8.775102047855945,8.775102047855945,75-100%
13.0,11.094684988161042,-1.9053150118389581,1.9053150118389581,50-75%
13.0,11.696909037896006,-1.3030909621039939,1.3030909621039939,50-75%
10.0,11.557234260415525,1.557234260415525,1.557234260415525,50-75%
10.0,11.696909037896006,1.6969090378960061,1.6969090378960061,50-75%
10.0,11.208598778783465,1.2085987787834647,1.2085987787834647,50-75%
10.0,12.331566128919354,2.331566128919354,2.331566128919354,50-75%
14.0,11.910092277712618,-2.089907722287382,2.089907722287382,50-75%
25.0,11.166677781336777,-13.833322218663223,13.833322218663223,75-100%
15.0,12.653143260754018,-2.3468567392459825,2.3468567392459825,50-75%
15.0,12.005564294758257,-2.9944357052417434,2.9944357052417434,50-75%
20.0,11.051615525598695,-8.948384474401305,8.948384474401305,75-100%
20.0,11.330646113055288,-8.669353886944712,8.669353886944712,75-100%
13.0,11.028936025707372,-1.971063974292628,1.971063974292628,50-75%
10.0,11.094684988161042,1.0946849881610419,1.0946849881610419,50-75%
10.0,11.735105022213752,1.7351050222137516,1.7351050222137516,50-75%
14.0,12.34048196325359,-1.6595180367464106,1.6595180367464106,50-75%
14.0,12.10335670960309,-1.8966432903969093,1.8966432903969093,50-75%
14.0,11.428602046751017,-2.571397953248983,2.571397953248983,50-75%
15.0,12.04882674005211,-2.9511732599478897,2.9511732599478897,50-75%
15.0,11.970724644229662,-3.029275355770338,3.029275355770338,50-75%
15.0,11.733359654736745,-3.266640345263255,3.266640345263255,50-75%
15.0,11.817028974785266,-3.1829710252147336,3.1829710252147336,50-75%
15.0,12.005564294758257,-2.9944357052417434,2.9944357052417434,50-75%
20.0,11.224897952144055,-8.775102047855945,8.775102047855945,75-100%
20.0,11.224897952144055,-8.775102047855945,8.775102047855945,75-100%
13.333333333333336,10.774955438227774,-2.5583778951055614,2.5583778951055614,50-75%
13.333333333333336,10.915784943902228,-2.417548389431108,2.417548389431108,50-75%
13.333333333333336,11.18692168041565,-2.146411652917685,2.146411652917685,50-75%
10.0,11.162969846587902,1.1629698465879024,1.1629698465879024,50-75%
14.0,11.736709834056633,-2.263290165943367,2.263290165943367,50-75%
14.0,11.664348683532653,-2.335651316467347,2.335651316467347,50-75%
14.0,12.179933697034961,-1.8200663029650386,1.8200663029650386,50-75%
14.0,12.183754087028433,-1.8162459129715671,1.8162459129715671,50-75%
15.0,11.9329224573966,-3.0670775426034,3.0670775426034,50-75%
15.0,12.106668702602722,-2.8933312973972782,2.8933312973972782,50-75%
15.0,12.005564294758257,-2.9944357052417434,2.9944357052417434,50-75%
15.0,11.812584060677793,-3.1874159393222072,3.1874159393222072,50-75%
14.0,10.96092397587176,-3.0390760241282404,3.0390760241282404,50-75%
14.0,10.80763276375869,-3.19236723624131,3.19236723624131,50-75%
14.0,11.167729556439095,-2.8322704435609047,2.8322704435609047,50-75%
14.0,12.179933697034961,-1.8200663029650386,1.8200663029650386,50-75%
15.0,11.86957860645018,-3.1304213935498204,3.1304213935498204,50-75%
15.0,11.86957860645018,-3.1304213935498204,3.1304213935498204,50-75%
15.0,11.070877062012041,-3.929122937987959,3.929122937987959,50-75%
15.0,11.680185933878674,-3.3198140661213262,3.3198140661213262,50-75%
15.0,11.175706458693025,-3.824293541306975,3.824293541306975,50-75%
14.0,10.809555548681312,-3.1904444513186885,3.1904444513186885,50-75%
14.0,10.829345542900038,-3.170654457099962,3.170654457099962,50-75%
14.0,11.337856754273236,-2.6621432457267638,2.6621432457267638,50-75%
14.0,11.663005907661733,-2.3369940923382675,2.3369940923382675,50-75%
14.0,11.487346845884996,-2.5126531541150037,2.5126531541150037,50-75%
16.0,11.315849864602962,-4.684150135397038,4.684150135397038,75-100%
16.0,11.216560982603834,-4.783439017396166,4.783439017396166,75-100%
15.5,10.781920562459298,-4.718079437540702,4.718079437540702,75-100%
15.0,11.660795590729354,-3.3392044092706463,3.3392044092706463,50-75%
15.0,11.042714689568852,-3.957285310431148,3.957285310431148,50-75%
14.0,10.829345542900038,-3.170654457099962,3.170654457099962,50-75%
16.0,11.592650152199926,-4.407349847800074,4.407349847800074,75-100%
16.0,11.370442736501609,-4.629557263498391,4.629557263498391,75-100%
16.0,11.850222902153906,-4.149777097846094,4.149777097846094,75-100%
16.0,11.850222902153906,-4.149777097846094,4.149777097846094,75-100%
16.0,11.850222902153906,-4.149777097846094,4.149777097846094,75-100%
16.0,11.71413437694152,-4.285865623058481,4.285865623058481,75-100%
15.5,10.706524711862796,-4.793475288137204,4.793475288137204,75-100%
15.0,11.010114978263374,-3.989885021736626,3.989885021736626,50-75%
16.0,10.857288626278505,-5.142711373721495,5.142711373721495,75-100%
16.0,11.632923251932972,-4.367076748067028,4.367076748067028,75-100%
16.0,11.850222902153906,-4.149777097846094,4.149777097846094,75-100%
16.0,11.632923251932972,-4.367076748067028,4.367076748067028,75-100%
16.0,11.71413437694152,-4.285865623058481,4.285865623058481,75-100%
16.0,10.637737596080534,-5.362262403919466,5.362262403919466,75-100%
16.0,10.673893015081049,-5.326106984918951,5.326106984918951,75-100%
16.0,10.673893015081049,-5.326106984918951,5.326106984918951,75-100%
16.0,10.857288626278505,-5.142711373721495,5.142711373721495,75-100%
16.0,11.645509700433049,-4.354490299566951,4.354490299566951,75-100%
16.0,11.818796122939988,-4.181203877060012,4.181203877060012,75-100%
16.0,11.645509700433049,-4.354490299566951,4.354490299566951,75-100%
16.0,11.611634573700055,-4.388365426299945,4.388365426299945,75-100%
16.0,11.632923251932972,-4.367076748067028,4.367076748067028,75-100%
16.0,10.702512930308137,-5.297487069691863,5.297487069691863,75-100%
16.0,10.702512930308137,-5.297487069691863,5.297487069691863,75-100%
16.0,10.702512930308137,-5.297487069691863,5.297487069691863,75-100%
16.0,11.873623937691807,-4.126376062308193,4.126376062308193,75-100%
16.0,11.632923251932972,-4.367076748067028,4.367076748067028,75-100%
16.0,11.781913072933158,-4.218086927066842,4.218086927066842,75-100%
16.0,10.702512930308137,-5.297487069691863,5.297487069691863,75-100%
16.0,11.873623937691807,-4.126376062308193,4.126376062308193,75-100%
16.0,11.869296751815439,-4.130703248184561,4.130703248184561,75-100%
16.0,11.850222902153906,-4.149777097846094,4.149777097846094,75-100%
9.0,9.90572027757327,0.9057202775732698,0.9057202775732698,50-75%
9.0,10.081987251325188,1.081987251325188,1.081987251325188,50-75%
9.0,10.26156981772192,1.2615698177219201,1.2615698177219201,50-75%
9.0,10.331298837367207,1.331298837367207,1.331298837367207,50-75%
9.0,9.792717140430899,0.7927171404308986,0.7927171404308986,50-75%
9.0,9.980727431040625,0.9807274310406253,0.9807274310406253,50-75%
9.0,9.868511440137253,0.8685114401372527,0.8685114401372527,50-75%
9.0,9.998823719775697,0.9988237197756966,0.9988237197756966,50-75%
9.0,10.366599747843066,1.3665997478430665,1.3665997478430665,50-75%
9.0,10.201823697231543,1.2018236972315428,1.2018236972315428,50-75%
7.0,13.304776648301495,6.304776648301495,6.304776648301495,25-50%
7.0,12.087579754376119,5.087579754376119,5.087579754376119,25-50%
9.0,9.803207289857992,0.8032072898579923,0.8032072898579923,50-75%
9.0,9.876505744883874,0.8765057448838736,0.8765057448838736,50-75%
9.0,9.747625371772305,0.7476253717723047,0.7476253717723047,50-75%
9.0,10.359750055948235,1.3597500559482345,1.3597500559482345,50-75%
9.0,10.167034526831014,1.1670345268310136,1.1670345268310136,50-75%
9.0,10.510864166770162,1.5108641667701619,1.5108641667701619,50-75%
7.0,13.478842132731412,6.478842132731412,6.478842132731412,25-50%
7.0,13.911774238744645,6.911774238744645,6.911774238744645,25-50%
7.0,13.463382595045262,6.463382595045262,6.463382595045262,25-50%
7.0,13.22857378624155,6.228573786241549,6.228573786241549,25-50%
7.0,14.641696011773762,7.641696011773762,7.641696011773762,25-50%
7.0,13.384092390676745,6.384092390676745,6.384092390676745,25-50%
9.0,9.742875581992266,0.7428755819922657,0.7428755819922657,50-75%
9.0,9.803207289857992,0.8032072898579923,0.8032072898579923,50-75%
9.0,9.876505744883874,0.8765057448838736,0.8765057448838736,50-75%
9.0,10.163508071858939,1.1635080718589386,1.1635080718589386,50-75%
9.0,10.318318240649964,1.3183182406499636,1.3183182406499636,50-75%
9.0,10.428053886824557,1.4280538868245571,1.4280538868245571,50-75%
8.0,11.731863010469503,3.731863010469503,3.731863010469503,25-50%
7.0,13.911774238744645,6.911774238744645,6.911774238744645,25-50%
7.0,14.887474868234992,7.887474868234992,7.887474868234992,25-50%
7.0,14.602520386428383,7.602520386428383,7.602520386428383,25-50%
7.0,12.860815510171301,5.860815510171301,5.860815510171301,25-50%
9.0,9.876505744883874,0.8765057448838736,0.8765057448838736,50-75%
9.0,9.876488240492618,0.876488240492618,0.876488240492618,50-75%
9.0,10.119908175253759,1.1199081752537587,1.1199081752537587,50-75%
9.0,10.336134220761664,1.3361342207616644,1.3361342207616644,50-75%
7.0,13.330051497975111,6.330051497975111,6.330051497975111,25-50%
7.0,13.26894942277548,6.26894942277548,6.26894942277548,25-50%
7.0,14.28070910020396,7.280709100203961,7.280709100203961,25-50%
7.0,15.174900385695077,8.174900385695077,8.174900385695077,25-50%
7.0,14.676340944780888,7.676340944780888,7.676340944780888,25-50%
7.0,14.791575771968759,7.791575771968759,7.791575771968759,25-50%
7.0,15.30542338221951,8.30542338221951,8.30542338221951,25-50%
7.0,13.816964607170508,6.816964607170508,6.816964607170508,25-50%
7.0,13.658693674300666,6.658693674300666,6.658693674300666,25-50%
7.0,14.860558698000492,7.860558698000492,7.860558698000492,25-50%
7.0,14.776068041741214,7.776068041741214,7.776068041741214,25-50%
7.0,14.676340944780888,7.676340944780888,7.676340944780888,25-50%
7.0,14.743469710528293,7.743469710528293,7.743469710528293,25-50%
7.0,14.638754685884184,7.638754685884184,7.638754685884184,25-50%
7.0,14.264871140457393,7.264871140457393,7.264871140457393,25-50%
7.0,14.725467022240133,7.725467022240133,7.725467022240133,25-50%
7.0,14.815679419628855,7.8156794196288555,7.8156794196288555,25-50%
7.0,14.641696011773762,7.641696011773762,7.641696011773762,25-50%
7.0,14.676340944780888,7.676340944780888,7.676340944780888,25-50%
9.0,12.713907008515871,3.7139070085158714,3.7139070085158714,50-75%
9.0,14.837062335973231,5.837062335973231,5.837062335973231,50-75%
9.0,13.844127531810848,4.844127531810848,4.844127531810848,50-75%
9.0,14.837062335973231,5.837062335973231,5.837062335973231,50-75%
9.0,14.837062335973231,5.837062335973231,5.837062335973231,50-75%
9.0,13.966763650868838,4.966763650868838,4.966763650868838,50-75%
9.0,13.9373483936525,4.937348393652499,4.937348393652499,50-75%
9.0,14.808274508991973,5.808274508991973,5.808274508991973,50-75%
9.0,14.808274508991973,5.808274508991973,5.808274508991973,50-75%
9.0,14.837062335973231,5.837062335973231,5.837062335973231,50-75%
9.0,14.096169248225472,5.096169248225472,5.096169248225472,50-75%
5.0,8.424335513154924,3.424335513154924,3.424335513154924,0-25%
5.0,8.46446065042192,3.4644606504219198,3.4644606504219198,0-25%
5.0,7.989223114104231,2.989223114104231,2.989223114104231,0-25%
5.0,8.669229693101158,3.6692296931011583,3.6692296931011583,0-25%
5.0,8.578267748661377,3.5782677486613768,3.5782677486613768,0-25%
5.0,8.062530045508606,3.0625300455086055,3.0625300455086055,0-25%
5.0,7.977866016245278,2.9778660162452777,2.9778660162452777,0-25%
5.0,7.721576939201155,2.721576939201155,2.721576939201155,0-25%
5.0,8.669229693101158,3.6692296931011583,3.6692296931011583,0-25%
5.0,8.578267748661377,3.5782677486613768,3.5782677486613768,0-25%
5.0,8.46751969424341,3.4675196942434106,3.4675196942434106,0-25%
5.0,7.524029855240369,2.524029855240369,2.524029855240369,0-25%
5.0,7.977866016245278,2.9778660162452777,2.9778660162452777,0-25%
5.0,8.054610299219993,3.054610299219993,3.054610299219993,0-25%
5.0,8.578267748661377,3.5782677486613768,3.5782677486613768,0-25%
5.0,8.345193981218802,3.3451939812188023,3.3451939812188023,0-25%
5.0,8.345193981218802,3.3451939812188023,3.3451939812188023,0-25%
5.0,8.491918906138247,3.491918906138247,3.491918906138247,0-25%
5.0,7.524029855240369,2.524029855240369,2.524029855240369,0-25%
5.0,7.619144974873287,2.6191449748732873,2.6191449748732873,0-25%
5.0,8.004853288699772,3.0048532886997723,3.0048532886997723,0-25%
5.0,8.430166533675576,3.4301665336755764,3.4301665336755764,0-25%
5.0,7.84965302988683,2.84965302988683,2.84965302988683,0-25%
5.0,7.868484430376338,2.8684844303763377,2.8684844303763377,0-25%
5.0,7.970020257863815,2.9700202578638146,2.9700202578638146,0-25%
5.0,7.867351412835866,2.867351412835866,2.867351412835866,0-25%
5.0,7.63761941162784,2.63761941162784,2.63761941162784,0-25%
5.0,7.78019860457074,2.7801986045707396,2.7801986045707396,0-25%
5.0,8.413651391024187,3.413651391024187,3.413651391024187,0-25%
5.0,7.970020257863815,2.9700202578638146,2.9700202578638146,0-25%
5.0,7.473411997968024,2.4734119979680242,2.4734119979680242,0-25%
27.0,14.710191812473383,-12.289808187526617,12.289808187526617,75-100%
27.0,15.423146779330626,-11.576853220669374,11.576853220669374,75-100%
27.0,15.398233176165304,-11.601766823834696,11.601766823834696,75-100%
27.0,14.698884471748443,-12.301115528251557,12.301115528251557,75-100%
27.0,15.199214361390078,-11.800785638609922,11.800785638609922,75-100%
27.0,15.306065219370417,-11.693934780629583,11.693934780629583,75-100%
27.0,15.130161978727632,-11.869838021272368,11.869838021272368,75-100%
27.0,15.58936600757873,-11.41063399242127,11.41063399242127,75-100%
27.0,14.577422061283958,-12.422577938716042,12.422577938716042,75-100%
27.0,15.507334865555535,-11.492665134444465,11.492665134444465,75-100%
27.0,15.67272395092008,-11.32727604907992,11.32727604907992,75-100%
27.0,14.789604588689816,-12.210395411310184,12.210395411310184,75-100%
27.0,14.887596941573944,-12.112403058426056,12.112403058426056,75-100%
27.0,15.39981273583617,-11.60018726416383,11.60018726416383,75-100%
27.0,15.745808815544928,-11.254191184455072,11.254191184455072,75-100%
27.0,15.35971773471384,-11.64028226528616,11.64028226528616,75-100%
27.0,14.379241153187685,-12.620758846812315,12.620758846812315,75-100%
27.0,14.504122169518377,-12.495877830481623,12.495877830481623,75-100%
27.0,15.183320280839341,-11.816679719160659,11.816679719160659,75-100%
27.0,15.177200304391945,-11.822799695608055,11.822799695608055,75-100%
27.0,15.99925530488666,-11.00074469511334,11.00074469511334,75-100%
27.0,14.856808840646357,-12.143191159353643,12.143191159353643,75-100%
27.0,14.404160679665884,-12.595839320334116,12.595839320334116,75-100%
27.0,15.353119930532,-11.646880069468,11.646880069468,75-100%
27.0,14.193044871401653,-12.806955128598347,12.806955128598347,75-100%
27.0,15.177200304391945,-11.822799695608055,11.822799695608055,75-100%
27.0,15.566504225927355,-11.433495774072645,11.433495774072645,75-100%
27.0,15.066981841266504,-11.933018158733496,11.933018158733496,75-100%
27.0,14.856808840646357,-12.143191159353643,12.143191159353643,75-100%
27.0,15.149685663809896,-11.850314336190104,11.850314336190104,75-100%
27.0,15.556097243334778,-11.443902756665222,11.443902756665222,75-100%
27.0,15.066981841266504,-11.933018158733496,11.933018158733496,75-100%
27.0,13.678637603478006,-13.321362396521994,13.321362396521994,75-100%
43.0,22.381854487197465,-20.618145512802535,20.618145512802535,75-100%
43.0,20.226298131656673,-22.773701868343327,22.773701868343327,75-100%
43.0,22.337622818551626,-20.662377181448374,20.662377181448374,75-100%
43.0,17.466992147465177,-25.533007852534823,25.533007852534823,75-100%
43.0,20.76807095172589,-22.23192904827411,22.23192904827411,75-100%
43.0,20.4978028429524,-22.5021971570476,22.5021971570476,75-100%
43.0,20.226298131656673,-22.773701868343327,22.773701868343327,75-100%
43.0,21.288644688319465,-21.711355311680535,21.711355311680535,75-100%
43.0,18.230070876346314,-24.769929123653686,24.769929123653686,75-100%
43.0,17.466992147465177,-25.533007852534823,25.533007852534823,75-100%
43.0,17.466992147465177,-25.533007852534823,25.533007852534823,75-100%
43.0,17.466992147465177,-25.533007852534823,25.533007852534823,75-100%
43.0,19.887996521669024,-23.112003478330976,23.112003478330976,75-100%
43.0,17.015700151264863,-25.984299848735137,25.984299848735137,75-100%
26.5,22.274573601962686,-4.225426398037314,4.225426398037314,75-100%
43.0,17.719051470065484,-25.280948529934516,25.280948529934516,75-100%
43.0,17.286891632520664,-25.713108367479336,25.713108367479336,75-100%
26.5,21.444031826222062,-5.055968173777938,5.055968173777938,75-100%
26.5,21.81724963729547,-4.682750362704532,4.682750362704532,75-100%
10.0,16.381423785647105,6.3814237856471046,6.3814237856471046,50-75%
26.5,21.81724963729547,-4.682750362704532,4.682750362704532,75-100%
10.0,16.545335941315674,6.545335941315674,6.545335941315674,50-75%
10.0,17.10181479369181,7.101814793691808,7.101814793691808,50-75%
10.0,16.9618541629258,6.9618541629258,6.9618541629258,50-75%
26.5,21.59846939237874,-4.901530607621261,4.901530607621261,75-100%
10.0,16.545335941315674,6.545335941315674,6.545335941315674,50-75%
10.0,16.534314062273957,6.534314062273957,6.534314062273957,50-75%
10.0,16.545335941315674,6.545335941315674,6.545335941315674,50-75%
10.0,16.7912739420292,6.7912739420292,6.7912739420292,50-75%
10.0,16.381423785647105,6.3814237856471046,6.3814237856471046,50-75%
10.0,16.381423785647105,6.3814237856471046,6.3814237856471046,50-75%
18.0,20.458302093523827,2.4583020935238267,2.4583020935238267,75-100%
18.0,20.458302093523827,2.4583020935238267,2.4583020935238267,75-100%
18.0,21.679351100000506,3.679351100000506,3.679351100000506,75-100%
10.0,16.509745327540738,6.509745327540738,6.509745327540738,50-75%
10.0,16.509745327540738,6.509745327540738,6.509745327540738,50-75%
18.0,20.077955570601237,2.0779555706012367,2.0779555706012367,75-100%
18.0,21.461893077360457,3.4618930773604575,3.4618930773604575,75-100%
18.0,20.077955570601237,2.0779555706012367,2.0779555706012367,75-100%
18.0,20.943323636019677,2.9433236360196773,2.9433236360196773,75-100%
18.0,21.461893077360457,3.4618930773604575,3.4618930773604575,75-100%
18.0,21.461893077360457,3.4618930773604575,3.4618930773604575,75-100%
6.0,15.124621339762594,9.124621339762594,9.124621339762594,25-50%
6.0,15.291333439411543,9.291333439411543,9.291333439411543,25-50%
6.0,15.365524070869073,9.365524070869073,9.365524070869073,25-50%
6.0,14.353616594225677,8.353616594225677,8.353616594225677,25-50%
18.0,21.461893077360457,3.4618930773604575,3.4618930773604575,75-100%
18.0,21.679351100000506,3.679351100000506,3.679351100000506,75-100%
7.0,14.018284266771017,7.018284266771017,7.018284266771017,25-50%
7.0,13.893807232135622,6.893807232135622,6.893807232135622,25-50%
7.0,13.893807232135622,6.893807232135622,6.893807232135622,25-50%
7.0,14.70432625121103,7.704326251211031,7.704326251211031,25-50%
6.0,15.375811261238924,9.375811261238924,9.375811261238924,25-50%
6.0,14.916117677141862,8.916117677141862,8.916117677141862,25-50%
18.0,21.44914670325568,3.4491467032556784,3.4491467032556784,75-100%
18.0,21.44914670325568,3.4491467032556784,3.4491467032556784,75-100%
8.0,12.837199473679387,4.837199473679387,4.837199473679387,25-50%
7.0,14.06132831116458,7.06132831116458,7.06132831116458,25-50%
7.0,13.998000439349093,6.998000439349093,6.998000439349093,25-50%
7.0,13.998000439349093,6.998000439349093,6.998000439349093,25-50%
7.0,14.074874823196792,7.074874823196792,7.074874823196792,25-50%
6.0,15.1030351039988,9.1030351039988,9.1030351039988,25-50%
8.0,11.369656576544639,3.3696565765446387,3.3696565765446387,25-50%
8.0,11.369656576544639,3.3696565765446387,3.3696565765446387,25-50%
7.0,12.971397366481252,5.971397366481252,5.971397366481252,25-50%
7.0,13.24009438438595,6.24009438438595,6.24009438438595,25-50%
7.0,14.125823487915728,7.125823487915728,7.125823487915728,25-50%
7.0,14.075967403665464,7.075967403665464,7.075967403665464,25-50%
7.0,15.679441534160093,8.679441534160093,8.679441534160093,25-50%
7.0,14.929961423431491,7.929961423431491,7.929961423431491,25-50%
6.0,15.1030351039988,9.1030351039988,9.1030351039988,25-50%
8.0,11.369656576544639,3.3696565765446387,3.3696565765446387,25-50%
7.0,15.679441534160093,8.679441534160093,8.679441534160093,25-50%
7.0,15.679441534160093,8.679441534160093,8.679441534160093,25-50%
7.0,14.90012993528336,7.90012993528336,7.90012993528336,25-50%
6.0,14.938124867553148,8.938124867553148,8.938124867553148,25-50%
8.0,11.369656576544639,3.3696565765446387,3.3696565765446387,25-50%
8.0,10.88253773726348,2.8825377372634797,2.8825377372634797,25-50%
7.0,16.077525525848138,9.077525525848138,9.077525525848138,25-50%
7.0,14.756153454471885,7.756153454471885,7.756153454471885,25-50%
7.0,15.036392183560482,8.036392183560482,8.036392183560482,25-50%
16.0,17.921762725724363,1.9217627257243635,1.9217627257243635,75-100%
16.0,18.120491665253542,2.1204916652535424,2.1204916652535424,75-100%
16.0,18.20882504667501,2.2088250466750097,2.2088250466750097,75-100%
16.0,18.50579639263287,2.5057963926328704,2.5057963926328704,75-100%
16.0,18.898129886150713,2.8981298861507128,2.8981298861507128,75-100%
14.0,19.849150870341447,5.849150870341447,5.849150870341447,50-75%
14.0,20.657537058293066,6.657537058293066,6.657537058293066,50-75%
14.0,20.657537058293066,6.657537058293066,6.657537058293066,50-75%
14.0,20.446209611758498,6.446209611758498,6.446209611758498,50-75%
8.0,11.232073876392997,3.232073876392997,3.232073876392997,25-50%
8.0,14.419299399528796,6.419299399528796,6.419299399528796,25-50%
16.0,17.381996791683495,1.3819967916834948,1.3819967916834948,75-100%
16.0,17.157373267462184,1.1573732674621837,1.1573732674621837,75-100%
16.0,17.39355151486591,1.3935515148659086,1.3935515148659086,75-100%
16.0,17.921762725724363,1.9217627257243635,1.9217627257243635,75-100%
16.0,18.872305492550872,2.872305492550872,2.872305492550872,75-100%
16.0,18.905308826443385,2.9053088264433846,2.9053088264433846,75-100%
16.0,19.494348915581458,3.494348915581458,3.494348915581458,75-100%
14.0,20.75326517156965,6.753265171569652,6.753265171569652,50-75%
14.0,21.18151816822335,7.181518168223349,7.181518168223349,50-75%
14.0,19.88564081466743,5.885640814667429,5.885640814667429,50-75%
14.0,20.657537058293066,6.657537058293066,6.657537058293066,50-75%
14.0,20.657537058293066,6.657537058293066,6.657537058293066,50-75%
14.0,21.168917610493118,7.168917610493118,7.168917610493118,50-75%
16.0,17.157373267462184,1.1573732674621837,1.1573732674621837,75-100%
16.0,17.157373267462184,1.1573732674621837,1.1573732674621837,75-100%
16.0,17.39355151486591,1.3935515148659086,1.3935515148659086,75-100%
16.0,17.921762725724363,1.9217627257243635,1.9217627257243635,75-100%
16.0,18.111585581384787,2.1115855813847872,2.1115855813847872,75-100%
16.0,18.40558760931443,2.4055876093144306,2.4055876093144306,75-100%
16.0,19.838206940335915,3.8382069403359154,3.8382069403359154,75-100%
14.0,20.996980776311204,6.996980776311204,6.996980776311204,50-75%
14.0,20.018687268153577,6.0186872681535775,6.0186872681535775,50-75%
14.0,20.7172835649703,6.717283564970302,6.717283564970302,50-75%
14.0,20.7172835649703,6.717283564970302,6.717283564970302,50-75%
16.0,16.860237253496493,0.8602372534964928,0.8602372534964928,75-100%
16.0,16.73818068742919,0.738180687429189,0.738180687429189,75-100%
16.0,17.157373267462184,1.1573732674621837,1.1573732674621837,75-100%
16.0,17.921762725724363,1.9217627257243635,1.9217627257243635,75-100%
16.0,18.420036120512275,2.4200361205122753,2.4200361205122753,75-100%
16.0,18.501279314364176,2.501279314364176,2.501279314364176,75-100%
16.0,19.83943699265129,3.83943699265129,3.83943699265129,75-100%
14.0,21.03547963935167,7.035479639351671,7.035479639351671,50-75%
14.0,20.239400433242782,6.239400433242782,6.239400433242782,50-75%
13.5,23.131856695574534,9.631856695574534,9.631856695574534,50-75%
16.0,17.157373267462184,1.1573732674621837,1.1573732674621837,75-100%
16.0,17.39355151486591,1.3935515148659086,1.3935515148659086,75-100%
16.0,18.713994268727756,2.713994268727756,2.713994268727756,75-100%
16.0,18.998052622965467,2.998052622965467,2.998052622965467,75-100%
13.5,24.370654867855002,10.870654867855002,10.870654867855002,50-75%
13.5,24.37249365473125,10.872493654731251,10.872493654731251,50-75%
16.0,16.860237253496493,0.8602372534964928,0.8602372534964928,75-100%
16.0,17.39355151486591,1.3935515148659086,1.3935515148659086,75-100%
16.0,18.713994268727756,2.713994268727756,2.713994268727756,75-100%
16.0,19.031257837528205,3.031257837528205,3.031257837528205,75-100%
13.5,23.826328048557425,10.326328048557425,10.326328048557425,50-75%
13.5,24.440644728492813,10.940644728492813,10.940644728492813,50-75%
13.0,22.640031939010633,9.640031939010633,9.640031939010633,50-75%
13.0,19.053674464230138,6.053674464230138,6.053674464230138,50-75%
13.0,19.000637486496196,6.0006374864961955,6.0006374864961955,50-75%
13.0,18.99850471928041,5.998504719280412,5.998504719280412,50-75%
13.0,22.46037815992316,9.46037815992316,9.46037815992316,50-75%
13.0,21.555960396788443,8.555960396788443,8.555960396788443,50-75%
13.0,22.828870384966713,9.828870384966713,9.828870384966713,50-75%
13.0,17.770858873562656,4.770858873562656,4.770858873562656,50-75%
13.0,17.437053061511843,4.437053061511843,4.437053061511843,50-75%
13.0,21.595672831566443,8.595672831566443,8.595672831566443,50-75%
13.0,19.08414172751644,6.084141727516439,6.084141727516439,50-75%
13.0,17.759067128069407,4.7590671280694075,4.7590671280694075,50-75%
13.0,16.727405444654277,3.727405444654277,3.727405444654277,50-75%
13.0,18.086537302691703,5.086537302691703,5.086537302691703,50-75%
13.0,18.99850471928041,5.998504719280412,5.998504719280412,50-75%
13.0,19.10867942272538,6.1086794227253804,6.1086794227253804,50-75%
13.0,18.68419601378918,5.68419601378918,5.68419601378918,50-75%
5.0,19.59836318033155,14.59836318033155,14.59836318033155,0-25%
5.0,18.214237241761094,13.214237241761094,13.214237241761094,0-25%
5.0,18.08439134020378,13.08439134020378,13.08439134020378,0-25%
5.0,19.585423407152497,14.585423407152497,14.585423407152497,0-25%
5.0,19.585423407152497,14.585423407152497,14.585423407152497,0-25%
5.0,18.166687477500414,13.166687477500414,13.166687477500414,0-25%
5.0,18.08439134020378,13.08439134020378,13.08439134020378,0-25%
5.0,18.16611395903562,13.16611395903562,13.16611395903562,0-25%
5.0,17.144869676434716,12.144869676434716,12.144869676434716,0-25%
5.0,18.02155509181027,13.02155509181027,13.02155509181027,0-25%
5.0,19.510533577192177,14.510533577192177,14.510533577192177,0-25%
5.0,19.636492848930864,14.636492848930864,14.636492848930864,0-25%
5.0,18.16611395903562,13.16611395903562,13.16611395903562,0-25%
5.0,18.067241815584197,13.067241815584197,13.067241815584197,0-25%
5.0,18.16611395903562,13.16611395903562,13.16611395903562,0-25%
5.0,18.148890997226523,13.148890997226523,13.148890997226523,0-25%
5.0,17.144869676434716,12.144869676434716,12.144869676434716,0-25%
5.0,19.26869903178547,14.26869903178547,14.26869903178547,0-25%
5.0,19.510533577192177,14.510533577192177,14.510533577192177,0-25%
5.0,19.497035633677655,14.497035633677655,14.497035633677655,0-25%
5.0,18.08439134020378,13.08439134020378,13.08439134020378,0-25%
5.0,18.16611395903562,13.16611395903562,13.16611395903562,0-25%
5.0,18.16611395903562,13.16611395903562,13.16611395903562,0-25%
5.0,19.125408793776604,14.125408793776604,14.125408793776604,0-25%
5.0,19.510533577192177,14.510533577192177,14.510533577192177,0-25%
5.0,19.478616685388346,14.478616685388346,14.478616685388346,0-25%
5.0,18.16611395903562,13.16611395903562,13.16611395903562,0-25%
5.0,18.08439134020378,13.08439134020378,13.08439134020378,0-25%
5.0,18.08439134020378,13.08439134020378,13.08439134020378,0-25%
5.0,19.439894075699186,14.439894075699186,14.439894075699186,0-25%
5.0,19.439894075699186,14.439894075699186,14.439894075699186,0-25%
5.0,19.49060248037024,14.490602480370239,14.490602480370239,0-25%
5.0,19.497035633677655,14.497035633677655,14.497035633677655,0-25%
5.0,18.16611395903562,13.16611395903562,13.16611395903562,0-25%
5.0,18.16611395903562,13.16611395903562,13.16611395903562,0-25%
45.0,21.981480337261065,-23.018519662738935,23.018519662738935,75-100%
45.0,22.49709387483432,-22.50290612516568,22.50290612516568,75-100%
45.0,22.079890955882,-22.920109044118,22.920109044118,75-100%
45.0,21.35938656457009,-23.64061343542991,23.64061343542991,75-100%
45.0,22.39690433977816,-22.60309566022184,22.60309566022184,75-100%
45.0,21.981480337261065,-23.018519662738935,23.018519662738935,75-100%
45.0,21.981480337261065,-23.018519662738935,23.018519662738935,75-100%
45.0,22.419997878734044,-22.580002121265956,22.580002121265956,75-100%
45.0,22.46123155364299,-22.53876844635701,22.53876844635701,75-100%
45.0,22.079890955882,-22.920109044118,22.920109044118,75-100%
45.0,21.256970759502867,-23.743029240497133,23.743029240497133,75-100%
45.0,22.461449227666414,-22.538550772333586,22.538550772333586,75-100%
45.0,22.39690433977816,-22.60309566022184,22.60309566022184,75-100%
45.0,22.48233313571901,-22.51766686428099,22.51766686428099,75-100%
45.0,22.46123155364299,-22.53876844635701,22.53876844635701,75-100%
45.0,22.48233313571901,-22.51766686428099,22.51766686428099,75-100%
45.0,22.079890955882,-22.920109044118,22.920109044118,75-100%
45.0,22.461449227666414,-22.538550772333586,22.538550772333586,75-100%
45.0,22.37587952531883,-22.62412047468117,22.62412047468117,75-100%
45.0,23.10007801464787,-21.89992198535213,21.89992198535213,75-100%
45.0,23.115227061472854,-21.884772938527146,21.884772938527146,75-100%
45.0,22.48233313571901,-22.51766686428099,22.51766686428099,75-100%
45.0,22.48233313571901,-22.51766686428099,22.51766686428099,75-100%
14.0,21.138665662837255,7.138665662837255,7.138665662837255,50-75%
14.0,20.148046784497886,6.148046784497886,6.148046784497886,50-75%
14.0,20.148046784497886,6.148046784497886,6.148046784497886,50-75%
14.0,21.077759890165787,7.077759890165787,7.077759890165787,50-75%
45.0,20.901379869625217,-24.098620130374783,24.098620130374783,75-100%
45.0,23.072693457255873,-21.927306542744127,21.927306542744127,75-100%
45.0,23.1381847982791,-21.8618152017209,21.8618152017209,75-100%
45.0,23.10007801464787,-21.89992198535213,21.89992198535213,75-100%
13.5,20.854987971979195,7.354987971979195,7.354987971979195,50-75%
13.5,21.210847868666736,7.710847868666736,7.710847868666736,50-75%
13.5,20.99207992101588,7.492079921015879,7.492079921015879,50-75%
13.5,21.412298134452605,7.912298134452605,7.912298134452605,50-75%
13.5,21.410673877876285,7.910673877876285,7.910673877876285,50-75%
14.0,21.138665662837255,7.138665662837255,7.138665662837255,50-75%
14.0,21.138665662837255,7.138665662837255,7.138665662837255,50-75%
45.0,23.1381847982791,-21.8618152017209,21.8618152017209,75-100%
45.0,23.1381847982791,-21.8618152017209,21.8618152017209,75-100%
45.0,23.1381847982791,-21.8618152017209,21.8618152017209,75-100%
13.5,21.410673877876285,7.910673877876285,7.910673877876285,50-75%
13.5,20.854987971979195,7.354987971979195,7.354987971979195,50-75%
13.5,21.052749328913496,7.552749328913496,7.552749328913496,50-75%
13.5,21.472498058201225,7.972498058201225,7.972498058201225,50-75%
13.5,21.472498058201225,7.972498058201225,7.972498058201225,50-75%
13.5,21.410673877876285,7.910673877876285,7.910673877876285,50-75%
13.5,21.390535305125454,7.890535305125454,7.890535305125454,50-75%
14.0,21.138665662837255,7.138665662837255,7.138665662837255,50-75%
13.0,20.699779356607042,7.699779356607042,7.699779356607042,50-75%
13.5,21.410673877876285,7.910673877876285,7.910673877876285,50-75%
13.5,21.410673877876285,7.910673877876285,7.910673877876285,50-75%
13.5,21.472498058201225,7.972498058201225,7.972498058201225,50-75%
13.5,21.472498058201225,7.972498058201225,7.972498058201225,50-75%
13.5,21.410673877876285,7.910673877876285,7.910673877876285,50-75%
13.5,21.17634697849367,7.676346978493669,7.676346978493669,50-75%
13.5,21.472498058201225,7.972498058201225,7.972498058201225,50-75%
14.0,21.638193628895216,7.638193628895216,7.638193628895216,50-75%
13.0,20.96885354314626,7.96885354314626,7.96885354314626,50-75%
13.0,20.96885354314626,7.96885354314626,7.96885354314626,50-75%
13.5,21.5289231832899,8.028923183289901,8.028923183289901,50-75%
13.5,21.410673877876285,7.910673877876285,7.910673877876285,50-75%
13.5,21.472498058201225,7.972498058201225,7.972498058201225,50-75%
13.5,21.5289231832899,8.028923183289901,8.028923183289901,50-75%
13.5,21.40528017780899,7.90528017780899,7.90528017780899,50-75%
13.5,21.507313684799474,8.007313684799474,8.007313684799474,50-75%
14.0,21.874782154308765,7.874782154308765,7.874782154308765,50-75%
13.0,20.96885354314626,7.96885354314626,7.96885354314626,50-75%
13.0,21.083171075511686,8.083171075511686,8.083171075511686,50-75%
13.5,21.46857210641985,7.968572106419849,7.968572106419849,50-75%
13.5,21.46857210641985,7.968572106419849,7.968572106419849,50-75%
13.5,21.5289231832899,8.028923183289901,8.028923183289901,50-75%
13.5,21.521461537296396,8.021461537296396,8.021461537296396,50-75%
13.0,20.98172755723981,7.981727557239811,7.981727557239811,50-75%
13.0,20.983320725108758,7.983320725108758,7.983320725108758,50-75%
13.0,21.024014091208894,8.024014091208894,8.024014091208894,50-75%
13.0,21.042368406138785,8.042368406138785,8.042368406138785,50-75%
13.0,20.98172755723981,7.981727557239811,7.981727557239811,50-75%
15.0,23.944725380826632,8.944725380826632,8.944725380826632,50-75%
15.0,21.49714689705727,6.49714689705727,6.49714689705727,50-75%
15.0,24.29512658688635,9.29512658688635,9.29512658688635,50-75%
15.0,24.34195044300986,9.34195044300986,9.34195044300986,50-75%
15.0,24.149884162814903,9.149884162814903,9.149884162814903,50-75%
15.0,24.188094025240623,9.188094025240623,9.188094025240623,50-75%
15.0,22.813041179710844,7.813041179710844,7.813041179710844,50-75%
15.0,22.703651152809243,7.703651152809243,7.703651152809243,50-75%
15.0,22.72618913464043,7.726189134640428,7.726189134640428,50-75%
15.0,23.014115012115983,8.014115012115983,8.014115012115983,50-75%
15.0,24.08069421474566,9.080694214745659,9.080694214745659,50-75%
15.0,23.029210023532872,8.029210023532872,8.029210023532872,50-75%
15.0,21.51738135877507,6.517381358775069,6.517381358775069,50-75%
15.0,22.747529025780885,7.747529025780885,7.747529025780885,50-75%
15.0,22.703651152809243,7.703651152809243,7.703651152809243,50-75%
15.0,22.790199969181657,7.790199969181657,7.790199969181657,50-75%
15.0,21.61380462641148,6.613804626411479,6.613804626411479,50-75%
15.0,21.61380462641148,6.613804626411479,6.613804626411479,50-75%
15.0,22.6033526824882,7.6033526824882,7.6033526824882,50-75%
15.0,21.51738135877507,6.517381358775069,6.517381358775069,50-75%
15.0,22.703651152809243,7.703651152809243,7.703651152809243,50-75%
15.0,21.584606731529387,6.584606731529387,6.584606731529387,50-75%
15.0,21.57041921158493,6.57041921158493,6.57041921158493,50-75%
15.0,22.83423805282912,7.834238052829122,7.834238052829122,50-75%
15.0,21.59959876451753,6.5995987645175305,6.5995987645175305,50-75%
15.0,22.747529025780885,7.747529025780885,7.747529025780885,50-75%
15.0,21.591447469282045,6.591447469282045,6.591447469282045,50-75%
15.0,20.51763873619262,5.51763873619262,5.51763873619262,50-75%
14.0,22.84921999554651,8.849219995546509,8.849219995546509,50-75%
14.0,22.4241673607643,8.4241673607643,8.4241673607643,50-75%
14.0,20.645603153047862,6.645603153047862,6.645603153047862,50-75%
13.0,24.846478186537425,11.846478186537425,11.846478186537425,50-75%
13.0,25.036337145789947,12.036337145789947,12.036337145789947,50-75%
13.0,21.76068459284827,8.760684592848271,8.760684592848271,50-75%
13.0,20.717979487335157,7.717979487335157,7.717979487335157,50-75%
13.0,19.507272464063735,6.507272464063735,6.507272464063735,50-75%
13.0,18.5850491505434,5.5850491505434015,5.5850491505434015,50-75%
13.0,23.41982595539828,10.41982595539828,10.41982595539828,50-75%
13.0,24.9046396650151,11.9046396650151,11.9046396650151,50-75%
13.0,25.21372061376993,12.21372061376993,12.21372061376993,50-75%
13.0,19.081218243784882,6.081218243784882,6.081218243784882,50-75%
13.0,18.5850491505434,5.5850491505434015,5.5850491505434015,50-75%
13.0,25.230198273335745,12.230198273335745,12.230198273335745,50-75%
13.0,25.1786461778364,12.178646177836399,12.178646177836399,50-75%
13.0,22.448751378242452,9.448751378242452,9.448751378242452,50-75%
13.0,17.949443043708445,4.949443043708445,4.949443043708445,50-75%
13.0,25.12912379269074,12.129123792690741,12.129123792690741,50-75%
13.0,19.081218243784882,6.081218243784882,6.081218243784882,50-75%
13.0,22.448751378242452,9.448751378242452,9.448751378242452,50-75%
13.0,24.00381523367462,11.003815233674619,11.003815233674619,50-75%
13.0,20.55378374837596,7.55378374837596,7.55378374837596,50-75%
13.0,19.081218243784882,6.081218243784882,6.081218243784882,50-75%
13.0,19.081218243784882,6.081218243784882,6.081218243784882,50-75%
13.0,23.927655864818078,10.927655864818078,10.927655864818078,50-75%
13.0,23.387569328076268,10.387569328076268,10.387569328076268,50-75%
13.0,22.002414139849805,9.002414139849805,9.002414139849805,50-75%
13.0,23.523837859087,10.523837859087,10.523837859087,50-75%
13.0,22.464962573289313,9.464962573289313,9.464962573289313,50-75%
13.0,23.720498328206297,10.720498328206297,10.720498328206297,50-75%
13.0,23.93142931013342,10.93142931013342,10.93142931013342,50-75%
13.0,21.959794248542348,8.959794248542348,8.959794248542348,50-75%
13.0,18.163752958954834,5.163752958954834,5.163752958954834,50-75%
13.0,25.131841101511203,12.131841101511203,12.131841101511203,50-75%
13.0,23.679803531682026,10.679803531682026,10.679803531682026,50-75%
13.0,24.65779074872622,11.657790748726221,11.657790748726221,50-75%
13.0,23.803960281271365,10.803960281271365,10.803960281271365,50-75%
13.0,23.93142931013342,10.93142931013342,10.93142931013342,50-75%
13.0,19.67770464650882,6.677704646508818,6.677704646508818,50-75%
13.0,19.67770464650882,6.677704646508818,6.677704646508818,50-75%
13.0,24.918104117483804,11.918104117483804,11.918104117483804,50-75%
13.0,25.028752647237823,12.028752647237823,12.028752647237823,50-75%
13.0,26.11712041285273,13.117120412852731,13.117120412852731,50-75%
13.0,25.134310354339693,12.134310354339693,12.134310354339693,50-75%
13.0,18.56771764298337,5.5677176429833715,5.5677176429833715,50-75%
13.0,18.56771764298337,5.5677176429833715,5.5677176429833715,50-75%
13.0,18.967301548334355,5.967301548334355,5.967301548334355,50-75%
13.0,18.967301548334355,5.967301548334355,5.967301548334355,50-75%
13.0,26.484796224713413,13.484796224713413,13.484796224713413,50-75%
13.0,25.813743528704368,12.813743528704368,12.813743528704368,50-75%
13.0,25.57534347672359,12.575343476723589,12.575343476723589,50-75%
13.0,26.847910649275878,13.847910649275878,13.847910649275878,50-75%
13.0,27.21656627324435,14.21656627324435,14.21656627324435,50-75%
13.0,27.69622507850961,14.69622507850961,14.69622507850961,50-75%
13.0,23.933944587643516,10.933944587643516,10.933944587643516,50-75%
13.0,19.175089073614586,6.175089073614586,6.175089073614586,50-75%
13.0,19.175089073614586,6.175089073614586,6.175089073614586,50-75%
13.0,19.175089073614586,6.175089073614586,6.175089073614586,50-75%
13.0,18.893260553769952,5.893260553769952,5.893260553769952,50-75%
13.0,25.6726251310299,12.6726251310299,12.6726251310299,50-75%
13.0,19.175089073614586,6.175089073614586,6.175089073614586,50-75%
13.0,19.951157772861094,6.9511577728610945,6.9511577728610945,50-75%
13.0,19.175089073614586,6.175089073614586,6.175089073614586,50-75%
13.0,19.175089073614586,6.175089073614586,6.175089073614586,50-75%
6.0,22.243839060064744,16.243839060064744,16.243839060064744,25-50%
6.0,24.245146441899976,18.245146441899976,18.245146441899976,25-50%
6.0,25.048556237041222,19.048556237041222,19.048556237041222,25-50%
6.0,25.107440366075274,19.107440366075274,19.107440366075274,25-50%
6.0,22.243839060064744,16.243839060064744,16.243839060064744,25-50%
6.0,22.589178515018645,16.589178515018645,16.589178515018645,25-50%
6.0,23.407057775073234,17.407057775073234,17.407057775073234,25-50%
6.0,23.794708676302665,17.794708676302665,17.794708676302665,25-50%
6.0,21.86346566652196,15.86346566652196,15.86346566652196,25-50%
6.0,21.86346566652196,15.86346566652196,15.86346566652196,25-50%
6.0,22.589178515018645,16.589178515018645,16.589178515018645,25-50%
6.0,23.407057775073234,17.407057775073234,17.407057775073234,25-50%
6.0,23.973591994152788,17.973591994152788,17.973591994152788,25-50%
6.0,25.233739528313,19.233739528313,19.233739528313,25-50%
6.0,25.396193946411454,19.396193946411454,19.396193946411454,25-50%
6.0,22.15764829676425,16.15764829676425,16.15764829676425,25-50%
6.0,21.975462386952398,15.975462386952398,15.975462386952398,25-50%
6.0,23.973591994152788,17.973591994152788,17.973591994152788,25-50%
6.0,25.415734529392758,19.415734529392758,19.415734529392758,25-50%
6.0,25.74656232857266,19.74656232857266,19.74656232857266,25-50%
6.0,25.192060416135945,19.192060416135945,19.192060416135945,25-50%
14.0,24.61141180010828,10.611411800108279,10.611411800108279,50-75%
14.0,24.990894663148683,10.990894663148683,10.990894663148683,50-75%
14.0,31.072599537851033,17.072599537851033,17.072599537851033,50-75%
14.0,31.072599537851033,17.072599537851033,17.072599537851033,50-75%
26.0,24.518592553073866,-1.4814074469261342,1.4814074469261342,75-100%
6.0,22.589178515018645,16.589178515018645,16.589178515018645,25-50%
6.0,23.407057775073234,17.407057775073234,17.407057775073234,25-50%
6.0,23.973591994152788,17.973591994152788,17.973591994152788,25-50%
6.0,25.415734529392758,19.415734529392758,19.415734529392758,25-50%
6.0,25.74656232857266,19.74656232857266,19.74656232857266,25-50%
6.0,25.535993487274652,19.535993487274652,19.535993487274652,25-50%
14.0,24.451263537730597,10.451263537730597,10.451263537730597,50-75%
14.0,30.26886719147892,16.26886719147892,16.26886719147892,50-75%
14.0,31.347116140961067,17.347116140961067,17.347116140961067,50-75%
14.0,29.647601916788386,15.647601916788386,15.647601916788386,50-75%
26.0,24.518592553073866,-1.4814074469261342,1.4814074469261342,75-100%
6.0,19.066423682574694,13.066423682574694,13.066423682574694,25-50%
6.0,24.089372284535404,18.089372284535404,18.089372284535404,25-50%
6.0,25.310361473537146,19.310361473537146,19.310361473537146,25-50%
6.0,25.63298689753289,19.63298689753289,19.63298689753289,25-50%
14.0,29.475108641608056,15.475108641608056,15.475108641608056,50-75%
14.0,29.861146236756262,15.861146236756262,15.861146236756262,50-75%
14.0,30.59488175080342,16.59488175080342,16.59488175080342,50-75%
26.0,26.942467036027207,0.9424670360272067,0.9424670360272067,75-100%
26.0,26.550332474874864,0.5503324748748639,0.5503324748748639,75-100%
26.0,24.894549673760874,-1.1054503262391258,1.1054503262391258,75-100%
26.0,24.517882943676515,-1.4821170563234851,1.4821170563234851,75-100%
26.0,24.01525320320181,-1.9847467967981913,1.9847467967981913,75-100%
26.0,19.901556249038677,-6.098443750961323,6.098443750961323,75-100%
12.0,23.375711042551668,11.375711042551668,11.375711042551668,50-75%
12.0,23.375711042551668,11.375711042551668,11.375711042551668,50-75%
12.0,23.375711042551668,11.375711042551668,11.375711042551668,50-75%
12.0,32.61906968224948,20.61906968224948,20.61906968224948,50-75%
14.0,24.49580804677527,10.49580804677527,10.49580804677527,50-75%
14.0,27.99542690672296,13.995426906722962,13.995426906722962,50-75%
14.0,29.55696545100127,15.556965451001268,15.556965451001268,50-75%
26.0,27.420361706551766,1.4203617065517662,1.4203617065517662,75-100%
26.0,30.156947058210058,4.156947058210058,4.156947058210058,75-100%
26.0,26.51575018208023,0.5157501820802288,0.5157501820802288,75-100%
26.0,24.383794789026823,-1.6162052109731775,1.6162052109731775,75-100%
26.0,24.368690212359972,-1.6313097876400278,1.6313097876400278,75-100%
26.0,24.517882943676515,-1.4821170563234851,1.4821170563234851,75-100%
19.0,18.399451368714352,-0.6005486312856476,0.6005486312856476,75-100%
12.0,23.629374195893504,11.629374195893504,11.629374195893504,50-75%
12.0,25.301411553680154,13.301411553680154,13.301411553680154,50-75%
12.0,26.291970361884452,14.291970361884452,14.291970361884452,50-75%
12.0,33.13605787074693,21.13605787074693,21.13605787074693,50-75%
12.0,34.26492766077989,22.26492766077989,22.26492766077989,50-75%
12.0,34.989663539023994,22.989663539023994,22.989663539023994,50-75%
12.0,29.581354886070383,17.581354886070383,17.581354886070383,50-75%
12.0,30.163176520202224,18.163176520202224,18.163176520202224,50-75%
14.0,23.85881008266324,9.85881008266324,9.85881008266324,50-75%
20.0,24.57359570551714,4.573595705517139,4.573595705517139,75-100%
20.0,25.562231797179603,5.562231797179603,5.562231797179603,75-100%
26.0,25.60406535753924,-0.3959346424607588,0.3959346424607588,75-100%
19.0,25.701452151110562,6.701452151110562,6.701452151110562,75-100%
21.33333333333333,29.84281423779564,8.509480904462311,8.509480904462311,75-100%
26.0,24.383794789026823,-1.6162052109731775,1.6162052109731775,75-100%
26.0,24.01525320320181,-1.9847467967981913,1.9847467967981913,75-100%
16.666666666666668,18.601329623617335,1.9346629569506675,1.9346629569506675,75-100%
12.0,10.200911203804782,-1.7990887961952176,1.7990887961952176,50-75%
12.0,28.528785087636464,16.528785087636464,16.528785087636464,50-75%
12.0,33.83985951956775,21.839859519567753,21.839859519567753,50-75%
12.0,34.754505042605395,22.754505042605395,22.754505042605395,50-75%
12.0,34.56676811929755,22.56676811929755,22.56676811929755,50-75%
12.0,30.389745862886862,18.389745862886862,18.389745862886862,50-75%
12.0,30.389745862886862,18.389745862886862,18.389745862886862,50-75%
12.0,30.4746479303482,18.4746479303482,18.4746479303482,50-75%
12.0,30.364196485823737,18.364196485823737,18.364196485823737,50-75%
14.0,28.4180450943287,14.4180450943287,14.4180450943287,50-75%
14.0,28.289737338022693,14.289737338022693,14.289737338022693,50-75%
26.0,25.039209428025913,-0.960790571974087,0.960790571974087,75-100%
19.0,25.61352449296412,6.613524492964121,6.613524492964121,75-100%
19.0,24.61060089867049,5.610600898670491,5.610600898670491,75-100%
21.33333333333333,23.865946511076864,2.532613177743535,2.532613177743535,75-100%
21.33333333333333,23.865946511076864,2.532613177743535,2.532613177743535,75-100%
19.0,21.337806976689244,2.3378069766892438,2.3378069766892438,75-100%
16.666666666666668,21.86109657510945,5.194429908442782,5.194429908442782,75-100%
12.0,15.521818730323213,3.521818730323213,3.521818730323213,50-75%
12.0,10.961317937043473,-1.0386820629565268,1.0386820629565268,50-75%
12.0,28.427222298622706,16.427222298622706,16.427222298622706,50-75%
12.0,28.427222298622706,16.427222298622706,16.427222298622706,50-75%
12.0,33.68300962899988,21.683009628999883,21.683009628999883,50-75%
12.0,26.155187620459568,14.155187620459568,14.155187620459568,50-75%
12.0,26.444112478802687,14.444112478802687,14.444112478802687,50-75%
12.0,30.105596891632793,18.105596891632793,18.105596891632793,50-75%
19.0,22.216074976975342,3.2160749769753423,3.2160749769753423,75-100%
19.0,23.109834670291654,4.109834670291654,4.109834670291654,75-100%
19.0,22.04057544654903,3.040575446549031,3.040575446549031,75-100%
19.0,23.64735807774296,4.647358077742961,4.647358077742961,75-100%
19.0,22.266228739395125,3.2662287393951246,3.2662287393951246,75-100%
21.33333333333333,26.006918240417324,4.673584907083995,4.673584907083995,75-100%
21.33333333333333,26.165745356165196,4.832412022831868,4.832412022831868,75-100%
16.666666666666668,21.570262905730942,4.903596239064274,4.903596239064274,75-100%
12.0,19.937060462162226,7.937060462162226,7.937060462162226,50-75%
12.0,19.937060462162226,7.937060462162226,7.937060462162226,50-75%
12.0,15.521818730323213,3.521818730323213,3.521818730323213,50-75%
12.0,15.643357239056481,3.6433572390564812,3.6433572390564812,50-75%
12.0,30.340319737704014,18.340319737704014,18.340319737704014,50-75%
12.0,32.327201748154536,20.327201748154536,20.327201748154536,50-75%
12.0,33.20396877902862,21.20396877902862,21.20396877902862,50-75%
12.0,34.394018391247315,22.394018391247315,22.394018391247315,50-75%
12.0,26.417463648221894,14.417463648221894,14.417463648221894,50-75%
12.0,26.663418127216385,14.663418127216385,14.663418127216385,50-75%
12.0,27.26879801183398,15.26879801183398,15.26879801183398,50-75%
19.0,24.283626713397787,5.283626713397787,5.283626713397787,75-100%
19.0,25.004698895395325,6.004698895395325,6.004698895395325,75-100%
19.0,23.64735807774296,4.647358077742961,4.647358077742961,75-100%
12.0,22.403443870468763,10.403443870468763,10.403443870468763,50-75%
12.0,23.02545195645098,11.02545195645098,11.02545195645098,50-75%
12.0,22.43846599078251,10.438465990782511,10.438465990782511,50-75%
12.0,20.968699975850512,8.968699975850512,8.968699975850512,50-75%
12.0,20.15493967681445,8.15493967681445,8.15493967681445,50-75%
12.0,19.937060462162226,7.937060462162226,7.937060462162226,50-75%
12.0,33.38563962067324,21.38563962067324,21.38563962067324,50-75%
12.0,30.626598519120556,18.626598519120556,18.626598519120556,50-75%
12.0,30.626598519120556,18.626598519120556,18.626598519120556,50-75%
12.0,27.028892408799848,15.028892408799848,15.028892408799848,50-75%
12.0,26.663418127216385,14.663418127216385,14.663418127216385,50-75%
12.0,26.881378788365403,14.881378788365403,14.881378788365403,50-75%
12.0,26.97710393938419,14.97710393938419,14.97710393938419,50-75%
12.0,25.27203551517853,13.27203551517853,13.27203551517853,50-75%
12.0,24.12552809250335,12.125528092503352,12.125528092503352,50-75%
12.0,22.781193446948542,10.781193446948542,10.781193446948542,50-75%
12.0,22.89900809456091,10.899008094560909,10.899008094560909,50-75%
12.0,21.828400216440066,9.828400216440066,9.828400216440066,50-75%
12.0,27.157659315168587,15.157659315168587,15.157659315168587,50-75%
12.0,30.358196651221125,18.358196651221125,18.358196651221125,50-75%
12.0,27.028892408799848,15.028892408799848,15.028892408799848,50-75%
12.0,26.663418127216385,14.663418127216385,14.663418127216385,50-75%
12.0,26.97710393938419,14.97710393938419,14.97710393938419,50-75%
12.0,24.239452912875333,12.239452912875333,12.239452912875333,50-75%
12.0,24.239452912875333,12.239452912875333,12.239452912875333,50-75%
12.0,22.32236091328984,10.322360913289842,10.322360913289842,50-75%
12.0,22.117594100108185,10.117594100108185,10.117594100108185,50-75%
12.0,20.15493967681445,8.15493967681445,8.15493967681445,50-75%
12.0,20.15493967681445,8.15493967681445,8.15493967681445,50-75%
12.0,19.82131199592043,7.8213119959204285,7.8213119959204285,50-75%
12.0,30.626598519120556,18.626598519120556,18.626598519120556,50-75%
12.0,30.626598519120556,18.626598519120556,18.626598519120556,50-75%
12.0,27.21656627324435,15.21656627324435,15.21656627324435,50-75%
13.0,23.00131951501404,10.001319515014039,10.001319515014039,50-75%
13.0,23.907406259944118,10.907406259944118,10.907406259944118,50-75%
13.0,23.089178701857662,10.089178701857662,10.089178701857662,50-75%
13.0,21.38396265878042,8.383962658780419,8.383962658780419,50-75%
13.0,23.37401100481313,10.37401100481313,10.37401100481313,50-75%
13.0,23.328975592601715,10.328975592601715,10.328975592601715,50-75%
13.0,23.907406259944118,10.907406259944118,10.907406259944118,50-75%
13.0,23.216628710358897,10.216628710358897,10.216628710358897,50-75%
13.0,23.089178701857662,10.089178701857662,10.089178701857662,50-75%
13.0,23.245732706998545,10.245732706998545,10.245732706998545,50-75%
13.0,23.328975592601715,10.328975592601715,10.328975592601715,50-75%
13.0,23.328975592601715,10.328975592601715,10.328975592601715,50-75%
13.0,23.328975592601715,10.328975592601715,10.328975592601715,50-75%
13.0,23.86138530312202,10.86138530312202,10.86138530312202,50-75%
13.0,22.926213270357277,9.926213270357277,9.926213270357277,50-75%
13.0,23.69602739918369,10.696027399183691,10.696027399183691,50-75%
13.0,23.65039700319811,10.650397003198108,10.650397003198108,50-75%
13.0,22.72272134066293,9.722721340662929,9.722721340662929,50-75%
13.0,22.409648386247746,9.409648386247746,9.409648386247746,50-75%
13.0,22.69910941694382,9.69910941694382,9.69910941694382,50-75%
13.0,22.69910941694382,9.69910941694382,9.69910941694382,50-75%
13.0,23.01220937257815,10.012209372578148,10.012209372578148,50-75%
13.0,23.65039700319811,10.650397003198108,10.650397003198108,50-75%
13.0,23.200934312240626,10.200934312240626,10.200934312240626,50-75%
13.0,23.65039700319811,10.650397003198108,10.650397003198108,50-75%
13.0,22.555220607760205,9.555220607760205,9.555220607760205,50-75%
13.0,22.409648386247746,9.409648386247746,9.409648386247746,50-75%
13.0,23.136104207618118,10.136104207618118,10.136104207618118,50-75%
13.0,23.328975592601715,10.328975592601715,10.328975592601715,50-75%
13.0,23.328975592601715,10.328975592601715,10.328975592601715,50-75%
13.0,22.756835046250558,9.756835046250558,9.756835046250558,50-75%
13.0,22.347506075275042,9.347506075275042,9.347506075275042,50-75%
13.0,22.555220607760205,9.555220607760205,9.555220607760205,50-75%
13.0,23.2177352808335,10.217735280833502,10.217735280833502,50-75%
13.0,23.200934312240626,10.200934312240626,10.200934312240626,50-75%
13.0,23.200934312240626,10.200934312240626,10.200934312240626,50-75%
13.0,22.555771602498044,9.555771602498044,9.555771602498044,50-75%
13.0,23.200934312240626,10.200934312240626,10.200934312240626,50-75%
13.0,21.47046988840418,8.470469888404178,8.470469888404178,50-75%
13.0,21.631170899309694,8.631170899309694,8.631170899309694,50-75%
13.0,21.631170899309694,8.631170899309694,8.631170899309694,50-75%
13.0,22.016121531411756,9.016121531411756,9.016121531411756,50-75%
13.0,20.995708295655444,7.995708295655444,7.995708295655444,50-75%
13.0,21.589355700732973,8.589355700732973,8.589355700732973,50-75%
13.0,21.42995795367957,8.429957953679569,8.429957953679569,50-75%
13.0,21.887794183938208,8.887794183938208,8.887794183938208,50-75%
13.0,21.589355700732973,8.589355700732973,8.589355700732973,50-75%
13.0,21.315474374289504,8.315474374289504,8.315474374289504,50-75%
13.0,21.379894576884443,8.379894576884443,8.379894576884443,50-75%
13.0,21.887794183938208,8.887794183938208,8.887794183938208,50-75%
13.0,21.410275397770594,8.410275397770594,8.410275397770594,50-75%
13.0,20.900626304104094,7.900626304104094,7.900626304104094,50-75%
13.0,21.589355700732973,8.589355700732973,8.589355700732973,50-75%
13.0,20.900626304104094,7.900626304104094,7.900626304104094,50-75%
13.0,20.859794478055193,7.859794478055193,7.859794478055193,50-75%
13.0,20.91797705832201,7.917977058322009,7.917977058322009,50-75%
13.0,22.083695969343573,9.083695969343573,9.083695969343573,50-75%
13.0,21.054789249971318,8.054789249971318,8.054789249971318,50-75%
13.0,21.03283746822026,8.032837468220261,8.032837468220261,50-75%
13.0,21.03283746822026,8.032837468220261,8.032837468220261,50-75%
13.0,21.189965662961036,8.189965662961036,8.189965662961036,50-75%
13.0,21.887794183938208,8.887794183938208,8.887794183938208,50-75%
13.0,21.03283746822026,8.032837468220261,8.032837468220261,50-75%
13.0,20.48937407543253,7.489374075432529,7.489374075432529,50-75%
13.0,21.189965662961036,8.189965662961036,8.189965662961036,50-75%
13.0,21.018239747031657,8.018239747031657,8.018239747031657,50-75%
13.0,20.524362437839628,7.524362437839628,7.524362437839628,50-75%
33.0,32.104176830417764,-0.8958231695822363,0.8958231695822363,75-100%
33.0,31.921042646180997,-1.0789573538190034,1.0789573538190034,75-100%
33.0,25.3555355408513,-7.6444644591487005,7.6444644591487005,75-100%
33.0,24.690136973702288,-8.309863026297712,8.309863026297712,75-100%
33.0,30.870119870166807,-2.129880129833193,2.129880129833193,75-100%
33.0,29.37017820478776,-3.6298217952122407,3.6298217952122407,75-100%
33.0,23.056959657001354,-9.943040342998646,9.943040342998646,75-100%
33.0,24.91002464221289,-8.089975357787111,8.089975357787111,75-100%
33.0,30.870119870166807,-2.129880129833193,2.129880129833193,75-100%
33.0,29.112439056719857,-3.8875609432801426,3.8875609432801426,75-100%
33.0,30.870119870166807,-2.129880129833193,2.129880129833193,75-100%
33.0,30.41025333753438,-2.5897466624656182,2.5897466624656182,75-100%
33.0,25.157902737042146,-7.842097262957854,7.842097262957854,75-100%
33.0,24.690136973702288,-8.309863026297712,8.309863026297712,75-100%
22.5,25.855072826234476,3.3550728262344762,3.3550728262344762,75-100%
22.5,30.870119870166807,8.370119870166807,8.370119870166807,75-100%
22.5,30.620743877656754,8.120743877656754,8.120743877656754,75-100%
33.0,30.424761406135335,-2.5752385938646647,2.5752385938646647,75-100%
33.0,24.87191668701159,-8.128083312988409,8.128083312988409,75-100%
12.0,27.157074103763478,15.157074103763478,15.157074103763478,50-75%
22.0,26.630631473819307,4.630631473819307,4.630631473819307,75-100%
22.0,26.789928435662286,4.789928435662286,4.789928435662286,75-100%
22.75,31.764606869085434,9.014606869085434,9.014606869085434,75-100%
22.75,33.58255163368648,10.832551633686478,10.832551633686478,75-100%
22.75,30.927484248844898,8.177484248844898,8.177484248844898,75-100%
22.75,31.472579468028602,8.722579468028602,8.722579468028602,75-100%
33.0,25.49617204300388,-7.503827956996119,7.503827956996119,75-100%
16.5,27.90182157792613,11.401821577926128,11.401821577926128,75-100%
19.33333333333333,27.444286276423597,8.110952943090268,8.110952943090268,75-100%
22.75,27.444286276423597,4.694286276423597,4.694286276423597,75-100%
22.75,27.444286276423597,4.694286276423597,4.694286276423597,75-100%
22.75,32.574894534987486,9.824894534987486,9.824894534987486,75-100%
22.75,31.157827520371193,8.407827520371193,8.407827520371193,75-100%
22.75,31.699360895629287,8.949360895629287,8.949360895629287,75-100%
23.0,27.969200207861412,4.969200207861412,4.969200207861412,75-100%
19.33333333333333,31.957243367001315,12.623910033667986,12.623910033667986,75-100%
19.33333333333333,31.957243367001315,12.623910033667986,12.623910033667986,75-100%
19.33333333333333,27.087933613605554,7.754600280272225,7.754600280272225,75-100%
19.33333333333333,31.794653058789955,12.461319725456626,12.461319725456626,75-100%
19.33333333333333,31.157827520371193,11.824494187037864,11.824494187037864,75-100%
19.33333333333333,31.465138675215087,12.131805341881758,12.131805341881758,75-100%
23.0,33.49682499415731,10.496824994157308,10.496824994157308,75-100%
25.0,27.969200207861412,2.9692002078614124,2.9692002078614124,75-100%
16.5,31.957243367001315,15.457243367001315,15.457243367001315,75-100%
19.33333333333333,30.406137104973194,11.072803771639865,11.072803771639865,75-100%
19.33333333333333,29.683730444083317,10.350397110749988,10.350397110749988,75-100%
19.33333333333333,30.139606201961783,10.806272868628454,10.806272868628454,75-100%
19.33333333333333,32.32561658351588,12.992283250182552,12.992283250182552,75-100%
19.33333333333333,31.731143128055525,12.397809794722196,12.397809794722196,75-100%
19.33333333333333,31.496693254719535,12.163359921386206,12.163359921386206,75-100%
23.0,32.979321156168034,9.979321156168034,9.979321156168034,75-100%
25.0,32.979321156168034,7.979321156168034,7.979321156168034,75-100%
19.33333333333333,29.683730444083317,10.350397110749988,10.350397110749988,75-100%
19.33333333333333,29.683730444083317,10.350397110749988,10.350397110749988,75-100%
19.33333333333333,30.139606201961783,10.806272868628454,10.806272868628454,75-100%
19.33333333333333,32.32561658351588,12.992283250182552,12.992283250182552,75-100%
19.33333333333333,31.993339330141083,12.660005996807755,12.660005996807755,75-100%
23.0,33.23856257805252,10.238562578052523,10.238562578052523,75-100%
25.0,33.54943257094804,8.549432570948042,8.549432570948042,75-100%
25.0,33.130240691201045,8.130240691201045,8.130240691201045,75-100%
23.0,29.069690293895547,6.0696902938955475,6.0696902938955475,75-100%
23.0,29.683730444083317,6.6837304440833165,6.6837304440833165,75-100%
23.0,32.32561658351588,9.325616583515881,9.325616583515881,75-100%
23.0,32.83404329638235,9.834043296382347,9.834043296382347,75-100%
25.0,33.79209108895269,8.792091088952688,8.792091088952688,75-100%
25.0,32.21293869729348,7.212938697293481,7.212938697293481,75-100%
40.0,32.770191603632924,-7.229808396367076,7.229808396367076,75-100%
40.0,28.91651735838381,-11.08348264161619,11.08348264161619,75-100%
40.0,30.48237391474196,-9.51762608525804,9.51762608525804,75-100%
40.0,33.130240691201045,-6.869759308798955,6.869759308798955,75-100%
40.0,33.05923827958021,-6.940761720419793,6.940761720419793,75-100%
40.0,19.641401805377956,-20.358598194622044,20.358598194622044,75-100%
40.0,19.641401805377956,-20.358598194622044,20.358598194622044,75-100%
40.0,29.413509718626837,-10.586490281373163,10.586490281373163,75-100%
40.0,29.413509718626837,-10.586490281373163,10.586490281373163,75-100%
40.0,32.21293869729348,-7.787061302706519,7.787061302706519,75-100%
40.0,12.979572085050345,-27.020427914949657,27.020427914949657,75-100%
40.0,13.128311469245485,-26.871688530754515,26.871688530754515,75-100%
40.0,19.51974099178916,-20.48025900821084,20.48025900821084,75-100%
40.0,30.751838643808135,-9.248161356191865,9.248161356191865,75-100%
40.0,32.66180027739962,-7.338199722600379,7.338199722600379,75-100%
40.0,32.949919207572854,-7.050080792427146,7.050080792427146,75-100%
40.0,32.89381070599072,-7.106189294009283,7.106189294009283,75-100%
40.0,13.11459257128413,-26.885407428715872,26.885407428715872,75-100%
40.0,13.195966452166564,-26.804033547833434,26.804033547833434,75-100%
40.0,13.506627719451997,-26.493372280548,26.493372280548,75-100%
40.0,33.130240691201045,-6.869759308798955,6.869759308798955,75-100%
40.0,15.467685236046412,-24.532314763953586,24.532314763953586,75-100%
40.0,15.467685236046412,-24.532314763953586,24.532314763953586,75-100%
40.0,13.38351596671423,-26.616484033285772,26.616484033285772,75-100%
40.0,13.195966452166564,-26.804033547833434,26.804033547833434,75-100%
40.0,13.353417477730225,-26.646582522269775,26.646582522269775,75-100%
40.0,29.413509718626837,-10.586490281373163,10.586490281373163,75-100%
40.0,15.327930798822864,-24.672069201177138,24.672069201177138,75-100%
40.0,13.38351596671423,-26.616484033285772,26.616484033285772,75-100%
40.0,13.195966452166564,-26.804033547833434,26.804033547833434,75-100%
40.0,15.467685236046412,-24.532314763953586,24.532314763953586,75-100%
40.0,15.467685236046412,-24.532314763953586,24.532314763953586,75-100%
29.0,25.557829606870712,-3.442170393129288,3.442170393129288,75-100%
29.0,25.405595261276318,-3.594404738723682,3.594404738723682,75-100%
29.0,25.211536804628558,-3.788463195371442,3.788463195371442,75-100%
29.0,25.557829606870712,-3.442170393129288,3.442170393129288,75-100%
29.0,25.163373840746758,-3.8366261592532425,3.8366261592532425,75-100%
29.0,25.163373840746758,-3.8366261592532425,3.8366261592532425,75-100%
29.0,25.735927100943314,-3.2640728990566856,3.2640728990566856,75-100%
29.0,25.405595261276318,-3.594404738723682,3.594404738723682,75-100%
29.0,25.211536804628558,-3.788463195371442,3.788463195371442,75-100%
29.0,25.163373840746758,-3.8366261592532425,3.8366261592532425,75-100%
29.0,25.163373840746758,-3.8366261592532425,3.8366261592532425,75-100%
29.0,25.163373840746758,-3.8366261592532425,3.8366261592532425,75-100%
29.0,25.735927100943314,-3.2640728990566856,3.2640728990566856,75-100%
29.0,25.509030339675174,-3.4909696603248257,3.4909696603248257,75-100%
29.0,25.509030339675174,-3.4909696603248257,3.4909696603248257,75-100%
29.0,25.038684717514617,-3.9613152824853834,3.9613152824853834,75-100%
29.0,25.108625195064263,-3.8913748049357366,3.8913748049357366,75-100%
29.0,25.163373840746758,-3.8366261592532425,3.8366261592532425,75-100%
29.0,25.163373840746758,-3.8366261592532425,3.8366261592532425,75-100%
29.0,25.108625195064263,-3.8913748049357366,3.8913748049357366,75-100%
29.0,25.038684717514617,-3.9613152824853834,3.9613152824853834,75-100%
29.0,24.800713179246067,-4.199286820753933,4.199286820753933,75-100%
29.0,25.163373840746758,-3.8366261592532425,3.8366261592532425,75-100%
29.0,25.163373840746758,-3.8366261592532425,3.8366261592532425,75-100%
29.0,25.013400587881357,-3.986599412118643,3.986599412118643,75-100%
29.0,25.509030339675174,-3.4909696603248257,3.4909696603248257,75-100%
13.0,25.234277243703396,12.234277243703396,12.234277243703396,50-75%
28.0,25.47763991491405,-2.5223600850859498,2.5223600850859498,75-100%
28.0,25.82744832909582,-2.1725516709041806,2.1725516709041806,75-100%
28.5,25.859961626540898,-2.6400383734591024,2.6400383734591024,75-100%
28.5,25.681310803174632,-2.8186891968253676,2.8186891968253676,75-100%
28.5,25.278303451579266,-3.2216965484207343,3.2216965484207343,75-100%
29.0,25.163373840746758,-3.8366261592532425,3.8366261592532425,75-100%
13.0,25.229749513209217,12.229749513209217,12.229749513209217,50-75%
13.0,25.632012235527124,12.632012235527124,12.632012235527124,50-75%
13.0,25.397414338081248,12.397414338081248,12.397414338081248,50-75%
13.0,25.234277243703396,12.234277243703396,12.234277243703396,50-75%
20.5,25.159484564624016,4.659484564624016,4.659484564624016,75-100%
20.5,25.28475215129185,4.784752151291851,4.784752151291851,75-100%
28.0,25.28475215129185,-2.715247848708149,2.715247848708149,75-100%
28.0,25.632012235527124,-2.3679877644728755,2.3679877644728755,75-100%
28.0,25.159484564624016,-2.840515435375984,2.840515435375984,75-100%
28.5,25.3334079051481,-3.1665920948519,3.1665920948519,75-100%
28.5,25.28475215129185,-3.215247848708149,3.215247848708149,75-100%
13.0,25.623355752852635,12.623355752852635,12.623355752852635,50-75%
13.0,25.623355752852635,12.623355752852635,12.623355752852635,50-75%
13.0,25.164636786584012,12.164636786584012,12.164636786584012,50-75%
13.0,25.397414338081248,12.397414338081248,12.397414338081248,50-75%
13.0,26.05707050165224,13.057070501652241,13.057070501652241,50-75%
20.5,25.229749513209217,4.729749513209217,4.729749513209217,75-100%
20.5,25.229749513209217,4.729749513209217,4.729749513209217,75-100%
20.5,25.528368640737117,5.028368640737117,5.028368640737117,75-100%
28.0,25.681310803174632,-2.3186891968253676,2.3186891968253676,75-100%
28.0,25.20790843541635,-2.79209156458365,2.79209156458365,75-100%
28.0,24.633062369928062,-3.366937630071938,3.366937630071938,75-100%
28.0,24.923194453496457,-3.076805546503543,3.076805546503543,75-100%
28.0,24.923194453496457,-3.076805546503543,3.076805546503543,75-100%
13.0,25.398031816330974,12.398031816330974,12.398031816330974,50-75%
13.0,25.37175707724725,12.37175707724725,12.37175707724725,50-75%
13.0,25.37175707724725,12.37175707724725,12.37175707724725,50-75%
13.0,25.37175707724725,12.37175707724725,12.37175707724725,50-75%
13.0,25.260415008722592,12.260415008722592,12.260415008722592,50-75%
20.5,25.28475215129185,4.784752151291851,4.784752151291851,75-100%
20.5,25.28475215129185,4.784752151291851,4.784752151291851,75-100%
20.5,25.28475215129185,4.784752151291851,4.784752151291851,75-100%
28.0,24.79964997458263,-3.2003500254173716,3.2003500254173716,75-100%
28.0,24.923194453496457,-3.076805546503543,3.076805546503543,75-100%
28.0,24.633062369928062,-3.366937630071938,3.366937630071938,75-100%
28.0,24.868948399576514,-3.1310516004234863,3.1310516004234863,75-100%
28.0,24.923194453496457,-3.076805546503543,3.076805546503543,75-100%
13.0,25.268828772257653,12.268828772257653,12.268828772257653,50-75%
13.0,25.03507614276987,12.03507614276987,12.03507614276987,50-75%
13.0,25.398031816330974,12.398031816330974,12.398031816330974,50-75%
13.0,25.398031816330974,12.398031816330974,12.398031816330974,50-75%
20.5,25.37175707724725,4.871757077247249,4.871757077247249,75-100%
20.5,24.94210484251264,4.4421048425126415,4.4421048425126415,75-100%
20.5,24.875296643496316,4.375296643496316,4.375296643496316,75-100%
28.0,24.82115081901332,-3.1788491809866812,3.1788491809866812,75-100%
28.0,24.923194453496457,-3.076805546503543,3.076805546503543,75-100%
28.0,24.633062369928062,-3.366937630071938,3.366937630071938,75-100%
28.0,24.75580912566228,-3.2441908743377184,3.2441908743377184,75-100%
13.0,25.423714640036344,12.423714640036344,12.423714640036344,50-75%
13.0,25.50402014730734,12.50402014730734,12.50402014730734,50-75%
13.0,25.234277243703396,12.234277243703396,12.234277243703396,50-75%
13.0,25.82744832909582,12.82744832909582,12.82744832909582,50-75%
13.0,25.2171472206033,12.217147220603302,12.217147220603302,50-75%
20.5,25.441545688514893,4.941545688514893,4.941545688514893,75-100%
28.0,24.79964997458263,-3.2003500254173716,3.2003500254173716,75-100%
28.0,24.923194453496457,-3.076805546503543,3.076805546503543,75-100%
28.0,24.923194453496457,-3.076805546503543,3.076805546503543,75-100%
13.0,25.398031816330974,12.398031816330974,12.398031816330974,50-75%
13.0,25.229749513209217,12.229749513209217,12.229749513209217,50-75%
13.0,24.82115081901332,11.821150819013319,11.821150819013319,50-75%
13.0,24.923194453496457,11.923194453496457,11.923194453496457,50-75%
13.0,24.923194453496457,11.923194453496457,11.923194453496457,50-75%
13.0,25.171421007686572,12.171421007686572,12.171421007686572,50-75%
13.0,24.794821436867082,11.794821436867082,11.794821436867082,50-75%
13.0,25.369332215973092,12.369332215973092,12.369332215973092,50-75%
13.0,25.26671089097124,12.26671089097124,12.26671089097124,50-75%
13.0,25.717709726776317,12.717709726776317,12.717709726776317,50-75%
13.0,25.369332215973092,12.369332215973092,12.369332215973092,50-75%
13.0,24.643043170793163,11.643043170793163,11.643043170793163,50-75%
13.0,25.234277243703396,12.234277243703396,12.234277243703396,50-75%
13.0,26.015966315541377,13.015966315541377,13.015966315541377,50-75%
13.0,25.717709726776317,12.717709726776317,12.717709726776317,50-75%
31.0,24.751980435445795,-6.248019564554205,6.248019564554205,75-100%
31.0,24.94210484251264,-6.0578951574873585,6.0578951574873585,75-100%
13.0,25.369332215973092,12.369332215973092,12.369332215973092,50-75%
13.0,24.83836358443217,11.83836358443217,11.83836358443217,50-75%
13.0,24.635432495684682,11.635432495684682,11.635432495684682,50-75%
31.0,24.703664409317362,-6.296335590682638,6.296335590682638,75-100%
31.0,25.441545688514893,-5.558454311485107,5.558454311485107,75-100%
31.0,24.86410689230289,-6.135893107697111,6.135893107697111,75-100%
31.0,24.83836358443217,-6.1616364155678305,6.1616364155678305,75-100%
31.0,24.83836358443217,-6.1616364155678305,6.1616364155678305,75-100%
31.0,25.28483805380558,-5.715161946194421,5.715161946194421,75-100%
31.0,25.2171472206033,-5.782852779396698,5.782852779396698,75-100%
31.0,24.83836358443217,-6.1616364155678305,6.1616364155678305,75-100%
31.0,24.69568015545148,-6.30431984454852,6.30431984454852,75-100%
49.0,24.7375171008376,-24.2624828991624,24.2624828991624,75-100%
31.0,24.483102983045118,-6.516897016954882,6.516897016954882,75-100%
31.0,25.28483805380558,-5.715161946194421,5.715161946194421,75-100%
31.0,24.821244535280222,-6.178755464719778,6.178755464719778,75-100%
31.0,24.7375171008376,-6.2624828991624,6.2624828991624,75-100%
49.0,24.957810306527712,-24.042189693472288,24.042189693472288,75-100%
49.0,24.957810306527712,-24.042189693472288,24.042189693472288,75-100%
49.0,24.83836358443217,-24.16163641556783,24.16163641556783,75-100%
49.0,24.957810306527712,-24.042189693472288,24.042189693472288,75-100%
49.0,24.7375171008376,-24.2624828991624,24.2624828991624,75-100%
49.0,24.7375171008376,-24.2624828991624,24.2624828991624,75-100%
49.0,24.7375171008376,-24.2624828991624,24.2624828991624,75-100%
32.0,24.393924056918568,-7.606075943081432,7.606075943081432,75-100%
32.0,24.715940715086685,-7.284059284913315,7.284059284913315,75-100%
32.0,24.715940715086685,-7.284059284913315,7.284059284913315,75-100%
32.0,24.3770463212038,-7.6229536787962004,7.6229536787962004,75-100%
32.0,24.506164358240067,-7.493835641759933,7.493835641759933,75-100%
32.0,24.76986591858106,-7.230134081418939,7.230134081418939,75-100%
26.0,25.117943508382076,-0.8820564916179237,0.8820564916179237,75-100%
32.0,24.505473653967346,-7.494526346032654,7.494526346032654,75-100%
32.0,24.393924056918568,-7.606075943081432,7.606075943081432,75-100%
32.0,24.248361431203154,-7.751638568796846,7.751638568796846,75-100%
32.0,24.715940715086685,-7.284059284913315,7.284059284913315,75-100%
32.0,24.647052171135634,-7.352947828864366,7.352947828864366,75-100%
32.0,24.67192726097266,-7.328072739027341,7.328072739027341,75-100%
32.0,24.54197009421412,-7.458029905785882,7.458029905785882,75-100%
32.0,25.280012895698235,-6.719987104301765,6.719987104301765,75-100%
26.0,25.462999806062523,-0.5370001939374767,0.5370001939374767,75-100%
26.0,25.335819982931497,-0.664180017068503,0.664180017068503,75-100%
26.0,24.579402836533422,-1.420597163466578,1.420597163466578,75-100%
26.0,25.309607165119093,-0.6903928348809067,0.6903928348809067,75-100%
26.0,25.309607165119093,-0.6903928348809067,0.6903928348809067,75-100%
26.0,25.657195620500712,-0.3428043794992881,0.3428043794992881,75-100%
32.0,24.55895751723523,-7.441042482764772,7.441042482764772,75-100%
32.0,24.16935287462575,-7.830647125374249,7.830647125374249,75-100%
32.0,24.340785537431636,-7.6592144625683645,7.6592144625683645,75-100%
32.0,24.78866500021754,-7.2113349997824585,7.2113349997824585,75-100%
32.0,25.280012895698235,-6.719987104301765,6.719987104301765,75-100%
32.0,25.231455798819702,-6.768544201180298,6.768544201180298,75-100%
29.0,25.063289928771148,-3.936710071228852,3.936710071228852,75-100%
26.0,25.462999806062523,-0.5370001939374767,0.5370001939374767,75-100%
26.0,24.738467613348426,-1.2615323866515737,1.2615323866515737,75-100%
26.0,24.579402836533422,-1.420597163466578,1.420597163466578,75-100%
26.0,24.993470896535094,-1.0065291034649064,1.0065291034649064,75-100%
26.0,25.117943508382076,-0.8820564916179237,0.8820564916179237,75-100%
26.0,25.117943508382076,-0.8820564916179237,0.8820564916179237,75-100%
26.0,25.462999806062523,-0.5370001939374767,0.5370001939374767,75-100%
32.0,24.505473653967346,-7.494526346032654,7.494526346032654,75-100%
32.0,24.36549477467809,-7.6345052253219094,7.6345052253219094,75-100%
32.0,25.07002559638763,-6.92997440361237,6.92997440361237,75-100%
32.0,25.231455798819702,-6.768544201180298,6.768544201180298,75-100%
32.0,25.423952453019282,-6.576047546980718,6.576047546980718,75-100%
32.0,24.731636829423408,-7.268363170576592,7.268363170576592,75-100%
29.0,24.9587689546892,-4.0412310453107985,4.0412310453107985,75-100%
26.0,24.51150078267354,-1.48849921732646,1.48849921732646,75-100%
26.0,24.738467613348426,-1.2615323866515737,1.2615323866515737,75-100%
26.0,25.88536056177849,-0.11463943822150924,0.11463943822150924,75-100%
26.0,25.063289928771148,-0.9367100712288519,0.9367100712288519,75-100%
26.0,25.063289928771148,-0.9367100712288519,0.9367100712288519,75-100%
26.0,25.12937104639765,-0.870628953602349,0.870628953602349,75-100%
26.0,25.280012895698235,-0.7199871043017652,0.7199871043017652,75-100%
32.0,24.848780065919783,-7.151219934080217,7.151219934080217,75-100%
32.0,24.511732701128622,-7.488267298871378,7.488267298871378,75-100%
32.0,25.231455798819702,-6.768544201180298,6.768544201180298,75-100%
32.0,24.31286147098928,-7.687138529010721,7.687138529010721,75-100%
32.0,24.513859861058698,-7.486140138941302,7.486140138941302,75-100%
26.0,24.713450823121725,-1.2865491768782746,1.2865491768782746,75-100%
26.0,24.713450823121725,-1.2865491768782746,1.2865491768782746,75-100%
29.5,24.713450823121725,-4.786549176878275,4.786549176878275,75-100%
29.5,24.60488813633649,-4.895111863663509,4.895111863663509,75-100%
29.5,25.117943508382076,-4.382056491617924,4.382056491617924,75-100%
29.5,25.117943508382076,-4.382056491617924,4.382056491617924,75-100%
29.5,25.117943508382076,-4.382056491617924,4.382056491617924,75-100%
29.5,24.485750586838805,-5.014249413161195,5.014249413161195,75-100%
32.0,24.889503259830875,-7.1104967401691255,7.1104967401691255,75-100%
32.0,24.889503259830875,-7.1104967401691255,7.1104967401691255,75-100%
32.0,24.35559006099569,-7.6444099390043085,7.6444099390043085,75-100%
32.0,24.513859861058698,-7.486140138941302,7.486140138941302,75-100%
29.5,24.739069677767652,-4.760930322232348,4.760930322232348,75-100%
29.5,24.739069677767652,-4.760930322232348,4.760930322232348,75-100%
29.5,24.713450823121725,-4.786549176878275,4.786549176878275,75-100%
29.5,24.777470712500886,-4.722529287499114,4.722529287499114,75-100%
29.5,24.78609818049531,-4.713901819504692,4.713901819504692,75-100%
33.0,24.732139009884854,-8.267860990115146,8.267860990115146,75-100%
33.0,24.60779192379806,-8.392208076201939,8.392208076201939,75-100%
33.0,25.335819982931497,-7.664180017068503,7.664180017068503,75-100%
33.0,24.579402836533422,-8.420597163466578,8.420597163466578,75-100%
29.5,25.657195620500712,-3.842804379499288,3.842804379499288,75-100%
29.5,25.126770315226384,-4.373229684773616,4.373229684773616,75-100%
33.0,25.350395226849393,-7.649604773150607,7.649604773150607,75-100%
33.0,24.485750586838805,-8.514249413161195,8.514249413161195,75-100%
33.0,24.60779192379806,-8.392208076201939,8.392208076201939,75-100%
33.0,25.063289928771148,-7.936710071228852,7.936710071228852,75-100%
33.0,24.732139009884854,-8.267860990115146,8.267860990115146,75-100%
33.0,24.60779192379806,-8.392208076201939,8.392208076201939,75-100%
33.0,24.60779192379806,-8.392208076201939,8.392208076201939,75-100%
33.0,24.60779192379806,-8.392208076201939,8.392208076201939,75-100%
33.0,23.521942592880116,-9.478057407119884,9.478057407119884,75-100%
33.0,24.44244314110989,-8.55755685889011,8.55755685889011,75-100%
33.0,24.461003368281904,-8.538996631718096,8.538996631718096,75-100%
33.0,25.126770315226384,-7.873229684773616,7.873229684773616,75-100%
33.0,24.78609818049531,-8.213901819504692,8.213901819504692,75-100%
33.0,23.784158698753657,-9.215841301246343,9.215841301246343,75-100%
33.0,23.8361299960931,-9.1638700039069,9.1638700039069,75-100%
33.0,24.777470712500886,-8.222529287499114,8.222529287499114,75-100%
33.0,24.78609818049531,-8.213901819504692,8.213901819504692,75-100%
33.0,24.777470712500886,-8.222529287499114,8.222529287499114,75-100%
28.0,23.209753368066664,-4.790246631933336,4.790246631933336,75-100%
28.0,23.209753368066664,-4.790246631933336,4.790246631933336,75-100%
28.0,23.12473934013512,-4.875260659864882,4.875260659864882,75-100%
28.0,23.111611203634606,-4.888388796365394,4.888388796365394,75-100%
28.0,23.209753368066664,-4.790246631933336,4.790246631933336,75-100%
28.0,23.111611203634606,-4.888388796365394,4.888388796365394,75-100%
28.0,24.0768983944971,-3.9231016055029,3.9231016055029,75-100%
28.0,23.02367019991423,-4.976329800085772,4.976329800085772,75-100%
28.0,23.209753368066664,-4.790246631933336,4.790246631933336,75-100%
28.0,23.111611203634606,-4.888388796365394,4.888388796365394,75-100%
28.0,23.111611203634606,-4.888388796365394,4.888388796365394,75-100%
28.0,23.209753368066664,-4.790246631933336,4.790246631933336,75-100%
28.0,22.630388631550026,-5.3696113684499736,5.3696113684499736,75-100%
28.0,23.16217219827753,-4.837827801722469,4.837827801722469,75-100%
28.0,23.111611203634606,-4.888388796365394,4.888388796365394,75-100%
28.0,21.88979508345507,-6.11020491654493,6.11020491654493,75-100%
28.0,23.190629349937222,-4.809370650062778,4.809370650062778,75-100%
28.0,23.190629349937222,-4.809370650062778,4.809370650062778,75-100%
28.0,23.279181524020462,-4.720818475979538,4.720818475979538,75-100%
28.0,23.37800575460722,-4.621994245392781,4.621994245392781,75-100%
28.0,23.209753368066664,-4.790246631933336,4.790246631933336,75-100%
28.0,20.162347312103666,-7.837652687896334,7.837652687896334,75-100%
28.0,23.209753368066664,-4.790246631933336,4.790246631933336,75-100%
28.0,23.586662596484153,-4.413337403515847,4.413337403515847,75-100%
28.0,23.586662596484153,-4.413337403515847,4.413337403515847,75-100%
28.0,23.279181524020462,-4.720818475979538,4.720818475979538,75-100%
28.0,23.02367019991423,-4.976329800085772,4.976329800085772,75-100%
28.0,20.603093673325034,-7.396906326674966,7.396906326674966,75-100%
28.0,23.37800575460722,-4.621994245392781,4.621994245392781,75-100%
28.0,23.586662596484153,-4.413337403515847,4.413337403515847,75-100%
28.0,23.111611203634606,-4.888388796365394,4.888388796365394,75-100%
28.0,23.486992507049766,-4.5130074929502335,4.5130074929502335,75-100%
28.0,20.66310661275205,-7.336893387247951,7.336893387247951,75-100%
28.0,23.586662596484153,-4.413337403515847,4.413337403515847,75-100%
28.0,23.209753368066664,-4.790246631933336,4.790246631933336,75-100%
28.0,23.279181524020462,-4.720818475979538,4.720818475979538,75-100%
27.0,28.16067122499946,1.1606712249994615,1.1606712249994615,75-100%
27.0,28.16067122499946,1.1606712249994615,1.1606712249994615,75-100%
27.0,28.1837243335857,1.183724333585701,1.183724333585701,75-100%
27.0,28.63807076387315,1.6380707638731486,1.6380707638731486,75-100%
27.0,28.63807076387315,1.6380707638731486,1.6380707638731486,75-100%
27.0,28.26741672538914,1.2674167253891397,1.2674167253891397,75-100%
27.0,25.663606744470474,-1.3363932555295257,1.3363932555295257,75-100%
27.0,25.04151809933511,-1.9584819006648893,1.9584819006648893,75-100%
25.5,28.386544709019358,2.8865447090193577,2.8865447090193577,75-100%
29.0,28.63807076387315,-0.36192923612685135,0.36192923612685135,75-100%
29.0,28.065418548774836,-0.9345814512251636,0.9345814512251636,75-100%
27.0,28.517923137000015,1.5179231370000146,1.5179231370000146,75-100%
27.0,25.04151809933511,-1.9584819006648893,1.9584819006648893,75-100%
29.0,25.113860888377985,-3.8861391116220148,3.8861391116220148,75-100%
29.0,28.63807076387315,-0.36192923612685135,0.36192923612685135,75-100%
29.0,28.1837243335857,-0.8162756664142989,0.8162756664142989,75-100%
29.0,28.26741672538914,-0.7325832746108603,0.7325832746108603,75-100%
29.0,28.1837243335857,-0.8162756664142989,0.8162756664142989,75-100%
31.5,24.652943603382028,-6.8470563966179725,6.8470563966179725,75-100%
30.25,25.264413318041072,-4.985586681958928,4.985586681958928,75-100%
30.25,28.32878921882258,-1.9212107811774217,1.9212107811774217,75-100%
29.0,28.386544709019358,-0.6134552909806423,0.6134552909806423,75-100%
29.0,28.26741672538914,-0.7325832746108603,0.7325832746108603,75-100%
29.0,24.652943603382028,-4.3470563966179725,4.3470563966179725,75-100%
29.0,24.652943603382028,-4.3470563966179725,4.3470563966179725,75-100%
36.0,24.652943603382028,-11.347056396617972,11.347056396617972,75-100%
34.0,30.596836132615334,-3.4031638673846665,3.4031638673846665,75-100%
30.25,25.264413318041072,-4.985586681958928,4.985586681958928,75-100%
30.25,25.04151809933511,-5.208481900664889,5.208481900664889,75-100%
30.25,28.126367460862365,-2.1236325391376347,2.1236325391376347,75-100%
30.25,24.59926306781336,-5.650736932186639,5.650736932186639,75-100%
29.0,24.652943603382028,-4.3470563966179725,4.3470563966179725,75-100%
30.0,24.652943603382028,-5.3470563966179725,5.3470563966179725,75-100%
36.0,24.50589623016519,-11.494103769834808,11.494103769834808,75-100%
34.0,30.957081593589013,-3.042918406410987,3.042918406410987,75-100%
29.0,31.23060945259617,2.2306094525961697,2.2306094525961697,75-100%
31.33333333333333,30.89060008582474,-0.44273324750858833,0.44273324750858833,75-100%
30.25,25.264413318041072,-4.985586681958928,4.985586681958928,75-100%
30.25,24.648174484467166,-5.601825515532834,5.601825515532834,75-100%
30.25,28.817582963638532,-1.4324170363614677,1.4324170363614677,75-100%
31.33333333333333,24.59926306781336,-6.734070265519968,6.734070265519968,75-100%
30.0,24.652943603382028,-5.3470563966179725,5.3470563966179725,75-100%
30.0,24.59926306781336,-5.400736932186639,5.400736932186639,75-100%
36.0,24.59926306781336,-11.40073693218664,11.40073693218664,75-100%
34.0,30.596836132615334,-3.4031638673846665,3.4031638673846665,75-100%
29.0,31.23060945259617,2.2306094525961697,2.2306094525961697,75-100%
31.33333333333333,25.612758884722723,-5.720574448610606,5.720574448610606,75-100%
31.33333333333333,26.583838071338825,-4.749495261994504,4.749495261994504,75-100%
31.33333333333333,25.557069870160536,-5.776263463172793,5.776263463172793,75-100%
30.0,24.39043850238832,-5.609561497611679,5.609561497611679,75-100%
36.0,24.59926306781336,-11.40073693218664,11.40073693218664,75-100%
34.0,25.612758884722723,-8.387241115277277,8.387241115277277,75-100%
34.0,24.99185657107213,-9.00814342892787,9.00814342892787,75-100%
35.0,24.99185657107213,-10.00814342892787,10.00814342892787,75-100%
35.0,25.526231707388668,-9.473768292611332,9.473768292611332,75-100%
35.0,25.460209674442794,-9.539790325557206,9.539790325557206,75-100%
34.0,24.652943603382028,-9.347056396617972,9.347056396617972,75-100%
34.0,24.652943603382028,-9.347056396617972,9.347056396617972,75-100%
34.0,25.144739228296046,-8.855260771703954,8.855260771703954,75-100%
34.0,25.064061401434987,-8.935938598565013,8.935938598565013,75-100%
34.0,24.99185657107213,-9.00814342892787,9.00814342892787,75-100%
20.0,20.882438412208717,0.8824384122087174,0.8824384122087174,75-100%
20.0,21.530951628143136,1.5309516281431357,1.5309516281431357,75-100%
20.0,20.82906824249932,0.8290682424993214,0.8290682424993214,75-100%
20.0,19.190052660520706,-0.8099473394792938,0.8099473394792938,75-100%
20.0,21.86665092588517,1.8666509258851711,1.8666509258851711,75-100%
20.0,21.657047586573157,1.6570475865731567,1.6570475865731567,75-100%
20.0,21.399222275046597,1.399222275046597,1.399222275046597,75-100%
20.0,21.74966288953828,1.7496628895382784,1.7496628895382784,75-100%
20.0,19.489898335909544,-0.5101016640904561,0.5101016640904561,75-100%
20.0,19.190052660520706,-0.8099473394792938,0.8099473394792938,75-100%
20.0,19.185300409591985,-0.814699590408015,0.814699590408015,75-100%
20.0,19.185300409591985,-0.814699590408015,0.814699590408015,75-100%
20.0,21.053785178225525,1.0537851782255245,1.0537851782255245,75-100%
20.0,19.318274234410456,-0.6817257655895439,0.6817257655895439,75-100%
23.0,19.384493033648422,-3.615506966351578,3.615506966351578,75-100%
20.0,17.638037907105634,-2.361962092894366,2.361962092894366,75-100%
20.0,17.26505511035801,-2.734944889641991,2.734944889641991,75-100%
23.0,19.170460921702457,-3.829539078297543,3.829539078297543,75-100%
23.0,19.456216548879933,-3.543783451120067,3.543783451120067,75-100%
26.0,19.02188912010154,-6.978110879898459,6.978110879898459,75-100%
23.0,19.456216548879933,-3.543783451120067,3.543783451120067,75-100%
26.0,19.026602898902702,-6.973397101097298,6.973397101097298,75-100%
26.0,19.542539000229215,-6.457460999770785,6.457460999770785,75-100%
26.0,19.3884962347661,-6.611503765233898,6.611503765233898,75-100%
23.0,19.245533632052208,-3.754466367947792,3.754466367947792,75-100%
26.0,18.896189656500404,-7.103810343499596,7.103810343499596,75-100%
26.0,19.19801510367744,-6.801984896322558,6.801984896322558,75-100%
26.0,19.026602898902702,-6.973397101097298,6.973397101097298,75-100%
26.0,19.174502335548617,-6.825497664451383,6.825497664451383,75-100%
26.0,19.026602898902702,-6.973397101097298,6.973397101097298,75-100%
26.0,19.026602898902702,-6.973397101097298,6.973397101097298,75-100%
26.0,17.36676423087912,-8.63323576912088,8.63323576912088,75-100%
26.0,17.36676423087912,-8.63323576912088,8.63323576912088,75-100%
6.0,16.9896910180619,10.989691018061901,10.989691018061901,25-50%
6.0,17.74972399825703,11.749723998257029,11.749723998257029,25-50%
6.0,17.74972399825703,11.749723998257029,11.749723998257029,25-50%
6.0,18.091869150576922,12.091869150576922,12.091869150576922,25-50%
6.0,18.091869150576922,12.091869150576922,12.091869150576922,25-50%
6.0,18.481735959513273,12.481735959513273,12.481735959513273,25-50%
6.0,18.481735959513273,12.481735959513273,12.481735959513273,25-50%
13.0,21.555534529848504,8.555534529848504,8.555534529848504,50-75%
13.0,18.925657553287508,5.9256575532875075,5.9256575532875075,50-75%
13.0,18.759720372535515,5.759720372535515,5.759720372535515,50-75%
13.0,18.845747812727367,5.845747812727367,5.845747812727367,50-75%
13.0,18.483130106569753,5.483130106569753,5.483130106569753,50-75%
13.0,18.61545287802924,5.615452878029242,5.615452878029242,50-75%
6.0,18.684470499951356,12.684470499951356,12.684470499951356,25-50%
6.0,18.684470499951356,12.684470499951356,12.684470499951356,25-50%
6.0,19.084939016071928,13.084939016071928,13.084939016071928,25-50%
6.0,18.804369814448318,12.804369814448318,12.804369814448318,25-50%
13.0,20.84576299370446,7.8457629937044615,7.8457629937044615,50-75%
13.0,20.90843790762428,7.908437907624279,7.908437907624279,50-75%
13.0,18.929448905176695,5.929448905176695,5.929448905176695,50-75%
6.0,19.216589450942134,13.216589450942134,13.216589450942134,25-50%
6.0,18.88418273203037,12.884182732030371,12.884182732030371,25-50%
6.0,19.216589450942134,13.216589450942134,13.216589450942134,25-50%
13.0,19.016729434036847,6.016729434036847,6.016729434036847,50-75%
13.0,18.846855725800886,5.846855725800886,5.846855725800886,50-75%
13.0,20.761750522811564,7.761750522811564,7.761750522811564,50-75%
13.0,20.609535605577197,7.6095356055771965,7.6095356055771965,50-75%
13.0,19.216589450942134,6.216589450942134,6.216589450942134,50-75%
6.0,19.216589450942134,13.216589450942134,13.216589450942134,25-50%
13.0,19.016729434036847,6.016729434036847,6.016729434036847,50-75%
13.0,20.620037998707673,7.620037998707673,7.620037998707673,50-75%
13.0,20.286617352770566,7.286617352770566,7.286617352770566,50-75%
13.0,20.761750522811564,7.761750522811564,7.761750522811564,50-75%
13.0,20.326154665127632,7.326154665127632,7.326154665127632,50-75%
13.0,19.182415608417617,6.182415608417617,6.182415608417617,50-75%
13.0,19.014517272833093,6.014517272833093,6.014517272833093,50-75%
13.0,19.286814507798457,6.286814507798457,6.286814507798457,50-75%
13.0,20.756628332153046,7.756628332153046,7.756628332153046,50-75%
13.0,21.259019388555355,8.259019388555355,8.259019388555355,50-75%
13.0,21.068101046181305,8.068101046181305,8.068101046181305,50-75%
13.0,18.10313650343725,5.1031365034372485,5.1031365034372485,50-75%
13.0,19.13173859427037,6.13173859427037,6.13173859427037,50-75%
13.0,20.7510366977631,7.751036697763102,7.751036697763102,50-75%
13.0,21.370043754217388,8.370043754217388,8.370043754217388,50-75%
13.0,20.54180975329436,7.541809753294359,7.541809753294359,50-75%
15.0,22.096331307831882,7.096331307831882,7.096331307831882,50-75%
15.0,20.752818109554,5.752818109553999,5.752818109553999,50-75%
15.0,20.035066913994942,5.035066913994942,5.035066913994942,50-75%
27.0,20.761750522811564,-6.238249477188436,6.238249477188436,75-100%
27.0,18.88418273203037,-8.115817267969629,8.115817267969629,75-100%
27.0,21.003238918556317,-5.996761081443683,5.996761081443683,75-100%
27.0,20.74929373652459,-6.250706263475411,6.250706263475411,75-100%
27.0,21.188629105086548,-5.811370894913452,5.811370894913452,75-100%
15.0,20.19727739074553,5.19727739074553,5.19727739074553,50-75%
27.0,20.609535605577197,-6.3904643944228035,6.3904643944228035,75-100%
27.0,20.11247121309787,-6.887528786902131,6.887528786902131,75-100%
27.0,20.426144409794013,-6.573855590205987,6.573855590205987,75-100%
27.0,20.761750522811564,-6.238249477188436,6.238249477188436,75-100%
27.0,21.280654102764153,-5.719345897235847,5.719345897235847,75-100%
27.0,21.205330894355413,-5.794669105644587,5.794669105644587,75-100%
27.0,21.18374534924866,-5.81625465075134,5.81625465075134,75-100%
15.0,21.135412475983816,6.1354124759838164,6.1354124759838164,50-75%
27.0,20.11247121309787,-6.887528786902131,6.887528786902131,75-100%
27.0,19.974986795999044,-7.025013204000956,7.025013204000956,75-100%
27.0,20.426144409794013,-6.573855590205987,6.573855590205987,75-100%
27.0,20.761750522811564,-6.238249477188436,6.238249477188436,75-100%
27.0,20.74929373652459,-6.250706263475411,6.250706263475411,75-100%
27.0,21.416193347436916,-5.583806652563084,5.583806652563084,75-100%
27.0,21.488864991270894,-5.511135008729106,5.511135008729106,75-100%
15.0,20.92642154760084,5.926421547600839,5.926421547600839,50-75%
27.0,19.63174199523733,-7.368258004762669,7.368258004762669,75-100%
27.0,19.555237180942534,-7.444762819057466,7.444762819057466,75-100%
27.0,19.974986795999044,-7.025013204000956,7.025013204000956,75-100%
27.0,21.24126363199639,-5.7587363680036106,5.7587363680036106,75-100%
27.0,21.50448917213125,-5.495510827868749,5.495510827868749,75-100%
27.0,21.90585691299878,-5.094143087001221,5.094143087001221,75-100%
27.0,21.47844490045803,-5.52155509954197,5.52155509954197,75-100%
15.0,20.75194065631176,5.75194065631176,5.75194065631176,50-75%
15.0,20.906169410255018,5.906169410255018,5.906169410255018,50-75%
15.0,21.250239201937056,6.250239201937056,6.250239201937056,50-75%
15.0,21.661623731630584,6.661623731630584,6.661623731630584,50-75%
27.0,19.974986795999044,-7.025013204000956,7.025013204000956,75-100%
27.0,20.426144409794013,-6.573855590205987,6.573855590205987,75-100%
27.0,20.579452408445544,-6.420547591554456,6.420547591554456,75-100%
27.0,20.859471320053373,-6.140528679946627,6.140528679946627,75-100%
15.0,20.98527696603236,5.985276966032359,5.985276966032359,50-75%
15.0,21.05494863785195,6.05494863785195,6.05494863785195,50-75%
27.0,19.63174199523733,-7.368258004762669,7.368258004762669,75-100%
27.0,20.108299427446802,-6.891700572553198,6.891700572553198,75-100%
27.0,20.579452408445544,-6.420547591554456,6.420547591554456,75-100%
27.0,21.113356438237513,-5.886643561762487,5.886643561762487,75-100%
18.0,18.594423073648507,0.5944230736485068,0.5944230736485068,75-100%
18.0,17.227157162786394,-0.7728428372136058,0.7728428372136058,75-100%
18.0,17.782254570433565,-0.21774542956643472,0.21774542956643472,75-100%
18.0,17.210666742028803,-0.7893332579711974,0.7893332579711974,75-100%
18.0,17.77199977280497,-0.22800022719502877,0.22800022719502877,75-100%
18.0,17.786249623674234,-0.2137503763257662,0.2137503763257662,75-100%
18.0,17.782254570433565,-0.21774542956643472,0.21774542956643472,75-100%
18.0,19.784737237720677,1.7847372377206767,1.7847372377206767,75-100%
18.0,19.132521549212385,1.1325215492123846,1.1325215492123846,75-100%
18.0,19.12615136689673,1.1261513668967282,1.1261513668967282,75-100%
18.0,18.88123544488455,0.881235444884549,0.881235444884549,75-100%
18.0,18.810456727886024,0.8104567278860237,0.8104567278860237,75-100%
18.0,17.782254570433565,-0.21774542956643472,0.21774542956643472,75-100%
18.0,18.206089703113978,0.20608970311397812,0.20608970311397812,75-100%
18.0,20.247831008684514,2.247831008684514,2.247831008684514,75-100%
18.0,19.197588765597324,1.1975887655973239,1.1975887655973239,75-100%
18.0,19.71792989666801,1.7179298966680108,1.7179298966680108,75-100%
18.0,17.786249623674234,-0.2137503763257662,0.2137503763257662,75-100%
18.0,18.50436693458106,0.5043669345810606,0.5043669345810606,75-100%
18.0,17.94301611760215,-0.05698388239785146,0.05698388239785146,75-100%
18.0,19.26956132062735,1.26956132062735,1.26956132062735,75-100%
18.0,19.472376685728918,1.4723766857289178,1.4723766857289178,75-100%
18.0,19.06133899665845,1.0613389966584492,1.0613389966584492,75-100%
18.0,19.197588765597324,1.1975887655973239,1.1975887655973239,75-100%
14.0,18.503084777645885,4.503084777645885,4.503084777645885,50-75%
14.0,17.652098884525174,3.6520988845251736,3.6520988845251736,50-75%
16.0,17.652098884525174,1.6520988845251736,1.6520988845251736,75-100%
16.666666666666668,17.90938755954538,1.2427208928787117,1.2427208928787117,75-100%
18.0,17.782254570433565,-0.21774542956643472,0.21774542956643472,75-100%
18.0,17.92709263920595,-0.07290736079405136,0.07290736079405136,75-100%
18.0,19.066062063194188,1.0660620631941882,1.0660620631941882,75-100%
14.0,17.66898903813543,3.668989038135429,3.668989038135429,50-75%
14.0,17.652098884525174,3.6520988845251736,3.6520988845251736,50-75%
16.0,19.11983365008171,3.119833650081709,3.119833650081709,75-100%
16.0,19.11983365008171,3.119833650081709,3.119833650081709,75-100%
16.0,16.995673616626433,0.9956736166264335,0.9956736166264335,75-100%
18.0,20.947503321003097,2.947503321003097,2.947503321003097,75-100%
18.0,19.472659615246016,1.472659615246016,1.472659615246016,75-100%
14.0,16.51755872604825,2.51755872604825,2.51755872604825,50-75%
14.0,16.403484379841395,2.4034843798413945,2.4034843798413945,50-75%
14.0,16.403484379841395,2.4034843798413945,2.4034843798413945,50-75%
16.0,16.97939262299127,0.97939262299127,0.97939262299127,75-100%
16.0,17.956160034963506,1.9561600349635064,1.9561600349635064,75-100%
16.0,18.413224894687534,2.4132248946875343,2.4132248946875343,75-100%
16.0,20.80458117463727,4.804581174637271,4.804581174637271,75-100%
16.0,21.07432453555142,5.074324535551419,5.074324535551419,75-100%
18.0,20.947503321003097,2.947503321003097,2.947503321003097,75-100%
18.0,21.842743256583113,3.8427432565831126,3.8427432565831126,75-100%
18.0,19.641014497376148,1.6410144973761476,1.6410144973761476,75-100%
17.0,19.24983046580536,2.24983046580536,2.24983046580536,75-100%
17.0,20.010372118515452,3.010372118515452,3.010372118515452,75-100%
17.0,21.88667480508549,4.886674805085491,4.886674805085491,75-100%
17.0,22.328951534863705,5.328951534863705,5.328951534863705,75-100%
17.0,21.64694959071304,4.646949590713039,4.646949590713039,75-100%
17.0,22.184577002587694,5.1845770025876945,5.1845770025876945,75-100%
14.0,16.51755872604825,2.51755872604825,2.51755872604825,50-75%
16.0,20.947503321003097,4.947503321003097,4.947503321003097,75-100%
16.0,20.966701488014834,4.966701488014834,4.966701488014834,75-100%
16.0,20.80458117463727,4.804581174637271,4.804581174637271,75-100%
18.0,21.440126284621616,3.4401262846216163,3.4401262846216163,75-100%
18.0,21.587214228555567,3.587214228555567,3.587214228555567,75-100%
18.0,22.13310309254558,4.1331030925455785,4.1331030925455785,75-100%
17.0,19.084453074862598,2.084453074862598,2.084453074862598,75-100%
17.0,19.621093050337088,2.6210930503370875,2.6210930503370875,75-100%
17.0,19.48680848794027,2.4868084879402694,2.4868084879402694,75-100%
17.0,19.65987620467564,2.6598762046756406,2.6598762046756406,75-100%
17.0,21.920323825971238,4.920323825971238,4.920323825971238,75-100%
17.0,22.01495130353936,5.014951303539359,5.014951303539359,75-100%
17.0,22.470757695002042,5.4707576950020425,5.4707576950020425,75-100%
17.0,19.523072193423292,2.5230721934232925,2.5230721934232925,75-100%
14.0,16.403484379841395,2.4034843798413945,2.4034843798413945,50-75%
14.0,14.99037214623804,0.9903721462380393,0.9903721462380393,50-75%
16.0,23.079593536163237,7.079593536163237,7.079593536163237,75-100%
16.0,21.67888399083246,5.67888399083246,5.67888399083246,75-100%
16.0,20.930576529409066,4.930576529409066,4.930576529409066,75-100%
17.0,21.47144354126737,4.471443541267369,4.471443541267369,75-100%
17.0,21.47144354126737,4.471443541267369,4.471443541267369,75-100%
17.0,19.70609954181181,2.7060995418118097,2.7060995418118097,75-100%
17.0,22.132051035997794,5.132051035997794,5.132051035997794,75-100%
17.0,21.86507793568075,4.865077935680748,4.865077935680748,75-100%
17.0,22.24685128429352,5.24685128429352,5.24685128429352,75-100%
17.0,22.812039222566998,5.812039222566998,5.812039222566998,75-100%
14.0,16.403484379841395,2.4034843798413945,2.4034843798413945,50-75%
16.0,21.09969266718013,5.099692667180129,5.099692667180129,75-100%
17.0,21.47144354126737,4.471443541267369,4.471443541267369,75-100%
17.0,21.247899995974,4.247899995973999,4.247899995973999,75-100%
17.0,20.73615189100382,3.7361518910038214,3.7361518910038214,75-100%
17.0,21.059091265495155,4.059091265495155,4.059091265495155,75-100%
17.0,21.661276985931252,4.661276985931252,4.661276985931252,75-100%
17.0,22.49357016154117,5.493570161541172,5.493570161541172,75-100%
17.0,22.41414650219162,5.41414650219162,5.41414650219162,75-100%
17.0,22.32181782363103,5.321817823631029,5.321817823631029,75-100%
17.0,20.73615189100382,3.7361518910038214,3.7361518910038214,75-100%
17.0,20.594606065195794,3.5946060651957943,3.5946060651957943,75-100%
17.0,21.059091265495155,4.059091265495155,4.059091265495155,75-100%
17.0,21.47144354126737,4.471443541267369,4.471443541267369,75-100%
17.0,21.67353725111416,4.673537251114158,4.673537251114158,75-100%
17.0,22.636487902630595,5.636487902630595,5.636487902630595,75-100%
17.0,20.162456683109323,3.1624566831093226,3.1624566831093226,75-100%
17.0,20.594606065195794,3.5946060651957943,3.5946060651957943,75-100%
17.0,21.966594505756614,4.966594505756614,4.966594505756614,75-100%
17.0,22.530807680042336,5.5308076800423365,5.5308076800423365,75-100%
30.0,20.365320589472738,-9.634679410527262,9.634679410527262,75-100%
30.0,20.02919516651777,-9.97080483348223,9.97080483348223,75-100%
30.0,20.39310411441976,-9.60689588558024,9.60689588558024,75-100%
30.0,20.308086602088693,-9.691913397911307,9.691913397911307,75-100%
30.0,20.02919516651777,-9.97080483348223,9.97080483348223,75-100%
30.0,20.001884255235343,-9.998115744764657,9.998115744764657,75-100%
30.0,20.001884255235343,-9.998115744764657,9.998115744764657,75-100%
30.0,19.945623850741455,-10.054376149258545,10.054376149258545,75-100%
30.0,19.945623850741455,-10.054376149258545,10.054376149258545,75-100%
30.0,20.001884255235343,-9.998115744764657,9.998115744764657,75-100%
30.0,20.02919516651777,-9.97080483348223,9.97080483348223,75-100%
30.0,19.925285194068238,-10.074714805931762,10.074714805931762,75-100%
30.0,20.365320589472738,-9.634679410527262,9.634679410527262,75-100%
30.0,19.945623850741455,-10.054376149258545,10.054376149258545,75-100%
30.0,19.945623850741455,-10.054376149258545,10.054376149258545,75-100%
30.0,19.29227409160592,-10.707725908394082,10.707725908394082,75-100%
30.0,20.001884255235343,-9.998115744764657,9.998115744764657,75-100%
30.0,19.925285194068238,-10.074714805931762,10.074714805931762,75-100%
30.0,19.925285194068238,-10.074714805931762,10.074714805931762,75-100%
30.0,20.268606035856408,-9.731393964143592,9.731393964143592,75-100%
30.0,19.945623850741455,-10.054376149258545,10.054376149258545,75-100%
30.0,20.365320589472738,-9.634679410527262,9.634679410527262,75-100%
30.0,20.268606035856408,-9.731393964143592,9.731393964143592,75-100%
30.0,19.830562551907843,-10.169437448092157,10.169437448092157,75-100%
30.0,19.29227409160592,-10.707725908394082,10.707725908394082,75-100%
30.0,20.19103417445195,-9.80896582554805,9.80896582554805,75-100%
30.0,19.945623850741455,-10.054376149258545,10.054376149258545,75-100%
30.0,18.978616764246198,-11.021383235753802,11.021383235753802,75-100%
40.0,18.44075644734958,-21.55924355265042,21.55924355265042,75-100%
40.0,20.632463997913117,-19.367536002086883,19.367536002086883,75-100%
40.0,23.436501347057902,-16.563498652942098,16.563498652942098,75-100%
39.0,19.97806203582071,-19.02193796417929,19.02193796417929,75-100%
39.0,20.001884255235343,-18.998115744764657,18.998115744764657,75-100%
40.0,20.785067344318506,-19.214932655681494,19.214932655681494,75-100%
40.0,20.697407675150245,-19.302592324849755,19.302592324849755,75-100%
40.0,20.41449087748865,-19.58550912251135,19.58550912251135,75-100%
40.0,20.674165081115977,-19.325834918884023,19.325834918884023,75-100%
40.0,23.962198024901838,-16.037801975098162,16.037801975098162,75-100%
24.0,23.867237574724683,-0.1327624252753168,0.1327624252753168,75-100%
24.0,23.867237574724683,-0.1327624252753168,0.1327624252753168,75-100%
24.0,23.867237574724683,-0.1327624252753168,0.1327624252753168,75-100%
39.0,18.43571196947238,-20.56428803052762,20.56428803052762,75-100%
39.0,19.97938671649673,-19.02061328350327,19.02061328350327,75-100%
40.0,21.14043627175659,-18.85956372824341,18.85956372824341,75-100%
40.0,21.14043627175659,-18.85956372824341,18.85956372824341,75-100%
40.0,20.697407675150245,-19.302592324849755,19.302592324849755,75-100%
40.0,21.14043627175659,-18.85956372824341,18.85956372824341,75-100%
40.0,21.14043627175659,-18.85956372824341,18.85956372824341,75-100%
40.0,23.462706171017757,-16.537293828982243,16.537293828982243,75-100%
40.0,23.462706171017757,-16.537293828982243,16.537293828982243,75-100%
40.0,23.962198024901838,-16.037801975098162,16.037801975098162,75-100%
24.0,23.89390430470205,-0.10609569529794882,0.10609569529794882,75-100%
24.0,23.89390430470205,-0.10609569529794882,0.10609569529794882,75-100%
24.0,23.395779003429936,-0.6042209965700636,0.6042209965700636,75-100%
24.0,23.89390430470205,-0.10609569529794882,0.10609569529794882,75-100%
24.0,23.932457134683894,-0.06754286531610632,0.06754286531610632,75-100%
24.0,23.726361577516485,-0.2736384224835149,0.2736384224835149,75-100%
39.0,18.43571196947238,-20.56428803052762,20.56428803052762,75-100%
39.0,19.642986039601197,-19.357013960398803,19.357013960398803,75-100%
39.0,19.589691641106576,-19.410308358893424,19.410308358893424,75-100%
39.0,20.006668371914444,-18.993331628085556,18.993331628085556,75-100%
40.0,20.697407675150245,-19.302592324849755,19.302592324849755,75-100%
40.0,20.697407675150245,-19.302592324849755,19.302592324849755,75-100%
40.0,21.14043627175659,-18.85956372824341,18.85956372824341,75-100%
40.0,21.14043627175659,-18.85956372824341,18.85956372824341,75-100%
40.0,20.74207914137534,-19.25792085862466,19.25792085862466,75-100%
40.0,20.74207914137534,-19.25792085862466,19.25792085862466,75-100%
40.0,23.962198024901838,-16.037801975098162,16.037801975098162,75-100%
24.0,23.89390430470205,-0.10609569529794882,0.10609569529794882,75-100%
24.0,23.89390430470205,-0.10609569529794882,0.10609569529794882,75-100%
24.0,23.89390430470205,-0.10609569529794882,0.10609569529794882,75-100%
24.0,23.89390430470205,-0.10609569529794882,0.10609569529794882,75-100%
24.0,23.867237574724683,-0.1327624252753168,0.1327624252753168,75-100%
39.0,19.74458694927609,-19.25541305072391,19.25541305072391,75-100%
39.0,19.58070710170091,-19.41929289829909,19.41929289829909,75-100%
39.0,19.589691641106576,-19.410308358893424,19.410308358893424,75-100%
39.0,20.006668371914444,-18.993331628085556,18.993331628085556,75-100%
39.0,20.006668371914444,-18.993331628085556,18.993331628085556,75-100%
39.0,20.006668371914444,-18.993331628085556,18.993331628085556,75-100%
40.0,19.745264177153835,-20.254735822846165,20.254735822846165,75-100%
40.0,18.752764361200953,-21.247235638799047,21.247235638799047,75-100%
40.0,18.978616764246198,-21.021383235753802,21.021383235753802,75-100%
40.0,20.006668371914444,-19.993331628085556,19.993331628085556,75-100%
40.0,20.74207914137534,-19.25792085862466,19.25792085862466,75-100%
40.0,20.634646649228756,-19.365353350771244,19.365353350771244,75-100%
24.0,23.89390430470205,-0.10609569529794882,0.10609569529794882,75-100%
24.0,23.89390430470205,-0.10609569529794882,0.10609569529794882,75-100%
24.0,23.867237574724683,-0.1327624252753168,0.1327624252753168,75-100%
24.0,23.369645872872784,-0.630354127127216,0.630354127127216,75-100%
24.0,23.24922998385736,-0.7507700161426385,0.7507700161426385,75-100%
39.0,18.43571196947238,-20.56428803052762,20.56428803052762,75-100%
39.0,19.569198114185763,-19.430801885814237,19.430801885814237,75-100%
39.0,20.006668371914444,-18.993331628085556,18.993331628085556,75-100%
39.0,20.006668371914444,-18.993331628085556,18.993331628085556,75-100%
40.0,16.65141356298341,-23.34858643701659,23.34858643701659,75-100%
40.0,16.65141356298341,-23.34858643701659,23.34858643701659,75-100%
40.0,17.838741695894313,-22.161258304105687,22.161258304105687,75-100%
24.0,23.27523398475193,-0.7247660152480684,0.7247660152480684,75-100%
24.0,23.89390430470205,-0.10609569529794882,0.10609569529794882,75-100%
24.0,23.08183659019341,-0.9181634098065885,0.9181634098065885,75-100%
24.0,23.726361577516485,-0.2736384224835149,0.2736384224835149,75-100%
24.0,23.34525290441647,-0.6547470955835308,0.6547470955835308,75-100%
39.0,19.569198114185763,-19.430801885814237,19.430801885814237,75-100%
39.0,20.061762777286507,-18.938237222713493,18.938237222713493,75-100%
24.0,23.867237574724683,-0.1327624252753168,0.1327624252753168,75-100%
24.0,23.867237574724683,-0.1327624252753168,0.1327624252753168,75-100%
24.0,23.273595196456515,-0.7264048035434847,0.7264048035434847,75-100%
17.0,19.625386357768274,2.6253863577682743,2.6253863577682743,75-100%
17.0,19.777767462891862,2.7777674628918625,2.7777674628918625,75-100%
17.0,19.06868945583865,2.0686894558386513,2.0686894558386513,75-100%
17.0,19.964710606133746,2.964710606133746,2.964710606133746,75-100%
17.0,21.9054247500614,4.9054247500614,4.9054247500614,75-100%
17.0,19.777767462891862,2.7777674628918625,2.7777674628918625,75-100%
17.0,19.807737985431853,2.807737985431853,2.807737985431853,75-100%
17.0,19.777767462891862,2.7777674628918625,2.7777674628918625,75-100%
17.0,19.244669212673212,2.2446692126732124,2.2446692126732124,75-100%
17.0,19.490158044771754,2.4901580447717535,2.4901580447717535,75-100%
17.0,22.398183738948376,5.398183738948376,5.398183738948376,75-100%
17.0,19.930957971882865,2.930957971882865,2.930957971882865,75-100%
17.0,20.202018382518567,3.202018382518567,3.202018382518567,75-100%
17.0,20.202018382518567,3.202018382518567,3.202018382518567,75-100%
17.0,19.777767462891862,2.7777674628918625,2.7777674628918625,75-100%
17.0,20.202018382518567,3.202018382518567,3.202018382518567,75-100%
17.0,20.202018382518567,3.202018382518567,3.202018382518567,75-100%
17.0,22.226935978513833,5.226935978513833,5.226935978513833,75-100%
25.0,22.78320852334531,-2.2167914766546915,2.2167914766546915,75-100%
25.0,22.673678453483518,-2.326321546516482,2.326321546516482,75-100%
17.0,19.777767462891862,2.7777674628918625,2.7777674628918625,75-100%
17.0,19.777767462891862,2.7777674628918625,2.7777674628918625,75-100%
17.0,20.202018382518567,3.202018382518567,3.202018382518567,75-100%
17.0,20.202018382518567,3.202018382518567,3.202018382518567,75-100%
16.5,19.82054553810471,3.32054553810471,3.32054553810471,75-100%
16.5,19.82054553810471,3.32054553810471,3.32054553810471,75-100%
16.0,22.701195254280297,6.701195254280297,6.701195254280297,75-100%
25.0,22.74643276595926,-2.253567234040741,2.253567234040741,75-100%
25.0,22.74643276595926,-2.253567234040741,2.253567234040741,75-100%
25.0,22.72099522499563,-2.2790047750043705,2.2790047750043705,75-100%
25.0,22.673678453483518,-2.326321546516482,2.326321546516482,75-100%
38.0,16.93462338447795,-21.06537661552205,21.06537661552205,75-100%
38.0,16.93462338447795,-21.06537661552205,21.06537661552205,75-100%
17.0,19.75364472637397,2.7536447263739703,2.7536447263739703,75-100%
17.0,19.41556908781807,2.4155690878180707,2.4155690878180707,75-100%
16.5,19.254288443452722,2.7542884434527224,2.7542884434527224,75-100%
16.5,18.85912506081516,2.3591250608151597,2.3591250608151597,75-100%
16.5,19.55436212474293,3.05436212474293,3.05436212474293,75-100%
16.0,19.717666550291934,3.717666550291934,3.717666550291934,75-100%
16.0,22.701195254280297,6.701195254280297,6.701195254280297,75-100%
16.0,22.398183738948376,6.398183738948376,6.398183738948376,75-100%
25.0,22.24633975318627,-2.7536602468137303,2.7536602468137303,75-100%
25.0,22.131474371787746,-2.8685256282122538,2.8685256282122538,75-100%
25.0,22.673678453483518,-2.326321546516482,2.326321546516482,75-100%
31.5,22.403508445323112,-9.096491554676888,9.096491554676888,75-100%
38.0,20.282459642284845,-17.717540357715155,17.717540357715155,75-100%
38.0,20.282459642284845,-17.717540357715155,17.717540357715155,75-100%
38.0,16.93462338447795,-21.06537661552205,21.06537661552205,75-100%
38.0,18.327384442115775,-19.672615557884225,19.672615557884225,75-100%
38.0,18.327384442115775,-19.672615557884225,19.672615557884225,75-100%
17.0,16.550935232692478,-0.4490647673075223,0.4490647673075223,75-100%
16.5,16.774784503205552,0.27478450320555226,0.27478450320555226,75-100%
16.5,16.774784503205552,0.27478450320555226,0.27478450320555226,75-100%
16.0,18.327384442115775,2.3273844421157754,2.3273844421157754,75-100%
16.0,19.143070761985108,3.1430707619851077,3.1430707619851077,75-100%
16.0,19.55436212474293,3.55436212474293,3.55436212474293,75-100%
16.0,21.816685487696056,5.816685487696056,5.816685487696056,75-100%
16.0,22.398183738948376,6.398183738948376,6.398183738948376,75-100%
25.0,22.199969786995503,-2.800030213004497,2.800030213004497,75-100%
25.0,22.673678453483518,-2.326321546516482,2.326321546516482,75-100%
25.0,22.30879483910624,-2.691205160893759,2.691205160893759,75-100%
25.0,22.784725550311954,-2.215274449688046,2.215274449688046,75-100%
38.0,18.327384442115775,-19.672615557884225,19.672615557884225,75-100%
38.0,18.327384442115775,-19.672615557884225,19.672615557884225,75-100%
16.0,19.41556908781807,3.4155690878180707,3.4155690878180707,75-100%
16.0,19.53234397853619,3.53234397853619,3.53234397853619,75-100%
16.0,19.12149319735924,3.1214931973592392,3.1214931973592392,75-100%
16.0,22.373119247654035,6.373119247654035,6.373119247654035,75-100%
25.0,22.72099522499563,-2.2790047750043705,2.2790047750043705,75-100%
25.0,22.439224696380272,-2.560775303619728,2.560775303619728,75-100%
25.0,22.673678453483518,-2.326321546516482,2.326321546516482,75-100%
31.5,22.91781859009556,-8.58218140990444,8.58218140990444,75-100%
38.0,18.327384442115775,-19.672615557884225,19.672615557884225,75-100%
38.0,18.327384442115775,-19.672615557884225,19.672615557884225,75-100%
16.0,18.327384442115775,2.3273844421157754,2.3273844421157754,75-100%
16.0,19.587507471840212,3.587507471840212,3.587507471840212,75-100%
16.0,19.175552872982237,3.1755528729822373,3.1755528729822373,75-100%
16.0,19.53234397853619,3.53234397853619,3.53234397853619,75-100%
25.0,22.72099522499563,-2.2790047750043705,2.2790047750043705,75-100%
25.0,22.72099522499563,-2.2790047750043705,2.2790047750043705,75-100%
25.0,22.439224696380272,-2.560775303619728,2.560775303619728,75-100%
31.5,22.298094228999435,-9.201905771000565,9.201905771000565,75-100%
38.0,21.837310558522557,-16.162689441477443,16.162689441477443,75-100%
38.0,18.327384442115775,-19.672615557884225,19.672615557884225,75-100%
38.0,18.327384442115775,-19.672615557884225,19.672615557884225,75-100%
38.0,18.327384442115775,-19.672615557884225,19.672615557884225,75-100%
38.0,16.93462338447795,-21.06537661552205,21.06537661552205,75-100%
38.0,16.708761160335758,-21.291238839664242,21.291238839664242,75-100%
16.0,19.254288443452722,3.2542884434527224,3.2542884434527224,75-100%
25.0,22.439224696380272,-2.560775303619728,2.560775303619728,75-100%
38.0,16.93462338447795,-21.06537661552205,21.06537661552205,75-100%
38.0,16.93462338447795,-21.06537661552205,21.06537661552205,75-100%
38.0,16.93462338447795,-21.06537661552205,21.06537661552205,75-100%
16.0,18.327384442115775,2.3273844421157754,2.3273844421157754,75-100%
7.0,22.439224696380272,15.439224696380272,15.439224696380272,25-50%
7.0,22.462577691458236,15.462577691458236,15.462577691458236,25-50%
7.0,22.439224696380272,15.439224696380272,15.439224696380272,25-50%
7.0,22.377003873324373,15.377003873324373,15.377003873324373,25-50%
7.0,22.345098483621754,15.345098483621754,15.345098483621754,25-50%
7.0,22.176337243723545,15.176337243723545,15.176337243723545,25-50%
7.0,22.439224696380272,15.439224696380272,15.439224696380272,25-50%
7.0,21.905702826832737,14.905702826832737,14.905702826832737,25-50%
7.0,21.989551401207503,14.989551401207503,14.989551401207503,25-50%
7.0,21.96666922313751,14.966669223137512,14.966669223137512,25-50%
7.0,21.989551401207503,14.989551401207503,14.989551401207503,25-50%
7.0,22.46688874607593,15.46688874607593,15.46688874607593,25-50%
7.0,21.743754791250804,14.743754791250804,14.743754791250804,25-50%
7.0,21.743754791250804,14.743754791250804,14.743754791250804,25-50%
7.0,21.743754791250804,14.743754791250804,14.743754791250804,25-50%
7.0,21.55810032553647,14.558100325536468,14.558100325536468,25-50%
7.0,22.282561014712947,15.282561014712947,15.282561014712947,25-50%
7.0,22.32186241906176,15.321862419061759,15.321862419061759,25-50%
7.0,22.04812443128999,15.048124431289992,15.048124431289992,25-50%
7.0,22.125353769107253,15.125353769107253,15.125353769107253,25-50%
7.0,22.30301943861241,15.30301943861241,15.30301943861241,25-50%
7.0,21.79908564717517,14.799085647175168,14.799085647175168,25-50%
7.0,22.26954111686809,15.26954111686809,15.26954111686809,25-50%
7.0,22.32186241906176,15.321862419061759,15.321862419061759,25-50%
7.0,22.530990599097578,15.530990599097578,15.530990599097578,25-50%
7.0,22.50756951063634,15.50756951063634,15.50756951063634,25-50%
7.0,22.78169464220992,15.78169464220992,15.78169464220992,25-50%
7.0,21.79908564717517,14.799085647175168,14.799085647175168,25-50%
7.0,21.85514463526556,14.85514463526556,14.85514463526556,25-50%
7.0,21.7394466663339,14.739446666333901,14.739446666333901,25-50%
7.0,22.207770729016985,15.207770729016985,15.207770729016985,25-50%
7.0,22.26954111686809,15.26954111686809,15.26954111686809,25-50%
7.0,22.32186241906176,15.321862419061759,15.321862419061759,25-50%
7.0,22.13838408039823,15.138384080398229,15.138384080398229,25-50%
7.0,21.883980724617263,14.883980724617263,14.883980724617263,25-50%
7.0,23.096362706688964,16.096362706688964,16.096362706688964,25-50%
7.0,22.422019429202308,15.422019429202308,15.422019429202308,25-50%
7.0,22.793699360953426,15.793699360953426,15.793699360953426,25-50%
11.0,22.69983152097187,11.69983152097187,11.69983152097187,50-75%
11.0,22.331278796800433,11.331278796800433,11.331278796800433,50-75%
11.0,22.59596316634964,11.595963166349641,11.595963166349641,50-75%
11.0,22.37063666521523,11.37063666521523,11.37063666521523,50-75%
11.0,22.225599533414474,11.225599533414474,11.225599533414474,50-75%
11.0,22.582725334981276,11.582725334981276,11.582725334981276,50-75%
11.0,22.32458897804356,11.324588978043561,11.324588978043561,50-75%
11.0,22.32458897804356,11.324588978043561,11.324588978043561,50-75%
11.0,22.82228393464171,11.82228393464171,11.82228393464171,50-75%
11.0,22.464510739856728,11.464510739856728,11.464510739856728,50-75%
11.0,21.653857769484745,10.653857769484745,10.653857769484745,50-75%
11.0,19.068635091163355,8.068635091163355,8.068635091163355,50-75%
11.0,19.282160684574666,8.282160684574666,8.282160684574666,50-75%
11.0,22.01627471191047,11.01627471191047,11.01627471191047,50-75%
11.0,22.228549933160803,11.228549933160803,11.228549933160803,50-75%
11.0,22.03534560639644,11.03534560639644,11.03534560639644,50-75%
11.0,19.26246626507711,8.262466265077109,8.262466265077109,50-75%
12.0,19.176313355982927,7.176313355982927,7.176313355982927,50-75%
10.333333333333334,19.86028487031296,9.526951536979626,9.526951536979626,50-75%
7.0,20.06772000860461,13.06772000860461,13.06772000860461,25-50%
11.0,22.225599533414474,11.225599533414474,11.225599533414474,50-75%
11.0,23.216019493287778,12.216019493287778,12.216019493287778,50-75%
11.0,23.216019493287778,12.216019493287778,12.216019493287778,50-75%
12.0,19.442872014600965,7.442872014600965,7.442872014600965,50-75%
10.333333333333334,19.4376009564231,9.104267623089767,9.104267623089767,50-75%
10.333333333333334,19.41632256943543,9.082989236102096,9.082989236102096,50-75%
10.333333333333334,19.420973298300673,9.08763996496734,9.08763996496734,50-75%
10.333333333333334,19.38023915040993,9.046905817076597,9.046905817076597,50-75%
10.0,19.41556908781807,9.41556908781807,9.41556908781807,50-75%
7.0,17.73309515163501,10.733095151635009,10.733095151635009,25-50%
7.0,21.837310558522557,14.837310558522557,14.837310558522557,25-50%
12.0,22.513792205336813,10.513792205336813,10.513792205336813,50-75%
12.0,19.442872014600965,7.442872014600965,7.442872014600965,50-75%
10.333333333333334,19.4376009564231,9.104267623089767,9.104267623089767,50-75%
10.333333333333334,19.420973298300673,9.08763996496734,9.08763996496734,50-75%
10.0,18.327384442115775,8.327384442115775,8.327384442115775,50-75%
7.0,19.41556908781807,12.41556908781807,12.41556908781807,25-50%
7.0,19.38023915040993,12.380239150409931,12.380239150409931,25-50%
13.0,22.380006763412307,9.380006763412307,9.380006763412307,50-75%
13.0,22.380006763412307,9.380006763412307,9.380006763412307,50-75%
10.0,19.53234397853619,9.53234397853619,9.53234397853619,50-75%
10.0,19.137877005560306,9.137877005560306,9.137877005560306,50-75%
10.0,19.403927863678316,9.403927863678316,9.403927863678316,50-75%
7.0,19.53234397853619,12.53234397853619,12.53234397853619,25-50%
7.0,19.02206838403543,12.022068384035428,12.022068384035428,25-50%
13.0,21.613418064819065,8.613418064819065,8.613418064819065,50-75%
13.0,21.93674463779754,8.936744637797538,8.936744637797538,50-75%
13.0,19.177792054135615,6.177792054135615,6.177792054135615,50-75%
10.0,19.038371236163503,9.038371236163503,9.038371236163503,50-75%
10.0,19.403927863678316,9.403927863678316,9.403927863678316,50-75%
10.0,19.30310747728746,9.303107477287458,9.303107477287458,50-75%
10.0,19.143070761985108,9.143070761985108,9.143070761985108,50-75%
10.0,19.12149319735924,9.12149319735924,9.12149319735924,50-75%
7.0,19.41556908781807,12.41556908781807,12.41556908781807,25-50%
13.0,21.613418064819065,8.613418064819065,8.613418064819065,50-75%
13.0,21.930830551200003,8.930830551200003,8.930830551200003,50-75%
13.0,18.914689825643332,5.9146898256433325,5.9146898256433325,50-75%
13.0,19.177792054135615,6.177792054135615,6.177792054135615,50-75%
13.0,19.177792054135615,6.177792054135615,6.177792054135615,50-75%
13.0,18.91982601990062,5.9198260199006185,5.9198260199006185,50-75%
13.0,19.177792054135615,6.177792054135615,6.177792054135615,50-75%
13.0,18.914689825643332,5.9146898256433325,5.9146898256433325,50-75%
22.0,23.36256037372462,1.3625603737246195,1.3625603737246195,75-100%
22.0,22.994241682337,0.9942416823370017,0.9942416823370017,75-100%
22.0,23.444749323712376,1.4447493237123759,1.4447493237123759,75-100%
22.0,23.418563735401236,1.4185637354012357,1.4185637354012357,75-100%
22.0,23.418563735401236,1.4185637354012357,1.4185637354012357,75-100%
22.0,23.418563735401236,1.4185637354012357,1.4185637354012357,75-100%
17.0,20.673020999639196,3.6730209996391956,3.6730209996391956,75-100%
17.0,20.673020999639196,3.6730209996391956,3.6730209996391956,75-100%
17.0,23.17793857986632,6.177938579866321,6.177938579866321,75-100%
17.0,23.17793857986632,6.177938579866321,6.177938579866321,75-100%
22.0,23.761314088615787,1.7613140886157872,1.7613140886157872,75-100%
22.0,23.761314088615787,1.7613140886157872,1.7613140886157872,75-100%
22.0,23.444749323712376,1.4447493237123759,1.4447493237123759,75-100%
22.0,22.955611582506563,0.9556115825065632,0.9556115825065632,75-100%
22.0,23.444749323712376,1.4447493237123759,1.4447493237123759,75-100%
22.0,23.482606553863604,1.4826065538636044,1.4826065538636044,75-100%
22.0,23.36256037372462,1.3625603737246195,1.3625603737246195,75-100%
17.0,20.673020999639196,3.6730209996391956,3.6730209996391956,75-100%
17.0,20.673020999639196,3.6730209996391956,3.6730209996391956,75-100%
17.0,21.070112850697686,4.0701128506976865,4.0701128506976865,75-100%
17.0,21.070112850697686,4.0701128506976865,4.0701128506976865,75-100%
17.0,23.671615905666876,6.671615905666876,6.671615905666876,75-100%
22.0,23.761314088615787,1.7613140886157872,1.7613140886157872,75-100%
22.0,23.444749323712376,1.4447493237123759,1.4447493237123759,75-100%
22.0,23.444749323712376,1.4447493237123759,1.4447493237123759,75-100%
22.0,23.444749323712376,1.4447493237123759,1.4447493237123759,75-100%
22.0,23.418563735401236,1.4185637354012357,1.4185637354012357,75-100%
17.0,20.63435310560149,3.634353105601491,3.634353105601491,75-100%
17.0,20.463444207873,3.4634442078729997,3.4634442078729997,75-100%
17.0,20.05099169501429,3.0509916950142895,3.0509916950142895,75-100%
17.0,20.787954155041668,3.7879541550416675,3.7879541550416675,75-100%
17.0,21.031051962732633,4.031051962732633,4.031051962732633,75-100%
19.5,23.671615905666876,4.171615905666876,4.171615905666876,75-100%
19.5,23.35619790074946,3.8561979007494607,3.8561979007494607,75-100%
22.0,23.418563735401236,1.4185637354012357,1.4185637354012357,75-100%
22.0,22.929949966004216,0.9299499660042159,0.9299499660042159,75-100%
17.0,18.321456090657037,1.321456090657037,1.321456090657037,75-100%
17.0,18.56788705252895,1.567887052528949,1.567887052528949,75-100%
17.0,18.56788705252895,1.567887052528949,1.567887052528949,75-100%
17.0,19.884127404395915,2.8841274043959153,2.8841274043959153,75-100%
17.0,20.351978701181935,3.3519787011819346,3.3519787011819346,75-100%
17.0,20.787954155041668,3.7879541550416675,3.7879541550416675,75-100%
19.5,22.826587708167352,3.3265877081673523,3.3265877081673523,75-100%
22.0,23.444749323712376,1.4447493237123759,1.4447493237123759,75-100%
22.0,22.875067227716603,0.8750672277166025,0.8750672277166025,75-100%
17.0,20.63435310560149,3.634353105601491,3.634353105601491,75-100%
17.0,20.764614566237107,3.764614566237107,3.764614566237107,75-100%
17.0,20.329106135933124,3.3291061359331238,3.3291061359331238,75-100%
17.0,19.884127404395915,2.8841274043959153,2.8841274043959153,75-100%
17.0,20.82308875560118,3.82308875560118,3.82308875560118,75-100%
17.0,20.38641026081727,3.3864102608172715,3.3864102608172715,75-100%
20.0,17.196345694373278,-2.803654305626722,2.803654305626722,75-100%
20.0,17.196345694373278,-2.803654305626722,2.803654305626722,75-100%
20.0,17.196345694373278,-2.803654305626722,2.803654305626722,75-100%
20.0,17.497015710342225,-2.5029842896577748,2.5029842896577748,75-100%
20.0,17.497015710342225,-2.5029842896577748,2.5029842896577748,75-100%
20.0,17.497015710342225,-2.5029842896577748,2.5029842896577748,75-100%
20.0,17.196345694373278,-2.803654305626722,2.803654305626722,75-100%
20.0,17.2640709186525,-2.7359290813475,2.7359290813475,75-100%
20.0,17.497015710342225,-2.5029842896577748,2.5029842896577748,75-100%
20.0,17.497015710342225,-2.5029842896577748,2.5029842896577748,75-100%
20.0,19.11270142831645,-0.8872985716835515,0.8872985716835515,75-100%
20.0,17.497015710342225,-2.5029842896577748,2.5029842896577748,75-100%
20.0,17.497015710342225,-2.5029842896577748,2.5029842896577748,75-100%
20.0,19.11270142831645,-0.8872985716835515,0.8872985716835515,75-100%
20.0,19.523372694725598,-0.4766273052744019,0.4766273052744019,75-100%
20.0,19.087455151150124,-0.9125448488498762,0.9125448488498762,75-100%
20.0,17.497015710342225,-2.5029842896577748,2.5029842896577748,75-100%
11.0,22.766091019290585,11.766091019290585,11.766091019290585,50-75%
11.0,19.71524733179956,8.71524733179956,8.71524733179956,50-75%
15.5,19.11270142831645,3.6127014283164485,3.6127014283164485,75-100%
15.5,20.24510156985845,4.745101569858448,4.745101569858448,75-100%
15.5,19.11270142831645,3.6127014283164485,3.6127014283164485,75-100%
15.5,17.497015710342225,1.9970157103422252,1.9970157103422252,75-100%
20.0,17.196345694373278,-2.803654305626722,2.803654305626722,75-100%
11.0,22.766091019290585,11.766091019290585,11.766091019290585,50-75%
11.0,23.41591728359697,12.415917283596968,12.415917283596968,50-75%
11.0,23.14263900370383,12.142639003703831,12.142639003703831,50-75%
11.0,22.5274714543633,11.527471454363301,11.527471454363301,50-75%
15.5,20.26626851368097,4.76626851368097,4.76626851368097,75-100%
15.5,19.11270142831645,3.6127014283164485,3.6127014283164485,75-100%
15.5,19.11270142831645,3.6127014283164485,3.6127014283164485,75-100%
20.0,18.494264769321884,-1.5057352306781162,1.5057352306781162,75-100%
11.0,23.50854731114714,12.50854731114714,12.50854731114714,50-75%
11.0,22.766468772743536,11.766468772743536,11.766468772743536,50-75%
11.0,23.172231669811442,12.172231669811442,12.172231669811442,50-75%
11.0,23.391615401525613,12.391615401525613,12.391615401525613,50-75%
11.0,23.391615401525613,12.391615401525613,12.391615401525613,50-75%
15.5,22.626298318322178,7.126298318322178,7.126298318322178,75-100%
14.333333333333336,19.11270142831645,4.779368094983113,4.779368094983113,50-75%
14.333333333333336,19.11270142831645,4.779368094983113,4.779368094983113,50-75%
12.0,19.231704787139492,7.231704787139492,7.231704787139492,50-75%
12.0,19.11270142831645,7.1127014283164485,7.1127014283164485,50-75%
11.0,22.841280828159427,11.841280828159427,11.841280828159427,50-75%
11.0,23.01156583040462,12.01156583040462,12.01156583040462,50-75%
11.0,23.41591728359697,12.415917283596968,12.415917283596968,50-75%
11.0,23.391615401525613,12.391615401525613,12.391615401525613,50-75%
11.5,23.41591728359697,11.915917283596968,11.915917283596968,50-75%
11.5,23.391615401525613,11.891615401525613,11.891615401525613,50-75%
11.5,23.326866400412953,11.826866400412953,11.826866400412953,50-75%
12.0,23.057252840521514,11.057252840521514,11.057252840521514,50-75%
12.0,23.12128423138376,11.121284231383761,11.121284231383761,50-75%
12.0,23.12128423138376,11.121284231383761,11.121284231383761,50-75%
11.0,23.01156583040462,12.01156583040462,12.01156583040462,50-75%
11.0,23.166692825326592,12.166692825326592,12.166692825326592,50-75%
11.0,23.11804621473933,12.11804621473933,12.11804621473933,50-75%
11.5,23.391615401525613,11.891615401525613,11.891615401525613,50-75%
11.5,22.836415286382042,11.336415286382042,11.336415286382042,50-75%
11.5,22.923670825104335,11.423670825104335,11.423670825104335,50-75%
11.5,22.899858890440868,11.399858890440868,11.399858890440868,50-75%
12.0,22.658525863535512,10.658525863535512,10.658525863535512,50-75%
12.0,23.12128423138376,11.121284231383761,11.121284231383761,50-75%
12.0,23.12128423138376,11.121284231383761,11.121284231383761,50-75%
12.0,22.76524407971165,10.76524407971165,10.76524407971165,50-75%
11.0,23.14263900370383,12.142639003703831,12.142639003703831,50-75%
11.0,22.327772982218953,11.327772982218953,11.327772982218953,50-75%
11.5,22.327772982218953,10.827772982218953,10.827772982218953,50-75%
11.5,22.327772982218953,10.827772982218953,10.827772982218953,50-75%
12.0,21.880921030764735,9.880921030764735,9.880921030764735,50-75%
12.0,22.904331919644367,10.904331919644367,10.904331919644367,50-75%
12.0,22.875067227716603,10.875067227716603,10.875067227716603,50-75%
12.0,22.76524407971165,10.76524407971165,10.76524407971165,50-75%
12.0,22.636500408222467,10.636500408222467,10.636500408222467,50-75%
12.0,22.19905824485246,10.19905824485246,10.19905824485246,50-75%
12.0,22.479183370364318,10.479183370364318,10.479183370364318,50-75%
12.0,22.875067227716603,10.875067227716603,10.875067227716603,50-75%
12.0,23.14531677679541,11.145316776795411,11.145316776795411,50-75%
12.0,23.12128423138376,11.121284231383761,11.121284231383761,50-75%
12.0,22.90585889860183,10.905858898601831,10.905858898601831,50-75%
12.0,22.138372995820482,10.138372995820482,10.138372995820482,50-75%
12.0,22.416856474619763,10.416856474619763,10.416856474619763,50-75%
12.0,22.479183370364318,10.479183370364318,10.479183370364318,50-75%
12.0,22.875067227716603,10.875067227716603,10.875067227716603,50-75%
12.0,23.12128423138376,11.121284231383761,11.121284231383761,50-75%
7.0,23.602987067804317,16.602987067804317,16.602987067804317,25-50%
7.0,23.97437670977389,16.97437670977389,16.97437670977389,25-50%
7.0,24.502152020127237,17.502152020127237,17.502152020127237,25-50%
7.0,23.77397234085731,16.77397234085731,16.77397234085731,25-50%
7.0,24.01781944374992,17.01781944374992,17.01781944374992,25-50%
7.0,24.275821336811614,17.275821336811614,17.275821336811614,25-50%
7.0,23.94762377652883,16.94762377652883,16.94762377652883,25-50%
7.0,23.738959963248476,16.738959963248476,16.738959963248476,25-50%
7.0,23.665981965675847,16.665981965675847,16.665981965675847,25-50%
7.0,24.01781944374992,17.01781944374992,17.01781944374992,25-50%
7.0,23.825626393951467,16.825626393951467,16.825626393951467,25-50%
7.0,23.258768731229182,16.258768731229182,16.258768731229182,25-50%
7.0,24.038947003042075,17.038947003042075,17.038947003042075,25-50%
7.0,23.6726885812441,16.6726885812441,16.6726885812441,25-50%
7.0,23.712459212012913,16.712459212012913,16.712459212012913,25-50%
7.0,23.70759136398538,16.70759136398538,16.70759136398538,25-50%
7.0,23.64777344127497,16.64777344127497,16.64777344127497,25-50%
7.0,24.042745226146707,17.042745226146707,17.042745226146707,25-50%
7.0,24.275821336811614,17.275821336811614,17.275821336811614,25-50%
7.0,24.275821336811614,17.275821336811614,17.275821336811614,25-50%
7.0,24.502152020127237,17.502152020127237,17.502152020127237,25-50%
7.0,23.692432876386327,16.692432876386327,16.692432876386327,25-50%
7.0,23.70759136398538,16.70759136398538,16.70759136398538,25-50%
7.0,23.70759136398538,16.70759136398538,16.70759136398538,25-50%
7.0,23.772392218184358,16.772392218184358,16.772392218184358,25-50%
7.0,23.77397234085731,16.77397234085731,16.77397234085731,25-50%
7.0,24.279819784149105,17.279819784149105,17.279819784149105,25-50%
7.0,23.928361219289314,16.928361219289314,16.928361219289314,25-50%
7.0,23.690311160770506,16.690311160770506,16.690311160770506,25-50%
7.0,24.167461688451667,17.167461688451667,17.167461688451667,25-50%
7.0,23.583298571063402,16.583298571063402,16.583298571063402,25-50%
7.0,23.6014178508393,16.6014178508393,16.6014178508393,25-50%
7.0,23.602987067804317,16.602987067804317,16.602987067804317,25-50%
7.0,24.167461688451667,17.167461688451667,17.167461688451667,25-50%
7.0,24.279819784149105,17.279819784149105,17.279819784149105,25-50%
7.0,24.791915785631193,17.791915785631193,17.791915785631193,25-50%
20.0,22.9926256807609,2.9926256807608986,2.9926256807608986,75-100%
20.0,22.9926256807609,2.9926256807608986,2.9926256807608986,75-100%
20.0,22.9926256807609,2.9926256807608986,2.9926256807608986,75-100%
20.0,23.329397368716617,3.3293973687166165,3.3293973687166165,75-100%
20.0,23.018354508442474,3.0183545084424743,3.0183545084424743,75-100%
20.0,22.53774889796302,2.53774889796302,2.53774889796302,75-100%
20.0,23.018354508442474,3.0183545084424743,3.0183545084424743,75-100%
17.0,22.75145430264476,5.75145430264476,5.75145430264476,75-100%
17.0,22.634993199718274,5.634993199718274,5.634993199718274,75-100%
21.5,23.329397368716617,1.8293973687166165,1.8293973687166165,75-100%
21.5,23.018354508442474,1.5183545084424743,1.5183545084424743,75-100%
17.0,22.71472764651918,5.714727646519179,5.714727646519179,75-100%
17.0,22.71472764651918,5.714727646519179,5.714727646519179,75-100%
17.0,22.689324068563067,5.689324068563067,5.689324068563067,75-100%
14.0,22.634993199718274,8.634993199718274,8.634993199718274,50-75%
23.0,20.3345697664123,-2.665430233587699,2.665430233587699,75-100%
21.5,23.329397368716617,1.8293973687166165,1.8293973687166165,75-100%
21.5,23.018354508442474,1.5183545084424743,1.5183545084424743,75-100%
21.5,22.9926256807609,1.4926256807608986,1.4926256807608986,75-100%
19.0,22.215302334400743,3.215302334400743,3.215302334400743,75-100%
17.0,22.17421462770466,5.174214627704661,5.174214627704661,75-100%
14.0,22.634993199718274,8.634993199718274,8.634993199718274,50-75%
14.0,22.627123013043622,8.627123013043622,8.627123013043622,50-75%
23.0,19.676964496379547,-3.323035503620453,3.323035503620453,75-100%
23.0,20.099157170272182,-2.900842829727818,2.900842829727818,75-100%
21.5,22.49609050777387,0.9960905077738715,0.9960905077738715,75-100%
21.5,23.018354508442474,1.5183545084424743,1.5183545084424743,75-100%
19.0,22.162058622479208,3.1620586224792078,3.1620586224792078,75-100%
17.0,22.634993199718274,5.634993199718274,5.634993199718274,75-100%
17.0,22.277674033229346,5.277674033229346,5.277674033229346,75-100%
14.0,22.752969304148394,8.752969304148394,8.752969304148394,50-75%
23.0,19.6431675233397,-3.3568324766603013,3.3568324766603013,75-100%
23.0,20.076555431303362,-2.923444568696638,2.923444568696638,75-100%
23.0,19.654815016642356,-3.345184983357644,3.345184983357644,75-100%
21.5,22.9926256807609,1.4926256807608986,1.4926256807608986,75-100%
19.0,22.689324068563067,3.6893240685630673,3.6893240685630673,75-100%
19.0,22.400922564448315,3.400922564448315,3.400922564448315,75-100%
14.0,22.634993199718274,8.634993199718274,8.634993199718274,50-75%
14.0,22.878734385945073,8.878734385945073,8.878734385945073,50-75%
23.0,20.13318103749922,-2.86681896250078,2.86681896250078,75-100%
23.0,19.710307548379475,-3.2896924516205246,3.2896924516205246,75-100%
23.0,20.076555431303362,-2.923444568696638,2.923444568696638,75-100%
18.5,22.689324068563067,4.189324068563067,4.189324068563067,75-100%
18.5,22.689324068563067,4.189324068563067,4.189324068563067,75-100%
18.5,22.400922564448315,3.900922564448315,3.900922564448315,75-100%
14.0,22.26002271893536,8.26002271893536,8.26002271893536,50-75%
23.0,19.48008887754811,-3.519911122451891,3.519911122451891,75-100%
23.0,19.710307548379475,-3.2896924516205246,3.2896924516205246,75-100%
23.0,19.607443717974874,-3.392556282025126,3.392556282025126,75-100%
23.0,22.458609495002463,-0.5413905049975369,0.5413905049975369,75-100%
14.0,22.400922564448315,8.400922564448315,8.400922564448315,50-75%
5.0,19.909057586088206,14.909057586088206,14.909057586088206,0-25%
5.0,19.909057586088206,14.909057586088206,14.909057586088206,0-25%
5.0,19.909057586088206,14.909057586088206,14.909057586088206,0-25%
16.0,18.512052682234085,2.512052682234085,2.512052682234085,75-100%
16.0,18.512052682234085,2.512052682234085,2.512052682234085,75-100%
16.0,18.62750210681754,2.6275021068175413,2.6275021068175413,75-100%
16.0,18.512052682234085,2.512052682234085,2.512052682234085,75-100%
11.0,22.056336895962403,11.056336895962403,11.056336895962403,50-75%
8.0,21.920718985279997,13.920718985279997,13.920718985279997,25-50%
5.0,21.920718985279997,16.920718985279997,16.920718985279997,0-25%
5.0,21.215939822643342,16.215939822643342,16.215939822643342,0-25%
5.0,19.909057586088206,14.909057586088206,14.909057586088206,0-25%
5.0,19.909057586088206,14.909057586088206,14.909057586088206,0-25%
5.0,19.909057586088206,14.909057586088206,14.909057586088206,0-25%
5.0,19.909057586088206,14.909057586088206,14.909057586088206,0-25%
16.0,22.424237398302516,6.424237398302516,6.424237398302516,75-100%
16.0,22.400922564448315,6.400922564448315,6.400922564448315,75-100%
16.0,22.33880341669117,6.338803416691171,6.338803416691171,75-100%
16.0,22.33880341669117,6.338803416691171,6.338803416691171,75-100%
16.0,22.400922564448315,6.400922564448315,6.400922564448315,75-100%
16.0,22.400922564448315,6.400922564448315,6.400922564448315,75-100%
11.0,21.920718985279997,10.920718985279997,10.920718985279997,50-75%
8.0,21.920718985279997,13.920718985279997,13.920718985279997,25-50%
5.0,20.39409935025169,15.39409935025169,15.39409935025169,0-25%
5.0,19.831524454466447,14.831524454466447,14.831524454466447,0-25%
5.0,19.831524454466447,14.831524454466447,14.831524454466447,0-25%
21.0,22.400922564448315,1.4009225644483152,1.4009225644483152,75-100%
16.0,21.868272525146903,5.868272525146903,5.868272525146903,75-100%
16.0,21.95198408222696,5.951984082226961,5.951984082226961,75-100%
16.0,21.929139296016753,5.9291392960167535,5.9291392960167535,75-100%
16.0,21.95198408222696,5.951984082226961,5.951984082226961,75-100%
16.0,22.400922564448315,6.400922564448315,6.400922564448315,75-100%
16.0,22.400922564448315,6.400922564448315,6.400922564448315,75-100%
16.0,22.05551524951467,6.05551524951467,6.05551524951467,75-100%
11.0,21.346591295508475,10.346591295508475,10.346591295508475,50-75%
21.0,21.713388400253073,0.7133884002530735,0.7133884002530735,75-100%
16.0,21.713388400253073,5.7133884002530735,5.7133884002530735,75-100%
16.0,21.52798181164382,5.527981811643819,5.527981811643819,75-100%
16.0,22.190449349237568,6.190449349237568,6.190449349237568,75-100%
16.0,22.162058622479208,6.162058622479208,6.162058622479208,75-100%
16.0,22.05551524951467,6.05551524951467,6.05551524951467,75-100%
21.0,22.27190634377844,1.27190634377844,1.27190634377844,75-100%
14.5,21.84121174513027,7.34121174513027,7.34121174513027,50-75%
13.333333333333336,22.11701592818875,8.783682594855414,8.783682594855414,50-75%
16.0,22.162058622479208,6.162058622479208,6.162058622479208,75-100%
16.0,22.424237398302516,6.424237398302516,6.424237398302516,75-100%
16.0,22.400922564448315,6.400922564448315,6.400922564448315,75-100%
16.0,22.191930726265362,6.191930726265362,6.191930726265362,75-100%
11.0,22.05551524951467,11.05551524951467,11.05551524951467,50-75%
8.0,21.84121174513027,13.84121174513027,13.84121174513027,25-50%
8.0,21.897374313972108,13.897374313972108,13.897374313972108,25-50%
14.5,21.781462568749248,7.281462568749248,7.281462568749248,50-75%
14.5,22.055650427568317,7.555650427568317,7.555650427568317,50-75%
13.333333333333336,22.11701592818875,8.783682594855414,8.783682594855414,50-75%
13.333333333333336,22.162058622479208,8.828725289145872,8.828725289145872,50-75%
16.0,22.400922564448315,6.400922564448315,6.400922564448315,75-100%
8.0,22.100573553334314,14.100573553334314,14.100573553334314,25-50%
8.0,21.715982567286517,13.715982567286517,13.715982567286517,25-50%
8.0,22.919464090062256,14.919464090062256,14.919464090062256,25-50%
8.0,22.055074707032773,14.055074707032773,14.055074707032773,25-50%
8.0,22.27618934680089,14.27618934680089,14.27618934680089,25-50%
8.0,22.100573553334314,14.100573553334314,14.100573553334314,25-50%
8.0,22.400922564448315,14.400922564448315,14.400922564448315,25-50%
8.0,22.33880341669117,14.33880341669117,14.33880341669117,25-50%
8.0,22.055650427568317,14.055650427568317,14.055650427568317,25-50%
8.0,22.014270579919806,14.014270579919806,14.014270579919806,25-50%
8.0,22.44083727000658,14.440837270006579,14.440837270006579,25-50%
8.0,22.48239769662441,14.48239769662441,14.48239769662441,25-50%
8.0,22.11701592818875,14.11701592818875,14.11701592818875,25-50%
8.0,22.400922564448315,14.400922564448315,14.400922564448315,25-50%
8.0,22.752969304148394,14.752969304148394,14.752969304148394,25-50%
8.0,22.75145430264476,14.75145430264476,14.75145430264476,25-50%
8.0,22.069753028174723,14.069753028174723,14.069753028174723,25-50%
8.0,22.465974379669216,14.465974379669216,14.465974379669216,25-50%
8.0,22.961873118400373,14.961873118400373,14.961873118400373,25-50%
8.0,22.277674033229346,14.277674033229346,14.277674033229346,25-50%
8.0,22.162058622479208,14.162058622479208,14.162058622479208,25-50%
8.0,22.400922564448315,14.400922564448315,14.400922564448315,25-50%
8.0,22.689324068563067,14.689324068563067,14.689324068563067,25-50%
8.0,22.44083727000658,14.440837270006579,14.440837270006579,25-50%
8.0,22.24477633309901,14.244776333099011,14.244776333099011,25-50%
8.0,22.17620606040633,14.17620606040633,14.17620606040633,25-50%
11.0,22.507603916767238,11.507603916767238,11.507603916767238,50-75%
11.0,21.970841411725004,10.970841411725004,10.970841411725004,50-75%
11.0,21.920718985279997,10.920718985279997,10.920718985279997,50-75%
8.0,22.182507609827475,14.182507609827475,14.182507609827475,25-50%
8.0,22.219876174157612,14.219876174157612,14.219876174157612,25-50%
8.0,22.215302334400743,14.215302334400743,14.215302334400743,25-50%
11.0,22.159097294407964,11.159097294407964,11.159097294407964,50-75%
11.0,22.18513547113836,11.18513547113836,11.18513547113836,50-75%
11.0,22.400922564448315,11.400922564448315,11.400922564448315,50-75%
11.0,22.400922564448315,11.400922564448315,11.400922564448315,50-75%
11.0,22.27618934680089,11.27618934680089,11.27618934680089,50-75%
11.0,22.277674033229346,11.277674033229346,11.277674033229346,50-75%
11.0,22.752969304148394,11.752969304148394,11.752969304148394,50-75%
11.0,22.33880341669117,11.33880341669117,11.33880341669117,50-75%
11.0,22.400922564448315,11.400922564448315,11.400922564448315,50-75%
11.0,21.920718985279997,10.920718985279997,10.920718985279997,50-75%
11.0,21.920718985279997,10.920718985279997,10.920718985279997,50-75%
11.0,22.098516577215328,11.098516577215328,11.098516577215328,50-75%
11.0,22.11554148878531,11.115541488785311,11.115541488785311,50-75%
11.0,22.11701592818875,11.11701592818875,11.11701592818875,50-75%
11.0,22.162058622479208,11.162058622479208,11.162058622479208,50-75%
11.0,21.920718985279997,10.920718985279997,10.920718985279997,50-75%
11.0,21.920718985279997,10.920718985279997,10.920718985279997,50-75%
11.0,21.920718985279997,10.920718985279997,10.920718985279997,50-75%
11.0,21.920718985279997,10.920718985279997,10.920718985279997,50-75%
11.0,22.878734385945073,11.878734385945073,11.878734385945073,50-75%
11.0,21.920718985279997,10.920718985279997,10.920718985279997,50-75%
11.0,21.920718985279997,10.920718985279997,10.920718985279997,50-75%
11.0,22.52711279374857,11.527112793748572,11.527112793748572,50-75%
11.0,22.056336895962403,11.056336895962403,11.056336895962403,50-75%
11.0,20.269016712198734,9.269016712198734,9.269016712198734,50-75%
23.0,19.977940295838323,-3.022059704161677,3.022059704161677,75-100%
23.0,19.977940295838323,-3.022059704161677,3.022059704161677,75-100%
23.0,20.406278445174067,-2.593721554825933,2.593721554825933,75-100%
23.0,20.406278445174067,-2.593721554825933,2.593721554825933,75-100%
23.0,20.372395796727975,-2.627604203272025,2.627604203272025,75-100%
23.0,20.372395796727975,-2.627604203272025,2.627604203272025,75-100%
23.0,19.25089568010994,-3.7491043198900584,3.7491043198900584,75-100%
23.0,19.6431675233397,-3.3568324766603013,3.3568324766603013,75-100%
23.0,19.48008887754811,-3.519911122451891,3.519911122451891,75-100%
23.0,19.385492791227673,-3.614507208772327,3.614507208772327,75-100%
23.0,20.099157170272182,-2.900842829727818,2.900842829727818,75-100%
23.0,20.3345697664123,-2.665430233587699,2.665430233587699,75-100%
23.0,18.55167183949911,-4.448328160500889,4.448328160500889,75-100%
23.0,16.944618045996606,-6.055381954003394,6.055381954003394,75-100%
23.0,16.718629952666547,-6.2813700473334535,6.2813700473334535,75-100%
23.0,16.944618045996606,-6.055381954003394,6.055381954003394,75-100%
23.0,16.944618045996606,-6.055381954003394,6.055381954003394,75-100%
23.0,18.512052682234085,-4.487947317765915,4.487947317765915,75-100%
23.0,19.676964496379547,-3.323035503620453,3.323035503620453,75-100%
23.0,16.944618045996606,-6.055381954003394,6.055381954003394,75-100%
23.0,19.6431675233397,-3.3568324766603013,3.3568324766603013,75-100%
23.0,20.076555431303362,-2.923444568696638,2.923444568696638,75-100%
23.0,18.512052682234085,-4.487947317765915,4.487947317765915,75-100%
14.0,16.05787118524935,2.0578711852493505,2.0578711852493505,50-75%
14.0,18.31002940083086,4.31002940083086,4.31002940083086,50-75%
14.0,18.3818996595067,4.381899659506701,4.381899659506701,50-75%
14.0,18.3818996595067,4.381899659506701,4.381899659506701,50-75%
14.0,18.3818996595067,4.381899659506701,4.381899659506701,50-75%
14.0,18.71556805345861,4.715568053458611,4.715568053458611,50-75%
14.0,18.3818996595067,4.381899659506701,4.381899659506701,50-75%
14.0,18.3818996595067,4.381899659506701,4.381899659506701,50-75%
14.0,18.3818996595067,4.381899659506701,4.381899659506701,50-75%
14.0,18.3818996595067,4.381899659506701,4.381899659506701,50-75%
14.0,18.3818996595067,4.381899659506701,4.381899659506701,50-75%
14.0,18.3818996595067,4.381899659506701,4.381899659506701,50-75%
14.0,18.3818996595067,4.381899659506701,4.381899659506701,50-75%
14.0,18.3818996595067,4.381899659506701,4.381899659506701,50-75%
14.0,18.3818996595067,4.381899659506701,4.381899659506701,50-75%
8.0,18.875820705363193,10.875820705363193,10.875820705363193,25-50%
7.0,18.53209490471429,11.532094904714292,11.532094904714292,25-50%
7.0,18.53209490471429,11.532094904714292,11.532094904714292,25-50%
7.0,18.53209490471429,11.532094904714292,11.532094904714292,25-50%
8.0,18.875820705363193,10.875820705363193,10.875820705363193,25-50%
6.0,17.90453445411818,11.904534454118181,11.904534454118181,25-50%
7.0,19.070863631284805,12.070863631284805,12.070863631284805,25-50%
7.0,18.53209490471429,11.532094904714292,11.532094904714292,25-50%
7.0,18.53209490471429,11.532094904714292,11.532094904714292,25-50%
6.0,17.434750208857373,11.434750208857373,11.434750208857373,25-50%
6.0,17.434750208857373,11.434750208857373,11.434750208857373,25-50%
7.0,18.53209490471429,11.532094904714292,11.532094904714292,25-50%
6.0,17.90453445411818,11.904534454118181,11.904534454118181,25-50%
6.0,17.434750208857373,11.434750208857373,11.434750208857373,25-50%
6.0,17.90453445411818,11.904534454118181,11.904534454118181,25-50%
6.0,15.164027599020454,9.164027599020454,9.164027599020454,25-50%
6.0,15.164027599020454,9.164027599020454,9.164027599020454,25-50%
5.0,14.984290732968532,9.984290732968532,9.984290732968532,0-25%
5.0,14.984290732968532,9.984290732968532,9.984290732968532,0-25%
5.0,16.67604663666359,11.676046636663589,11.676046636663589,0-25%
5.0,14.984290732968532,9.984290732968532,9.984290732968532,0-25%
5.0,14.984290732968532,9.984290732968532,9.984290732968532,0-25%
5.0,16.67604663666359,11.676046636663589,11.676046636663589,0-25%
5.0,16.67604663666359,11.676046636663589,11.676046636663589,0-25%
5.0,16.67604663666359,11.676046636663589,11.676046636663589,0-25%
5.0,16.67604663666359,11.676046636663589,11.676046636663589,0-25%
5.0,14.984290732968532,9.984290732968532,9.984290732968532,0-25%
5.0,14.984290732968532,9.984290732968532,9.984290732968532,0-25%
5.0,14.984290732968532,9.984290732968532,9.984290732968532,0-25%
5.0,16.67604663666359,11.676046636663589,11.676046636663589,0-25%
5.0,16.224743750152445,11.224743750152445,11.224743750152445,0-25%
5.0,16.17458125529461,11.174581255294608,11.174581255294608,0-25%
5.0,16.80490550803814,11.80490550803814,11.80490550803814,0-25%
5.0,14.984290732968532,9.984290732968532,9.984290732968532,0-25%
5.0,14.984290732968532,9.984290732968532,9.984290732968532,0-25%
5.0,14.984290732968532,9.984290732968532,9.984290732968532,0-25%
5.0,14.418041522985156,9.418041522985156,9.418041522985156,0-25%
5.0,16.05923346549313,11.05923346549313,11.05923346549313,0-25%
5.0,16.3753701112861,11.375370111286099,11.375370111286099,0-25%
5.0,16.911212334136046,11.911212334136046,11.911212334136046,0-25%
5.0,16.829171119560094,11.829171119560094,11.829171119560094,0-25%
5.0,14.934647378221776,9.934647378221776,9.934647378221776,0-25%
5.0,14.984290732968532,9.984290732968532,9.984290732968532,0-25%
5.0,14.22236023785174,9.22236023785174,9.22236023785174,0-25%
5.0,14.273712226496325,9.273712226496325,9.273712226496325,0-25%
5.0,16.17458125529461,11.174581255294608,11.174581255294608,0-25%
5.0,16.829171119560094,11.829171119560094,11.829171119560094,0-25%
5.0,16.68247809260963,11.682478092609632,11.682478092609632,0-25%
5.0,14.273712226496325,9.273712226496325,9.273712226496325,0-25%
5.0,14.131278101514743,9.131278101514743,9.131278101514743,0-25%
5.0,14.418041522985156,9.418041522985156,9.418041522985156,0-25%
5.0,16.829171119560094,11.829171119560094,11.829171119560094,0-25%
5.0,16.68247809260963,11.682478092609632,11.682478092609632,0-25%
5.0,15.354857103467213,10.354857103467213,10.354857103467213,0-25%
5.0,15.173653422381776,10.173653422381776,10.173653422381776,0-25%
18.0,16.55752321981692,-1.4424767801830782,1.4424767801830782,75-100%
18.0,16.509220646654388,-1.4907793533456122,1.4907793533456122,75-100%
18.0,17.121835306550132,-0.8781646934498681,0.8781646934498681,75-100%
18.0,17.112721569566972,-0.8872784304330281,0.8872784304330281,75-100%
18.0,17.088258367783574,-0.911741632216426,0.911741632216426,75-100%
18.0,17.112721569566972,-0.8872784304330281,0.8872784304330281,75-100%
18.0,16.994626493426257,-1.0053735065737435,1.0053735065737435,75-100%
18.0,17.112721569566972,-0.8872784304330281,0.8872784304330281,75-100%
18.0,17.044799174227936,-0.9552008257720637,0.9552008257720637,75-100%
18.0,17.112721569566972,-0.8872784304330281,0.8872784304330281,75-100%
18.0,17.144611157122995,-0.8553888428770051,0.8553888428770051,75-100%
18.0,16.55752321981692,-1.4424767801830782,1.4424767801830782,75-100%
18.0,17.144611157122995,-0.8553888428770051,0.8553888428770051,75-100%
18.0,17.144611157122995,-0.8553888428770051,0.8553888428770051,75-100%
18.0,17.112721569566972,-0.8872784304330281,0.8872784304330281,75-100%
18.0,17.144611157122995,-0.8553888428770051,0.8553888428770051,75-100%
18.0,17.112721569566972,-0.8872784304330281,0.8872784304330281,75-100%
18.0,19.632814175652232,1.632814175652232,1.632814175652232,75-100%
18.0,17.112721569566972,-0.8872784304330281,0.8872784304330281,75-100%
18.0,17.112721569566972,-0.8872784304330281,0.8872784304330281,75-100%
18.0,17.112721569566972,-0.8872784304330281,0.8872784304330281,75-100%
18.0,17.112721569566972,-0.8872784304330281,0.8872784304330281,75-100%
18.0,17.112721569566972,-0.8872784304330281,0.8872784304330281,75-100%
18.0,16.58419811590879,-1.4158018840912092,1.4158018840912092,75-100%
18.0,16.55752321981692,-1.4424767801830782,1.4424767801830782,75-100%
18.0,16.69571307344258,-1.3042869265574204,1.3042869265574204,75-100%
18.0,17.112721569566972,-0.8872784304330281,0.8872784304330281,75-100%
18.0,16.58419811590879,-1.4158018840912092,1.4158018840912092,75-100%
18.0,16.58419811590879,-1.4158018840912092,1.4158018840912092,75-100%
18.0,17.112721569566972,-0.8872784304330281,0.8872784304330281,75-100%
18.0,17.112721569566972,-0.8872784304330281,0.8872784304330281,75-100%
18.0,15.749715660075855,-2.2502843399241446,2.2502843399241446,75-100%
18.0,16.55752321981692,-1.4424767801830782,1.4424767801830782,75-100%
13.5,15.25287893728801,1.7528789372880098,1.7528789372880098,50-75%
9.0,15.25287893728801,6.25287893728801,6.25287893728801,50-75%
9.0,15.25287893728801,6.25287893728801,6.25287893728801,50-75%
9.0,15.224314114298975,6.224314114298975,6.224314114298975,50-75%
18.0,16.96300050749959,-1.03699949250041,1.03699949250041,75-100%
20.0,17.112721569566972,-2.887278430433028,2.887278430433028,75-100%
20.0,17.144611157122995,-2.855388842877005,2.855388842877005,75-100%
20.0,15.88375857418748,-4.11624142581252,4.11624142581252,75-100%
16.333333333333332,14.790172483985517,-1.5431608493478155,1.5431608493478155,75-100%
9.0,15.327500131110947,6.327500131110947,6.327500131110947,50-75%
9.0,17.62229677284234,8.62229677284234,8.62229677284234,50-75%
9.0,17.680313324006004,8.680313324006004,8.680313324006004,50-75%
9.0,17.64748222709457,8.64748222709457,8.64748222709457,50-75%
9.0,16.374881216617272,7.374881216617272,7.374881216617272,50-75%
22.0,16.58419811590879,-5.415801884091209,5.415801884091209,75-100%
22.0,16.509220646654388,-5.490779353345612,5.490779353345612,75-100%
20.0,15.88375857418748,-4.11624142581252,4.11624142581252,75-100%
15.5,14.987430325434879,-0.5125696745651211,0.5125696745651211,75-100%
15.5,14.919261333150963,-0.5807386668490366,0.5807386668490366,75-100%
15.5,14.790172483985517,-0.7098275160144834,0.7098275160144834,75-100%
9.0,15.298804159591182,6.298804159591182,6.298804159591182,50-75%
9.0,17.680313324006004,8.680313324006004,8.680313324006004,50-75%
9.0,17.64748222709457,8.64748222709457,8.64748222709457,50-75%
9.0,17.64748222709457,8.64748222709457,8.64748222709457,50-75%
9.0,16.35141454853362,7.351414548533619,7.351414548533619,50-75%
4.0,19.487647953243126,15.487647953243126,15.487647953243126,0-25%
4.0,15.703635449559071,11.703635449559071,11.703635449559071,0-25%
17.0,18.50489462102359,1.5048946210235883,1.5048946210235883,75-100%
10.5,18.50227274315098,8.002272743150979,8.002272743150979,50-75%
13.0,15.703635449559071,2.703635449559071,2.703635449559071,50-75%
13.0,15.88375857418748,2.88375857418748,2.88375857418748,50-75%
13.0,15.775163265595555,2.7751632655955554,2.7751632655955554,50-75%
15.5,15.279110713250581,-0.22088928674941855,0.22088928674941855,75-100%
15.5,14.919261333150963,-0.5807386668490366,0.5807386668490366,75-100%
9.0,15.02535039835368,6.02535039835368,6.02535039835368,50-75%
9.0,17.64748222709457,8.64748222709457,8.64748222709457,50-75%
9.0,17.64748222709457,8.64748222709457,8.64748222709457,50-75%
9.0,17.64748222709457,8.64748222709457,8.64748222709457,50-75%
9.0,16.374881216617272,7.374881216617272,7.374881216617272,50-75%
4.0,19.451640422546312,15.451640422546312,15.451640422546312,0-25%
4.0,19.451640422546312,15.451640422546312,15.451640422546312,0-25%
4.0,15.97697281960679,11.97697281960679,11.97697281960679,0-25%
4.0,15.971349995995087,11.971349995995087,11.971349995995087,0-25%
17.0,18.76208332695819,1.7620833269581908,1.7620833269581908,75-100%
17.0,18.831342510867728,1.831342510867728,1.831342510867728,75-100%
10.5,18.50489462102359,8.004894621023588,8.004894621023588,50-75%
10.5,18.50489462102359,8.004894621023588,8.004894621023588,50-75%
14.333333333333336,18.76953355809459,4.436200224761254,4.436200224761254,50-75%
14.333333333333336,15.930267400999005,1.5969340676656696,1.5969340676656696,50-75%
13.0,15.688625308430007,2.688625308430007,2.688625308430007,50-75%
13.0,16.081215334463447,3.0812153344634474,3.0812153344634474,50-75%
11.666666666666664,15.159869896829822,3.4932032301631573,3.4932032301631573,50-75%
15.5,15.279110713250581,-0.22088928674941855,0.22088928674941855,75-100%
9.0,15.327500131110947,6.327500131110947,6.327500131110947,50-75%
9.0,15.298804159591182,6.298804159591182,6.298804159591182,50-75%
9.0,17.64748222709457,8.64748222709457,8.64748222709457,50-75%
9.0,17.42710338592156,8.427103385921558,8.427103385921558,50-75%
4.0,19.451640422546312,15.451640422546312,15.451640422546312,0-25%
4.0,15.688625308430007,11.688625308430007,11.688625308430007,0-25%
4.0,16.00276569370684,12.002765693706841,12.002765693706841,0-25%
4.0,15.97697281960679,11.97697281960679,11.97697281960679,0-25%
17.0,18.786816888602964,1.7868168886029636,1.7868168886029636,75-100%
17.0,18.786816888602964,1.7868168886029636,1.7868168886029636,75-100%
10.5,18.431143135702648,7.931143135702648,7.931143135702648,50-75%
10.5,18.50489462102359,8.004894621023588,8.004894621023588,50-75%
14.333333333333336,18.786816888602964,4.453483555269628,4.453483555269628,50-75%
14.333333333333336,15.898985657050382,1.565652323717046,1.565652323717046,50-75%
14.333333333333336,16.29927053280013,1.9659371994667936,1.9659371994667936,50-75%
13.0,15.88375857418748,2.88375857418748,2.88375857418748,50-75%
15.5,14.919261333150963,-0.5807386668490366,0.5807386668490366,75-100%
9.0,15.327500131110947,6.327500131110947,6.327500131110947,50-75%
9.0,14.958176233836676,5.958176233836676,5.958176233836676,50-75%
9.0,17.680313324006004,8.680313324006004,8.680313324006004,50-75%
4.0,19.810590209911418,15.810590209911418,15.810590209911418,0-25%
4.0,20.19368116845898,16.19368116845898,16.19368116845898,0-25%
4.0,18.83055088003682,14.83055088003682,14.83055088003682,0-25%
4.0,15.760088848481985,11.760088848481985,11.760088848481985,0-25%
4.0,15.703635449559071,11.703635449559071,11.703635449559071,0-25%
4.0,15.749715660075855,11.749715660075855,11.749715660075855,0-25%
4.0,15.703635449559071,11.703635449559071,11.703635449559071,0-25%
17.0,18.50489462102359,1.5048946210235883,1.5048946210235883,75-100%
17.0,18.786816888602964,1.7868168886029636,1.7868168886029636,75-100%
10.5,18.50489462102359,8.004894621023588,8.004894621023588,50-75%
10.5,18.50489462102359,8.004894621023588,8.004894621023588,50-75%
10.5,15.898985657050382,5.398985657050382,5.398985657050382,50-75%
14.333333333333336,15.916398998519847,1.5830656651865116,1.5830656651865116,50-75%
14.333333333333336,15.916398998519847,1.5830656651865116,1.5830656651865116,50-75%
13.0,15.88375857418748,2.88375857418748,2.88375857418748,50-75%
13.0,16.58419811590879,3.584198115908791,3.584198115908791,50-75%
4.0,18.60131213709097,14.601312137090972,14.601312137090972,0-25%
4.0,18.685248298943243,14.685248298943243,14.685248298943243,0-25%
4.0,16.51229644211302,12.51229644211302,12.51229644211302,0-25%
4.0,15.749715660075855,11.749715660075855,11.749715660075855,0-25%
4.0,15.703635449559071,11.703635449559071,11.703635449559071,0-25%
17.0,18.50227274315098,1.5022727431509786,1.5022727431509786,75-100%
17.0,18.50489462102359,1.5048946210235883,1.5048946210235883,75-100%
17.0,18.786816888602964,1.7868168886029636,1.7868168886029636,75-100%
10.5,18.756356667852288,8.256356667852288,8.256356667852288,50-75%
10.5,18.50489462102359,8.004894621023588,8.004894621023588,50-75%
10.5,17.05419131048115,6.554191310481151,6.554191310481151,50-75%
10.5,16.86958595939404,6.3695859593940405,6.3695859593940405,50-75%
10.5,15.620818357330034,5.120818357330034,5.120818357330034,50-75%
4.0,15.898985657050382,11.898985657050382,11.898985657050382,0-25%
4.0,15.88375857418748,11.88375857418748,11.88375857418748,0-25%
4.0,20.19368116845898,16.19368116845898,16.19368116845898,0-25%
4.0,20.19368116845898,16.19368116845898,16.19368116845898,0-25%
4.0,19.7905832268002,15.790583226800202,15.790583226800202,0-25%
4.0,16.698623188940136,12.698623188940136,12.698623188940136,0-25%
4.0,16.698623188940136,12.698623188940136,12.698623188940136,0-25%
4.0,15.703635449559071,11.703635449559071,11.703635449559071,0-25%
17.0,18.831342510867728,1.831342510867728,1.831342510867728,75-100%
17.0,18.786816888602964,1.7868168886029636,1.7868168886029636,75-100%
10.5,16.88879051276809,6.3887905127680895,6.3887905127680895,50-75%
10.5,17.05419131048115,6.554191310481151,6.554191310481151,50-75%
10.5,17.070546867574798,6.570546867574798,6.570546867574798,50-75%
4.0,15.620818357330034,11.620818357330034,11.620818357330034,0-25%
4.0,16.946106574383002,12.946106574383002,12.946106574383002,0-25%
4.0,19.7905832268002,15.790583226800202,15.790583226800202,0-25%
4.0,16.697427175343705,12.697427175343705,12.697427175343705,0-25%
4.0,16.331911375185154,12.331911375185154,12.331911375185154,0-25%
17.0,17.131502437070523,0.13150243707052311,0.13150243707052311,75-100%
27.0,19.009751192694303,-7.990248807305697,7.990248807305697,75-100%
27.0,18.924431379135036,-8.075568620864964,8.075568620864964,75-100%
27.0,19.139285854814393,-7.860714145185607,7.860714145185607,75-100%
27.0,19.27151322822479,-7.728486771775209,7.728486771775209,75-100%
27.0,19.254745790351734,-7.745254209648266,7.745254209648266,75-100%
27.0,19.335465494675834,-7.664534505324166,7.664534505324166,75-100%
27.0,19.412532099182336,-7.587467900817664,7.587467900817664,75-100%
27.0,19.139285854814393,-7.860714145185607,7.860714145185607,75-100%
27.0,20.311751551590323,-6.688248448409677,6.688248448409677,75-100%
27.0,18.920004892220426,-8.079995107779574,8.079995107779574,75-100%
27.0,19.254745790351734,-7.745254209648266,7.745254209648266,75-100%
27.0,19.3748162387446,-7.6251837612554,7.6251837612554,75-100%
27.0,19.281239933832243,-7.718760066167757,7.718760066167757,75-100%
27.0,20.600905601756537,-6.399094398243463,6.399094398243463,75-100%
27.0,20.463176188107585,-6.536823811892415,6.536823811892415,75-100%
27.0,18.93833662759115,-8.061663372408852,8.061663372408852,75-100%
27.0,19.27151322822479,-7.728486771775209,7.728486771775209,75-100%
27.0,19.248756864071765,-7.7512431359282346,7.7512431359282346,75-100%
27.0,20.352621283305155,-6.6473787166948455,6.6473787166948455,75-100%
27.0,18.996507213006748,-8.003492786993252,8.003492786993252,75-100%
27.0,18.749697624582303,-8.250302375417697,8.250302375417697,75-100%
27.0,19.039628292565546,-7.960371707434454,7.960371707434454,75-100%
27.0,18.749697624582303,-8.250302375417697,8.250302375417697,75-100%
27.0,19.039628292565546,-7.960371707434454,7.960371707434454,75-100%
33.0,19.934896273052576,-13.065103726947424,13.065103726947424,75-100%
33.0,19.654657557196586,-13.345342442803414,13.345342442803414,75-100%
33.0,20.650793184641067,-12.349206815358933,12.349206815358933,75-100%
33.0,19.83159897006179,-13.16840102993821,13.16840102993821,75-100%
33.0,19.878475631029236,-13.121524368970764,13.121524368970764,75-100%
33.0,19.87730219521944,-13.122697804780561,13.122697804780561,75-100%
33.0,19.5978344452284,-13.4021655547716,13.4021655547716,75-100%
33.0,19.659391466669597,-13.340608533330403,13.340608533330403,75-100%
33.0,17.211336485632742,-15.788663514367258,15.788663514367258,75-100%
33.0,18.78286117272818,-14.217138827271821,14.217138827271821,75-100%
33.0,18.665589941847827,-14.334410058152173,14.334410058152173,75-100%
33.0,18.71984127696548,-14.280158723034521,14.280158723034521,75-100%
33.0,18.49188232349162,-14.50811767650838,14.50811767650838,75-100%
33.0,18.438258127173125,-14.561741872826875,14.561741872826875,75-100%
33.0,18.142960475802116,-14.857039524197884,14.857039524197884,75-100%
33.0,19.253157420936553,-13.746842579063447,13.746842579063447,75-100%
33.0,18.79657499535439,-14.20342500464561,14.20342500464561,75-100%
33.0,18.71984127696548,-14.280158723034521,14.280158723034521,75-100%
33.0,18.70199295216122,-14.29800704783878,14.29800704783878,75-100%
33.0,18.438258127173125,-14.561741872826875,14.561741872826875,75-100%
33.0,18.438258127173125,-14.561741872826875,14.561741872826875,75-100%
33.0,18.924431379135036,-14.075568620864964,14.075568620864964,75-100%
33.0,19.350540206717156,-13.649459793282844,13.649459793282844,75-100%
33.0,19.24978959196434,-13.75021040803566,13.75021040803566,75-100%
33.0,18.70199295216122,-14.29800704783878,14.29800704783878,75-100%
33.0,18.49188232349162,-14.50811767650838,14.50811767650838,75-100%
33.0,18.924431379135036,-14.075568620864964,14.075568620864964,75-100%
33.0,18.438258127173125,-14.561741872826875,14.561741872826875,75-100%
33.0,19.24978959196434,-13.75021040803566,13.75021040803566,75-100%
33.0,18.754669791499097,-14.245330208500903,14.245330208500903,75-100%
33.0,18.70199295216122,-14.29800704783878,14.29800704783878,75-100%
33.0,18.70199295216122,-14.29800704783878,14.29800704783878,75-100%
33.0,18.774351786632618,-14.225648213367382,14.225648213367382,75-100%
18.0,26.80970583973914,8.809705839739141,8.809705839739141,75-100%
18.0,26.80970583973914,8.809705839739141,8.809705839739141,75-100%
18.0,26.993252170811523,8.993252170811523,8.993252170811523,75-100%
18.0,25.083304234533617,7.0833042345336175,7.0833042345336175,75-100%
18.0,26.993252170811523,8.993252170811523,8.993252170811523,75-100%
18.0,26.993252170811523,8.993252170811523,8.993252170811523,75-100%
18.0,27.18521661458861,9.185216614588612,9.185216614588612,75-100%
18.0,27.18521661458861,9.185216614588612,9.185216614588612,75-100%
18.0,23.417847081662224,5.417847081662224,5.417847081662224,75-100%
18.0,25.083304234533617,7.0833042345336175,7.0833042345336175,75-100%
18.0,25.083304234533617,7.0833042345336175,7.0833042345336175,75-100%
18.0,26.80970583973914,8.809705839739141,8.809705839739141,75-100%
18.0,26.993252170811523,8.993252170811523,8.993252170811523,75-100%
18.0,23.25154151455017,5.251541514550169,5.251541514550169,75-100%
18.0,21.96745795757184,3.9674579575718383,3.9674579575718383,75-100%
18.0,21.96745795757184,3.9674579575718383,3.9674579575718383,75-100%
19.0,24.848072026624568,5.848072026624568,5.848072026624568,75-100%
31.0,25.083304234533617,-5.9166957654663825,5.9166957654663825,75-100%
31.0,25.80508390053678,-5.194916099463221,5.194916099463221,75-100%
31.0,24.831803762017614,-6.168196237982386,6.168196237982386,75-100%
31.0,25.083304234533617,-5.9166957654663825,5.9166957654663825,75-100%
19.5,25.083304234533617,5.5833042345336175,5.5833042345336175,75-100%
19.5,24.769739779031596,5.269739779031596,5.269739779031596,75-100%
19.5,25.083304234533617,5.5833042345336175,5.5833042345336175,75-100%
19.5,26.993252170811523,7.493252170811523,7.493252170811523,75-100%
19.5,26.993252170811523,7.493252170811523,7.493252170811523,75-100%
18.0,23.25154151455017,5.251541514550169,5.251541514550169,75-100%
18.0,21.93643790592969,3.93643790592969,3.93643790592969,75-100%
18.0,21.96745795757184,3.9674579575718383,3.9674579575718383,75-100%
19.0,20.35058485588314,1.3505848558831417,1.3505848558831417,75-100%
19.0,21.38482720270982,2.3848272027098183,2.3848272027098183,75-100%
19.0,24.775829618435502,5.775829618435502,5.775829618435502,75-100%
19.0,25.947622117248237,6.947622117248237,6.947622117248237,75-100%
19.0,25.720288962603938,6.720288962603938,6.720288962603938,75-100%
19.0,26.716646678167926,7.716646678167926,7.716646678167926,75-100%
31.0,25.083304234533617,-5.9166957654663825,5.9166957654663825,75-100%
31.0,24.588487384626553,-6.4115126153734465,6.4115126153734465,75-100%
31.0,24.91228106204617,-6.087718937953831,6.087718937953831,75-100%
31.0,24.65721862227813,-6.34278137772187,6.34278137772187,75-100%
31.0,24.91228106204617,-6.087718937953831,6.087718937953831,75-100%
26.0,24.91228106204617,-1.0877189379538308,1.0877189379538308,75-100%
21.0,25.083304234533617,4.0833042345336175,4.0833042345336175,75-100%
19.5,24.91228106204617,5.412281062046169,5.412281062046169,75-100%
19.5,25.083304234533617,5.5833042345336175,5.5833042345336175,75-100%
19.5,26.80970583973914,7.3097058397391415,7.3097058397391415,75-100%
19.5,23.25154151455017,3.751541514550169,3.751541514550169,75-100%
19.5,21.96745795757184,2.4674579575718383,2.4674579575718383,75-100%
18.0,21.96745795757184,3.9674579575718383,3.9674579575718383,75-100%
18.0,21.96745795757184,3.9674579575718383,3.9674579575718383,75-100%
19.0,20.442011701880503,1.442011701880503,1.442011701880503,75-100%
19.0,20.390106963432622,1.390106963432622,1.390106963432622,75-100%
19.0,24.68181879894995,5.681818798949951,5.681818798949951,75-100%
19.0,24.68181879894995,5.681818798949951,5.681818798949951,75-100%
19.0,25.947622117248237,6.947622117248237,6.947622117248237,75-100%
19.0,25.947622117248237,6.947622117248237,6.947622117248237,75-100%
25.0,26.231242795249315,1.2312427952493152,1.2312427952493152,75-100%
31.0,25.083304234533617,-5.9166957654663825,5.9166957654663825,75-100%
31.0,25.083304234533617,-5.9166957654663825,5.9166957654663825,75-100%
31.0,25.083304234533617,-5.9166957654663825,5.9166957654663825,75-100%
26.0,25.083304234533617,-0.9166957654663825,0.9166957654663825,75-100%
26.0,25.083304234533617,-0.9166957654663825,0.9166957654663825,75-100%
19.5,24.91133607790193,5.411336077901929,5.411336077901929,75-100%
19.5,24.65721862227813,5.15721862227813,5.15721862227813,75-100%
19.5,23.92263246901822,4.422632469018222,4.422632469018222,75-100%
19.5,23.25154151455017,3.751541514550169,3.751541514550169,75-100%
19.5,22.00789488245163,2.5078948824516303,2.5078948824516303,75-100%
18.0,22.00789488245163,4.00789488245163,4.00789488245163,75-100%
11.0,21.96745795757184,10.967457957571838,10.967457957571838,50-75%
11.0,23.25154151455017,12.25154151455017,12.25154151455017,50-75%
11.0,25.083304234533617,14.083304234533617,14.083304234533617,50-75%
11.0,22.17852288263466,11.17852288263466,11.17852288263466,50-75%
11.0,22.331503027743047,11.331503027743047,11.331503027743047,50-75%
19.0,20.154288419894428,1.1542884198944279,1.1542884198944279,75-100%
19.0,21.626213278944235,2.6262132789442347,2.6262132789442347,75-100%
19.0,24.99512742127491,5.995127421274908,5.995127421274908,75-100%
19.0,24.99512742127491,5.995127421274908,5.995127421274908,75-100%
19.0,26.122069619982412,7.122069619982412,7.122069619982412,75-100%
25.0,26.231242795249315,1.2312427952493152,1.2312427952493152,75-100%
31.0,26.786300108949405,-4.213699891050595,4.213699891050595,75-100%
31.0,25.083304234533617,-5.9166957654663825,5.9166957654663825,75-100%
31.0,24.91133607790193,-6.088663922098071,6.088663922098071,75-100%
31.0,24.91133607790193,-6.088663922098071,6.088663922098071,75-100%
26.0,25.083304234533617,-0.9166957654663825,0.9166957654663825,75-100%
26.0,25.083304234533617,-0.9166957654663825,0.9166957654663825,75-100%
21.0,23.476750574164583,2.4767505741645834,2.4767505741645834,75-100%
21.0,24.65721862227813,3.6572186222781298,3.6572186222781298,75-100%
19.5,23.09252885533201,3.5925288553320094,3.5925288553320094,75-100%
19.5,22.00789488245163,2.5078948824516303,2.5078948824516303,75-100%
19.5,22.00789488245163,2.5078948824516303,2.5078948824516303,75-100%
11.0,23.702231527912762,12.702231527912762,12.702231527912762,50-75%
11.0,25.083304234533617,14.083304234533617,14.083304234533617,50-75%
11.0,25.083304234533617,14.083304234533617,14.083304234533617,50-75%
11.0,25.083304234533617,14.083304234533617,14.083304234533617,50-75%
11.0,22.331503027743047,11.331503027743047,11.331503027743047,50-75%
11.0,22.64244646339467,11.64244646339467,11.64244646339467,50-75%
11.0,22.54163715772583,11.54163715772583,11.54163715772583,50-75%
19.0,20.442011701880503,1.442011701880503,1.442011701880503,75-100%
19.0,23.839975356245716,4.839975356245716,4.839975356245716,75-100%
19.0,24.54814334570959,5.54814334570959,5.54814334570959,75-100%
19.0,24.68181879894995,5.681818798949951,5.681818798949951,75-100%
19.0,26.122069619982412,7.122069619982412,7.122069619982412,75-100%
25.0,26.74188794968075,1.7418879496807484,1.7418879496807484,75-100%
25.0,25.589191837608354,0.5891918376083538,0.5891918376083538,75-100%
31.0,25.804161374802714,-5.195838625197286,5.195838625197286,75-100%
31.0,25.80508390053678,-5.194916099463221,5.194916099463221,75-100%
31.0,25.083304234533617,-5.9166957654663825,5.9166957654663825,75-100%
26.0,24.91228106204617,-1.0877189379538308,1.0877189379538308,75-100%
26.0,23.879197776902444,-2.120802223097556,2.120802223097556,75-100%
21.0,22.742913412733678,1.742913412733678,1.742913412733678,75-100%
21.0,22.746464274183705,1.7464642741837046,1.7464642741837046,75-100%
21.0,25.47524446293984,4.475244462939841,4.475244462939841,75-100%
21.0,25.55772636051086,4.557726360510859,4.557726360510859,75-100%
11.0,23.702231527912762,12.702231527912762,12.702231527912762,50-75%
11.0,25.083304234533617,14.083304234533617,14.083304234533617,50-75%
11.0,25.083304234533617,14.083304234533617,14.083304234533617,50-75%
11.0,25.083304234533617,14.083304234533617,14.083304234533617,50-75%
11.0,25.629328158616914,14.629328158616914,14.629328158616914,50-75%
11.0,22.774801204998887,11.774801204998887,11.774801204998887,50-75%
11.0,21.012735780951225,10.012735780951225,10.012735780951225,50-75%
11.0,21.841356925549455,10.841356925549455,10.841356925549455,50-75%
19.0,24.99512742127491,5.995127421274908,5.995127421274908,75-100%
19.0,24.99512742127491,5.995127421274908,5.995127421274908,75-100%
19.0,24.68181879894995,5.681818798949951,5.681818798949951,75-100%
19.0,25.947622117248237,6.947622117248237,6.947622117248237,75-100%
19.0,26.122069619982412,7.122069619982412,7.122069619982412,75-100%
19.0,24.99512742127491,5.995127421274908,5.995127421274908,75-100%
31.0,25.804161374802714,-5.195838625197286,5.195838625197286,75-100%
31.0,26.9661768581163,-4.033823141883701,4.033823141883701,75-100%
31.0,26.451403215944843,-4.548596784055157,4.548596784055157,75-100%
31.0,24.91133607790193,-6.088663922098071,6.088663922098071,75-100%
31.0,24.800852427108453,-6.1991475728915475,6.1991475728915475,75-100%
21.0,22.330398124272058,1.3303981242720582,1.3303981242720582,75-100%
21.0,21.88398587967388,0.8839858796738795,0.8839858796738795,75-100%
21.0,22.081499504305214,1.0814995043052136,1.0814995043052136,75-100%
21.0,20.881098063867547,-0.11890193613245259,0.11890193613245259,75-100%
21.0,21.637553871294507,0.6375538712945072,0.6375538712945072,75-100%
11.0,25.511050522008258,14.511050522008258,14.511050522008258,50-75%
11.0,23.668868475759247,12.668868475759247,12.668868475759247,50-75%
11.0,24.91228106204617,13.91228106204617,13.91228106204617,50-75%
11.0,24.563640406402776,13.563640406402776,13.563640406402776,50-75%
11.0,25.079075103320527,14.079075103320527,14.079075103320527,50-75%
11.0,22.54163715772583,11.54163715772583,11.54163715772583,50-75%
11.0,21.736733484669163,10.736733484669163,10.736733484669163,50-75%
19.0,24.99512742127491,5.995127421274908,5.995127421274908,75-100%
19.0,24.775829618435502,5.775829618435502,5.775829618435502,75-100%
19.0,24.99512742127491,5.995127421274908,5.995127421274908,75-100%
19.0,24.99512742127491,5.995127421274908,5.995127421274908,75-100%
11.0,25.511050522008258,14.511050522008258,14.511050522008258,50-75%
11.0,23.702231527912762,12.702231527912762,12.702231527912762,50-75%
11.0,22.834517964664386,11.834517964664386,11.834517964664386,50-75%
11.0,22.580241179614234,11.580241179614234,11.580241179614234,50-75%
11.0,23.49804110155477,12.498041101554769,12.498041101554769,50-75%
11.0,20.532856791323887,9.532856791323887,9.532856791323887,50-75%
5.0,20.449925795749614,15.449925795749614,15.449925795749614,0-25%
5.0,20.449925795749614,15.449925795749614,15.449925795749614,0-25%
11.0,23.745722726742983,12.745722726742983,12.745722726742983,50-75%
11.0,22.86728733215938,11.867287332159378,11.867287332159378,50-75%
11.0,22.56136708903535,11.56136708903535,11.56136708903535,50-75%
5.0,20.184380023831803,15.184380023831803,15.184380023831803,0-25%
5.0,20.542741709708128,15.542741709708128,15.542741709708128,0-25%
5.0,20.449925795749614,15.449925795749614,15.449925795749614,0-25%
5.0,20.449925795749614,15.449925795749614,15.449925795749614,0-25%
5.0,18.763748693358856,13.763748693358856,13.763748693358856,0-25%
5.0,18.95463514840517,13.95463514840517,13.95463514840517,0-25%
5.0,20.542741709708128,15.542741709708128,15.542741709708128,0-25%
5.0,20.542741709708128,15.542741709708128,15.542741709708128,0-25%
5.0,21.228187030956086,16.228187030956086,16.228187030956086,0-25%
5.0,19.532617813647608,14.532617813647608,14.532617813647608,0-25%
5.0,19.058108821629443,14.058108821629443,14.058108821629443,0-25%
5.0,19.058108821629443,14.058108821629443,14.058108821629443,0-25%
5.0,21.228187030956086,16.228187030956086,16.228187030956086,0-25%
5.0,19.558091290145043,14.558091290145043,14.558091290145043,0-25%
5.0,19.64612454352292,14.64612454352292,14.64612454352292,0-25%
5.0,19.18795653057679,14.187956530576791,14.187956530576791,0-25%
5.0,19.18795653057679,14.187956530576791,14.187956530576791,0-25%
5.0,19.64612454352292,14.64612454352292,14.64612454352292,0-25%
5.0,21.228187030956086,16.228187030956086,16.228187030956086,0-25%
5.0,21.228187030956086,16.228187030956086,16.228187030956086,0-25%
5.0,21.228187030956086,16.228187030956086,16.228187030956086,0-25%
5.0,20.805413074522335,15.805413074522335,15.805413074522335,0-25%
5.0,19.792448473450754,14.792448473450754,14.792448473450754,0-25%
5.0,19.64612454352292,14.64612454352292,14.64612454352292,0-25%
5.0,20.78581839834454,15.785818398344539,15.785818398344539,0-25%
5.0,21.228187030956086,16.228187030956086,16.228187030956086,0-25%
5.0,20.805413074522335,15.805413074522335,15.805413074522335,0-25%
5.0,19.620541985254263,14.620541985254263,14.620541985254263,0-25%
5.0,19.77977881743568,14.77977881743568,14.77977881743568,0-25%
5.0,20.805413074522335,15.805413074522335,15.805413074522335,0-25%
6.0,18.860301241438602,12.860301241438602,12.860301241438602,25-50%
6.0,21.200168668757925,15.200168668757925,15.200168668757925,25-50%
6.0,21.140849295039267,15.140849295039267,15.140849295039267,25-50%
6.0,19.82551356241409,13.825513562414091,13.825513562414091,25-50%
6.0,19.31561267340672,13.315612673406719,13.315612673406719,25-50%
6.0,19.37165722200783,13.37165722200783,13.37165722200783,25-50%
6.0,19.002814474582255,13.002814474582255,13.002814474582255,25-50%
11.0,19.839950169768358,8.839950169768358,8.839950169768358,50-75%
11.0,19.37165722200783,8.37165722200783,8.37165722200783,50-75%
11.0,19.35321894201396,8.35321894201396,8.35321894201396,50-75%
16.0,19.340816925814465,3.3408169258144653,3.3408169258144653,75-100%
16.0,19.340816925814465,3.3408169258144653,3.3408169258144653,75-100%
6.0,19.260190441880788,13.260190441880788,13.260190441880788,25-50%
11.0,18.999488274290954,7.999488274290954,7.999488274290954,50-75%
11.0,19.35321894201396,8.35321894201396,8.35321894201396,50-75%
11.0,19.136163355924765,8.136163355924765,8.136163355924765,50-75%
16.0,19.340816925814465,3.3408169258144653,3.3408169258144653,75-100%
16.0,19.340816925814465,3.3408169258144653,3.3408169258144653,75-100%
6.0,19.260190441880788,13.260190441880788,13.260190441880788,25-50%
11.0,18.999488274290954,7.999488274290954,7.999488274290954,50-75%
11.0,19.407636951746294,8.407636951746294,8.407636951746294,50-75%
11.0,19.35321894201396,8.35321894201396,8.35321894201396,50-75%
16.0,19.35321894201396,3.35321894201396,3.35321894201396,75-100%
16.0,19.340816925814465,3.3408169258144653,3.3408169258144653,75-100%
6.0,20.433678575297034,14.433678575297034,14.433678575297034,25-50%
11.0,20.433678575297034,9.433678575297034,9.433678575297034,50-75%
11.0,18.999488274290954,7.999488274290954,7.999488274290954,50-75%
11.0,19.427969511865513,8.427969511865513,8.427969511865513,50-75%
16.0,19.340816925814465,3.3408169258144653,3.3408169258144653,75-100%
16.0,19.340816925814465,3.3408169258144653,3.3408169258144653,75-100%
16.0,20.542227214789648,4.542227214789648,4.542227214789648,75-100%
6.0,20.433678575297034,14.433678575297034,14.433678575297034,25-50%
11.0,20.90306764460806,9.903067644608061,9.903067644608061,50-75%
11.0,20.433678575297034,9.433678575297034,9.433678575297034,50-75%
16.0,21.871661199119313,5.871661199119313,5.871661199119313,75-100%
16.0,19.44037489705326,3.4403748970532604,3.4403748970532604,75-100%
16.0,19.427919773305064,3.4279197733050637,3.4279197733050637,75-100%
16.0,19.340816925814465,3.3408169258144653,3.3408169258144653,75-100%
16.0,20.581317457204396,4.5813174572043955,4.5813174572043955,75-100%
16.0,23.470113314310012,7.470113314310012,7.470113314310012,75-100%
16.0,19.340816925814465,3.3408169258144653,3.3408169258144653,75-100%
16.0,20.48296230634562,4.48296230634562,4.48296230634562,75-100%
5.0,22.64828538316445,17.64828538316445,17.64828538316445,0-25%
5.0,22.542383456619984,17.542383456619984,17.542383456619984,0-25%
5.0,22.542383456619984,17.542383456619984,17.542383456619984,0-25%
5.0,22.542383456619984,17.542383456619984,17.542383456619984,0-25%
5.0,22.42634462596098,17.42634462596098,17.42634462596098,0-25%
5.0,23.820868371595857,18.820868371595857,18.820868371595857,0-25%
5.0,20.883868258602174,15.883868258602174,15.883868258602174,0-25%
5.0,21.8589449427258,16.8589449427258,16.8589449427258,0-25%
5.0,25.687649025936636,20.687649025936636,20.687649025936636,0-25%
5.0,25.770792656071947,20.770792656071947,20.770792656071947,0-25%
5.0,25.638374539399162,20.638374539399162,20.638374539399162,0-25%
5.0,23.820868371595857,18.820868371595857,18.820868371595857,0-25%
5.0,23.820868371595857,18.820868371595857,18.820868371595857,0-25%
5.0,19.850616068053565,14.850616068053565,14.850616068053565,0-25%
5.0,20.0305795052385,15.0305795052385,15.0305795052385,0-25%
5.0,20.883868258602174,15.883868258602174,15.883868258602174,0-25%
5.0,21.74627473470969,16.74627473470969,16.74627473470969,0-25%
5.0,25.770792656071947,20.770792656071947,20.770792656071947,0-25%
5.0,25.638374539399162,20.638374539399162,20.638374539399162,0-25%
5.0,25.638374539399162,20.638374539399162,20.638374539399162,0-25%
5.0,23.8663452861576,18.8663452861576,18.8663452861576,0-25%
5.0,20.231022153154722,15.231022153154722,15.231022153154722,0-25%
5.0,20.0305795052385,15.0305795052385,15.0305795052385,0-25%
5.0,21.139244934386227,16.139244934386227,16.139244934386227,0-25%
5.0,25.638841212780353,20.638841212780353,20.638841212780353,0-25%
5.0,25.638841212780353,20.638841212780353,20.638841212780353,0-25%
5.0,25.638374539399162,20.638374539399162,20.638374539399162,0-25%
5.0,23.820868371595857,18.820868371595857,18.820868371595857,0-25%
5.0,20.231022153154722,15.231022153154722,15.231022153154722,0-25%
5.0,21.8589449427258,16.8589449427258,16.8589449427258,0-25%
5.0,21.74627473470969,16.74627473470969,16.74627473470969,0-25%
5.0,25.638841212780353,20.638841212780353,20.638841212780353,0-25%
5.0,24.457300162003698,19.457300162003698,19.457300162003698,0-25%
5.0,22.5849357291489,17.5849357291489,17.5849357291489,0-25%
5.0,20.0305795052385,15.0305795052385,15.0305795052385,0-25%
5.0,21.8589449427258,16.8589449427258,16.8589449427258,0-25%
5.0,21.11670750924511,16.11670750924511,16.11670750924511,0-25%
5.0,25.770792656071947,20.770792656071947,20.770792656071947,0-25%
11.0,21.617064271739878,10.617064271739878,10.617064271739878,50-75%
11.0,22.568636603687864,11.568636603687864,11.568636603687864,50-75%
11.0,20.428451429804163,9.428451429804163,9.428451429804163,50-75%
11.0,22.568636603687864,11.568636603687864,11.568636603687864,50-75%
11.0,21.722134246825618,10.722134246825618,10.722134246825618,50-75%
11.0,21.722134246825618,10.722134246825618,10.722134246825618,50-75%
11.0,21.722134246825618,10.722134246825618,10.722134246825618,50-75%
11.0,21.617064271739878,10.617064271739878,10.617064271739878,50-75%
11.0,22.7944063810575,11.794406381057499,11.794406381057499,50-75%
11.0,21.722134246825618,10.722134246825618,10.722134246825618,50-75%
11.0,20.348992327531526,9.348992327531526,9.348992327531526,50-75%
11.0,21.722134246825618,10.722134246825618,10.722134246825618,50-75%
11.0,21.617064271739878,10.617064271739878,10.617064271739878,50-75%
11.0,24.46634952977653,13.46634952977653,13.46634952977653,50-75%
11.0,22.790593955093428,11.790593955093428,11.790593955093428,50-75%
11.0,24.51461576249346,13.51461576249346,13.51461576249346,50-75%
11.0,24.362936731180085,13.362936731180085,13.362936731180085,50-75%
11.0,24.51461576249346,13.51461576249346,13.51461576249346,50-75%
4.0,24.285757815451305,20.285757815451305,20.285757815451305,0-25%
4.0,24.362936731180085,20.362936731180085,20.362936731180085,0-25%
4.0,24.285757815451305,20.285757815451305,20.285757815451305,0-25%
4.0,24.285757815451305,20.285757815451305,20.285757815451305,0-25%
4.0,22.804704190206543,18.804704190206543,18.804704190206543,0-25%
4.0,24.210291332964058,20.210291332964058,20.210291332964058,0-25%
4.0,22.790593955093428,18.790593955093428,18.790593955093428,0-25%
4.0,22.7217778413905,18.7217778413905,18.7217778413905,0-25%
4.0,24.285757815451305,20.285757815451305,20.285757815451305,0-25%
4.0,22.79496233064676,18.79496233064676,18.79496233064676,0-25%
4.0,24.26798394953149,20.26798394953149,20.26798394953149,0-25%
4.0,19.81179477392584,15.81179477392584,15.81179477392584,0-25%
15.0,20.836571039263177,5.836571039263177,5.836571039263177,50-75%
15.0,21.12678768464879,6.126787684648789,6.126787684648789,50-75%
15.0,20.010933730378447,5.010933730378447,5.010933730378447,50-75%
15.0,21.23490986303749,6.23490986303749,6.23490986303749,50-75%
15.0,20.836571039263177,5.836571039263177,5.836571039263177,50-75%
15.0,19.963019835040864,4.963019835040864,4.963019835040864,50-75%
15.0,20.05278706151428,5.05278706151428,5.05278706151428,50-75%
15.0,19.809942701117485,4.809942701117485,4.809942701117485,50-75%
15.0,20.010933730378447,5.010933730378447,5.010933730378447,50-75%
15.0,20.441538900511368,5.441538900511368,5.441538900511368,50-75%
15.0,20.774593018806158,5.774593018806158,5.774593018806158,50-75%
15.0,21.140102169240976,6.140102169240976,6.140102169240976,50-75%
15.0,20.05278706151428,5.05278706151428,5.05278706151428,50-75%
15.0,20.05278706151428,5.05278706151428,5.05278706151428,50-75%
15.0,22.824810437116923,7.824810437116923,7.824810437116923,50-75%
15.0,21.266332212120417,6.2663322121204175,6.2663322121204175,50-75%
15.0,21.37884926081625,6.378849260816249,6.378849260816249,50-75%
15.0,20.189073896489777,5.189073896489777,5.189073896489777,50-75%
15.0,20.189073896489777,5.189073896489777,5.189073896489777,50-75%
15.0,22.560843388976032,7.560843388976032,7.560843388976032,50-75%
15.0,21.136651330659824,6.136651330659824,6.136651330659824,50-75%
15.0,21.345028609905604,6.345028609905604,6.345028609905604,50-75%
15.0,20.08904813508668,5.089048135086681,5.089048135086681,50-75%
15.0,21.268466322818824,6.268466322818824,6.268466322818824,50-75%
15.0,21.17379716408006,6.17379716408006,6.17379716408006,50-75%
11.0,24.136651097421623,13.136651097421623,13.136651097421623,50-75%
11.0,22.323715551004717,11.323715551004717,11.323715551004717,50-75%
11.0,21.3685280168618,10.368528016861799,10.368528016861799,50-75%
11.0,18.794219884297917,7.794219884297917,7.794219884297917,50-75%
11.0,19.732630025529726,8.732630025529726,8.732630025529726,50-75%
11.0,20.987195806199367,9.987195806199367,9.987195806199367,50-75%
11.0,20.987195806199367,9.987195806199367,9.987195806199367,50-75%
11.0,21.513332402028063,10.513332402028063,10.513332402028063,50-75%
11.0,18.612878072711485,7.612878072711485,7.612878072711485,50-75%
11.0,19.227029563558766,8.227029563558766,8.227029563558766,50-75%
11.0,20.044851705609673,9.044851705609673,9.044851705609673,50-75%
11.0,21.096106032338295,10.096106032338295,10.096106032338295,50-75%
11.0,20.387492912471767,9.387492912471767,9.387492912471767,50-75%
11.0,19.38537595191093,8.38537595191093,8.38537595191093,50-75%
11.0,19.506762792726263,8.506762792726263,8.506762792726263,50-75%
11.0,18.794219884297917,7.794219884297917,7.794219884297917,50-75%
11.0,21.096010046127557,10.096010046127557,10.096010046127557,50-75%
11.0,21.096106032338295,10.096106032338295,10.096106032338295,50-75%
11.0,20.387492912471767,9.387492912471767,9.387492912471767,50-75%
11.0,19.38537595191093,8.38537595191093,8.38537595191093,50-75%
11.0,19.38537595191093,8.38537595191093,8.38537595191093,50-75%
11.0,18.88948627461229,7.889486274612288,7.889486274612288,50-75%
11.0,18.75764646797687,7.757646467976869,7.757646467976869,50-75%
11.0,19.38537595191093,8.38537595191093,8.38537595191093,50-75%
11.0,21.055069580454308,10.055069580454308,10.055069580454308,50-75%
11.0,20.987195806199367,9.987195806199367,9.987195806199367,50-75%
11.0,20.596335835059296,9.596335835059296,9.596335835059296,50-75%
11.0,19.38537595191093,8.38537595191093,8.38537595191093,50-75%
11.0,20.31741139604144,9.31741139604144,9.31741139604144,50-75%
11.0,18.125442507469014,7.125442507469014,7.125442507469014,50-75%
11.0,19.38537595191093,8.38537595191093,8.38537595191093,50-75%
11.0,21.055069580454308,10.055069580454308,10.055069580454308,50-75%
11.0,19.39012999168839,8.39012999168839,8.39012999168839,50-75%
1.0,20.412574466815236,19.412574466815236,19.412574466815236,0-25%
1.0,20.60570208455791,19.60570208455791,19.60570208455791,0-25%
1.0,20.641682110131086,19.641682110131086,19.641682110131086,0-25%
1.0,24.74617722629833,23.74617722629833,23.74617722629833,0-25%
1.0,20.462486138921022,19.462486138921022,19.462486138921022,0-25%
1.0,18.378367681512508,17.378367681512508,17.378367681512508,0-25%
1.0,19.18389498366102,18.18389498366102,18.18389498366102,0-25%
1.0,22.632688799019377,21.632688799019377,21.632688799019377,0-25%
1.0,22.501951423892955,21.501951423892955,21.501951423892955,0-25%
1.0,20.502215387144776,19.502215387144776,19.502215387144776,0-25%
1.0,20.40869618762556,19.40869618762556,19.40869618762556,0-25%
1.0,18.378367681512508,17.378367681512508,17.378367681512508,0-25%
1.0,18.378367681512508,17.378367681512508,17.378367681512508,0-25%
1.0,18.503815033950357,17.503815033950357,17.503815033950357,0-25%
1.0,18.378367681512508,17.378367681512508,17.378367681512508,0-25%
1.0,18.378367681512508,17.378367681512508,17.378367681512508,0-25%
1.0,18.378367681512508,17.378367681512508,17.378367681512508,0-25%
1.0,18.503815033950357,17.503815033950357,17.503815033950357,0-25%
1.0,21.44578655673221,20.44578655673221,20.44578655673221,0-25%
1.0,20.167837572383068,19.167837572383068,19.167837572383068,0-25%
1.0,18.976609367673305,17.976609367673305,17.976609367673305,0-25%
1.0,20.40869618762556,19.40869618762556,19.40869618762556,0-25%
1.0,20.734083846778084,19.734083846778084,19.734083846778084,0-25%
1.0,20.5543921652987,19.5543921652987,19.5543921652987,0-25%
1.0,20.5543921652987,19.5543921652987,19.5543921652987,0-25%
1.0,20.51154163391348,19.51154163391348,19.51154163391348,0-25%
1.0,20.462486138921022,19.462486138921022,19.462486138921022,0-25%
31.0,19.928758927622596,-11.071241072377404,11.071241072377404,75-100%
31.0,23.490095251582783,-7.509904748417217,7.509904748417217,75-100%
31.0,23.333944091932644,-7.6660559080673565,7.6660559080673565,75-100%
31.0,20.170931878267766,-10.829068121732234,10.829068121732234,75-100%
31.0,19.868774415617725,-11.131225584382275,11.131225584382275,75-100%
31.0,23.088131266498046,-7.911868733501954,7.911868733501954,75-100%
31.0,23.261714276732178,-7.738285723267822,7.738285723267822,75-100%
31.0,23.27453430134292,-7.725465698657079,7.725465698657079,75-100%
31.0,19.87331707851321,-11.12668292148679,11.12668292148679,75-100%
31.0,21.338708054541577,-9.661291945458423,9.661291945458423,75-100%
31.0,21.783300583355548,-9.216699416644452,9.216699416644452,75-100%
31.0,23.088131266498046,-7.911868733501954,7.911868733501954,75-100%
31.0,23.407554958307536,-7.592445041692464,7.592445041692464,75-100%
31.0,23.24693066071819,-7.7530693392818115,7.7530693392818115,75-100%
31.0,23.27453430134292,-7.725465698657079,7.725465698657079,75-100%
31.0,21.338708054541577,-9.661291945458423,9.661291945458423,75-100%
31.0,21.783300583355548,-9.216699416644452,9.216699416644452,75-100%
31.0,23.088131266498046,-7.911868733501954,7.911868733501954,75-100%
31.0,23.07947711933837,-7.920522880661629,7.920522880661629,75-100%
31.0,23.26307793780645,-7.73692206219355,7.73692206219355,75-100%
31.0,21.23541108986203,-9.76458891013797,9.76458891013797,75-100%
31.0,21.779650160424204,-9.220349839575796,9.220349839575796,75-100%
31.0,23.088131266498046,-7.911868733501954,7.911868733501954,75-100%
31.0,23.088131266498046,-7.911868733501954,7.911868733501954,75-100%
31.0,23.088131266498046,-7.911868733501954,7.911868733501954,75-100%
31.0,21.779650160424204,-9.220349839575796,9.220349839575796,75-100%
31.0,23.088131266498046,-7.911868733501954,7.911868733501954,75-100%
31.0,21.783300583355548,-9.216699416644452,9.216699416644452,75-100%
20.0,23.97448127169773,3.97448127169773,3.97448127169773,75-100%
20.0,22.776161151258886,2.7761611512588864,2.7761611512588864,75-100%
20.0,23.89994380806803,3.8999438080680306,3.8999438080680306,75-100%
20.0,22.497723402656952,2.497723402656952,2.497723402656952,75-100%
20.0,22.429754439440256,2.4297544394402557,2.4297544394402557,75-100%
20.0,23.97448127169773,3.97448127169773,3.97448127169773,75-100%
20.0,22.76643097267924,2.7664309726792418,2.7664309726792418,75-100%
20.0,23.956926208298807,3.956926208298807,3.956926208298807,75-100%
20.0,19.05947375011773,-0.9405262498822715,0.9405262498822715,75-100%
20.0,22.47947342168076,2.4794734216807583,2.4794734216807583,75-100%
20.0,19.35057259823892,-0.6494274017610806,0.6494274017610806,75-100%
20.0,19.603874564276193,-0.3961254357238069,0.3961254357238069,75-100%
20.0,19.633374369088664,-0.3666256309113365,0.3666256309113365,75-100%
21.0,20.114669108528442,-0.8853308914715576,0.8853308914715576,75-100%
21.0,20.084540580392936,-0.915459419607064,0.915459419607064,75-100%
21.0,19.41251245539716,-1.5874875446028405,1.5874875446028405,75-100%
21.0,19.87271491692253,-1.1272850830774708,1.1272850830774708,75-100%
21.0,20.996238665676024,-0.003761334323975518,0.003761334323975518,75-100%
21.0,20.896668130570767,-0.10333186942923334,0.10333186942923334,75-100%
21.0,19.984209368744978,-1.0157906312550224,1.0157906312550224,75-100%
21.0,19.984209368744978,-1.0157906312550224,1.0157906312550224,75-100%
21.0,20.163797722180192,-0.8362022778198082,0.8362022778198082,75-100%
21.0,20.084939462380135,-0.9150605376198655,0.9150605376198655,75-100%
21.0,20.959669177884955,-0.04033082211504535,0.04033082211504535,75-100%
21.0,20.816805571521037,-0.18319442847896283,0.18319442847896283,75-100%
21.0,19.927996312205742,-1.0720036877942576,1.0720036877942576,75-100%
21.0,20.996238665676024,-0.003761334323975518,0.003761334323975518,75-100%
21.0,20.996238665676024,-0.003761334323975518,0.003761334323975518,75-100%
21.0,19.85999635140891,-1.1400036485910903,1.1400036485910903,75-100%
21.0,19.17443357334666,-1.8255664266533387,1.8255664266533387,75-100%
21.0,19.984209368744978,-1.0157906312550224,1.0157906312550224,75-100%
21.0,20.896668130570767,-0.10333186942923334,0.10333186942923334,75-100%
21.0,19.984209368744978,-1.0157906312550224,1.0157906312550224,75-100%
21.0,19.87271491692253,-1.1272850830774708,1.1272850830774708,75-100%
21.0,20.866035086084537,-0.13396491391546306,0.13396491391546306,75-100%
21.0,20.866035086084537,-0.13396491391546306,0.13396491391546306,75-100%
21.0,20.866035086084537,-0.13396491391546306,0.13396491391546306,75-100%
21.0,20.18545845322497,-0.814541546775029,0.814541546775029,75-100%
21.0,20.93731455821807,-0.06268544178193025,0.06268544178193025,75-100%
21.0,19.85999635140891,-1.1400036485910903,1.1400036485910903,75-100%
21.0,19.85999635140891,-1.1400036485910903,1.1400036485910903,75-100%
21.0,20.866035086084537,-0.13396491391546306,0.13396491391546306,75-100%
21.0,19.707671520337186,-1.2923284796628138,1.2923284796628138,75-100%
21.0,19.927996312205742,-1.0720036877942576,1.0720036877942576,75-100%
21.0,20.816805571521037,-0.18319442847896283,0.18319442847896283,75-100%
21.0,19.85999635140891,-1.1400036485910903,1.1400036485910903,75-100%
21.0,19.87271491692253,-1.1272850830774708,1.1272850830774708,75-100%
21.0,19.907674772256136,-1.0923252277438635,1.0923252277438635,75-100%
21.0,19.923364163806248,-1.076635836193752,1.076635836193752,75-100%
21.0,19.962095442333784,-1.0379045576662165,1.0379045576662165,75-100%
12.0,23.033933758627334,11.033933758627334,11.033933758627334,50-75%
12.0,23.303201137758887,11.303201137758887,11.303201137758887,50-75%
12.0,23.36745126843355,11.367451268433548,11.367451268433548,50-75%
12.0,21.136651330659824,9.136651330659824,9.136651330659824,50-75%
12.0,23.4235833436183,11.4235833436183,11.4235833436183,50-75%
12.0,22.811137731564365,10.811137731564365,10.811137731564365,50-75%
12.0,21.647098274159056,9.647098274159056,9.647098274159056,50-75%
7.0,20.795540439109146,13.795540439109146,13.795540439109146,25-50%
2.0,20.40715288371473,18.40715288371473,18.40715288371473,0-25%
12.0,23.856737935201902,11.856737935201902,11.856737935201902,50-75%
12.0,21.348007593505947,9.348007593505947,9.348007593505947,50-75%
8.666666666666666,21.333855674306868,12.667189007640202,12.667189007640202,50-75%
8.666666666666666,20.114110495460075,11.447443828793409,11.447443828793409,50-75%
8.666666666666666,20.114110495460075,11.447443828793409,11.447443828793409,50-75%
8.666666666666666,20.228399449034512,11.561732782367846,11.561732782367846,50-75%
7.0,20.446779704446307,13.446779704446307,13.446779704446307,25-50%
2.0,20.711349542857825,18.711349542857825,18.711349542857825,0-25%
12.0,23.303201137758887,11.303201137758887,11.303201137758887,50-75%
12.0,23.856737935201902,11.856737935201902,11.856737935201902,50-75%
12.0,22.357588880709578,10.357588880709578,10.357588880709578,50-75%
8.666666666666666,21.348007593505947,12.681340926839281,12.681340926839281,50-75%
8.666666666666666,20.001925845848433,11.335259179181767,11.335259179181767,50-75%
8.666666666666666,19.989128547037723,11.322461880371057,11.322461880371057,50-75%
8.666666666666666,19.9921027936266,11.325436126959934,11.325436126959934,50-75%
7.0,20.507157799970834,13.507157799970834,13.507157799970834,25-50%
2.0,20.30488346443155,18.30488346443155,18.30488346443155,0-25%
12.0,21.17300939639113,9.17300939639113,9.17300939639113,50-75%
12.0,21.63880805312343,9.63880805312343,9.63880805312343,50-75%
12.0,21.63880805312343,9.63880805312343,9.63880805312343,50-75%
8.666666666666666,21.492679138134598,12.826012471467932,12.826012471467932,50-75%
8.666666666666666,19.80951981510048,11.142853148433813,11.142853148433813,50-75%
8.666666666666666,20.21815610680099,11.551489440134324,11.551489440134324,50-75%
7.0,20.777512412976712,13.777512412976712,13.777512412976712,25-50%
7.0,20.658498667507153,13.658498667507153,13.658498667507153,25-50%
7.0,20.40715288371473,13.40715288371473,13.40715288371473,25-50%
2.0,20.5058738183793,18.5058738183793,18.5058738183793,0-25%
12.0,21.58466474055642,9.58466474055642,9.58466474055642,50-75%
12.0,20.19189877108475,8.191898771084752,8.191898771084752,50-75%
8.666666666666666,20.31808813589062,11.651421469223953,11.651421469223953,50-75%
8.666666666666666,20.001925845848433,11.335259179181767,11.335259179181767,50-75%
7.0,20.354945286817888,13.354945286817888,13.354945286817888,25-50%
7.0,20.936635545156022,13.936635545156022,13.936635545156022,25-50%
2.0,20.11463817064341,18.11463817064341,18.11463817064341,0-25%
12.0,20.85165300313067,8.851653003130671,8.851653003130671,50-75%
12.0,20.85165300313067,8.851653003130671,8.851653003130671,50-75%
7.0,20.320095028348824,13.320095028348824,13.320095028348824,25-50%
7.0,20.17877226278428,13.178772262784278,13.178772262784278,25-50%
7.0,20.217591577145022,13.217591577145022,13.217591577145022,25-50%
7.0,18.802443203808117,11.802443203808117,11.802443203808117,25-50%
2.0,18.675075093138773,16.675075093138773,16.675075093138773,0-25%
12.0,19.914537494574006,7.914537494574006,7.914537494574006,50-75%
7.0,17.76399422948035,10.76399422948035,10.76399422948035,25-50%
2.0,17.885464388161108,15.885464388161108,15.885464388161108,0-25%
11.0,13.255447383791111,2.255447383791111,2.255447383791111,50-75%
11.0,13.255447383791111,2.255447383791111,2.255447383791111,50-75%
11.0,13.255447383791111,2.255447383791111,2.255447383791111,50-75%
11.0,13.255447383791111,2.255447383791111,2.255447383791111,50-75%
11.0,12.578756557798787,1.578756557798787,1.578756557798787,50-75%
11.0,13.118385036696681,2.118385036696681,2.118385036696681,50-75%
11.0,13.255447383791111,2.255447383791111,2.255447383791111,50-75%
11.0,13.255447383791111,2.255447383791111,2.255447383791111,50-75%
11.0,13.255447383791111,2.255447383791111,2.255447383791111,50-75%
11.0,12.609792693128746,1.609792693128746,1.609792693128746,50-75%
11.0,12.636903109428426,1.6369031094284257,1.6369031094284257,50-75%
11.0,13.118385036696681,2.118385036696681,2.118385036696681,50-75%
11.0,13.255447383791111,2.255447383791111,2.255447383791111,50-75%
11.0,13.255447383791111,2.255447383791111,2.255447383791111,50-75%
11.0,14.070578688640019,3.070578688640019,3.070578688640019,50-75%
11.0,14.366481360076007,3.3664813600760066,3.3664813600760066,50-75%
11.0,14.040618098699063,3.0406180986990634,3.0406180986990634,50-75%
11.0,13.118385036696681,2.118385036696681,2.118385036696681,50-75%
11.0,13.118385036696681,2.118385036696681,2.118385036696681,50-75%
11.0,13.580688471991335,2.580688471991335,2.580688471991335,50-75%
11.0,15.340336617434279,4.340336617434279,4.340336617434279,50-75%
11.0,14.545802533182194,3.5458025331821936,3.5458025331821936,50-75%
11.0,14.545802533182194,3.5458025331821936,3.5458025331821936,50-75%
11.0,13.580688471991335,2.580688471991335,2.580688471991335,50-75%
11.0,14.201150708461567,3.201150708461567,3.201150708461567,50-75%
11.0,14.26624462856663,3.2662446285666302,3.2662446285666302,50-75%
11.0,14.646439480594946,3.646439480594946,3.646439480594946,50-75%
11.0,12.813955200109307,1.8139552001093069,1.8139552001093069,50-75%
11.0,13.580688471991335,2.580688471991335,2.580688471991335,50-75%
11.0,13.580688471991335,2.580688471991335,2.580688471991335,50-75%
11.0,13.580688471991335,2.580688471991335,2.580688471991335,50-75%
17.0,12.805997403228696,-4.194002596771304,4.194002596771304,75-100%
17.0,11.852996332835245,-5.147003667164755,5.147003667164755,75-100%
17.0,12.641015763454865,-4.358984236545135,4.358984236545135,75-100%
17.0,12.856298336076847,-4.143701663923153,4.143701663923153,75-100%
17.0,12.653033819707648,-4.346966180292352,4.346966180292352,75-100%
17.0,12.063314672712137,-4.936685327287863,4.936685327287863,75-100%
17.0,12.306897218262238,-4.693102781737762,4.693102781737762,75-100%
17.0,13.00236741228219,-3.99763258771781,3.99763258771781,75-100%
17.0,12.653033819707648,-4.346966180292352,4.346966180292352,75-100%
17.0,12.805997403228696,-4.194002596771304,4.194002596771304,75-100%
17.0,12.165273499068721,-4.8347265009312785,4.8347265009312785,75-100%
17.0,12.696467540784212,-4.303532459215788,4.303532459215788,75-100%
17.0,12.785132675999987,-4.2148673240000125,4.2148673240000125,75-100%
17.0,13.113587396682782,-3.8864126033172184,3.8864126033172184,75-100%
17.0,12.805997403228696,-4.194002596771304,4.194002596771304,75-100%
17.0,12.653033819707648,-4.346966180292352,4.346966180292352,75-100%
17.0,12.805997403228696,-4.194002596771304,4.194002596771304,75-100%
17.0,12.679415666877071,-4.3205843331229286,4.3205843331229286,75-100%
17.0,12.260994056996346,-4.739005943003654,4.739005943003654,75-100%
17.0,12.84711498538853,-4.152885014611471,4.152885014611471,75-100%
17.0,12.165273499068721,-4.8347265009312785,4.8347265009312785,75-100%
17.0,12.038022622533562,-4.961977377466438,4.961977377466438,75-100%
17.0,12.652530527257255,-4.347469472742745,4.347469472742745,75-100%
17.0,12.101469224800224,-4.8985307751997755,4.8985307751997755,75-100%
17.0,12.181088669717507,-4.818911330282493,4.818911330282493,75-100%
32.0,19.054361159642045,-12.945638840357955,12.945638840357955,75-100%
32.0,16.409065145057966,-15.590934854942034,15.590934854942034,75-100%
32.0,16.358365863054946,-15.641634136945054,15.641634136945054,75-100%
32.0,18.33130839896665,-13.668691601033348,13.668691601033348,75-100%
32.0,18.22976388896668,-13.77023611103332,13.77023611103332,75-100%
32.0,18.416332863571093,-13.583667136428907,13.583667136428907,75-100%
32.0,18.06297264574194,-13.93702735425806,13.93702735425806,75-100%
32.0,18.33130839896665,-13.668691601033348,13.668691601033348,75-100%
32.0,18.118650641793362,-13.881349358206638,13.881349358206638,75-100%
32.0,18.278046987269796,-13.721953012730204,13.721953012730204,75-100%
32.0,18.22976388896668,-13.77023611103332,13.77023611103332,75-100%
32.0,18.22976388896668,-13.77023611103332,13.77023611103332,75-100%
32.0,18.278046987269796,-13.721953012730204,13.721953012730204,75-100%
32.0,18.11083695585612,-13.889163044143881,13.889163044143881,75-100%
32.0,18.1777214635126,-13.8222785364874,13.8222785364874,75-100%
32.0,18.379846460543718,-13.620153539456282,13.620153539456282,75-100%
32.0,18.28202767928234,-13.71797232071766,13.71797232071766,75-100%
32.0,18.278046987269796,-13.721953012730204,13.721953012730204,75-100%
32.0,18.345516700098198,-13.654483299901802,13.654483299901802,75-100%
32.0,18.22976388896668,-13.77023611103332,13.77023611103332,75-100%
32.0,18.278046987269796,-13.721953012730204,13.721953012730204,75-100%
32.0,18.11083695585612,-13.889163044143881,13.889163044143881,75-100%
32.0,18.54380288654948,-13.456197113450521,13.456197113450521,75-100%
32.0,18.33130839896665,-13.668691601033348,13.668691601033348,75-100%
32.0,18.22976388896668,-13.77023611103332,13.77023611103332,75-100%
32.0,18.22976388896668,-13.77023611103332,13.77023611103332,75-100%
32.0,18.11083695585612,-13.889163044143881,13.889163044143881,75-100%
32.0,18.04919857950454,-13.95080142049546,13.95080142049546,75-100%
32.0,18.04919857950454,-13.95080142049546,13.95080142049546,75-100%
32.0,18.33130839896665,-13.668691601033348,13.668691601033348,75-100%
32.0,18.22976388896668,-13.77023611103332,13.77023611103332,75-100%
32.0,16.70338566612467,-15.296614333875329,15.296614333875329,75-100%
32.0,16.48017111306027,-15.519828886939731,15.519828886939731,75-100%
32.0,15.258616712520316,-16.741383287479685,16.741383287479685,75-100%
32.0,18.11083695585612,-13.889163044143881,13.889163044143881,75-100%
27.0,21.240610526100163,-5.759389473899837,5.759389473899837,75-100%
27.0,21.201522121805922,-5.798477878194078,5.798477878194078,75-100%
27.0,23.72555693838911,-3.2744430616108886,3.2744430616108886,75-100%
27.0,22.613390184363194,-4.386609815636806,4.386609815636806,75-100%
27.0,19.130881696963705,-7.869118303036295,7.869118303036295,75-100%
27.0,20.5299207161711,-6.470079283828898,6.470079283828898,75-100%
27.0,21.240610526100163,-5.759389473899837,5.759389473899837,75-100%
27.0,20.09844772774796,-6.90155227225204,6.90155227225204,75-100%
27.0,23.76908920436194,-3.23091079563806,3.23091079563806,75-100%
27.0,23.620448308726353,-3.3795516912736474,3.3795516912736474,75-100%
27.0,22.197053337994532,-4.802946662005468,4.802946662005468,75-100%
27.0,18.203284183028572,-8.796715816971428,8.796715816971428,75-100%
27.0,18.256260158255028,-8.743739841744972,8.743739841744972,75-100%
27.0,19.127725071716394,-7.8722749282836055,7.8722749282836055,75-100%
27.0,20.362396797243576,-6.637603202756424,6.637603202756424,75-100%
27.0,20.351875636707465,-6.648124363292535,6.648124363292535,75-100%
27.0,22.613390184363194,-4.386609815636806,4.386609815636806,75-100%
27.0,21.77568579649521,-5.22431420350479,5.22431420350479,75-100%
27.0,18.204675977884502,-8.795324022115498,8.795324022115498,75-100%
27.0,18.203284183028572,-8.796715816971428,8.796715816971428,75-100%
27.0,21.212693211278413,-5.787306788721587,5.787306788721587,75-100%
27.0,20.351653334319067,-6.648346665680933,6.648346665680933,75-100%
27.0,19.127725071716394,-7.8722749282836055,7.8722749282836055,75-100%
27.0,21.778747750730485,-5.221252249269515,5.221252249269515,75-100%
27.0,22.487323403315603,-4.512676596684397,4.512676596684397,75-100%
27.0,18.204675977884502,-8.795324022115498,8.795324022115498,75-100%
27.0,18.203284183028572,-8.796715816971428,8.796715816971428,75-100%
30.0,20.84446497549437,-9.155535024505632,9.155535024505632,75-100%
30.0,20.254855971352,-9.745144028648,9.745144028648,75-100%
28.5,20.251836727806307,-8.248163272193693,8.248163272193693,75-100%
28.5,20.035043908807395,-8.464956091192605,8.464956091192605,75-100%
28.5,19.924338304114592,-8.575661695885408,8.575661695885408,75-100%
28.5,18.99838071810183,-9.501619281898169,9.501619281898169,75-100%
27.0,22.613390184363194,-4.386609815636806,4.386609815636806,75-100%
27.0,22.610216036210918,-4.389783963789082,4.389783963789082,75-100%
27.0,21.07454773089308,-5.92545226910692,5.92545226910692,75-100%
30.0,20.78139753680894,-9.218602463191061,9.218602463191061,75-100%
30.0,20.52686226065875,-9.47313773934125,9.47313773934125,75-100%
30.0,20.52686226065875,-9.47313773934125,9.47313773934125,75-100%
30.0,22.39172666936857,-7.60827333063143,7.60827333063143,75-100%
30.0,20.640755673634025,-9.359244326365975,9.359244326365975,75-100%
28.5,19.648589459242928,-8.851410540757072,8.851410540757072,75-100%
28.5,20.558280923822924,-7.941719076177076,7.941719076177076,75-100%
28.5,20.712752964270255,-7.787247035729745,7.787247035729745,75-100%
30.0,20.741152448857793,-9.258847551142207,9.258847551142207,75-100%
30.0,20.52686226065875,-9.47313773934125,9.47313773934125,75-100%
25.5,21.601391871643106,-3.8986081283568943,3.8986081283568943,75-100%
25.5,20.342170193831283,-5.157829806168717,5.157829806168717,75-100%
25.5,19.360234062634916,-6.139765937365084,6.139765937365084,75-100%
25.5,20.342170193831283,-5.157829806168717,5.157829806168717,75-100%
30.0,21.332620585793563,-8.667379414206437,8.667379414206437,75-100%
30.0,22.36201512066563,-7.637984879334368,7.637984879334368,75-100%
25.5,19.36877784757428,-6.131222152425721,6.131222152425721,75-100%
25.5,19.434764698651406,-6.065235301348594,6.065235301348594,75-100%
25.5,21.62979770997567,-3.8702022900243307,3.8702022900243307,75-100%
25.5,20.342170193831283,-5.157829806168717,5.157829806168717,75-100%
25.5,19.434764698651406,-6.065235301348594,6.065235301348594,75-100%
25.5,20.42029530347516,-5.079704696524839,5.079704696524839,75-100%
25.5,20.42029530347516,-5.079704696524839,5.079704696524839,75-100%
25.5,20.833599599710816,-4.666400400289184,4.666400400289184,75-100%
21.0,18.816592423714344,-2.1834075762856564,2.1834075762856564,75-100%
25.5,19.434764698651406,-6.065235301348594,6.065235301348594,75-100%
25.5,21.17746106864048,-4.322538931359521,4.322538931359521,75-100%
25.5,20.361365842405647,-5.138634157594353,5.138634157594353,75-100%
25.5,20.42029530347516,-5.079704696524839,5.079704696524839,75-100%
25.5,20.361365842405647,-5.138634157594353,5.138634157594353,75-100%
25.5,20.361365842405647,-5.138634157594353,5.138634157594353,75-100%
21.0,20.303826780855317,-0.6961732191446828,0.6961732191446828,75-100%
21.0,18.786266489840163,-2.2137335101598374,2.2137335101598374,75-100%
25.5,20.425204692002712,-5.074795307997288,5.074795307997288,75-100%
25.5,20.361365842405647,-5.138634157594353,5.138634157594353,75-100%
25.5,20.361365842405647,-5.138634157594353,5.138634157594353,75-100%
21.0,20.303826780855317,-0.6961732191446828,0.6961732191446828,75-100%
21.0,18.786266489840163,-2.2137335101598374,2.2137335101598374,75-100%
21.0,18.79080136988416,-2.2091986301158393,2.2091986301158393,75-100%
21.0,19.683461903170375,-1.3165380968296247,1.3165380968296247,75-100%
21.0,18.731832412050633,-2.2681675879493675,2.2681675879493675,75-100%
21.0,18.54438324148135,-2.4556167585186515,2.4556167585186515,75-100%
21.0,18.899154413529423,-2.1008455864705766,2.1008455864705766,75-100%
21.0,18.786266489840163,-2.2137335101598374,2.2137335101598374,75-100%
21.0,18.990720689166842,-2.0092793108331577,2.0092793108331577,75-100%
21.0,19.786203290186467,-1.2137967098135327,1.2137967098135327,75-100%
21.0,18.864181174286877,-2.135818825713123,2.135818825713123,75-100%
21.0,18.700744700162083,-2.2992552998379168,2.2992552998379168,75-100%
38.0,18.204675977884502,-19.795324022115498,19.795324022115498,75-100%
38.0,18.256260158255028,-19.743739841744972,19.743739841744972,75-100%
38.0,18.19407887111503,-19.80592112888497,19.80592112888497,75-100%
38.0,18.276271190662992,-19.723728809337008,19.723728809337008,75-100%
38.0,18.186027819490274,-19.813972180509726,19.813972180509726,75-100%
38.0,18.28691367605114,-19.71308632394886,19.71308632394886,75-100%
38.0,18.19407887111503,-19.80592112888497,19.80592112888497,75-100%
38.0,19.240158789644816,-18.759841210355184,18.759841210355184,75-100%
38.0,19.240158789644816,-18.759841210355184,18.759841210355184,75-100%
38.0,18.181447283962967,-19.818552716037033,19.818552716037033,75-100%
38.0,18.203284183028572,-19.796715816971428,19.796715816971428,75-100%
38.0,18.338718748680424,-19.661281251319576,19.661281251319576,75-100%
38.0,18.256260158255028,-19.743739841744972,19.743739841744972,75-100%
38.0,18.229609066403725,-19.770390933596275,19.770390933596275,75-100%
38.0,18.143127041409457,-19.856872958590543,19.856872958590543,75-100%
38.0,19.189466020965686,-18.810533979034314,18.810533979034314,75-100%
38.0,18.234363017877943,-19.765636982122057,19.765636982122057,75-100%
38.0,18.229609066403725,-19.770390933596275,19.770390933596275,75-100%
38.0,18.042060064050986,-19.957939935949014,19.957939935949014,75-100%
38.0,18.256260158255028,-19.743739841744972,19.743739841744972,75-100%
38.0,18.203284183028572,-19.796715816971428,19.796715816971428,75-100%
38.0,18.229609066403725,-19.770390933596275,19.770390933596275,75-100%
38.0,19.189466020965686,-18.810533979034314,18.810533979034314,75-100%
38.0,18.19407887111503,-19.80592112888497,19.80592112888497,75-100%
38.0,18.203284183028572,-19.796715816971428,19.796715816971428,75-100%
38.0,19.129422778436602,-18.870577221563398,18.870577221563398,75-100%
38.0,19.18495368618496,-18.81504631381504,18.81504631381504,75-100%
38.0,18.203284183028572,-19.796715816971428,19.796715816971428,75-100%
32.5,20.66007696201735,-11.83992303798265,11.83992303798265,75-100%
32.5,21.111589088657716,-11.388410911342284,11.388410911342284,75-100%
38.0,18.203284183028572,-19.796715816971428,19.796715816971428,75-100%
38.0,18.203284183028572,-19.796715816971428,19.796715816971428,75-100%
32.5,20.663473905564302,-11.836526094435698,11.836526094435698,75-100%
32.5,21.70470209294998,-10.79529790705002,10.79529790705002,75-100%
27.0,18.392954138967376,-8.607045861032624,8.607045861032624,75-100%
27.0,18.347065455301767,-8.652934544698233,8.652934544698233,75-100%
27.0,18.539656751112332,-8.460343248887668,8.460343248887668,75-100%
27.0,17.964817841473796,-9.035182158526204,9.035182158526204,75-100%
27.0,17.503601334270567,-9.496398665729433,9.496398665729433,75-100%
27.0,18.392954138967376,-8.607045861032624,8.607045861032624,75-100%
27.0,18.49555756104606,-8.50444243895394,8.50444243895394,75-100%
27.0,18.347065455301767,-8.652934544698233,8.652934544698233,75-100%
27.0,18.472800774975273,-8.527199225024727,8.527199225024727,75-100%
27.0,18.048529497823406,-8.951470502176594,8.951470502176594,75-100%
27.0,18.539656751112332,-8.460343248887668,8.460343248887668,75-100%
27.0,17.55748350653965,-9.44251649346035,9.44251649346035,75-100%
27.0,17.410366438988113,-9.589633561011887,9.589633561011887,75-100%
27.0,18.295238023293436,-8.704761976706564,8.704761976706564,75-100%
27.0,18.295238023293436,-8.704761976706564,8.704761976706564,75-100%
27.0,18.295238023293436,-8.704761976706564,8.704761976706564,75-100%
27.0,21.31748956298382,-5.68251043701618,5.68251043701618,75-100%
27.0,21.073000806999534,-5.926999193000466,5.926999193000466,75-100%
27.0,20.841732395760367,-6.158267604239633,6.158267604239633,75-100%
27.0,20.085668070078952,-6.9143319299210475,6.9143319299210475,75-100%
27.0,19.98829820513484,-7.011701794865161,7.011701794865161,75-100%
27.0,20.099342206168576,-6.900657793831424,6.900657793831424,75-100%
27.0,21.56816585841087,-5.431834141589128,5.431834141589128,75-100%
27.0,21.262883697779657,-5.737116302220343,5.737116302220343,75-100%
27.0,21.97028270643432,-5.029717293565682,5.029717293565682,75-100%
27.0,21.687568556448475,-5.3124314435515245,5.3124314435515245,75-100%
27.0,20.2364654584428,-6.763534541557199,6.763534541557199,75-100%
27.0,20.099342206168576,-6.900657793831424,6.900657793831424,75-100%
27.0,20.099342206168576,-6.900657793831424,6.900657793831424,75-100%
27.0,21.759634185317914,-5.240365814682086,5.240365814682086,75-100%
27.0,21.042595074382202,-5.957404925617798,5.957404925617798,75-100%
27.0,21.56816585841087,-5.431834141589128,5.431834141589128,75-100%
27.0,20.099342206168576,-6.900657793831424,6.900657793831424,75-100%
27.0,21.687568556448475,-5.3124314435515245,5.3124314435515245,75-100%
35.0,28.54632950398051,-6.453670496019491,6.453670496019491,75-100%
35.0,28.790795348433342,-6.209204651566658,6.209204651566658,75-100%
35.0,28.790795348433342,-6.209204651566658,6.209204651566658,75-100%
35.0,11.782968093961266,-23.217031906038734,23.217031906038734,75-100%
35.0,11.822792597431127,-23.177207402568875,23.177207402568875,75-100%
35.0,15.651711236654554,-19.348288763345444,19.348288763345444,75-100%
35.0,28.790795348433342,-6.209204651566658,6.209204651566658,75-100%
35.0,28.790795348433342,-6.209204651566658,6.209204651566658,75-100%
35.0,28.732245355375717,-6.267754644624283,6.267754644624283,75-100%
35.0,11.90347809857584,-23.09652190142416,23.09652190142416,75-100%
35.0,12.564127518314091,-22.43587248168591,22.43587248168591,75-100%
35.0,12.179989903963325,-22.820010096036675,22.820010096036675,75-100%
35.0,14.989184571386653,-20.01081542861335,20.01081542861335,75-100%
35.0,15.089794119598182,-19.91020588040182,19.91020588040182,75-100%
35.0,28.790795348433342,-6.209204651566658,6.209204651566658,75-100%
35.0,29.79405953541143,-5.2059404645885685,5.2059404645885685,75-100%
35.0,12.075503675302706,-22.924496324697294,22.924496324697294,75-100%
35.0,11.822792597431127,-23.177207402568875,23.177207402568875,75-100%
35.0,11.988555637956953,-23.011444362043047,23.011444362043047,75-100%
35.0,14.989184571386653,-20.01081542861335,20.01081542861335,75-100%
35.0,15.304298774211102,-19.6957012257889,19.6957012257889,75-100%
35.0,28.54632950398051,-6.453670496019491,6.453670496019491,75-100%
35.0,28.66415433147101,-6.3358456685289894,6.3358456685289894,75-100%
35.0,28.950143464775792,-6.049856535224208,6.049856535224208,75-100%
35.0,12.148802680857195,-22.851197319142805,22.851197319142805,75-100%
35.0,12.079601677137816,-22.920398322862184,22.920398322862184,75-100%
35.0,15.265718638174167,-19.734281361825833,19.734281361825833,75-100%
35.0,15.203860790589172,-19.79613920941083,19.79613920941083,75-100%
35.0,15.19588025252967,-19.80411974747033,19.80411974747033,75-100%
35.0,29.79405953541143,-5.2059404645885685,5.2059404645885685,75-100%
35.0,29.751371637561885,-5.248628362438115,5.248628362438115,75-100%
35.0,12.0445636933059,-22.9554363066941,22.9554363066941,75-100%
35.0,12.148802680857195,-22.851197319142805,22.851197319142805,75-100%
35.0,15.326314607868602,-19.673685392131397,19.673685392131397,75-100%
35.0,15.265718638174167,-19.734281361825833,19.734281361825833,75-100%
28.0,29.52735277324493,1.5273527732449317,1.5273527732449317,75-100%
28.0,28.80048752935005,0.8004875293500504,0.8004875293500504,75-100%
28.0,20.694664767609762,-7.305335232390238,7.305335232390238,75-100%
21.0,20.86802663266017,-0.13197336733982823,0.13197336733982823,75-100%
21.0,21.852540186682546,0.8525401866825462,0.8525401866825462,75-100%
21.0,20.589351593808843,-0.4106484061911573,0.4106484061911573,75-100%
21.0,29.261517361382705,8.261517361382705,8.261517361382705,75-100%
21.0,28.956412506886185,7.956412506886185,7.956412506886185,75-100%
21.0,28.28927345695018,7.2892734569501805,7.2892734569501805,75-100%
21.0,28.442709842460403,7.442709842460403,7.442709842460403,75-100%
5.0,22.261170089457824,17.261170089457824,17.261170089457824,0-25%
14.333333333333336,22.611890358523652,8.278557025190317,8.278557025190317,50-75%
14.333333333333336,20.830440783987303,6.497107450653967,6.497107450653967,50-75%
14.333333333333336,20.67970016553317,6.346366832199834,6.346366832199834,50-75%
14.333333333333336,25.651389114383896,11.31805578105056,11.31805578105056,50-75%
19.0,28.28927345695018,9.28927345695018,9.28927345695018,75-100%
21.0,28.049662119856546,7.049662119856546,7.049662119856546,75-100%
21.0,28.442709842460403,7.442709842460403,7.442709842460403,75-100%
21.0,27.75105500727961,6.751055007279611,6.751055007279611,75-100%
5.0,22.758083668602893,17.758083668602893,17.758083668602893,0-25%
11.0,22.4113615816629,11.411361581662899,11.411361581662899,50-75%
14.333333333333336,22.355964319435405,8.022630986102069,8.022630986102069,50-75%
15.25,22.4113615816629,7.161361581662899,7.161361581662899,75-100%
15.25,22.255018569022962,7.005018569022962,7.005018569022962,75-100%
15.25,27.420180715454887,12.170180715454887,12.170180715454887,75-100%
14.333333333333336,26.019335495311733,11.686002161978397,11.686002161978397,50-75%
19.0,28.627973682661114,9.627973682661114,9.627973682661114,75-100%
21.0,28.22110613144291,7.221106131442909,7.221106131442909,75-100%
5.0,22.787943258119085,17.787943258119085,17.787943258119085,0-25%
13.333333333333336,22.4113615816629,9.078028248329563,9.078028248329563,50-75%
15.25,22.44146112021632,7.191461120216321,7.191461120216321,75-100%
15.25,22.497061169561817,7.2470611695618175,7.2470611695618175,75-100%
15.25,22.497061169561817,7.2470611695618175,7.2470611695618175,75-100%
15.25,19.802526859761755,4.552526859761755,4.552526859761755,75-100%
15.25,19.623477180919487,4.373477180919487,4.373477180919487,75-100%
18.666666666666668,27.75105500727961,9.084388340612943,9.084388340612943,75-100%
5.0,22.733365498215214,17.733365498215214,17.733365498215214,0-25%
13.333333333333336,22.667894643510056,9.33456131017672,9.33456131017672,50-75%
13.333333333333336,22.497061169561817,9.163727836228482,9.163727836228482,50-75%
15.25,22.667894643510056,7.417894643510056,7.417894643510056,75-100%
15.25,22.667894643510056,7.417894643510056,7.417894643510056,75-100%
15.25,20.009461634617363,4.759461634617363,4.759461634617363,75-100%
15.25,19.60246776491391,4.352467764913911,4.352467764913911,75-100%
18.666666666666668,20.6208388913475,1.954172224680832,1.954172224680832,75-100%
5.0,22.203453761244955,17.203453761244955,17.203453761244955,0-25%
13.333333333333336,22.621378427650146,9.28804509431681,9.28804509431681,50-75%
13.333333333333336,22.667894643510056,9.33456131017672,9.33456131017672,50-75%
13.333333333333336,20.009461634617363,6.676128301284027,6.676128301284027,50-75%
13.333333333333336,19.561528211757082,6.228194878423746,6.228194878423746,50-75%
18.0,20.456266498387606,2.456266498387606,2.456266498387606,75-100%
11.5,22.366797072664287,10.866797072664287,10.866797072664287,50-75%
13.333333333333336,22.565484211913613,9.232150878580278,9.232150878580278,50-75%
13.333333333333336,20.107468054317714,6.774134720984378,6.774134720984378,50-75%
13.333333333333336,19.679259855850333,6.345926522516997,6.345926522516997,50-75%
18.0,20.820885814526335,2.820885814526335,2.820885814526335,75-100%
18.0,21.088666570279408,3.0886665702794076,3.0886665702794076,75-100%
18.0,20.714904641597457,2.7149046415974567,2.7149046415974567,75-100%
18.0,20.536240974596026,2.5362409745960264,2.5362409745960264,75-100%
18.0,20.536240974596026,2.5362409745960264,2.5362409745960264,75-100%
15.0,21.011894027096968,6.011894027096968,6.011894027096968,50-75%
15.0,21.94663098095073,6.946630980950729,6.946630980950729,50-75%
15.0,22.068036046262122,7.068036046262122,7.068036046262122,50-75%
15.0,22.068036046262122,7.068036046262122,7.068036046262122,50-75%
16.0,20.63358794395702,4.633587943957021,4.633587943957021,75-100%
16.0,20.822127310695453,4.822127310695453,4.822127310695453,75-100%
15.5,21.736795288580257,6.236795288580257,6.236795288580257,75-100%
15.5,21.330579226624998,5.830579226624998,5.830579226624998,75-100%
15.0,21.94663098095073,6.946630980950729,6.946630980950729,50-75%
15.0,22.068036046262122,7.068036046262122,7.068036046262122,50-75%
15.0,21.49801844012404,6.498018440124039,6.498018440124039,50-75%
16.0,19.694490129707606,3.6944901297076065,3.6944901297076065,75-100%
16.0,19.66851356780753,3.66851356780753,3.66851356780753,75-100%
16.0,19.499728615029337,3.499728615029337,3.499728615029337,75-100%
15.5,20.49281680774285,4.992816807742852,4.992816807742852,75-100%
15.5,21.207307703300586,5.707307703300586,5.707307703300586,75-100%
15.5,21.330579226624998,5.830579226624998,5.830579226624998,75-100%
15.5,21.42620257566979,5.926202575669791,5.926202575669791,75-100%
15.5,21.010505566979017,5.510505566979017,5.510505566979017,75-100%
15.0,21.919086394897942,6.919086394897942,6.919086394897942,50-75%
15.0,20.815086704770195,5.815086704770195,5.815086704770195,50-75%
15.0,21.49128506881675,6.491285068816751,6.491285068816751,50-75%
16.0,19.694490129707606,3.6944901297076065,3.6944901297076065,75-100%
16.0,20.63358794395702,4.633587943957021,4.633587943957021,75-100%
15.5,20.786914351758817,5.286914351758817,5.286914351758817,75-100%
15.5,21.42620257566979,5.926202575669791,5.926202575669791,75-100%
15.5,21.28139722473443,5.78139722473443,5.78139722473443,75-100%
15.5,21.213055332349263,5.713055332349263,5.713055332349263,75-100%
15.0,21.7153136027085,6.715313602708498,6.715313602708498,50-75%
15.0,21.49128506881675,6.491285068816751,6.491285068816751,50-75%
16.0,19.694490129707606,3.6944901297076065,3.6944901297076065,75-100%
16.0,19.82845750195949,3.828457501959491,3.828457501959491,75-100%
15.5,20.63358794395702,5.133587943957021,5.133587943957021,75-100%
15.5,21.091145869572877,5.591145869572877,5.591145869572877,75-100%
15.5,21.384766093297948,5.884766093297948,5.884766093297948,75-100%
15.5,21.266957018260655,5.766957018260655,5.766957018260655,75-100%
15.5,21.330579226624998,5.830579226624998,5.830579226624998,75-100%
15.0,21.769191326060813,6.769191326060813,6.769191326060813,50-75%
16.0,18.528381513330753,2.5283815133307534,2.5283815133307534,75-100%
16.0,18.528381513330753,2.5283815133307534,2.5283815133307534,75-100%
15.5,19.384159910668217,3.8841599106682168,3.8841599106682168,75-100%
15.5,20.63358794395702,5.133587943957021,5.133587943957021,75-100%
15.5,20.520808880325436,5.020808880325436,5.020808880325436,75-100%
15.0,22.025413659981666,7.025413659981666,7.025413659981666,50-75%
15.0,21.49128506881675,6.491285068816751,6.491285068816751,50-75%
16.0,19.308138236620067,3.308138236620067,3.308138236620067,75-100%
16.0,19.80191985151035,3.8019198515103483,3.8019198515103483,75-100%
34.0,15.161643782069886,-18.838356217930112,18.838356217930112,75-100%
34.0,15.385475202945907,-18.614524797054095,18.614524797054095,75-100%
34.0,12.174736990381353,-21.825263009618645,21.825263009618645,75-100%
34.0,15.161643782069886,-18.838356217930112,18.838356217930112,75-100%
34.0,15.385475202945907,-18.614524797054095,18.614524797054095,75-100%
34.0,15.385475202945907,-18.614524797054095,18.614524797054095,75-100%
34.0,15.329411426948402,-18.670588573051596,18.670588573051596,75-100%
34.0,12.148802680857195,-21.851197319142805,21.851197319142805,75-100%
34.0,12.234255894018698,-21.7657441059813,21.7657441059813,75-100%
34.0,15.161643782069886,-18.838356217930112,18.838356217930112,75-100%
34.0,15.489016288723231,-18.51098371127677,18.51098371127677,75-100%
34.0,14.988355100797895,-19.011644899202103,19.011644899202103,75-100%
34.0,14.864723120580717,-19.135276879419283,19.135276879419283,75-100%
34.0,15.415806386732742,-18.58419361326726,18.58419361326726,75-100%
15.0,24.81957804311345,9.819578043113449,9.819578043113449,50-75%
24.5,25.38890626452922,0.8889062645292185,0.8889062645292185,75-100%
24.5,25.465750310596327,0.9657503105963272,0.9657503105963272,75-100%
24.5,24.61368736872386,0.1136873687238591,0.1136873687238591,75-100%
34.0,15.385475202945907,-18.614524797054095,18.614524797054095,75-100%
34.0,15.131782209856931,-18.86821779014307,18.86821779014307,75-100%
34.0,15.175205299075113,-18.824794700924887,18.824794700924887,75-100%
34.0,15.161643782069886,-18.838356217930112,18.838356217930112,75-100%
34.0,14.707011092566288,-19.29298890743371,19.29298890743371,75-100%
15.0,25.465750310596327,10.465750310596327,10.465750310596327,50-75%
15.0,25.465750310596327,10.465750310596327,10.465750310596327,50-75%
24.5,25.38890626452922,0.8889062645292185,0.8889062645292185,75-100%
24.5,24.700025984401286,0.20002598440128594,0.20002598440128594,75-100%
24.5,24.700025984401286,0.20002598440128594,0.20002598440128594,75-100%
24.5,24.61368736872386,0.1136873687238591,0.1136873687238591,75-100%
34.0,14.921436705374658,-19.07856329462534,19.07856329462534,75-100%
34.0,14.909289616834272,-19.090710383165728,19.090710383165728,75-100%
34.0,14.779879770808371,-19.22012022919163,19.22012022919163,75-100%
34.0,14.657859852476893,-19.342140147523107,19.342140147523107,75-100%
15.0,25.588531419774437,10.588531419774437,10.588531419774437,50-75%
15.0,25.49755734357841,10.49755734357841,10.49755734357841,50-75%
15.0,25.32646337093101,10.326463370931009,10.326463370931009,50-75%
15.0,24.683691851833423,9.683691851833423,9.683691851833423,50-75%
24.5,24.700025984401286,0.20002598440128594,0.20002598440128594,75-100%
24.5,24.835998595619508,0.3359985956195075,0.3359985956195075,75-100%
24.5,24.446891031047585,-0.053108968952415125,0.053108968952415125,75-100%
24.5,24.78014905650614,0.28014905650613997,0.28014905650613997,75-100%
34.0,14.979514018476474,-19.020485981523528,19.020485981523528,75-100%
34.0,14.921436705374658,-19.07856329462534,19.07856329462534,75-100%
15.0,25.6377495000026,10.637749500002599,10.637749500002599,50-75%
15.0,25.6377495000026,10.637749500002599,10.637749500002599,50-75%
15.0,25.465750310596327,10.465750310596327,10.465750310596327,50-75%
15.0,25.255939342698976,10.255939342698976,10.255939342698976,50-75%
15.0,24.378723224525093,9.378723224525093,9.378723224525093,50-75%
15.0,24.378723224525093,9.378723224525093,9.378723224525093,50-75%
24.5,24.378723224525093,-0.12127677547490734,0.12127677547490734,75-100%
24.5,28.762174863859432,4.262174863859432,4.262174863859432,75-100%
34.0,17.71696999771645,-16.28303000228355,16.28303000228355,75-100%
15.0,24.536093623631498,9.536093623631498,9.536093623631498,50-75%
15.0,24.401699386169863,9.401699386169863,9.401699386169863,50-75%
15.0,24.28439885623825,9.284398856238251,9.284398856238251,50-75%
15.0,24.41817248501405,9.41817248501405,9.41817248501405,50-75%
15.0,28.67938592961427,13.67938592961427,13.67938592961427,50-75%
15.0,28.35817921823399,13.358179218233989,13.358179218233989,50-75%
15.0,24.401699386169863,9.401699386169863,9.401699386169863,50-75%
15.0,24.5833635342873,9.583363534287301,9.583363534287301,50-75%
15.0,24.5833635342873,9.583363534287301,9.583363534287301,50-75%
15.0,24.41817248501405,9.41817248501405,9.41817248501405,50-75%
15.0,24.41817248501405,9.41817248501405,9.41817248501405,50-75%
15.0,29.072349993324295,14.072349993324295,14.072349993324295,50-75%
21.0,30.039118486818726,9.039118486818726,9.039118486818726,75-100%
21.0,29.83699174052982,8.836991740529822,8.836991740529822,75-100%
21.0,29.83699174052982,8.836991740529822,8.836991740529822,75-100%
21.0,25.31493771267268,4.3149377126726804,4.3149377126726804,75-100%
21.0,25.180454182604617,4.180454182604617,4.180454182604617,75-100%
21.0,29.626966533054013,8.626966533054013,8.626966533054013,75-100%
21.0,29.472449747417322,8.472449747417322,8.472449747417322,75-100%
21.0,29.472449747417322,8.472449747417322,8.472449747417322,75-100%
21.0,29.626966533054013,8.626966533054013,8.626966533054013,75-100%
21.0,29.626966533054013,8.626966533054013,8.626966533054013,75-100%
21.0,25.032570772216808,4.032570772216808,4.032570772216808,75-100%
21.0,25.31493771267268,4.3149377126726804,4.3149377126726804,75-100%
21.0,29.626966533054013,8.626966533054013,8.626966533054013,75-100%
21.0,29.566773152618445,8.566773152618445,8.566773152618445,75-100%
21.0,29.83699174052982,8.836991740529822,8.836991740529822,75-100%
21.0,29.83699174052982,8.836991740529822,8.836991740529822,75-100%
21.0,25.464559946814553,4.464559946814553,4.464559946814553,75-100%
21.0,25.464559946814553,4.464559946814553,4.464559946814553,75-100%
21.0,25.284314586295796,4.284314586295796,4.284314586295796,75-100%
21.0,24.89163525456282,3.8916352545628214,3.8916352545628214,75-100%
21.0,28.449124256079983,7.449124256079983,7.449124256079983,75-100%
21.0,29.472449747417322,8.472449747417322,8.472449747417322,75-100%
21.0,29.82771663040832,8.827716630408322,8.827716630408322,75-100%
21.0,25.284314586295796,4.284314586295796,4.284314586295796,75-100%
21.0,25.284314586295796,4.284314586295796,4.284314586295796,75-100%
21.0,25.284314586295796,4.284314586295796,4.284314586295796,75-100%
21.0,25.464559946814553,4.464559946814553,4.464559946814553,75-100%
21.0,28.449124256079983,7.449124256079983,7.449124256079983,75-100%
21.0,29.82771663040832,8.827716630408322,8.827716630408322,75-100%
21.0,29.82771663040832,8.827716630408322,8.827716630408322,75-100%
21.0,25.284314586295796,4.284314586295796,4.284314586295796,75-100%
21.0,25.121825212765103,4.121825212765103,4.121825212765103,75-100%
21.0,25.284314586295796,4.284314586295796,4.284314586295796,75-100%
21.0,25.284314586295796,4.284314586295796,4.284314586295796,75-100%
21.0,25.11315112403387,4.11315112403387,4.11315112403387,75-100%
21.0,25.11315112403387,4.11315112403387,4.11315112403387,75-100%
21.0,25.284314586295796,4.284314586295796,4.284314586295796,75-100%
35.0,27.0768390330208,-7.9231609669792,7.9231609669792,75-100%
35.0,27.0768390330208,-7.9231609669792,7.9231609669792,75-100%
35.0,25.996781592394136,-9.003218407605864,9.003218407605864,75-100%
35.0,25.524655218894175,-9.475344781105825,9.475344781105825,75-100%
35.0,26.023046943806467,-8.976953056193533,8.976953056193533,75-100%
35.0,26.749236212788112,-8.250763787211888,8.250763787211888,75-100%
35.0,26.44923760189042,-8.55076239810958,8.55076239810958,75-100%
35.0,27.97229397725011,-7.027706022749889,7.027706022749889,75-100%
35.0,25.996781592394136,-9.003218407605864,9.003218407605864,75-100%
35.0,25.856043414476353,-9.143956585523647,9.143956585523647,75-100%
35.0,26.811882244950446,-8.188117755049554,8.188117755049554,75-100%
35.0,26.811882244950446,-8.188117755049554,8.188117755049554,75-100%
35.0,26.44923760189042,-8.55076239810958,8.55076239810958,75-100%
35.0,26.811882244950446,-8.188117755049554,8.188117755049554,75-100%
35.0,26.44923760189042,-8.55076239810958,8.55076239810958,75-100%
35.0,26.622691458422363,-8.377308541577637,8.377308541577637,75-100%
35.0,26.753683982904416,-8.246316017095584,8.246316017095584,75-100%
35.0,26.44923760189042,-8.55076239810958,8.55076239810958,75-100%
35.0,26.44923760189042,-8.55076239810958,8.55076239810958,75-100%
35.0,26.863364872178597,-8.136635127821403,8.136635127821403,75-100%
35.0,26.863364872178597,-8.136635127821403,8.136635127821403,75-100%
35.0,27.24925981169248,-7.750740188307521,7.750740188307521,75-100%
35.0,27.190146307232503,-7.809853692767497,7.809853692767497,75-100%
35.0,26.500048936941706,-8.499951063058294,8.499951063058294,75-100%
35.0,26.500048936941706,-8.499951063058294,8.499951063058294,75-100%
35.0,26.37637195987495,-8.623628040125048,8.623628040125048,75-100%
35.0,26.863364872178597,-8.136635127821403,8.136635127821403,75-100%
29.0,27.24925981169248,-1.750740188307521,1.750740188307521,75-100%
29.0,27.24925981169248,-1.750740188307521,1.750740188307521,75-100%
23.0,27.24232913977365,4.2423291397736484,4.2423291397736484,75-100%
23.0,26.863364872178597,3.8633648721785967,3.8633648721785967,75-100%
23.0,26.863364872178597,3.8633648721785967,3.8633648721785967,75-100%
35.0,26.320968612325842,-8.679031387674158,8.679031387674158,75-100%
29.5,26.863364872178597,-2.6366351278214033,2.6366351278214033,75-100%
29.0,27.4277690704769,-1.5722309295231014,1.5722309295231014,75-100%
23.0,26.652459439849952,3.6524594398499524,3.6524594398499524,75-100%
23.0,26.438633295955185,3.438633295955185,3.438633295955185,75-100%
23.0,27.301552069352265,4.301552069352265,4.301552069352265,75-100%
23.0,26.500048936941706,3.500048936941706,3.500048936941706,75-100%
23.0,26.213422802730392,3.213422802730392,3.213422802730392,75-100%
24.0,25.574373584306162,1.5743735843061621,1.5743735843061621,75-100%
24.0,25.63599829066385,1.6359982906638493,1.6359982906638493,75-100%
24.0,25.754485863780836,1.754485863780836,1.754485863780836,75-100%
23.5,27.24925981169248,3.749259811692479,3.749259811692479,75-100%
23.5,26.811882244950446,3.3118822449504464,3.3118822449504464,75-100%
23.5,26.44801906234705,2.9480190623470506,2.9480190623470506,75-100%
23.0,26.863364872178597,3.8633648721785967,3.8633648721785967,75-100%
23.0,26.165864431969432,3.165864431969432,3.165864431969432,75-100%
23.0,26.14455789658149,3.144557896581489,3.144557896581489,75-100%
23.0,26.042892513942874,3.042892513942874,3.042892513942874,75-100%
23.0,26.81628975445265,3.816289754452651,3.816289754452651,75-100%
24.0,25.63599829066385,1.6359982906638493,1.6359982906638493,75-100%
24.0,25.574373584306162,1.5743735843061621,1.5743735843061621,75-100%
24.0,25.574373584306162,1.5743735843061621,1.5743735843061621,75-100%
24.0,25.574373584306162,1.5743735843061621,1.5743735843061621,75-100%
23.5,26.26530774621738,2.765307746217381,2.765307746217381,75-100%
23.5,26.44923760189042,2.9492376018904203,2.9492376018904203,75-100%
23.5,25.996781592394136,2.496781592394136,2.496781592394136,75-100%
23.5,26.291893542332645,2.7918935423326445,2.7918935423326445,75-100%
23.0,25.904504982900736,2.904504982900736,2.904504982900736,75-100%
23.0,26.14455789658149,3.144557896581489,3.144557896581489,75-100%
23.0,26.565217961805143,3.5652179618051427,3.5652179618051427,75-100%
23.0,26.926218057969255,3.9262180579692547,3.9262180579692547,75-100%
24.0,25.5802606460584,1.5802606460583988,1.5802606460583988,75-100%
24.0,25.574373584306162,1.5743735843061621,1.5743735843061621,75-100%
24.0,25.574373584306162,1.5743735843061621,1.5743735843061621,75-100%
24.0,25.63009888400047,1.6300988840004713,1.6300988840004713,75-100%
23.5,26.087756056286207,2.5877560562862065,2.5877560562862065,75-100%
23.5,26.44250320737853,2.942503207378529,2.942503207378529,75-100%
23.5,26.549365372776382,3.049365372776382,3.049365372776382,75-100%
23.5,26.44923760189042,2.9492376018904203,2.9492376018904203,75-100%
23.0,26.165864431969432,3.165864431969432,3.165864431969432,75-100%
23.0,30.111467818004062,7.111467818004062,7.111467818004062,75-100%
23.0,26.507535861608982,3.5075358616089822,3.5075358616089822,75-100%
24.0,25.63599829066385,1.6359982906638493,1.6359982906638493,75-100%
24.0,25.50905673895528,1.5090567389552803,1.5090567389552803,75-100%
24.0,25.50905673895528,1.5090567389552803,1.5090567389552803,75-100%
24.0,25.50905673895528,1.5090567389552803,1.5090567389552803,75-100%
24.0,25.50905673895528,1.5090567389552803,1.5090567389552803,75-100%
23.5,32.18711861285533,8.687118612855329,8.687118612855329,75-100%
23.5,32.525469234292984,9.025469234292984,9.025469234292984,75-100%
23.5,32.21453100607789,8.714531006077891,8.714531006077891,75-100%
23.0,32.356329148628475,9.356329148628475,9.356329148628475,75-100%
23.0,32.356329148628475,9.356329148628475,9.356329148628475,75-100%
24.0,25.2561715420279,1.2561715420279,1.2561715420279,75-100%
24.0,25.311229585949913,1.3112295859499135,1.3112295859499135,75-100%
24.0,29.404829604981945,5.404829604981945,5.404829604981945,75-100%
24.0,30.5556091896426,6.555609189642599,6.555609189642599,75-100%
24.0,29.968858820689952,5.968858820689952,5.968858820689952,75-100%
24.0,25.311229585949913,1.3112295859499135,1.3112295859499135,75-100%
24.0,25.311229585949913,1.3112295859499135,1.3112295859499135,75-100%
24.0,31.47436166149575,7.474361661495749,7.474361661495749,75-100%
24.0,30.205440473753033,6.205440473753033,6.205440473753033,75-100%
21.0,27.979973809818812,6.979973809818812,6.979973809818812,75-100%
21.0,28.181117286027572,7.181117286027572,7.181117286027572,75-100%
21.0,27.96728120087853,6.967281200878531,6.967281200878531,75-100%
21.0,27.991089843959447,6.991089843959447,6.991089843959447,75-100%
21.0,27.722081794381122,6.722081794381122,6.722081794381122,75-100%
21.0,27.934111569655464,6.934111569655464,6.934111569655464,75-100%
21.0,27.844826255955766,6.844826255955766,6.844826255955766,75-100%
21.0,27.542636322701902,6.542636322701902,6.542636322701902,75-100%
21.0,28.033894986376772,7.033894986376772,7.033894986376772,75-100%
21.0,28.033894986376772,7.033894986376772,7.033894986376772,75-100%
21.0,27.991089843959447,6.991089843959447,6.991089843959447,75-100%
21.0,27.844826255955766,6.844826255955766,6.844826255955766,75-100%
21.0,28.181117286027572,7.181117286027572,7.181117286027572,75-100%
21.0,28.181117286027572,7.181117286027572,7.181117286027572,75-100%
21.0,28.181117286027572,7.181117286027572,7.181117286027572,75-100%
21.0,28.181117286027572,7.181117286027572,7.181117286027572,75-100%
21.0,28.181117286027572,7.181117286027572,7.181117286027572,75-100%
21.0,28.12376553712234,7.123765537122338,7.123765537122338,75-100%
21.0,28.03743913458655,7.037439134586549,7.037439134586549,75-100%
33.5,27.542636322701902,-5.957363677298098,5.957363677298098,75-100%
33.5,24.839036022466306,-8.660963977533694,8.660963977533694,75-100%
21.0,28.181117286027572,7.181117286027572,7.181117286027572,75-100%
21.0,28.03743913458655,7.037439134586549,7.037439134586549,75-100%
21.0,28.03743913458655,7.037439134586549,7.037439134586549,75-100%
21.0,28.181117286027572,7.181117286027572,7.181117286027572,75-100%
33.5,28.181117286027572,-5.318882713972428,5.318882713972428,75-100%
33.5,27.542636322701902,-5.957363677298098,5.957363677298098,75-100%
33.5,27.356766668804827,-6.143233331195173,6.143233331195173,75-100%
28.33333333333333,24.650407859066952,-3.6829254742663764,3.6829254742663764,75-100%
32.0,24.81853818530504,-7.181461814694959,7.181461814694959,75-100%
32.0,24.81853818530504,-7.181461814694959,7.181461814694959,75-100%
18.0,24.898456027786988,6.898456027786988,6.898456027786988,75-100%
21.0,28.11416572171274,7.114165721712741,7.114165721712741,75-100%
21.0,28.181117286027572,7.181117286027572,7.181117286027572,75-100%
33.5,28.033894986376772,-5.466105013623228,5.466105013623228,75-100%
33.5,28.494090157384953,-5.005909842615047,5.005909842615047,75-100%
28.33333333333333,25.071219902881293,-3.262113430452036,3.262113430452036,75-100%
32.0,25.441351569559973,-6.5586484304400265,6.5586484304400265,75-100%
32.0,28.451005028764058,-3.548994971235942,3.548994971235942,75-100%
32.0,28.505802622867726,-3.4941973771322736,3.4941973771322736,75-100%
32.0,28.655417826656933,-3.344582173343067,3.344582173343067,75-100%
18.0,25.27588225150433,7.275882251504331,7.275882251504331,75-100%
21.0,27.472188008078575,6.472188008078575,6.472188008078575,75-100%
33.5,26.212323539868027,-7.287676460131973,7.287676460131973,75-100%
28.33333333333333,25.96511361753729,-2.3682197157960374,2.3682197157960374,75-100%
32.0,25.441667481715207,-6.558332518284793,6.558332518284793,75-100%
32.0,24.90144411324378,-7.09855588675622,7.09855588675622,75-100%
32.0,25.523197247831124,-6.476802752168876,6.476802752168876,75-100%
35.0,28.505802622867726,-6.494197377132274,6.494197377132274,75-100%
35.0,28.655417826656933,-6.344582173343067,6.344582173343067,75-100%
29.5,28.655417826656933,-0.844582173343067,0.844582173343067,75-100%
18.0,25.146151276622255,7.1461512766222555,7.1461512766222555,75-100%
46.0,26.212323539868027,-19.787676460131973,19.787676460131973,75-100%
46.0,25.96511361753729,-20.03488638246271,20.03488638246271,75-100%
32.0,26.57988462926481,-5.420115370735189,5.420115370735189,75-100%
35.0,25.441667481715207,-9.558332518284793,9.558332518284793,75-100%
35.0,25.791000647353226,-9.208999352646774,9.208999352646774,75-100%
35.0,28.655417826656933,-6.344582173343067,6.344582173343067,75-100%
35.0,28.655417826656933,-6.344582173343067,6.344582173343067,75-100%
29.5,28.59713390078105,-0.9028660992189508,0.9028660992189508,75-100%
29.5,25.27588225150433,-4.224117748495669,4.224117748495669,75-100%
41.0,25.04308683957774,-15.95691316042226,15.95691316042226,75-100%
46.0,26.57988462926481,-19.42011537073519,19.42011537073519,75-100%
32.0,25.997225631760514,-6.002774368239486,6.002774368239486,75-100%
32.0,26.57988462926481,-5.420115370735189,5.420115370735189,75-100%
35.0,25.61466628213655,-9.38533371786345,9.38533371786345,75-100%
35.0,25.69704843299186,-9.30295156700814,9.30295156700814,75-100%
29.5,28.655417826656933,-0.844582173343067,0.844582173343067,75-100%
29.5,28.823666836672516,-0.6763331633274845,0.6763331633274845,75-100%
29.5,24.56044203047903,-4.939557969520969,4.939557969520969,75-100%
41.0,24.561410935883465,-16.438589064116535,16.438589064116535,75-100%
46.0,26.38917466011927,-19.61082533988073,19.61082533988073,75-100%
35.0,25.441667481715207,-9.558332518284793,9.558332518284793,75-100%
35.0,25.61466628213655,-9.38533371786345,9.38533371786345,75-100%
29.5,25.177029433290066,-4.322970566709934,4.322970566709934,75-100%
29.5,28.313660829815984,-1.1863391701840165,1.1863391701840165,75-100%
29.5,28.33705715255015,-1.1629428474498518,1.1629428474498518,75-100%
41.0,27.325859210450975,-13.674140789549025,13.674140789549025,75-100%
41.0,24.140753990050136,-16.859246009949864,16.859246009949864,75-100%
41.0,24.994049669121782,-16.005950330878218,16.005950330878218,75-100%
41.0,24.618214737933233,-16.381785262066767,16.381785262066767,75-100%
41.0,24.573567460817607,-16.426432539182393,16.426432539182393,75-100%
41.0,28.23074428377244,-12.769255716227558,12.769255716227558,75-100%
41.0,28.028254518135334,-12.971745481864666,12.971745481864666,75-100%
41.0,24.052276397293703,-16.947723602706297,16.947723602706297,75-100%
41.0,25.430485679687717,-15.569514320312283,15.569514320312283,75-100%
41.0,24.971012307379215,-16.028987692620785,16.028987692620785,75-100%
41.0,24.697624137217367,-16.302375862782633,16.302375862782633,75-100%
41.0,24.824776412063176,-16.175223587936824,16.175223587936824,75-100%
41.0,28.23074428377244,-12.769255716227558,12.769255716227558,75-100%
41.0,27.913328397391286,-13.086671602608714,13.086671602608714,75-100%
41.0,25.03126691139981,-15.968733088600189,15.968733088600189,75-100%
20.0,25.3406433799282,5.340643379928199,5.340643379928199,75-100%
20.0,25.01164698707081,5.011646987070812,5.011646987070812,75-100%
20.0,24.986364677109627,4.986364677109627,4.986364677109627,75-100%
20.0,24.01716578114168,4.017165781141681,4.017165781141681,75-100%
20.0,24.91738231871745,4.917382318717451,4.917382318717451,75-100%
20.0,24.986364677109627,4.986364677109627,4.986364677109627,75-100%
20.0,25.436727283735884,5.436727283735884,5.436727283735884,75-100%
20.0,24.01716578114168,4.017165781141681,4.017165781141681,75-100%
20.0,24.41059284227216,4.410592842272159,4.410592842272159,75-100%
20.0,24.41059284227216,4.410592842272159,4.410592842272159,75-100%
20.0,24.01716578114168,4.017165781141681,4.017165781141681,75-100%
20.0,24.0170571057514,4.017057105751402,4.017057105751402,75-100%
20.0,23.651180008109513,3.651180008109513,3.651180008109513,75-100%
20.0,24.94259751527557,4.942597515275569,4.942597515275569,75-100%
20.0,25.247943028982714,5.247943028982714,5.247943028982714,75-100%
20.0,24.01716578114168,4.017165781141681,4.017165781141681,75-100%
20.0,23.255455464276736,3.2554554642767357,3.2554554642767357,75-100%
20.0,24.01716578114168,4.017165781141681,4.017165781141681,75-100%
20.0,24.986364677109627,4.986364677109627,4.986364677109627,75-100%
20.0,25.161460719984028,5.161460719984028,5.161460719984028,75-100%
20.0,25.158502542365394,5.158502542365394,5.158502542365394,75-100%
20.0,24.01716578114168,4.017165781141681,4.017165781141681,75-100%
20.0,24.01716578114168,4.017165781141681,4.017165781141681,75-100%
20.0,24.01716578114168,4.017165781141681,4.017165781141681,75-100%
20.0,24.41059284227216,4.410592842272159,4.410592842272159,75-100%
20.0,25.999730252839168,5.999730252839168,5.999730252839168,75-100%
20.0,24.84816189821425,4.848161898214251,4.848161898214251,75-100%
29.5,24.986364677109627,-4.513635322890373,4.513635322890373,75-100%
29.5,24.01716578114168,-5.482834218858319,5.482834218858319,75-100%
29.5,24.41059284227216,-5.089407157727841,5.089407157727841,75-100%
29.5,24.01716578114168,-5.482834218858319,5.482834218858319,75-100%
20.0,24.01716578114168,4.017165781141681,4.017165781141681,75-100%
39.0,25.3406433799282,-13.6593566200718,13.6593566200718,75-100%
39.0,25.3406433799282,-13.6593566200718,13.6593566200718,75-100%
39.0,24.682552923625305,-14.317447076374695,14.317447076374695,75-100%
39.0,24.986364677109627,-14.013635322890373,14.013635322890373,75-100%
29.5,24.01716578114168,-5.482834218858319,5.482834218858319,75-100%
39.0,24.850893950614072,-14.149106049385928,14.149106049385928,75-100%
39.0,25.161460719984028,-13.838539280015972,13.838539280015972,75-100%
39.0,25.285523785634492,-13.714476214365508,13.714476214365508,75-100%
39.0,24.997182511931037,-14.002817488068963,14.002817488068963,75-100%
39.0,24.986364677109627,-14.013635322890373,14.013635322890373,75-100%
39.0,24.986364677109627,-14.013635322890373,14.013635322890373,75-100%
39.0,24.42317129406304,-14.576828705936961,14.576828705936961,75-100%
39.0,25.754883826024738,-13.245116173975262,13.245116173975262,75-100%
39.0,25.69889740532138,-13.301102594678621,13.301102594678621,75-100%
39.0,24.817416644837433,-14.182583355162567,14.182583355162567,75-100%
39.0,25.012255441597773,-13.987744558402227,13.987744558402227,75-100%
39.0,24.01716578114168,-14.982834218858319,14.982834218858319,75-100%
39.0,24.55640055459102,-14.443599445408982,14.443599445408982,75-100%
39.0,25.754883826024738,-13.245116173975262,13.245116173975262,75-100%
39.0,25.514279305251954,-13.485720694748046,13.485720694748046,75-100%
39.0,25.158502542365394,-13.841497457634606,13.841497457634606,75-100%
39.0,25.158502542365394,-13.841497457634606,13.841497457634606,75-100%
39.0,24.850893950614072,-14.149106049385928,14.149106049385928,75-100%
39.0,24.792022102376457,-14.207977897623543,14.207977897623543,75-100%
39.0,25.569878589870136,-13.430121410129864,13.430121410129864,75-100%
39.0,24.817416644837433,-14.182583355162567,14.182583355162567,75-100%
39.0,24.773842233352397,-14.226157766647603,14.226157766647603,75-100%
27.0,17.144225296688422,-9.855774703311578,9.855774703311578,75-100%
27.0,17.144225296688422,-9.855774703311578,9.855774703311578,75-100%
27.0,17.49661310353528,-9.503386896464718,9.503386896464718,75-100%
27.0,17.372105955429298,-9.627894044570702,9.627894044570702,75-100%
27.0,17.372105955429298,-9.627894044570702,9.627894044570702,75-100%
27.0,16.999468136404044,-10.000531863595956,10.000531863595956,75-100%
27.0,16.966117924947913,-10.033882075052087,10.033882075052087,75-100%
27.0,16.60922576525438,-10.39077423474562,10.39077423474562,75-100%
27.0,17.349044544174674,-9.650955455825326,9.650955455825326,75-100%
27.0,16.859430317103183,-10.140569682896817,10.140569682896817,75-100%
27.0,17.315046622073382,-9.684953377926618,9.684953377926618,75-100%
27.0,17.372105955429298,-9.627894044570702,9.627894044570702,75-100%
27.0,14.69300670045441,-12.30699329954559,12.30699329954559,75-100%
27.0,14.69300670045441,-12.30699329954559,12.30699329954559,75-100%
27.0,14.863879144957997,-12.136120855042003,12.136120855042003,75-100%
27.0,14.863879144957997,-12.136120855042003,12.136120855042003,75-100%
27.0,14.823100651951531,-12.176899348048469,12.176899348048469,75-100%
27.0,16.859430317103183,-10.140569682896817,10.140569682896817,75-100%
27.0,17.349044544174674,-9.650955455825326,9.650955455825326,75-100%
4.0,11.620937143415475,7.620937143415475,7.620937143415475,0-25%
4.0,11.620937143415475,7.620937143415475,7.620937143415475,0-25%
4.0,11.620937143415475,7.620937143415475,7.620937143415475,0-25%
4.0,12.119265281501477,8.119265281501477,8.119265281501477,0-25%
4.0,9.94607070571005,5.946070705710049,5.946070705710049,0-25%
27.0,14.17417681250929,-12.82582318749071,12.82582318749071,75-100%
27.0,14.652667439285223,-12.347332560714777,12.347332560714777,75-100%
27.0,14.378931930394597,-12.621068069605403,12.621068069605403,75-100%
27.0,14.823100651951531,-12.176899348048469,12.176899348048469,75-100%
27.0,16.907401138160157,-10.092598861839843,10.092598861839843,75-100%
4.0,12.314549375077297,8.314549375077297,8.314549375077297,0-25%
4.0,11.832730661556088,7.832730661556088,7.832730661556088,0-25%
4.0,11.832730661556088,7.832730661556088,7.832730661556088,0-25%
4.0,11.620937143415475,7.620937143415475,7.620937143415475,0-25%
4.0,11.832730661556088,7.832730661556088,7.832730661556088,0-25%
4.0,9.94607070571005,5.946070705710049,5.946070705710049,0-25%
4.0,10.80585086764316,6.80585086764316,6.80585086764316,0-25%
27.0,17.09883071298131,-9.90116928701869,9.90116928701869,75-100%
27.0,17.15077096419404,-9.849229035805958,9.849229035805958,75-100%
27.0,17.15077096419404,-9.849229035805958,9.849229035805958,75-100%
27.0,17.49661310353528,-9.503386896464718,9.503386896464718,75-100%
27.0,16.907401138160157,-10.092598861839843,10.092598861839843,75-100%
4.0,10.768852824827135,6.768852824827135,6.768852824827135,0-25%
4.0,11.957165861694827,7.957165861694827,7.957165861694827,0-25%
4.0,9.967473705121058,5.9674737051210585,5.9674737051210585,0-25%
4.0,10.772288281482153,6.772288281482153,6.772288281482153,0-25%
4.0,10.894701377595483,6.894701377595483,6.894701377595483,0-25%
4.0,9.958889197188471,5.958889197188471,5.958889197188471,0-25%
27.0,17.49661310353528,-9.503386896464718,9.503386896464718,75-100%
27.0,17.49661310353528,-9.503386896464718,9.503386896464718,75-100%
27.0,17.49661310353528,-9.503386896464718,9.503386896464718,75-100%
27.0,17.49661310353528,-9.503386896464718,9.503386896464718,75-100%
27.0,17.13484400504168,-9.865155994958322,9.865155994958322,75-100%
4.0,10.782061040599391,6.782061040599391,6.782061040599391,0-25%
4.0,10.653681431917581,6.653681431917581,6.653681431917581,0-25%
4.0,10.65028058779336,6.650280587793359,6.650280587793359,0-25%
4.0,10.768852824827135,6.768852824827135,6.768852824827135,0-25%
4.0,9.665309645663813,5.665309645663813,5.665309645663813,0-25%
4.0,11.813156989901469,7.813156989901469,7.813156989901469,0-25%
4.0,10.772288281482153,6.772288281482153,6.772288281482153,0-25%
4.0,10.653681431917581,6.653681431917581,6.653681431917581,0-25%
4.0,10.891230197648984,6.891230197648984,6.891230197648984,0-25%
4.0,10.372083489534674,6.372083489534674,6.372083489534674,0-25%
4.0,9.665309645663813,5.665309645663813,5.665309645663813,0-25%
4.0,10.65028058779336,6.650280587793359,6.650280587793359,0-25%
4.0,10.46370602190579,6.463706021905789,6.463706021905789,0-25%
4.0,10.543323503452994,6.543323503452994,6.543323503452994,0-25%
4.0,10.80262722616284,6.802627226162841,6.802627226162841,0-25%
4.0,9.917933560712767,5.9179335607127665,5.9179335607127665,0-25%
19.0,20.263660424677347,1.2636604246773473,1.2636604246773473,75-100%
19.0,20.58653843722402,1.5865384372240214,1.5865384372240214,75-100%
19.0,20.58653843722402,1.5865384372240214,1.5865384372240214,75-100%
19.0,20.673196956195362,1.673196956195362,1.673196956195362,75-100%
19.0,24.704748144150074,5.704748144150074,5.704748144150074,75-100%
19.0,24.352095489551306,5.352095489551306,5.352095489551306,75-100%
19.0,24.352095489551306,5.352095489551306,5.352095489551306,75-100%
19.0,24.704748144150074,5.704748144150074,5.704748144150074,75-100%
19.0,20.58653843722402,1.5865384372240214,1.5865384372240214,75-100%
19.0,20.58653843722402,1.5865384372240214,1.5865384372240214,75-100%
19.0,24.4450161595647,5.445016159564702,5.445016159564702,75-100%
19.0,24.397870507093458,5.397870507093458,5.397870507093458,75-100%
19.0,26.692710810785552,7.692710810785552,7.692710810785552,75-100%
19.0,24.786685692179717,5.7866856921797165,5.7866856921797165,75-100%
19.0,24.098610182116147,5.098610182116147,5.098610182116147,75-100%
19.0,24.273357990904238,5.273357990904238,5.273357990904238,75-100%
19.0,24.352095489551306,5.352095489551306,5.352095489551306,75-100%
19.0,23.74596295968998,4.7459629596899795,4.7459629596899795,75-100%
19.0,23.74596295968998,4.7459629596899795,4.7459629596899795,75-100%
19.0,26.163999455292203,7.163999455292203,7.163999455292203,75-100%
19.0,19.3708309338954,0.37083093389540167,0.37083093389540167,75-100%
19.0,19.84805481796036,0.8480548179603602,0.8480548179603602,75-100%
19.0,22.192506694175012,3.1925066941750124,3.1925066941750124,75-100%
19.0,19.95114612885369,0.95114612885369,0.95114612885369,75-100%
19.0,19.95114612885369,0.95114612885369,0.95114612885369,75-100%
28.0,19.897290690465255,-8.102709309534745,8.102709309534745,75-100%
31.0,22.69530341679022,-8.304696583209779,8.304696583209779,75-100%
28.0,22.012933465531347,-5.987066534468653,5.987066534468653,75-100%
28.0,22.362373311344363,-5.6376266886556365,5.6376266886556365,75-100%
28.0,22.04185653678698,-5.95814346321302,5.95814346321302,75-100%
37.0,22.362373311344363,-14.637626688655637,14.637626688655637,75-100%
19.0,26.163999455292203,7.163999455292203,7.163999455292203,75-100%
19.0,25.79132680883376,6.791326808833759,6.791326808833759,75-100%
19.0,25.79132680883376,6.791326808833759,6.791326808833759,75-100%
19.0,19.967169835585032,0.9671698355850324,0.9671698355850324,75-100%
19.0,19.84805481796036,0.8480548179603602,0.8480548179603602,75-100%
19.0,19.939847516697505,0.9398475166975047,0.9398475166975047,75-100%
19.0,19.794464378331803,0.7944643783318028,0.7944643783318028,75-100%
28.0,20.097624697435872,-7.902375302564128,7.902375302564128,75-100%
28.0,19.897290690465255,-8.102709309534745,8.102709309534745,75-100%
28.0,21.872742479582246,-6.1272575204177535,6.1272575204177535,75-100%
28.0,22.012933465531347,-5.987066534468653,5.987066534468653,75-100%
28.0,22.04185653678698,-5.95814346321302,5.95814346321302,75-100%
37.0,22.362373311344363,-14.637626688655637,14.637626688655637,75-100%
19.0,26.163999455292203,7.163999455292203,7.163999455292203,75-100%
19.0,25.858828810453357,6.858828810453357,6.858828810453357,75-100%
19.0,26.163999455292203,7.163999455292203,7.163999455292203,75-100%
19.0,19.967169835585032,0.9671698355850324,0.9671698355850324,75-100%
19.0,19.84805481796036,0.8480548179603602,0.8480548179603602,75-100%
19.0,23.11960697729675,4.119606977296751,4.119606977296751,75-100%
28.0,24.688773435927516,-3.3112265640724843,3.3112265640724843,75-100%
28.0,24.688773435927516,-3.3112265640724843,3.3112265640724843,75-100%
26.2,24.201797044982776,-1.9982029550172236,1.9982029550172236,75-100%
28.0,21.872742479582246,-6.1272575204177535,6.1272575204177535,75-100%
28.0,22.281042090467736,-5.718957909532264,5.718957909532264,75-100%
31.0,23.82484424330259,-7.175155756697411,7.175155756697411,75-100%
37.0,22.79272092343741,-14.207279076562589,14.207279076562589,75-100%
37.0,22.099911572596252,-14.900088427403748,14.900088427403748,75-100%
19.0,25.79132680883376,6.791326808833759,6.791326808833759,75-100%
19.0,26.163999455292203,7.163999455292203,7.163999455292203,75-100%
19.0,20.17498056968926,1.1749805696892608,1.1749805696892608,75-100%
19.0,24.496661655218862,5.496661655218862,5.496661655218862,75-100%
19.0,23.6497160807412,4.6497160807412,4.6497160807412,75-100%
19.0,23.6497160807412,4.6497160807412,4.6497160807412,75-100%
31.0,23.6497160807412,-7.3502839192588,7.3502839192588,75-100%
31.0,23.6497160807412,-7.3502839192588,7.3502839192588,75-100%
31.0,23.29980011104182,-7.700199888958181,7.700199888958181,75-100%
31.0,24.201797044982776,-6.798202955017224,6.798202955017224,75-100%
31.0,23.856044556814744,-7.143955443185256,7.143955443185256,75-100%
37.0,22.79272092343741,-14.207279076562589,14.207279076562589,75-100%
37.0,22.337213908898534,-14.662786091101466,14.662786091101466,75-100%
37.0,22.52542449683328,-14.474575503166719,14.474575503166719,75-100%
19.0,26.66437508685551,7.664375086855511,7.664375086855511,75-100%
19.0,26.163999455292203,7.163999455292203,7.163999455292203,75-100%
19.0,24.496661655218862,5.496661655218862,5.496661655218862,75-100%
19.0,23.977233099517036,4.977233099517036,4.977233099517036,75-100%
19.0,24.476995916364768,5.476995916364768,5.476995916364768,75-100%
19.0,23.6497160807412,4.6497160807412,4.6497160807412,75-100%
37.0,24.098610182116147,-12.901389817883853,12.901389817883853,75-100%
37.0,24.81909486543173,-12.18090513456827,12.18090513456827,75-100%
55.0,19.95864274593683,-35.04135725406317,35.04135725406317,75-100%
55.0,20.50252860476785,-34.497471395232154,34.497471395232154,75-100%
37.0,22.466300055715845,-14.533699944284155,14.533699944284155,75-100%
37.0,22.79272092343741,-14.207279076562589,14.207279076562589,75-100%
37.0,22.466300055715845,-14.533699944284155,14.533699944284155,75-100%
19.0,24.201797044982776,5.201797044982776,5.201797044982776,75-100%
19.0,26.284837607729663,7.2848376077296635,7.2848376077296635,75-100%
19.0,24.496661655218862,5.496661655218862,5.496661655218862,75-100%
19.0,23.977233099517036,4.977233099517036,4.977233099517036,75-100%
55.0,20.80163302381607,-34.198366976183934,34.198366976183934,75-100%
55.0,20.80163302381607,-34.198366976183934,34.198366976183934,75-100%
55.0,20.80163302381607,-34.198366976183934,34.198366976183934,75-100%
55.0,20.556705231818135,-34.443294768181865,34.443294768181865,75-100%
40.0,17.424687037804183,-22.575312962195817,22.575312962195817,75-100%
40.0,17.339685050715666,-22.660314949284334,22.660314949284334,75-100%
40.0,18.26669257070902,-21.73330742929098,21.73330742929098,75-100%
40.0,17.512475552633685,-22.487524447366315,22.487524447366315,75-100%
40.0,18.24521333635151,-21.75478666364849,21.75478666364849,75-100%
40.0,18.40460915160967,-21.59539084839033,21.59539084839033,75-100%
40.0,18.317857516763844,-21.682142483236156,21.682142483236156,75-100%
40.0,18.40460915160967,-21.59539084839033,21.59539084839033,75-100%
40.0,18.493927829443802,-21.506072170556198,21.506072170556198,75-100%
40.0,18.287742447903764,-21.712257552096236,21.712257552096236,75-100%
19.0,14.07067239584653,-4.929327604153469,4.929327604153469,75-100%
19.0,17.599267905797316,-1.4007320942026844,1.4007320942026844,75-100%
19.0,14.07067239584653,-4.929327604153469,4.929327604153469,75-100%
19.0,17.538217177314888,-1.4617828226851124,1.4617828226851124,75-100%
19.0,17.62264380230124,-1.3773561976987594,1.3773561976987594,75-100%
19.0,14.440838330468384,-4.5591616695316155,4.5591616695316155,75-100%
19.0,14.07067239584653,-4.929327604153469,4.929327604153469,75-100%
19.0,17.62264380230124,-1.3773561976987594,1.3773561976987594,75-100%
19.0,17.62264380230124,-1.3773561976987594,1.3773561976987594,75-100%
19.0,17.538217177314888,-1.4617828226851124,1.4617828226851124,75-100%
19.0,17.538217177314888,-1.4617828226851124,1.4617828226851124,75-100%
19.0,17.538217177314888,-1.4617828226851124,1.4617828226851124,75-100%
19.0,13.147784119346916,-5.852215880653084,5.852215880653084,75-100%
19.0,12.94935706298778,-6.050642937012221,6.050642937012221,75-100%
19.0,12.991434579277314,-6.008565420722686,6.008565420722686,75-100%
19.0,12.699229582638583,-6.3007704173614165,6.3007704173614165,75-100%
19.0,14.092288112136973,-4.907711887863027,4.907711887863027,75-100%
19.0,17.62264380230124,-1.3773561976987594,1.3773561976987594,75-100%
19.0,17.538217177314888,-1.4617828226851124,1.4617828226851124,75-100%
19.0,17.538217177314888,-1.4617828226851124,1.4617828226851124,75-100%
19.0,10.074635846898339,-8.925364153101661,8.925364153101661,75-100%
19.0,9.76142179415035,-9.23857820584965,9.23857820584965,75-100%
19.0,9.76142179415035,-9.23857820584965,9.23857820584965,75-100%
19.0,9.768186306803125,-9.231813693196875,9.231813693196875,75-100%
19.0,12.699229582638583,-6.3007704173614165,6.3007704173614165,75-100%
19.0,14.120303680219031,-4.879696319780969,4.879696319780969,75-100%
19.0,17.538217177314888,-1.4617828226851124,1.4617828226851124,75-100%
19.0,17.62264380230124,-1.3773561976987594,1.3773561976987594,75-100%
19.0,10.262349309661984,-8.737650690338016,8.737650690338016,75-100%
19.0,9.768186306803125,-9.231813693196875,9.231813693196875,75-100%
19.0,12.736026013390232,-6.263973986609768,6.263973986609768,75-100%
19.0,14.120303680219031,-4.879696319780969,4.879696319780969,75-100%
19.0,17.62264380230124,-1.3773561976987594,1.3773561976987594,75-100%
19.0,12.777019208212481,-6.222980791787519,6.222980791787519,75-100%
19.0,12.777019208212481,-6.222980791787519,6.222980791787519,75-100%
19.0,12.945508724673495,-6.054491275326505,6.054491275326505,75-100%
19.0,12.736026013390232,-6.263973986609768,6.263973986609768,75-100%
19.0,21.93876861161258,2.9387686116125806,2.9387686116125806,75-100%
19.0,21.999823016644015,2.999823016644015,2.999823016644015,75-100%
19.0,21.999823016644015,2.999823016644015,2.999823016644015,75-100%
19.0,22.677801259549632,3.677801259549632,3.677801259549632,75-100%
19.0,22.316319916232167,3.3163199162321675,3.3163199162321675,75-100%
19.0,22.659550929338454,3.6595509293384545,3.6595509293384545,75-100%
19.0,22.60638072621567,3.6063807262156686,3.6063807262156686,75-100%
19.0,21.04234995259731,2.0423499525973092,2.0423499525973092,75-100%
19.0,21.999823016644015,2.999823016644015,2.999823016644015,75-100%
19.0,22.4973706585483,3.4973706585482986,3.4973706585482986,75-100%
19.0,22.707467274887712,3.707467274887712,3.707467274887712,75-100%
19.0,22.4973706585483,3.4973706585482986,3.4973706585482986,75-100%
19.0,22.603442109667444,3.6034421096674443,3.6034421096674443,75-100%
19.0,22.198442455042397,3.1984424550423967,3.1984424550423967,75-100%
19.0,22.316319916232167,3.3163199162321675,3.3163199162321675,75-100%
19.0,22.035647023063532,3.0356470230635324,3.0356470230635324,75-100%
19.0,22.553103317933513,3.5531033179335125,3.5531033179335125,75-100%
19.0,22.4973706585483,3.4973706585482986,3.4973706585482986,75-100%
19.0,22.4973706585483,3.4973706585482986,3.4973706585482986,75-100%
19.0,22.4973706585483,3.4973706585482986,3.4973706585482986,75-100%
19.0,22.4973706585483,3.4973706585482986,3.4973706585482986,75-100%
19.0,19.821093160299426,0.8210931602994265,0.8210931602994265,75-100%
19.0,19.432477485247105,0.43247748524710516,0.43247748524710516,75-100%
19.0,21.57668325060267,2.5766832506026702,2.5766832506026702,75-100%
19.0,21.776855851024294,2.776855851024294,2.776855851024294,75-100%
19.0,22.553103317933513,3.5531033179335125,3.5531033179335125,75-100%
19.0,22.4973706585483,3.4973706585482986,3.4973706585482986,75-100%
19.0,22.4973706585483,3.4973706585482986,3.4973706585482986,75-100%
19.0,22.4973706585483,3.4973706585482986,3.4973706585482986,75-100%
19.0,21.93782237754188,2.937822377541881,2.937822377541881,75-100%
19.0,19.836168680797968,0.836168680797968,0.836168680797968,75-100%
19.0,19.836168680797968,0.836168680797968,0.836168680797968,75-100%
19.0,21.48691227785129,2.486912277851289,2.486912277851289,75-100%
19.0,22.597990407517386,3.5979904075173863,3.5979904075173863,75-100%
19.0,22.558668691736013,3.5586686917360133,3.5586686917360133,75-100%
19.0,22.349207623266544,3.349207623266544,3.349207623266544,75-100%
19.0,21.02373692915052,2.0237369291505196,2.0237369291505196,75-100%
19.0,19.836168680797968,0.836168680797968,0.836168680797968,75-100%
19.0,22.306065721430357,3.3060657214303575,3.3060657214303575,75-100%
19.0,19.022818082828813,0.022818082828813147,0.022818082828813147,75-100%
11.0,18.352937858213075,7.352937858213075,7.352937858213075,50-75%
11.0,18.357373422230726,7.357373422230726,7.357373422230726,50-75%
11.0,18.352937858213075,7.352937858213075,7.352937858213075,50-75%
11.0,18.352937858213075,7.352937858213075,7.352937858213075,50-75%
11.0,18.352937858213075,7.352937858213075,7.352937858213075,50-75%
11.0,18.352937858213075,7.352937858213075,7.352937858213075,50-75%
11.0,18.52406041022604,7.524060410226038,7.524060410226038,50-75%
11.0,18.352937858213075,7.352937858213075,7.352937858213075,50-75%
11.0,18.52406041022604,7.524060410226038,7.524060410226038,50-75%
11.0,18.352937858213075,7.352937858213075,7.352937858213075,50-75%
11.0,18.418156947286107,7.418156947286107,7.418156947286107,50-75%
11.0,18.340064046517494,7.340064046517494,7.340064046517494,50-75%
11.0,18.52406041022604,7.524060410226038,7.524060410226038,50-75%
11.0,18.52406041022604,7.524060410226038,7.524060410226038,50-75%
11.0,18.52406041022604,7.524060410226038,7.524060410226038,50-75%
11.0,18.352937858213075,7.352937858213075,7.352937858213075,50-75%
11.0,18.51290557593721,7.512905575937211,7.512905575937211,50-75%
11.0,18.170554167619517,7.1705541676195175,7.1705541676195175,50-75%
11.0,18.13571412887302,7.135714128873019,7.135714128873019,50-75%
11.0,17.67223853416975,6.67223853416975,6.67223853416975,50-75%
11.0,18.52406041022604,7.524060410226038,7.524060410226038,50-75%
11.0,18.357373422230726,7.357373422230726,7.357373422230726,50-75%
11.0,18.352937858213075,7.352937858213075,7.352937858213075,50-75%
11.0,18.51290557593721,7.512905575937211,7.512905575937211,50-75%
11.0,18.31687196076964,7.316871960769639,7.316871960769639,50-75%
11.0,17.910037496511208,6.910037496511208,6.910037496511208,50-75%
11.0,18.340064046517494,7.340064046517494,7.340064046517494,50-75%
11.0,18.96320166229801,7.963201662298012,7.963201662298012,50-75%
11.0,18.882916786103543,7.882916786103543,7.882916786103543,50-75%
11.0,18.31687196076964,7.316871960769639,7.316871960769639,50-75%
11.0,18.123693183408612,7.123693183408612,7.123693183408612,50-75%
11.0,18.123693183408612,7.123693183408612,7.123693183408612,50-75%
11.0,18.89428314264457,7.894283142644571,7.894283142644571,50-75%
11.0,18.89428314264457,7.894283142644571,7.894283142644571,50-75%
11.0,18.684077265765517,7.6840772657655165,7.6840772657655165,50-75%
11.0,17.967995315904783,6.967995315904783,6.967995315904783,50-75%
11.0,17.967995315904783,6.967995315904783,6.967995315904783,50-75%
26.0,19.18435704539237,-6.815642954607629,6.815642954607629,75-100%
26.0,19.18435704539237,-6.815642954607629,6.815642954607629,75-100%
26.0,19.18435704539237,-6.815642954607629,6.815642954607629,75-100%
26.0,19.18435704539237,-6.815642954607629,6.815642954607629,75-100%
26.0,19.267792915163184,-6.732207084836816,6.732207084836816,75-100%
26.0,22.029248393067164,-3.9707516069328364,3.9707516069328364,75-100%
26.0,22.272953591286026,-3.7270464087139743,3.7270464087139743,75-100%
26.0,19.21519998799603,-6.78480001200397,6.78480001200397,75-100%
26.0,19.227907042761927,-6.772092957238073,6.772092957238073,75-100%
26.0,21.320161870578968,-4.679838129421032,4.679838129421032,75-100%
26.0,19.18435704539237,-6.815642954607629,6.815642954607629,75-100%
26.0,19.267792915163184,-6.732207084836816,6.732207084836816,75-100%
26.0,19.267792915163184,-6.732207084836816,6.732207084836816,75-100%
26.0,19.18435704539237,-6.815642954607629,6.815642954607629,75-100%
26.0,19.18435704539237,-6.815642954607629,6.815642954607629,75-100%
26.0,19.18435704539237,-6.815642954607629,6.815642954607629,75-100%
26.0,23.483757151421386,-2.5162428485786137,2.5162428485786137,75-100%
26.0,22.025641097729334,-3.974358902270666,3.974358902270666,75-100%
26.0,22.04372432804292,-3.95627567195708,3.95627567195708,75-100%
26.0,22.04372432804292,-3.95627567195708,3.95627567195708,75-100%
26.0,19.167365660598627,-6.832634339401373,6.832634339401373,75-100%
26.0,19.167365660598627,-6.832634339401373,6.832634339401373,75-100%
26.0,21.320161870578968,-4.679838129421032,4.679838129421032,75-100%
26.0,19.267792915163184,-6.732207084836816,6.732207084836816,75-100%
26.0,19.18435704539237,-6.815642954607629,6.815642954607629,75-100%
26.0,19.18435704539237,-6.815642954607629,6.815642954607629,75-100%
26.0,19.18435704539237,-6.815642954607629,6.815642954607629,75-100%
26.0,19.272438157845734,-6.727561842154266,6.727561842154266,75-100%
26.0,19.267792915163184,-6.732207084836816,6.732207084836816,75-100%
26.0,22.752491854600695,-3.247508145399305,3.247508145399305,75-100%
26.0,22.733852429192993,-3.266147570807007,3.266147570807007,75-100%
26.0,22.025641097729334,-3.974358902270666,3.974358902270666,75-100%
26.0,22.096487540293385,-3.903512459706615,3.903512459706615,75-100%
26.0,19.226248887948174,-6.773751112051826,6.773751112051826,75-100%
26.0,19.167365660598627,-6.832634339401373,6.832634339401373,75-100%
26.0,19.18004264722677,-6.81995735277323,6.81995735277323,75-100%
49.0,20.760872642120518,-28.239127357879482,28.239127357879482,75-100%
49.0,20.614999253488413,-28.385000746511587,28.385000746511587,75-100%
49.0,20.704348954286633,-28.295651045713367,28.295651045713367,75-100%
49.0,20.82950604754416,-28.17049395245584,28.17049395245584,75-100%
26.0,21.228277069560313,-4.771722930439687,4.771722930439687,75-100%
26.0,19.074871965782425,-6.925128034217575,6.925128034217575,75-100%
26.0,18.880031085732657,-7.119968914267343,7.119968914267343,75-100%
26.0,18.8998379809738,-7.1001620190262,7.1001620190262,75-100%
26.0,18.880031085732657,-7.119968914267343,7.119968914267343,75-100%
26.0,18.880031085732657,-7.119968914267343,7.119968914267343,75-100%
26.0,19.063402432015234,-6.936597567984766,6.936597567984766,75-100%
19.0,21.9481369530753,2.9481369530752985,2.9481369530752985,75-100%
19.0,20.9629140069841,1.9629140069841,1.9629140069841,75-100%
26.0,22.73757067594465,-3.2624293240553506,3.2624293240553506,75-100%
26.0,22.733852429192993,-3.266147570807007,3.266147570807007,75-100%
26.0,22.733852429192993,-3.266147570807007,3.266147570807007,75-100%
26.0,19.300289058076327,-6.699710941923673,6.699710941923673,75-100%
26.0,19.300289058076327,-6.699710941923673,6.699710941923673,75-100%
26.0,19.296409900852275,-6.703590099147725,6.703590099147725,75-100%
26.0,19.364315808843816,-6.635684191156184,6.635684191156184,75-100%
49.0,17.715186914941167,-31.284813085058833,31.284813085058833,75-100%
49.0,20.756714383778977,-28.243285616221023,28.243285616221023,75-100%
49.0,20.82950604754416,-28.17049395245584,28.17049395245584,75-100%
49.0,20.739641115956992,-28.260358884043008,28.260358884043008,75-100%
49.0,20.739641115956992,-28.260358884043008,28.260358884043008,75-100%
49.0,20.739641115956992,-28.260358884043008,28.260358884043008,75-100%
26.0,20.545428157340226,-5.4545718426597745,5.4545718426597745,75-100%
26.0,18.46897493631723,-7.531025063682769,7.531025063682769,75-100%
26.0,18.083231314486575,-7.916768685513425,7.916768685513425,75-100%
26.0,18.46897493631723,-7.531025063682769,7.531025063682769,75-100%
26.0,18.46897493631723,-7.531025063682769,7.531025063682769,75-100%
26.0,18.488372287626852,-7.511627712373148,7.511627712373148,75-100%
26.0,18.880031085732657,-7.119968914267343,7.119968914267343,75-100%
19.0,20.07256781542482,1.0725678154248186,1.0725678154248186,75-100%
19.0,21.873659688895152,2.8736596888951524,2.8736596888951524,75-100%
19.0,21.80174083622763,2.80174083622763,2.80174083622763,75-100%
26.0,22.73757067594465,-3.2624293240553506,3.2624293240553506,75-100%
26.0,22.73757067594465,-3.2624293240553506,3.2624293240553506,75-100%
26.0,19.18004264722677,-6.81995735277323,6.81995735277323,75-100%
26.0,19.300289058076327,-6.699710941923673,6.699710941923673,75-100%
26.0,19.280482585911724,-6.719517414088276,6.719517414088276,75-100%
49.0,17.82310714783914,-31.17689285216086,31.17689285216086,75-100%
49.0,17.709245405341978,-31.290754594658022,31.290754594658022,75-100%
49.0,20.739641115956992,-28.260358884043008,28.260358884043008,75-100%
49.0,20.82950604754416,-28.17049395245584,28.17049395245584,75-100%
49.0,20.503894621046392,-28.496105378953608,28.496105378953608,75-100%
49.0,20.147233148219676,-28.852766851780324,28.852766851780324,75-100%
26.0,17.527623153279393,-8.472376846720607,8.472376846720607,75-100%
26.0,17.527623153279393,-8.472376846720607,8.472376846720607,75-100%
26.0,18.083231314486575,-7.916768685513425,7.916768685513425,75-100%
26.0,18.492838892310587,-7.507161107689413,7.507161107689413,75-100%
26.0,18.488372287626852,-7.511627712373148,7.511627712373148,75-100%
19.0,20.07256781542482,1.0725678154248186,1.0725678154248186,75-100%
19.0,19.53241364505448,0.5324136450544792,0.5324136450544792,75-100%
19.0,19.66969865574531,0.6696986557453108,0.6696986557453108,75-100%
19.0,19.55287052283106,0.5528705228310606,0.5528705228310606,75-100%
19.0,20.9629140069841,1.9629140069841,1.9629140069841,75-100%
19.0,20.9629140069841,1.9629140069841,1.9629140069841,75-100%
26.0,19.28365981298525,-6.716340187014751,6.716340187014751,75-100%
26.0,19.280482585911724,-6.719517414088276,6.719517414088276,75-100%
26.0,19.280482585911724,-6.719517414088276,6.719517414088276,75-100%
13.0,22.514450366476616,9.514450366476616,9.514450366476616,50-75%
13.0,22.529231294133737,9.529231294133737,9.529231294133737,50-75%
49.0,17.724008619092256,-31.275991380907744,31.275991380907744,75-100%
49.0,17.811282580280746,-31.188717419719254,31.188717419719254,75-100%
49.0,17.811282580280746,-31.188717419719254,31.188717419719254,75-100%
49.0,17.395995846462128,-31.604004153537872,31.604004153537872,75-100%
49.0,17.69263990019312,-31.30736009980688,31.30736009980688,75-100%
49.0,20.503894621046392,-28.496105378953608,28.496105378953608,75-100%
49.0,19.687611054048602,-29.312388945951398,29.312388945951398,75-100%
19.0,19.130398182485212,0.1303981824852123,0.1303981824852123,75-100%
19.0,19.135137507712834,0.13513750771283384,0.13513750771283384,75-100%
19.0,19.135137507712834,0.13513750771283384,0.13513750771283384,75-100%
19.0,19.135137507712834,0.13513750771283384,0.13513750771283384,75-100%
19.0,20.142084549535767,1.1420845495357668,1.1420845495357668,75-100%
13.0,22.650045323211565,9.650045323211565,9.650045323211565,50-75%
13.0,22.514450366476616,9.514450366476616,9.514450366476616,50-75%
13.0,22.650045323211565,9.650045323211565,9.650045323211565,50-75%
49.0,17.81720159744786,-31.18279840255214,31.18279840255214,75-100%
49.0,17.382605620574896,-31.617394379425104,31.617394379425104,75-100%
49.0,16.794470582158187,-32.20552941784182,32.20552941784182,75-100%
49.0,16.983071003803488,-32.01692899619651,32.01692899619651,75-100%
49.0,16.983071003803488,-32.01692899619651,32.01692899619651,75-100%
49.0,19.61378184124078,-29.38621815875922,29.38621815875922,75-100%
19.0,18.38261832966352,-0.6173816703364814,0.6173816703364814,75-100%
13.0,22.650045323211565,9.650045323211565,9.650045323211565,50-75%
13.0,22.38991788006257,9.389917880062569,9.389917880062569,50-75%
13.0,22.253240333614052,9.253240333614052,9.253240333614052,50-75%
13.0,22.23863278188964,9.238632781889638,9.238632781889638,50-75%
13.0,21.71700792041691,8.717007920416911,8.717007920416911,50-75%
13.0,21.71700792041691,8.717007920416911,8.717007920416911,50-75%
49.0,17.886083811610714,-31.113916188389286,31.113916188389286,75-100%
49.0,17.400920599169037,-31.599079400830963,31.599079400830963,75-100%
49.0,16.96282392294978,-32.03717607705022,32.03717607705022,75-100%
49.0,16.96282392294978,-32.03717607705022,32.03717607705022,75-100%
49.0,16.96282392294978,-32.03717607705022,32.03717607705022,75-100%
49.0,16.367981137405966,-32.63201886259404,32.63201886259404,75-100%
16.0,21.13748449792608,5.137484497926081,5.137484497926081,75-100%
13.0,22.650045323211565,9.650045323211565,9.650045323211565,50-75%
13.0,22.393582244557905,9.393582244557905,9.393582244557905,50-75%
13.0,21.483317207864694,8.483317207864694,8.483317207864694,50-75%
13.0,20.861675127301904,7.861675127301904,7.861675127301904,50-75%
16.0,21.1340168882474,5.134016888247402,5.134016888247402,75-100%
16.0,21.1340168882474,5.134016888247402,5.134016888247402,75-100%
16.0,21.1340168882474,5.134016888247402,5.134016888247402,75-100%
16.0,17.750369779920753,1.750369779920753,1.750369779920753,75-100%
16.0,21.9555268981488,5.9555268981488005,5.9555268981488005,75-100%
16.0,20.974900223294263,4.974900223294263,4.974900223294263,75-100%
16.0,21.096282473779844,5.096282473779844,5.096282473779844,75-100%
16.0,21.024397243365204,5.024397243365204,5.024397243365204,75-100%
16.0,21.010561643796464,5.010561643796464,5.010561643796464,75-100%
16.0,20.94260630686035,4.942606306860348,4.942606306860348,75-100%
16.0,16.683313548926147,0.6833135489261473,0.6833135489261473,75-100%
16.0,16.28402563798902,0.28402563798902136,0.28402563798902136,75-100%
16.0,22.264319748007516,6.264319748007516,6.264319748007516,75-100%
16.0,22.264319748007516,6.264319748007516,6.264319748007516,75-100%
16.0,21.15563357254132,5.155633572541319,5.155633572541319,75-100%
16.0,21.06152112842241,5.0615211284224095,5.0615211284224095,75-100%
16.0,21.096282473779844,5.096282473779844,5.096282473779844,75-100%
16.0,20.92538716303279,4.9253871630327914,4.9253871630327914,75-100%
16.0,16.735591379340764,0.7355913793407645,0.7355913793407645,75-100%
16.0,16.28402563798902,0.28402563798902136,0.28402563798902136,75-100%
16.0,22.505678314873915,6.505678314873915,6.505678314873915,75-100%
16.0,21.096282473779844,5.096282473779844,5.096282473779844,75-100%
16.0,21.098084496435234,5.098084496435234,5.098084496435234,75-100%
16.0,18.53957311495971,2.5395731149597083,2.5395731149597083,75-100%
16.0,17.171587671888336,1.1715876718883358,1.1715876718883358,75-100%
16.0,16.241755456235072,0.24175545623507233,0.24175545623507233,75-100%
16.0,22.264319748007516,6.264319748007516,6.264319748007516,75-100%
16.0,22.264319748007516,6.264319748007516,6.264319748007516,75-100%
16.0,22.371370885472672,6.371370885472672,6.371370885472672,75-100%
16.0,21.00711391527987,5.00711391527987,5.00711391527987,75-100%
16.0,18.943048574446134,2.9430485744461343,2.9430485744461343,75-100%
16.0,18.89124666968722,2.89124666968722,2.89124666968722,75-100%
16.0,22.371370885472672,6.371370885472672,6.371370885472672,75-100%
16.0,21.70045575534384,5.700455755343839,5.700455755343839,75-100%
21.5,23.944504204532628,2.4445042045326275,2.4445042045326275,75-100%
21.5,23.197477451266398,1.6974774512663977,1.6974774512663977,75-100%
21.5,23.056004596331952,1.5560045963319524,1.5560045963319524,75-100%
22.0,25.244493499868938,3.2444934998689376,3.2444934998689376,75-100%
21.5,25.724427704757446,4.224427704757446,4.224427704757446,75-100%
21.5,23.92055152266528,2.4205515226652814,2.4205515226652814,75-100%
21.5,25.898108021718816,4.398108021718816,4.398108021718816,75-100%
21.5,25.244493499868938,3.7444934998689376,3.7444934998689376,75-100%
21.5,25.39112277524614,3.8911227752461386,3.8911227752461386,75-100%
21.5,24.0570915815997,2.5570915815996997,2.5570915815996997,75-100%
21.5,24.0570915815997,2.5570915815996997,2.5570915815996997,75-100%
22.0,25.30355061909554,3.303550619095539,3.303550619095539,75-100%
21.5,23.565524865405834,2.065524865405834,2.065524865405834,75-100%
21.5,25.396774953286645,3.896774953286645,3.896774953286645,75-100%
21.5,25.165998303449783,3.6659983034497827,3.6659983034497827,75-100%
21.5,25.724427704757446,4.224427704757446,4.224427704757446,75-100%
21.5,25.5683258763333,4.068325876333301,4.068325876333301,75-100%
21.5,25.662019257795773,4.162019257795773,4.162019257795773,75-100%
21.5,24.03987573894495,2.53987573894495,2.53987573894495,75-100%
21.5,23.980624996197005,2.4806249961970046,2.4806249961970046,75-100%
21.5,24.03987573894495,2.53987573894495,2.53987573894495,75-100%
21.5,24.03987573894495,2.53987573894495,2.53987573894495,75-100%
21.5,24.249228580043894,2.7492285800438943,2.7492285800438943,75-100%
22.0,25.662237714287073,3.6622377142870732,3.6622377142870732,75-100%
15.0,21.52951835986065,6.529518359860649,6.529518359860649,50-75%
31.0,24.499618875530395,-6.500381124469605,6.500381124469605,75-100%
31.0,23.898089448402487,-7.101910551597513,7.101910551597513,75-100%
31.0,24.02477055994087,-6.975229440059131,6.975229440059131,75-100%
31.0,24.213146511687288,-6.786853488312712,6.786853488312712,75-100%
15.0,21.538206255736057,6.538206255736057,6.538206255736057,50-75%
15.0,20.811307664153162,5.811307664153162,5.811307664153162,50-75%
15.0,21.07135942065052,6.07135942065052,6.07135942065052,50-75%
15.0,20.51421969115158,5.514219691151581,5.514219691151581,50-75%
31.0,24.317369836915365,-6.682630163084635,6.682630163084635,75-100%
31.0,24.499618875530395,-6.500381124469605,6.500381124469605,75-100%
31.0,24.499618875530395,-6.500381124469605,6.500381124469605,75-100%
31.0,24.317369836915365,-6.682630163084635,6.682630163084635,75-100%
31.0,24.317369836915365,-6.682630163084635,6.682630163084635,75-100%
31.0,24.317369836915365,-6.682630163084635,6.682630163084635,75-100%
31.0,24.317369836915365,-6.682630163084635,6.682630163084635,75-100%
15.0,22.353946590124693,7.353946590124693,7.353946590124693,50-75%
15.0,21.27353095906878,6.273530959068779,6.273530959068779,50-75%
15.0,21.27353095906878,6.273530959068779,6.273530959068779,50-75%
15.0,21.27353095906878,6.273530959068779,6.273530959068779,50-75%
15.0,21.77427926528251,6.774279265282509,6.774279265282509,50-75%
15.0,21.722252127882104,6.722252127882104,6.722252127882104,50-75%
31.0,24.499618875530395,-6.500381124469605,6.500381124469605,75-100%
31.0,24.499618875530395,-6.500381124469605,6.500381124469605,75-100%
31.0,24.499618875530395,-6.500381124469605,6.500381124469605,75-100%
31.0,24.499618875530395,-6.500381124469605,6.500381124469605,75-100%
31.0,24.317369836915365,-6.682630163084635,6.682630163084635,75-100%
31.0,24.32317240888107,-6.676827591118929,6.676827591118929,75-100%
31.0,24.32317240888107,-6.676827591118929,6.676827591118929,75-100%
31.0,24.32317240888107,-6.676827591118929,6.676827591118929,75-100%
15.0,23.12606298181649,8.126062981816489,8.126062981816489,50-75%
15.0,20.357204090860566,5.3572040908605665,5.3572040908605665,50-75%
15.0,21.722252127882104,6.722252127882104,6.722252127882104,50-75%
15.0,21.7044211682411,6.704421168241101,6.704421168241101,50-75%
31.0,24.499618875530395,-6.500381124469605,6.500381124469605,75-100%
31.0,24.499618875530395,-6.500381124469605,6.500381124469605,75-100%
31.0,24.499618875530395,-6.500381124469605,6.500381124469605,75-100%
31.0,24.499618875530395,-6.500381124469605,6.500381124469605,75-100%
31.0,24.317369836915365,-6.682630163084635,6.682630163084635,75-100%
31.0,24.32317240888107,-6.676827591118929,6.676827591118929,75-100%
31.0,24.317369836915365,-6.682630163084635,6.682630163084635,75-100%
31.0,24.317369836915365,-6.682630163084635,6.682630163084635,75-100%
15.0,22.114619828996958,7.1146198289969576,7.1146198289969576,50-75%
15.0,21.270823499307557,6.270823499307557,6.270823499307557,50-75%
15.0,20.51421969115158,5.514219691151581,5.514219691151581,50-75%
15.0,20.500704582184397,5.500704582184397,5.500704582184397,50-75%
15.0,20.500704582184397,5.500704582184397,5.500704582184397,50-75%
31.0,24.213146511687288,-6.786853488312712,6.786853488312712,75-100%
31.0,24.499618875530395,-6.500381124469605,6.500381124469605,75-100%
31.0,24.213146511687288,-6.786853488312712,6.786853488312712,75-100%
31.0,24.317369836915365,-6.682630163084635,6.682630163084635,75-100%
31.0,24.213146511687288,-6.786853488312712,6.786853488312712,75-100%
31.0,24.317369836915365,-6.682630163084635,6.682630163084635,75-100%
31.0,24.499618875530395,-6.500381124469605,6.500381124469605,75-100%
31.0,24.317369836915365,-6.682630163084635,6.682630163084635,75-100%
15.0,22.114619828996958,7.1146198289969576,7.1146198289969576,50-75%
15.0,23.612325897998588,8.612325897998588,8.612325897998588,50-75%
15.0,20.357204090860566,5.3572040908605665,5.3572040908605665,50-75%
15.0,20.500704582184397,5.500704582184397,5.500704582184397,50-75%
31.0,24.317369836915365,-6.682630163084635,6.682630163084635,75-100%
31.0,24.499618875530395,-6.500381124469605,6.500381124469605,75-100%
31.0,24.499618875530395,-6.500381124469605,6.500381124469605,75-100%
31.0,24.499618875530395,-6.500381124469605,6.500381124469605,75-100%
31.0,24.317369836915365,-6.682630163084635,6.682630163084635,75-100%
31.0,24.4850499786407,-6.514950021359301,6.514950021359301,75-100%
15.0,22.960458821844558,7.960458821844558,7.960458821844558,50-75%
15.0,21.207100649483962,6.207100649483962,6.207100649483962,50-75%
15.0,20.497336717542208,5.497336717542208,5.497336717542208,50-75%
13.0,26.956079974470594,13.956079974470594,13.956079974470594,50-75%
13.0,24.738472727173022,11.738472727173022,11.738472727173022,50-75%
13.0,23.945376321013086,10.945376321013086,10.945376321013086,50-75%
13.0,23.355471951674307,10.355471951674307,10.355471951674307,50-75%
13.0,23.66135602425905,10.66135602425905,10.66135602425905,50-75%
13.0,25.047133200650542,12.047133200650542,12.047133200650542,50-75%
13.0,23.945376321013086,10.945376321013086,10.945376321013086,50-75%
13.0,23.945376321013086,10.945376321013086,10.945376321013086,50-75%
13.0,23.474495292155773,10.474495292155773,10.474495292155773,50-75%
13.0,23.515277338378443,10.515277338378443,10.515277338378443,50-75%
13.0,22.622851381904244,9.622851381904244,9.622851381904244,50-75%
13.0,22.61915110475227,9.61915110475227,9.61915110475227,50-75%
13.0,24.123190291892325,11.123190291892325,11.123190291892325,50-75%
13.0,24.402309183367514,11.402309183367514,11.402309183367514,50-75%
13.0,24.05317259691858,11.053172596918579,11.053172596918579,50-75%
13.0,23.499876982272326,10.499876982272326,10.499876982272326,50-75%
13.0,22.622851381904244,9.622851381904244,9.622851381904244,50-75%
13.0,22.791238218552934,9.791238218552934,9.791238218552934,50-75%
13.0,22.806193132042345,9.806193132042345,9.806193132042345,50-75%
13.0,23.474495292155773,10.474495292155773,10.474495292155773,50-75%
13.0,22.282484329668954,9.282484329668954,9.282484329668954,50-75%
13.0,22.74494623746994,9.74494623746994,9.74494623746994,50-75%
13.0,21.429054534792204,8.429054534792204,8.429054534792204,50-75%
13.0,21.37004442666646,8.37004442666646,8.37004442666646,50-75%
13.0,21.411453657733674,8.411453657733674,8.411453657733674,50-75%
13.0,22.282484329668954,9.282484329668954,9.282484329668954,50-75%
13.0,22.187699901278854,9.187699901278854,9.187699901278854,50-75%
13.0,22.65815396517786,9.65815396517786,9.65815396517786,50-75%
13.0,22.142442756320513,9.142442756320513,9.142442756320513,50-75%
13.0,21.036220578409704,8.036220578409704,8.036220578409704,50-75%
13.0,21.75459161205311,8.754591612053112,8.754591612053112,50-75%
13.0,22.191332585441426,9.191332585441426,9.191332585441426,50-75%
13.0,21.0003840900219,8.0003840900219,8.0003840900219,50-75%
13.0,23.612325897998588,10.612325897998588,10.612325897998588,50-75%
13.0,23.1082471782203,10.1082471782203,10.1082471782203,50-75%
13.0,21.411453657733674,8.411453657733674,8.411453657733674,50-75%
13.0,21.411453657733674,8.411453657733674,8.411453657733674,50-75%
13.0,21.751027338880352,8.751027338880352,8.751027338880352,50-75%
13.0,21.706759355956756,8.706759355956756,8.706759355956756,50-75%
13.0,21.873395594379073,8.873395594379073,8.873395594379073,50-75%
13.0,21.32479348264697,8.324793482646971,8.324793482646971,50-75%
13.0,21.44810843047445,8.448108430474448,8.448108430474448,50-75%
13.0,21.49072434850212,8.49072434850212,8.49072434850212,50-75%
13.0,21.476595804930263,8.476595804930263,8.476595804930263,50-75%
13.0,22.532318585783052,9.532318585783052,9.532318585783052,50-75%
13.0,22.532318585783052,9.532318585783052,9.532318585783052,50-75%
13.0,21.508404541462635,8.508404541462635,8.508404541462635,50-75%
13.0,21.63238768718174,8.63238768718174,8.63238768718174,50-75%
13.0,21.56413161972591,8.56413161972591,8.56413161972591,50-75%
13.0,21.951021882661124,8.951021882661124,8.951021882661124,50-75%
13.0,22.7764575397877,9.7764575397877,9.7764575397877,50-75%
13.0,21.56413161972591,8.56413161972591,8.56413161972591,50-75%
13.0,22.532318585783052,9.532318585783052,9.532318585783052,50-75%
13.0,21.459223559228928,8.459223559228928,8.459223559228928,50-75%
13.0,21.867559961370034,8.867559961370034,8.867559961370034,50-75%
13.0,21.204937718750582,8.204937718750582,8.204937718750582,50-75%
13.0,21.204937718750582,8.204937718750582,8.204937718750582,50-75%
13.0,22.033344070566415,9.033344070566415,9.033344070566415,50-75%
13.0,22.02129809774148,9.021298097741479,9.021298097741479,50-75%
13.0,22.149832306841866,9.149832306841866,9.149832306841866,50-75%
13.0,21.31791611404799,8.31791611404799,8.31791611404799,50-75%
13.0,21.204937718750582,8.204937718750582,8.204937718750582,50-75%
13.0,21.822674419064136,8.822674419064136,8.822674419064136,50-75%
13.0,22.033344070566415,9.033344070566415,9.033344070566415,50-75%
17.0,21.584619552319232,4.584619552319232,4.584619552319232,75-100%
17.0,22.149832306841866,5.149832306841866,5.149832306841866,75-100%
17.0,21.204937718750582,4.204937718750582,4.204937718750582,75-100%
17.0,21.246833937104228,4.246833937104228,4.246833937104228,75-100%
13.0,22.283030300973472,9.283030300973472,9.283030300973472,50-75%
13.0,24.47640290909103,11.476402909091028,11.476402909091028,50-75%
13.0,21.751792692662697,8.751792692662697,8.751792692662697,50-75%
17.0,21.950099657795473,4.950099657795473,4.950099657795473,75-100%
17.0,21.459223559228928,4.459223559228928,4.459223559228928,75-100%
17.0,21.204937718750582,4.204937718750582,4.204937718750582,75-100%
17.0,21.867559961370034,4.867559961370034,4.867559961370034,75-100%
17.0,21.246833937104228,4.246833937104228,4.246833937104228,75-100%
17.0,21.910706413636262,4.910706413636262,4.910706413636262,75-100%
13.0,22.43514921284529,9.435149212845289,9.435149212845289,50-75%
16.0,25.063008022396854,9.063008022396854,9.063008022396854,75-100%
19.0,25.014717327241712,6.014717327241712,6.014717327241712,75-100%
19.0,24.444423896657703,5.444423896657703,5.444423896657703,75-100%
19.0,23.569671534100696,4.569671534100696,4.569671534100696,75-100%
21.0,21.330895393490387,0.3308953934903869,0.3308953934903869,75-100%
17.0,21.459223559228928,4.459223559228928,4.459223559228928,75-100%
17.0,21.204937718750582,4.204937718750582,4.204937718750582,75-100%
17.0,22.357423290300392,5.357423290300392,5.357423290300392,75-100%
17.0,24.324624064089093,7.324624064089093,7.324624064089093,75-100%
17.0,23.633007466795068,6.633007466795068,6.633007466795068,75-100%
17.0,23.334637544958998,6.334637544958998,6.334637544958998,75-100%
17.666666666666668,24.618644640410434,6.951977973743766,6.951977973743766,75-100%
19.0,25.241464279081516,6.241464279081516,6.241464279081516,75-100%
19.0,24.47640290909103,5.4764029090910284,5.4764029090910284,75-100%
19.0,24.669796717929305,5.669796717929305,5.669796717929305,75-100%
19.0,24.54155216860134,5.5415521686013385,5.5415521686013385,75-100%
19.0,21.736402310385913,2.7364023103859125,2.7364023103859125,75-100%
19.0,21.459223559228928,2.4592235592289278,2.4592235592289278,75-100%
17.0,21.910706413636262,4.910706413636262,4.910706413636262,75-100%
17.0,24.35645250992477,7.356452509924772,7.356452509924772,75-100%
17.0,24.49802452533056,7.49802452533056,7.49802452533056,75-100%
17.666666666666668,23.802877945676716,6.136211279010048,6.136211279010048,75-100%
17.666666666666668,24.04305798744231,6.376391320775642,6.376391320775642,75-100%
19.0,24.618644640410434,5.618644640410434,5.618644640410434,75-100%
19.0,20.58073108111074,1.5807310811107413,1.5807310811107413,75-100%
19.0,20.76882029177177,1.768820291771771,1.768820291771771,75-100%
19.0,20.76882029177177,1.768820291771771,1.768820291771771,75-100%
19.0,20.93384239715619,1.9338423971561909,1.9338423971561909,75-100%
19.0,21.076389011879048,2.076389011879048,2.076389011879048,75-100%
17.0,24.745079051368368,7.745079051368368,7.745079051368368,75-100%
19.0,23.461893284573865,4.461893284573865,4.461893284573865,75-100%
19.0,24.110724321681513,5.110724321681513,5.110724321681513,75-100%
19.0,24.277701479422483,5.277701479422483,5.277701479422483,75-100%
19.0,24.49802452533056,5.49802452533056,5.49802452533056,75-100%
20.0,24.04305798744231,4.04305798744231,4.04305798744231,75-100%
19.0,24.257407161168842,5.257407161168842,5.257407161168842,75-100%
19.0,20.76882029177177,1.768820291771771,1.768820291771771,75-100%
19.0,20.58073108111074,1.5807310811107413,1.5807310811107413,75-100%
19.0,20.93384239715619,1.9338423971561909,1.9338423971561909,75-100%
19.0,20.915615598695954,1.915615598695954,1.915615598695954,75-100%
17.0,23.90921492513812,6.909214925138119,6.909214925138119,75-100%
17.0,24.04834231498581,7.04834231498581,7.04834231498581,75-100%
17.0,24.602135321572252,7.602135321572252,7.602135321572252,75-100%
17.0,24.602135321572252,7.602135321572252,7.602135321572252,75-100%
19.0,24.94029571379836,5.94029571379836,5.94029571379836,75-100%
19.0,24.277701479422483,5.277701479422483,5.277701479422483,75-100%
19.0,24.618644640410434,5.618644640410434,5.618644640410434,75-100%
19.0,25.241464279081516,6.241464279081516,6.241464279081516,75-100%
21.0,24.618644640410434,3.6186446404104338,3.6186446404104338,75-100%
21.0,24.47640290909103,3.4764029090910284,3.4764029090910284,75-100%
19.0,25.241464279081516,6.241464279081516,6.241464279081516,75-100%
19.0,24.47640290909103,5.4764029090910284,5.4764029090910284,75-100%
19.0,24.618644640410434,5.618644640410434,5.618644640410434,75-100%
19.0,21.105384251598682,2.1053842515986823,2.1053842515986823,75-100%
19.0,20.70474830416141,1.7047483041614093,1.7047483041614093,75-100%
19.0,20.9744814222733,1.9744814222732998,1.9744814222732998,75-100%
19.0,21.076389011879048,2.076389011879048,2.076389011879048,75-100%
17.0,24.107753674269,7.107753674268999,7.107753674268999,75-100%
17.0,23.87168070120776,6.871680701207762,6.871680701207762,75-100%
15.5,24.277701479422483,8.777701479422483,8.777701479422483,75-100%
17.0,24.576269696441436,7.576269696441436,7.576269696441436,75-100%
19.0,24.3308350961024,5.330835096102401,5.330835096102401,75-100%
19.0,25.241464279081516,6.241464279081516,6.241464279081516,75-100%
19.0,24.618644640410434,5.618644640410434,5.618644640410434,75-100%
19.0,25.444696615166993,6.444696615166993,6.444696615166993,75-100%
19.0,25.241464279081516,6.241464279081516,6.241464279081516,75-100%
19.0,20.58073108111074,1.5807310811107413,1.5807310811107413,75-100%
19.0,20.560042427283847,1.5600424272838467,1.5600424272838467,75-100%
19.0,20.93384239715619,1.9338423971561909,1.9338423971561909,75-100%
17.0,23.895867654671967,6.895867654671967,6.895867654671967,75-100%
17.0,23.895867654671967,6.895867654671967,6.895867654671967,75-100%
15.5,24.300005778412455,8.800005778412455,8.800005778412455,75-100%
15.5,24.015775943607313,8.515775943607313,8.515775943607313,75-100%
15.5,23.802877945676716,8.302877945676716,8.302877945676716,75-100%
14.666666666666664,24.47640290909103,9.809736242424364,9.809736242424364,50-75%
14.666666666666664,24.47640290909103,9.809736242424364,9.809736242424364,50-75%
13.5,26.282306509247015,12.782306509247015,12.782306509247015,50-75%
13.0,25.444696615166993,12.444696615166993,12.444696615166993,50-75%
13.0,25.444696615166993,12.444696615166993,12.444696615166993,50-75%
15.5,24.456591649519677,8.956591649519677,8.956591649519677,75-100%
14.666666666666664,24.423605823394055,9.756939156727391,9.756939156727391,50-75%
14.666666666666664,24.3308350961024,9.664168429435737,9.664168429435737,50-75%
14.666666666666664,24.618644640410434,9.95197797374377,9.95197797374377,50-75%
13.5,25.990922804352497,12.490922804352497,12.490922804352497,50-75%
13.0,24.817053423633887,11.817053423633887,11.817053423633887,50-75%
13.0,24.96119710002522,11.96119710002522,11.96119710002522,50-75%
13.0,25.592344595306898,12.592344595306898,12.592344595306898,50-75%
13.0,24.618644640410434,11.618644640410434,11.618644640410434,50-75%
13.5,24.768514071509916,11.268514071509916,11.268514071509916,50-75%
13.5,24.596457088083742,11.096457088083742,11.096457088083742,50-75%
13.5,26.19687938348146,12.696879383481459,12.696879383481459,50-75%
13.5,26.560534762500332,13.060534762500332,13.060534762500332,50-75%
13.5,26.322390001140597,12.822390001140597,12.822390001140597,50-75%
13.0,24.817053423633887,11.817053423633887,11.817053423633887,50-75%
13.0,25.592344595306898,12.592344595306898,12.592344595306898,50-75%
13.0,24.397279341557393,11.397279341557393,11.397279341557393,50-75%
14.0,24.514367944141704,10.514367944141704,10.514367944141704,50-75%
14.0,24.89641187218575,10.896411872185752,10.896411872185752,50-75%
14.0,24.971921428590854,10.971921428590854,10.971921428590854,50-75%
13.5,24.95439166772394,11.45439166772394,11.45439166772394,50-75%
13.5,26.19687938348146,12.696879383481459,12.696879383481459,50-75%
13.5,26.560534762500332,13.060534762500332,13.060534762500332,50-75%
13.5,27.073820230168693,13.573820230168693,13.573820230168693,50-75%
13.0,25.509077897699267,12.509077897699267,12.509077897699267,50-75%
13.0,25.143493692319417,12.143493692319417,12.143493692319417,50-75%
13.0,25.592344595306898,12.592344595306898,12.592344595306898,50-75%
14.0,24.59585667371769,10.595856673717691,10.595856673717691,50-75%
14.0,24.720902061609003,10.720902061609003,10.720902061609003,50-75%
13.5,26.19687938348146,12.696879383481459,12.696879383481459,50-75%
13.5,26.19687938348146,12.696879383481459,12.696879383481459,50-75%
13.5,26.560534762500332,13.060534762500332,13.060534762500332,50-75%
13.0,25.918916976063297,12.918916976063297,12.918916976063297,50-75%
13.0,25.211264889366728,12.211264889366728,12.211264889366728,50-75%
13.0,25.36189223706905,12.36189223706905,12.36189223706905,50-75%
25.0,21.986867103079746,-3.013132896920254,3.013132896920254,75-100%
14.0,24.4599242009781,10.4599242009781,10.4599242009781,50-75%
14.0,25.381874864447617,11.381874864447617,11.381874864447617,50-75%
14.0,24.95439166772394,10.95439166772394,10.95439166772394,50-75%
13.5,25.89133935309229,12.391339353092292,12.391339353092292,50-75%
13.0,25.01405269056758,12.014052690567581,12.014052690567581,50-75%
13.0,25.646485167949812,12.646485167949812,12.646485167949812,50-75%
13.0,25.509077897699267,12.509077897699267,12.509077897699267,50-75%
25.0,22.834547684419075,-2.165452315580925,2.165452315580925,75-100%
25.0,21.96479422039856,-3.0352057796014407,3.0352057796014407,75-100%
25.0,22.989446859143925,-2.010553140856075,2.010553140856075,75-100%
25.0,22.406511775917185,-2.593488224082815,2.593488224082815,75-100%
25.0,22.537285107885957,-2.462714892114043,2.462714892114043,75-100%
25.0,21.760589730201055,-3.2394102697989453,3.2394102697989453,75-100%
25.0,22.542326080456654,-2.457673919543346,2.457673919543346,75-100%
25.0,22.463260586982493,-2.536739413017507,2.536739413017507,75-100%
25.0,22.834547684419075,-2.165452315580925,2.165452315580925,75-100%
25.0,22.695326125989297,-2.304673874010703,2.304673874010703,75-100%
25.0,23.133139448586633,-1.8668605514133674,1.8668605514133674,75-100%
25.0,22.54571678456339,-2.454283215436611,2.454283215436611,75-100%
25.0,22.14519066283554,-2.854809337164461,2.854809337164461,75-100%
25.0,22.54571678456339,-2.454283215436611,2.454283215436611,75-100%
25.0,22.54571678456339,-2.454283215436611,2.454283215436611,75-100%
25.0,22.39405878210011,-2.6059412178998898,2.6059412178998898,75-100%
22.0,23.43894845655325,1.4389484565532484,1.4389484565532484,75-100%
19.0,23.882360305712425,4.8823603057124245,4.8823603057124245,75-100%
19.0,24.28566035578174,5.28566035578174,5.28566035578174,75-100%
19.0,24.28566035578174,5.28566035578174,5.28566035578174,75-100%
19.0,24.28566035578174,5.28566035578174,5.28566035578174,75-100%
19.0,24.28566035578174,5.28566035578174,5.28566035578174,75-100%
19.0,24.181802661004305,5.181802661004305,5.181802661004305,75-100%
18.0,20.11115948207644,2.1111594820764417,2.1111594820764417,75-100%
18.0,20.11115948207644,2.1111594820764417,2.1111594820764417,75-100%
18.0,20.232478234648198,2.232478234648198,2.232478234648198,75-100%
18.0,19.90992822888395,1.909928228883949,1.909928228883949,75-100%
18.0,20.232478234648198,2.232478234648198,2.232478234648198,75-100%
19.0,24.82893936729013,5.828939367290129,5.828939367290129,75-100%
19.0,24.28566035578174,5.28566035578174,5.28566035578174,75-100%
19.0,24.041986395994144,5.041986395994144,5.041986395994144,75-100%
18.0,20.11115948207644,2.1111594820764417,2.1111594820764417,75-100%
18.0,20.232478234648198,2.232478234648198,2.232478234648198,75-100%
18.0,20.11115948207644,2.1111594820764417,2.1111594820764417,75-100%
18.0,20.030090572939322,2.030090572939322,2.030090572939322,75-100%
18.0,19.43088215705748,1.4308821570574786,1.4308821570574786,75-100%
19.0,24.19661041997999,5.19661041997999,5.19661041997999,75-100%
19.0,24.145267444406272,5.145267444406272,5.145267444406272,75-100%
18.0,19.838356477574116,1.8383564775741164,1.8383564775741164,75-100%
18.0,20.11115948207644,2.1111594820764417,2.1111594820764417,75-100%
18.0,20.11115948207644,2.1111594820764417,2.1111594820764417,75-100%
18.0,20.11115948207644,2.1111594820764417,2.1111594820764417,75-100%
18.0,19.43088215705748,1.4308821570574786,1.4308821570574786,75-100%
18.0,19.314143587501807,1.3141435875018068,1.3141435875018068,75-100%
18.0,20.11115948207644,2.1111594820764417,2.1111594820764417,75-100%
18.0,20.11115948207644,2.1111594820764417,2.1111594820764417,75-100%
18.0,20.11115948207644,2.1111594820764417,2.1111594820764417,75-100%
18.0,20.624396810011202,2.624396810011202,2.624396810011202,75-100%
18.0,20.822672872339762,2.822672872339762,2.822672872339762,75-100%
18.0,19.838356477574116,1.8383564775741164,1.8383564775741164,75-100%
18.0,19.838356477574116,1.8383564775741164,1.8383564775741164,75-100%
18.0,19.929492688546173,1.9294926885461727,1.9294926885461727,75-100%
18.0,19.314143587501807,1.3141435875018068,1.3141435875018068,75-100%
34.0,17.10618034831952,-16.89381965168048,16.89381965168048,75-100%
34.0,17.238941954855857,-16.761058045144143,16.761058045144143,75-100%
34.0,16.783102645732946,-17.216897354267054,17.216897354267054,75-100%
34.0,16.783102645732946,-17.216897354267054,17.216897354267054,75-100%
34.0,16.587843258900442,-17.412156741099558,17.412156741099558,75-100%
34.0,16.4662264686082,-17.5337735313918,17.5337735313918,75-100%
34.0,16.4662264686082,-17.5337735313918,17.5337735313918,75-100%
31.5,17.89789707013764,-13.602102929862362,13.602102929862362,75-100%
31.5,17.89789707013764,-13.602102929862362,13.602102929862362,75-100%
34.0,16.587843258900442,-17.412156741099558,17.412156741099558,75-100%
34.0,16.4662264686082,-17.5337735313918,17.5337735313918,75-100%
31.5,17.244400314864976,-14.255599685135024,14.255599685135024,75-100%
31.5,17.37143550538472,-14.12856449461528,14.12856449461528,75-100%
31.5,17.37143550538472,-14.12856449461528,14.12856449461528,75-100%
31.5,17.52080078582996,-13.979199214170041,13.979199214170041,75-100%
31.5,17.690856091026355,-13.809143908973645,13.809143908973645,75-100%
29.0,18.077467062195367,-10.922532937804633,10.922532937804633,75-100%
34.0,16.4662264686082,-17.5337735313918,17.5337735313918,75-100%
34.0,16.453135456307027,-17.546864543692973,17.546864543692973,75-100%
31.5,17.37143550538472,-14.12856449461528,14.12856449461528,75-100%
31.5,18.253397885869134,-13.246602114130866,13.246602114130866,75-100%
31.5,17.52080078582996,-13.979199214170041,13.979199214170041,75-100%
31.5,18.19251235846711,-13.30748764153289,13.30748764153289,75-100%
31.5,17.664866919519078,-13.835133080480922,13.835133080480922,75-100%
29.0,17.978283120425637,-11.021716879574363,11.021716879574363,75-100%
34.0,16.4662264686082,-17.5337735313918,17.5337735313918,75-100%
34.0,16.4662264686082,-17.5337735313918,17.5337735313918,75-100%
31.5,17.35766603499434,-14.142333965005658,14.142333965005658,75-100%
31.5,17.244400314864976,-14.255599685135024,14.255599685135024,75-100%
29.0,18.338067961778236,-10.661932038221764,10.661932038221764,75-100%
34.0,16.287697256959383,-17.712302743040617,17.712302743040617,75-100%
31.5,17.577953508110838,-13.922046491889162,13.922046491889162,75-100%
31.5,17.37143550538472,-14.12856449461528,14.12856449461528,75-100%
31.5,17.244400314864976,-14.255599685135024,14.255599685135024,75-100%
29.0,17.651887764152693,-11.348112235847307,11.348112235847307,75-100%
29.0,17.61739345592476,-11.38260654407524,11.38260654407524,75-100%
29.0,17.61739345592476,-11.38260654407524,11.38260654407524,75-100%
29.0,17.4971814769332,-11.5028185230668,11.5028185230668,75-100%
29.0,17.61739345592476,-11.38260654407524,11.38260654407524,75-100%
29.0,17.651887764152693,-11.348112235847307,11.348112235847307,75-100%
29.0,17.531453056395915,-11.468546943604085,11.468546943604085,75-100%
17.0,19.65520947100629,2.655209471006291,2.655209471006291,75-100%
17.0,19.78944633352998,2.7894463335299804,2.7894463335299804,75-100%
17.0,20.189576538476746,3.1895765384767465,3.1895765384767465,75-100%
17.0,20.052756046622513,3.0527560466225125,3.0527560466225125,75-100%
17.0,19.65520947100629,2.655209471006291,2.655209471006291,75-100%
17.0,19.693479444925686,2.6934794449256856,2.6934794449256856,75-100%
17.0,19.65520947100629,2.655209471006291,2.655209471006291,75-100%
13.0,20.33508719891785,7.335087198917851,7.335087198917851,50-75%
15.0,19.74072988237647,4.7407298823764705,4.7407298823764705,50-75%
15.0,19.779158308521556,4.779158308521556,4.779158308521556,50-75%
15.0,19.779158308521556,4.779158308521556,4.779158308521556,50-75%
15.0,19.779158308521556,4.779158308521556,4.779158308521556,50-75%
15.0,19.298005181521194,4.298005181521194,4.298005181521194,50-75%
17.0,19.693479444925686,2.6934794449256856,2.6934794449256856,75-100%
17.0,19.65520947100629,2.655209471006291,2.655209471006291,75-100%
13.0,21.020163153393536,8.020163153393536,8.020163153393536,50-75%
13.0,21.00288314794924,8.002883147949241,8.002883147949241,50-75%
15.0,20.541686696997544,5.5416866969975445,5.5416866969975445,50-75%
15.0,19.74072988237647,4.7407298823764705,4.7407298823764705,50-75%
15.0,19.980374438412827,4.980374438412827,4.980374438412827,50-75%
15.0,19.941573888475627,4.941573888475627,4.941573888475627,50-75%
15.0,20.07767181471758,5.077671814717579,5.077671814717579,50-75%
15.0,19.627754863780105,4.627754863780105,4.627754863780105,50-75%
17.0,19.77386455356303,2.7738645535630297,2.7738645535630297,75-100%
17.0,19.78944633352998,2.7894463335299804,2.7894463335299804,75-100%
13.0,21.006330213655747,8.006330213655747,8.006330213655747,50-75%
13.0,21.006330213655747,8.006330213655747,8.006330213655747,50-75%
15.0,21.257110997856802,6.2571109978568025,6.2571109978568025,50-75%
15.0,21.257110997856802,6.2571109978568025,6.2571109978568025,50-75%
15.0,19.580384447768864,4.580384447768864,4.580384447768864,50-75%
15.0,20.07767181471758,5.077671814717579,5.077671814717579,50-75%
17.0,20.625522282975197,3.625522282975197,3.625522282975197,75-100%
24.0,20.590752305869668,-3.4092476941303325,3.4092476941303325,75-100%
24.0,20.43634736884468,-3.563652631155321,3.563652631155321,75-100%
24.0,20.43634736884468,-3.563652631155321,3.563652631155321,75-100%
24.0,20.43634736884468,-3.563652631155321,3.563652631155321,75-100%
24.0,20.43634736884468,-3.563652631155321,3.563652631155321,75-100%
13.0,21.122320093005186,8.122320093005186,8.122320093005186,50-75%
13.0,21.10842297886598,8.108422978865981,8.108422978865981,50-75%
15.0,21.551716388719704,6.551716388719704,6.551716388719704,50-75%
15.0,21.215949285073023,6.215949285073023,6.215949285073023,50-75%
15.0,20.66543420084308,5.66543420084308,5.66543420084308,50-75%
15.0,20.218802190662046,5.218802190662046,5.218802190662046,50-75%
15.0,20.218802190662046,5.218802190662046,5.218802190662046,50-75%
17.0,20.521123856791434,3.5211238567914336,3.5211238567914336,75-100%
24.0,20.41441632477363,-3.5855836752263706,3.5855836752263706,75-100%
24.0,20.447148017443233,-3.552851982556767,3.552851982556767,75-100%
24.0,20.683992539914392,-3.3160074600856078,3.3160074600856078,75-100%
24.0,20.469418526371854,-3.5305814736281462,3.5305814736281462,75-100%
24.0,20.518145530647256,-3.4818544693527436,3.4818544693527436,75-100%
24.0,20.518145530647256,-3.4818544693527436,3.4818544693527436,75-100%
13.0,20.725353243049526,7.7253532430495255,7.7253532430495255,50-75%
13.0,20.65183607063112,7.65183607063112,7.65183607063112,50-75%
13.0,21.16327076109515,8.163270761095148,8.163270761095148,50-75%
15.0,20.457647879626336,5.457647879626336,5.457647879626336,50-75%
24.0,20.273986962479256,-3.726013037520744,3.726013037520744,75-100%
24.0,20.31336727952503,-3.6866327204749716,3.6866327204749716,75-100%
24.0,20.776986914131935,-3.2230130858680646,3.2230130858680646,75-100%
24.0,20.86959071591804,-3.13040928408196,3.13040928408196,75-100%
24.0,20.52495857817904,-3.4750414218209613,3.4750414218209613,75-100%
13.0,21.178191268663188,8.178191268663188,8.178191268663188,50-75%
13.0,21.10495992137591,8.104959921375912,8.104959921375912,50-75%
13.0,20.457647879626336,7.457647879626336,7.457647879626336,50-75%
18.5,21.893841982528645,3.393841982528645,3.393841982528645,75-100%
24.0,20.643927425385993,-3.356072574614007,3.356072574614007,75-100%
24.0,20.829182675050586,-3.1708173249494145,3.1708173249494145,75-100%
13.0,22.289125298480194,9.289125298480194,9.289125298480194,50-75%
13.0,22.289125298480194,9.289125298480194,9.289125298480194,50-75%
18.5,21.481847197413977,2.981847197413977,2.981847197413977,75-100%
18.5,21.613241399797314,3.113241399797314,3.113241399797314,75-100%
18.5,24.02649530990655,5.526495309906551,5.526495309906551,75-100%
24.0,23.293716369633206,-0.7062836303667943,0.7062836303667943,75-100%
13.0,22.293733833375438,9.293733833375438,9.293733833375438,50-75%
13.0,22.182630338145366,9.182630338145366,9.182630338145366,50-75%
13.0,21.70486586933904,8.704865869339041,8.704865869339041,50-75%
18.5,21.832217974844546,3.3322179748445464,3.3322179748445464,75-100%
18.5,21.8789552294282,3.3789552294282004,3.3789552294282004,75-100%
18.5,21.79003130528101,3.2900313052810084,3.2900313052810084,75-100%
18.5,23.921035888649605,5.421035888649605,5.421035888649605,75-100%
24.0,22.95465841948883,-1.0453415805111703,1.0453415805111703,75-100%
13.0,21.114144245011914,8.114144245011914,8.114144245011914,50-75%
13.0,21.114144245011914,8.114144245011914,8.114144245011914,50-75%
13.0,21.765851636432497,8.765851636432497,8.765851636432497,50-75%
13.0,21.539176031289585,8.539176031289585,8.539176031289585,50-75%
13.0,21.70486586933904,8.704865869339041,8.704865869339041,50-75%
13.0,21.571459329227352,8.571459329227352,8.571459329227352,50-75%
13.0,23.709576039927594,10.709576039927594,10.709576039927594,50-75%
13.0,21.343570173655714,8.343570173655714,8.343570173655714,50-75%
13.0,21.55826119745773,8.558261197457728,8.558261197457728,50-75%
13.0,21.706717523920876,8.706717523920876,8.706717523920876,50-75%
13.0,24.833531240828467,11.833531240828467,11.833531240828467,50-75%
13.0,24.25708295948552,11.257082959485519,11.257082959485519,50-75%
13.0,21.114144245011914,8.114144245011914,8.114144245011914,50-75%
13.0,21.114144245011914,8.114144245011914,8.114144245011914,50-75%
13.0,21.21590283160028,8.215902831600278,8.215902831600278,50-75%
13.0,21.46722834450474,8.46722834450474,8.46722834450474,50-75%
13.0,24.835360940426696,11.835360940426696,11.835360940426696,50-75%
35.0,21.554421910869,-13.445578089131,13.445578089131,75-100%
35.0,20.920882681827464,-14.079117318172536,14.079117318172536,75-100%
35.0,21.16988134441631,-13.83011865558369,13.83011865558369,75-100%
35.0,21.670405938549045,-13.329594061450955,13.329594061450955,75-100%
35.0,20.671020340311124,-14.328979659688876,14.328979659688876,75-100%
35.0,21.4299574460621,-13.570042553937899,13.570042553937899,75-100%
35.0,21.344693161285104,-13.655306838714896,13.655306838714896,75-100%
35.0,20.59089396794184,-14.409106032058158,14.409106032058158,75-100%
35.0,21.554421910869,-13.445578089131,13.445578089131,75-100%
35.0,21.112743971816254,-13.887256028183746,13.887256028183746,75-100%
35.0,19.844007612100608,-15.155992387899392,15.155992387899392,75-100%
35.0,20.982606767965677,-14.017393232034323,14.017393232034323,75-100%
6.0,21.069719622024344,15.069719622024344,15.069719622024344,25-50%
6.0,24.537379942544113,18.537379942544113,18.537379942544113,25-50%
6.0,24.459860274200274,18.459860274200274,18.459860274200274,25-50%
6.0,24.459860274200274,18.459860274200274,18.459860274200274,25-50%
6.0,24.35486102075185,18.35486102075185,18.35486102075185,25-50%
6.0,25.576619220320623,19.576619220320623,19.576619220320623,25-50%
35.0,21.554421910869,-13.445578089131,13.445578089131,75-100%
35.0,19.093851060488774,-15.906148939511226,15.906148939511226,75-100%
35.0,19.64929106902155,-15.350708930978449,15.350708930978449,75-100%
35.0,21.23606163596097,-13.763938364039031,13.763938364039031,75-100%
6.0,20.716919083092005,14.716919083092005,14.716919083092005,25-50%
6.0,20.927216071361716,14.927216071361716,14.927216071361716,25-50%
6.0,24.6720897751393,18.6720897751393,18.6720897751393,25-50%
6.0,24.6720897751393,18.6720897751393,18.6720897751393,25-50%
6.0,24.168259010490107,18.168259010490107,18.168259010490107,25-50%
6.0,24.459860274200274,18.459860274200274,18.459860274200274,25-50%
35.0,21.696312620427868,-13.303687379572132,13.303687379572132,75-100%
35.0,22.67072981899829,-12.32927018100171,12.32927018100171,75-100%
35.0,21.206804295812688,-13.793195704187312,13.793195704187312,75-100%
35.0,19.72487982659326,-15.27512017340674,15.27512017340674,75-100%
35.0,21.23606163596097,-13.763938364039031,13.763938364039031,75-100%
6.0,21.277100597523912,15.277100597523912,15.277100597523912,25-50%
6.0,20.770612005347026,14.770612005347026,14.770612005347026,25-50%
10.0,25.588050060751325,15.588050060751325,15.588050060751325,50-75%
10.0,24.569662458757605,14.569662458757605,14.569662458757605,50-75%
10.0,24.6720897751393,14.672089775139298,14.672089775139298,50-75%
10.0,24.677776952574945,14.677776952574945,14.677776952574945,50-75%
6.0,25.193934306863678,19.193934306863678,19.193934306863678,25-50%
35.0,22.370677101942366,-12.629322898057634,12.629322898057634,75-100%
35.0,22.63402837794156,-12.365971622058439,12.365971622058439,75-100%
35.0,20.96133882830169,-14.038661171698308,14.038661171698308,75-100%
35.0,19.3477712520739,-15.652228747926099,15.652228747926099,75-100%
35.0,21.561069234596886,-13.438930765403114,13.438930765403114,75-100%
6.0,25.869542570493756,19.869542570493756,19.869542570493756,25-50%
10.0,24.788518958760495,14.788518958760495,14.788518958760495,50-75%
10.0,24.794231928931826,14.794231928931826,14.794231928931826,50-75%
10.0,24.96186696406466,14.961866964064662,14.961866964064662,50-75%
10.0,24.554306522480957,14.554306522480957,14.554306522480957,50-75%
10.0,25.14263863422699,15.14263863422699,15.14263863422699,50-75%
6.0,25.588050060751325,19.588050060751325,19.588050060751325,25-50%
10.0,24.96186696406466,14.961866964064662,14.961866964064662,50-75%
10.0,24.80390175744515,14.80390175744515,14.80390175744515,50-75%
10.0,25.61429589684068,15.61429589684068,15.61429589684068,50-75%
10.0,25.14263863422699,15.14263863422699,15.14263863422699,50-75%
14.0,23.43724733135394,9.437247331353941,9.437247331353941,50-75%
14.0,23.268268137016797,9.268268137016797,9.268268137016797,50-75%
10.0,24.920776866923614,14.920776866923614,14.920776866923614,50-75%
10.0,25.388431369322124,15.388431369322124,15.388431369322124,50-75%
14.0,23.062313377300175,9.062313377300175,9.062313377300175,50-75%
14.0,23.268268137016797,9.268268137016797,9.268268137016797,50-75%
14.0,23.1062283314989,9.106228331498901,9.106228331498901,50-75%
14.0,23.126286392586632,9.126286392586632,9.126286392586632,50-75%
11.0,19.216016282837426,8.216016282837426,8.216016282837426,50-75%
11.0,19.216016282837426,8.216016282837426,8.216016282837426,50-75%
9.0,20.43230128911778,11.432301289117781,11.432301289117781,50-75%
11.0,19.216016282837426,8.216016282837426,8.216016282837426,50-75%
9.0,21.12679147769763,12.12679147769763,12.12679147769763,50-75%
9.0,21.12679147769763,12.12679147769763,12.12679147769763,50-75%
9.0,21.12679147769763,12.12679147769763,12.12679147769763,50-75%
11.0,19.216016282837426,8.216016282837426,8.216016282837426,50-75%
9.0,21.12679147769763,12.12679147769763,12.12679147769763,50-75%
9.0,21.12679147769763,12.12679147769763,12.12679147769763,50-75%
9.0,21.12679147769763,12.12679147769763,12.12679147769763,50-75%
9.0,20.43704921970517,11.43704921970517,11.43704921970517,50-75%
7.0,20.6046390186018,13.604639018601802,13.604639018601802,25-50%
11.0,19.332190947686435,8.332190947686435,8.332190947686435,50-75%
11.0,19.216016282837426,8.216016282837426,8.216016282837426,50-75%
9.0,21.253946726691353,12.253946726691353,12.253946726691353,50-75%
9.0,21.184831331437067,12.184831331437067,12.184831331437067,50-75%
9.0,20.31579854351735,11.31579854351735,11.31579854351735,50-75%
9.0,20.39325749858606,11.39325749858606,11.39325749858606,50-75%
9.0,20.39325749858606,11.39325749858606,11.39325749858606,50-75%
7.0,20.43704921970517,13.43704921970517,13.43704921970517,25-50%
7.0,20.255121844576845,13.255121844576845,13.255121844576845,25-50%
7.0,20.353729569850675,13.353729569850675,13.353729569850675,25-50%
11.0,19.216016282837426,8.216016282837426,8.216016282837426,50-75%
11.0,19.216016282837426,8.216016282837426,8.216016282837426,50-75%
9.0,21.253946726691353,12.253946726691353,12.253946726691353,50-75%
9.0,21.253946726691353,12.253946726691353,12.253946726691353,50-75%
9.0,21.253946726691353,12.253946726691353,12.253946726691353,50-75%
9.0,20.39325749858606,11.39325749858606,11.39325749858606,50-75%
11.0,19.332190947686435,8.332190947686435,8.332190947686435,50-75%
11.0,19.30666915838859,8.30666915838859,8.30666915838859,50-75%
9.0,21.226012671730658,12.226012671730658,12.226012671730658,50-75%
9.0,21.226012671730658,12.226012671730658,12.226012671730658,50-75%
9.0,21.253946726691353,12.253946726691353,12.253946726691353,50-75%
7.0,21.12679147769763,14.12679147769763,14.12679147769763,25-50%
7.0,20.255121844576845,13.255121844576845,13.255121844576845,25-50%
34.0,20.872211531693825,-13.127788468306175,13.127788468306175,75-100%
34.0,20.542761374274587,-13.457238625725413,13.457238625725413,75-100%
34.0,21.414864183893336,-12.585135816106664,12.585135816106664,75-100%
34.0,21.190770487125977,-12.809229512874023,12.809229512874023,75-100%
34.0,21.219100878111306,-12.780899121888694,12.780899121888694,75-100%
13.0,15.408409654566904,2.4084096545669045,2.4084096545669045,50-75%
13.0,15.51604996643502,2.5160499664350198,2.5160499664350198,50-75%
34.0,21.135386080027516,-12.864613919972484,12.864613919972484,75-100%
34.0,21.53013054887591,-12.46986945112409,12.46986945112409,75-100%
34.0,21.219100878111306,-12.780899121888694,12.780899121888694,75-100%
13.0,15.658753570903405,2.6587535709034054,2.6587535709034054,50-75%
13.0,15.314455997449366,2.3144559974493664,2.3144559974493664,50-75%
13.0,14.934914814409609,1.934914814409609,1.934914814409609,50-75%
13.0,15.25841654885355,2.2584165488535497,2.2584165488535497,50-75%
13.0,15.61096216588299,2.61096216588299,2.61096216588299,50-75%
13.0,15.25841654885355,2.2584165488535497,2.2584165488535497,50-75%
34.0,21.135386080027516,-12.864613919972484,12.864613919972484,75-100%
34.0,21.60671805491097,-12.39328194508903,12.39328194508903,75-100%
34.0,21.60671805491097,-12.39328194508903,12.39328194508903,75-100%
34.0,21.219100878111306,-12.780899121888694,12.780899121888694,75-100%
13.0,15.465280522688845,2.465280522688845,2.465280522688845,50-75%
13.0,15.358964675576868,2.3589646755768676,2.3589646755768676,50-75%
13.0,15.326321572612498,2.326321572612498,2.326321572612498,50-75%
13.0,14.701077949763272,1.7010779497632722,1.7010779497632722,50-75%
13.0,15.14322918152632,2.143229181526319,2.143229181526319,50-75%
13.0,14.962397198091042,1.9623971980910415,1.9623971980910415,50-75%
34.0,21.414864183893336,-12.585135816106664,12.585135816106664,75-100%
34.0,21.0772403216143,-12.922759678385699,12.922759678385699,75-100%
34.0,21.0772403216143,-12.922759678385699,12.922759678385699,75-100%
34.0,21.53013054887591,-12.46986945112409,12.46986945112409,75-100%
13.0,15.154857953088547,2.1548579530885466,2.1548579530885466,50-75%
13.0,15.124981585792186,2.1249815857921863,2.1249815857921863,50-75%
13.0,16.75544827274399,3.7554482727439904,3.7554482727439904,50-75%
13.0,14.823801865874403,1.8238018658744028,1.8238018658744028,50-75%
13.0,14.881086553278575,1.8810865532785748,1.8810865532785748,50-75%
13.0,14.595292458652663,1.5952924586526631,1.5952924586526631,50-75%
46.0,16.394148675748855,-29.605851324251145,29.605851324251145,75-100%
46.0,19.265676807285388,-26.734323192714612,26.734323192714612,75-100%
46.0,19.147191599028467,-26.852808400971533,26.852808400971533,75-100%
34.0,21.0772403216143,-12.922759678385699,12.922759678385699,75-100%
34.0,21.53013054887591,-12.46986945112409,12.46986945112409,75-100%
34.0,20.960855184201687,-13.039144815798313,13.039144815798313,75-100%
34.0,21.190770487125977,-12.809229512874023,12.809229512874023,75-100%
34.0,21.219100878111306,-12.780899121888694,12.780899121888694,75-100%
34.0,21.219100878111306,-12.780899121888694,12.780899121888694,75-100%
9.0,16.557329184387953,7.557329184387953,7.557329184387953,50-75%
9.0,16.557329184387953,7.557329184387953,7.557329184387953,50-75%
13.0,15.20597285127023,2.2059728512702304,2.2059728512702304,50-75%
13.0,15.062959421241777,2.062959421241777,2.062959421241777,50-75%
13.0,14.881086553278575,1.8810865532785748,1.8810865532785748,50-75%
46.0,16.400381274584227,-29.599618725415773,29.599618725415773,75-100%
46.0,19.142449436558785,-26.857550563441215,26.857550563441215,75-100%
34.0,21.089194790105495,-12.910805209894505,12.910805209894505,75-100%
9.0,16.976293166188704,7.976293166188704,7.976293166188704,50-75%
9.0,16.604765122960586,7.604765122960586,7.604765122960586,50-75%
9.0,16.58441594451656,7.584415944516561,7.584415944516561,50-75%
9.0,16.624325544762904,7.624325544762904,7.624325544762904,50-75%
9.0,16.624325544762904,7.624325544762904,7.624325544762904,50-75%
13.0,16.75544827274399,3.7554482727439904,3.7554482727439904,50-75%
13.0,16.28380099561962,3.2838009956196217,3.2838009956196217,50-75%
13.0,14.881086553278575,1.8810865532785748,1.8810865532785748,50-75%
46.0,16.396285644946072,-29.603714355053928,29.603714355053928,75-100%
46.0,16.400381274584227,-29.599618725415773,29.599618725415773,75-100%
46.0,16.368230659005974,-29.631769340994026,29.631769340994026,75-100%
46.0,16.339998187525236,-29.660001812474764,29.660001812474764,75-100%
46.0,19.147191599028467,-26.852808400971533,26.852808400971533,75-100%
46.0,19.107985544321306,-26.892014455678694,26.892014455678694,75-100%
46.0,19.294007174051437,-26.705992825948563,26.705992825948563,75-100%
9.0,16.41624417370309,7.416244173703092,7.416244173703092,50-75%
9.0,15.457145210906543,6.457145210906543,6.457145210906543,50-75%
9.0,16.75544827274399,7.75544827274399,7.75544827274399,50-75%
9.0,16.544169890207172,7.544169890207172,7.544169890207172,50-75%
9.0,16.727346553583356,7.727346553583356,7.727346553583356,50-75%
46.0,16.36285495537949,-29.63714504462051,29.63714504462051,75-100%
46.0,16.36285495537949,-29.63714504462051,29.63714504462051,75-100%
46.0,19.147191599028467,-26.852808400971533,26.852808400971533,75-100%
9.0,16.795091525890083,7.795091525890083,7.795091525890083,50-75%
9.0,16.727346553583356,7.727346553583356,7.727346553583356,50-75%
9.0,16.8790789054403,7.8790789054402985,7.8790789054402985,50-75%
9.0,16.55609093065258,7.55609093065258,7.55609093065258,50-75%
9.0,16.474853231465758,7.474853231465758,7.474853231465758,50-75%
9.0,16.113688781889664,7.113688781889664,7.113688781889664,50-75%
9.0,19.162946265087164,10.162946265087164,10.162946265087164,50-75%
9.0,19.310773944717262,10.310773944717262,10.310773944717262,50-75%
9.0,17.32945753560739,8.32945753560739,8.32945753560739,50-75%
9.0,14.980235973026973,5.980235973026973,5.980235973026973,50-75%
9.0,15.012947309166156,6.012947309166156,6.012947309166156,50-75%
9.0,16.39972612867011,7.39972612867011,7.39972612867011,50-75%
9.0,19.420107439048667,10.420107439048667,10.420107439048667,50-75%
9.0,19.12642502546579,10.126425025465789,10.126425025465789,50-75%
9.0,19.12642502546579,10.126425025465789,10.126425025465789,50-75%
9.0,15.443146380044816,6.443146380044816,6.443146380044816,50-75%
9.0,16.23285086326165,7.23285086326165,7.23285086326165,50-75%
9.0,19.601788406391357,10.601788406391357,10.601788406391357,50-75%
9.0,19.12642502546579,10.126425025465789,10.126425025465789,50-75%
16.0,17.675303946020637,1.6753039460206374,1.6753039460206374,75-100%
16.0,18.579987366536034,2.5799873665360344,2.5799873665360344,75-100%
16.0,19.58719413483633,3.5871941348363308,3.5871941348363308,75-100%
16.0,18.543776655434804,2.5437766554348045,2.5437766554348045,75-100%
16.0,19.469562425349153,3.469562425349153,3.469562425349153,75-100%
16.0,19.58719413483633,3.5871941348363308,3.5871941348363308,75-100%
16.0,19.469562425349153,3.469562425349153,3.469562425349153,75-100%
16.0,19.469562425349153,3.469562425349153,3.469562425349153,75-100%
16.0,18.1310377224884,2.1310377224884007,2.1310377224884007,75-100%
16.0,18.021726241923307,2.0217262419233073,2.0217262419233073,75-100%
16.0,19.58719413483633,3.5871941348363308,3.5871941348363308,75-100%
16.0,18.021726241923307,2.0217262419233073,2.0217262419233073,75-100%
16.0,18.021726241923307,2.0217262419233073,2.0217262419233073,75-100%
16.0,18.1310377224884,2.1310377224884007,2.1310377224884007,75-100%
16.0,18.021726241923307,2.0217262419233073,2.0217262419233073,75-100%
16.0,17.330407471866042,1.3304074718660424,1.3304074718660424,75-100%
16.0,18.021726241923307,2.0217262419233073,2.0217262419233073,75-100%
16.0,18.021726241923307,2.0217262419233073,2.0217262419233073,75-100%
16.0,18.1310377224884,2.1310377224884007,2.1310377224884007,75-100%
16.0,18.224825701390817,2.2248257013908166,2.2248257013908166,75-100%
16.0,17.303591754397612,1.3035917543976119,1.3035917543976119,75-100%
16.0,18.021726241923307,2.0217262419233073,2.0217262419233073,75-100%
16.0,18.1310377224884,2.1310377224884007,2.1310377224884007,75-100%
16.0,18.021726241923307,2.0217262419233073,2.0217262419233073,75-100%
16.0,18.33530432642713,2.3353043264271314,2.3353043264271314,75-100%
16.0,17.330407471866042,1.3304074718660424,1.3304074718660424,75-100%
16.0,18.021726241923307,2.0217262419233073,2.0217262419233073,75-100%
16.0,18.021726241923307,2.0217262419233073,2.0217262419233073,75-100%
16.0,18.021726241923307,2.0217262419233073,2.0217262419233073,75-100%
16.0,16.34475026647099,0.3447502664709887,0.3447502664709887,75-100%
16.0,16.19843880739461,0.19843880739460928,0.19843880739460928,75-100%
16.0,15.959082247256822,-0.040917752743178326,0.040917752743178326,75-100%
16.0,15.793916446492233,-0.2060835535077672,0.2060835535077672,75-100%
16.0,14.017228826104292,-1.9827711738957081,1.9827711738957081,75-100%
16.0,15.97180268679453,-0.028197313205469143,0.028197313205469143,75-100%
16.0,15.793916446492233,-0.2060835535077672,0.2060835535077672,75-100%
16.0,14.560021029390063,-1.4399789706099373,1.4399789706099373,75-100%
16.0,14.531244737777776,-1.4687552622222242,1.4687552622222242,75-100%
16.0,15.793916446492233,-0.2060835535077672,0.2060835535077672,75-100%
16.0,14.531244737777776,-1.4687552622222242,1.4687552622222242,75-100%
16.0,14.531244737777776,-1.4687552622222242,1.4687552622222242,75-100%
16.0,14.910721620268596,-1.0892783797314038,1.0892783797314038,75-100%
16.0,14.314501309316368,-1.685498690683632,1.685498690683632,75-100%
16.0,14.531244737777776,-1.4687552622222242,1.4687552622222242,75-100%
16.0,14.560021029390063,-1.4399789706099373,1.4399789706099373,75-100%
16.0,14.342876018685391,-1.6571239813146086,1.6571239813146086,75-100%
16.0,14.531244737777776,-1.4687552622222242,1.4687552622222242,75-100%
16.0,15.793916446492233,-0.2060835535077672,0.2060835535077672,75-100%
16.0,15.781329333461207,-0.2186706665387934,0.2186706665387934,75-100%
16.0,14.314501309316368,-1.685498690683632,1.685498690683632,75-100%
16.0,14.910721620268596,-1.0892783797314038,1.0892783797314038,75-100%
16.0,14.342876018685391,-1.6571239813146086,1.6571239813146086,75-100%
16.0,14.314501309316368,-1.685498690683632,1.685498690683632,75-100%
16.0,14.531244737777776,-1.4687552622222242,1.4687552622222242,75-100%
16.0,15.781329333461207,-0.2186706665387934,0.2186706665387934,75-100%
16.0,15.781329333461207,-0.2186706665387934,0.2186706665387934,75-100%
16.0,15.781329333461207,-0.2186706665387934,0.2186706665387934,75-100%
16.0,14.314501309316368,-1.685498690683632,1.685498690683632,75-100%
16.0,14.531244737777776,-1.4687552622222242,1.4687552622222242,75-100%
16.0,15.793916446492233,-0.2060835535077672,0.2060835535077672,75-100%
16.0,15.793916446492233,-0.2060835535077672,0.2060835535077672,75-100%
16.0,14.519604002655043,-1.4803959973449565,1.4803959973449565,75-100%
16.0,15.781329333461207,-0.2186706665387934,0.2186706665387934,75-100%
16.0,14.519604002655043,-1.4803959973449565,1.4803959973449565,75-100%
16.0,15.781329333461207,-0.2186706665387934,0.2186706665387934,75-100%
16.0,15.793916446492233,-0.2060835535077672,0.2060835535077672,75-100%
16.0,15.793916446492233,-0.2060835535077672,0.2060835535077672,75-100%
29.0,16.844033770047975,-12.155966229952025,12.155966229952025,75-100%
29.0,16.533720176349117,-12.466279823650883,12.466279823650883,75-100%
29.0,16.683037520291307,-12.316962479708693,12.316962479708693,75-100%
29.0,16.900641440100593,-12.099358559899407,12.099358559899407,75-100%
29.0,16.36285495537949,-12.63714504462051,12.63714504462051,75-100%
29.0,16.36285495537949,-12.63714504462051,12.63714504462051,75-100%
29.0,16.58239894580574,-12.417601054194261,12.417601054194261,75-100%
29.0,16.294399898465294,-12.705600101534706,12.705600101534706,75-100%
29.0,16.36285495537949,-12.63714504462051,12.63714504462051,75-100%
29.0,16.36285495537949,-12.63714504462051,12.63714504462051,75-100%
29.0,16.36285495537949,-12.63714504462051,12.63714504462051,75-100%
29.0,16.36285495537949,-12.63714504462051,12.63714504462051,75-100%
29.0,16.900641440100593,-12.099358559899407,12.099358559899407,75-100%
29.0,16.358768158530843,-12.641231841469157,12.641231841469157,75-100%
8.0,11.238129039690435,3.2381290396904348,3.2381290396904348,25-50%
8.0,13.370131694939513,5.370131694939513,5.370131694939513,25-50%
8.0,13.541750340570779,5.541750340570779,5.541750340570779,25-50%
8.0,11.238129039690435,3.2381290396904348,3.2381290396904348,25-50%
8.0,12.555398642504008,4.555398642504008,4.555398642504008,25-50%
8.0,13.149001965435314,5.149001965435314,5.149001965435314,25-50%
8.0,14.198160789559596,6.198160789559596,6.198160789559596,25-50%
8.0,14.44920976029319,6.44920976029319,6.44920976029319,25-50%
8.0,14.001545469246963,6.001545469246963,6.001545469246963,25-50%
8.0,14.22792933950273,6.2279293395027295,6.2279293395027295,25-50%
8.0,12.274318986367975,4.274318986367975,4.274318986367975,25-50%
8.0,12.555398642504008,4.555398642504008,4.555398642504008,25-50%
8.0,12.959908160245725,4.959908160245725,4.959908160245725,25-50%
8.0,13.59453141237113,5.594531412371129,5.594531412371129,25-50%
8.0,15.36974758611132,7.36974758611132,7.36974758611132,25-50%
8.0,15.339416993043619,7.339416993043619,7.339416993043619,25-50%
8.0,15.36974758611132,7.36974758611132,7.36974758611132,25-50%
8.0,12.522580545050886,4.522580545050886,4.522580545050886,25-50%
8.0,14.51617839860049,6.5161783986004895,6.5161783986004895,25-50%
8.0,13.395943278827183,5.395943278827183,5.395943278827183,25-50%
8.0,13.299805976682041,5.299805976682041,5.299805976682041,25-50%
8.0,15.450903552212857,7.450903552212857,7.450903552212857,25-50%
8.0,15.390321381128757,7.390321381128757,7.390321381128757,25-50%
8.0,15.390321381128757,7.390321381128757,7.390321381128757,25-50%
8.0,14.535679412415611,6.535679412415611,6.535679412415611,25-50%
8.0,13.36906543691474,5.36906543691474,5.36906543691474,25-50%
8.0,14.541451221412299,6.541451221412299,6.541451221412299,25-50%
8.0,15.450903552212857,7.450903552212857,7.450903552212857,25-50%
8.0,15.850672509805037,7.850672509805037,7.850672509805037,25-50%
8.0,14.483730854882355,6.483730854882355,6.483730854882355,25-50%
8.0,13.411033748128672,5.411033748128672,5.411033748128672,25-50%
8.0,14.10192141821983,6.101921418219829,6.101921418219829,25-50%
8.0,14.483730854882355,6.483730854882355,6.483730854882355,25-50%
8.0,15.450903552212857,7.450903552212857,7.450903552212857,25-50%
16.0,12.296874265687853,-3.703125734312147,3.703125734312147,75-100%
16.0,11.964180603999063,-4.035819396000937,4.035819396000937,75-100%
16.0,13.081345246616165,-2.9186547533838354,2.9186547533838354,75-100%
16.0,13.014191760143063,-2.9858082398569366,2.9858082398569366,75-100%
16.0,13.877599208260945,-2.1224007917390555,2.1224007917390555,75-100%
16.0,13.877599208260945,-2.1224007917390555,2.1224007917390555,75-100%
16.0,13.877599208260945,-2.1224007917390555,2.1224007917390555,75-100%
16.0,13.877599208260945,-2.1224007917390555,2.1224007917390555,75-100%
16.0,14.092615472867768,-1.9073845271322316,1.9073845271322316,75-100%
16.0,13.877599208260945,-2.1224007917390555,2.1224007917390555,75-100%
16.0,14.092615472867768,-1.9073845271322316,1.9073845271322316,75-100%
16.0,14.092615472867768,-1.9073845271322316,1.9073845271322316,75-100%
16.0,14.092615472867768,-1.9073845271322316,1.9073845271322316,75-100%
16.0,12.616458827300654,-3.3835411726993456,3.3835411726993456,75-100%
16.0,14.092615472867768,-1.9073845271322316,1.9073845271322316,75-100%
16.0,14.092615472867768,-1.9073845271322316,1.9073845271322316,75-100%
16.0,14.092615472867768,-1.9073845271322316,1.9073845271322316,75-100%
16.0,12.439790285752917,-3.560209714247083,3.560209714247083,75-100%
16.0,14.092615472867768,-1.9073845271322316,1.9073845271322316,75-100%
16.0,14.092615472867768,-1.9073845271322316,1.9073845271322316,75-100%
16.0,14.092615472867768,-1.9073845271322316,1.9073845271322316,75-100%
16.0,12.47013453485577,-3.52986546514423,3.52986546514423,75-100%
16.0,14.092615472867768,-1.9073845271322316,1.9073845271322316,75-100%
16.0,14.092615472867768,-1.9073845271322316,1.9073845271322316,75-100%
14.0,17.621433907570967,3.6214339075709674,3.6214339075709674,50-75%
14.0,17.269277821849926,3.2692778218499257,3.2692778218499257,50-75%
14.0,18.264566953371823,4.264566953371823,4.264566953371823,50-75%
14.0,18.22887271081771,4.228872710817711,4.228872710817711,50-75%
14.0,18.10676110023465,4.10676110023465,4.10676110023465,50-75%
14.0,18.494111956026025,4.494111956026025,4.494111956026025,50-75%
14.0,18.19964440328865,4.1996444032886515,4.1996444032886515,50-75%
14.0,19.647929084135445,5.647929084135445,5.647929084135445,50-75%
14.0,18.392132546515313,4.392132546515313,4.392132546515313,50-75%
14.0,18.13077482336969,4.130774823369691,4.130774823369691,50-75%
14.0,17.25899831181576,3.258998311815759,3.258998311815759,50-75%
14.0,18.564699052553383,4.564699052553383,4.564699052553383,50-75%
25.0,20.409277463531573,-4.5907225364684265,4.5907225364684265,75-100%
25.0,21.716404949183442,-3.283595050816558,3.283595050816558,75-100%
14.0,19.44851631638406,5.448516316384062,5.448516316384062,50-75%
14.0,18.754129626746757,4.7541296267467565,4.7541296267467565,50-75%
14.0,18.754129626746757,4.7541296267467565,4.7541296267467565,50-75%
14.0,18.476159133588173,4.4761591335881725,4.4761591335881725,50-75%
25.0,20.553157103958114,-4.446842896041886,4.446842896041886,75-100%
25.0,20.647413983383174,-4.352586016616826,4.352586016616826,75-100%
25.0,20.669049885661487,-4.330950114338513,4.330950114338513,75-100%
14.0,19.44851631638406,5.448516316384062,5.448516316384062,50-75%
14.0,18.476159133588173,4.4761591335881725,4.4761591335881725,50-75%
25.0,21.869069053866077,-3.1309309461339225,3.1309309461339225,75-100%
25.0,21.74718461627921,-3.2528153837207903,3.2528153837207903,75-100%
25.0,21.754576108609164,-3.2454238913908355,3.2454238913908355,75-100%
25.0,21.595334159869495,-3.404665840130505,3.404665840130505,75-100%
25.0,21.716404949183442,-3.283595050816558,3.283595050816558,75-100%
25.0,21.686261607537077,-3.3137383924629233,3.3137383924629233,75-100%
25.0,21.527497739963408,-3.472502260036592,3.472502260036592,75-100%
36.0,19.573597313082665,-16.426402686917335,16.426402686917335,75-100%
36.0,21.493553036730603,-14.506446963269397,14.506446963269397,75-100%
25.0,21.716404949183442,-3.283595050816558,3.283595050816558,75-100%
25.0,21.891428775374507,-3.108571224625493,3.108571224625493,75-100%
25.0,22.112651932703354,-2.887348067296646,2.887348067296646,75-100%
25.0,21.92989403337735,-3.0701059666226485,3.0701059666226485,75-100%
25.0,21.64820504676171,-3.35179495323829,3.35179495323829,75-100%
36.0,19.73859121333805,-16.26140878666195,16.26140878666195,75-100%
36.0,21.794319218016152,-14.205680781983848,14.205680781983848,75-100%
36.0,21.642154111204324,-14.357845888795676,14.357845888795676,75-100%
36.0,21.763475772155026,-14.236524227844974,14.236524227844974,75-100%
36.0,21.253973417224202,-14.746026582775798,14.746026582775798,75-100%
36.0,21.253973417224202,-14.746026582775798,14.746026582775798,75-100%
36.0,19.73859121333805,-16.26140878666195,16.26140878666195,75-100%
36.0,19.86229667686556,-16.13770332313444,16.13770332313444,75-100%
36.0,21.725289683403684,-14.274710316596316,14.274710316596316,75-100%
36.0,21.763475772155026,-14.236524227844974,14.236524227844974,75-100%
36.0,21.42543433210708,-14.57456566789292,14.57456566789292,75-100%
36.0,21.253973417224202,-14.746026582775798,14.746026582775798,75-100%
36.0,21.253973417224202,-14.746026582775798,14.746026582775798,75-100%
36.0,19.73859121333805,-16.26140878666195,16.26140878666195,75-100%
36.0,21.763475772155026,-14.236524227844974,14.236524227844974,75-100%
36.0,21.236637524137393,-14.763362475862607,14.763362475862607,75-100%
36.0,21.60417154144801,-14.39582845855199,14.39582845855199,75-100%
14.0,15.16673322829039,1.16673322829039,1.16673322829039,50-75%
14.0,16.465307015459793,2.4653070154597927,2.4653070154597927,50-75%
14.0,14.564408983192939,0.5644089831929389,0.5644089831929389,50-75%
14.0,15.459926909017158,1.4599269090171578,1.4599269090171578,50-75%
14.0,15.16673322829039,1.16673322829039,1.16673322829039,50-75%
14.0,16.465307015459793,2.4653070154597927,2.4653070154597927,50-75%
14.0,17.430526681969564,3.430526681969564,3.430526681969564,50-75%
14.0,15.440472989989685,1.4404729899896846,1.4404729899896846,50-75%
14.0,14.969499030917909,0.969499030917909,0.969499030917909,50-75%
14.0,17.111252847546343,3.111252847546343,3.111252847546343,50-75%
14.0,16.93135712765749,2.9313571276574883,2.9313571276574883,50-75%
14.0,16.752752681353076,2.7527526813530763,2.7527526813530763,50-75%
14.0,17.042023980106286,3.0420239801062863,3.0420239801062863,50-75%
14.0,16.212875303303946,2.212875303303946,2.212875303303946,50-75%
14.0,14.927219268600178,0.9272192686001777,0.9272192686001777,50-75%
14.0,17.35868223037338,3.358682230373379,3.358682230373379,50-75%
14.0,14.80150673714749,0.8015067371474895,0.8015067371474895,50-75%
14.0,15.979845606847842,1.9798456068478423,1.9798456068478423,50-75%
14.0,16.79886236303975,2.798862363039749,2.798862363039749,50-75%
14.0,17.042023980106286,3.0420239801062863,3.0420239801062863,50-75%
14.0,17.181032950772778,3.181032950772778,3.181032950772778,50-75%
14.0,17.032102875019916,3.032102875019916,3.032102875019916,50-75%
14.0,14.969499030917909,0.969499030917909,0.969499030917909,50-75%
14.0,16.68355027586988,2.68355027586988,2.68355027586988,50-75%
14.0,16.752752681353076,2.7527526813530763,2.7527526813530763,50-75%
14.0,17.181032950772778,3.181032950772778,3.181032950772778,50-75%
14.0,16.13819462407007,2.1381946240700707,2.1381946240700707,50-75%
14.0,15.912341012735379,1.9123410127353786,1.9123410127353786,50-75%
14.0,17.032102875019916,3.032102875019916,3.032102875019916,50-75%
14.0,16.375187131525166,2.3751871315251663,2.3751871315251663,50-75%
4.0,17.003885420376648,13.003885420376648,13.003885420376648,0-25%
4.0,17.006879723436228,13.006879723436228,13.006879723436228,0-25%
4.0,17.006879723436228,13.006879723436228,13.006879723436228,0-25%
4.0,17.006879723436228,13.006879723436228,13.006879723436228,0-25%
4.0,17.89766413553755,13.89766413553755,13.89766413553755,0-25%
4.0,17.894521706954194,13.894521706954194,13.894521706954194,0-25%
4.0,17.894521706954194,13.894521706954194,13.894521706954194,0-25%
6.0,16.96568322955087,10.96568322955087,10.96568322955087,25-50%
6.0,18.60479441989274,12.604794419892741,12.604794419892741,25-50%
6.0,17.091318907862053,11.091318907862053,11.091318907862053,25-50%
6.0,17.091318907862053,11.091318907862053,11.091318907862053,25-50%
6.0,16.96568322955087,10.96568322955087,10.96568322955087,25-50%
6.0,16.96568322955087,10.96568322955087,10.96568322955087,25-50%
6.0,17.571199819649134,11.571199819649134,11.571199819649134,25-50%
6.0,17.091318907862053,11.091318907862053,11.091318907862053,25-50%
6.0,16.96568322955087,10.96568322955087,10.96568322955087,25-50%
6.0,16.96568322955087,10.96568322955087,10.96568322955087,25-50%
32.0,12.5288915919836,-19.4711084080164,19.4711084080164,75-100%
32.0,12.449245761530932,-19.550754238469068,19.550754238469068,75-100%
6.0,17.091318907862053,11.091318907862053,11.091318907862053,25-50%
6.0,16.96568322955087,10.96568322955087,10.96568322955087,25-50%
6.0,16.96568322955087,10.96568322955087,10.96568322955087,25-50%
6.0,16.96568322955087,10.96568322955087,10.96568322955087,25-50%
32.0,12.666959875769688,-19.333040124230312,19.333040124230312,75-100%
32.0,12.945380067406743,-19.054619932593255,19.054619932593255,75-100%
32.0,12.945380067406743,-19.054619932593255,19.054619932593255,75-100%
21.5,13.079584352118243,-8.420415647881757,8.420415647881757,75-100%
21.5,13.079584352118243,-8.420415647881757,8.420415647881757,75-100%
11.0,16.41510299337739,5.415102993377388,5.415102993377388,50-75%
6.0,16.96568322955087,10.96568322955087,10.96568322955087,25-50%
6.0,16.96568322955087,10.96568322955087,10.96568322955087,25-50%
6.0,16.96568322955087,10.96568322955087,10.96568322955087,25-50%
6.0,16.96568322955087,10.96568322955087,10.96568322955087,25-50%
6.0,17.091318907862053,11.091318907862053,11.091318907862053,25-50%
32.0,12.911274948470705,-19.088725051529295,19.088725051529295,75-100%
21.5,12.868916788363173,-8.631083211636827,8.631083211636827,75-100%
21.5,12.728808267057257,-8.771191732942743,8.771191732942743,75-100%
21.5,13.04515102032105,-8.45484897967895,8.45484897967895,75-100%
21.5,13.079584352118243,-8.420415647881757,8.420415647881757,75-100%
21.5,13.079584352118243,-8.420415647881757,8.420415647881757,75-100%
11.0,16.647769926143116,5.647769926143116,5.647769926143116,50-75%
11.0,16.41510299337739,5.415102993377388,5.415102993377388,50-75%
11.0,16.354643045751562,5.354643045751562,5.354643045751562,50-75%
6.0,14.594341676977844,8.594341676977844,8.594341676977844,25-50%
6.0,16.96568322955087,10.96568322955087,10.96568322955087,25-50%
6.0,16.96568322955087,10.96568322955087,10.96568322955087,25-50%
6.0,17.091318907862053,11.091318907862053,11.091318907862053,25-50%
32.0,12.114421988551461,-19.885578011448537,19.885578011448537,75-100%
32.0,12.234379306818516,-19.765620693181482,19.765620693181482,75-100%
32.0,12.234379306818516,-19.765620693181482,19.765620693181482,75-100%
21.5,13.22327269751605,-8.27672730248395,8.27672730248395,75-100%
21.5,13.079584352118243,-8.420415647881757,8.420415647881757,75-100%
21.5,12.893960122001161,-8.606039877998839,8.606039877998839,75-100%
11.0,16.354643045751562,5.354643045751562,5.354643045751562,50-75%
32.0,12.282841084605163,-19.717158915394837,19.717158915394837,75-100%
32.0,12.55343609577637,-19.44656390422363,19.44656390422363,75-100%
21.5,13.22327269751605,-8.27672730248395,8.27672730248395,75-100%
11.0,16.59283177225816,5.592831772258162,5.592831772258162,50-75%
21.0,12.687865167690017,-8.312134832309983,8.312134832309983,75-100%
21.0,12.687865167690017,-8.312134832309983,8.312134832309983,75-100%
11.0,16.827873173315126,5.827873173315126,5.827873173315126,50-75%
11.0,16.784272946428977,5.7842729464289775,5.7842729464289775,50-75%
21.0,12.563797422595908,-8.436202577404092,8.436202577404092,75-100%
21.0,12.530625510314856,-8.469374489685144,8.469374489685144,75-100%
21.0,12.222401437929536,-8.777598562070464,8.777598562070464,75-100%
14.0,15.817361791220412,1.8173617912204119,1.8173617912204119,50-75%
14.0,16.17124904458476,2.1712490445847585,2.1712490445847585,50-75%
14.0,15.285500998474756,1.285500998474756,1.285500998474756,50-75%
16.0,12.866292497830976,-3.133707502169024,3.133707502169024,75-100%
16.0,11.83909311761795,-4.160906882382051,4.160906882382051,75-100%
21.0,12.32714491623034,-8.67285508376966,8.67285508376966,75-100%
21.0,12.32714491623034,-8.67285508376966,8.67285508376966,75-100%
21.0,12.32714491623034,-8.67285508376966,8.67285508376966,75-100%
21.0,12.384700443040245,-8.615299556959755,8.615299556959755,75-100%
21.0,12.237459484595579,-8.762540515404421,8.762540515404421,75-100%
21.0,12.824001057371296,-8.175998942628704,8.175998942628704,75-100%
21.0,12.600191060582004,-8.399808939417996,8.399808939417996,75-100%
14.0,16.141248628164476,2.141248628164476,2.141248628164476,50-75%
14.0,14.408250432402879,0.4082504324028786,0.4082504324028786,50-75%
14.0,15.755742279905041,1.755742279905041,1.755742279905041,50-75%
14.0,14.835287039448508,0.8352870394485077,0.8352870394485077,50-75%
14.0,14.527695261379643,0.5276952613796428,0.5276952613796428,50-75%
14.0,15.322712110542136,1.3227121105421364,1.3227121105421364,50-75%
16.0,12.120406602183753,-3.8795933978162473,3.8795933978162473,75-100%
16.0,12.14130030914341,-3.8586996908565894,3.8586996908565894,75-100%
16.0,12.14130030914341,-3.8586996908565894,3.8586996908565894,75-100%
16.0,12.228105292220992,-3.7718947077790084,3.7718947077790084,75-100%
21.0,13.113037448438153,-7.886962551561847,7.886962551561847,75-100%
21.0,12.795616583693693,-8.204383416306307,8.204383416306307,75-100%
21.0,13.524318368716273,-7.475681631283727,7.475681631283727,75-100%
21.0,13.259538073043984,-7.740461926956016,7.740461926956016,75-100%
21.0,12.751941599203153,-8.248058400796847,8.248058400796847,75-100%
21.0,12.553271653829368,-8.446728346170632,8.446728346170632,75-100%
14.0,16.062734185335678,2.062734185335678,2.062734185335678,50-75%
14.0,15.224153530748918,1.224153530748918,1.224153530748918,50-75%
14.0,14.835287039448508,0.8352870394485077,0.8352870394485077,50-75%
14.0,14.537721567452483,0.5377215674524827,0.5377215674524827,50-75%
14.0,16.141248628164476,2.141248628164476,2.141248628164476,50-75%
14.0,15.825607287005404,1.825607287005404,1.825607287005404,50-75%
15.0,13.920649869664684,-1.0793501303353157,1.0793501303353157,50-75%
16.0,12.581059158026124,-3.4189408419738765,3.4189408419738765,75-100%
16.0,13.37862168321719,-2.6213783167828097,2.6213783167828097,75-100%
16.0,13.237532054647858,-2.7624679453521424,2.7624679453521424,75-100%
16.0,12.122676299000197,-3.8773237009998027,3.8773237009998027,75-100%
16.0,12.14130030914341,-3.8586996908565894,3.8586996908565894,75-100%
16.0,12.420198304732535,-3.5798016952674647,3.5798016952674647,75-100%
21.0,13.234339645722056,-7.765660354277944,7.765660354277944,75-100%
21.0,13.259538073043984,-7.740461926956016,7.740461926956016,75-100%
21.0,13.02048647328147,-7.979513526718531,7.979513526718531,75-100%
21.0,13.498451072694428,-7.501548927305572,7.501548927305572,75-100%
21.0,13.689347895131691,-7.310652104868309,7.310652104868309,75-100%
8.0,17.664779173573233,9.664779173573233,9.664779173573233,25-50%
8.0,17.459453698687167,9.459453698687167,9.459453698687167,25-50%
8.0,17.38798578936955,9.387985789369552,9.387985789369552,25-50%
14.0,14.437685779739704,0.437685779739704,0.437685779739704,50-75%
14.0,13.932338791597374,-0.06766120840262602,0.06766120840262602,50-75%
14.0,14.653048694683587,0.6530486946835872,0.6530486946835872,50-75%
14.0,15.018468248110093,1.0184682481100928,1.0184682481100928,50-75%
14.0,15.755742279905041,1.755742279905041,1.755742279905041,50-75%
15.0,14.04468024060537,-0.9553197593946301,0.9553197593946301,50-75%
16.0,13.429287644398677,-2.570712355601323,2.570712355601323,75-100%
16.0,12.096183301904757,-3.903816698095243,3.903816698095243,75-100%
16.0,11.991805736860218,-4.0081942631397816,4.0081942631397816,75-100%
16.0,11.867525852847516,-4.132474147152484,4.132474147152484,75-100%
16.0,12.152263392542956,-3.847736607457044,3.847736607457044,75-100%
21.0,13.69308403457811,-7.30691596542189,7.30691596542189,75-100%
21.0,13.498451072694428,-7.501548927305572,7.501548927305572,75-100%
21.0,13.589763383555939,-7.410236616444061,7.410236616444061,75-100%
21.0,13.605310610699545,-7.394689389300455,7.394689389300455,75-100%
8.0,18.508508012416954,10.508508012416954,10.508508012416954,25-50%
8.0,17.696515195434188,9.696515195434188,9.696515195434188,25-50%
5.5,16.48595257936369,10.98595257936369,10.98595257936369,25-50%
3.0,13.898273728084622,10.898273728084622,10.898273728084622,0-25%
3.0,13.833380823869387,10.833380823869387,10.833380823869387,0-25%
14.0,15.443756483829759,1.443756483829759,1.443756483829759,50-75%
14.0,15.825607287005404,1.825607287005404,1.825607287005404,50-75%
14.0,16.029085604423887,2.029085604423887,2.029085604423887,50-75%
14.0,16.107445212772255,2.107445212772255,2.107445212772255,50-75%
16.0,12.70732650131027,-3.29267349868973,3.29267349868973,75-100%
16.0,12.363480418399499,-3.636519581600501,3.636519581600501,75-100%
16.0,11.867525852847516,-4.132474147152484,4.132474147152484,75-100%
16.0,12.497585238305046,-3.502414761694954,3.502414761694954,75-100%
16.0,11.760495584904495,-4.239504415095505,4.239504415095505,75-100%
16.0,11.658793476190105,-4.341206523809895,4.341206523809895,75-100%
21.0,13.689347895131691,-7.310652104868309,7.310652104868309,75-100%
8.0,17.43954677110786,9.43954677110786,9.43954677110786,25-50%
8.0,17.696515195434188,9.696515195434188,9.696515195434188,25-50%
8.0,18.58433101432287,10.58433101432287,10.58433101432287,25-50%
5.5,16.983004854118537,11.483004854118537,11.483004854118537,25-50%
5.5,17.224037025598243,11.724037025598243,11.724037025598243,25-50%
5.5,17.53961962778826,12.039619627788259,12.039619627788259,25-50%
3.0,14.09824810587338,11.09824810587338,11.09824810587338,0-25%
14.0,14.413772348308356,0.4137723483083562,0.4137723483083562,50-75%
14.0,15.284211026900712,1.2842110269007119,1.2842110269007119,50-75%
14.0,15.13348809452408,1.1334880945240808,1.1334880945240808,50-75%
14.0,15.696357950299474,1.6963579502994737,1.6963579502994737,50-75%
14.0,15.696357950299474,1.6963579502994737,1.6963579502994737,50-75%
16.0,12.419269877566311,-3.580730122433689,3.580730122433689,75-100%
16.0,11.54284287926987,-4.45715712073013,4.45715712073013,75-100%
16.0,11.272605794958086,-4.727394205041914,4.727394205041914,75-100%
16.0,11.824018972449135,-4.175981027550865,4.175981027550865,75-100%
16.0,11.111940636680826,-4.888059363319174,4.888059363319174,75-100%
12.0,17.324198412316083,5.324198412316083,5.324198412316083,50-75%
12.0,17.324198412316083,5.324198412316083,5.324198412316083,50-75%
10.0,18.19685117010001,8.196851170100011,8.196851170100011,50-75%
8.0,18.58433101432287,10.58433101432287,10.58433101432287,25-50%
8.0,18.74508371284387,10.745083712843869,10.745083712843869,25-50%
8.0,18.740559308580345,10.740559308580345,10.740559308580345,25-50%
5.5,17.53961962778826,12.039619627788259,12.039619627788259,25-50%
5.5,17.20264051595624,11.70264051595624,11.70264051595624,25-50%
5.5,17.315917927828902,11.815917927828902,11.815917927828902,25-50%
5.5,17.315917927828902,11.815917927828902,11.815917927828902,25-50%
3.0,13.932156938468871,10.932156938468871,10.932156938468871,0-25%
3.0,13.932156938468871,10.932156938468871,10.932156938468871,0-25%
3.0,14.09824810587338,11.09824810587338,11.09824810587338,0-25%
12.0,17.253507823784105,5.253507823784105,5.253507823784105,50-75%
10.0,18.19685117010001,8.196851170100011,8.196851170100011,50-75%
10.0,18.690454054482284,8.690454054482284,8.690454054482284,50-75%
8.0,18.740559308580345,10.740559308580345,10.740559308580345,25-50%
8.0,18.923469600080207,10.923469600080207,10.923469600080207,25-50%
5.5,17.485627905894752,11.985627905894752,11.985627905894752,25-50%
5.5,17.315917927828902,11.815917927828902,11.815917927828902,25-50%
5.5,17.315917927828902,11.815917927828902,11.815917927828902,25-50%
5.5,17.315917927828902,11.815917927828902,11.815917927828902,25-50%
3.0,13.731985240528735,10.731985240528735,10.731985240528735,0-25%
3.0,13.731985240528735,10.731985240528735,10.731985240528735,0-25%
3.0,13.731985240528735,10.731985240528735,10.731985240528735,0-25%
12.0,18.254978650650518,6.254978650650518,6.254978650650518,50-75%
12.0,18.047167586645077,6.047167586645077,6.047167586645077,50-75%
10.0,18.5096829958683,8.5096829958683,8.5096829958683,50-75%
10.0,18.256817950776643,8.256817950776643,8.256817950776643,50-75%
8.0,18.923469600080207,10.923469600080207,10.923469600080207,25-50%
5.5,17.315917927828902,11.815917927828902,11.815917927828902,25-50%
5.5,17.485627905894752,11.985627905894752,11.985627905894752,25-50%
5.5,17.315917927828902,11.815917927828902,11.815917927828902,25-50%
3.0,13.761497973401925,10.761497973401925,10.761497973401925,0-25%
3.0,13.898273728084622,10.898273728084622,10.898273728084622,0-25%
3.0,13.868487538796726,10.868487538796726,10.868487538796726,0-25%
3.0,13.868487538796726,10.868487538796726,10.868487538796726,0-25%
17.0,15.585665307173493,-1.4143346928265075,1.4143346928265075,75-100%
17.0,15.328806462469519,-1.6711935375304812,1.6711935375304812,75-100%
12.0,18.73105420574792,6.73105420574792,6.73105420574792,50-75%
12.0,18.30485009653198,6.304850096531979,6.304850096531979,50-75%
12.0,18.047167586645077,6.047167586645077,6.047167586645077,50-75%
12.0,17.85474661200415,5.854746612004149,5.854746612004149,50-75%
12.0,18.129510727246245,6.129510727246245,6.129510727246245,50-75%
12.0,17.439515006142557,5.439515006142557,5.439515006142557,50-75%
8.0,18.583839750565673,10.583839750565673,10.583839750565673,25-50%
8.0,18.923469600080207,10.923469600080207,10.923469600080207,25-50%
3.0,13.898273728084622,10.898273728084622,10.898273728084622,0-25%
3.0,13.730356114309734,10.730356114309734,10.730356114309734,0-25%
3.0,13.898273728084622,10.898273728084622,10.898273728084622,0-25%
3.0,13.898273728084622,10.898273728084622,10.898273728084622,0-25%
3.0,13.868487538796726,10.868487538796726,10.868487538796726,0-25%
17.0,15.348105889157049,-1.6518941108429512,1.6518941108429512,75-100%
17.0,15.309824598916554,-1.6901754010834455,1.6901754010834455,75-100%
17.0,15.328806462469519,-1.6711935375304812,1.6711935375304812,75-100%
17.0,15.398729196850894,-1.6012708031491059,1.6012708031491059,75-100%
17.0,15.328806462469519,-1.6711935375304812,1.6711935375304812,75-100%
17.0,15.178897495314363,-1.821102504685637,1.821102504685637,75-100%
17.0,15.064627225273888,-1.9353727747261118,1.9353727747261118,75-100%
12.0,18.716191589034562,6.716191589034562,6.716191589034562,50-75%
12.0,18.550057079757433,6.550057079757433,6.550057079757433,50-75%
12.0,17.97301882586299,5.97301882586299,5.97301882586299,50-75%
12.0,18.082425834180388,6.082425834180388,6.082425834180388,50-75%
12.0,17.953889489901304,5.953889489901304,5.953889489901304,50-75%
12.0,18.129510727246245,6.129510727246245,6.129510727246245,50-75%
12.0,18.129510727246245,6.129510727246245,6.129510727246245,50-75%
17.0,15.067437783709996,-1.9325622162900036,1.9325622162900036,75-100%
17.0,15.235187030643788,-1.7648129693562122,1.7648129693562122,75-100%
17.0,15.328806462469519,-1.6711935375304812,1.6711935375304812,75-100%
12.0,18.483109907988315,6.4831099079883145,6.4831099079883145,50-75%
12.0,18.736431621984345,6.7364316219843445,6.7364316219843445,50-75%
12.0,18.082425834180388,6.082425834180388,6.082425834180388,50-75%
12.0,18.082425834180388,6.082425834180388,6.082425834180388,50-75%
12.0,18.129510727246245,6.129510727246245,6.129510727246245,50-75%
12.0,18.129510727246245,6.129510727246245,6.129510727246245,50-75%
17.0,15.778588996939948,-1.2214110030600516,1.2214110030600516,75-100%
17.0,15.778588996939948,-1.2214110030600516,1.2214110030600516,75-100%
14.5,18.441701413196622,3.941701413196622,3.941701413196622,50-75%
14.5,18.464328249017242,3.9643282490172425,3.9643282490172425,50-75%
14.5,18.54767782249624,4.04767782249624,4.04767782249624,50-75%
17.0,15.064627225273888,-1.9353727747261118,1.9353727747261118,75-100%
17.0,14.840175082825901,-2.159824917174099,2.159824917174099,75-100%
14.5,18.657952481100196,4.157952481100196,4.157952481100196,50-75%
14.5,18.765107671577272,4.265107671577272,4.265107671577272,50-75%
14.5,18.54767782249624,4.04767782249624,4.04767782249624,50-75%
14.5,18.042767857089316,3.5427678570893164,3.5427678570893164,50-75%
17.0,14.695583672899721,-2.304416327100279,2.304416327100279,75-100%
20.0,15.06938489875915,-4.93061510124085,4.93061510124085,75-100%
20.0,15.26232655176335,-4.7376734482366505,4.7376734482366505,75-100%
20.0,13.433012697009847,-6.566987302990153,6.566987302990153,75-100%
12.0,18.809695282952344,6.809695282952344,6.809695282952344,50-75%
14.5,18.89452377697789,4.394523776977891,4.394523776977891,50-75%
14.5,18.89452377697789,4.394523776977891,4.394523776977891,50-75%
14.5,18.657952481100196,4.157952481100196,4.157952481100196,50-75%
14.5,18.101146402824146,3.6011464028241456,3.6011464028241456,50-75%
14.5,17.933588223460397,3.433588223460397,3.433588223460397,50-75%
14.5,17.933588223460397,3.433588223460397,3.433588223460397,50-75%
20.0,13.674218776355168,-6.325781223644832,6.325781223644832,75-100%
20.0,13.488157462537256,-6.511842537462744,6.511842537462744,75-100%
20.0,13.295619532245873,-6.704380467754127,6.704380467754127,75-100%
20.0,14.777452478978605,-5.222547521021395,5.222547521021395,75-100%
20.0,14.105890696699438,-5.894109303300562,5.894109303300562,75-100%
20.0,13.300508338450701,-6.699491661549299,6.699491661549299,75-100%
12.0,18.575249962798935,6.575249962798935,6.575249962798935,50-75%
12.0,18.575249962798935,6.575249962798935,6.575249962798935,50-75%
12.0,18.575249962798935,6.575249962798935,6.575249962798935,50-75%
12.0,18.18107741903682,6.181077419036821,6.181077419036821,50-75%
14.5,18.285633171034316,3.7856331710343163,3.7856331710343163,50-75%
12.0,17.933588223460397,5.933588223460397,5.933588223460397,50-75%
20.0,13.869294423071366,-6.130705576928634,6.130705576928634,75-100%
20.0,13.869294423071366,-6.130705576928634,6.130705576928634,75-100%
20.0,14.03468636740908,-5.96531363259092,5.96531363259092,75-100%
20.0,12.878784737957814,-7.1212152620421865,7.1212152620421865,75-100%
20.0,13.339501480733325,-6.660498519266675,6.660498519266675,75-100%
20.0,13.433012697009847,-6.566987302990153,6.566987302990153,75-100%
20.0,14.025381385739768,-5.9746186142602316,5.9746186142602316,75-100%
20.0,13.433012697009847,-6.566987302990153,6.566987302990153,75-100%
12.0,18.809695282952344,6.809695282952344,6.809695282952344,50-75%
12.0,18.809695282952344,6.809695282952344,6.809695282952344,50-75%
12.0,18.2012811943311,6.201281194331099,6.201281194331099,50-75%
12.0,18.2012811943311,6.201281194331099,6.201281194331099,50-75%
12.0,17.639381448959202,5.6393814489592025,5.6393814489592025,50-75%
12.0,17.639381448959202,5.6393814489592025,5.6393814489592025,50-75%
12.0,17.639381448959202,5.6393814489592025,5.6393814489592025,50-75%
12.0,17.933588223460397,5.933588223460397,5.933588223460397,50-75%
20.0,13.692272614422698,-6.3077273855773015,6.3077273855773015,75-100%
20.0,13.671691437287002,-6.328308562712998,6.328308562712998,75-100%
20.0,13.295619532245873,-6.704380467754127,6.704380467754127,75-100%
20.0,12.491349813032182,-7.508650186967818,7.508650186967818,75-100%
20.0,12.964805395413846,-7.035194604586154,7.035194604586154,75-100%
20.0,13.477994676128002,-6.522005323871998,6.522005323871998,75-100%
12.0,18.2012811943311,6.201281194331099,6.201281194331099,50-75%
12.0,18.2012811943311,6.201281194331099,6.201281194331099,50-75%
12.0,18.2012811943311,6.201281194331099,6.201281194331099,50-75%
12.0,17.866521399234863,5.866521399234863,5.866521399234863,50-75%
12.0,17.639381448959202,5.6393814489592025,5.6393814489592025,50-75%
12.0,17.866521399234863,5.866521399234863,5.866521399234863,50-75%
20.0,13.110825250368176,-6.889174749631824,6.889174749631824,75-100%
20.0,12.77237809764122,-7.227621902358781,7.227621902358781,75-100%
20.0,12.89998895471511,-7.100011045284891,7.100011045284891,75-100%
20.0,13.326027774861569,-6.6739722251384315,6.6739722251384315,75-100%
20.0,13.109531494891199,-6.890468505108801,6.890468505108801,75-100%
20.0,12.934580860953533,-7.065419139046467,7.065419139046467,75-100%
20.0,12.957868846617082,-7.042131153382918,7.042131153382918,75-100%
20.0,13.266472556197606,-6.733527443802394,6.733527443802394,75-100%
20.0,13.326027774861569,-6.6739722251384315,6.6739722251384315,75-100%
25.0,18.1004764290497,-6.899523570950301,6.899523570950301,75-100%
30.0,18.416129588527063,-11.583870411472937,11.583870411472937,75-100%
25.0,18.1004764290497,-6.899523570950301,6.899523570950301,75-100%
25.0,18.1004764290497,-6.899523570950301,6.899523570950301,75-100%
30.0,20.984759695807114,-9.015240304192886,9.015240304192886,75-100%
30.0,19.866786126456685,-10.133213873543315,10.133213873543315,75-100%
30.0,19.922325690652123,-10.077674309347877,10.077674309347877,75-100%
30.0,19.49888737618552,-10.501112623814478,10.501112623814478,75-100%
30.0,19.49888737618552,-10.501112623814478,10.501112623814478,75-100%
30.0,18.416129588527063,-11.583870411472937,11.583870411472937,75-100%
25.0,18.234047820772965,-6.765952179227035,6.765952179227035,75-100%
25.0,18.1004764290497,-6.899523570950301,6.899523570950301,75-100%
25.0,18.1004764290497,-6.899523570950301,6.899523570950301,75-100%
30.0,19.664885968833808,-10.335114031166192,10.335114031166192,75-100%
30.0,19.49888737618552,-10.501112623814478,10.501112623814478,75-100%
30.0,19.49888737618552,-10.501112623814478,10.501112623814478,75-100%
30.0,19.49888737618552,-10.501112623814478,10.501112623814478,75-100%
30.0,19.49888737618552,-10.501112623814478,10.501112623814478,75-100%
30.0,18.562401051418483,-11.437598948581517,11.437598948581517,75-100%
25.0,18.234047820772965,-6.765952179227035,6.765952179227035,75-100%
25.0,18.1004764290497,-6.899523570950301,6.899523570950301,75-100%
30.0,19.49888737618552,-10.501112623814478,10.501112623814478,75-100%
30.0,19.49888737618552,-10.501112623814478,10.501112623814478,75-100%
30.0,18.53060190384714,-11.469398096152862,11.469398096152862,75-100%
25.0,18.234047820772965,-6.765952179227035,6.765952179227035,75-100%
25.0,18.234047820772965,-6.765952179227035,6.765952179227035,75-100%
25.0,18.1004764290497,-6.899523570950301,6.899523570950301,75-100%
25.0,18.1004764290497,-6.899523570950301,6.899523570950301,75-100%
12.0,17.540412911994565,5.540412911994565,5.540412911994565,50-75%
30.0,19.849535029890195,-10.150464970109805,10.150464970109805,75-100%
30.0,19.62017573014412,-10.379824269855881,10.379824269855881,75-100%
12.0,19.295530373438048,7.295530373438048,7.295530373438048,50-75%
25.0,18.234047820772965,-6.765952179227035,6.765952179227035,75-100%
25.0,18.1004764290497,-6.899523570950301,6.899523570950301,75-100%
25.0,18.1004764290497,-6.899523570950301,6.899523570950301,75-100%
12.0,18.64306690372484,6.64306690372484,6.64306690372484,50-75%
12.0,17.605513827150894,5.605513827150894,5.605513827150894,50-75%
30.0,19.67989332586788,-10.32010667413212,10.32010667413212,75-100%
30.0,18.74928176640204,-11.250718233597961,11.250718233597961,75-100%
30.0,18.92907179997417,-11.07092820002583,11.07092820002583,75-100%
21.0,17.164397292124374,-3.8356027078756263,3.8356027078756263,75-100%
12.0,16.60472246047689,4.604722460476889,4.604722460476889,50-75%
12.0,17.592188362662043,5.592188362662043,5.592188362662043,50-75%
12.0,19.295530373438048,7.295530373438048,7.295530373438048,50-75%
12.0,19.295530373438048,7.295530373438048,7.295530373438048,50-75%
12.0,18.234047820772965,6.234047820772965,6.234047820772965,50-75%
12.0,18.1004764290497,6.100476429049699,6.100476429049699,50-75%
12.0,18.1004764290497,6.100476429049699,6.100476429049699,50-75%
12.0,18.1004764290497,6.100476429049699,6.100476429049699,50-75%
12.0,18.845311004396876,6.845311004396876,6.845311004396876,50-75%
12.0,18.845311004396876,6.845311004396876,6.845311004396876,50-75%
12.0,18.792061942656062,6.792061942656062,6.792061942656062,50-75%
12.0,18.86155777057606,6.861557770576059,6.861557770576059,50-75%
8.5,18.34980250457908,9.849802504579081,9.849802504579081,50-75%
12.0,17.75360339678607,5.753603396786069,5.753603396786069,50-75%
12.0,17.75360339678607,5.753603396786069,5.753603396786069,50-75%
12.0,17.75360339678607,5.753603396786069,5.753603396786069,50-75%
12.0,17.75360339678607,5.753603396786069,5.753603396786069,50-75%
12.0,18.1004764290497,6.100476429049699,6.100476429049699,50-75%
12.0,18.1004764290497,6.100476429049699,6.100476429049699,50-75%
12.0,18.1004764290497,6.100476429049699,6.100476429049699,50-75%
12.0,18.1004764290497,6.100476429049699,6.100476429049699,50-75%
12.0,18.234047820772965,6.234047820772965,6.234047820772965,50-75%
12.0,19.0660514430226,7.066051443022602,7.066051443022602,50-75%
12.0,19.0660514430226,7.066051443022602,7.066051443022602,50-75%
12.0,19.0660514430226,7.066051443022602,7.066051443022602,50-75%
12.0,18.845311004396876,6.845311004396876,6.845311004396876,50-75%
12.0,18.90916813336865,6.909168133368649,6.909168133368649,50-75%
12.0,19.071024238463934,7.071024238463934,7.071024238463934,50-75%
10.0,20.148045373432684,10.148045373432684,10.148045373432684,50-75%
10.0,18.86823055902139,8.868230559021391,8.868230559021391,50-75%
5.0,20.907329189416394,15.907329189416394,15.907329189416394,0-25%
5.0,19.29509028534508,14.29509028534508,14.29509028534508,0-25%
8.5,19.150743914336864,10.650743914336864,10.650743914336864,50-75%
8.5,17.164397292124374,8.664397292124374,8.664397292124374,50-75%
12.0,17.75360339678607,5.753603396786069,5.753603396786069,50-75%
12.0,16.60472246047689,4.604722460476889,4.604722460476889,50-75%
12.0,16.482465965023646,4.482465965023646,4.482465965023646,50-75%
12.0,18.1004764290497,6.100476429049699,6.100476429049699,50-75%
12.0,18.1004764290497,6.100476429049699,6.100476429049699,50-75%
12.0,18.234047820772965,6.234047820772965,6.234047820772965,50-75%
12.0,19.120843746101396,7.1208437461013965,7.1208437461013965,50-75%
12.0,18.962732260553253,6.962732260553253,6.962732260553253,50-75%
12.0,19.18477878199029,7.184778781990289,7.184778781990289,50-75%
12.0,19.18477878199029,7.184778781990289,7.184778781990289,50-75%
12.0,19.445200433405514,7.445200433405514,7.445200433405514,50-75%
12.0,19.166033888480186,7.166033888480186,7.166033888480186,50-75%
12.0,19.166033888480186,7.166033888480186,7.166033888480186,50-75%
7.0,17.349470967269905,10.349470967269905,10.349470967269905,25-50%
7.0,17.349470967269905,10.349470967269905,10.349470967269905,25-50%
10.0,16.988335981031707,6.988335981031707,6.988335981031707,50-75%
10.0,20.383276194999247,10.383276194999247,10.383276194999247,50-75%
10.0,20.383276194999247,10.383276194999247,10.383276194999247,50-75%
10.0,19.0521074394833,9.0521074394833,9.0521074394833,50-75%
5.0,20.589870439860945,15.589870439860945,15.589870439860945,0-25%
5.0,19.29509028534508,14.29509028534508,14.29509028534508,0-25%
5.0,19.479849154397172,14.479849154397172,14.479849154397172,0-25%
5.0,18.884570663329633,13.884570663329633,13.884570663329633,0-25%
8.5,17.164397292124374,8.664397292124374,8.664397292124374,50-75%
8.5,17.164397292124374,8.664397292124374,8.664397292124374,50-75%
8.5,18.34980250457908,9.849802504579081,9.849802504579081,50-75%
8.5,18.34980250457908,9.849802504579081,9.849802504579081,50-75%
12.0,17.75360339678607,5.753603396786069,5.753603396786069,50-75%
12.0,17.75360339678607,5.753603396786069,5.753603396786069,50-75%
12.0,16.60472246047689,4.604722460476889,4.604722460476889,50-75%
12.0,16.60472246047689,4.604722460476889,4.604722460476889,50-75%
12.0,19.120843746101396,7.1208437461013965,7.1208437461013965,50-75%
12.0,19.295530373438048,7.295530373438048,7.295530373438048,50-75%
12.0,19.521278625797603,7.521278625797603,7.521278625797603,50-75%
12.0,19.521278625797603,7.521278625797603,7.521278625797603,50-75%
12.0,19.193631521329586,7.193631521329586,7.193631521329586,50-75%
12.0,18.917899994037054,6.917899994037054,6.917899994037054,50-75%
12.0,19.139447843814413,7.139447843814413,7.139447843814413,50-75%
7.0,18.963077565673466,11.963077565673466,11.963077565673466,25-50%
7.0,18.963077565673466,11.963077565673466,11.963077565673466,25-50%
8.5,16.988335981031707,8.488335981031707,8.488335981031707,50-75%
8.5,16.988335981031707,8.488335981031707,8.488335981031707,50-75%
8.5,17.893734310152645,9.393734310152645,9.393734310152645,50-75%
10.0,18.305564311960186,8.305564311960186,8.305564311960186,50-75%
10.0,20.057871973922204,10.057871973922204,10.057871973922204,50-75%
10.0,20.18719255976748,10.187192559767482,10.187192559767482,50-75%
10.0,18.64643508564829,8.646435085648289,8.646435085648289,50-75%
10.0,18.352373047928438,8.352373047928438,8.352373047928438,50-75%
5.0,17.193770600245582,12.193770600245582,12.193770600245582,0-25%
5.0,17.193770600245582,12.193770600245582,12.193770600245582,0-25%
8.5,17.164397292124374,8.664397292124374,8.664397292124374,50-75%
8.5,18.16769621344088,9.66769621344088,9.66769621344088,50-75%
8.5,18.92907179997417,10.42907179997417,10.42907179997417,50-75%
12.0,17.75360339678607,5.753603396786069,5.753603396786069,50-75%
12.0,17.592188362662043,5.592188362662043,5.592188362662043,50-75%
12.0,16.60472246047689,4.604722460476889,4.604722460476889,50-75%
12.0,17.75360339678607,5.753603396786069,5.753603396786069,50-75%
12.0,17.75360339678607,5.753603396786069,5.753603396786069,50-75%
12.0,18.474597299871288,6.474597299871288,6.474597299871288,50-75%
12.0,19.503224209189028,7.503224209189028,7.503224209189028,50-75%
12.0,18.811663849337712,6.811663849337712,6.811663849337712,50-75%
12.0,18.759072603390788,6.759072603390788,6.759072603390788,50-75%
12.0,18.811663849337712,6.811663849337712,6.811663849337712,50-75%
12.0,18.811663849337712,6.811663849337712,6.811663849337712,50-75%
12.0,18.811663849337712,6.811663849337712,6.811663849337712,50-75%
11.0,19.043872439590622,8.043872439590622,8.043872439590622,50-75%
7.0,19.274284322986304,12.274284322986304,12.274284322986304,25-50%
7.0,18.557480939881557,11.557480939881557,11.557480939881557,25-50%
7.0,18.963077565673466,11.963077565673466,11.963077565673466,25-50%
7.0,17.349470967269905,10.349470967269905,10.349470967269905,25-50%
8.5,17.893734310152645,9.393734310152645,9.393734310152645,50-75%
8.5,17.893734310152645,9.393734310152645,9.393734310152645,50-75%
8.5,17.893734310152645,9.393734310152645,9.393734310152645,50-75%
10.0,19.586818153913836,9.586818153913836,9.586818153913836,50-75%
10.0,20.057871973922204,10.057871973922204,10.057871973922204,50-75%
10.0,19.861341266175714,9.861341266175714,9.861341266175714,50-75%
10.0,18.56266441991289,8.562664419912888,8.562664419912888,50-75%
5.0,17.193770600245582,12.193770600245582,12.193770600245582,0-25%
5.0,17.193770600245582,12.193770600245582,12.193770600245582,0-25%
5.0,17.32100131455764,12.321001314557641,12.321001314557641,0-25%
5.0,19.220424195514873,14.220424195514873,14.220424195514873,0-25%
12.0,17.864565208763782,5.864565208763782,5.864565208763782,50-75%
12.0,18.691214270453433,6.6912142704534325,6.6912142704534325,50-75%
12.0,19.672613473718204,7.672613473718204,7.672613473718204,50-75%
12.0,18.495334711177133,6.495334711177133,6.495334711177133,50-75%
12.0,19.845179938128734,7.845179938128734,7.845179938128734,50-75%
12.0,19.845179938128734,7.845179938128734,7.845179938128734,50-75%
12.0,19.845179938128734,7.845179938128734,7.845179938128734,50-75%
11.5,20.045759325608106,8.545759325608106,8.545759325608106,50-75%
11.5,20.045759325608106,8.545759325608106,8.545759325608106,50-75%
11.0,18.8233759853362,7.823375985336199,7.823375985336199,50-75%
11.0,18.959657075630076,7.959657075630076,7.959657075630076,50-75%
11.0,18.442042073328818,7.4420420733288175,7.4420420733288175,50-75%
7.0,17.958606831891583,10.958606831891583,10.958606831891583,25-50%
7.0,17.84395784580438,10.843957845804379,10.843957845804379,25-50%
8.5,17.893734310152645,9.393734310152645,9.393734310152645,50-75%
10.0,19.586818153913836,9.586818153913836,9.586818153913836,50-75%
10.0,20.057871973922204,10.057871973922204,10.057871973922204,50-75%
10.0,19.63708960075153,9.63708960075153,9.63708960075153,50-75%
10.0,18.64643508564829,8.646435085648289,8.646435085648289,50-75%
5.0,17.193770600245582,12.193770600245582,12.193770600245582,0-25%
5.0,18.66582663874806,13.665826638748062,13.665826638748062,0-25%
5.0,18.66582663874806,13.665826638748062,13.665826638748062,0-25%
12.0,18.53301184991911,6.533011849919109,6.533011849919109,50-75%
12.0,18.24767720295034,6.247677202950339,6.247677202950339,50-75%
12.0,16.390879468155738,4.390879468155738,4.390879468155738,50-75%
12.0,19.845179938128734,7.845179938128734,7.845179938128734,50-75%
12.0,19.845179938128734,7.845179938128734,7.845179938128734,50-75%
11.5,21.143654536694413,9.643654536694413,9.643654536694413,50-75%
11.5,21.143654536694413,9.643654536694413,9.643654536694413,50-75%
11.5,19.81424142294861,8.314241422948609,8.314241422948609,50-75%
11.0,18.374014135845336,7.374014135845336,7.374014135845336,50-75%
11.0,18.442042073328818,7.4420420733288175,7.4420420733288175,50-75%
11.0,17.575385089349325,6.575385089349325,6.575385089349325,50-75%
11.0,18.442042073328818,7.4420420733288175,7.4420420733288175,50-75%
7.0,19.065328653541243,12.065328653541243,12.065328653541243,25-50%
7.0,18.316114174227756,11.316114174227756,11.316114174227756,25-50%
7.0,17.84395784580438,10.843957845804379,10.843957845804379,25-50%
8.5,20.148045373432684,11.648045373432684,11.648045373432684,50-75%
8.333333333333334,21.01462312173622,12.681289788402887,12.681289788402887,50-75%
9.0,17.128377649088655,8.128377649088655,8.128377649088655,50-75%
9.0,16.962141280167835,7.962141280167835,7.962141280167835,50-75%
9.0,16.178684851813383,7.178684851813383,7.178684851813383,50-75%
5.0,19.869328002484096,14.869328002484096,14.869328002484096,0-25%
5.0,20.8589183222811,15.858918322281099,15.858918322281099,0-25%
5.0,19.81392912381988,14.813929123819879,14.813929123819879,0-25%
5.0,20.375717470692447,15.375717470692447,15.375717470692447,0-25%
5.0,20.610913263527856,15.610913263527856,15.610913263527856,0-25%
5.0,20.5677516534914,15.567751653491399,15.567751653491399,0-25%
12.0,20.242414147723462,8.242414147723462,8.242414147723462,50-75%
12.0,20.242414147723462,8.242414147723462,8.242414147723462,50-75%
11.5,20.90005902767831,9.40005902767831,9.40005902767831,50-75%
11.5,19.81424142294861,8.314241422948609,8.314241422948609,50-75%
11.0,18.65829693041297,7.65829693041297,7.65829693041297,50-75%
11.0,18.557077257307018,7.557077257307018,7.557077257307018,50-75%
25.0,20.354349146542734,-4.645650853457266,4.645650853457266,75-100%
27.5,18.98783767685776,-8.512162323142238,8.512162323142238,75-100%
27.5,18.98783767685776,-8.512162323142238,8.512162323142238,75-100%
27.5,18.98783767685776,-8.512162323142238,8.512162323142238,75-100%
7.0,20.204888582131417,13.204888582131417,13.204888582131417,25-50%
7.0,19.45764395318966,12.45764395318966,12.45764395318966,25-50%
7.0,18.94668364658156,11.946683646581558,11.946683646581558,25-50%
7.0,20.383636154284343,13.383636154284343,13.383636154284343,25-50%
7.5,19.861341266175714,12.361341266175714,12.361341266175714,25-50%
7.5,20.578271108515725,13.078271108515725,13.078271108515725,25-50%
8.0,17.313050010665208,9.313050010665208,9.313050010665208,25-50%
8.0,16.396557529222548,8.396557529222548,8.396557529222548,25-50%
8.0,16.35368276733415,8.35368276733415,8.35368276733415,25-50%
5.0,20.13883318808357,15.13883318808357,15.13883318808357,0-25%
5.0,20.775590465434163,15.775590465434163,15.775590465434163,0-25%
5.0,20.140569800319014,15.140569800319014,15.140569800319014,0-25%
5.0,20.610913263527856,15.610913263527856,15.610913263527856,0-25%
5.0,20.807650890097346,15.807650890097346,15.807650890097346,0-25%
5.0,20.217784717277137,15.217784717277137,15.217784717277137,0-25%
12.0,19.876292507612344,7.8762925076123445,7.8762925076123445,50-75%
12.0,19.52820999783094,7.528209997830938,7.528209997830938,50-75%
11.5,18.941264698831468,7.441264698831468,7.441264698831468,50-75%
11.5,18.941264698831468,7.441264698831468,7.441264698831468,50-75%
11.0,18.865619743168622,7.865619743168622,7.865619743168622,50-75%
11.0,18.865619743168622,7.865619743168622,7.865619743168622,50-75%
11.0,19.252533247407698,8.252533247407698,8.252533247407698,50-75%
18.0,19.23684284335326,1.2368428433532586,1.2368428433532586,75-100%
27.5,19.25700523769164,-8.24299476230836,8.24299476230836,75-100%
27.5,18.934778766954746,-8.565221233045254,8.565221233045254,75-100%
27.5,19.990190511296948,-7.509809488703052,7.509809488703052,75-100%
27.5,19.210163447161477,-8.289836552838523,8.289836552838523,75-100%
8.0,16.427994196860116,8.427994196860116,8.427994196860116,25-50%
8.0,16.35368276733415,8.35368276733415,8.35368276733415,25-50%
8.0,16.167137127139505,8.167137127139505,8.167137127139505,25-50%
8.0,16.002915936166964,8.002915936166964,8.002915936166964,25-50%
8.0,16.427994196860116,8.427994196860116,8.427994196860116,25-50%
8.0,16.427994196860116,8.427994196860116,8.427994196860116,25-50%
8.0,16.183822993298687,8.183822993298687,8.183822993298687,25-50%
5.0,20.21621396265166,15.216213962651661,15.216213962651661,0-25%
5.0,20.140569800319014,15.140569800319014,15.140569800319014,0-25%
5.0,20.217784717277137,15.217784717277137,15.217784717277137,0-25%
5.0,20.217784717277137,15.217784717277137,15.217784717277137,0-25%
5.0,20.217784717277137,15.217784717277137,15.217784717277137,0-25%
5.0,19.264584818411095,14.264584818411095,14.264584818411095,0-25%
12.0,20.33534521738024,8.33534521738024,8.33534521738024,50-75%
12.0,20.397660224008252,8.397660224008252,8.397660224008252,50-75%
12.0,19.678236451187466,7.678236451187466,7.678236451187466,50-75%
12.0,18.208023546192265,6.2080235461922655,6.2080235461922655,50-75%
11.0,19.086586076964416,8.086586076964416,8.086586076964416,50-75%
11.0,19.814384654517404,8.814384654517404,8.814384654517404,50-75%
18.0,18.98783767685776,0.9878376768577617,0.9878376768577617,75-100%
27.5,18.98783767685776,-8.512162323142238,8.512162323142238,75-100%
27.5,20.311781239698494,-7.188218760301506,7.188218760301506,75-100%
27.5,20.82191279481406,-6.678087205185939,6.678087205185939,75-100%
27.5,19.724196779822748,-7.775803220177252,7.775803220177252,75-100%
8.0,16.167137127139505,8.167137127139505,8.167137127139505,25-50%
8.0,16.002915936166964,8.002915936166964,8.002915936166964,25-50%
8.0,17.34694933178292,9.34694933178292,9.34694933178292,25-50%
8.0,16.35368276733415,8.35368276733415,8.35368276733415,25-50%
8.0,16.167137127139505,8.167137127139505,8.167137127139505,25-50%
8.0,16.35368276733415,8.35368276733415,8.35368276733415,25-50%
8.0,16.2299791182842,8.229979118284199,8.229979118284199,25-50%
5.0,20.344204260805228,15.344204260805228,15.344204260805228,0-25%
5.0,20.035160110596884,15.035160110596884,15.035160110596884,0-25%
5.0,20.026447131993866,15.026447131993866,15.026447131993866,0-25%
5.0,19.482247398928163,14.482247398928163,14.482247398928163,0-25%
25.0,21.105227954419842,-3.894772045580158,3.894772045580158,75-100%
27.5,20.347497148696792,-7.152502851303208,7.152502851303208,75-100%
27.5,20.030544234786078,-7.469455765213922,7.469455765213922,75-100%
27.5,20.374027422062802,-7.125972577937198,7.125972577937198,75-100%
27.5,19.686957826023132,-7.813042173976868,7.813042173976868,75-100%
30.0,19.468431103103185,-10.531568896896815,10.531568896896815,75-100%
8.0,15.348399560941766,7.3483995609417665,7.3483995609417665,25-50%
8.0,15.65909658600351,7.6590965860035105,7.6590965860035105,25-50%
8.0,17.034367561824226,9.034367561824226,9.034367561824226,25-50%
8.0,16.35368276733415,8.35368276733415,8.35368276733415,25-50%
8.0,16.35368276733415,8.35368276733415,8.35368276733415,25-50%
8.0,16.35368276733415,8.35368276733415,8.35368276733415,25-50%
8.0,16.183822993298687,8.183822993298687,8.183822993298687,25-50%
5.0,20.775590465434163,15.775590465434163,15.775590465434163,0-25%
5.0,20.471247986658724,15.471247986658724,15.471247986658724,0-25%
5.0,20.419409434967246,15.419409434967246,15.419409434967246,0-25%
25.0,21.368790203234454,-3.631209796765546,3.631209796765546,75-100%
25.0,21.531881632199227,-3.4681183678007734,3.4681183678007734,75-100%
27.5,20.581856667396202,-6.9181433326037975,6.9181433326037975,75-100%
27.5,20.219316833222546,-7.280683166777454,7.280683166777454,75-100%
27.5,20.141924741718807,-7.358075258281193,7.358075258281193,75-100%
27.5,19.459386987918055,-8.040613012081945,8.040613012081945,75-100%
27.5,19.459386987918055,-8.040613012081945,8.040613012081945,75-100%
27.5,19.686957826023132,-7.813042173976868,7.813042173976868,75-100%
30.0,19.459386987918055,-10.540613012081945,10.540613012081945,75-100%
8.0,16.35368276733415,8.35368276733415,8.35368276733415,25-50%
8.0,16.2299791182842,8.229979118284199,8.229979118284199,25-50%
8.0,16.270846352808768,8.270846352808768,8.270846352808768,25-50%
25.0,21.466263506733494,-3.533736493266506,3.533736493266506,75-100%
25.0,21.368790203234454,-3.631209796765546,3.631209796765546,75-100%
27.5,20.141924741718807,-7.358075258281193,7.358075258281193,75-100%
27.5,20.219316833222546,-7.280683166777454,7.280683166777454,75-100%
27.5,19.209782400874236,-8.290217599125764,8.290217599125764,75-100%
27.5,19.209782400874236,-8.290217599125764,8.290217599125764,75-100%
30.0,19.209782400874236,-10.790217599125764,10.790217599125764,75-100%
12.0,13.679854617226962,1.6798546172269617,1.6798546172269617,50-75%
12.0,13.121119812698755,1.1211198126987547,1.1211198126987547,50-75%
12.0,13.121119812698755,1.1211198126987547,1.1211198126987547,50-75%
12.0,12.978316340136383,0.9783163401363826,0.9783163401363826,50-75%
12.0,13.482727798946758,1.4827277989467582,1.4827277989467582,50-75%
12.0,13.241795166053763,1.2417951660537625,1.2417951660537625,50-75%
12.0,12.918714032615021,0.9187140326150214,0.9187140326150214,50-75%
12.0,12.439758583167109,0.4397585831671087,0.4397585831671087,50-75%
12.0,12.978316340136383,0.9783163401363826,0.9783163401363826,50-75%
12.0,12.978316340136383,0.9783163401363826,0.9783163401363826,50-75%
12.0,13.13379788837149,1.1337978883714896,1.1337978883714896,50-75%
12.0,12.057627417612531,0.05762741761253132,0.05762741761253132,50-75%
12.0,11.884100275599895,-0.11589972440010499,0.11589972440010499,50-75%
12.0,13.139577149159962,1.1395771491599618,1.1395771491599618,50-75%
12.0,13.567615038463769,1.567615038463769,1.567615038463769,50-75%
12.0,12.569565327445389,0.5695653274453889,0.5695653274453889,50-75%
12.0,12.918714032615021,0.9187140326150214,0.9187140326150214,50-75%
12.0,12.830195023264068,0.8301950232640678,0.8301950232640678,50-75%
12.0,13.077802076112922,1.0778020761129223,1.0778020761129223,50-75%
12.0,12.202868094512805,0.20286809451280519,0.20286809451280519,50-75%
12.0,11.95978541774541,-0.04021458225459007,0.04021458225459007,50-75%
12.0,12.918714032615021,0.9187140326150214,0.9187140326150214,50-75%
12.0,13.239989659580926,1.2399896595809263,1.2399896595809263,50-75%
12.0,12.918714032615021,0.9187140326150214,0.9187140326150214,50-75%
12.0,12.77122429196862,0.7712242919686201,0.7712242919686201,50-75%
12.0,11.628291257873908,-0.37170874212609206,0.37170874212609206,50-75%
12.0,12.299527859664657,0.2995278596646571,0.2995278596646571,50-75%
12.0,12.88349976028313,0.8834997602831294,0.8834997602831294,50-75%
12.0,12.77122429196862,0.7712242919686201,0.7712242919686201,50-75%
12.0,12.778884229366506,0.7788842293665059,0.7788842293665059,50-75%
12.0,20.981656010821734,8.981656010821734,8.981656010821734,50-75%
12.0,20.981656010821734,8.981656010821734,8.981656010821734,50-75%
12.0,20.264032530276197,8.264032530276197,8.264032530276197,50-75%
12.0,20.71118171020131,8.71118171020131,8.71118171020131,50-75%
12.0,20.71118171020131,8.71118171020131,8.71118171020131,50-75%
12.0,20.235998930722083,8.235998930722083,8.235998930722083,50-75%
12.0,19.956200975642165,7.956200975642165,7.956200975642165,50-75%
12.0,20.95267632687579,8.952676326875789,8.952676326875789,50-75%
12.0,20.95267632687579,8.952676326875789,8.952676326875789,50-75%
12.0,20.95267632687579,8.952676326875789,8.952676326875789,50-75%
12.0,20.95267632687579,8.952676326875789,8.952676326875789,50-75%
12.0,22.28975960446204,10.289759604462041,10.289759604462041,50-75%
12.0,22.28975960446204,10.289759604462041,10.289759604462041,50-75%
12.0,20.95267632687579,8.952676326875789,8.952676326875789,50-75%
12.0,20.95267632687579,8.952676326875789,8.952676326875789,50-75%
12.0,20.71118171020131,8.71118171020131,8.71118171020131,50-75%
12.0,20.264032530276197,8.264032530276197,8.264032530276197,50-75%
12.0,19.956200975642165,7.956200975642165,7.956200975642165,50-75%
16.0,17.54389928557063,1.5438992855706317,1.5438992855706317,75-100%
16.0,17.50343645657429,1.5034364565742884,1.5034364565742884,75-100%
12.0,22.28975960446204,10.289759604462041,10.289759604462041,50-75%
12.0,22.28975960446204,10.289759604462041,10.289759604462041,50-75%
12.0,22.28975960446204,10.289759604462041,10.289759604462041,50-75%
12.0,20.71118171020131,8.71118171020131,8.71118171020131,50-75%
12.0,20.53677834721832,8.53677834721832,8.53677834721832,50-75%
12.0,19.956200975642165,7.956200975642165,7.956200975642165,50-75%
16.0,18.649078722601807,2.649078722601807,2.649078722601807,75-100%
16.0,19.69164080613802,3.6916408061380217,3.6916408061380217,75-100%
16.0,18.837797800233094,2.837797800233094,2.837797800233094,75-100%
16.0,17.8598407991832,1.8598407991831998,1.8598407991831998,75-100%
16.0,17.50343645657429,1.5034364565742884,1.5034364565742884,75-100%
12.0,22.03355614733574,10.03355614733574,10.03355614733574,50-75%
12.0,20.71118171020131,8.71118171020131,8.71118171020131,50-75%
12.0,20.90439922092374,8.90439922092374,8.90439922092374,50-75%
16.0,18.966722357489253,2.966722357489253,2.966722357489253,75-100%
16.0,18.834934709010597,2.8349347090105965,2.8349347090105965,75-100%
16.0,19.794686066041557,3.7946860660415567,3.7946860660415567,75-100%
16.0,20.0459631633391,4.045963163339099,4.045963163339099,75-100%
12.0,19.3551710659505,7.3551710659505005,7.3551710659505005,50-75%
12.0,18.95779110417982,6.957791104179819,6.957791104179819,50-75%
12.0,20.56101853448947,8.56101853448947,8.56101853448947,50-75%
8.0,20.201322014249698,12.201322014249698,12.201322014249698,25-50%
12.0,20.71118171020131,8.71118171020131,8.71118171020131,50-75%
12.0,20.71118171020131,8.71118171020131,8.71118171020131,50-75%
12.0,20.981656010821734,8.981656010821734,8.981656010821734,50-75%
16.0,18.68661559024202,2.6866155902420203,2.6866155902420203,75-100%
16.0,17.57422348174342,1.5742234817434202,1.5742234817434202,75-100%
16.0,18.48621568660773,2.4862156866077285,2.4862156866077285,75-100%
12.0,18.57301452901522,6.5730145290152215,6.5730145290152215,50-75%
12.0,19.93558275381508,7.93558275381508,7.93558275381508,50-75%
12.0,20.12269226892636,8.122692268926361,8.122692268926361,50-75%
8.0,20.23906620211508,12.23906620211508,12.23906620211508,25-50%
8.0,20.177213058486196,12.177213058486196,12.177213058486196,25-50%
12.0,19.674040470102476,7.674040470102476,7.674040470102476,50-75%
12.0,19.962999925271873,7.962999925271873,7.962999925271873,50-75%
12.0,20.41892648999477,8.418926489994771,8.418926489994771,50-75%
12.0,20.384108828198876,8.384108828198876,8.384108828198876,50-75%
12.0,20.221658661474404,8.221658661474404,8.221658661474404,50-75%
8.0,19.89975183428485,11.89975183428485,11.89975183428485,25-50%
8.0,20.717751728565787,12.717751728565787,12.717751728565787,25-50%
16.0,19.51728730038287,3.5172873003828684,3.5172873003828684,75-100%
16.0,19.44245568404762,3.4424556840476193,3.4424556840476193,75-100%
12.0,19.762570237645704,7.762570237645704,7.762570237645704,50-75%
12.0,19.762570237645704,7.762570237645704,7.762570237645704,50-75%
12.0,20.313974111261828,8.313974111261828,8.313974111261828,50-75%
12.0,18.644663470629535,6.644663470629535,6.644663470629535,50-75%
8.0,18.78719615076349,10.787196150763489,10.787196150763489,25-50%
8.0,18.808579573669217,10.808579573669217,10.808579573669217,25-50%
8.0,18.767501371255793,10.767501371255793,10.767501371255793,25-50%
8.0,20.3767195339989,12.376719533998902,12.376719533998902,25-50%
22.0,17.390219385748086,-4.609780614251914,4.609780614251914,75-100%
22.0,17.262676901889506,-4.737323098110494,4.737323098110494,75-100%
12.0,19.604841756939212,7.604841756939212,7.604841756939212,50-75%
12.0,19.762570237645704,7.762570237645704,7.762570237645704,50-75%
8.0,19.85912574283589,11.85912574283589,11.85912574283589,25-50%
8.0,18.97860892581135,10.97860892581135,10.97860892581135,25-50%
8.0,18.470187095292427,10.470187095292427,10.470187095292427,25-50%
22.0,17.02216431213755,-4.977835687862449,4.977835687862449,75-100%
22.0,17.106585541113674,-4.893414458886326,4.893414458886326,75-100%
8.0,20.602939607174175,12.602939607174175,12.602939607174175,25-50%
8.0,19.935897839635572,11.935897839635572,11.935897839635572,25-50%
8.0,18.58619412419725,10.586194124197249,10.586194124197249,25-50%
8.0,18.986830616746715,10.986830616746715,10.986830616746715,25-50%
8.0,18.90772200553829,10.90772200553829,10.90772200553829,25-50%
22.0,17.56390217906092,-4.436097820939079,4.436097820939079,75-100%
22.0,17.37073398711849,-4.629266012881509,4.629266012881509,75-100%
22.0,17.200103099142197,-4.799896900857803,4.799896900857803,75-100%
22.0,16.673564100718174,-5.326435899281826,5.326435899281826,75-100%
22.0,17.216797792864053,-4.783202207135947,4.783202207135947,75-100%
22.0,17.216797792864053,-4.783202207135947,4.783202207135947,75-100%
22.0,17.183138950353,-4.816861049646999,4.816861049646999,75-100%
22.0,16.907057775036545,-5.092942224963455,5.092942224963455,75-100%
22.0,16.907057775036545,-5.092942224963455,5.092942224963455,75-100%
22.0,16.673564100718174,-5.326435899281826,5.326435899281826,75-100%
22.0,17.216797792864053,-4.783202207135947,4.783202207135947,75-100%
22.0,17.216797792864053,-4.783202207135947,4.783202207135947,75-100%
22.0,17.183138950353,-4.816861049646999,4.816861049646999,75-100%
22.0,16.940205563167734,-5.0597944368322665,5.0597944368322665,75-100%
22.0,16.673564100718174,-5.326435899281826,5.326435899281826,75-100%
22.0,16.940205563167734,-5.0597944368322665,5.0597944368322665,75-100%
22.0,16.706279668272227,-5.293720331727773,5.293720331727773,75-100%
22.0,16.881653841951177,-5.118346158048823,5.118346158048823,75-100%
22.0,17.183138950353,-4.816861049646999,4.816861049646999,75-100%
22.0,16.935579800839484,-5.064420199160516,5.064420199160516,75-100%
22.0,17.216797792864053,-4.783202207135947,4.783202207135947,75-100%
7.0,19.51755955736143,12.51755955736143,12.51755955736143,25-50%
7.0,19.975101226422687,12.975101226422687,12.975101226422687,25-50%
7.0,19.807282342782983,12.807282342782983,12.807282342782983,25-50%
7.0,19.807282342782983,12.807282342782983,12.807282342782983,25-50%
7.0,18.933587794159674,11.933587794159674,11.933587794159674,25-50%
7.0,18.746806917386326,11.746806917386326,11.746806917386326,25-50%
7.0,20.081732657040405,13.081732657040405,13.081732657040405,25-50%
7.0,20.04071424667562,13.04071424667562,13.04071424667562,25-50%
7.0,19.8919563234122,12.891956323412199,12.891956323412199,25-50%
7.0,18.361513239347488,11.361513239347488,11.361513239347488,25-50%
7.0,20.150478437449713,13.150478437449713,13.150478437449713,25-50%
15.0,17.20768290271242,2.2076829027124205,2.2076829027124205,50-75%
15.0,16.070389984201658,1.0703899842016575,1.0703899842016575,50-75%
15.0,16.8265227095449,1.8265227095449,1.8265227095449,50-75%
7.0,19.621650627367288,12.621650627367288,12.621650627367288,25-50%
7.0,20.037665553863228,13.037665553863228,13.037665553863228,25-50%
7.0,18.26326376578633,11.26326376578633,11.26326376578633,25-50%
7.0,20.385736322115374,13.385736322115374,13.385736322115374,25-50%
7.0,18.933587794159674,11.933587794159674,11.933587794159674,25-50%
15.0,17.11893001125576,2.1189300112557596,2.1189300112557596,50-75%
15.0,17.47761706857471,2.477617068574709,2.477617068574709,50-75%
15.0,17.579456541508936,2.579456541508936,2.579456541508936,50-75%
15.0,16.807520465960476,1.8075204659604758,1.8075204659604758,50-75%
7.0,19.913017029745102,12.913017029745102,12.913017029745102,25-50%
7.0,19.975101226422687,12.975101226422687,12.975101226422687,25-50%
7.0,20.179051533615578,13.179051533615578,13.179051533615578,25-50%
7.0,19.807282342782983,12.807282342782983,12.807282342782983,25-50%
7.0,19.807282342782983,12.807282342782983,12.807282342782983,25-50%
15.0,17.47761706857471,2.477617068574709,2.477617068574709,50-75%
15.0,16.720718156217252,1.7207181562172522,1.7207181562172522,50-75%
15.0,17.35830762173296,2.3583076217329584,2.3583076217329584,50-75%
15.0,17.071522107945277,2.0715221079452775,2.0715221079452775,50-75%
15.0,17.241387178579576,2.2413871785795756,2.2413871785795756,50-75%
15.0,17.20768290271242,2.2076829027124205,2.2076829027124205,50-75%
15.0,16.8265227095449,1.8265227095449,1.8265227095449,50-75%
15.0,16.8265227095449,1.8265227095449,1.8265227095449,50-75%
7.0,20.5033152810971,13.503315281097102,13.503315281097102,25-50%
7.0,19.6451713829419,12.6451713829419,12.6451713829419,25-50%
7.0,19.8919563234122,12.891956323412199,12.891956323412199,25-50%
7.0,18.720248312514705,11.720248312514705,11.720248312514705,25-50%
7.0,19.807282342782983,12.807282342782983,12.807282342782983,25-50%
15.0,19.86309741677015,4.863097416770149,4.863097416770149,50-75%
15.0,17.11893001125576,2.1189300112557596,2.1189300112557596,50-75%
15.0,17.35830762173296,2.3583076217329584,2.3583076217329584,50-75%
15.0,17.35830762173296,2.3583076217329584,2.3583076217329584,50-75%
12.5,17.241387178579576,4.741387178579576,4.741387178579576,50-75%
12.5,16.970269317790343,4.470269317790343,4.470269317790343,50-75%
12.5,16.641752746666807,4.141752746666807,4.141752746666807,50-75%
12.5,16.8265227095449,4.3265227095449,4.3265227095449,50-75%
7.0,20.4754454277827,13.475445427782699,13.475445427782699,25-50%
7.0,20.54095013645936,13.540950136459362,13.540950136459362,25-50%
7.0,18.191044321323957,11.191044321323957,11.191044321323957,25-50%
7.0,18.149169420437325,11.149169420437325,11.149169420437325,25-50%
15.0,17.35830762173296,2.3583076217329584,2.3583076217329584,50-75%
15.0,17.11893001125576,2.1189300112557596,2.1189300112557596,50-75%
12.5,17.11893001125576,4.61893001125576,4.61893001125576,50-75%
12.5,17.733156791896217,5.233156791896217,5.233156791896217,50-75%
12.5,17.613849008254036,5.113849008254036,5.113849008254036,50-75%
12.5,16.639660880093796,4.139660880093796,4.139660880093796,50-75%
12.5,16.323547257917667,3.8235472579176673,3.8235472579176673,50-75%
9.0,15.372446468829832,6.372446468829832,6.372446468829832,50-75%
9.0,15.372446468829832,6.372446468829832,6.372446468829832,50-75%
37.0,20.191333324334146,-16.808666675665854,16.808666675665854,75-100%
37.0,20.191333324334146,-16.808666675665854,16.808666675665854,75-100%
15.0,17.35830762173296,2.3583076217329584,2.3583076217329584,50-75%
12.5,17.733156791896217,5.233156791896217,5.233156791896217,50-75%
12.5,16.901173955162367,4.401173955162367,4.401173955162367,50-75%
12.5,17.20768290271242,4.7076829027124205,4.7076829027124205,50-75%
10.0,17.690659026563967,7.690659026563967,7.690659026563967,50-75%
10.0,16.7830708420384,6.7830708420383985,6.7830708420383985,50-75%
11.5,16.208763989758435,4.708763989758435,4.708763989758435,50-75%
11.5,15.70998316192411,4.209983161924111,4.209983161924111,50-75%
14.0,16.323547257917667,2.3235472579176673,2.3235472579176673,50-75%
37.0,20.74686081781508,-16.25313918218492,16.25313918218492,75-100%
37.0,20.74686081781508,-16.25313918218492,16.25313918218492,75-100%
37.0,19.51228937616055,-17.48771062383945,17.48771062383945,75-100%
10.0,17.845279209660713,7.845279209660713,7.845279209660713,50-75%
10.0,17.108432752364045,7.108432752364045,7.108432752364045,50-75%
10.0,17.190777076547008,7.190777076547008,7.190777076547008,50-75%
10.0,17.725257340437086,7.725257340437086,7.725257340437086,50-75%
10.0,18.107599074750706,8.107599074750706,8.107599074750706,50-75%
10.0,17.141088635094313,7.141088635094313,7.141088635094313,50-75%
9.5,16.7830708420384,7.2830708420383985,7.2830708420383985,50-75%
9.5,17.872396678695218,8.372396678695218,8.372396678695218,50-75%
11.5,16.892805319719965,5.392805319719965,5.392805319719965,50-75%
11.5,16.892805319719965,5.392805319719965,5.392805319719965,50-75%
11.5,17.17282376103235,5.672823761032351,5.672823761032351,50-75%
11.5,16.773427446974456,5.2734274469744555,5.2734274469744555,50-75%
11.5,17.41291338690081,5.9129133869008115,5.9129133869008115,50-75%
37.0,20.146337360988582,-16.853662639011418,16.853662639011418,75-100%
37.0,20.74686081781508,-16.25313918218492,16.25313918218492,75-100%
37.0,19.395380840954587,-17.604619159045413,17.604619159045413,75-100%
10.0,17.330026077582797,7.330026077582797,7.330026077582797,50-75%
10.0,17.431103892015813,7.431103892015813,7.431103892015813,50-75%
10.0,18.230071610942492,8.230071610942492,8.230071610942492,50-75%
10.0,17.845279209660713,7.845279209660713,7.845279209660713,50-75%
10.0,17.431103892015813,7.431103892015813,7.431103892015813,50-75%
10.0,17.431103892015813,7.431103892015813,7.431103892015813,50-75%
9.5,17.550886437082003,8.050886437082003,8.050886437082003,50-75%
9.0,17.34556849253572,8.345568492535719,8.345568492535719,50-75%
11.5,17.206463509077164,5.706463509077164,5.706463509077164,50-75%
11.5,16.773427446974456,5.2734274469744555,5.2734274469744555,50-75%
11.5,16.8384888233683,5.338488823368301,5.338488823368301,50-75%
11.5,16.87595524910805,5.375955249108049,5.375955249108049,50-75%
14.0,17.108116629447,3.108116629447,3.108116629447,50-75%
14.0,17.108116629447,3.108116629447,3.108116629447,50-75%
37.0,19.470938992694933,-17.529061007305067,17.529061007305067,75-100%
37.0,20.23848375517233,-16.76151624482767,16.76151624482767,75-100%
37.0,20.300515854605827,-16.699484145394173,16.699484145394173,75-100%
37.0,20.300515854605827,-16.699484145394173,16.699484145394173,75-100%
37.0,19.649463112591256,-17.350536887408744,17.350536887408744,75-100%
10.0,17.330026077582797,7.330026077582797,7.330026077582797,50-75%
10.0,17.599551880163094,7.599551880163094,7.599551880163094,50-75%
10.0,18.393073787988662,8.393073787988662,8.393073787988662,50-75%
10.0,18.036289272754185,8.036289272754185,8.036289272754185,50-75%
10.0,18.789051334837076,8.789051334837076,8.789051334837076,50-75%
9.0,18.1815511805338,9.181551180533798,9.181551180533798,50-75%
9.0,17.689407287351596,8.689407287351596,8.689407287351596,50-75%
11.5,17.206463509077164,5.706463509077164,5.706463509077164,50-75%
11.5,17.206463509077164,5.706463509077164,5.706463509077164,50-75%
11.5,16.8384888233683,5.338488823368301,5.338488823368301,50-75%
11.5,16.492062119749,4.992062119749001,4.992062119749001,50-75%
11.5,16.90098662920658,5.400986629206582,5.400986629206582,50-75%
14.0,16.952257395260308,2.9522573952603075,2.9522573952603075,50-75%
14.0,16.21492319001474,2.2149231900147406,2.2149231900147406,50-75%
37.0,20.44499504870173,-16.55500495129827,16.55500495129827,75-100%
37.0,20.23848375517233,-16.76151624482767,16.76151624482767,75-100%
37.0,20.23848375517233,-16.76151624482767,16.76151624482767,75-100%
37.0,20.191333324334146,-16.808666675665854,16.808666675665854,75-100%
37.0,19.879148177433486,-17.120851822566514,17.120851822566514,75-100%
9.0,17.654875212962743,8.654875212962743,8.654875212962743,50-75%
11.5,16.642867126787714,5.1428671267877135,5.1428671267877135,50-75%
11.5,16.642867126787714,5.1428671267877135,5.1428671267877135,50-75%
11.5,17.5919503937327,6.091950393732699,6.091950393732699,50-75%
11.5,17.41291338690081,5.9129133869008115,5.9129133869008115,50-75%
37.0,20.23848375517233,-16.76151624482767,16.76151624482767,75-100%
11.5,16.7289752005693,5.228975200569302,5.228975200569302,50-75%
14.0,17.406792583692962,3.406792583692962,3.406792583692962,50-75%
14.0,17.329283907007287,3.3292839070072873,3.3292839070072873,50-75%
27.0,19.21499615199747,-7.785003848002528,7.785003848002528,75-100%
27.0,19.108023198172862,-7.891976801827138,7.891976801827138,75-100%
27.0,19.020781479167216,-7.979218520832784,7.979218520832784,75-100%
27.0,18.689217770496462,-8.310782229503538,8.310782229503538,75-100%
27.0,19.293188940455348,-7.706811059544652,7.706811059544652,75-100%
27.0,19.545159329495736,-7.4548406705042645,7.4548406705042645,75-100%
27.0,19.545159329495736,-7.4548406705042645,7.4548406705042645,75-100%
27.0,19.14524519751433,-7.854754802485669,7.854754802485669,75-100%
27.0,18.689217770496462,-8.310782229503538,8.310782229503538,75-100%
27.0,18.789396219837194,-8.210603780162806,8.210603780162806,75-100%
27.0,17.146757131606993,-9.853242868393007,9.853242868393007,75-100%
27.0,19.583190512347283,-7.416809487652717,7.416809487652717,75-100%
27.0,19.583190512347283,-7.416809487652717,7.416809487652717,75-100%
27.0,19.493887207630532,-7.506112792369468,7.506112792369468,75-100%
27.0,19.14524519751433,-7.854754802485669,7.854754802485669,75-100%
27.0,19.14524519751433,-7.854754802485669,7.854754802485669,75-100%
27.0,19.057841985199502,-7.942158014800498,7.942158014800498,75-100%
27.0,19.057841985199502,-7.942158014800498,7.942158014800498,75-100%
27.0,16.951033596943265,-10.048966403056735,10.048966403056735,75-100%
27.0,19.583190512347283,-7.416809487652717,7.416809487652717,75-100%
27.0,19.583190512347283,-7.416809487652717,7.416809487652717,75-100%
27.0,19.583190512347283,-7.416809487652717,7.416809487652717,75-100%
27.0,19.583190512347283,-7.416809487652717,7.416809487652717,75-100%
27.0,19.14524519751433,-7.854754802485669,7.854754802485669,75-100%
27.0,19.020781479167216,-7.979218520832784,7.979218520832784,75-100%
27.0,19.025370108479457,-7.974629891520543,7.974629891520543,75-100%
27.0,16.951033596943265,-10.048966403056735,10.048966403056735,75-100%
27.0,19.583190512347283,-7.416809487652717,7.416809487652717,75-100%
27.0,19.583190512347283,-7.416809487652717,7.416809487652717,75-100%
27.0,19.545159329495736,-7.4548406705042645,7.4548406705042645,75-100%
27.0,19.545159329495736,-7.4548406705042645,7.4548406705042645,75-100%
27.0,19.020781479167216,-7.979218520832784,7.979218520832784,75-100%
27.0,19.025370108479457,-7.974629891520543,7.974629891520543,75-100%
27.0,19.583190512347283,-7.416809487652717,7.416809487652717,75-100%
27.0,19.545159329495736,-7.4548406705042645,7.4548406705042645,75-100%
27.0,19.545159329495736,-7.4548406705042645,7.4548406705042645,75-100%
27.0,19.545159329495736,-7.4548406705042645,7.4548406705042645,75-100%
27.0,19.456021028853982,-7.543978971146018,7.543978971146018,75-100%
27.0,19.545159329495736,-7.4548406705042645,7.4548406705042645,75-100%
37.0,16.36785346750087,-20.63214653249913,20.63214653249913,75-100%
37.0,16.357831159100567,-20.642168840899433,20.642168840899433,75-100%
37.0,16.475197948411438,-20.524802051588562,20.524802051588562,75-100%
37.0,16.307281082484543,-20.692718917515457,20.692718917515457,75-100%
37.0,19.58006219548427,-17.41993780451573,17.41993780451573,75-100%
37.0,16.41858046033434,-20.58141953966566,20.58141953966566,75-100%
37.0,16.263933893092535,-20.736066106907465,20.736066106907465,75-100%
37.0,16.43143020051837,-20.56856979948163,20.56856979948163,75-100%
37.0,16.263933893092535,-20.736066106907465,20.736066106907465,75-100%
37.0,16.307281082484543,-20.692718917515457,20.692718917515457,75-100%
37.0,16.307281082484543,-20.692718917515457,20.692718917515457,75-100%
37.0,19.528518117044946,-17.471481882955054,17.471481882955054,75-100%
37.0,19.588476591093205,-17.411523408906795,17.411523408906795,75-100%
37.0,16.581266985426677,-20.418733014573323,20.418733014573323,75-100%
37.0,16.43143020051837,-20.56856979948163,20.56856979948163,75-100%
37.0,16.263933893092535,-20.736066106907465,20.736066106907465,75-100%
37.0,16.307281082484543,-20.692718917515457,20.692718917515457,75-100%
37.0,15.995285206168953,-21.00471479383105,21.00471479383105,75-100%
37.0,21.511658276023745,-15.488341723976255,15.488341723976255,75-100%
37.0,20.744528165445068,-16.255471834554932,16.255471834554932,75-100%
37.0,16.768327562737134,-20.231672437262866,20.231672437262866,75-100%
37.0,16.768327562737134,-20.231672437262866,20.231672437262866,75-100%
37.0,16.263933893092535,-20.736066106907465,20.736066106907465,75-100%
37.0,16.307281082484543,-20.692718917515457,20.692718917515457,75-100%
37.0,15.806871334856721,-21.193128665143277,21.193128665143277,75-100%
37.0,20.744528165445068,-16.255471834554932,16.255471834554932,75-100%
37.0,16.64494795443101,-20.35505204556899,20.35505204556899,75-100%
37.0,16.38663222185477,-20.61336777814523,20.61336777814523,75-100%
37.0,16.768327562737134,-20.231672437262866,20.231672437262866,75-100%
37.0,16.593561726347176,-20.406438273652824,20.406438273652824,75-100%
37.0,16.841213639061817,-20.158786360938183,20.158786360938183,75-100%
37.0,16.38663222185477,-20.61336777814523,20.61336777814523,75-100%
37.0,15.897203020148012,-21.102796979851988,21.102796979851988,75-100%
19.0,15.602871845757877,-3.3971281542421234,3.3971281542421234,75-100%
19.0,15.294437371817082,-3.7055626281829177,3.7055626281829177,75-100%
19.0,15.169771993871954,-3.8302280061280456,3.8302280061280456,75-100%
19.0,15.701108152938968,-3.2988918470610322,3.2988918470610322,75-100%
19.0,15.169771993871954,-3.8302280061280456,3.8302280061280456,75-100%
19.0,15.602871845757877,-3.3971281542421234,3.3971281542421234,75-100%
19.0,16.184324657863502,-2.8156753421364975,2.8156753421364975,75-100%
19.0,16.160175058812634,-2.8398249411873664,2.8398249411873664,75-100%
19.0,15.057480552715363,-3.9425194472846368,3.9425194472846368,75-100%
19.0,15.602871845757877,-3.3971281542421234,3.3971281542421234,75-100%
19.0,15.787546462994527,-3.212453537005473,3.212453537005473,75-100%
19.0,15.602871845757877,-3.3971281542421234,3.3971281542421234,75-100%
19.0,15.500768510757638,-3.499231489242362,3.499231489242362,75-100%
19.0,15.459968475731447,-3.540031524268553,3.540031524268553,75-100%
19.0,15.602871845757877,-3.3971281542421234,3.3971281542421234,75-100%
19.0,15.6337807937924,-3.3662192062075995,3.3662192062075995,75-100%
19.0,15.6337807937924,-3.3662192062075995,3.3662192062075995,75-100%
14.0,20.07874717916315,6.078747179163152,6.078747179163152,50-75%
14.0,19.715525038249496,5.7155250382494955,5.7155250382494955,50-75%
14.0,19.715525038249496,5.7155250382494955,5.7155250382494955,50-75%
14.0,16.34426118063545,2.344261180635449,2.344261180635449,50-75%
14.0,20.042219390593914,6.042219390593914,6.042219390593914,50-75%
14.0,20.16888220668314,6.16888220668314,6.16888220668314,50-75%
14.0,20.31389206193409,6.313892061934091,6.313892061934091,50-75%
14.0,20.013281670476296,6.013281670476296,6.013281670476296,50-75%
14.0,18.49682024545983,4.49682024545983,4.49682024545983,50-75%
14.0,18.904567647299967,4.904567647299967,4.904567647299967,50-75%
14.0,18.904567647299967,4.904567647299967,4.904567647299967,50-75%
14.0,18.478287301489978,4.478287301489978,4.478287301489978,50-75%
14.0,18.614180591877435,4.614180591877435,4.614180591877435,50-75%
14.0,19.776029710984282,5.776029710984282,5.776029710984282,50-75%
14.0,19.735659815274076,5.735659815274076,5.735659815274076,50-75%
14.0,16.45981185024684,2.4598118502468402,2.4598118502468402,50-75%
14.0,16.35534204802733,2.3553420480273317,2.3553420480273317,50-75%
14.0,18.904567647299967,4.904567647299967,4.904567647299967,50-75%
14.0,16.45981185024684,2.4598118502468402,2.4598118502468402,50-75%
14.0,17.44202771501791,3.442027715017911,3.442027715017911,50-75%
14.0,16.45981185024684,2.4598118502468402,2.4598118502468402,50-75%
14.0,18.904567647299967,4.904567647299967,4.904567647299967,50-75%
14.0,18.166449266389897,4.166449266389897,4.166449266389897,50-75%
14.0,16.398918749802117,2.3989187498021174,2.3989187498021174,50-75%
14.0,16.464872823390856,2.4648728233908557,2.4648728233908557,50-75%
14.0,16.35534204802733,2.3553420480273317,2.3553420480273317,50-75%
14.0,18.478287301489978,4.478287301489978,4.478287301489978,50-75%
14.0,16.35534204802733,2.3553420480273317,2.3553420480273317,50-75%
35.0,16.92002685520947,-18.07997314479053,18.07997314479053,75-100%
35.0,16.93182775728103,-18.06817224271897,18.06817224271897,75-100%
35.0,17.15874663727664,-17.84125336272336,17.84125336272336,75-100%
35.0,16.94042770462907,-18.05957229537093,18.05957229537093,75-100%
15.0,18.34933822462292,3.349338224622919,3.349338224622919,50-75%
35.0,18.335717880124985,-16.664282119875015,16.664282119875015,75-100%
35.0,16.94042770462907,-18.05957229537093,18.05957229537093,75-100%
35.0,16.93182775728103,-18.06817224271897,18.06817224271897,75-100%
35.0,16.772396506479748,-18.227603493520252,18.227603493520252,75-100%
35.0,19.78258816231698,-15.21741183768302,15.21741183768302,75-100%
35.0,19.754137287017453,-15.245862712982547,15.245862712982547,75-100%
35.0,19.843010042792358,-15.156989957207642,15.156989957207642,75-100%
15.0,14.686514990182971,-0.313485009817029,0.313485009817029,50-75%
15.0,14.46376052935946,-0.53623947064054,0.53623947064054,50-75%
15.0,14.505296528887476,-0.49470347111252444,0.49470347111252444,50-75%
15.0,14.603958227523501,-0.3960417724764991,0.3960417724764991,50-75%
15.0,18.783003796403197,3.7830037964031966,3.7830037964031966,50-75%
35.0,18.07007919507602,-16.92992080492398,16.92992080492398,75-100%
35.0,17.190615711031658,-17.809384288968342,17.809384288968342,75-100%
35.0,17.008614902264764,-17.991385097735236,17.991385097735236,75-100%
35.0,19.804883566056517,-15.195116433943483,15.195116433943483,75-100%
35.0,19.833018709704106,-15.166981290295894,15.166981290295894,75-100%
35.0,19.819308539331296,-15.180691460668704,15.180691460668704,75-100%
35.0,19.686014240402642,-15.313985759597358,15.313985759597358,75-100%
15.0,14.56215793042076,-0.43784206957924,0.43784206957924,50-75%
15.0,14.547046736335702,-0.45295326366429833,0.45295326366429833,50-75%
15.0,14.56215793042076,-0.43784206957924,0.43784206957924,50-75%
15.0,14.686514990182971,-0.313485009817029,0.313485009817029,50-75%
15.0,14.603958227523501,-0.3960417724764991,0.3960417724764991,50-75%
15.0,24.130024943522667,9.130024943522667,9.130024943522667,50-75%
15.0,19.039551790847064,4.039551790847064,4.039551790847064,50-75%
35.0,19.46758418738554,-15.53241581261446,15.53241581261446,75-100%
35.0,19.939565578702478,-15.060434421297522,15.060434421297522,75-100%
35.0,19.967882857364692,-15.032117142635308,15.032117142635308,75-100%
35.0,19.833018709704106,-15.166981290295894,15.166981290295894,75-100%
15.0,14.788460630539163,-0.21153936946083718,0.21153936946083718,50-75%
15.0,15.181491871755748,0.18149187175574788,0.18149187175574788,50-75%
15.0,14.967491872195358,-0.03250812780464152,0.03250812780464152,50-75%
15.0,15.30958519585499,0.30958519585498934,0.30958519585498934,50-75%
35.0,18.473907849290264,-16.526092150709736,16.526092150709736,75-100%
35.0,17.065506915463526,-17.934493084536474,17.934493084536474,75-100%
35.0,19.016555786313813,-15.983444213686187,15.983444213686187,75-100%
22.0,19.155117236076016,-2.8448827639239838,2.8448827639239838,75-100%
15.0,14.787866062498352,-0.21213393750164755,0.21213393750164755,50-75%
35.0,18.88781051653215,-16.11218948346785,16.11218948346785,75-100%
35.0,18.198378183700004,-16.801621816299996,16.801621816299996,75-100%
35.0,18.198378183700004,-16.801621816299996,16.801621816299996,75-100%
22.0,18.44075928533777,-3.5592407146622307,3.5592407146622307,75-100%
22.0,18.662754642778758,-3.337245357221242,3.337245357221242,75-100%
22.0,18.699152404664744,-3.300847595335256,3.300847595335256,75-100%
22.0,19.320883715355937,-2.6791162846440635,2.6791162846440635,75-100%
22.0,19.515874466558778,-2.4841255334412224,2.4841255334412224,75-100%
22.0,18.511924093646073,-3.4880759063539273,3.4880759063539273,75-100%
22.0,18.578914391891683,-3.421085608108317,3.421085608108317,75-100%
22.0,18.44075928533777,-3.5592407146622307,3.5592407146622307,75-100%
22.0,18.6986560972794,-3.3013439027205997,3.3013439027205997,75-100%
22.0,19.428396588016682,-2.571603411983318,2.571603411983318,75-100%
22.0,18.57195553896884,-3.42804446103116,3.42804446103116,75-100%
22.0,18.61515695693248,-3.3848430430675194,3.3848430430675194,75-100%
22.0,18.61515695693248,-3.3848430430675194,3.3848430430675194,75-100%
22.0,18.578914391891683,-3.421085608108317,3.421085608108317,75-100%
22.0,18.790042996065857,-3.209957003934143,3.209957003934143,75-100%
22.0,18.57195553896884,-3.42804446103116,3.42804446103116,75-100%
22.0,18.57195553896884,-3.42804446103116,3.42804446103116,75-100%
22.0,19.428396588016682,-2.571603411983318,2.571603411983318,75-100%
22.0,18.61515695693248,-3.3848430430675194,3.3848430430675194,75-100%
22.0,18.578914391891683,-3.421085608108317,3.421085608108317,75-100%
22.0,18.561056135499665,-3.4389438645003345,3.4389438645003345,75-100%
22.0,18.68768613568424,-3.3123138643157617,3.3123138643157617,75-100%
22.0,18.826676381660626,-3.1733236183393743,3.1733236183393743,75-100%
22.0,18.6986560972794,-3.3013439027205997,3.3013439027205997,75-100%
22.0,18.61515695693248,-3.3848430430675194,3.3848430430675194,75-100%
22.0,18.459081483845882,-3.540918516154118,3.540918516154118,75-100%
22.0,18.00197510332071,-3.99802489667929,3.99802489667929,75-100%
18.5,15.800268088246478,-2.6997319117535223,2.6997319117535223,75-100%
18.5,15.350720514076544,-3.149279485923456,3.149279485923456,75-100%
18.5,15.205685878463362,-3.2943141215366385,3.2943141215366385,75-100%
15.0,19.801802451509268,4.801802451509268,4.801802451509268,50-75%
15.0,20.067835174474546,5.067835174474546,5.067835174474546,50-75%
15.0,16.126910574531575,1.1269105745315748,1.1269105745315748,50-75%
15.0,15.941153070530417,0.941153070530417,0.941153070530417,50-75%
15.0,15.414507508433486,0.41450750843348594,0.41450750843348594,50-75%
15.0,14.502230251981944,-0.4977697480180563,0.4977697480180563,50-75%
15.0,20.201884792161064,5.201884792161064,5.201884792161064,50-75%
15.0,19.685801686730066,4.685801686730066,4.685801686730066,50-75%
15.0,19.93472908799305,4.934729087993048,4.934729087993048,50-75%
15.0,14.977524738354276,-0.022475261645723776,0.022475261645723776,50-75%
15.0,14.502230251981944,-0.4977697480180563,0.4977697480180563,50-75%
15.0,19.73950347583296,4.7395034758329615,4.7395034758329615,50-75%
21.0,19.874309643688527,-1.1256903563114733,1.1256903563114733,75-100%
21.0,19.70617269995627,-1.2938273000437306,1.2938273000437306,75-100%
15.0,14.143845952605782,-0.8561540473942184,0.8561540473942184,50-75%
21.0,19.834255705474476,-1.165744294525524,1.165744294525524,75-100%
21.0,17.753962580327734,-3.246037419672266,3.246037419672266,75-100%
27.0,18.656017114507687,-8.343982885492313,8.343982885492313,75-100%
27.0,18.01071598074287,-8.98928401925713,8.98928401925713,75-100%
21.0,19.585112090538274,-1.4148879094617257,1.4148879094617257,75-100%
21.0,20.125141278810343,-0.874858721189657,0.874858721189657,75-100%
21.0,18.478468978099656,-2.521531021900344,2.521531021900344,75-100%
21.0,17.753962580327734,-3.246037419672266,3.246037419672266,75-100%
21.0,17.753962580327734,-3.246037419672266,3.246037419672266,75-100%
27.0,17.256772286108088,-9.743227713891912,9.743227713891912,75-100%
27.0,17.758892344107085,-9.241107655892915,9.241107655892915,75-100%
27.0,16.782906020251943,-10.217093979748057,10.217093979748057,75-100%
27.0,17.256772286108088,-9.743227713891912,9.743227713891912,75-100%
27.0,16.725138927991065,-10.274861072008935,10.274861072008935,75-100%
27.0,16.659412124003865,-10.340587875996135,10.340587875996135,75-100%
27.0,16.659412124003865,-10.340587875996135,10.340587875996135,75-100%
27.0,16.849092457835965,-10.150907542164035,10.150907542164035,75-100%
27.0,16.849092457835965,-10.150907542164035,10.150907542164035,75-100%
27.0,16.725138927991065,-10.274861072008935,10.274861072008935,75-100%
6.0,16.48757780400361,10.48757780400361,10.48757780400361,25-50%
6.0,16.48757780400361,10.48757780400361,10.48757780400361,25-50%
6.0,17.697976085551858,11.697976085551858,11.697976085551858,25-50%
6.0,16.612873844697965,10.612873844697965,10.612873844697965,25-50%
6.0,17.852258192672828,11.852258192672828,11.852258192672828,25-50%
6.0,16.612873844697965,10.612873844697965,10.612873844697965,25-50%
6.0,17.782351903984218,11.782351903984218,11.782351903984218,25-50%
6.0,17.852258192672828,11.852258192672828,11.852258192672828,25-50%
6.0,17.852258192672828,11.852258192672828,11.852258192672828,25-50%
8.0,17.976782231761774,9.976782231761774,9.976782231761774,25-50%
8.0,17.959729406325394,9.959729406325394,9.959729406325394,25-50%
8.0,18.27002767690088,10.270027676900881,10.270027676900881,25-50%
8.0,17.383429160758784,9.383429160758784,9.383429160758784,25-50%
6.0,17.852258192672828,11.852258192672828,11.852258192672828,25-50%
6.0,18.262072989097266,12.262072989097266,12.262072989097266,25-50%
8.0,21.91716749460229,13.917167494602289,13.917167494602289,25-50%
8.0,21.099069635445467,13.099069635445467,13.099069635445467,25-50%
8.0,21.099069635445467,13.099069635445467,13.099069635445467,25-50%
8.0,17.959729406325394,9.959729406325394,9.959729406325394,25-50%
8.0,17.18119873052624,9.18119873052624,9.18119873052624,25-50%
8.0,17.160524089783223,9.160524089783223,9.160524089783223,25-50%
6.0,17.826652473405577,11.826652473405577,11.826652473405577,25-50%
6.0,17.826652473405577,11.826652473405577,11.826652473405577,25-50%
8.0,21.099069635445467,13.099069635445467,13.099069635445467,25-50%
8.0,22.35037336801455,14.350373368014552,14.350373368014552,25-50%
8.0,21.886215365703762,13.886215365703762,13.886215365703762,25-50%
8.0,19.94298849126839,11.942988491268391,11.942988491268391,25-50%
8.0,19.837016138476947,11.837016138476947,11.837016138476947,25-50%
8.0,19.937581053808188,11.937581053808188,11.937581053808188,25-50%
8.0,19.92416880295158,11.92416880295158,11.92416880295158,25-50%
8.0,21.19370162093359,13.193701620933592,13.193701620933592,25-50%
8.0,21.120549170177938,13.120549170177938,13.120549170177938,25-50%
8.0,19.79348386319918,11.793483863199182,11.793483863199182,25-50%
8.0,19.87240615352446,11.872406153524459,11.872406153524459,25-50%
8.0,19.837016138476947,11.837016138476947,11.837016138476947,25-50%
8.0,19.79348386319918,11.793483863199182,11.793483863199182,25-50%
8.0,20.555383690406607,12.555383690406607,12.555383690406607,25-50%
8.0,19.79348386319918,11.793483863199182,11.793483863199182,25-50%
8.0,19.58053901657474,11.58053901657474,11.58053901657474,25-50%
8.0,19.966365672310797,11.966365672310797,11.966365672310797,25-50%
8.0,19.799511148275606,11.799511148275606,11.799511148275606,25-50%
8.0,19.87240615352446,11.872406153524459,11.872406153524459,25-50%
8.0,18.084782591962806,10.084782591962806,10.084782591962806,25-50%
8.0,16.21926125176565,8.219261251765651,8.219261251765651,25-50%
8.0,19.031049132397857,11.031049132397857,11.031049132397857,25-50%
8.0,17.817294185982494,9.817294185982494,9.817294185982494,25-50%
8.0,18.437384511474338,10.437384511474338,10.437384511474338,25-50%
13.0,21.310080505749028,8.310080505749028,8.310080505749028,50-75%
13.0,21.05006462229059,8.050064622290591,8.050064622290591,50-75%
13.0,21.05006462229059,8.050064622290591,8.050064622290591,50-75%
13.0,20.58507529234897,7.5850752923489715,7.5850752923489715,50-75%
8.0,18.44615501936737,10.446155019367371,10.446155019367371,25-50%
8.0,18.10275480096614,10.102754800966139,10.102754800966139,25-50%
8.0,18.321078532637504,10.321078532637504,10.321078532637504,25-50%
8.0,17.35133826818984,9.351338268189838,9.351338268189838,25-50%
8.0,18.115130013747823,10.115130013747823,10.115130013747823,25-50%
8.0,17.978210267529644,9.978210267529644,9.978210267529644,25-50%
8.0,20.194456105961116,12.194456105961116,12.194456105961116,25-50%
13.0,18.635925467413422,5.635925467413422,5.635925467413422,50-75%
13.0,18.635925467413422,5.635925467413422,5.635925467413422,50-75%
13.0,21.349127352338883,8.349127352338883,8.349127352338883,50-75%
13.0,21.05006462229059,8.050064622290591,8.050064622290591,50-75%
13.0,21.05006462229059,8.050064622290591,8.050064622290591,50-75%
13.0,20.857508480608864,7.857508480608864,7.857508480608864,50-75%
8.0,18.10275480096614,10.102754800966139,10.102754800966139,25-50%
8.0,18.10275480096614,10.102754800966139,10.102754800966139,25-50%
8.0,17.102885232554005,9.102885232554005,9.102885232554005,25-50%
8.0,17.35133826818984,9.351338268189838,9.351338268189838,25-50%
8.0,17.673083836885134,9.673083836885134,9.673083836885134,25-50%
8.0,19.493811616270275,11.493811616270275,11.493811616270275,25-50%
8.0,19.796445106222844,11.796445106222844,11.796445106222844,25-50%
13.0,18.8559191746664,5.8559191746664006,5.8559191746664006,50-75%
13.0,21.3115749749099,8.311574974909899,8.311574974909899,50-75%
13.0,20.93401705195469,7.93401705195469,7.93401705195469,50-75%
13.0,20.93401705195469,7.93401705195469,7.93401705195469,50-75%
8.0,18.10275480096614,10.102754800966139,10.102754800966139,25-50%
8.0,18.031919642747106,10.031919642747106,10.031919642747106,25-50%
8.0,18.10275480096614,10.102754800966139,10.102754800966139,25-50%
8.0,18.80517219176064,10.80517219176064,10.80517219176064,25-50%
8.0,18.04075271887202,10.040752718872021,10.040752718872021,25-50%
8.0,19.741221494708107,11.741221494708107,11.741221494708107,25-50%
8.0,20.504539802796366,12.504539802796366,12.504539802796366,25-50%
13.0,19.23836800976901,6.238368009769012,6.238368009769012,50-75%
13.0,21.05006462229059,8.050064622290591,8.050064622290591,50-75%
9.0,17.656144115103267,8.656144115103267,8.656144115103267,50-75%
8.0,18.10275480096614,10.102754800966139,10.102754800966139,25-50%
8.0,18.321078532637504,10.321078532637504,10.321078532637504,25-50%
8.0,17.35133826818984,9.351338268189838,9.351338268189838,25-50%
8.0,17.782773998746748,9.782773998746748,9.782773998746748,25-50%
9.0,17.810081915063094,8.810081915063094,8.810081915063094,50-75%
9.0,17.660962338005508,8.660962338005508,8.660962338005508,50-75%
8.0,18.10275480096614,10.102754800966139,10.102754800966139,25-50%
8.0,18.321078532637504,10.321078532637504,10.321078532637504,25-50%
8.0,17.35133826818984,9.351338268189838,9.351338268189838,25-50%
8.0,17.918283755089888,9.918283755089888,9.918283755089888,25-50%
9.0,17.13472813057196,8.134728130571961,8.134728130571961,50-75%
9.0,17.711086091628832,8.711086091628832,8.711086091628832,50-75%
5.0,17.686612420254242,12.686612420254242,12.686612420254242,0-25%
5.0,19.817148004923922,14.817148004923922,14.817148004923922,0-25%
5.0,20.108954838735762,15.108954838735762,15.108954838735762,0-25%
5.0,19.927286491712366,14.927286491712366,14.927286491712366,0-25%
5.0,16.96910433281786,11.96910433281786,11.96910433281786,0-25%
5.0,16.96910433281786,11.96910433281786,11.96910433281786,0-25%
5.0,17.636425621475997,12.636425621475997,12.636425621475997,0-25%
5.0,19.47088865889649,14.470888658896492,14.470888658896492,0-25%
5.0,19.47088865889649,14.470888658896492,14.470888658896492,0-25%
20.0,20.738981223414143,0.7389812234141431,0.7389812234141431,75-100%
5.0,16.85674345018304,11.856743450183039,11.856743450183039,0-25%
5.0,19.988409664698338,14.988409664698338,14.988409664698338,0-25%
5.0,19.603408529843026,14.603408529843026,14.603408529843026,0-25%
5.0,18.411129749475684,13.411129749475684,13.411129749475684,0-25%
20.0,20.738981223414143,0.7389812234141431,0.7389812234141431,75-100%
5.0,19.725767236752922,14.725767236752922,14.725767236752922,0-25%
5.0,19.927286491712366,14.927286491712366,14.927286491712366,0-25%
5.0,20.163382941388534,15.163382941388534,15.163382941388534,0-25%
20.0,22.929361283264672,2.9293612832646723,2.9293612832646723,75-100%
20.0,22.00103440276314,2.001034402763139,2.001034402763139,75-100%
20.0,21.39954777275536,1.3995477727553585,1.3995477727553585,75-100%
20.0,21.39954777275536,1.3995477727553585,1.3995477727553585,75-100%
20.0,20.738981223414143,0.7389812234141431,0.7389812234141431,75-100%
20.0,10.040639137249022,-9.959360862750978,9.959360862750978,75-100%
5.0,19.47739388355441,14.47739388355441,14.47739388355441,0-25%
20.0,23.63493668990745,3.6349366899074482,3.6349366899074482,75-100%
20.0,21.972162573102963,1.9721625731029633,1.9721625731029633,75-100%
20.0,21.39954777275536,1.3995477727553585,1.3995477727553585,75-100%
20.0,21.268586684805822,1.2685866848058218,1.2685866848058218,75-100%
20.0,21.39954777275536,1.3995477727553585,1.3995477727553585,75-100%
20.0,10.081731440853,-9.918268559147,9.918268559147,75-100%
20.0,23.434583597973837,3.4345835979738375,3.4345835979738375,75-100%
20.0,21.39954777275536,1.3995477727553585,1.3995477727553585,75-100%
20.0,20.738981223414143,0.7389812234141431,0.7389812234141431,75-100%
20.0,10.301919642495259,-9.698080357504741,9.698080357504741,75-100%
20.0,20.738981223414143,0.7389812234141431,0.7389812234141431,75-100%
20.0,20.738981223414143,0.7389812234141431,0.7389812234141431,75-100%
20.0,11.471397438160329,-8.528602561839671,8.528602561839671,75-100%
20.0,11.719197575578479,-8.280802424421521,8.280802424421521,75-100%
20.0,22.00103440276314,2.001034402763139,2.001034402763139,75-100%
20.0,22.13630300027166,2.13630300027166,2.13630300027166,75-100%
20.0,11.719197575578479,-8.280802424421521,8.280802424421521,75-100%
17.0,18.308977225739334,1.3089772257393335,1.3089772257393335,75-100%
17.0,15.800268088246478,-1.1997319117535223,1.1997319117535223,75-100%
17.0,15.728633227461291,-1.271366772538709,1.271366772538709,75-100%
17.0,18.433975373728995,1.4339753737289946,1.4339753737289946,75-100%
17.0,18.433975373728995,1.4339753737289946,1.4339753737289946,75-100%
17.0,15.877783418392173,-1.1222165816078267,1.1222165816078267,75-100%
17.0,15.620616919439552,-1.379383080560448,1.379383080560448,75-100%
17.0,15.800268088246478,-1.1997319117535223,1.1997319117535223,75-100%
17.0,17.16332260882339,0.163322608823389,0.163322608823389,75-100%
17.0,18.209108504564764,1.2091085045647638,1.2091085045647638,75-100%
17.0,18.226645450543565,1.2266454505435647,1.2266454505435647,75-100%
17.0,18.344720109587122,1.3447201095871222,1.3447201095871222,75-100%
17.0,15.800268088246478,-1.1997319117535223,1.1997319117535223,75-100%
17.0,15.472843598146117,-1.5271564018538832,1.5271564018538832,75-100%
17.0,15.691789235970079,-1.308210764029921,1.308210764029921,75-100%
17.0,15.650897494720757,-1.3491025052792427,1.3491025052792427,75-100%
17.0,17.16332260882339,0.163322608823389,0.163322608823389,75-100%
17.0,17.82708717941113,0.8270871794111301,0.8270871794111301,75-100%
17.0,18.226645450543565,1.2266454505435647,1.2266454505435647,75-100%
17.0,18.13786022141894,1.13786022141894,1.13786022141894,75-100%
17.0,15.620616919439552,-1.379383080560448,1.379383080560448,75-100%
17.0,15.691789235970079,-1.308210764029921,1.308210764029921,75-100%
17.0,15.691789235970079,-1.308210764029921,1.308210764029921,75-100%
17.0,17.82708717941113,0.8270871794111301,0.8270871794111301,75-100%
17.0,18.226645450543565,1.2266454505435647,1.2266454505435647,75-100%
17.0,18.090976066750038,1.0909760667500379,1.0909760667500379,75-100%
17.0,15.691789235970079,-1.308210764029921,1.308210764029921,75-100%
17.0,15.620616919439552,-1.379383080560448,1.379383080560448,75-100%
17.0,15.620616919439552,-1.379383080560448,1.379383080560448,75-100%
17.0,18.433975373728995,1.4339753737289946,1.4339753737289946,75-100%
17.0,18.433975373728995,1.4339753737289946,1.4339753737289946,75-100%
17.0,18.344720109587122,1.3447201095871222,1.3447201095871222,75-100%
17.0,18.13786022141894,1.13786022141894,1.13786022141894,75-100%
17.0,15.691789235970079,-1.308210764029921,1.308210764029921,75-100%
17.0,15.691789235970079,-1.308210764029921,1.308210764029921,75-100%
15.0,20.884424474549082,5.884424474549082,5.884424474549082,50-75%
15.0,21.440464709465626,6.440464709465626,6.440464709465626,50-75%
15.0,20.884424474549082,5.884424474549082,5.884424474549082,50-75%
15.0,20.243003748181916,5.243003748181916,5.243003748181916,50-75%
15.0,20.681281105341938,5.681281105341938,5.681281105341938,50-75%
15.0,20.884424474549082,5.884424474549082,5.884424474549082,50-75%
15.0,20.884424474549082,5.884424474549082,5.884424474549082,50-75%
15.0,20.358563314181644,5.358563314181644,5.358563314181644,50-75%
15.0,20.358563314181644,5.358563314181644,5.358563314181644,50-75%
15.0,19.46789930485568,4.467899304855681,4.467899304855681,50-75%
15.0,19.863011793747738,4.863011793747738,4.863011793747738,50-75%
15.0,20.293449305304676,5.2934493053046765,5.2934493053046765,50-75%
15.0,20.243003748181916,5.243003748181916,5.243003748181916,50-75%
15.0,20.37667216636911,5.3766721663691115,5.3766721663691115,50-75%
15.0,20.37667216636911,5.3766721663691115,5.3766721663691115,50-75%
15.0,20.492958873623284,5.492958873623284,5.492958873623284,50-75%
15.0,20.492958873623284,5.492958873623284,5.492958873623284,50-75%
15.0,20.686099001780704,5.686099001780704,5.686099001780704,50-75%
15.0,20.686099001780704,5.686099001780704,5.686099001780704,50-75%
15.0,19.442207168933287,4.442207168933287,4.442207168933287,50-75%
15.0,17.096665688514776,2.0966656885147756,2.0966656885147756,50-75%
15.0,19.863011793747738,4.863011793747738,4.863011793747738,50-75%
15.0,19.99428916949691,4.994289169496909,4.994289169496909,50-75%
15.0,20.243003748181916,5.243003748181916,5.243003748181916,50-75%
15.0,19.836823696631768,4.836823696631768,4.836823696631768,50-75%
15.0,20.292228764016084,5.292228764016084,5.292228764016084,50-75%
15.0,20.358563314181644,5.358563314181644,5.358563314181644,50-75%
15.0,20.46413543557133,5.464135435571329,5.464135435571329,50-75%
15.0,20.140960230931974,5.140960230931974,5.140960230931974,50-75%
15.0,17.096665688514776,2.0966656885147756,2.0966656885147756,50-75%
15.0,17.096665688514776,2.0966656885147756,2.0966656885147756,50-75%
15.0,17.096665688514776,2.0966656885147756,2.0966656885147756,50-75%
15.0,19.863011793747738,4.863011793747738,4.863011793747738,50-75%
15.0,19.863011793747738,4.863011793747738,4.863011793747738,50-75%
15.0,19.863011793747738,4.863011793747738,4.863011793747738,50-75%
15.0,20.358563314181644,5.358563314181644,5.358563314181644,50-75%
15.0,21.06091259730968,6.060912597309681,6.060912597309681,50-75%
15.0,20.944642544812027,5.944642544812027,5.944642544812027,50-75%
15.0,20.140960230931974,5.140960230931974,5.140960230931974,50-75%
15.0,19.813639026552387,4.813639026552387,4.813639026552387,50-75%
15.0,16.983507164202845,1.9835071642028446,1.9835071642028446,50-75%
14.5,17.6482974511827,3.1482974511826995,3.1482974511826995,50-75%
14.666666666666664,19.99428916949691,5.327622502830245,5.327622502830245,50-75%
14.75,19.99428916949691,5.244289169496909,5.244289169496909,50-75%
14.75,19.863011793747738,5.113011793747738,5.113011793747738,50-75%
14.75,19.99428916949691,5.244289169496909,5.244289169496909,50-75%
14.75,21.06091259730968,6.310912597309681,6.310912597309681,50-75%
15.0,20.029538704507853,5.0295387045078535,5.0295387045078535,50-75%
15.0,20.00631762172096,5.00631762172096,5.00631762172096,50-75%
14.0,16.91328157767022,2.913281577670219,2.913281577670219,50-75%
14.5,17.361587346098133,2.8615873460981334,2.8615873460981334,50-75%
14.5,17.6482974511827,3.1482974511826995,3.1482974511826995,50-75%
14.666666666666664,17.728734995904386,3.0620683292377215,3.0620683292377215,50-75%
14.666666666666664,17.725078111214255,3.058411444547591,3.058411444547591,50-75%
14.5,17.485684518093127,2.9856845180931266,2.9856845180931266,50-75%
14.0,17.361587346098133,3.3615873460981334,3.3615873460981334,50-75%
14.0,17.082433508082318,3.0824335080823175,3.0824335080823175,50-75%
14.0,17.45152885852121,3.451528858521211,3.451528858521211,50-75%
14.0,17.21093571786727,3.210935717867269,3.210935717867269,50-75%
14.0,17.361587346098133,3.3615873460981334,3.3615873460981334,50-75%
14.0,19.83449926507095,5.834499265070949,5.834499265070949,50-75%
14.0,17.361587346098133,3.3615873460981334,3.3615873460981334,50-75%
14.0,17.60417081547226,3.6041708154722585,3.6041708154722585,50-75%
14.0,17.45152885852121,3.451528858521211,3.451528858521211,50-75%
14.0,17.244646015026643,3.2446460150266425,3.2446460150266425,50-75%
14.0,19.89341890880083,5.893418908800829,5.893418908800829,50-75%
14.0,19.758510698321594,5.758510698321594,5.758510698321594,50-75%
14.0,17.485684518093127,3.4856845180931266,3.4856845180931266,50-75%
14.0,17.321328946283618,3.321328946283618,3.321328946283618,50-75%
14.0,17.21093571786727,3.210935717867269,3.210935717867269,50-75%
14.0,17.319496551889976,3.3194965518899764,3.3194965518899764,50-75%
14.0,17.04902292799104,3.0490229279910395,3.0490229279910395,50-75%
14.0,17.896745294641203,3.896745294641203,3.896745294641203,50-75%
14.0,19.944729553173197,5.944729553173197,5.944729553173197,50-75%
14.0,17.45152885852121,3.451528858521211,3.451528858521211,50-75%
14.0,19.955970847092303,5.955970847092303,5.955970847092303,50-75%
15.0,23.595328302681047,8.595328302681047,8.595328302681047,50-75%
15.0,17.316783839032958,2.316783839032958,2.316783839032958,50-75%
15.0,23.992037380779706,8.992037380779706,8.992037380779706,50-75%
15.0,17.153929957228964,2.1539299572289643,2.1539299572289643,50-75%
15.0,16.934632185840986,1.9346321858409858,1.9346321858409858,50-75%
15.0,22.849975172001148,7.849975172001148,7.849975172001148,50-75%
15.0,23.992037380779706,8.992037380779706,8.992037380779706,50-75%
15.0,24.176791955660494,9.176791955660494,9.176791955660494,50-75%
15.0,25.30533328528936,10.305333285289361,10.305333285289361,50-75%
15.0,17.475630667594313,2.475630667594313,2.475630667594313,50-75%
15.0,23.53003853349516,8.530038533495159,8.530038533495159,50-75%
15.0,23.40408910749904,8.40408910749904,8.40408910749904,50-75%
15.0,23.992037380779706,8.992037380779706,8.992037380779706,50-75%
15.0,22.937280348016237,7.9372803480162375,7.9372803480162375,50-75%
15.0,23.65653304342121,8.65653304342121,8.65653304342121,50-75%
15.0,25.533258086493838,10.533258086493838,10.533258086493838,50-75%
15.0,25.719018434799406,10.719018434799406,10.719018434799406,50-75%
15.0,22.849975172001148,7.849975172001148,7.849975172001148,50-75%
15.0,23.76528227386366,8.765282273863662,8.765282273863662,50-75%
15.0,24.385069265542413,9.385069265542413,9.385069265542413,50-75%
15.0,23.509067333838324,8.509067333838324,8.509067333838324,50-75%
15.0,24.82118691979136,9.821186919791359,9.821186919791359,50-75%
15.0,25.533258086493838,10.533258086493838,10.533258086493838,50-75%
15.0,25.533258086493838,10.533258086493838,10.533258086493838,50-75%
15.0,22.60164576408875,7.601645764088751,7.601645764088751,50-75%
15.0,22.849975172001148,7.849975172001148,7.849975172001148,50-75%
15.0,23.992037380779706,8.992037380779706,8.992037380779706,50-75%
15.0,23.832868020178765,8.832868020178765,8.832868020178765,50-75%
15.0,25.533258086493838,10.533258086493838,10.533258086493838,50-75%
15.0,22.19558016452566,7.1955801645256585,7.1955801645256585,50-75%
15.0,22.14236149020339,7.142361490203388,7.142361490203388,50-75%
15.0,23.22623691226387,8.226236912263872,8.226236912263872,50-75%
15.0,28.786530809131882,13.786530809131882,13.786530809131882,50-75%
15.0,25.330925921966887,10.330925921966887,10.330925921966887,50-75%
15.0,23.010842290733326,8.010842290733326,8.010842290733326,50-75%
15.0,22.913458082080332,7.913458082080332,7.913458082080332,50-75%
15.0,22.624585751078975,7.624585751078975,7.624585751078975,50-75%
15.0,28.786530809131882,13.786530809131882,13.786530809131882,50-75%
15.0,29.14069814327006,14.140698143270061,14.140698143270061,50-75%
15.0,28.786530809131882,13.786530809131882,13.786530809131882,50-75%
15.0,30.52480864830685,15.524808648306848,15.524808648306848,50-75%
15.0,24.22339676232687,9.223396762326871,9.223396762326871,50-75%
15.0,28.786530809131882,13.786530809131882,13.786530809131882,50-75%
15.0,27.73806613026967,12.738066130269669,12.738066130269669,50-75%
15.0,28.786530809131882,13.786530809131882,13.786530809131882,50-75%
15.0,28.481488697076262,13.481488697076262,13.481488697076262,50-75%
15.0,28.481488697076262,13.481488697076262,13.481488697076262,50-75%
15.0,30.35684763842025,15.356847638420248,15.356847638420248,50-75%
15.0,29.656859120483045,14.656859120483045,14.656859120483045,50-75%
15.0,28.795164855922955,13.795164855922955,13.795164855922955,50-75%
15.0,29.14069814327006,14.140698143270061,14.140698143270061,50-75%
15.0,28.948737976980464,13.948737976980464,13.948737976980464,50-75%
26.0,28.43363919250173,2.4336391925017296,2.4336391925017296,75-100%
26.0,30.01394091237608,4.0139409123760785,4.0139409123760785,75-100%
26.0,29.483704362279333,3.483704362279333,3.483704362279333,75-100%
26.0,30.615457736381764,4.615457736381764,4.615457736381764,75-100%
26.0,28.43363919250173,2.4336391925017296,2.4336391925017296,75-100%
26.0,28.791415707583504,2.7914157075835035,2.7914157075835035,75-100%
26.0,29.22855469728255,3.2285546972825507,3.2285546972825507,75-100%
26.0,28.79676034192665,2.7967603419266496,2.7967603419266496,75-100%
26.0,28.43363919250173,2.4336391925017296,2.4336391925017296,75-100%
26.0,28.43363919250173,2.4336391925017296,2.4336391925017296,75-100%
26.0,28.791415707583504,2.7914157075835035,2.7914157075835035,75-100%
26.0,29.22855469728255,3.2285546972825507,3.2285546972825507,75-100%
26.0,29.011731343229158,3.011731343229158,3.011731343229158,75-100%
26.0,28.01825602693106,2.018256026931059,2.018256026931059,75-100%
26.0,27.263433134292537,1.2634331342925371,1.2634331342925371,75-100%
26.0,28.32449595578608,2.3244959557860803,2.3244959557860803,75-100%
26.0,28.252667719145336,2.252667719145336,2.252667719145336,75-100%
26.0,29.011731343229158,3.011731343229158,3.011731343229158,75-100%
26.0,28.7584428699273,2.7584428699273005,2.7584428699273005,75-100%
26.0,28.1667460184349,2.1667460184348997,2.1667460184348997,75-100%
26.0,26.839485142435024,0.8394851424350236,0.8394851424350236,75-100%
6.0,22.362312396952877,16.362312396952877,16.362312396952877,25-50%
6.0,22.624585751078975,16.624585751078975,16.624585751078975,25-50%
6.0,28.054116227113628,22.054116227113628,22.054116227113628,25-50%
6.0,28.054116227113628,22.054116227113628,22.054116227113628,25-50%
26.0,28.791415707583504,2.7914157075835035,2.7914157075835035,75-100%
26.0,29.22855469728255,3.2285546972825507,3.2285546972825507,75-100%
26.0,29.011731343229158,3.011731343229158,3.011731343229158,75-100%
26.0,28.7584428699273,2.7584428699273005,2.7584428699273005,75-100%
26.0,28.1667460184349,2.1667460184348997,2.1667460184348997,75-100%
26.0,27.28729202725312,1.2872920272531196,1.2872920272531196,75-100%
6.0,22.21622776231041,16.21622776231041,16.21622776231041,25-50%
6.0,27.715163198624317,21.715163198624317,21.715163198624317,25-50%
6.0,29.56484055858112,23.56484055858112,23.56484055858112,25-50%
6.0,26.982949762836554,20.982949762836554,20.982949762836554,25-50%
26.0,23.580691402112414,-2.4193085978875857,2.4193085978875857,75-100%
26.0,29.091611324240716,3.0916113242407164,3.0916113242407164,75-100%
26.0,28.219926434536948,2.219926434536948,2.219926434536948,75-100%
26.0,27.51697657143653,1.5169765714365298,1.5169765714365298,75-100%
6.0,27.60811721537481,21.60811721537481,21.60811721537481,25-50%
6.0,27.51697657143653,21.51697657143653,21.51697657143653,25-50%
6.0,28.220736636527565,22.220736636527565,22.220736636527565,25-50%
14.0,30.074229351980875,16.074229351980875,16.074229351980875,50-75%
14.0,30.01394091237608,16.01394091237608,16.01394091237608,50-75%
14.0,28.966618394123287,14.966618394123287,14.966618394123287,50-75%
17.0,22.935925821309947,5.935925821309947,5.935925821309947,75-100%
17.0,22.935925821309947,5.935925821309947,5.935925821309947,75-100%
17.0,22.935925821309947,5.935925821309947,5.935925821309947,75-100%
17.0,27.644538663743663,10.644538663743663,10.644538663743663,75-100%
6.0,22.395996446621467,16.395996446621467,16.395996446621467,25-50%
6.0,27.21481579892766,21.21481579892766,21.21481579892766,25-50%
6.0,27.6015619285306,21.6015619285306,21.6015619285306,25-50%
14.0,29.14069814327006,15.140698143270061,15.140698143270061,50-75%
14.0,29.588027888897255,15.588027888897255,15.588027888897255,50-75%
14.0,29.975010958034314,15.975010958034314,15.975010958034314,50-75%
14.0,28.966618394123287,14.966618394123287,14.966618394123287,50-75%
17.0,22.935925821309947,5.935925821309947,5.935925821309947,75-100%
17.0,23.120623895193184,6.120623895193184,6.120623895193184,75-100%
17.0,23.86015616628562,6.86015616628562,6.86015616628562,75-100%
17.0,24.135966864374115,7.135966864374115,7.135966864374115,75-100%
17.0,27.965236111282646,10.965236111282646,10.965236111282646,75-100%
19.5,27.459857691138566,7.959857691138566,7.959857691138566,75-100%
17.0,26.950476432993142,9.950476432993142,9.950476432993142,75-100%
12.0,26.97012831392447,14.97012831392447,14.97012831392447,50-75%
12.0,27.657472994602955,15.657472994602955,15.657472994602955,50-75%
6.0,21.650501267231895,15.650501267231895,15.650501267231895,25-50%
10.0,26.760951875204547,16.760951875204547,16.760951875204547,50-75%
10.0,27.49724496510899,17.49724496510899,17.49724496510899,50-75%
14.0,27.695294462033434,13.695294462033434,13.695294462033434,50-75%
10.0,26.599346304995006,16.599346304995006,16.599346304995006,50-75%
10.0,28.074094963644527,18.074094963644527,18.074094963644527,50-75%
14.0,28.966618394123287,14.966618394123287,14.966618394123287,50-75%
18.0,21.572790834829043,3.5727908348290427,3.5727908348290427,75-100%
18.0,21.572790834829043,3.5727908348290427,3.5727908348290427,75-100%
19.33333333333333,27.449931828183132,8.116598494849804,8.116598494849804,75-100%
19.5,28.876068150699766,9.376068150699766,9.376068150699766,75-100%
17.0,27.715163198624317,10.715163198624317,10.715163198624317,75-100%
17.0,27.90742550395838,10.907425503958379,10.907425503958379,75-100%
17.0,27.440778538177984,10.440778538177984,10.440778538177984,75-100%
17.0,27.440778538177984,10.440778538177984,10.440778538177984,75-100%
12.0,27.90742550395838,15.907425503958379,15.907425503958379,50-75%
12.0,28.7584428699273,16.7584428699273,16.7584428699273,50-75%
6.0,26.615812373403557,20.615812373403557,20.615812373403557,25-50%
6.0,26.83703470365775,20.83703470365775,20.83703470365775,25-50%
14.0,26.749462081604058,12.749462081604058,12.749462081604058,50-75%
10.0,26.084832200212354,16.084832200212354,16.084832200212354,50-75%
10.0,27.006402821120005,17.006402821120005,17.006402821120005,50-75%
10.0,27.55529767094666,17.55529767094666,17.55529767094666,50-75%
10.0,27.55529767094666,17.55529767094666,17.55529767094666,50-75%
19.0,17.777438857550536,-1.2225611424494645,1.2225611424494645,75-100%
18.0,22.71695503065964,4.716955030659641,4.716955030659641,75-100%
18.0,22.770654089983623,4.770654089983623,4.770654089983623,75-100%
18.0,22.264866933005855,4.264866933005855,4.264866933005855,75-100%
19.33333333333333,28.09705348361581,8.76372015028248,8.76372015028248,75-100%
19.33333333333333,28.09705348361581,8.76372015028248,8.76372015028248,75-100%
17.0,26.897110714012236,9.897110714012236,9.897110714012236,75-100%
17.0,23.058788353347524,6.0587883533475235,6.0587883533475235,75-100%
17.0,23.314768246178787,6.314768246178787,6.314768246178787,75-100%
17.0,27.366894206548782,10.366894206548782,10.366894206548782,75-100%
10.0,21.0928149021367,11.092814902136698,11.092814902136698,50-75%
10.0,22.245960777464035,12.245960777464035,12.245960777464035,50-75%
10.0,23.081672104478386,13.081672104478386,13.081672104478386,50-75%
10.0,23.58149624249578,13.581496242495781,13.581496242495781,50-75%
10.0,23.52596545146238,13.52596545146238,13.52596545146238,50-75%
10.0,28.85304148683732,18.85304148683732,18.85304148683732,50-75%
10.0,29.02860659328327,19.02860659328327,19.02860659328327,50-75%
12.5,22.71695503065964,10.21695503065964,10.21695503065964,50-75%
19.0,17.777438857550536,-1.2225611424494645,1.2225611424494645,75-100%
19.0,17.777438857550536,-1.2225611424494645,1.2225611424494645,75-100%
18.0,22.770654089983623,4.770654089983623,4.770654089983623,75-100%
18.0,22.332438142991485,4.332438142991485,4.332438142991485,75-100%
19.33333333333333,28.210013775387097,8.876680442053768,8.876680442053768,75-100%
19.33333333333333,27.201041074613535,7.867707741280206,7.867707741280206,75-100%
17.5,27.644538663743663,10.144538663743663,10.144538663743663,75-100%
17.0,27.366894206548782,10.366894206548782,10.366894206548782,75-100%
17.0,23.291158076962923,6.2911580769629225,6.2911580769629225,75-100%
17.0,23.509067333838324,6.509067333838324,6.509067333838324,75-100%
17.0,24.22339676232687,7.223396762326871,7.223396762326871,75-100%
10.0,21.6159722735206,11.615972273520601,11.615972273520601,50-75%
10.0,22.487025548757103,12.487025548757103,12.487025548757103,50-75%
10.0,23.58149624249578,13.581496242495781,13.581496242495781,50-75%
6.0,22.696867493398972,16.696867493398972,16.696867493398972,25-50%
6.0,22.443629003272676,16.443629003272676,16.443629003272676,25-50%
6.0,23.58149624249578,17.58149624249578,17.58149624249578,25-50%
19.0,17.965175470867575,-1.0348245291324254,1.0348245291324254,75-100%
19.0,17.922332220579015,-1.0776677794209846,1.0776677794209846,75-100%
19.0,17.777438857550536,-1.2225611424494645,1.2225611424494645,75-100%
17.5,26.51772486877399,9.017724868773989,9.017724868773989,75-100%
17.0,27.98989415414689,10.989894154146889,10.989894154146889,75-100%
17.0,27.98989415414689,10.989894154146889,10.989894154146889,75-100%
17.0,23.832868020178765,6.832868020178765,6.832868020178765,75-100%
17.0,23.826465030815815,6.826465030815815,6.826465030815815,75-100%
17.0,23.702174797842325,6.702174797842325,6.702174797842325,75-100%
12.0,23.78698478629249,11.78698478629249,11.78698478629249,50-75%
12.0,25.330925921966887,13.330925921966887,13.330925921966887,50-75%
6.0,21.474554506712025,15.474554506712025,15.474554506712025,25-50%
6.0,21.877632577073918,15.877632577073918,15.877632577073918,25-50%
6.0,22.320247224929233,16.320247224929233,16.320247224929233,25-50%
19.0,17.802261672836647,-1.1977383271633535,1.1977383271633535,75-100%
20.5,29.22855469728255,8.72855469728255,8.72855469728255,75-100%
17.0,27.54104949592325,10.54104949592325,10.54104949592325,75-100%
17.0,23.832868020178765,6.832868020178765,6.832868020178765,75-100%
17.0,23.826465030815815,6.826465030815815,6.826465030815815,75-100%
12.0,23.78698478629249,11.78698478629249,11.78698478629249,50-75%
6.0,21.576459213975923,15.576459213975923,15.576459213975923,25-50%
6.0,21.576459213975923,15.576459213975923,15.576459213975923,25-50%
6.0,21.53852485958045,15.538524859580448,15.538524859580448,25-50%
6.0,23.24329123875967,17.24329123875967,17.24329123875967,25-50%
19.0,17.922332220579015,-1.0776677794209846,1.0776677794209846,75-100%
19.0,17.922332220579015,-1.0776677794209846,1.0776677794209846,75-100%
19.0,20.140724424511355,1.1407244245113546,1.1407244245113546,75-100%
17.0,27.98989415414689,10.989894154146889,10.989894154146889,75-100%
17.0,27.98989415414689,10.989894154146889,10.989894154146889,75-100%
12.0,24.176791955660494,12.176791955660494,12.176791955660494,50-75%
53.0,22.251005869535945,-30.748994130464055,30.748994130464055,75-100%
53.0,21.75739634429924,-31.24260365570076,31.24260365570076,75-100%
53.0,21.703546530886953,-31.296453469113047,31.296453469113047,75-100%
53.0,22.195988049888218,-30.804011950111782,30.804011950111782,75-100%
53.0,22.251005869535945,-30.748994130464055,30.748994130464055,75-100%
53.0,20.91709296991897,-32.08290703008103,32.08290703008103,75-100%
53.0,21.293361102153394,-31.706638897846606,31.706638897846606,75-100%
53.0,21.505058328555968,-31.494941671444032,31.494941671444032,75-100%
53.0,18.04383305985674,-34.95616694014326,34.95616694014326,75-100%
53.0,22.195988049888218,-30.804011950111782,30.804011950111782,75-100%
53.0,21.703546530886953,-31.296453469113047,31.296453469113047,75-100%
53.0,21.851095402697958,-31.148904597302042,31.148904597302042,75-100%
53.0,21.703546530886953,-31.296453469113047,31.296453469113047,75-100%
53.0,22.195988049888218,-30.804011950111782,30.804011950111782,75-100%
53.0,22.003113912701043,-30.996886087298957,30.996886087298957,75-100%
53.0,22.003113912701043,-30.996886087298957,30.996886087298957,75-100%
53.0,18.400758963278054,-34.59924103672195,34.59924103672195,75-100%
36.0,19.17814243002573,-16.82185756997427,16.82185756997427,75-100%
53.0,21.823948460487358,-31.176051539512642,31.176051539512642,75-100%
53.0,22.195988049888218,-30.804011950111782,30.804011950111782,75-100%
53.0,21.703546530886953,-31.296453469113047,31.296453469113047,75-100%
53.0,21.257927862179905,-31.742072137820095,31.742072137820095,75-100%
53.0,21.580037535282273,-31.419962464717727,31.419962464717727,75-100%
53.0,18.495790703749208,-34.50420929625079,34.50420929625079,75-100%
36.0,19.012586481378207,-16.987413518621793,16.987413518621793,75-100%
36.0,19.04963181763476,-16.95036818236524,16.95036818236524,75-100%
36.0,18.608987636439757,-17.391012363560243,17.391012363560243,75-100%
36.0,18.465417731539556,-17.534582268460444,17.534582268460444,75-100%
36.0,18.193804526969284,-17.806195473030716,17.806195473030716,75-100%
36.0,17.970692153122073,-18.029307846877927,18.029307846877927,75-100%
15.0,18.457099385278227,3.4570993852782266,3.4570993852782266,50-75%
34.0,22.089852166312376,-11.910147833687624,11.910147833687624,75-100%
34.0,21.590515982138836,-12.409484017861164,12.409484017861164,75-100%
34.0,21.58962327983962,-12.410376720160379,12.410376720160379,75-100%
34.0,21.90629798621734,-12.09370201378266,12.09370201378266,75-100%
34.0,22.488806680263295,-11.511193319736705,11.511193319736705,75-100%
36.0,19.524961649584558,-16.475038350415442,16.475038350415442,75-100%
36.0,19.32731010570352,-16.67268989429648,16.67268989429648,75-100%
36.0,19.012586481378207,-16.987413518621793,16.987413518621793,75-100%
25.5,18.368460538659207,-7.131539461340793,7.131539461340793,75-100%
36.0,20.627237622562568,-15.372762377437432,15.372762377437432,75-100%
15.0,19.04942674080923,4.049426740809231,4.049426740809231,50-75%
15.0,19.145624598647565,4.145624598647565,4.145624598647565,50-75%
34.0,22.47553757620551,-11.524462423794489,11.524462423794489,75-100%
34.0,22.706250168524317,-11.293749831475683,11.293749831475683,75-100%
34.0,22.24119885829642,-11.758801141703579,11.758801141703579,75-100%
34.0,22.60669655871384,-11.393303441286161,11.393303441286161,75-100%
53.0,22.31240827714648,-30.68759172285352,30.68759172285352,75-100%
25.5,18.978815075271147,-6.521184924728853,6.521184924728853,75-100%
25.5,19.315582410112675,-6.184417589887325,6.184417589887325,75-100%
25.5,18.368460538659207,-7.131539461340793,7.131539461340793,75-100%
25.5,20.907315004532503,-4.592684995467497,4.592684995467497,75-100%
15.0,22.60669655871384,7.606696558713839,7.606696558713839,50-75%
34.0,22.60669655871384,-11.393303441286161,11.393303441286161,75-100%
25.5,18.304146683153377,-7.195853316846623,7.195853316846623,75-100%
25.5,18.178438075784047,-7.321561924215953,7.321561924215953,75-100%
25.5,19.09998364131662,-6.400016358683381,6.400016358683381,75-100%
25.5,20.967353709758555,-4.532646290241445,4.532646290241445,75-100%
15.0,20.960977450114452,5.960977450114452,5.960977450114452,50-75%
15.0,18.9451373210975,3.9451373210975014,3.9451373210975014,50-75%
25.5,19.09785260514067,-6.40214739485933,6.40214739485933,75-100%
25.5,21.15577571249971,-4.344224287500289,4.344224287500289,75-100%
15.0,20.82111231284498,5.821112312844981,5.821112312844981,50-75%
15.0,20.960977450114452,5.960977450114452,5.960977450114452,50-75%
15.0,18.452614427207134,3.452614427207134,3.452614427207134,50-75%
25.5,21.90441102515021,-3.5955889748497896,3.5955889748497896,75-100%
15.0,21.103700413781077,6.103700413781077,6.103700413781077,50-75%
15.0,21.306342024716436,6.306342024716436,6.306342024716436,50-75%
15.0,17.723457753830644,2.723457753830644,2.723457753830644,50-75%
15.0,17.75394273320256,2.7539427332025603,2.7539427332025603,50-75%
15.0,18.02252950808543,3.02252950808543,3.02252950808543,50-75%
15.0,18.02252950808543,3.02252950808543,3.02252950808543,50-75%
15.0,21.974588549474504,6.974588549474504,6.974588549474504,50-75%
15.0,21.493206996042446,6.493206996042446,6.493206996042446,50-75%
15.0,21.7061933150387,6.7061933150387,6.7061933150387,50-75%
15.0,21.580037535282273,6.580037535282273,6.580037535282273,50-75%
8.0,18.16007546391284,10.16007546391284,10.16007546391284,25-50%
8.0,20.77058604995572,12.770586049955721,12.770586049955721,25-50%
8.0,18.453151263132384,10.453151263132384,10.453151263132384,25-50%
8.0,17.341357458774876,9.341357458774876,9.341357458774876,25-50%
8.0,17.833546463590892,9.833546463590892,9.833546463590892,25-50%
8.0,20.53488679428225,12.53488679428225,12.53488679428225,25-50%
8.0,20.394651606827537,12.394651606827537,12.394651606827537,25-50%
8.0,18.403386995547248,10.403386995547248,10.403386995547248,25-50%
8.0,17.341357458774876,9.341357458774876,9.341357458774876,25-50%
8.0,17.433516751869266,9.433516751869266,9.433516751869266,25-50%
8.0,20.76586009585686,12.765860095856858,12.765860095856858,25-50%
8.0,21.595922180597448,13.595922180597448,13.595922180597448,25-50%
8.0,20.397735344425037,12.397735344425037,12.397735344425037,25-50%
8.0,20.756114858412605,12.756114858412605,12.756114858412605,25-50%
8.0,17.433516751869266,9.433516751869266,9.433516751869266,25-50%
8.0,17.72340747671925,9.723407476719249,9.723407476719249,25-50%
8.0,17.72340747671925,9.723407476719249,9.723407476719249,25-50%
8.0,21.10815619947645,13.10815619947645,13.10815619947645,25-50%
8.0,21.595922180597448,13.595922180597448,13.595922180597448,25-50%
8.0,21.138612637507524,13.138612637507524,13.138612637507524,25-50%
8.0,20.520443594495724,12.520443594495724,12.520443594495724,25-50%
8.0,17.492119568789136,9.492119568789136,9.492119568789136,25-50%
8.0,17.891743257632694,9.891743257632694,9.891743257632694,25-50%
8.0,18.171818816130802,10.171818816130802,10.171818816130802,25-50%
8.0,20.76586009585686,12.765860095856858,12.765860095856858,25-50%
8.0,20.535513918144233,12.535513918144233,12.535513918144233,25-50%
8.0,21.595922180597448,13.595922180597448,13.595922180597448,25-50%
8.0,18.508753350594944,10.508753350594944,10.508753350594944,25-50%
8.0,20.172465255693737,12.172465255693737,12.172465255693737,25-50%
8.0,20.907315004532503,12.907315004532503,12.907315004532503,25-50%
8.0,21.317889613548733,13.317889613548733,13.317889613548733,25-50%
15.0,16.612108617995005,1.6121086179950055,1.6121086179950055,50-75%
15.0,17.910248535955954,2.9102485359559545,2.9102485359559545,50-75%
15.0,18.074424928384033,3.0744249283840333,3.0744249283840333,50-75%
15.0,16.546800943079795,1.5468009430797949,1.5468009430797949,50-75%
15.0,16.546800943079795,1.5468009430797949,1.5468009430797949,50-75%
15.0,16.612108617995005,1.6121086179950055,1.6121086179950055,50-75%
15.0,16.612108617995005,1.6121086179950055,1.6121086179950055,50-75%
15.0,16.748009880517717,1.748009880517717,1.748009880517717,50-75%
15.0,16.748009880517717,1.748009880517717,1.748009880517717,50-75%
15.0,16.748009880517717,1.748009880517717,1.748009880517717,50-75%
15.0,16.546800943079795,1.5468009430797949,1.5468009430797949,50-75%
10.0,21.29815856548437,11.298158565484371,11.298158565484371,50-75%
10.0,21.17480388731821,11.174803887318209,11.174803887318209,50-75%
10.0,18.512605676440373,8.512605676440373,8.512605676440373,50-75%
15.0,16.86434248262227,1.8643424826222699,1.8643424826222699,50-75%
15.0,17.95021226913137,2.95021226913137,2.95021226913137,50-75%
15.0,16.86434248262227,1.8643424826222699,1.8643424826222699,50-75%
10.0,17.611314477015565,7.611314477015565,7.611314477015565,50-75%
10.0,20.862625938005827,10.862625938005827,10.862625938005827,50-75%
10.0,19.984687927655038,9.984687927655038,9.984687927655038,50-75%
10.0,16.430611780827057,6.430611780827057,6.430611780827057,50-75%
15.0,16.86434248262227,1.8643424826222699,1.8643424826222699,50-75%
10.0,17.90400129943679,7.904001299436789,7.904001299436789,50-75%
10.0,20.862625938005827,10.862625938005827,10.862625938005827,50-75%
10.0,19.65978625568841,9.65978625568841,9.65978625568841,50-75%
10.0,20.862625938005827,10.862625938005827,10.862625938005827,50-75%
10.0,21.21614378585853,11.216143785858531,11.216143785858531,50-75%
10.0,18.229635778982058,8.229635778982058,8.229635778982058,50-75%
10.0,17.611314477015565,7.611314477015565,7.611314477015565,50-75%
10.0,17.921289196285436,7.921289196285436,7.921289196285436,50-75%
10.0,20.99198329602097,10.991983296020969,10.991983296020969,50-75%
10.0,21.336466664392475,11.336466664392475,11.336466664392475,50-75%
10.0,21.039667992567338,11.039667992567338,11.039667992567338,50-75%
10.0,17.87951212651374,7.879512126513738,7.879512126513738,50-75%
10.0,17.58158744596279,7.581587445962789,7.581587445962789,50-75%
10.0,17.749148932674462,7.749148932674462,7.749148932674462,50-75%
10.0,20.49805847057143,10.49805847057143,10.49805847057143,50-75%
10.0,21.080835488655072,11.080835488655072,11.080835488655072,50-75%
10.0,20.69626448155181,10.696264481551811,10.696264481551811,50-75%
10.0,21.066682957084126,11.066682957084126,11.066682957084126,50-75%
10.0,18.435702434803872,8.435702434803872,8.435702434803872,50-75%
10.0,17.33015173062784,7.33015173062784,7.33015173062784,50-75%
10.0,17.33015173062784,7.33015173062784,7.33015173062784,50-75%
10.0,20.479665568182313,10.479665568182313,10.479665568182313,50-75%
10.0,20.966552945811966,10.966552945811966,10.966552945811966,50-75%
10.0,21.336466664392475,11.336466664392475,11.336466664392475,50-75%
12.0,22.68847660429104,10.68847660429104,10.68847660429104,50-75%
12.0,21.982877321182805,9.982877321182805,9.982877321182805,50-75%
12.0,22.843747090493267,10.843747090493267,10.843747090493267,50-75%
12.0,22.337553906970697,10.337553906970697,10.337553906970697,50-75%
12.0,22.185579750888873,10.185579750888873,10.185579750888873,50-75%
12.0,18.675288896481472,6.675288896481472,6.675288896481472,50-75%
12.0,22.130716746151784,10.130716746151784,10.130716746151784,50-75%
12.0,22.632423617127507,10.632423617127507,10.632423617127507,50-75%
12.0,22.68847660429104,10.68847660429104,10.68847660429104,50-75%
12.0,21.154940357854617,9.154940357854617,9.154940357854617,50-75%
12.0,21.59978636340139,9.599786363401389,9.599786363401389,50-75%
12.0,21.92849396217727,9.92849396217727,9.92849396217727,50-75%
12.0,18.53932143956657,6.539321439566571,6.539321439566571,50-75%
12.0,22.68847660429104,10.68847660429104,10.68847660429104,50-75%
12.0,22.632423617127507,10.632423617127507,10.632423617127507,50-75%
12.0,22.130716746151784,10.130716746151784,10.130716746151784,50-75%
12.0,22.28104176940009,10.28104176940009,10.28104176940009,50-75%
12.0,22.130716746151784,10.130716746151784,10.130716746151784,50-75%
12.0,22.632423617127507,10.632423617127507,10.632423617127507,50-75%
12.0,22.435920527671172,10.435920527671172,10.435920527671172,50-75%
12.0,22.435920527671172,10.435920527671172,10.435920527671172,50-75%
12.0,22.13766671668337,10.13766671668337,10.13766671668337,50-75%
12.0,22.632423617127507,10.632423617127507,10.632423617127507,50-75%
12.0,22.282331292556616,10.282331292556616,10.282331292556616,50-75%
12.0,21.711765108043814,9.711765108043814,9.711765108043814,50-75%
12.0,22.040442569837566,10.040442569837566,10.040442569837566,50-75%
12.0,21.763772193749023,9.763772193749023,9.763772193749023,50-75%
12.0,21.876715541982907,9.876715541982907,9.876715541982907,50-75%
12.0,22.19741487757605,10.197414877576051,10.197414877576051,50-75%
12.0,22.787326693693593,10.787326693693593,10.787326693693593,50-75%
8.0,18.134133126621187,10.134133126621187,10.134133126621187,25-50%
8.0,18.317367094279177,10.317367094279177,10.317367094279177,25-50%
8.0,18.56975113103784,10.56975113103784,10.56975113103784,25-50%
8.0,18.35623736572871,10.35623736572871,10.35623736572871,25-50%
8.0,18.25582158173836,10.25582158173836,10.25582158173836,25-50%
8.0,18.432074945191353,10.432074945191353,10.432074945191353,25-50%
8.0,19.14357880024768,11.143578800247681,11.143578800247681,25-50%
8.0,18.661527299749668,10.661527299749668,10.661527299749668,25-50%
8.0,18.35623736572871,10.35623736572871,10.35623736572871,25-50%
8.0,18.604827646302024,10.604827646302024,10.604827646302024,25-50%
8.0,18.66739552346243,10.667395523462432,10.667395523462432,25-50%
8.0,18.776001492999775,10.776001492999775,10.776001492999775,25-50%
8.0,19.14357880024768,11.143578800247681,11.143578800247681,25-50%
8.0,18.840742782543057,10.840742782543057,10.840742782543057,25-50%
8.0,19.09074667173486,11.090746671734859,11.090746671734859,25-50%
8.0,18.379930511104728,10.379930511104728,10.379930511104728,25-50%
8.0,19.006536161408654,11.006536161408654,11.006536161408654,25-50%
8.0,18.745666972433185,10.745666972433185,10.745666972433185,25-50%
8.0,18.612738344828074,10.612738344828074,10.612738344828074,25-50%
8.0,18.463744873103906,10.463744873103906,10.463744873103906,25-50%
8.0,19.006536161408654,11.006536161408654,11.006536161408654,25-50%
8.0,19.154435231301246,11.154435231301246,11.154435231301246,25-50%
8.0,19.294674177086634,11.294674177086634,11.294674177086634,25-50%
8.0,18.983124397067744,10.983124397067744,10.983124397067744,25-50%
8.0,18.66303954014481,10.663039540144808,10.663039540144808,25-50%
17.0,18.678513121084418,1.6785131210844177,1.6785131210844177,75-100%
17.0,20.945024969557593,3.9450249695575934,3.9450249695575934,75-100%
17.0,21.60523819169288,4.60523819169288,4.60523819169288,75-100%
17.0,18.557759575786818,1.5577595757868181,1.5577595757868181,75-100%
14.5,18.325216615670193,3.825216615670193,3.825216615670193,50-75%
14.5,18.372503216233387,3.872503216233387,3.872503216233387,50-75%
11.0,20.31245835917383,9.312458359173831,9.312458359173831,50-75%
11.0,21.0336874407731,10.0336874407731,10.0336874407731,50-75%
11.0,20.793639258455073,9.793639258455073,9.793639258455073,50-75%
11.0,21.311009503967426,10.311009503967426,10.311009503967426,50-75%
14.5,18.37036443903032,3.8703644390303182,3.8703644390303182,50-75%
11.0,18.063718523653325,7.063718523653325,7.063718523653325,50-75%
11.0,17.93957558451058,6.939575584510582,6.939575584510582,50-75%
11.0,17.93957558451058,6.939575584510582,6.939575584510582,50-75%
11.0,20.433801166845786,9.433801166845786,9.433801166845786,50-75%
11.0,21.16624034670622,10.166240346706221,10.166240346706221,50-75%
11.0,21.60523819169288,10.60523819169288,10.60523819169288,50-75%
8.0,18.720563573535024,10.720563573535024,10.720563573535024,25-50%
11.0,20.650139952558128,9.650139952558128,9.650139952558128,50-75%
11.0,20.650139952558128,9.650139952558128,9.650139952558128,50-75%
11.0,18.756025978511968,7.756025978511968,7.756025978511968,50-75%
11.0,21.031175769537555,10.031175769537555,10.031175769537555,50-75%
11.0,21.02189378478178,10.021893784781781,10.021893784781781,50-75%
11.0,21.370937364235758,10.370937364235758,10.370937364235758,50-75%
8.0,20.819131255946157,12.819131255946157,12.819131255946157,25-50%
4.0,18.720563573535024,14.720563573535024,14.720563573535024,0-25%
14.5,20.650139952558128,6.150139952558128,6.150139952558128,50-75%
11.0,19.939880426067987,8.939880426067987,8.939880426067987,50-75%
11.0,19.368090997054978,8.368090997054978,8.368090997054978,50-75%
11.0,19.615672499571026,8.615672499571026,8.615672499571026,50-75%
11.0,21.06136858830026,10.061368588300262,10.061368588300262,50-75%
11.0,21.582738531887003,10.582738531887003,10.582738531887003,50-75%
11.0,21.487645474713325,10.487645474713325,10.487645474713325,50-75%
8.0,19.889042259386777,11.889042259386777,11.889042259386777,25-50%
4.0,20.025963337178936,16.025963337178936,16.025963337178936,0-25%
11.0,19.368090997054978,8.368090997054978,8.368090997054978,50-75%
11.0,19.23545398408377,8.235453984083769,8.235453984083769,50-75%
11.0,19.84759446713634,8.84759446713634,8.84759446713634,50-75%
11.0,21.06136858830026,10.061368588300262,10.061368588300262,50-75%
11.0,21.02189378478178,10.021893784781781,10.021893784781781,50-75%
8.0,20.840652920566846,12.840652920566846,12.840652920566846,25-50%
4.0,19.770658927030805,15.770658927030805,15.770658927030805,0-25%
4.0,20.68713110666164,16.68713110666164,16.68713110666164,0-25%
8.0,19.16041865019967,11.16041865019967,11.16041865019967,25-50%
8.0,19.23545398408377,11.235453984083769,11.235453984083769,25-50%
8.0,20.650139952558128,12.650139952558128,12.650139952558128,25-50%
8.0,21.810479621537954,13.810479621537954,13.810479621537954,25-50%
4.0,21.432165045310207,17.432165045310207,17.432165045310207,0-25%
4.0,19.612366004494252,15.612366004494252,15.612366004494252,0-25%
11.0,21.48224696291802,10.482246962918019,10.482246962918019,50-75%
11.0,21.48224696291802,10.482246962918019,10.482246962918019,50-75%
11.0,21.48224696291802,10.482246962918019,10.482246962918019,50-75%
11.0,21.48224696291802,10.482246962918019,10.482246962918019,50-75%
11.0,21.54548317382583,10.54548317382583,10.54548317382583,50-75%
11.0,21.287991550871542,10.287991550871542,10.287991550871542,50-75%
11.0,21.48224696291802,10.482246962918019,10.482246962918019,50-75%
11.0,21.48224696291802,10.482246962918019,10.482246962918019,50-75%
11.0,21.48224696291802,10.482246962918019,10.482246962918019,50-75%
11.0,20.499522077157604,9.499522077157604,9.499522077157604,50-75%
11.0,21.563189311215567,10.563189311215567,10.563189311215567,50-75%
11.0,21.287991550871542,10.287991550871542,10.287991550871542,50-75%
11.0,21.48224696291802,10.482246962918019,10.482246962918019,50-75%
11.0,21.48224696291802,10.482246962918019,10.482246962918019,50-75%
11.0,20.363613476450794,9.363613476450794,9.363613476450794,50-75%
11.0,20.29385720160479,9.29385720160479,9.29385720160479,50-75%
11.0,20.499522077157604,9.499522077157604,9.499522077157604,50-75%
11.0,21.287991550871542,10.287991550871542,10.287991550871542,50-75%
11.0,21.287991550871542,10.287991550871542,10.287991550871542,50-75%
11.0,23.67329177655406,12.67329177655406,12.67329177655406,50-75%
11.0,21.28312615700995,10.28312615700995,10.28312615700995,50-75%
11.0,20.363613476450794,9.363613476450794,9.363613476450794,50-75%
11.0,20.363613476450794,9.363613476450794,9.363613476450794,50-75%
11.0,23.67329177655406,12.67329177655406,12.67329177655406,50-75%
11.0,21.025535943806187,10.025535943806187,10.025535943806187,50-75%
11.0,21.04283373966609,10.04283373966609,10.04283373966609,50-75%
11.0,20.35019297744075,9.350192977440749,9.350192977440749,50-75%
11.0,21.04283373966609,10.04283373966609,10.04283373966609,50-75%
11.0,23.67329177655406,12.67329177655406,12.67329177655406,50-75%
11.0,23.67329177655406,12.67329177655406,12.67329177655406,50-75%
11.0,23.67329177655406,12.67329177655406,12.67329177655406,50-75%
20.0,23.08339787593868,3.0833978759386795,3.0833978759386795,75-100%
20.0,23.24125694640847,3.2412569464084697,3.2412569464084697,75-100%
20.0,23.04121755728476,3.04121755728476,3.04121755728476,75-100%
20.0,23.198800149081187,3.198800149081187,3.198800149081187,75-100%
20.0,23.198800149081187,3.198800149081187,3.198800149081187,75-100%
20.0,23.73755924482497,3.7375592448249684,3.7375592448249684,75-100%
20.0,23.73755924482497,3.7375592448249684,3.7375592448249684,75-100%
20.0,23.329795374126817,3.3297953741268174,3.3297953741268174,75-100%
20.0,23.198800149081187,3.198800149081187,3.198800149081187,75-100%
20.0,23.198800149081187,3.198800149081187,3.198800149081187,75-100%
20.0,23.161518751904083,3.161518751904083,3.161518751904083,75-100%
20.0,23.851389517274562,3.851389517274562,3.851389517274562,75-100%
20.0,23.894991282714837,3.8949912827148374,3.8949912827148374,75-100%
20.0,24.71954888972125,4.719548889721249,4.719548889721249,75-100%
20.0,23.406218283623087,3.4062182836230868,3.4062182836230868,75-100%
20.0,23.198800149081187,3.198800149081187,3.198800149081187,75-100%
20.0,23.161518751904083,3.161518751904083,3.161518751904083,75-100%
20.0,23.894991282714837,3.8949912827148374,3.8949912827148374,75-100%
12.0,24.337450792603587,12.337450792603587,12.337450792603587,50-75%
12.0,24.968605565323777,12.968605565323777,12.968605565323777,50-75%
12.0,23.368617331847908,11.368617331847908,11.368617331847908,50-75%
20.0,23.161518751904083,3.161518751904083,3.161518751904083,75-100%
20.0,23.161518751904083,3.161518751904083,3.161518751904083,75-100%
4.0,24.526624157428515,20.526624157428515,20.526624157428515,0-25%
12.0,24.77381263570486,12.77381263570486,12.77381263570486,50-75%
12.0,24.291199296462764,12.291199296462764,12.291199296462764,50-75%
12.0,24.46423828128612,12.464238281286121,12.464238281286121,50-75%
12.0,23.368617331847908,11.368617331847908,11.368617331847908,50-75%
12.0,23.368617331847908,11.368617331847908,11.368617331847908,50-75%
4.0,23.513022308205908,19.513022308205908,19.513022308205908,0-25%
4.0,24.55206318179738,20.55206318179738,20.55206318179738,0-25%
4.0,24.734104727059794,20.734104727059794,20.734104727059794,0-25%
4.0,24.901348999419543,20.901348999419543,20.901348999419543,0-25%
4.0,24.943907487150504,20.943907487150504,20.943907487150504,0-25%
4.0,28.313139132405098,24.313139132405098,24.313139132405098,0-25%
4.0,26.23193948895986,22.23193948895986,22.23193948895986,0-25%
4.0,25.150526259165602,21.150526259165602,21.150526259165602,0-25%
4.0,24.95436872547418,20.95436872547418,20.95436872547418,0-25%
4.0,25.123044479229243,21.123044479229243,21.123044479229243,0-25%
4.0,24.68502944026774,20.68502944026774,20.68502944026774,0-25%
4.0,24.943907487150504,20.943907487150504,20.943907487150504,0-25%
4.0,24.943907487150504,20.943907487150504,20.943907487150504,0-25%
4.0,27.988364132455064,23.988364132455064,23.988364132455064,0-25%
4.0,28.13284443695225,24.13284443695225,24.13284443695225,0-25%
4.0,28.81517414200121,24.81517414200121,24.81517414200121,0-25%
4.0,25.073227479053916,21.073227479053916,21.073227479053916,0-25%
4.0,24.68502944026774,20.68502944026774,20.68502944026774,0-25%
4.0,24.855738054843897,20.855738054843897,20.855738054843897,0-25%
4.0,24.943907487150504,20.943907487150504,20.943907487150504,0-25%
9.5,28.34672601766139,18.84672601766139,18.84672601766139,50-75%
9.5,28.69929112823368,19.19929112823368,19.19929112823368,50-75%
9.5,28.953494050128953,19.453494050128953,19.453494050128953,50-75%
4.0,24.55670878930045,20.55670878930045,20.55670878930045,0-25%
4.0,24.804188593775123,20.804188593775123,20.804188593775123,0-25%
4.0,24.904873392249314,20.904873392249314,20.904873392249314,0-25%
15.0,27.988364132455064,12.988364132455064,12.988364132455064,50-75%
15.0,28.313139132405098,13.313139132405098,13.313139132405098,50-75%
15.0,28.456202500252754,13.456202500252754,13.456202500252754,50-75%
15.0,28.277002272530183,13.277002272530183,13.277002272530183,50-75%
10.0,25.099765469438996,15.099765469438996,15.099765469438996,50-75%
5.0,24.904873392249314,19.904873392249314,19.904873392249314,0-25%
15.0,28.306856738170012,13.306856738170012,13.306856738170012,50-75%
15.0,28.30151357151647,13.30151357151647,13.30151357151647,50-75%
15.0,28.562145083987843,13.562145083987843,13.562145083987843,50-75%
10.0,25.29835511510302,15.298355115103021,15.298355115103021,50-75%
5.0,25.025052455789613,20.025052455789613,20.025052455789613,0-25%
5.0,25.549253502274524,20.549253502274524,20.549253502274524,0-25%
15.0,28.59100674892717,13.591006748927171,13.591006748927171,50-75%
15.0,28.562145083987843,13.562145083987843,13.562145083987843,50-75%
10.0,28.194643711504085,18.194643711504085,18.194643711504085,50-75%
10.0,24.508714217082964,14.508714217082964,14.508714217082964,50-75%
10.0,24.60780440483977,14.607804404839769,14.607804404839769,50-75%
10.0,25.073227479053916,15.073227479053916,15.073227479053916,50-75%
5.0,25.073227479053916,20.073227479053916,20.073227479053916,0-25%
5.0,25.32394096267157,20.32394096267157,20.32394096267157,0-25%
5.0,25.29835511510302,20.29835511510302,20.29835511510302,0-25%
15.0,28.2679784312228,13.2679784312228,13.2679784312228,50-75%
15.0,28.456202500252754,13.456202500252754,13.456202500252754,50-75%
15.0,28.27862390839846,13.278623908398458,13.278623908398458,50-75%
10.0,28.562145083987843,18.562145083987843,18.562145083987843,50-75%
10.0,24.604016860727974,14.604016860727974,14.604016860727974,50-75%
10.0,24.43728349740185,14.43728349740185,14.43728349740185,50-75%
10.0,24.981974862199447,14.981974862199447,14.981974862199447,50-75%
5.0,24.88143681033502,19.88143681033502,19.88143681033502,0-25%
5.0,24.39403942316587,19.39403942316587,19.39403942316587,0-25%
5.0,25.12710022091447,20.12710022091447,20.12710022091447,0-25%
15.0,22.952753774428245,7.9527537744282455,7.9527537744282455,50-75%
15.0,22.952753774428245,7.9527537744282455,7.9527537744282455,50-75%
10.0,28.81517414200121,18.81517414200121,18.81517414200121,50-75%
10.0,24.851954775531468,14.851954775531468,14.851954775531468,50-75%
10.0,24.990895819408973,14.990895819408973,14.990895819408973,50-75%
5.0,25.29835511510302,20.29835511510302,20.29835511510302,0-25%
5.0,25.030482081864953,20.030482081864953,20.030482081864953,0-25%
5.0,25.025052455789613,20.025052455789613,20.025052455789613,0-25%
5.0,24.48854370668107,19.48854370668107,19.48854370668107,0-25%
3.0,23.099677718202077,20.099677718202077,20.099677718202077,0-25%
3.0,22.99477888336613,19.99477888336613,19.99477888336613,0-25%
3.0,24.24168286072584,21.24168286072584,21.24168286072584,0-25%
5.0,24.604016860727974,19.604016860727974,19.604016860727974,0-25%
5.0,26.721255123184815,21.721255123184815,21.721255123184815,0-25%
5.0,25.52344865967397,20.52344865967397,20.52344865967397,0-25%
5.0,24.02485518180906,19.02485518180906,19.02485518180906,0-25%
3.0,23.277938461659232,20.277938461659232,20.277938461659232,0-25%
3.0,23.86668409887021,20.86668409887021,20.86668409887021,0-25%
3.0,22.838421322760635,19.838421322760635,19.838421322760635,0-25%
3.0,22.99477888336613,19.99477888336613,19.99477888336613,0-25%
3.0,24.24168286072584,21.24168286072584,21.24168286072584,0-25%
3.0,24.2949383930381,21.2949383930381,21.2949383930381,0-25%
3.0,24.2949383930381,21.2949383930381,21.2949383930381,0-25%
5.0,24.55670878930045,19.55670878930045,19.55670878930045,0-25%
5.0,26.4859962903046,21.4859962903046,21.4859962903046,0-25%
5.0,24.935889126029906,19.935889126029906,19.935889126029906,0-25%
3.0,23.168274700214425,20.168274700214425,20.168274700214425,0-25%
3.0,24.168566610271778,21.168566610271778,21.168566610271778,0-25%
3.0,24.2949383930381,21.2949383930381,21.2949383930381,0-25%
3.0,22.95021625374836,19.95021625374836,19.95021625374836,0-25%
3.0,22.952753774428245,19.952753774428245,19.952753774428245,0-25%
3.0,22.943546197531276,19.943546197531276,19.943546197531276,0-25%
3.0,24.2949383930381,21.2949383930381,21.2949383930381,0-25%
3.0,24.928431490609395,21.928431490609395,21.928431490609395,0-25%
3.0,24.8151809186076,21.8151809186076,21.8151809186076,0-25%
3.0,24.567688452567047,21.567688452567047,21.567688452567047,0-25%
3.0,24.2949383930381,21.2949383930381,21.2949383930381,0-25%
3.0,22.95021625374836,19.95021625374836,19.95021625374836,0-25%
3.0,23.92202867232113,20.92202867232113,20.92202867232113,0-25%
3.0,24.993614427505175,21.993614427505175,21.993614427505175,0-25%
3.0,24.272053629747084,21.272053629747084,21.272053629747084,0-25%
3.0,24.085384702923633,21.085384702923633,21.085384702923633,0-25%
3.0,24.121300954989398,21.121300954989398,21.121300954989398,0-25%
3.0,24.993614427505175,21.993614427505175,21.993614427505175,0-25%
3.0,25.337722546302842,22.337722546302842,22.337722546302842,0-25%
3.0,24.71578195633695,21.71578195633695,21.71578195633695,0-25%
3.0,24.701675050326422,21.701675050326422,21.701675050326422,0-25%
3.0,24.49981749523964,21.49981749523964,21.49981749523964,0-25%
3.0,24.41228781846685,21.41228781846685,21.41228781846685,0-25%
3.0,25.11806819759351,22.11806819759351,22.11806819759351,0-25%
6.0,19.26313996524427,13.263139965244271,13.263139965244271,25-50%
6.0,19.764421587419836,13.764421587419836,13.764421587419836,25-50%
6.0,19.26313996524427,13.263139965244271,13.263139965244271,25-50%
6.0,19.85030532065464,13.850305320654641,13.850305320654641,25-50%
6.0,19.436221046649703,13.436221046649703,13.436221046649703,25-50%
6.0,19.3537659277723,13.3537659277723,13.3537659277723,25-50%
6.0,19.41232189364899,13.41232189364899,13.41232189364899,25-50%
6.0,19.26745985379721,13.26745985379721,13.26745985379721,25-50%
6.0,19.069503109823835,13.069503109823835,13.069503109823835,25-50%
6.0,18.73906266670444,12.739062666704442,12.739062666704442,25-50%
6.0,18.649901065819584,12.649901065819584,12.649901065819584,25-50%
6.0,19.375796427076885,13.375796427076885,13.375796427076885,25-50%
6.0,19.150064241382974,13.150064241382974,13.150064241382974,25-50%
6.0,18.937439814361067,12.937439814361067,12.937439814361067,25-50%
6.0,18.908934996270567,12.908934996270567,12.908934996270567,25-50%
6.0,19.468021450056142,13.468021450056142,13.468021450056142,25-50%
6.0,18.345368094083423,12.345368094083423,12.345368094083423,25-50%
6.0,18.34545213136322,12.34545213136322,12.34545213136322,25-50%
6.0,19.84762666745369,13.847626667453689,13.847626667453689,25-50%
6.0,19.053779864073277,13.053779864073277,13.053779864073277,25-50%
6.0,18.99891673229879,12.998916732298792,12.998916732298792,25-50%
6.0,18.474672799762402,12.474672799762402,12.474672799762402,25-50%
6.0,18.996110274554198,12.996110274554198,12.996110274554198,25-50%
2.0,18.474672799762402,16.474672799762402,16.474672799762402,0-25%
2.0,19.64476511832683,17.64476511832683,17.64476511832683,0-25%
2.0,19.84217425985273,17.84217425985273,17.84217425985273,0-25%
2.0,18.474672799762402,16.474672799762402,16.474672799762402,0-25%
2.0,19.489874366850028,17.489874366850028,17.489874366850028,0-25%
2.0,19.880755247597236,17.880755247597236,17.880755247597236,0-25%
2.0,19.510326403418155,17.510326403418155,17.510326403418155,0-25%
2.0,18.306404005480946,16.306404005480946,16.306404005480946,0-25%
2.0,19.91131417058562,17.91131417058562,17.91131417058562,0-25%
2.0,19.599224188720154,17.599224188720154,17.599224188720154,0-25%
2.0,19.688289199676298,17.688289199676298,17.688289199676298,0-25%
2.0,19.546961169972665,17.546961169972665,17.546961169972665,0-25%
2.0,19.430961063768656,17.430961063768656,17.430961063768656,0-25%
2.0,19.680494533830576,17.680494533830576,17.680494533830576,0-25%
2.0,19.91131417058562,17.91131417058562,17.91131417058562,0-25%
2.0,19.5041006351034,17.5041006351034,17.5041006351034,0-25%
2.0,19.70265322878592,17.70265322878592,17.70265322878592,0-25%
2.0,22.63869563171452,20.63869563171452,20.63869563171452,0-25%
2.0,19.56487956392985,17.56487956392985,17.56487956392985,0-25%
2.0,19.545823148960423,17.545823148960423,17.545823148960423,0-25%
2.0,19.91131417058562,17.91131417058562,17.91131417058562,0-25%
2.0,19.91131417058562,17.91131417058562,17.91131417058562,0-25%
2.0,19.85911942687309,17.85911942687309,17.85911942687309,0-25%
2.0,22.890205836035975,20.890205836035975,20.890205836035975,0-25%
2.0,22.219384583054193,20.219384583054193,20.219384583054193,0-25%
2.0,18.97001602635995,16.97001602635995,16.97001602635995,0-25%
2.0,19.406294881575477,17.406294881575477,17.406294881575477,0-25%
2.0,22.443031478404357,20.443031478404357,20.443031478404357,0-25%
2.0,22.098540771704773,20.098540771704773,20.098540771704773,0-25%
4.0,12.276790390120452,8.276790390120452,8.276790390120452,0-25%
4.0,10.372451228488863,6.372451228488863,6.372451228488863,0-25%
4.0,12.347930364449425,8.347930364449425,8.347930364449425,0-25%
4.0,11.431369088286885,7.4313690882868855,7.4313690882868855,0-25%
4.0,10.31991117832457,6.3199111783245705,6.3199111783245705,0-25%
4.0,10.556072787340073,6.556072787340073,6.556072787340073,0-25%
4.0,12.347930364449425,8.347930364449425,8.347930364449425,0-25%
4.0,10.26804479672647,6.268044796726469,6.268044796726469,0-25%
4.0,10.473721123427085,6.473721123427085,6.473721123427085,0-25%
4.0,9.758132127886254,5.758132127886254,5.758132127886254,0-25%
4.0,11.692500899450204,7.692500899450204,7.692500899450204,0-25%
4.0,12.247916068907747,8.247916068907747,8.247916068907747,0-25%
4.0,11.113534370917442,7.113534370917442,7.113534370917442,0-25%
4.0,10.534541906612382,6.534541906612382,6.534541906612382,0-25%
4.0,10.500645115415281,6.500645115415281,6.500645115415281,0-25%
4.0,10.26804479672647,6.268044796726469,6.268044796726469,0-25%
4.0,9.808064745975654,5.8080647459756545,5.8080647459756545,0-25%
4.0,10.991441797752739,6.9914417977527386,6.9914417977527386,0-25%
4.0,10.948110815408231,6.948110815408231,6.948110815408231,0-25%
4.0,10.227126023330204,6.227126023330204,6.227126023330204,0-25%
4.0,10.26804479672647,6.268044796726469,6.268044796726469,0-25%
4.0,10.372451228488863,6.372451228488863,6.372451228488863,0-25%
4.0,12.247916068907747,8.247916068907747,8.247916068907747,0-25%
4.0,11.338222466448416,7.338222466448416,7.338222466448416,0-25%
4.0,11.170072884401517,7.170072884401517,7.170072884401517,0-25%
4.0,10.179180959909205,6.179180959909205,6.179180959909205,0-25%
4.0,10.169839363290917,6.169839363290917,6.169839363290917,0-25%
4.0,10.362948130514273,6.3629481305142725,6.3629481305142725,0-25%
4.0,11.159903274292425,7.159903274292425,7.159903274292425,0-25%
4.0,10.416791023418142,6.416791023418142,6.416791023418142,0-25%
4.0,10.501129862484426,6.501129862484426,6.501129862484426,0-25%
21.0,11.173511199533966,-9.826488800466034,9.826488800466034,75-100%
21.0,11.209083126831107,-9.790916873168893,9.790916873168893,75-100%
21.0,11.249517834715657,-9.750482165284343,9.750482165284343,75-100%
21.0,11.415958863802313,-9.584041136197687,9.584041136197687,75-100%
21.0,11.173511199533966,-9.826488800466034,9.826488800466034,75-100%
21.0,11.233718687864647,-9.766281312135353,9.766281312135353,75-100%
21.0,11.286105557919978,-9.713894442080022,9.713894442080022,75-100%
21.0,11.096202715533014,-9.903797284466986,9.903797284466986,75-100%
21.0,11.121405265742847,-9.878594734257153,9.878594734257153,75-100%
21.0,11.41237233569908,-9.58762766430092,9.58762766430092,75-100%
21.0,11.138959523595384,-9.861040476404616,9.861040476404616,75-100%
21.0,11.363018310708084,-9.636981689291916,9.636981689291916,75-100%
21.0,11.363493241838496,-9.636506758161504,9.636506758161504,75-100%
21.0,11.363493241838496,-9.636506758161504,9.636506758161504,75-100%
21.0,10.633201151790363,-10.366798848209637,10.366798848209637,75-100%
21.0,9.735442622301107,-11.264557377698893,11.264557377698893,75-100%
21.0,11.496334527688967,-9.503665472311033,9.503665472311033,75-100%
21.0,11.365640606451617,-9.634359393548383,9.634359393548383,75-100%
21.0,11.443529265489321,-9.556470734510679,9.556470734510679,75-100%
21.0,10.504311069891399,-10.495688930108601,10.495688930108601,75-100%
21.0,9.890633078622804,-11.109366921377196,11.109366921377196,75-100%
21.0,9.993149057950012,-11.006850942049988,11.006850942049988,75-100%
21.0,12.205449212011192,-8.794550787988808,8.794550787988808,75-100%
21.0,10.044597917395421,-10.955402082604579,10.955402082604579,75-100%
21.0,9.658060711793055,-11.341939288206945,11.341939288206945,75-100%
12.0,22.45320681681103,10.45320681681103,10.45320681681103,50-75%
12.0,20.579501567420632,8.579501567420632,8.579501567420632,50-75%
12.0,19.39195176742119,7.39195176742119,7.39195176742119,50-75%
12.0,17.684205206494806,5.684205206494806,5.684205206494806,50-75%
12.0,18.764487019049106,6.764487019049106,6.764487019049106,50-75%
12.0,19.96046886293747,7.960468862937471,7.960468862937471,50-75%
12.0,19.96046886293747,7.960468862937471,7.960468862937471,50-75%
12.0,19.523960634334365,7.523960634334365,7.523960634334365,50-75%
12.0,17.678238936681023,5.678238936681023,5.678238936681023,50-75%
12.0,17.708238502475016,5.708238502475016,5.708238502475016,50-75%
12.0,18.856846754264527,6.856846754264527,6.856846754264527,50-75%
12.0,19.848756621704624,7.848756621704624,7.848756621704624,50-75%
12.0,19.253830713390226,7.253830713390226,7.253830713390226,50-75%
12.0,18.021455193840893,6.021455193840893,6.021455193840893,50-75%
12.0,17.846825975933836,5.846825975933836,5.846825975933836,50-75%
12.0,17.684205206494806,5.684205206494806,5.684205206494806,50-75%
12.0,19.848666054020715,7.848666054020715,7.848666054020715,50-75%
12.0,19.848756621704624,7.848756621704624,7.848756621704624,50-75%
12.0,19.253830713390226,7.253830713390226,7.253830713390226,50-75%
12.0,18.021455193840893,6.021455193840893,6.021455193840893,50-75%
12.0,18.021455193840893,6.021455193840893,6.021455193840893,50-75%
12.0,17.920126150965707,5.920126150965707,5.920126150965707,50-75%
12.0,17.789447137875957,5.789447137875957,5.789447137875957,50-75%
12.0,18.021455193840893,6.021455193840893,6.021455193840893,50-75%
12.0,19.810036722519882,7.810036722519882,7.810036722519882,50-75%
12.0,19.96046886293747,7.960468862937471,7.960468862937471,50-75%
12.0,19.15324650632628,7.15324650632628,7.15324650632628,50-75%
12.0,18.021455193840893,6.021455193840893,6.021455193840893,50-75%
12.0,17.304399034711427,5.304399034711427,5.304399034711427,50-75%
12.0,16.790830177436533,4.790830177436533,4.790830177436533,50-75%
12.0,18.021455193840893,6.021455193840893,6.021455193840893,50-75%
12.0,19.810036722519882,7.810036722519882,7.810036722519882,50-75%
12.0,17.739634113109624,5.739634113109624,5.739634113109624,50-75%
6.0,18.396190468330722,12.396190468330722,12.396190468330722,25-50%
6.0,18.708540214298942,12.708540214298942,12.708540214298942,25-50%
6.0,18.444339136392095,12.444339136392095,12.444339136392095,25-50%
6.0,20.343113780722312,14.343113780722312,14.343113780722312,25-50%
6.0,18.22370874431808,12.223708744318081,12.223708744318081,25-50%
6.0,18.74449542985333,12.74449542985333,12.74449542985333,25-50%
6.0,18.763294056839776,12.763294056839776,12.763294056839776,25-50%
6.0,19.91302331388219,13.913023313882189,13.913023313882189,25-50%
6.0,19.77195239911745,13.771952399117449,13.771952399117449,25-50%
6.0,18.286872258338022,12.286872258338022,12.286872258338022,25-50%
6.0,18.556623179293556,12.556623179293556,12.556623179293556,25-50%
6.0,18.861320177776584,12.861320177776584,12.861320177776584,25-50%
6.0,18.74449542985333,12.74449542985333,12.74449542985333,25-50%
6.0,18.872312938407436,12.872312938407436,12.872312938407436,25-50%
6.0,18.74449542985333,12.74449542985333,12.74449542985333,25-50%
6.0,18.74449542985333,12.74449542985333,12.74449542985333,25-50%
6.0,18.74449542985333,12.74449542985333,12.74449542985333,25-50%
6.0,18.872312938407436,12.872312938407436,12.872312938407436,25-50%
6.0,19.535426440493698,13.535426440493698,13.535426440493698,25-50%
6.0,19.00300272102426,13.00300272102426,13.00300272102426,25-50%
6.0,18.45903005990467,12.45903005990467,12.45903005990467,25-50%
6.0,18.556623179293556,12.556623179293556,12.556623179293556,25-50%
6.0,18.494851635400668,12.494851635400668,12.494851635400668,25-50%
6.0,18.306027944036895,12.306027944036895,12.306027944036895,25-50%
6.0,18.306027944036895,12.306027944036895,12.306027944036895,25-50%
6.0,18.232427389036303,12.232427389036303,12.232427389036303,25-50%
6.0,18.22370874431808,12.223708744318081,12.223708744318081,25-50%
22.0,18.676067174823228,-3.3239328251767724,3.3239328251767724,75-100%
22.0,18.01481108922388,-3.9851889107761203,3.9851889107761203,75-100%
22.0,18.068404307259215,-3.9315956927407854,3.9315956927407854,75-100%
22.0,18.36028322225959,-3.6397167777404107,3.6397167777404107,75-100%
22.0,19.528114514700427,-2.4718854852995733,2.4718854852995733,75-100%
22.0,19.460784181566837,-2.5392158184331635,2.5392158184331635,75-100%
22.0,18.41795279164893,-3.582047208351071,3.582047208351071,75-100%
22.0,18.372594894796613,-3.627405105203387,3.627405105203387,75-100%
22.0,18.251861204572048,-3.748138795427952,3.748138795427952,75-100%
22.0,18.762935140899557,-3.2370648591004425,3.2370648591004425,75-100%
22.0,19.840027819012843,-2.1599721809871575,2.1599721809871575,75-100%
22.0,19.460784181566837,-2.5392158184331635,2.5392158184331635,75-100%
22.0,18.314277824116708,-3.685722175883292,3.685722175883292,75-100%
22.0,19.560658684945917,-2.439341315054083,2.439341315054083,75-100%
22.0,19.560658684945917,-2.439341315054083,2.439341315054083,75-100%
22.0,18.552095734865304,-3.447904265134696,3.447904265134696,75-100%
22.0,17.549082375330677,-4.450917624669323,4.450917624669323,75-100%
22.0,18.372594894796613,-3.627405105203387,3.627405105203387,75-100%
22.0,19.493221609918294,-2.506778390081706,2.506778390081706,75-100%
22.0,18.372594894796613,-3.627405105203387,3.627405105203387,75-100%
22.0,18.39097597549491,-3.6090240245050893,3.6090240245050893,75-100%
22.0,19.751167779177003,-2.2488322208229974,2.2488322208229974,75-100%
22.0,19.751167779177003,-2.2488322208229974,2.2488322208229974,75-100%
22.0,19.751167779177003,-2.2488322208229974,2.2488322208229974,75-100%
22.0,18.961364801805473,-3.0386351981945268,3.0386351981945268,75-100%
22.0,19.53126284269675,-2.4687371573032486,2.4687371573032486,75-100%
22.0,18.552095734865304,-3.447904265134696,3.447904265134696,75-100%
22.0,18.552095734865304,-3.447904265134696,3.447904265134696,75-100%
22.0,19.751167779177003,-2.2488322208229974,2.2488322208229974,75-100%
22.0,18.211307710043915,-3.788692289956085,3.788692289956085,75-100%
22.0,18.34489764286463,-3.6551023571353696,3.6551023571353696,75-100%
22.0,19.493221609918294,-2.506778390081706,2.506778390081706,75-100%
22.0,18.552095734865304,-3.447904265134696,3.447904265134696,75-100%
9.0,21.34404658427948,12.344046584279479,12.344046584279479,50-75%
9.0,20.391967591815714,11.391967591815714,11.391967591815714,50-75%
22.0,18.39097597549491,-3.6090240245050893,3.6090240245050893,75-100%
22.0,18.372594894796613,-3.627405105203387,3.627405105203387,75-100%
22.0,18.39623362690829,-3.603766373091709,3.603766373091709,75-100%
22.0,18.474011442027418,-3.525988557972582,3.525988557972582,75-100%
9.0,20.245845767667063,11.245845767667063,11.245845767667063,50-75%
9.0,21.129214500376534,12.129214500376534,12.129214500376534,50-75%
9.0,20.391967591815714,11.391967591815714,11.391967591815714,50-75%
9.0,20.391967591815714,11.391967591815714,11.391967591815714,50-75%
9.0,18.43849760331768,9.438497603317678,9.438497603317678,50-75%
9.0,18.601692144864796,9.601692144864796,9.601692144864796,50-75%
9.0,21.129214500376534,12.129214500376534,12.129214500376534,50-75%
9.0,21.129214500376534,12.129214500376534,12.129214500376534,50-75%
9.0,19.560115242521746,10.560115242521746,10.560115242521746,50-75%
9.0,17.317272457133868,8.317272457133868,8.317272457133868,50-75%
9.0,18.868031265836965,9.868031265836965,9.868031265836965,50-75%
9.0,18.868031265836965,9.868031265836965,9.868031265836965,50-75%
9.0,19.560115242521746,10.560115242521746,10.560115242521746,50-75%
9.0,17.47961107325875,8.479611073258749,8.479611073258749,50-75%
9.0,17.558743919833695,8.558743919833695,8.558743919833695,50-75%
9.0,18.996648493119196,9.996648493119196,9.996648493119196,50-75%
9.0,18.996648493119196,9.996648493119196,9.996648493119196,50-75%
9.0,18.384726389036217,9.384726389036217,9.384726389036217,50-75%
9.0,19.560115242521746,10.560115242521746,10.560115242521746,50-75%
9.0,19.560115242521746,10.560115242521746,10.560115242521746,50-75%
9.0,19.560115242521746,10.560115242521746,10.560115242521746,50-75%
9.0,18.84576154963109,9.845761549631089,9.845761549631089,50-75%
9.0,18.349440266193948,9.349440266193948,9.349440266193948,50-75%
9.0,17.558743919833695,8.558743919833695,8.558743919833695,50-75%
9.0,18.663564668116777,9.663564668116777,9.663564668116777,50-75%
9.0,19.560115242521746,10.560115242521746,10.560115242521746,50-75%
9.0,18.84576154963109,9.845761549631089,9.845761549631089,50-75%
9.0,17.39571014206542,8.395710142065418,8.395710142065418,50-75%
9.0,17.678885374861217,8.678885374861217,8.678885374861217,50-75%
9.0,18.877731147974767,9.877731147974767,9.877731147974767,50-75%
34.0,21.838249084401788,-12.161750915598212,12.161750915598212,75-100%
34.0,22.094120450973353,-11.905879549026647,11.905879549026647,75-100%
34.0,23.497024101048904,-10.502975898951096,10.502975898951096,75-100%
34.0,20.237494467772933,-13.762505532227067,13.762505532227067,75-100%
34.0,21.971036565219187,-12.028963434780813,12.028963434780813,75-100%
34.0,21.332995960973115,-12.667004039026885,12.667004039026885,75-100%
34.0,19.39195176742119,-14.60804823257881,14.60804823257881,75-100%
6.0,17.2168683714736,11.216868371473598,11.216868371473598,25-50%
6.0,17.544621727546406,11.544621727546406,11.544621727546406,25-50%
34.0,22.45320681681103,-11.54679318318897,11.54679318318897,75-100%
20.0,19.39195176742119,-0.6080482325788097,0.6080482325788097,75-100%
15.333333333333336,19.145899563144894,3.8125662298115586,3.8125662298115586,75-100%
15.333333333333336,17.309956333594315,1.9766230002609788,1.9766230002609788,75-100%
15.333333333333336,17.339451898589964,2.006118565256628,2.006118565256628,75-100%
15.333333333333336,17.55480325458883,2.221469921255494,2.221469921255494,75-100%
6.0,17.55480325458883,11.55480325458883,11.55480325458883,25-50%
6.0,17.79670482346102,11.79670482346102,11.79670482346102,25-50%
34.0,21.110080838995945,-12.889919161004055,12.889919161004055,75-100%
34.0,22.45320681681103,-11.54679318318897,11.54679318318897,75-100%
20.0,20.579501567420632,0.5795015674206319,0.5795015674206319,75-100%
15.333333333333336,19.39195176742119,4.058618434087855,4.058618434087855,75-100%
15.333333333333336,17.32732916293276,1.9939958295994238,1.9939958295994238,75-100%
15.333333333333336,17.509379935596534,2.176046602263199,2.176046602263199,75-100%
15.333333333333336,17.300222971982112,1.9668896386487766,1.9668896386487766,75-100%
6.0,17.537214798164836,11.537214798164836,11.537214798164836,25-50%
6.0,17.67067460896517,11.670674608965172,11.670674608965172,25-50%
34.0,18.764487019049106,-15.235512980950894,15.235512980950894,75-100%
20.0,19.96046886293747,-0.03953113706252864,0.03953113706252864,75-100%
20.0,19.96046886293747,-0.03953113706252864,0.03953113706252864,75-100%
15.333333333333336,19.55702274567034,4.223689412337006,4.223689412337006,75-100%
15.333333333333336,17.35099097477203,2.0176576414386957,2.0176576414386957,75-100%
15.333333333333336,17.38046493979619,2.0471316064628553,2.0471316064628553,75-100%
6.0,17.201800418468736,11.201800418468736,11.201800418468736,25-50%
6.0,18.169111292219736,12.169111292219736,12.169111292219736,25-50%
6.0,18.046871796866363,12.046871796866363,12.046871796866363,25-50%
6.0,17.964607051820142,11.964607051820142,11.964607051820142,25-50%
34.0,19.28645767160539,-14.71354232839461,14.71354232839461,75-100%
20.0,18.05209691453972,-1.947903085460279,1.947903085460279,75-100%
15.333333333333336,17.877186385888223,2.543853052554887,2.543853052554887,75-100%
15.333333333333336,17.356852713872645,2.023519380539309,2.023519380539309,75-100%
6.0,18.983695776141445,12.983695776141445,12.983695776141445,25-50%
6.0,18.611499462391997,12.611499462391997,12.611499462391997,25-50%
6.0,17.687761104846707,11.687761104846707,11.687761104846707,25-50%
6.0,18.05209691453972,12.052096914539721,12.052096914539721,25-50%
6.0,18.05209691453972,12.052096914539721,12.052096914539721,25-50%
6.0,17.58864025751751,11.588640257517511,11.588640257517511,25-50%
6.0,17.40989641872156,11.409896418721559,11.409896418721559,25-50%
6.0,18.738373335392943,12.738373335392943,12.738373335392943,25-50%
6.0,18.681350199211792,12.681350199211792,12.681350199211792,25-50%
6.0,18.55476095138538,12.55476095138538,12.55476095138538,25-50%
6.0,18.473235463602453,12.473235463602453,12.473235463602453,25-50%
6.0,18.52081607042856,12.520816070428559,12.520816070428559,25-50%
6.0,18.53162037026666,12.531620370266658,12.531620370266658,25-50%
7.0,12.415395453275513,5.415395453275513,5.415395453275513,25-50%
7.0,12.796339702032196,5.796339702032196,5.796339702032196,25-50%
7.0,12.798501095570598,5.7985010955705985,5.7985010955705985,25-50%
7.0,12.785999285739356,5.785999285739356,5.785999285739356,25-50%
7.0,12.691839178580535,5.691839178580535,5.691839178580535,25-50%
7.0,12.807174683228045,5.807174683228045,5.807174683228045,25-50%
7.0,13.051316443369318,6.051316443369318,6.051316443369318,25-50%
7.0,12.807174683228045,5.807174683228045,5.807174683228045,25-50%
7.0,12.807174683228045,5.807174683228045,5.807174683228045,25-50%
7.0,13.13932765673592,6.1393276567359205,6.1393276567359205,25-50%
7.0,13.13932765673592,6.1393276567359205,6.1393276567359205,25-50%
7.0,13.420503639803664,6.420503639803664,6.420503639803664,25-50%
7.0,13.420503639803664,6.420503639803664,6.420503639803664,25-50%
7.0,13.411444762426216,6.411444762426216,6.411444762426216,25-50%
7.0,13.149933092804872,6.149933092804872,6.149933092804872,25-50%
7.0,12.893815662746453,5.893815662746453,5.893815662746453,25-50%
7.0,12.893815662746453,5.893815662746453,5.893815662746453,25-50%
7.0,12.893815662746453,5.893815662746453,5.893815662746453,25-50%
7.0,13.39838760929303,6.39838760929303,6.39838760929303,25-50%
7.0,13.39838760929303,6.39838760929303,6.39838760929303,25-50%
7.0,13.39838760929303,6.39838760929303,6.39838760929303,25-50%
7.0,12.893815662746453,5.893815662746453,5.893815662746453,25-50%
7.0,12.944468913478776,5.944468913478776,5.944468913478776,25-50%
7.0,12.893815662746453,5.893815662746453,5.893815662746453,25-50%
7.0,12.893815662746453,5.893815662746453,5.893815662746453,25-50%
7.0,13.022377346815984,6.0223773468159845,6.0223773468159845,25-50%
7.0,13.409187357555005,6.409187357555005,6.409187357555005,25-50%
7.0,13.409187357555005,6.409187357555005,6.409187357555005,25-50%
7.0,12.944468913478776,5.944468913478776,5.944468913478776,25-50%
7.0,13.257114020879754,6.257114020879754,6.257114020879754,25-50%
7.0,12.944468913478776,5.944468913478776,5.944468913478776,25-50%
7.0,13.022377346815984,6.0223773468159845,6.0223773468159845,25-50%
7.0,13.409187357555005,6.409187357555005,6.409187357555005,25-50%
5.0,11.89066779899974,6.89066779899974,6.89066779899974,0-25%
5.0,11.89066779899974,6.89066779899974,6.89066779899974,0-25%
5.0,11.999254502104382,6.999254502104382,6.999254502104382,0-25%
5.0,11.999254502104382,6.999254502104382,6.999254502104382,0-25%
5.0,11.891243124580111,6.891243124580111,6.891243124580111,0-25%
5.0,12.005106879750965,7.005106879750965,7.005106879750965,0-25%
5.0,11.99166825272533,6.991668252725329,6.991668252725329,0-25%
5.0,11.648109849391474,6.648109849391474,6.648109849391474,0-25%
5.0,11.805033528498512,6.805033528498512,6.805033528498512,0-25%
5.0,12.014861574806593,7.014861574806593,7.014861574806593,0-25%
5.0,12.007425692049186,7.0074256920491855,7.0074256920491855,0-25%
5.0,12.007425692049186,7.0074256920491855,7.0074256920491855,0-25%
5.0,11.464434966275839,6.464434966275839,6.464434966275839,0-25%
5.0,12.014861574806593,7.014861574806593,7.014861574806593,0-25%
5.0,12.348426066118371,7.348426066118371,7.348426066118371,0-25%
5.0,12.348426066118371,7.348426066118371,7.348426066118371,0-25%
5.0,11.89066779899974,6.89066779899974,6.89066779899974,0-25%
5.0,11.456604879979338,6.456604879979338,6.456604879979338,0-25%
5.0,12.348426066118371,7.348426066118371,7.348426066118371,0-25%
8.0,11.630427092158508,3.6304270921585076,3.6304270921585076,25-50%
8.0,11.345004210469858,3.345004210469858,3.345004210469858,25-50%
8.0,11.213354990557786,3.213354990557786,3.213354990557786,25-50%
8.0,11.676600798727382,3.6766007987273817,3.6766007987273817,25-50%
8.0,11.676600798727382,3.6766007987273817,3.6766007987273817,25-50%
19.0,11.827995984392519,-7.172004015607481,7.172004015607481,75-100%
19.0,11.882984970794707,-7.117015029205293,7.117015029205293,75-100%
30.0,10.943009323525834,-19.056990676474165,19.056990676474165,75-100%
8.0,11.080946942685515,3.0809469426855145,3.0809469426855145,25-50%
19.0,11.25150646021165,-7.748493539788351,7.748493539788351,75-100%
19.0,11.25150646021165,-7.748493539788351,7.748493539788351,75-100%
19.0,11.404399917094224,-7.595600082905776,7.595600082905776,75-100%
19.0,11.404399917094224,-7.595600082905776,7.595600082905776,75-100%
19.0,11.404399917094224,-7.595600082905776,7.595600082905776,75-100%
30.0,11.219137875532654,-18.780862124467347,18.780862124467347,75-100%
30.0,10.892032474699157,-19.107967525300843,19.107967525300843,75-100%
30.0,10.641274265407244,-19.358725734592756,19.358725734592756,75-100%
5.5,10.939540635035344,5.439540635035344,5.439540635035344,25-50%
5.5,10.939540635035344,5.439540635035344,5.439540635035344,25-50%
5.5,10.939540635035344,5.439540635035344,5.439540635035344,25-50%
19.0,11.225228302841792,-7.774771697158208,7.774771697158208,75-100%
19.0,11.404399917094224,-7.595600082905776,7.595600082905776,75-100%
19.0,11.072335065358255,-7.927664934641745,7.927664934641745,75-100%
30.0,10.641274265407244,-19.358725734592756,19.358725734592756,75-100%
3.0,10.975800287563835,7.975800287563835,7.975800287563835,0-25%
5.5,10.975800287563835,5.475800287563835,5.475800287563835,25-50%
5.5,10.968277158759763,5.468277158759763,5.468277158759763,25-50%
13.666666666666664,11.225228302841792,-2.4414383638248722,2.4414383638248722,50-75%
30.0,10.770502126577185,-19.229497873422815,19.229497873422815,75-100%
5.0,12.096561976974037,7.096561976974037,7.096561976974037,0-25%
5.0,12.096561976974037,7.096561976974037,7.096561976974037,0-25%
3.0,10.968277158759763,7.968277158759763,7.968277158759763,0-25%
3.0,10.968277158759763,7.968277158759763,7.968277158759763,0-25%
3.0,10.968277158759763,7.968277158759763,7.968277158759763,0-25%
6.0,11.3610738167965,5.3610738167965,5.3610738167965,25-50%
30.0,11.09426468140682,-18.90573531859318,18.90573531859318,75-100%
30.0,11.09426468140682,-18.90573531859318,18.90573531859318,75-100%
5.0,12.096561976974037,7.096561976974037,7.096561976974037,0-25%
5.0,12.096561976974037,7.096561976974037,7.096561976974037,0-25%
5.0,11.687981462298481,6.687981462298481,6.687981462298481,0-25%
3.0,11.198342082185029,8.198342082185029,8.198342082185029,0-25%
3.0,11.198342082185029,8.198342082185029,8.198342082185029,0-25%
6.0,11.3610738167965,5.3610738167965,5.3610738167965,25-50%
6.0,11.3610738167965,5.3610738167965,5.3610738167965,25-50%
6.0,11.25617049310631,5.2561704931063105,5.2561704931063105,25-50%
6.0,11.2190619514858,5.2190619514858,5.2190619514858,25-50%
6.0,11.318744505838781,5.318744505838781,5.318744505838781,25-50%
5.0,12.177411981298704,7.177411981298704,7.177411981298704,0-25%
5.0,12.177411981298704,7.177411981298704,7.177411981298704,0-25%
5.0,12.177411981298704,7.177411981298704,7.177411981298704,0-25%
5.0,11.647973049796096,6.6479730497960965,6.6479730497960965,0-25%
5.0,11.65592342804201,6.65592342804201,6.65592342804201,0-25%
5.0,11.63805508974056,6.6380550897405595,6.6380550897405595,0-25%
5.0,11.845680179538302,6.845680179538302,6.845680179538302,0-25%
3.0,11.198342082185029,8.198342082185029,8.198342082185029,0-25%
6.0,11.649302181422634,5.649302181422634,5.649302181422634,25-50%
6.0,11.649302181422634,5.649302181422634,5.649302181422634,25-50%
6.0,11.25617049310631,5.2561704931063105,5.2561704931063105,25-50%
6.0,11.371550515050803,5.371550515050803,5.371550515050803,25-50%
6.0,11.318744505838781,5.318744505838781,5.318744505838781,25-50%
9.0,10.77712457998869,1.7771245799886906,1.7771245799886906,50-75%
9.0,11.09426468140682,2.0942646814068198,2.0942646814068198,50-75%
5.0,12.413108195595397,7.413108195595397,7.413108195595397,0-25%
5.0,12.249567838555734,7.249567838555734,7.249567838555734,0-25%
5.0,12.32307450706811,7.32307450706811,7.32307450706811,0-25%
5.0,11.688348615016965,6.688348615016965,6.688348615016965,0-25%
5.0,11.687174954496315,6.6871749544963155,6.6871749544963155,0-25%
5.0,11.555393000225827,6.555393000225827,6.555393000225827,0-25%
6.0,11.541952782749057,5.541952782749057,5.541952782749057,25-50%
6.0,11.25617049310631,5.2561704931063105,5.2561704931063105,25-50%
6.0,11.424183414597403,5.424183414597403,5.424183414597403,25-50%
9.0,11.09426468140682,2.0942646814068198,2.0942646814068198,50-75%
5.0,12.33144924674479,7.331449246744789,7.331449246744789,0-25%
5.0,12.17788894295496,7.17788894295496,7.17788894295496,0-25%
5.0,12.16839249216131,7.16839249216131,7.16839249216131,0-25%
5.0,11.76796688659505,6.767966886595049,6.767966886595049,0-25%
5.0,11.684424034194345,6.684424034194345,6.684424034194345,0-25%
6.0,11.25617049310631,5.2561704931063105,5.2561704931063105,25-50%
6.0,11.25617049310631,5.2561704931063105,5.2561704931063105,25-50%
6.0,11.2190619514858,5.2190619514858,5.2190619514858,25-50%
9.0,10.945193872020477,1.9451938720204769,1.9451938720204769,50-75%
14.0,11.047435476769973,-2.952564523230027,2.952564523230027,50-75%
14.0,10.945193872020477,-3.054806127979523,3.054806127979523,50-75%
19.0,11.171754440345467,-7.828245559654533,7.828245559654533,75-100%
5.0,12.260579037034205,7.260579037034205,7.260579037034205,0-25%
5.0,12.260579037034205,7.260579037034205,7.260579037034205,0-25%
5.0,11.505757943671549,6.505757943671549,6.505757943671549,0-25%
5.0,11.856010384413645,6.856010384413645,6.856010384413645,0-25%
9.0,11.047435476769973,2.047435476769973,2.047435476769973,50-75%
14.0,11.171463898204742,-2.828536101795258,2.828536101795258,50-75%
14.0,10.981470693082919,-3.018529306917081,3.018529306917081,50-75%
19.0,11.25617049310631,-7.7438295068936895,7.7438295068936895,75-100%
5.0,11.684424034194345,6.684424034194345,6.684424034194345,0-25%
19.0,11.371550515050803,-7.628449484949197,7.628449484949197,75-100%
19.0,11.25617049310631,-7.7438295068936895,7.7438295068936895,75-100%
19.0,11.498910660068688,-7.501089339931312,7.501089339931312,75-100%
19.0,11.594750430752983,-7.405249569247017,7.405249569247017,75-100%
19.0,11.541952782749057,-7.458047217250943,7.458047217250943,75-100%
19.0,11.736164871397381,-7.263835128602619,7.263835128602619,75-100%
4.0,11.94378531900256,7.94378531900256,7.94378531900256,0-25%
4.0,11.999270652468944,7.999270652468944,7.999270652468944,0-25%
11.5,11.25617049310631,-0.24382950689368954,0.24382950689368954,50-75%
19.0,11.498910660068688,-7.501089339931312,7.501089339931312,75-100%
19.0,11.685850036572695,-7.314149963427305,7.314149963427305,75-100%
19.0,12.008000777380618,-6.991999222619382,6.991999222619382,75-100%
19.0,11.736164871397381,-7.263835128602619,7.263835128602619,75-100%
19.0,11.647602026404108,-7.352397973595892,7.352397973595892,75-100%
19.0,12.008000777380618,-6.991999222619382,6.991999222619382,75-100%
19.0,12.008000777380618,-6.991999222619382,6.991999222619382,75-100%
4.0,11.801907051087536,7.801907051087536,7.801907051087536,0-25%
11.5,11.25617049310631,-0.24382950689368954,0.24382950689368954,50-75%
11.5,12.017757643051926,0.517757643051926,0.517757643051926,50-75%
19.0,12.008000777380618,-6.991999222619382,6.991999222619382,75-100%
19.0,12.309625211597176,-6.690374788402824,6.690374788402824,75-100%
19.0,12.017757643051926,-6.982242356948074,6.982242356948074,75-100%
19.0,11.772468153591763,-7.227531846408237,7.227531846408237,75-100%
19.0,11.772468153591763,-7.227531846408237,7.227531846408237,75-100%
19.0,11.772468153591763,-7.227531846408237,7.227531846408237,75-100%
4.0,12.133092924253798,8.133092924253798,8.133092924253798,0-25%
4.0,12.678265685809498,8.678265685809498,8.678265685809498,0-25%
11.5,12.299649589920556,0.7996495899205556,0.7996495899205556,50-75%
11.5,11.843348054611887,0.3433480546118872,0.3433480546118872,50-75%
19.0,11.819033261950672,-7.180966738049328,7.180966738049328,75-100%
19.0,11.772468153591763,-7.227531846408237,7.227531846408237,75-100%
19.0,11.819033261950672,-7.180966738049328,7.180966738049328,75-100%
19.0,11.772468153591763,-7.227531846408237,7.227531846408237,75-100%
4.0,12.260199893198903,8.260199893198903,8.260199893198903,0-25%
4.0,11.82952262387727,7.829522623877271,7.829522623877271,0-25%
4.0,12.544712753044244,8.544712753044244,8.544712753044244,0-25%
4.0,12.848395037372594,8.848395037372594,8.848395037372594,0-25%
4.0,12.894441562279685,8.894441562279685,8.894441562279685,0-25%
4.0,12.495006728756412,8.495006728756412,8.495006728756412,0-25%
19.0,11.908694819905033,-7.091305180094967,7.091305180094967,75-100%
19.0,11.819033261950672,-7.180966738049328,7.180966738049328,75-100%
4.0,12.19125998153378,8.19125998153378,8.19125998153378,0-25%
4.0,12.502680420192643,8.502680420192643,8.502680420192643,0-25%
4.0,13.439880937990878,9.439880937990878,9.439880937990878,0-25%
4.0,13.439880937990878,9.439880937990878,9.439880937990878,0-25%
4.0,13.323307423496349,9.323307423496349,9.323307423496349,0-25%
4.0,13.439880937990878,9.439880937990878,9.439880937990878,0-25%
4.0,13.439880937990878,9.439880937990878,9.439880937990878,0-25%
4.0,12.407662853106523,8.407662853106523,8.407662853106523,0-25%
4.0,13.301339343022951,9.301339343022951,9.301339343022951,0-25%
4.0,13.439880937990878,9.439880937990878,9.439880937990878,0-25%
4.0,13.439880937990878,9.439880937990878,9.439880937990878,0-25%
4.0,13.439880937990878,9.439880937990878,9.439880937990878,0-25%
4.0,13.455843263074797,9.455843263074797,9.455843263074797,0-25%
6.0,12.576997415609938,6.576997415609938,6.576997415609938,25-50%
6.0,12.524432500312724,6.524432500312724,6.524432500312724,25-50%
6.0,12.576997415609938,6.576997415609938,6.576997415609938,25-50%
6.0,12.576997415609938,6.576997415609938,6.576997415609938,25-50%
6.0,12.576997415609938,6.576997415609938,6.576997415609938,25-50%
6.0,12.4451247204118,6.445124720411799,6.445124720411799,25-50%
6.0,12.751592887237484,6.751592887237484,6.751592887237484,25-50%
6.0,12.751592887237484,6.751592887237484,6.751592887237484,25-50%
6.0,12.751592887237484,6.751592887237484,6.751592887237484,25-50%
6.0,12.576997415609938,6.576997415609938,6.576997415609938,25-50%
6.0,12.576997415609938,6.576997415609938,6.576997415609938,25-50%
6.0,11.692056165161416,5.692056165161416,5.692056165161416,25-50%
6.0,12.751592887237484,6.751592887237484,6.751592887237484,25-50%
6.0,12.751592887237484,6.751592887237484,6.751592887237484,25-50%
6.0,12.751592887237484,6.751592887237484,6.751592887237484,25-50%
6.0,12.751592887237484,6.751592887237484,6.751592887237484,25-50%
6.0,12.461775050972388,6.461775050972388,6.461775050972388,25-50%
6.0,12.867431737275822,6.8674317372758225,6.8674317372758225,25-50%
6.0,12.867431737275822,6.8674317372758225,6.8674317372758225,25-50%
6.0,12.634888803006117,6.634888803006117,6.634888803006117,25-50%
6.0,12.461775050972388,6.461775050972388,6.461775050972388,25-50%
5.0,12.4451247204118,7.445124720411799,7.445124720411799,0-25%
6.5,12.461775050972388,5.961775050972388,5.961775050972388,25-50%
6.5,12.461775050972388,5.961775050972388,5.961775050972388,25-50%
6.5,12.374111968933454,5.8741119689334536,5.8741119689334536,25-50%
6.0,12.768017621862665,6.768017621862665,6.768017621862665,25-50%
6.0,12.867431737275822,6.8674317372758225,6.8674317372758225,25-50%
6.0,12.461775050972388,6.461775050972388,6.461775050972388,25-50%
6.0,12.461775050972388,6.461775050972388,6.461775050972388,25-50%
5.0,12.409486442525997,7.409486442525997,7.409486442525997,0-25%
6.5,12.4451247204118,5.945124720411799,5.945124720411799,25-50%
6.5,12.409656232382137,5.909656232382137,5.909656232382137,25-50%
6.5,12.535488001617228,6.035488001617228,6.035488001617228,25-50%
6.5,12.576997415609938,6.076997415609938,6.076997415609938,25-50%
6.0,12.68861996802214,6.68861996802214,6.68861996802214,25-50%
6.0,12.825792621396715,6.825792621396715,6.825792621396715,25-50%
6.0,12.825792621396715,6.825792621396715,6.825792621396715,25-50%
6.0,12.497381393072377,6.497381393072377,6.497381393072377,25-50%
5.0,12.461775050972388,7.461775050972388,7.461775050972388,0-25%
6.5,12.461775050972388,5.961775050972388,5.961775050972388,25-50%
6.5,12.77834455071174,6.27834455071174,6.27834455071174,25-50%
6.5,12.867431737275822,6.3674317372758225,6.3674317372758225,25-50%
6.5,12.728166784204443,6.2281667842044435,6.2281667842044435,25-50%
5.0,12.588095885925497,7.588095885925497,7.588095885925497,0-25%
6.5,12.692287365420093,6.192287365420093,6.192287365420093,25-50%
6.5,12.634888803006117,6.134888803006117,6.134888803006117,25-50%
6.5,12.825792621396715,6.325792621396715,6.325792621396715,25-50%
6.5,13.099387808196006,6.599387808196006,6.599387808196006,25-50%
8.0,12.527540885826548,4.527540885826548,4.527540885826548,25-50%
5.0,13.028929924644684,8.028929924644684,8.028929924644684,0-25%
5.0,12.825792621396715,7.825792621396715,7.825792621396715,0-25%
6.5,12.749744576609384,6.249744576609384,6.249744576609384,25-50%
6.5,13.028929924644684,6.528929924644684,6.528929924644684,25-50%
6.5,13.120885131671464,6.620885131671464,6.620885131671464,25-50%
6.5,13.338025780664777,6.838025780664777,6.838025780664777,25-50%
6.5,13.338025780664777,6.838025780664777,6.838025780664777,25-50%
6.5,13.460748172654458,6.960748172654458,6.960748172654458,25-50%
8.0,13.338025780664777,5.338025780664777,5.338025780664777,25-50%
5.0,13.131476734620108,8.131476734620108,8.131476734620108,0-25%
5.0,12.94348135093164,7.9434813509316395,7.9434813509316395,0-25%
6.5,12.94348135093164,6.4434813509316395,6.4434813509316395,25-50%
6.5,12.94348135093164,6.4434813509316395,6.4434813509316395,25-50%
6.5,13.189870967198182,6.689870967198182,6.689870967198182,25-50%
6.5,13.189870967198182,6.689870967198182,6.689870967198182,25-50%
8.0,13.189870967198182,5.189870967198182,5.189870967198182,25-50%
12.0,12.49961020258207,0.4996102025820708,0.4996102025820708,50-75%
12.0,13.039452555072641,1.039452555072641,1.039452555072641,50-75%
12.0,13.437485618644539,1.4374856186445388,1.4374856186445388,50-75%
12.0,12.929555864733409,0.929555864733409,0.929555864733409,50-75%
12.0,12.262021693070496,0.26202169307049594,0.26202169307049594,50-75%
12.0,12.98086245953901,0.9808624595390096,0.9808624595390096,50-75%
12.0,13.29432353664004,1.2943235366400394,1.2943235366400394,50-75%
12.0,13.413580035326902,1.413580035326902,1.413580035326902,50-75%
12.0,12.929555864733409,0.929555864733409,0.929555864733409,50-75%
12.0,13.092197633360149,1.0921976333601489,1.0921976333601489,50-75%
12.0,12.95848608773416,0.9584860877341601,0.9584860877341601,50-75%
12.0,13.979398680213999,1.9793986802139987,1.9793986802139987,50-75%
12.0,13.979398680213999,1.9793986802139987,1.9793986802139987,50-75%
12.0,13.85846962569714,1.8584696256971398,1.8584696256971398,50-75%
12.0,13.979398680213999,1.9793986802139987,1.9793986802139987,50-75%
12.0,13.979398680213999,1.9793986802139987,1.9793986802139987,50-75%
12.0,13.85846962569714,1.8584696256971398,1.8584696256971398,50-75%
12.0,13.85846962569714,1.8584696256971398,1.8584696256971398,50-75%
12.0,13.804920454312134,1.8049204543121338,1.8049204543121338,50-75%
12.0,13.979398680213999,1.9793986802139987,1.9793986802139987,50-75%
12.0,13.979398680213999,1.9793986802139987,1.9793986802139987,50-75%
12.0,13.979398680213999,1.9793986802139987,1.9793986802139987,50-75%
12.0,13.995957406170398,1.9959574061703975,1.9959574061703975,50-75%
12.0,13.333498076928617,1.3334980769286169,1.3334980769286169,50-75%
12.0,12.852681397363348,0.852681397363348,0.852681397363348,50-75%
12.0,12.806157995772537,0.8061579957725371,0.8061579957725371,50-75%
12.0,13.74210082683736,1.7421008268373601,1.7421008268373601,50-75%
12.0,13.912639754747222,1.9126397547472216,1.9126397547472216,50-75%
12.0,13.995957406170398,1.9959574061703975,1.9959574061703975,50-75%
12.0,13.29432353664004,1.2943235366400394,1.2943235366400394,50-75%
12.0,13.308078377725243,1.3080783777252432,1.3080783777252432,50-75%
12.0,12.94348135093164,0.9434813509316395,0.9434813509316395,50-75%
12.0,12.896653003129831,0.8966530031298312,0.8966530031298312,50-75%
12.0,13.333498076928617,1.3334980769286169,1.3334980769286169,50-75%
12.0,13.21490416823974,1.2149041682397392,1.2149041682397392,50-75%
12.0,12.903184683225781,0.9031846832257813,0.9031846832257813,50-75%
12.0,12.994315669890106,0.9943156698901063,0.9943156698901063,50-75%
12.0,12.94348135093164,0.9434813509316395,0.9434813509316395,50-75%
12.0,12.994315669890106,0.9943156698901063,0.9943156698901063,50-75%
12.0,9.933650065224112,-2.0663499347758876,2.0663499347758876,50-75%
12.0,10.138694149709464,-1.8613058502905364,1.8613058502905364,50-75%
12.0,9.886981506957076,-2.113018493042924,2.113018493042924,50-75%
10.0,11.076478616021891,1.076478616021891,1.076478616021891,50-75%
10.0,11.076478616021891,1.076478616021891,1.076478616021891,50-75%
10.0,11.076478616021891,1.076478616021891,1.076478616021891,50-75%
12.0,9.950910773374652,-2.049089226625348,2.049089226625348,50-75%
12.0,9.950910773374652,-2.049089226625348,2.049089226625348,50-75%
12.0,10.044642085141884,-1.9553579148581157,1.9553579148581157,50-75%
12.0,10.28218898327382,-1.7178110167261806,1.7178110167261806,50-75%
10.0,10.878853295120607,0.8788532951206065,0.8788532951206065,50-75%
10.0,10.801498199897601,0.8014981998976012,0.8014981998976012,50-75%
10.0,11.076478616021891,1.076478616021891,1.076478616021891,50-75%
10.0,11.024568905709602,1.024568905709602,1.024568905709602,50-75%
12.0,10.174012127657912,-1.825987872342088,1.825987872342088,50-75%
12.0,10.126317621894023,-1.8736823781059773,1.8736823781059773,50-75%
12.0,10.174012127657912,-1.825987872342088,1.825987872342088,50-75%
12.0,10.031893163609226,-1.968106836390774,1.968106836390774,50-75%
12.0,10.174012127657912,-1.825987872342088,1.825987872342088,50-75%
12.0,10.26019526933521,-1.7398047306647904,1.7398047306647904,50-75%
10.0,10.398614243985486,0.3986142439854863,0.3986142439854863,50-75%
10.0,11.076478616021891,1.076478616021891,1.076478616021891,50-75%
10.0,10.997836584666501,0.9978365846665014,0.9978365846665014,50-75%
10.0,11.024568905709602,1.024568905709602,1.024568905709602,50-75%
10.0,11.373495791885203,1.3734957918852029,1.3734957918852029,50-75%
12.0,10.079182905818545,-1.920817094181455,1.920817094181455,50-75%
12.0,10.174012127657912,-1.825987872342088,1.825987872342088,50-75%
12.0,10.174012127657912,-1.825987872342088,1.825987872342088,50-75%
12.0,10.915452698568998,-1.0845473014310016,1.0845473014310016,50-75%
12.0,10.392090167286895,-1.607909832713105,1.607909832713105,50-75%
12.0,10.392090167286895,-1.607909832713105,1.607909832713105,50-75%
10.0,10.716447908171919,0.7164479081719186,0.7164479081719186,50-75%
10.0,10.349618275692062,0.3496182756920625,0.3496182756920625,50-75%
10.0,10.349618275692062,0.3496182756920625,0.3496182756920625,50-75%
10.0,11.230238414107182,1.2302384141071823,1.2302384141071823,50-75%
10.0,11.373495791885203,1.3734957918852029,1.3734957918852029,50-75%
10.0,11.47940332923265,1.4794033292326496,1.4794033292326496,50-75%
10.0,11.47940332923265,1.4794033292326496,1.4794033292326496,50-75%
12.0,10.884541959609976,-1.115458040390024,1.115458040390024,50-75%
12.0,10.884541959609976,-1.115458040390024,1.115458040390024,50-75%
12.0,10.986264430980608,-1.013735569019392,1.013735569019392,50-75%
10.0,10.716447908171919,0.7164479081719186,0.7164479081719186,50-75%
10.0,10.349618275692062,0.3496182756920625,0.3496182756920625,50-75%
10.0,10.716447908171919,0.7164479081719186,0.7164479081719186,50-75%
10.0,10.716447908171919,0.7164479081719186,0.7164479081719186,50-75%
10.0,11.59786484396652,1.5978648439665193,1.5978648439665193,50-75%
10.0,11.3539299586425,1.3539299586424995,1.3539299586424995,50-75%
10.0,10.716447908171919,0.7164479081719186,0.7164479081719186,50-75%
10.0,11.70569280656505,1.7056928065650503,1.7056928065650503,50-75%
10.0,11.3539299586425,1.3539299586424995,1.3539299586424995,50-75%
10.0,11.82498092541643,1.8249809254164298,1.8249809254164298,50-75%
10.0,11.716140613864264,1.7161406138642636,1.7161406138642636,50-75%
10.0,11.800594848427696,1.8005948484276963,1.8005948484276963,50-75%
10.0,11.893586785805565,1.8935867858055655,1.8935867858055655,50-75%
10.0,11.974515235551669,1.974515235551669,1.974515235551669,50-75%
10.0,12.005289071859528,2.0052890718595275,2.0052890718595275,50-75%
10.0,11.918223326533116,1.9182233265331163,1.9182233265331163,50-75%
13.0,13.025687994405269,0.02568799440526881,0.02568799440526881,50-75%
13.0,12.880237993290251,-0.1197620067097489,0.1197620067097489,50-75%
13.0,11.731723543527295,-1.2682764564727051,1.2682764564727051,50-75%
13.0,11.724217036719702,-1.2757829632802977,1.2757829632802977,50-75%
11.5,11.745057519478665,0.2450575194786655,0.2450575194786655,50-75%
10.0,12.072442053567258,2.072442053567258,2.072442053567258,50-75%
10.0,11.981194955054745,1.981194955054745,1.981194955054745,50-75%
10.0,12.089414789378852,2.0894147893788517,2.0894147893788517,50-75%
10.0,12.089414789378852,2.0894147893788517,2.0894147893788517,50-75%
10.0,12.061636255906338,2.061636255906338,2.061636255906338,50-75%
13.0,12.926957822044962,-0.07304217795503831,0.07304217795503831,50-75%
13.0,12.893029203790235,-0.10697079620976524,0.10697079620976524,50-75%
13.0,12.953568886079637,-0.04643111392036303,0.04643111392036303,50-75%
13.0,12.893029203790235,-0.10697079620976524,0.10697079620976524,50-75%
11.5,11.728692483689906,0.22869248368990647,0.22869248368990647,50-75%
11.5,11.951736845654452,0.4517368456544517,0.4517368456544517,50-75%
10.0,11.792175378891718,1.7921753788917183,1.7921753788917183,50-75%
10.0,11.894306272270233,1.8943062722702333,1.8943062722702333,50-75%
10.0,11.854302944956219,1.8543029449562187,1.8543029449562187,50-75%
10.0,12.14960325044302,2.14960325044302,2.14960325044302,50-75%
13.0,12.953568886079637,-0.04643111392036303,0.04643111392036303,50-75%
13.0,12.953568886079637,-0.04643111392036303,0.04643111392036303,50-75%
13.0,12.893029203790235,-0.10697079620976524,0.10697079620976524,50-75%
13.0,12.925981633902323,-0.0740183660976772,0.0740183660976772,50-75%
13.0,12.842357893499958,-0.15764210650004173,0.15764210650004173,50-75%
11.5,12.246856299294548,0.7468562992945476,0.7468562992945476,50-75%
11.5,11.926223651264479,0.42622365126447903,0.42622365126447903,50-75%
11.5,12.030074322777534,0.5300743227775335,0.5300743227775335,50-75%
10.0,12.030074322777534,2.0300743227775335,2.0300743227775335,50-75%
10.0,11.894949092162626,1.8949490921626264,1.8949490921626264,50-75%
10.0,12.087904235355385,2.087904235355385,2.087904235355385,50-75%
13.0,12.953568886079637,-0.04643111392036303,0.04643111392036303,50-75%
13.0,12.953568886079637,-0.04643111392036303,0.04643111392036303,50-75%
13.0,12.901633231010008,-0.09836676898999208,0.09836676898999208,50-75%
13.0,12.76864991825655,-0.23135008174345018,0.23135008174345018,50-75%
13.0,12.901633231010008,-0.09836676898999208,0.09836676898999208,50-75%
13.0,12.960752655533346,-0.0392473444666539,0.0392473444666539,50-75%
11.5,12.00672110179222,0.5067211017922197,0.5067211017922197,50-75%
10.0,11.916742660505744,1.9167426605057436,1.9167426605057436,50-75%
10.0,11.980051781932637,1.9800517819326373,1.9800517819326373,50-75%
13.0,12.94323466896427,-0.05676533103573078,0.05676533103573078,50-75%
13.0,13.116429977532011,0.11642997753201101,0.11642997753201101,50-75%
13.0,12.849484407771289,-0.15051559222871091,0.15051559222871091,50-75%
11.5,11.934276690083754,0.43427669008375425,0.43427669008375425,50-75%
10.0,11.961596717442132,1.9615967174421325,1.9615967174421325,50-75%
10.0,11.934276690083754,1.9342766900837542,1.9342766900837542,50-75%
13.0,11.869169961490115,-1.1308300385098846,1.1308300385098846,50-75%
13.0,11.896660867787233,-1.103339132212767,1.103339132212767,50-75%
13.0,12.797172058675416,-0.2028279413245837,0.2028279413245837,50-75%
5.0,11.682157077030435,6.6821570770304355,6.6821570770304355,0-25%
5.0,11.7860778643905,6.786077864390499,6.786077864390499,0-25%
5.0,11.562808513481665,6.562808513481665,6.562808513481665,0-25%
5.0,11.040453954441196,6.040453954441196,6.040453954441196,0-25%
5.0,11.040453954441196,6.040453954441196,6.040453954441196,0-25%
5.0,11.461306118756921,6.461306118756921,6.461306118756921,0-25%
5.0,11.633056639567465,6.6330566395674655,6.6330566395674655,0-25%
5.0,11.599214872424163,6.599214872424163,6.599214872424163,0-25%
5.0,11.682157077030435,6.6821570770304355,6.6821570770304355,0-25%
5.0,11.040453954441196,6.040453954441196,6.040453954441196,0-25%
5.0,10.777971365877269,5.777971365877269,5.777971365877269,0-25%
5.0,11.682157077030435,6.6821570770304355,6.6821570770304355,0-25%
5.0,11.407248162458428,6.407248162458428,6.407248162458428,0-25%
5.0,11.040453954441196,6.040453954441196,6.040453954441196,0-25%
5.0,11.483998913236372,6.483998913236372,6.483998913236372,0-25%
5.0,11.479802691252615,6.479802691252615,6.479802691252615,0-25%
5.0,11.461306118756921,6.461306118756921,6.461306118756921,0-25%
5.0,11.505577995195122,6.505577995195122,6.505577995195122,0-25%
5.0,11.452797288577788,6.452797288577788,6.452797288577788,0-25%
5.0,10.689753165397772,5.6897531653977715,5.6897531653977715,0-25%
5.0,11.452797288577788,6.452797288577788,6.452797288577788,0-25%
5.0,11.528351411447574,6.528351411447574,6.528351411447574,0-25%
5.0,11.452797288577788,6.452797288577788,6.452797288577788,0-25%
13.0,12.745147609656922,-0.2548523903430784,0.2548523903430784,50-75%
13.0,12.6355977503124,-0.3644022496876005,0.3644022496876005,50-75%
13.0,12.745147609656922,-0.2548523903430784,0.2548523903430784,50-75%
13.0,12.744115892272108,-0.2558841077278924,0.2558841077278924,50-75%
13.0,12.745147609656922,-0.2548523903430784,0.2548523903430784,50-75%
13.0,12.685512194796162,-0.31448780520383757,0.31448780520383757,50-75%
13.0,12.524553545499181,-0.475446454500819,0.475446454500819,50-75%
13.0,12.733027437684932,-0.2669725623150683,0.2669725623150683,50-75%
13.0,12.681511100828715,-0.3184888991712853,0.3184888991712853,50-75%
13.0,12.28274415477664,-0.7172558452233595,0.7172558452233595,50-75%
13.0,13.381891550211478,0.3818915502114777,0.3818915502114777,50-75%
13.0,13.1115028743191,0.11150287431910044,0.11150287431910044,50-75%
13.0,12.730952372010888,-0.26904762798911186,0.26904762798911186,50-75%
13.0,12.681511100828715,-0.3184888991712853,0.3184888991712853,50-75%
13.0,12.94053661868271,-0.05946338131728979,0.05946338131728979,50-75%
13.0,12.648392228162582,-0.3516077718374184,0.3516077718374184,50-75%
13.0,14.708082294057355,1.7080822940573555,1.7080822940573555,50-75%
13.0,15.289417285819567,2.2894172858195674,2.2894172858195674,50-75%
13.0,14.52556372458946,1.5255637245894604,1.5255637245894604,50-75%
13.0,13.554173168455364,0.5541731684553639,0.5541731684553639,50-75%
13.0,12.634032159965729,-0.36596784003427096,0.36596784003427096,50-75%
13.0,12.754984127103137,-0.24501587289686277,0.24501587289686277,50-75%
13.0,12.730952372010888,-0.26904762798911186,0.26904762798911186,50-75%
13.0,12.730952372010888,-0.26904762798911186,0.26904762798911186,50-75%
13.0,12.94053661868271,-0.05946338131728979,0.05946338131728979,50-75%
13.0,12.733027437684932,-0.2669725623150683,0.2669725623150683,50-75%
13.0,12.843903704087984,-0.15609629591201646,0.15609629591201646,50-75%
13.0,14.569863450226336,1.569863450226336,1.569863450226336,50-75%
13.0,14.38751916512038,1.3875191651203806,1.3875191651203806,50-75%
13.0,12.976590105251463,-0.023409894748537496,0.023409894748537496,50-75%
13.0,12.330507137424936,-0.6694928625750638,0.6694928625750638,50-75%
13.0,12.853430648560732,-0.1465693514392683,0.1465693514392683,50-75%
13.0,12.657771019352737,-0.34222898064726337,0.34222898064726337,50-75%
13.0,12.674471020400976,-0.3255289795990244,0.3255289795990244,50-75%
13.0,13.035553530649679,0.03555353064967903,0.03555353064967903,50-75%
13.0,14.81324901782546,1.8132490178254592,1.8132490178254592,50-75%
13.0,14.81324901782546,1.8132490178254592,1.8132490178254592,50-75%
13.0,13.237375610947176,0.23737561094717563,0.23737561094717563,50-75%
13.0,12.54027350708465,-0.4597264929153493,0.4597264929153493,50-75%
13.0,12.929005803048021,-0.07099419695197895,0.07099419695197895,50-75%
13.0,12.535024279299737,-0.46497572070026294,0.46497572070026294,50-75%
34.0,12.567550435070899,-21.4324495649291,21.4324495649291,75-100%
33.5,12.731369373962949,-20.76863062603705,20.76863062603705,75-100%
33.5,15.230688367819347,-18.269311632180653,18.269311632180653,75-100%
33.5,14.61645716317483,-18.88354283682517,18.88354283682517,75-100%
13.0,13.268163114191871,0.26816311419187144,0.26816311419187144,50-75%
13.0,12.922265987223692,-0.07773401277630754,0.07773401277630754,50-75%
34.0,12.84491516272844,-21.15508483727156,21.15508483727156,75-100%
44.0,12.376816502588952,-31.62318349741105,31.62318349741105,75-100%
44.0,12.369801824254273,-31.630198175745726,31.630198175745726,75-100%
44.0,12.47516208463228,-31.52483791536772,31.52483791536772,75-100%
44.0,15.326605650812066,-28.673394349187934,28.673394349187934,75-100%
33.5,14.58169069385151,-18.91830930614849,18.91830930614849,75-100%
33.5,14.58169069385151,-18.91830930614849,18.91830930614849,75-100%
33.5,12.730069140272295,-20.769930859727705,20.769930859727705,75-100%
13.0,12.036064706197113,-0.9639352938028871,0.9639352938028871,50-75%
34.0,13.009885972942488,-20.990114027057512,20.990114027057512,75-100%
34.0,12.822409924275595,-21.177590075724403,21.177590075724403,75-100%
44.0,12.524961504530758,-31.475038495469242,31.475038495469242,75-100%
44.0,12.594003934321595,-31.405996065678405,31.405996065678405,75-100%
44.0,12.47516208463228,-31.52483791536772,31.52483791536772,75-100%
44.0,14.164853954000382,-29.83514604599962,29.83514604599962,75-100%
44.0,15.24266778705369,-28.75733221294631,28.75733221294631,75-100%
54.0,14.802001732470549,-39.19799826752945,39.19799826752945,75-100%
54.0,13.506540300247979,-40.49345969975202,40.49345969975202,75-100%
34.0,12.532612931111643,-21.467387068888357,21.467387068888357,75-100%
44.0,13.06488435895429,-30.935115641045712,30.935115641045712,75-100%
44.0,12.503686625049701,-31.496313374950297,31.496313374950297,75-100%
44.0,12.5859890349463,-31.4140109650537,31.4140109650537,75-100%
44.0,12.615367952306197,-31.384632047693803,31.384632047693803,75-100%
44.0,12.476961890253158,-31.523038109746842,31.523038109746842,75-100%
54.0,13.877432260478553,-40.12256773952144,40.12256773952144,75-100%
54.0,13.707988446244656,-40.292011553755344,40.292011553755344,75-100%
18.0,12.76135810373094,-5.23864189626906,5.23864189626906,75-100%
18.0,12.376522711018664,-5.623477288981336,5.623477288981336,75-100%
18.0,12.488420921482575,-5.511579078517425,5.511579078517425,75-100%
34.0,12.73642615935746,-21.26357384064254,21.26357384064254,75-100%
34.0,12.656611896829226,-21.343388103170774,21.343388103170774,75-100%
44.0,12.554208453377495,-31.445791546622505,31.445791546622505,75-100%
44.0,12.674697709553165,-31.325302290446835,31.325302290446835,75-100%
44.0,12.615367952306197,-31.384632047693803,31.384632047693803,75-100%
44.0,12.674697709553165,-31.325302290446835,31.325302290446835,75-100%
44.0,12.841499619473048,-31.158500380526952,31.158500380526952,75-100%
54.0,13.269635058369829,-40.73036494163017,40.73036494163017,75-100%
36.0,12.650991928070402,-23.349008071929596,23.349008071929596,75-100%
18.0,12.678589163797046,-5.321410836202954,5.321410836202954,75-100%
18.0,12.728795214946379,-5.271204785053621,5.271204785053621,75-100%
18.0,12.537796610732686,-5.462203389267314,5.462203389267314,75-100%
18.0,12.488420921482575,-5.511579078517425,5.511579078517425,75-100%
18.0,13.164126118046282,-4.835873881953718,4.835873881953718,75-100%
18.0,13.033029625733162,-4.966970374266838,4.966970374266838,75-100%
34.0,12.661102344710596,-21.338897655289404,21.338897655289404,75-100%
34.0,12.519433190793645,-21.480566809206355,21.480566809206355,75-100%
44.0,12.623400183438921,-31.37659981656108,31.37659981656108,75-100%
44.0,12.656938187469589,-31.34306181253041,31.34306181253041,75-100%
44.0,12.656938187469589,-31.34306181253041,31.34306181253041,75-100%
44.0,12.728794640721588,-31.27120535927841,31.27120535927841,75-100%
44.0,12.92601436143598,-31.073985638564018,31.073985638564018,75-100%
36.0,12.929493021496533,-23.070506978503467,23.070506978503467,75-100%
18.0,13.04211083577503,-4.957889164224969,4.957889164224969,75-100%
18.0,12.922588287742093,-5.077411712257907,5.077411712257907,75-100%
18.0,12.578660982780606,-5.421339017219394,5.421339017219394,75-100%
18.0,12.578660982780606,-5.421339017219394,5.421339017219394,75-100%
18.0,12.565475807405608,-5.434524192594392,5.434524192594392,75-100%
18.0,13.255183774075887,-4.744816225924113,4.744816225924113,75-100%
34.0,12.643360479118392,-21.356639520881608,21.356639520881608,75-100%
34.0,12.802789560231538,-21.19721043976846,21.19721043976846,75-100%
34.0,13.054098503676714,-20.945901496323287,20.945901496323287,75-100%
18.0,13.156162288453103,-4.843837711546897,4.843837711546897,75-100%
18.0,13.062603063484016,-4.937396936515984,4.937396936515984,75-100%
18.0,13.20066537264716,-4.79933462735284,4.79933462735284,75-100%
18.0,12.723623024310914,-5.276376975689086,5.276376975689086,75-100%
18.0,12.615133563631883,-5.384866436368117,5.384866436368117,75-100%
18.0,12.43027016376358,-5.569729836236419,5.569729836236419,75-100%
18.0,13.131151267499787,-4.868848732500213,4.868848732500213,75-100%
18.0,13.29259447127573,-4.707405528724269,4.707405528724269,75-100%
18.0,12.723623024310914,-5.276376975689086,5.276376975689086,75-100%
18.0,12.665106706615802,-5.334893293384198,5.334893293384198,75-100%
18.0,12.665106706615802,-5.334893293384198,5.334893293384198,75-100%
18.0,13.326835904202497,-4.673164095797503,4.673164095797503,75-100%
18.0,13.266186307126736,-4.733813692873264,4.733813692873264,75-100%
10.0,12.73298309236917,2.732983092369169,2.732983092369169,50-75%
10.0,12.73298309236917,2.732983092369169,2.732983092369169,50-75%
10.0,12.80396210163616,2.8039621016361593,2.8039621016361593,50-75%
10.0,12.80396210163616,2.8039621016361593,2.8039621016361593,50-75%
10.0,12.586473782004566,2.586473782004566,2.586473782004566,50-75%
10.0,12.527526797694595,2.5275267976945948,2.5275267976945948,50-75%
10.0,12.677016695571321,2.6770166955713215,2.6770166955713215,50-75%
10.0,12.65669555698181,2.656695556981809,2.656695556981809,50-75%
10.0,12.715175856699549,2.715175856699549,2.715175856699549,50-75%
10.0,12.715175856699549,2.715175856699549,2.715175856699549,50-75%
10.0,12.269596960375168,2.269596960375168,2.269596960375168,50-75%
10.0,12.354547441775793,2.354547441775793,2.354547441775793,50-75%
10.0,12.527526797694595,2.5275267976945948,2.5275267976945948,50-75%
10.0,12.586473782004566,2.586473782004566,2.586473782004566,50-75%
10.0,12.65669555698181,2.656695556981809,2.656695556981809,50-75%
10.0,12.689087434901474,2.6890874349014737,2.6890874349014737,50-75%
10.0,12.65669555698181,2.656695556981809,2.656695556981809,50-75%
10.0,12.65669555698181,2.656695556981809,2.656695556981809,50-75%
8.0,12.77856268530407,4.77856268530407,4.77856268530407,25-50%
8.0,12.843532117480786,4.843532117480786,4.843532117480786,25-50%
8.0,12.843532117480786,4.843532117480786,4.843532117480786,25-50%
10.0,12.403104553976512,2.4031045539765117,2.4031045539765117,50-75%
10.0,12.51557933917824,2.51557933917824,2.51557933917824,50-75%
10.0,12.644653380104534,2.6446533801045344,2.6446533801045344,50-75%
10.0,12.715175856699549,2.715175856699549,2.715175856699549,50-75%
10.0,12.715175856699549,2.715175856699549,2.715175856699549,50-75%
10.0,12.65669555698181,2.656695556981809,2.656695556981809,50-75%
9.0,13.05507765613168,4.0550776561316795,4.0550776561316795,50-75%
8.0,12.843532117480786,4.843532117480786,4.843532117480786,25-50%
8.0,12.902812483218202,4.902812483218202,4.902812483218202,25-50%
8.0,12.843532117480786,4.843532117480786,4.843532117480786,25-50%
8.0,12.902812483218202,4.902812483218202,4.902812483218202,25-50%
8.0,12.843532117480786,4.843532117480786,4.843532117480786,25-50%
8.0,12.79200602298348,4.792006022983481,4.792006022983481,25-50%
10.0,12.460498933765846,2.4604989337658463,2.4604989337658463,50-75%
10.0,12.51557933917824,2.51557933917824,2.51557933917824,50-75%
10.0,12.418251645757946,2.4182516457579464,2.4182516457579464,50-75%
10.0,12.80396210163616,2.8039621016361593,2.8039621016361593,50-75%
10.0,12.80396210163616,2.8039621016361593,2.8039621016361593,50-75%
10.0,13.068539143172735,3.0685391431727354,3.0685391431727354,50-75%
9.0,13.478935210980218,4.478935210980218,4.478935210980218,50-75%
8.0,12.902812483218202,4.902812483218202,4.902812483218202,25-50%
8.0,12.992813408276689,4.992813408276689,4.992813408276689,25-50%
8.0,12.992813408276689,4.992813408276689,4.992813408276689,25-50%
8.0,12.79200602298348,4.792006022983481,4.792006022983481,25-50%
8.0,12.842493015307536,4.842493015307536,4.842493015307536,25-50%
8.0,12.601826067179493,4.601826067179493,4.601826067179493,25-50%
10.0,12.460498933765846,2.4604989337658463,2.4604989337658463,50-75%
10.0,12.585434695782979,2.585434695782979,2.585434695782979,50-75%
10.0,12.418251645757946,2.4182516457579464,2.4182516457579464,50-75%
10.0,12.978051154791633,2.9780511547916326,2.9780511547916326,50-75%
10.0,12.86664503669057,2.8666450366905707,2.8666450366905707,50-75%
9.0,13.38580758004366,4.385807580043659,4.385807580043659,50-75%
8.0,12.902812483218202,4.902812483218202,4.902812483218202,25-50%
8.0,12.876298217493533,4.876298217493533,4.876298217493533,25-50%
8.0,12.85065923628236,4.850659236282359,4.850659236282359,25-50%
8.0,12.940322543288765,4.940322543288765,4.940322543288765,25-50%
8.0,12.966127500415197,4.9661275004151975,4.9661275004151975,25-50%
8.0,12.902812483218202,4.902812483218202,4.902812483218202,25-50%
6.0,12.36416764779342,6.364167647793421,6.364167647793421,25-50%
8.0,12.783333072389945,4.783333072389945,4.783333072389945,25-50%
8.0,12.818720972375367,4.818720972375367,4.818720972375367,25-50%
8.0,12.876298217493533,4.876298217493533,4.876298217493533,25-50%
6.0,12.34754139222522,6.347541392225221,6.347541392225221,25-50%
6.0,12.433947727202893,6.433947727202893,6.433947727202893,25-50%
6.0,12.39477904979399,6.394779049793989,6.394779049793989,25-50%
6.0,12.39477904979399,6.394779049793989,6.394779049793989,25-50%
6.0,12.389703355274534,6.389703355274534,6.389703355274534,25-50%
8.0,12.936033460216683,4.936033460216683,4.936033460216683,25-50%
6.0,12.084479947637737,6.084479947637737,6.084479947637737,25-50%
6.0,12.038158659671481,6.038158659671481,6.038158659671481,25-50%
6.0,12.339474920824438,6.339474920824438,6.339474920824438,25-50%
9.0,12.553324707359817,3.553324707359817,3.553324707359817,50-75%
6.0,12.084479947637737,6.084479947637737,6.084479947637737,25-50%
6.0,12.12256218175352,6.122562181753519,6.122562181753519,25-50%
6.0,12.433947727202893,6.433947727202893,6.433947727202893,25-50%
9.0,12.275611471922147,3.275611471922147,3.275611471922147,50-75%
9.0,12.850240186816563,3.8502401868165634,3.8502401868165634,50-75%
9.0,12.813232018725879,3.813232018725879,3.813232018725879,50-75%
6.0,12.038158659671481,6.038158659671481,6.038158659671481,25-50%
7.5,13.167270997617507,5.667270997617507,5.667270997617507,25-50%
9.0,12.791654997425258,3.7916549974252582,3.7916549974252582,50-75%
9.0,12.880936335956875,3.880936335956875,3.880936335956875,50-75%
9.0,12.80259548159908,3.802595481599081,3.802595481599081,50-75%
9.0,12.80259548159908,3.802595481599081,3.802595481599081,50-75%
9.0,12.80259548159908,3.802595481599081,3.802595481599081,50-75%
9.0,12.504135837166833,3.5041358371668334,3.5041358371668334,50-75%
9.0,12.56240965854597,3.5624096585459704,3.5624096585459704,50-75%
9.0,12.423006358202397,3.4230063582023966,3.4230063582023966,50-75%
9.0,12.595815516857842,3.595815516857842,3.595815516857842,50-75%
9.0,12.27317185998818,3.27317185998818,3.27317185998818,50-75%
9.0,12.676653066801167,3.676653066801167,3.676653066801167,50-75%
9.0,12.669728429971666,3.6697284299716664,3.6697284299716664,50-75%
9.0,12.850240186816563,3.8502401868165634,3.8502401868165634,50-75%
9.0,12.676653066801167,3.676653066801167,3.676653066801167,50-75%
9.0,11.957156281520263,2.9571562815202626,2.9571562815202626,50-75%
23.0,12.894652705890328,-10.105347294109672,10.105347294109672,75-100%
23.0,12.278794189847957,-10.721205810152043,10.721205810152043,75-100%
23.0,12.380487548715404,-10.619512451284596,10.619512451284596,75-100%
30.0,12.755643720116925,-17.244356279883075,17.244356279883075,75-100%
30.0,12.675220039902102,-17.3247799600979,17.3247799600979,75-100%
23.0,12.364755484527732,-10.635244515472268,10.635244515472268,75-100%
23.0,13.213239008301862,-9.786760991698138,9.786760991698138,75-100%
23.0,13.246207442827917,-9.753792557172083,9.753792557172083,75-100%
30.0,12.755643720116925,-17.244356279883075,17.244356279883075,75-100%
30.0,12.675220039902102,-17.3247799600979,17.3247799600979,75-100%
30.0,13.26974762861642,-16.73025237138358,16.73025237138358,75-100%
23.0,13.623276127981248,-9.376723872018752,9.376723872018752,75-100%
23.0,13.311938505418961,-9.688061494581039,9.688061494581039,75-100%
30.0,12.501934808258795,-17.498065191741205,17.498065191741205,75-100%
30.0,12.80402083500739,-17.195979164992607,17.195979164992607,75-100%
30.0,12.86071317781946,-17.13928682218054,17.13928682218054,75-100%
27.0,12.422994461344114,-14.577005538655886,14.577005538655886,75-100%
27.0,12.675220039902102,-14.324779960097898,14.324779960097898,75-100%
27.0,13.063350879286466,-13.936649120713534,13.936649120713534,75-100%
27.0,12.755643720116925,-14.244356279883075,14.244356279883075,75-100%
29.0,12.222106184279728,-16.777893815720272,16.777893815720272,75-100%
27.0,12.422994461344114,-14.577005538655886,14.577005538655886,75-100%
27.0,12.989605534135523,-14.010394465864477,14.010394465864477,75-100%
29.0,13.063350879286466,-15.936649120713534,15.936649120713534,75-100%
29.0,12.271317719486543,-16.728682280513457,16.728682280513457,75-100%
29.0,12.675220039902102,-16.3247799600979,16.3247799600979,75-100%
25.0,12.88698331155343,-12.11301668844657,12.11301668844657,75-100%
17.0,13.134275501201245,-3.8657244987987553,3.8657244987987553,75-100%
29.0,12.271317719486543,-16.728682280513457,16.728682280513457,75-100%
25.0,12.675220039902102,-12.324779960097898,12.324779960097898,75-100%
19.0,12.964570570006657,-6.035429429993343,6.035429429993343,75-100%
17.0,13.364473410719707,-3.6355265892802926,3.6355265892802926,75-100%
17.0,13.460547958625552,-3.5394520413744477,3.5394520413744477,75-100%
17.0,13.189228070334543,-3.8107719296654565,3.8107719296654565,75-100%
17.0,13.102621065580534,-3.897378934419466,3.897378934419466,75-100%
21.0,12.271317719486543,-8.728682280513457,8.728682280513457,75-100%
19.0,12.675220039902102,-6.324779960097898,6.324779960097898,75-100%
19.0,12.675220039902102,-6.324779960097898,6.324779960097898,75-100%
19.0,12.810159732060761,-6.189840267939239,6.189840267939239,75-100%
17.0,13.635474231356536,-3.364525768643464,3.364525768643464,75-100%
15.5,13.056355041712036,-2.4436449582879636,2.4436449582879636,75-100%
15.5,12.517608729603426,-2.9823912703965743,2.9823912703965743,75-100%
15.5,12.857580791513502,-2.6424192084864977,2.6424192084864977,75-100%
14.0,12.281683611592042,-1.718316388407958,1.718316388407958,50-75%
19.0,12.422994461344114,-6.577005538655886,6.577005538655886,75-100%
19.0,12.675220039902102,-6.324779960097898,6.324779960097898,75-100%
17.0,12.810159732060761,-4.189840267939239,4.189840267939239,75-100%
15.5,13.03715979604073,-2.4628402039592707,2.4628402039592707,75-100%
15.5,12.978257828048049,-2.521742171951951,2.521742171951951,75-100%
15.5,12.640246339444557,-2.859753660555443,2.859753660555443,75-100%
15.5,12.555494788831782,-2.9445052111682184,2.9445052111682184,75-100%
15.5,12.685191700885463,-2.814808299114537,2.814808299114537,75-100%
14.0,12.044221950251591,-1.9557780497484085,1.9557780497484085,50-75%
14.0,12.304997313818566,-1.695002686181434,1.695002686181434,50-75%
17.0,12.675220039902102,-4.324779960097898,4.324779960097898,75-100%
17.0,12.98555162440371,-4.01444837559629,4.01444837559629,75-100%
15.5,12.911419131434961,-2.588580868565039,2.588580868565039,75-100%
15.5,13.032866278777789,-2.4671337212222113,2.4671337212222113,75-100%
14.0,11.83681386727877,-2.163186132721229,2.163186132721229,50-75%
14.0,12.054178008217981,-1.9458219917820188,1.9458219917820188,50-75%
14.0,11.953364555350623,-2.046635444649377,2.046635444649377,50-75%
14.0,12.065967240740834,-1.934032759259166,1.934032759259166,50-75%
17.0,12.624510789571486,-4.375489210428514,4.375489210428514,75-100%
15.5,13.096525849459194,-2.4034741505408057,2.4034741505408057,75-100%
15.5,12.777197141013623,-2.722802858986377,2.722802858986377,75-100%
14.0,11.83681386727877,-2.163186132721229,2.163186132721229,50-75%
14.0,11.92447885876717,-2.07552114123283,2.07552114123283,50-75%
14.0,11.83681386727877,-2.163186132721229,2.163186132721229,50-75%
14.0,11.92447885876717,-2.07552114123283,2.07552114123283,50-75%
14.0,12.018312429785889,-1.9816875702141115,1.9816875702141115,50-75%
14.0,11.813095522198843,-2.186904477801157,2.186904477801157,50-75%
14.0,11.83681386727877,-2.163186132721229,2.163186132721229,50-75%
14.0,11.83681386727877,-2.163186132721229,2.163186132721229,50-75%
14.0,11.83681386727877,-2.163186132721229,2.163186132721229,50-75%
14.0,11.92447885876717,-2.07552114123283,2.07552114123283,50-75%
14.0,11.92447885876717,-2.07552114123283,2.07552114123283,50-75%
14.0,11.877340090901194,-2.1226599090988056,2.1226599090988056,50-75%
14.0,11.83681386727877,-2.163186132721229,2.163186132721229,50-75%
14.0,11.83681386727877,-2.163186132721229,2.163186132721229,50-75%
14.0,11.93248305758307,-2.0675169424169297,2.0675169424169297,50-75%
14.0,11.824813238668941,-2.1751867613310587,2.1751867613310587,50-75%
6.0,10.532113676703467,4.532113676703467,4.532113676703467,25-50%
6.0,10.486859651746428,4.486859651746428,4.486859651746428,25-50%
6.0,10.612030203683222,4.612030203683222,4.612030203683222,25-50%
6.0,11.497964479104182,5.497964479104182,5.497964479104182,25-50%
6.0,10.943728564001244,4.943728564001244,4.943728564001244,25-50%
6.0,10.706726729608008,4.7067267296080075,4.7067267296080075,25-50%
6.0,10.957296987972073,4.957296987972073,4.957296987972073,25-50%
6.0,10.996976483523973,4.996976483523973,4.996976483523973,25-50%
6.0,12.6069205649614,6.606920564961399,6.606920564961399,25-50%
6.0,11.347652253800259,5.347652253800259,5.347652253800259,25-50%
6.0,11.009611058441347,5.009611058441347,5.009611058441347,25-50%
6.0,10.996769548732997,4.996769548732997,4.996769548732997,25-50%
6.0,11.164094044809103,5.164094044809103,5.164094044809103,25-50%
6.0,11.033315292426277,5.033315292426277,5.033315292426277,25-50%
6.0,11.033315292426277,5.033315292426277,5.033315292426277,25-50%
6.0,11.485990821019413,5.4859908210194135,5.4859908210194135,25-50%
6.0,10.996769548732997,4.996769548732997,4.996769548732997,25-50%
6.0,11.107928132485062,5.107928132485062,5.107928132485062,25-50%
6.0,11.250161811463085,5.2501618114630855,5.2501618114630855,25-50%
6.0,11.033315292426277,5.033315292426277,5.033315292426277,25-50%
6.0,11.450087810363945,5.450087810363945,5.450087810363945,25-50%
6.0,11.250161811463085,5.2501618114630855,5.2501618114630855,25-50%
6.0,11.677694423021823,5.677694423021823,5.677694423021823,25-50%
65.0,12.172311144540965,-52.82768885545904,52.82768885545904,75-100%
65.0,12.182274882587231,-52.81772511741277,52.81772511741277,75-100%
65.0,12.244406716698641,-52.75559328330136,52.75559328330136,75-100%
65.0,11.714362188483207,-53.28563781151679,53.28563781151679,75-100%
65.0,11.93914117802749,-53.06085882197251,53.06085882197251,75-100%
65.0,12.110884731669962,-52.88911526833004,52.88911526833004,75-100%
65.0,11.761683944469002,-53.238316055531,53.238316055531,75-100%
65.0,12.182274882587231,-52.81772511741277,52.81772511741277,75-100%
65.0,11.998372724286625,-53.001627275713375,53.001627275713375,75-100%
65.0,11.761683944469002,-53.238316055531,53.238316055531,75-100%
65.0,12.101702679037114,-52.89829732096288,52.89829732096288,75-100%
65.0,12.070995271704218,-52.92900472829578,52.92900472829578,75-100%
57.0,12.487300656488,-44.512699343512,44.512699343512,75-100%
57.0,12.381576484850779,-44.61842351514922,44.61842351514922,75-100%
57.0,12.344166951817336,-44.655833048182664,44.655833048182664,75-100%
57.0,12.390229223340096,-44.6097707766599,44.6097707766599,75-100%
57.0,12.15963246250889,-44.84036753749111,44.84036753749111,75-100%
57.0,13.449895447345291,-43.55010455265471,43.55010455265471,75-100%
65.0,11.683682460994078,-53.31631753900592,53.31631753900592,75-100%
65.0,12.101702679037114,-52.89829732096288,52.89829732096288,75-100%
65.0,12.101702679037114,-52.89829732096288,52.89829732096288,75-100%
65.0,11.91069088588639,-53.08930911411361,53.08930911411361,75-100%
57.0,12.15990939691693,-44.84009060308307,44.84009060308307,75-100%
57.0,12.22653319759349,-44.77346680240651,44.77346680240651,75-100%
57.0,12.487300656488,-44.512699343512,44.512699343512,75-100%
57.0,12.301265774467423,-44.698734225532576,44.698734225532576,75-100%
57.0,12.181039467299431,-44.81896053270057,44.81896053270057,75-100%
57.0,12.181039467299431,-44.81896053270057,44.81896053270057,75-100%
57.0,12.09301539348146,-44.90698460651854,44.90698460651854,75-100%
65.0,11.860055047139959,-53.13994495286004,53.13994495286004,75-100%
65.0,11.962965458426543,-53.037034541573455,53.037034541573455,75-100%
57.0,12.245101081753225,-44.754898918246774,44.754898918246774,75-100%
57.0,12.256515287088178,-44.74348471291182,44.74348471291182,75-100%
57.0,12.101593175148933,-44.898406824851065,44.898406824851065,75-100%
57.0,12.344166951817336,-44.655833048182664,44.655833048182664,75-100%
57.0,12.303171152301235,-44.69682884769877,44.69682884769877,75-100%
57.0,12.181039467299431,-44.81896053270057,44.81896053270057,75-100%
57.0,12.303171152301235,-44.69682884769877,44.69682884769877,75-100%
57.0,12.289963762258843,-44.71003623774116,44.71003623774116,75-100%
57.0,12.434972680797852,-44.565027319202144,44.565027319202144,75-100%
57.0,12.436314142229481,-44.56368585777052,44.56368585777052,75-100%
57.0,12.390229223340096,-44.6097707766599,44.6097707766599,75-100%
57.0,12.181039467299431,-44.81896053270057,44.81896053270057,75-100%
57.0,12.181039467299431,-44.81896053270057,44.81896053270057,75-100%
57.0,12.470541910310175,-44.529458089689825,44.529458089689825,75-100%
57.0,12.587905246514445,-44.412094753485555,44.412094753485555,75-100%
57.0,12.31163097281906,-44.68836902718094,44.68836902718094,75-100%
57.0,12.434972680797852,-44.565027319202144,44.565027319202144,75-100%
57.0,12.31163097281906,-44.68836902718094,44.68836902718094,75-100%
57.0,12.212303151804777,-44.787696848195225,44.787696848195225,75-100%
57.0,12.460247278935705,-44.539752721064296,44.539752721064296,75-100%
57.0,12.343204403125393,-44.65679559687461,44.65679559687461,75-100%
57.0,12.31163097281906,-44.68836902718094,44.68836902718094,75-100%
57.0,12.434972680797852,-44.565027319202144,44.565027319202144,75-100%
57.0,12.372376316701867,-44.62762368329813,44.62762368329813,75-100%
8.0,11.737626477235722,3.7376264772357217,3.7376264772357217,25-50%
8.0,11.683314361819608,3.6833143618196083,3.6833143618196083,25-50%
8.0,11.818605712638542,3.8186057126385418,3.8186057126385418,25-50%
8.0,11.737626477235722,3.7376264772357217,3.7376264772357217,25-50%
8.0,11.683314361819608,3.6833143618196083,3.6833143618196083,25-50%
8.0,11.820084481138492,3.820084481138492,3.820084481138492,25-50%
8.0,11.683314361819608,3.6833143618196083,3.6833143618196083,25-50%
8.0,11.59808817084991,3.598088170849911,3.598088170849911,25-50%
8.0,11.518887539582686,3.5188875395826855,3.5188875395826855,25-50%
8.0,11.98438494238,3.98438494238,3.98438494238,25-50%
8.0,11.795635102499752,3.7956351024997517,3.7956351024997517,25-50%
8.0,11.820084481138492,3.820084481138492,3.820084481138492,25-50%
8.0,11.716676809100912,3.716676809100912,3.716676809100912,25-50%
8.0,11.59808817084991,3.598088170849911,3.598088170849911,25-50%
8.0,11.63488391705735,3.6348839170573495,3.6348839170573495,25-50%
8.0,12.609703461549486,4.609703461549486,4.609703461549486,25-50%
8.0,12.232610194241738,4.2326101942417385,4.2326101942417385,25-50%
8.0,12.078929088336116,4.078929088336116,4.078929088336116,25-50%
8.0,11.644652495880209,3.6446524958802087,3.6446524958802087,25-50%
8.0,11.69242464081063,3.6924246408106303,3.6924246408106303,25-50%
8.0,11.54265987014932,3.54265987014932,3.54265987014932,25-50%
8.0,11.59808817084991,3.598088170849911,3.598088170849911,25-50%
8.0,12.622228030879716,4.622228030879716,4.622228030879716,25-50%
8.0,12.232610194241738,4.2326101942417385,4.2326101942417385,25-50%
8.0,11.929020670640826,3.929020670640826,3.929020670640826,25-50%
8.0,11.669226034286234,3.6692260342862344,3.6692260342862344,25-50%
8.0,11.574062164760285,3.574062164760285,3.574062164760285,25-50%
8.0,12.542274979246862,4.542274979246862,4.542274979246862,25-50%
8.0,12.226880882064558,4.226880882064558,4.226880882064558,25-50%
8.0,11.868666237865137,3.8686662378651366,3.8686662378651366,25-50%
8.0,11.669226034286234,3.6692260342862344,3.6692260342862344,25-50%
18.0,11.277816972879055,-6.722183027120945,6.722183027120945,75-100%
18.0,11.16509870007971,-6.83490129992029,6.83490129992029,75-100%
18.0,11.330392679312403,-6.6696073206875965,6.6696073206875965,75-100%
18.0,11.277816972879055,-6.722183027120945,6.722183027120945,75-100%
18.0,11.330392679312403,-6.6696073206875965,6.6696073206875965,75-100%
18.0,11.277816972879055,-6.722183027120945,6.722183027120945,75-100%
18.0,11.217191727643236,-6.782808272356764,6.782808272356764,75-100%
18.0,11.330392679312403,-6.6696073206875965,6.6696073206875965,75-100%
18.0,11.330392679312403,-6.6696073206875965,6.6696073206875965,75-100%
18.0,11.410214423927897,-6.589785576072103,6.589785576072103,75-100%
18.0,11.410214423927897,-6.589785576072103,6.589785576072103,75-100%
18.0,11.217191727643236,-6.782808272356764,6.782808272356764,75-100%
18.0,11.217191727643236,-6.782808272356764,6.782808272356764,75-100%
18.0,10.826701671891144,-7.1732983281088565,7.1732983281088565,75-100%
18.0,11.064983737506232,-6.935016262493768,6.935016262493768,75-100%
18.0,11.306877199377432,-6.693122800622568,6.693122800622568,75-100%
18.0,11.414101999685554,-6.585898000314446,6.585898000314446,75-100%
18.0,11.178469024273506,-6.821530975726494,6.821530975726494,75-100%
18.0,11.201012611056456,-6.798987388943544,6.798987388943544,75-100%
18.0,11.088037017261833,-6.911962982738167,6.911962982738167,75-100%
18.0,10.977061046767236,-7.022938953232764,7.022938953232764,75-100%
18.0,11.120650777621474,-6.879349222378526,6.879349222378526,75-100%
18.0,11.581013214181226,-6.418986785818774,6.418986785818774,75-100%
18.0,11.343157754787782,-6.656842245212218,6.656842245212218,75-100%
18.0,11.064983737506232,-6.935016262493768,6.935016262493768,75-100%
18.0,10.903247674169329,-7.096752325830671,7.096752325830671,75-100%
18.0,11.63299048674529,-6.367009513254709,6.367009513254709,75-100%
18.0,10.991342514831416,-7.008657485168584,7.008657485168584,75-100%
18.0,10.903247674169329,-7.096752325830671,7.096752325830671,75-100%
18.0,11.216963455467816,-6.783036544532184,6.783036544532184,75-100%
8.0,11.090603550178244,3.090603550178244,3.090603550178244,25-50%
8.0,11.01791326137848,3.01791326137848,3.01791326137848,25-50%
8.0,10.73243547969656,2.7324354796965604,2.7324354796965604,25-50%
8.0,11.357822221559331,3.3578222215593314,3.3578222215593314,25-50%
8.0,11.357822221559331,3.3578222215593314,3.3578222215593314,25-50%
8.0,11.357822221559331,3.3578222215593314,3.3578222215593314,25-50%
8.0,11.090603550178244,3.090603550178244,3.090603550178244,25-50%
8.0,10.796537609670295,2.7965376096702954,2.7965376096702954,25-50%
8.0,10.814019476539034,2.814019476539034,2.814019476539034,25-50%
8.0,12.161821857924403,4.161821857924403,4.161821857924403,25-50%
8.0,11.795946534974416,3.7959465349744157,3.7959465349744157,25-50%
8.0,11.250334729030282,3.250334729030282,3.250334729030282,25-50%
16.0,10.830992234699535,-5.169007765300465,5.169007765300465,75-100%
16.0,11.00735896178466,-4.992641038215339,4.992641038215339,75-100%
8.0,12.275796625892669,4.275796625892669,4.275796625892669,25-50%
16.0,11.323172363834354,-4.676827636165646,4.676827636165646,75-100%
16.0,11.2388628993577,-4.7611371006423,4.7611371006423,75-100%
16.0,11.090603550178244,-4.909396449821756,4.909396449821756,75-100%
16.0,10.902551932595827,-5.097448067404173,5.097448067404173,75-100%
16.0,11.058776520884063,-4.941223479115937,4.941223479115937,75-100%
13.0,11.33468919209269,-1.6653108079073107,1.6653108079073107,50-75%
13.0,11.148652930017802,-1.8513470699821983,1.8513470699821983,50-75%
13.0,10.928386454248233,-2.0716135457517666,2.0716135457517666,50-75%
16.0,11.323172363834354,-4.676827636165646,4.676827636165646,75-100%
16.0,11.2388628993577,-4.7611371006423,4.7611371006423,75-100%
15.0,11.090603550178244,-3.909396449821756,3.909396449821756,50-75%
18.5,11.176146117484667,-7.323853882515333,7.323853882515333,75-100%
18.5,11.461975153172675,-7.038024846827325,7.038024846827325,75-100%
13.0,11.146800249034136,-1.8531997509658638,1.8531997509658638,50-75%
13.0,11.146800249034136,-1.8531997509658638,1.8531997509658638,50-75%
13.0,10.902286953756303,-2.0977130462436975,2.0977130462436975,50-75%
13.0,10.899813147476898,-2.1001868525231018,2.1001868525231018,50-75%
16.0,11.938400753845103,-4.061599246154897,4.061599246154897,75-100%
16.0,11.45066944145319,-4.54933055854681,4.54933055854681,75-100%
18.5,11.17154132089145,-7.32845867910855,7.32845867910855,75-100%
18.5,11.463875905956277,-7.036124094043723,7.036124094043723,75-100%
13.0,11.146800249034136,-1.8531997509658638,1.8531997509658638,50-75%
13.0,11.148652930017802,-1.8513470699821983,1.8513470699821983,50-75%
13.0,10.902286953756303,-2.0977130462436975,2.0977130462436975,50-75%
13.0,11.050943242056334,-1.9490567579436657,1.9490567579436657,50-75%
13.0,11.051575102087476,-1.948424897912524,1.948424897912524,50-75%
24.0,11.377875417560618,-12.622124582439382,12.622124582439382,75-100%
18.5,11.377875417560618,-7.1221245824393815,7.1221245824393815,75-100%
18.5,11.17154132089145,-7.32845867910855,7.32845867910855,75-100%
18.5,11.415620569285275,-7.0843794307147245,7.0843794307147245,75-100%
13.0,11.146800249034136,-1.8531997509658638,1.8531997509658638,50-75%
13.0,11.101618015544929,-1.898381984455071,1.898381984455071,50-75%
13.0,11.026944925681768,-1.973055074318232,1.973055074318232,50-75%
13.0,11.090976237635722,-1.9090237623642778,1.9090237623642778,50-75%
13.0,11.051575102087476,-1.948424897912524,1.948424897912524,50-75%
24.0,11.34400727220687,-12.65599272779313,12.65599272779313,75-100%
18.5,11.45066944145319,-7.04933055854681,7.04933055854681,75-100%
18.5,11.45066944145319,-7.04933055854681,7.04933055854681,75-100%
13.0,11.430278733604005,-1.5697212663959945,1.5697212663959945,50-75%
13.0,11.148652930017802,-1.8513470699821983,1.8513470699821983,50-75%
13.0,11.155300643354632,-1.8446993566453678,1.8446993566453678,50-75%
13.0,11.45066944145319,-1.54933055854681,1.54933055854681,50-75%
13.0,11.430278733604005,-1.5697212663959945,1.5697212663959945,50-75%
13.0,11.127002656381617,-1.8729973436183833,1.8729973436183833,50-75%
13.0,11.146800249034136,-1.8531997509658638,1.8531997509658638,50-75%
14.0,12.666508201120685,-1.3334917988793151,1.3334917988793151,50-75%
14.0,12.701356927144047,-1.2986430728559526,1.2986430728559526,50-75%
14.0,12.885979965796178,-1.114020034203822,1.114020034203822,50-75%
14.0,12.72164109171332,-1.2783589082866804,1.2783589082866804,50-75%
14.0,11.992284256074525,-2.007715743925475,2.007715743925475,50-75%
14.0,12.700451120720588,-1.2995488792794117,1.2995488792794117,50-75%
14.0,12.701356927144047,-1.2986430728559526,1.2986430728559526,50-75%
14.0,12.758497720269284,-1.2415022797307156,1.2415022797307156,50-75%
14.0,12.758497720269284,-1.2415022797307156,1.2415022797307156,50-75%
14.0,12.638042724112465,-1.3619572758875353,1.3619572758875353,50-75%
14.0,12.843942069796892,-1.156057930203108,1.156057930203108,50-75%
14.0,12.843942069796892,-1.156057930203108,1.156057930203108,50-75%
14.0,12.78564370733579,-1.2143562926642097,1.2143562926642097,50-75%
14.0,12.885979965796178,-1.114020034203822,1.114020034203822,50-75%
14.0,12.885979965796178,-1.114020034203822,1.114020034203822,50-75%
14.0,12.538982513009353,-1.461017486990647,1.461017486990647,50-75%
14.0,12.58524146484519,-1.4147585351548102,1.4147585351548102,50-75%
12.0,12.309550046212909,0.3095500462129088,0.3095500462129088,50-75%
12.0,12.117294859337319,0.11729485933731887,0.11729485933731887,50-75%
14.0,12.885979965796178,-1.114020034203822,1.114020034203822,50-75%
12.0,12.329859395065402,0.32985939506540163,0.32985939506540163,50-75%
10.0,11.768302045551804,1.7683020455518044,1.7683020455518044,50-75%
10.0,11.975895512343646,1.9758955123436461,1.9758955123436461,50-75%
12.0,12.531156312325585,0.5311563123255851,0.5311563123255851,50-75%
12.0,12.4328724729299,0.4328724729298994,0.4328724729298994,50-75%
10.0,11.767357560012043,1.7673575600120426,1.7673575600120426,50-75%
10.0,11.645391081640255,1.6453910816402555,1.6453910816402555,50-75%
10.0,11.762559604209283,1.762559604209283,1.762559604209283,50-75%
18.0,13.03089517153234,-4.96910482846766,4.96910482846766,75-100%
18.0,12.368942785051257,-5.6310572149487435,5.6310572149487435,75-100%
10.0,11.957343705061236,1.957343705061236,1.957343705061236,50-75%
10.0,11.632058911611521,1.6320589116115212,1.6320589116115212,50-75%
10.0,11.767357560012043,1.7673575600120426,1.7673575600120426,50-75%
8.0,11.743951421985729,3.743951421985729,3.743951421985729,25-50%
10.0,11.886609425429086,1.8866094254290857,1.8866094254290857,50-75%
10.0,11.549304519642753,1.549304519642753,1.549304519642753,50-75%
18.0,12.928646044322752,-5.071353955677248,5.071353955677248,75-100%
18.0,13.057704834823086,-4.942295165176914,4.942295165176914,75-100%
18.0,12.814818488902514,-5.185181511097486,5.185181511097486,75-100%
18.0,12.856894431273876,-5.143105568726124,5.143105568726124,75-100%
18.0,12.916232016718084,-5.083767983281916,5.083767983281916,75-100%
18.0,12.942822586320592,-5.057177413679408,5.057177413679408,75-100%
10.0,12.278251738616017,2.2782517386160173,2.2782517386160173,50-75%
8.0,11.957343705061236,3.957343705061236,3.957343705061236,25-50%
8.0,11.632058911611521,3.632058911611521,3.632058911611521,25-50%
8.0,11.558789859703172,3.5587898597031717,3.5587898597031717,25-50%
8.0,11.743951421985729,3.743951421985729,3.743951421985729,25-50%
8.0,11.75004703736009,3.7500470373600905,3.7500470373600905,25-50%
11.333333333333336,12.616399621581404,1.2830662882480688,1.2830662882480688,50-75%
18.0,13.057704834823086,-4.942295165176914,4.942295165176914,75-100%
18.0,12.942822586320592,-5.057177413679408,5.057177413679408,75-100%
18.0,12.942822586320592,-5.057177413679408,5.057177413679408,75-100%
18.0,12.288050777308754,-5.711949222691246,5.711949222691246,75-100%
8.0,11.632058911611521,3.632058911611521,3.632058911611521,25-50%
8.0,11.767357560012043,3.7673575600120426,3.7673575600120426,25-50%
8.0,11.65014498911649,3.650144989116489,3.650144989116489,25-50%
8.0,11.637851229490128,3.6378512294901277,3.6378512294901277,25-50%
12.0,12.616399621581404,0.6163996215814045,0.6163996215814045,50-75%
12.0,12.558340495014857,0.5583404950148569,0.5583404950148569,50-75%
18.0,13.209295650343373,-4.790704349656627,4.790704349656627,75-100%
18.0,13.057704834823086,-4.942295165176914,4.942295165176914,75-100%
18.0,12.70296522341731,-5.29703477658269,5.29703477658269,75-100%
18.0,12.616818541380374,-5.383181458619626,5.383181458619626,75-100%
18.0,12.742988028767797,-5.2570119712322025,5.2570119712322025,75-100%
18.0,12.637730042295038,-5.362269957704962,5.362269957704962,75-100%
6.0,11.80362636088017,5.80362636088017,5.80362636088017,25-50%
6.0,11.767357560012043,5.767357560012043,5.767357560012043,25-50%
6.0,11.65014498911649,5.650144989116489,5.650144989116489,25-50%
6.0,12.162759010051502,6.162759010051502,6.162759010051502,25-50%
6.0,12.162759010051502,6.162759010051502,6.162759010051502,25-50%
6.0,11.915844068667738,5.915844068667738,5.915844068667738,25-50%
12.0,12.67841028145632,0.6784102814563209,0.6784102814563209,50-75%
18.0,13.209295650343373,-4.790704349656627,4.790704349656627,75-100%
18.0,12.831954317937694,-5.168045682062306,5.168045682062306,75-100%
18.0,12.70296522341731,-5.29703477658269,5.29703477658269,75-100%
18.0,12.742988028767797,-5.2570119712322025,5.2570119712322025,75-100%
18.0,12.57716317117749,-5.4228368288225095,5.4228368288225095,75-100%
6.0,11.871094106718063,5.871094106718063,5.871094106718063,25-50%
6.0,11.860772049166485,5.860772049166485,5.860772049166485,25-50%
6.0,12.278251738616017,6.278251738616017,6.278251738616017,25-50%
6.0,12.14702207353093,6.14702207353093,6.14702207353093,25-50%
12.0,12.688046326197597,0.6880463261975969,0.6880463261975969,50-75%
18.0,13.01485348822431,-4.985146511775691,4.985146511775691,75-100%
18.0,12.805575186900722,-5.194424813099278,5.194424813099278,75-100%
18.0,12.642675751983798,-5.3573242480162016,5.3573242480162016,75-100%
18.0,12.70296522341731,-5.29703477658269,5.29703477658269,75-100%
6.0,12.178860159991906,6.178860159991906,6.178860159991906,25-50%
6.0,12.026328449067318,6.026328449067318,6.026328449067318,25-50%
6.0,12.274581658790407,6.274581658790407,6.274581658790407,25-50%
6.0,12.14702207353093,6.14702207353093,6.14702207353093,25-50%
22.0,11.928561563490778,-10.071438436509222,10.071438436509222,75-100%
5.0,10.744137208699085,5.744137208699085,5.744137208699085,0-25%
5.0,11.003648122110448,6.003648122110448,6.003648122110448,0-25%
5.0,10.984342507889892,5.984342507889892,5.984342507889892,0-25%
5.0,11.061924070126295,6.061924070126295,6.061924070126295,0-25%
5.0,10.984342507889892,5.984342507889892,5.984342507889892,0-25%
5.0,11.061924070126295,6.061924070126295,6.061924070126295,0-25%
22.0,11.34870907070273,-10.65129092929727,10.65129092929727,75-100%
22.0,11.03986420422235,-10.96013579577765,10.96013579577765,75-100%
5.0,10.854437480898492,5.854437480898492,5.854437480898492,0-25%
5.0,10.842734287894801,5.842734287894801,5.842734287894801,0-25%
5.0,11.003648122110448,6.003648122110448,6.003648122110448,0-25%
5.0,11.081354660724168,6.081354660724168,6.081354660724168,0-25%
5.0,11.081354660724168,6.081354660724168,6.081354660724168,0-25%
5.0,11.061924070126295,6.061924070126295,6.061924070126295,0-25%
5.0,11.226586483098478,6.226586483098478,6.226586483098478,0-25%
22.0,11.34870907070273,-10.65129092929727,10.65129092929727,75-100%
16.0,11.216848942652327,-4.783151057347673,4.783151057347673,75-100%
5.0,11.081354660724168,6.081354660724168,6.081354660724168,0-25%
5.0,11.003648122110448,6.003648122110448,6.003648122110448,0-25%
5.0,11.081354660724168,6.081354660724168,6.081354660724168,0-25%
5.0,11.003648122110448,6.003648122110448,6.003648122110448,0-25%
5.0,11.281686621529259,6.281686621529259,6.281686621529259,0-25%
4.0,11.143563856077131,7.143563856077131,7.143563856077131,0-25%
4.0,11.353635384863487,7.3536353848634874,7.3536353848634874,0-25%
22.0,11.34870907070273,-10.65129092929727,10.65129092929727,75-100%
22.0,11.03986420422235,-10.96013579577765,10.96013579577765,75-100%
27.0,11.188085696964086,-15.811914303035914,15.811914303035914,75-100%
27.0,10.999953975278059,-16.00004602472194,16.00004602472194,75-100%
16.0,11.302958943584503,-4.697041056415497,4.697041056415497,75-100%
16.0,11.150849270121064,-4.849150729878936,4.849150729878936,75-100%
11.0,11.117318945671915,0.11731894567191503,0.11731894567191503,50-75%
11.0,11.195761341097704,0.19576134109770393,0.19576134109770393,50-75%
11.0,11.263289236490987,0.2632892364909871,0.2632892364909871,50-75%
11.0,11.202393997425334,0.20239399742533415,0.20239399742533415,50-75%
17.0,11.09641435960992,-5.90358564039008,5.90358564039008,75-100%
4.0,11.199939525953994,7.199939525953994,7.199939525953994,0-25%
4.0,11.132071280614046,7.132071280614046,7.132071280614046,0-25%
4.0,11.24022105017756,7.24022105017756,7.24022105017756,0-25%
22.0,10.62161611826372,-11.37838388173628,11.37838388173628,75-100%
22.0,10.710888529864615,-11.289111470135385,11.289111470135385,75-100%
22.0,10.710888529864615,-11.289111470135385,11.289111470135385,75-100%
27.0,11.188085696964086,-15.811914303035914,15.811914303035914,75-100%
27.0,11.077636599548361,-15.922363400451639,15.922363400451639,75-100%
16.0,11.178675518268369,-4.821324481731631,4.821324481731631,75-100%
11.0,11.28172270686233,0.2817227068623307,0.2817227068623307,50-75%
11.0,11.344133011583027,0.3441330115830272,0.3441330115830272,50-75%
17.0,11.245983703424855,-5.754016296575145,5.754016296575145,75-100%
17.0,10.955088255427118,-6.044911744572882,6.044911744572882,75-100%
17.0,11.2227210462818,-5.7772789537182,5.7772789537182,75-100%
4.0,11.140807924869335,7.1408079248693355,7.1408079248693355,0-25%
4.0,11.2227210462818,7.2227210462818,7.2227210462818,0-25%
4.0,11.09182314869837,7.091823148698371,7.091823148698371,0-25%
4.0,11.353635384863487,7.3536353848634874,7.3536353848634874,0-25%
4.0,11.24022105017756,7.24022105017756,7.24022105017756,0-25%
22.0,10.656735924625227,-11.343264075374773,11.343264075374773,75-100%
22.0,11.173948005707825,-10.826051994292175,10.826051994292175,75-100%
27.0,10.999953975278059,-16.00004602472194,16.00004602472194,75-100%
27.0,10.999953975278059,-16.00004602472194,16.00004602472194,75-100%
16.333333333333332,11.065819591616215,-5.267513741717117,5.267513741717117,75-100%
16.333333333333332,11.143928602015734,-5.189404731317598,5.189404731317598,75-100%
16.333333333333332,11.152721617240395,-5.180611716092937,5.180611716092937,75-100%
11.0,11.152721617240395,0.15272161724039535,0.15272161724039535,50-75%
17.0,11.154155632418568,-5.8458443675814316,5.8458443675814316,75-100%
17.0,11.344133011583027,-5.655866988416973,5.655866988416973,75-100%
17.0,11.020406886202718,-5.979593113797282,5.979593113797282,75-100%
17.0,11.038220515917288,-5.961779484082712,5.961779484082712,75-100%
4.0,11.143563856077131,7.143563856077131,7.143563856077131,0-25%
4.0,11.091571316863813,7.0915713168638135,7.0915713168638135,0-25%
4.0,11.24022105017756,7.24022105017756,7.24022105017756,0-25%
4.0,11.414647283307005,7.414647283307005,7.414647283307005,0-25%
17.0,10.82710271948817,-6.17289728051183,6.17289728051183,75-100%
17.0,10.705536036715085,-6.294463963284915,6.294463963284915,75-100%
17.0,11.101981544059118,-5.898018455940882,5.898018455940882,75-100%
17.0,11.05551537529222,-5.94448462470778,5.94448462470778,75-100%
4.0,11.067243352398073,7.067243352398073,7.067243352398073,0-25%
4.0,11.067243352398073,7.067243352398073,7.067243352398073,0-25%
4.0,11.024142334585932,7.024142334585932,7.024142334585932,0-25%
4.0,11.11674823763948,7.116748237639481,7.116748237639481,0-25%
4.0,10.876337268044141,6.876337268044141,6.876337268044141,0-25%
17.0,10.639220892139758,-6.3607791078602425,6.3607791078602425,75-100%
17.0,10.751031513901589,-6.248968486098411,6.248968486098411,75-100%
17.0,11.112146464024182,-5.887853535975818,5.887853535975818,75-100%
17.0,11.344133011583027,-5.655866988416973,5.655866988416973,75-100%
17.0,11.15213811481491,-5.84786188518509,5.84786188518509,75-100%
4.0,11.024142334585932,7.024142334585932,7.024142334585932,0-25%
4.0,11.040812753050295,7.040812753050295,7.040812753050295,0-25%
4.0,10.550426269765879,6.550426269765879,6.550426269765879,0-25%
17.0,10.751031513901589,-6.248968486098411,6.248968486098411,75-100%
4.0,10.99533965377859,6.99533965377859,6.99533965377859,0-25%
4.0,10.707670904369749,6.707670904369749,6.707670904369749,0-25%
7.0,12.721320646844795,5.721320646844795,5.721320646844795,25-50%
7.0,12.87307639570319,5.87307639570319,5.87307639570319,25-50%
7.0,11.633003140949267,4.633003140949267,4.633003140949267,25-50%
7.0,11.369712042942194,4.369712042942194,4.369712042942194,25-50%
7.0,12.431220836026426,5.4312208360264265,5.4312208360264265,25-50%
7.0,13.475345891966345,6.475345891966345,6.475345891966345,25-50%
7.0,12.314326881304272,5.314326881304272,5.314326881304272,25-50%
7.0,12.78445952211299,5.784459522112989,5.784459522112989,25-50%
7.0,12.43806219806931,5.438062198069311,5.438062198069311,25-50%
7.0,12.28943560242691,5.289435602426909,5.289435602426909,25-50%
7.0,11.719930938657093,4.719930938657093,4.719930938657093,25-50%
7.0,12.65620673831272,5.65620673831272,5.65620673831272,25-50%
7.0,12.306586724644866,5.306586724644866,5.306586724644866,25-50%
7.0,12.647627987849248,5.647627987849248,5.647627987849248,25-50%
7.0,12.681485768141302,5.681485768141302,5.681485768141302,25-50%
7.0,13.409042453861233,6.4090424538612325,6.4090424538612325,25-50%
7.0,12.952392167791725,5.952392167791725,5.952392167791725,25-50%
7.0,13.163025651573125,6.163025651573125,6.163025651573125,25-50%
7.0,13.144168181252656,6.144168181252656,6.144168181252656,25-50%
7.0,12.848838317982645,5.848838317982645,5.848838317982645,25-50%
7.0,13.835099131355056,6.835099131355056,6.835099131355056,25-50%
7.0,12.741549995047327,5.741549995047327,5.741549995047327,25-50%
7.0,12.310256762488713,5.310256762488713,5.310256762488713,25-50%
7.0,12.597977877712744,5.597977877712744,5.597977877712744,25-50%
7.0,12.693504653808013,5.693504653808013,5.693504653808013,25-50%
7.0,12.581735450864127,5.581735450864127,5.581735450864127,25-50%
7.0,12.647627987849248,5.647627987849248,5.647627987849248,25-50%
7.0,12.743503559551982,5.743503559551982,5.743503559551982,25-50%
7.0,13.059422383320495,6.059422383320495,6.059422383320495,25-50%
7.0,12.706770462220973,5.706770462220973,5.706770462220973,25-50%
7.0,13.251867466234389,6.251867466234389,6.251867466234389,25-50%
7.0,13.208485838442694,6.208485838442694,6.208485838442694,25-50%
7.0,13.40805466385579,6.40805466385579,6.40805466385579,25-50%
7.0,13.390414827464152,6.390414827464152,6.390414827464152,25-50%
7.0,12.752142576356674,5.752142576356674,5.752142576356674,25-50%
7.0,12.693504653808013,5.693504653808013,5.693504653808013,25-50%
7.0,12.593666708061322,5.593666708061322,5.593666708061322,25-50%
7.0,12.463629409474567,5.463629409474567,5.463629409474567,25-50%
7.0,12.752142576356674,5.752142576356674,5.752142576356674,25-50%
7.0,13.75128132464336,6.75128132464336,6.75128132464336,25-50%
7.0,14.372461783937146,7.372461783937146,7.372461783937146,25-50%
7.0,13.513447377364566,6.513447377364566,6.513447377364566,25-50%
7.0,13.580231236386302,6.580231236386302,6.580231236386302,25-50%
7.0,12.693504653808013,5.693504653808013,5.693504653808013,25-50%
7.0,12.593666708061322,5.593666708061322,5.593666708061322,25-50%
7.0,12.463629409474567,5.463629409474567,5.463629409474567,25-50%
7.0,12.672891137536807,5.672891137536807,5.672891137536807,25-50%
7.0,12.693504653808013,5.693504653808013,5.693504653808013,25-50%
7.0,12.593666708061322,5.593666708061322,5.593666708061322,25-50%
7.0,13.391359553091712,6.391359553091712,6.391359553091712,25-50%
7.0,13.372740086279824,6.3727400862798245,6.3727400862798245,25-50%
7.0,14.31405423185524,7.3140542318552395,7.3140542318552395,25-50%
7.0,14.522983771328455,7.522983771328455,7.522983771328455,25-50%
7.0,13.531320940594231,6.531320940594231,6.531320940594231,25-50%
7.0,12.310256762488713,5.310256762488713,5.310256762488713,25-50%
7.0,11.369712042942194,4.369712042942194,4.369712042942194,25-50%
7.0,12.29700867164599,5.29700867164599,5.29700867164599,25-50%
7.0,12.258177323611381,5.258177323611381,5.258177323611381,25-50%
7.0,12.693504653808013,5.693504653808013,5.693504653808013,25-50%
6.0,11.92649583718412,5.92649583718412,5.92649583718412,25-50%
6.0,11.852585032464606,5.8525850324646065,5.8525850324646065,25-50%
4.0,12.715739824023828,8.715739824023828,8.715739824023828,0-25%
4.0,12.715739824023828,8.715739824023828,8.715739824023828,0-25%
6.0,11.936136144198253,5.936136144198253,5.936136144198253,25-50%
6.0,11.918375486908287,5.918375486908287,5.918375486908287,25-50%
6.0,11.918375486908287,5.918375486908287,5.918375486908287,25-50%
6.0,11.834540819858134,5.834540819858134,5.834540819858134,25-50%
4.0,12.145494152676044,8.145494152676044,8.145494152676044,0-25%
4.0,12.145494152676044,8.145494152676044,8.145494152676044,0-25%
5.0,11.926851575083141,6.926851575083141,6.926851575083141,0-25%
5.0,11.926851575083141,6.926851575083141,6.926851575083141,0-25%
5.0,11.930886295276688,6.930886295276688,6.930886295276688,0-25%
6.0,12.081483049072416,6.081483049072416,6.081483049072416,25-50%
6.0,11.871378399481756,5.871378399481756,5.871378399481756,25-50%
6.0,11.950424097799162,5.9504240977991625,5.9504240977991625,25-50%
6.0,11.852585032464606,5.8525850324646065,5.8525850324646065,25-50%
6.0,11.797398922024321,5.797398922024321,5.797398922024321,25-50%
4.0,11.521008802156336,7.521008802156336,7.521008802156336,0-25%
4.0,11.989110712896423,7.989110712896423,7.989110712896423,0-25%
4.0,12.145494152676044,8.145494152676044,8.145494152676044,0-25%
4.0,12.4819886495801,8.4819886495801,8.4819886495801,0-25%
5.0,11.773389725789313,6.773389725789313,6.773389725789313,0-25%
5.0,11.930886295276688,6.930886295276688,6.930886295276688,0-25%
5.0,11.930886295276688,6.930886295276688,6.930886295276688,0-25%
6.0,12.030983364598193,6.0309833645981925,6.0309833645981925,25-50%
6.0,11.871378399481756,5.871378399481756,5.871378399481756,25-50%
6.0,11.88137730879571,5.8813773087957095,5.8813773087957095,25-50%
6.0,11.797782743912169,5.797782743912169,5.797782743912169,25-50%
4.0,12.096749185372946,8.096749185372946,8.096749185372946,0-25%
4.0,12.145494152676044,8.145494152676044,8.145494152676044,0-25%
5.0,11.773389725789313,6.773389725789313,6.773389725789313,0-25%
6.0,12.030983364598193,6.0309833645981925,6.0309833645981925,25-50%
6.0,11.871378399481756,5.871378399481756,5.871378399481756,25-50%
6.0,11.880990979799844,5.880990979799844,5.880990979799844,25-50%
6.0,11.852585032464606,5.8525850324646065,5.8525850324646065,25-50%
4.0,11.395590252231912,7.395590252231912,7.395590252231912,0-25%
4.0,12.380440696284186,8.380440696284186,8.380440696284186,0-25%
4.0,12.551399486771848,8.551399486771848,8.551399486771848,0-25%
5.0,12.032704097641275,7.032704097641275,7.032704097641275,0-25%
4.666666666666667,12.003523870722358,7.336857204055691,7.336857204055691,0-25%
5.0,11.90910366503457,6.90910366503457,6.90910366503457,0-25%
5.0,11.941129273883757,6.941129273883757,6.941129273883757,0-25%
5.0,11.872132041384468,6.872132041384468,6.872132041384468,0-25%
4.0,12.55105127189271,8.55105127189271,8.55105127189271,0-25%
4.0,11.986002609138836,7.986002609138836,7.986002609138836,0-25%
4.0,11.79297451476561,7.792974514765611,7.792974514765611,0-25%
4.0,11.825689110295285,7.825689110295285,7.825689110295285,0-25%
4.0,11.744797084138003,7.744797084138003,7.744797084138003,0-25%
4.0,11.77600695725578,7.776006957255779,7.776006957255779,0-25%
4.0,11.851771208450506,7.851771208450506,7.851771208450506,0-25%
4.0,11.928178267728965,7.928178267728965,7.928178267728965,0-25%
4.0,11.881145517757425,7.881145517757425,7.881145517757425,0-25%
4.0,11.957189417264356,7.957189417264356,7.957189417264356,0-25%
4.0,11.881145517757425,7.881145517757425,7.881145517757425,0-25%
4.0,11.787230399614204,7.787230399614204,7.787230399614204,0-25%
4.0,11.680769886547273,7.680769886547273,7.680769886547273,0-25%
4.0,11.936304779926166,7.936304779926166,7.936304779926166,0-25%
4.0,11.936304779926166,7.936304779926166,7.936304779926166,0-25%
4.0,11.81569031848684,7.8156903184868405,7.8156903184868405,0-25%
4.0,11.787230399614204,7.787230399614204,7.787230399614204,0-25%
4.0,11.680769886547273,7.680769886547273,7.680769886547273,0-25%
4.0,11.861754886254754,7.861754886254754,7.861754886254754,0-25%
4.0,11.881145517757425,7.881145517757425,7.881145517757425,0-25%
4.0,11.787230399614204,7.787230399614204,7.787230399614204,0-25%
4.0,11.881145517757425,7.881145517757425,7.881145517757425,0-25%
4.0,11.834039312107095,7.834039312107095,7.834039312107095,0-25%
4.0,11.774593354746475,7.774593354746475,7.774593354746475,0-25%
4.0,11.780241290189668,7.780241290189668,7.780241290189668,0-25%
4.0,11.805016427581856,7.805016427581856,7.805016427581856,0-25%
4.0,11.881145517757425,7.881145517757425,7.881145517757425,0-25%
4.0,11.881145517757425,7.881145517757425,7.881145517757425,0-25%
4.0,11.881145517757425,7.881145517757425,7.881145517757425,0-25%
4.0,11.81569031848684,7.8156903184868405,7.8156903184868405,0-25%
4.0,11.881145517757425,7.881145517757425,7.881145517757425,0-25%
4.0,11.834039312107095,7.834039312107095,7.834039312107095,0-25%
4.0,11.834039312107095,7.834039312107095,7.834039312107095,0-25%
9.0,13.476098901491977,4.4760989014919765,4.4760989014919765,50-75%
9.0,13.057011779133408,4.057011779133408,4.057011779133408,50-75%
9.0,13.057011779133408,4.057011779133408,4.057011779133408,50-75%
9.0,12.971880595179726,3.9718805951797265,3.9718805951797265,50-75%
7.0,13.65380279117763,6.653802791177631,6.653802791177631,25-50%
7.0,13.909627422792116,6.909627422792116,6.909627422792116,25-50%
7.0,13.359108304601488,6.359108304601488,6.359108304601488,25-50%
9.0,12.232700945272498,3.232700945272498,3.232700945272498,50-75%
9.0,12.499358005957138,3.499358005957138,3.499358005957138,50-75%
9.0,12.944520703359427,3.9445207033594265,3.9445207033594265,50-75%
9.0,12.96310354021649,3.9631035402164905,3.9631035402164905,50-75%
5.0,12.55329707838318,7.55329707838318,7.55329707838318,0-25%
7.0,12.420175342738343,5.420175342738343,5.420175342738343,25-50%
7.0,12.362952899183266,5.3629528991832665,5.3629528991832665,25-50%
7.0,12.477857983974827,5.477857983974827,5.477857983974827,25-50%
7.0,14.152436128011049,7.152436128011049,7.152436128011049,25-50%
7.0,12.303340816775348,5.303340816775348,5.303340816775348,25-50%
9.0,12.441797934512643,3.4417979345126426,3.4417979345126426,50-75%
9.0,12.27231527717549,3.2723152771754904,3.2723152771754904,50-75%
5.0,12.561816533463304,7.561816533463304,7.561816533463304,0-25%
5.0,12.561816533463304,7.561816533463304,7.561816533463304,0-25%
7.0,12.411744865838898,5.411744865838898,5.411744865838898,25-50%
7.0,12.092822128412616,5.092822128412616,5.092822128412616,25-50%
7.0,12.458432046569678,5.458432046569678,5.458432046569678,25-50%
7.0,13.359108304601488,6.359108304601488,6.359108304601488,25-50%
7.0,13.88262244207031,6.882622442070311,6.882622442070311,25-50%
7.0,12.401046479804979,5.401046479804979,5.401046479804979,25-50%
9.0,12.215723295893792,3.215723295893792,3.215723295893792,50-75%
5.0,12.385478099741361,7.385478099741361,7.385478099741361,0-25%
5.0,12.503990144368446,7.503990144368446,7.503990144368446,0-25%
5.0,12.503990144368446,7.503990144368446,7.503990144368446,0-25%
7.0,12.249076301561386,5.249076301561386,5.249076301561386,25-50%
7.0,12.352039002128627,5.3520390021286275,5.3520390021286275,25-50%
7.0,12.57471495284457,5.57471495284457,5.57471495284457,25-50%
9.0,12.215723295893792,3.215723295893792,3.215723295893792,50-75%
5.0,12.090909290393839,7.090909290393839,7.090909290393839,0-25%
5.0,12.086758884256264,7.086758884256264,7.086758884256264,0-25%
5.0,12.182873873062896,7.182873873062896,7.182873873062896,0-25%
5.0,12.163029034801708,7.163029034801708,7.163029034801708,0-25%
7.0,12.138399117767825,5.138399117767825,5.138399117767825,25-50%
5.0,12.363333538697752,7.363333538697752,7.363333538697752,0-25%
5.0,12.142798617930625,7.142798617930625,7.142798617930625,0-25%
5.0,12.268725767717166,7.268725767717166,7.268725767717166,0-25%
5.0,12.163029034801708,7.163029034801708,7.163029034801708,0-25%
6.0,13.72174861101639,7.721748611016389,7.721748611016389,25-50%
6.0,13.28082837897379,7.280828378973791,7.280828378973791,25-50%
6.0,13.55965079375952,7.55965079375952,7.55965079375952,25-50%
6.0,13.655084708546264,7.655084708546264,7.655084708546264,25-50%
6.0,13.57735467156478,7.57735467156478,7.57735467156478,25-50%
6.0,13.42721940121804,7.427219401218039,7.427219401218039,25-50%
6.0,12.587421228643317,6.587421228643317,6.587421228643317,25-50%
6.0,13.225345424578068,7.225345424578068,7.225345424578068,25-50%
6.0,13.378354814367642,7.378354814367642,7.378354814367642,25-50%
6.0,13.655084708546264,7.655084708546264,7.655084708546264,25-50%
6.0,13.552104553600127,7.5521045536001274,7.5521045536001274,25-50%
6.0,12.485103727555835,6.485103727555835,6.485103727555835,25-50%
6.0,12.62609572741074,6.626095727410741,6.626095727410741,25-50%
6.0,13.468269962306797,7.468269962306797,7.468269962306797,25-50%
6.0,13.676659294024017,7.676659294024017,7.676659294024017,25-50%
6.0,13.672904629681808,7.672904629681808,7.672904629681808,25-50%
6.0,12.591984301003476,6.591984301003476,6.591984301003476,25-50%
6.0,13.18783162148604,7.1878316214860405,7.1878316214860405,25-50%
6.0,13.549526727632074,7.549526727632074,7.549526727632074,25-50%
6.0,13.655084708546264,7.655084708546264,7.655084708546264,25-50%
6.0,13.55965079375952,7.55965079375952,7.55965079375952,25-50%
6.0,12.547155646911616,6.547155646911616,6.547155646911616,25-50%
6.0,13.214094743129932,7.214094743129932,7.214094743129932,25-50%
6.0,13.171277884140398,7.171277884140398,7.171277884140398,25-50%
6.0,13.77908917174683,7.779089171746829,7.779089171746829,25-50%
6.0,13.655084708546264,7.655084708546264,7.655084708546264,25-50%
6.0,12.455963441340545,6.455963441340545,6.455963441340545,25-50%
6.0,12.529538598437984,6.529538598437984,6.529538598437984,25-50%
6.5,13.505661974956396,7.005661974956396,7.005661974956396,25-50%
6.5,13.655084708546264,7.155084708546264,7.155084708546264,25-50%
7.0,12.867361052101417,5.867361052101417,5.867361052101417,25-50%
7.0,12.71738931094012,5.717389310940121,5.717389310940121,25-50%
7.0,12.918825100844131,5.918825100844131,5.918825100844131,25-50%
7.0,13.778039216681874,6.778039216681874,6.778039216681874,25-50%
7.0,13.871376534438559,6.871376534438559,6.871376534438559,25-50%
7.0,12.918825100844131,5.918825100844131,5.918825100844131,25-50%
7.0,13.145894422635156,6.1458944226351555,6.1458944226351555,25-50%
7.0,12.705231947121197,5.705231947121197,5.705231947121197,25-50%
7.0,13.781419698318484,6.781419698318484,6.781419698318484,25-50%
7.5,13.170808804177256,5.6708088041772555,5.6708088041772555,25-50%
7.5,13.463273626371253,5.963273626371253,5.963273626371253,25-50%
7.5,13.173476371142035,5.673476371142035,5.673476371142035,25-50%
8.0,13.243087148783575,5.243087148783575,5.243087148783575,25-50%
7.0,12.91125435615848,5.91125435615848,5.91125435615848,25-50%
7.0,12.355749419198364,5.355749419198364,5.355749419198364,25-50%
7.0,13.006135094508826,6.006135094508826,6.006135094508826,25-50%
7.5,12.986027017852251,5.486027017852251,5.486027017852251,25-50%
7.5,12.32290496255932,4.8229049625593206,4.8229049625593206,25-50%
7.5,12.946745025603455,5.446745025603455,5.446745025603455,25-50%
8.0,13.43125919676744,5.43125919676744,5.43125919676744,25-50%
8.0,13.10724438615537,5.1072443861553705,5.1072443861553705,25-50%
7.5,13.49638549041306,5.99638549041306,5.99638549041306,25-50%
7.5,12.356275450985326,4.856275450985326,4.856275450985326,25-50%
7.5,12.417734564976758,4.917734564976758,4.917734564976758,25-50%
7.5,13.10724438615537,5.6072443861553705,5.6072443861553705,25-50%
7.5,12.99480858829196,5.49480858829196,5.49480858829196,25-50%
8.0,13.009994186581775,5.009994186581775,5.009994186581775,25-50%
8.0,13.51045617387629,5.510456173876291,5.510456173876291,25-50%
7.0,13.15592218099256,6.15592218099256,6.15592218099256,25-50%
7.0,13.469672136959092,6.469672136959092,6.469672136959092,25-50%
7.5,13.68790398058305,6.18790398058305,6.18790398058305,25-50%
7.5,13.22362621698239,5.723626216982391,5.723626216982391,25-50%
7.5,12.86823003752222,5.3682300375222205,5.3682300375222205,25-50%
7.5,12.950036044720932,5.450036044720932,5.450036044720932,25-50%
8.0,13.436083526473524,5.436083526473524,5.436083526473524,25-50%
8.0,13.505855028290974,5.5058550282909735,5.5058550282909735,25-50%
8.0,13.421714867071639,5.421714867071639,5.421714867071639,25-50%
8.0,13.173476371142035,5.173476371142035,5.173476371142035,25-50%
7.5,13.542307500783506,6.042307500783506,6.042307500783506,25-50%
7.5,13.28897747536951,5.78897747536951,5.78897747536951,25-50%
8.0,13.423306419511562,5.423306419511562,5.423306419511562,25-50%
8.0,13.092709805039998,5.092709805039998,5.092709805039998,25-50%
8.0,13.530588083335278,5.530588083335278,5.530588083335278,25-50%
8.0,13.203884141061485,5.203884141061485,5.203884141061485,25-50%
8.0,13.065834816277233,5.065834816277233,5.065834816277233,25-50%
8.0,13.278933107097508,5.278933107097508,5.278933107097508,25-50%
8.0,13.039845631775608,5.0398456317756075,5.0398456317756075,25-50%
8.0,13.3450802670631,5.3450802670631,5.3450802670631,25-50%
14.0,11.727429636851223,-2.272570363148777,2.272570363148777,50-75%
14.0,11.32085519926926,-2.6791448007307395,2.6791448007307395,50-75%
14.0,11.32085519926926,-2.6791448007307395,2.6791448007307395,50-75%
14.0,11.574427760083612,-2.425572239916388,2.425572239916388,50-75%
14.0,11.356841219911654,-2.6431587800883456,2.6431587800883456,50-75%
14.0,11.355134413499176,-2.644865586500824,2.644865586500824,50-75%
14.0,11.359752525209139,-2.6402474747908613,2.6402474747908613,50-75%
14.0,11.714548957019511,-2.2854510429804886,2.2854510429804886,50-75%
14.0,11.491744547862954,-2.508255452137046,2.508255452137046,50-75%
14.0,11.574427760083612,-2.425572239916388,2.425572239916388,50-75%
12.0,11.163845776335469,-0.836154223664531,0.836154223664531,50-75%
12.0,11.163845776335469,-0.836154223664531,0.836154223664531,50-75%
12.0,11.166711611383132,-0.833288388616868,0.833288388616868,50-75%
12.0,11.236855509366407,-0.7631444906335929,0.7631444906335929,50-75%
14.0,11.548025236282047,-2.4519747637179528,2.4519747637179528,50-75%
14.0,11.726538024929033,-2.2734619750709673,2.2734619750709673,50-75%
10.0,11.436834181187319,1.4368341811873186,1.4368341811873186,50-75%
10.0,11.356841219911654,1.3568412199116544,1.3568412199116544,50-75%
10.0,11.40499661296748,1.40499661296748,1.40499661296748,50-75%
10.0,11.467317100900592,1.4673171009005923,1.4673171009005923,50-75%
12.0,11.272596188713418,-0.7274038112865817,0.7274038112865817,50-75%
12.0,11.285810918209425,-0.7141890817905754,0.7141890817905754,50-75%
10.0,11.403247256630479,1.403247256630479,1.403247256630479,50-75%
10.0,11.356841219911654,1.3568412199116544,1.3568412199116544,50-75%
10.0,11.356841219911654,1.3568412199116544,1.3568412199116544,50-75%
10.0,11.395852154846327,1.3958521548463274,1.3958521548463274,50-75%
10.0,11.548025236282047,1.5480252362820472,1.5480252362820472,50-75%
10.0,11.514138029070919,1.514138029070919,1.514138029070919,50-75%
8.0,11.42338018503504,3.4233801850350396,3.4233801850350396,25-50%
10.0,12.193642800788874,2.193642800788874,2.193642800788874,50-75%
10.0,11.356841219911654,1.3568412199116544,1.3568412199116544,50-75%
10.0,11.436834181187319,1.4368341811873186,1.4368341811873186,50-75%
10.0,11.436834181187319,1.4368341811873186,1.4368341811873186,50-75%
10.0,11.441228388843683,1.4412283888436832,1.4412283888436832,50-75%
8.0,11.460842706607071,3.460842706607071,3.460842706607071,25-50%
8.0,12.120338822783063,4.120338822783063,4.120338822783063,25-50%
8.0,11.920325165128862,3.9203251651288618,3.9203251651288618,25-50%
10.0,11.848539741949457,1.8485397419494571,1.8485397419494571,50-75%
8.0,11.436834181187319,3.4368341811873186,3.4368341811873186,25-50%
8.0,11.436834181187319,3.4368341811873186,3.4368341811873186,25-50%
8.0,11.32085519926926,3.3208551992692605,3.3208551992692605,25-50%
8.0,11.385709240565738,3.3857092405657383,3.3857092405657383,25-50%
8.0,11.54853257436046,3.5485325743604594,3.5485325743604594,25-50%
8.0,12.29466331760635,4.29466331760635,4.29466331760635,25-50%
8.0,12.32075400753138,4.320754007531381,4.320754007531381,25-50%
8.0,11.40499661296748,3.40499661296748,3.40499661296748,25-50%
6.0,11.278012661411992,5.278012661411992,5.278012661411992,25-50%
6.0,12.091745324825519,6.091745324825519,6.091745324825519,25-50%
6.0,12.194514066853195,6.194514066853195,6.194514066853195,25-50%
6.0,12.189054228053408,6.189054228053408,6.189054228053408,25-50%
6.0,12.144669203972295,6.144669203972295,6.144669203972295,25-50%
8.0,11.928669607681185,3.9286696076811847,3.9286696076811847,25-50%
8.0,12.148807843827504,4.148807843827504,4.148807843827504,25-50%
8.0,12.288602389090098,4.288602389090098,4.288602389090098,25-50%
8.0,12.288602389090098,4.288602389090098,4.288602389090098,25-50%
8.0,12.233927661906705,4.233927661906705,4.233927661906705,25-50%
8.0,12.233927661906705,4.233927661906705,4.233927661906705,25-50%
8.0,11.88072865011964,3.8807286501196394,3.8807286501196394,25-50%
8.0,11.605985299872417,3.605985299872417,3.605985299872417,25-50%
8.0,11.605985299872417,3.605985299872417,3.605985299872417,25-50%
8.0,12.091104413064944,4.091104413064944,4.091104413064944,25-50%
8.0,12.233927661906705,4.233927661906705,4.233927661906705,25-50%
8.0,12.233927661906705,4.233927661906705,4.233927661906705,25-50%
8.0,12.233927661906705,4.233927661906705,4.233927661906705,25-50%
8.0,11.985657052591815,3.985657052591815,3.985657052591815,25-50%
8.0,11.985657052591815,3.985657052591815,3.985657052591815,25-50%
8.0,11.985657052591815,3.985657052591815,3.985657052591815,25-50%
12.0,11.278051444797066,-0.7219485552029337,0.7219485552029337,50-75%
12.0,11.313912446780684,-0.6860875532193162,0.6860875532193162,50-75%
12.0,11.313912446780684,-0.6860875532193162,0.6860875532193162,50-75%
12.0,11.294109960212296,-0.7058900397877039,0.7058900397877039,50-75%
12.0,11.278051444797066,-0.7219485552029337,0.7219485552029337,50-75%
12.0,11.278051444797066,-0.7219485552029337,0.7219485552029337,50-75%
12.0,11.278051444797066,-0.7219485552029337,0.7219485552029337,50-75%
12.0,11.360727880291916,-0.6392721197080835,0.6392721197080835,50-75%
12.0,11.32258496155423,-0.6774150384457691,0.6774150384457691,50-75%
12.0,11.313912446780684,-0.6860875532193162,0.6860875532193162,50-75%
12.0,11.157897337480954,-0.8421026625190464,0.8421026625190464,50-75%
12.0,11.252358784044892,-0.7476412159551078,0.7476412159551078,50-75%
12.0,11.278051444797066,-0.7219485552029337,0.7219485552029337,50-75%
12.0,11.393627505344355,-0.6063724946556448,0.6063724946556448,50-75%
12.0,11.32258496155423,-0.6774150384457691,0.6774150384457691,50-75%
12.0,11.393627505344355,-0.6063724946556448,0.6063724946556448,50-75%
12.0,11.313912446780684,-0.6860875532193162,0.6860875532193162,50-75%
12.0,11.252358784044892,-0.7476412159551078,0.7476412159551078,50-75%
12.0,11.207671404163424,-0.792328595836576,0.792328595836576,50-75%
12.0,11.393627505344355,-0.6063724946556448,0.6063724946556448,50-75%
12.0,11.313912446780684,-0.6860875532193162,0.6860875532193162,50-75%
12.0,11.393627505344355,-0.6063724946556448,0.6063724946556448,50-75%
12.0,11.393627505344355,-0.6063724946556448,0.6063724946556448,50-75%
3.0,10.876101723470684,7.8761017234706845,7.8761017234706845,0-25%
3.0,10.802515400984724,7.802515400984724,7.802515400984724,0-25%
3.0,10.802515400984724,7.802515400984724,7.802515400984724,0-25%
3.0,11.24357208608099,8.24357208608099,8.24357208608099,0-25%
12.0,10.36204269910113,-1.6379573008988704,1.6379573008988704,50-75%
12.0,11.214968334556122,-0.7850316654438778,0.7850316654438778,50-75%
12.0,11.26084156857804,-0.7391584314219592,0.7391584314219592,50-75%
12.0,11.393627505344355,-0.6063724946556448,0.6063724946556448,50-75%
14.5,10.817270796556915,-3.6827292034430847,3.6827292034430847,50-75%
14.5,10.85973932688931,-3.6402606731106903,3.6402606731106903,50-75%
14.5,10.85973932688931,-3.6402606731106903,3.6402606731106903,50-75%
14.5,10.93253004426408,-3.5674699557359197,3.5674699557359197,50-75%
14.5,10.974672383629471,-3.5253276163705287,3.5253276163705287,50-75%
3.0,11.217951575740502,8.217951575740502,8.217951575740502,0-25%
3.0,11.217951575740502,8.217951575740502,8.217951575740502,0-25%
12.0,11.26084156857804,-0.7391584314219592,0.7391584314219592,50-75%
12.0,11.26084156857804,-0.7391584314219592,0.7391584314219592,50-75%
12.0,11.24428321265377,-0.7557167873462305,0.7557167873462305,50-75%
14.5,10.974672383629471,-3.5253276163705287,3.5253276163705287,50-75%
14.5,10.817270796556915,-3.6827292034430847,3.6827292034430847,50-75%
14.5,10.834922012797984,-3.6650779872020163,3.6650779872020163,50-75%
14.5,10.949614564271545,-3.5503854357284546,3.5503854357284546,50-75%
14.5,10.949614564271545,-3.5503854357284546,3.5503854357284546,50-75%
14.5,10.974672383629471,-3.5253276163705287,3.5253276163705287,50-75%
14.5,10.906031367363688,-3.5939686326363116,3.5939686326363116,50-75%
3.0,11.217951575740502,8.217951575740502,8.217951575740502,0-25%
26.0,11.000738089206735,-14.999261910793265,14.999261910793265,75-100%
14.5,10.974672383629471,-3.5253276163705287,3.5253276163705287,50-75%
14.5,10.974672383629471,-3.5253276163705287,3.5253276163705287,50-75%
14.5,10.949614564271545,-3.5503854357284546,3.5503854357284546,50-75%
14.5,10.949614564271545,-3.5503854357284546,3.5503854357284546,50-75%
14.5,10.974672383629471,-3.5253276163705287,3.5253276163705287,50-75%
14.5,10.80690730622229,-3.693092693777711,3.693092693777711,50-75%
14.5,10.949614564271545,-3.5503854357284546,3.5503854357284546,50-75%
3.0,11.173389687449285,8.173389687449285,8.173389687449285,0-25%
26.0,11.099713681928087,-14.900286318071913,14.900286318071913,75-100%
26.0,11.099713681928087,-14.900286318071913,14.900286318071913,75-100%
14.5,10.949614564271545,-3.5503854357284546,3.5503854357284546,50-75%
14.5,10.974672383629471,-3.5253276163705287,3.5253276163705287,50-75%
14.5,10.949614564271545,-3.5503854357284546,3.5503854357284546,50-75%
14.5,10.949614564271545,-3.5503854357284546,3.5503854357284546,50-75%
14.5,10.974769250609555,-3.5252307493904453,3.5252307493904453,50-75%
14.5,11.285595577976164,-3.2144044220238364,3.2144044220238364,50-75%
3.0,11.325447335591464,8.325447335591464,8.325447335591464,0-25%
26.0,11.099713681928087,-14.900286318071913,14.900286318071913,75-100%
26.0,11.117037568791702,-14.882962431208298,14.882962431208298,75-100%
14.5,10.93253004426408,-3.5674699557359197,3.5674699557359197,50-75%
14.5,10.93253004426408,-3.5674699557359197,3.5674699557359197,50-75%
14.5,10.962441700690135,-3.5375582993098647,3.5375582993098647,50-75%
14.5,11.095380190539789,-3.404619809460211,3.404619809460211,50-75%
26.0,11.116635404218176,-14.883364595781824,14.883364595781824,75-100%
26.0,11.090321523238053,-14.909678476761947,14.909678476761947,75-100%
26.0,11.179023485495634,-14.820976514504366,14.820976514504366,75-100%
26.0,11.186993668182845,-14.813006331817155,14.813006331817155,75-100%
26.0,11.133021137718714,-14.866978862281286,14.866978862281286,75-100%
5.0,12.4008498907056,7.400849890705601,7.400849890705601,0-25%
5.0,12.916734003733563,7.916734003733563,7.916734003733563,0-25%
5.0,12.306722956934369,7.306722956934369,7.306722956934369,0-25%
5.0,12.4008498907056,7.400849890705601,7.400849890705601,0-25%
5.0,12.537222499709134,7.537222499709134,7.537222499709134,0-25%
5.0,12.624856749913333,7.624856749913333,7.624856749913333,0-25%
5.0,12.049584246435327,7.049584246435327,7.049584246435327,0-25%
5.0,11.712186761096778,6.712186761096778,6.712186761096778,0-25%
5.0,12.255717248708956,7.255717248708956,7.255717248708956,0-25%
5.0,12.636014282464497,7.636014282464497,7.636014282464497,0-25%
5.0,12.357025784251022,7.357025784251022,7.357025784251022,0-25%
5.0,12.479275058547271,7.479275058547271,7.479275058547271,0-25%
5.0,12.716113579853435,7.716113579853435,7.716113579853435,0-25%
5.0,12.644184907355132,7.6441849073551325,7.6441849073551325,0-25%
5.0,12.4748874630666,7.474887463066599,7.474887463066599,0-25%
5.0,12.255717248708956,7.255717248708956,7.255717248708956,0-25%
5.0,12.636014282464497,7.636014282464497,7.636014282464497,0-25%
5.0,12.477125981209984,7.4771259812099835,7.4771259812099835,0-25%
5.0,12.644184907355132,7.6441849073551325,7.6441849073551325,0-25%
5.0,12.4748874630666,7.474887463066599,7.474887463066599,0-25%
5.0,12.255717248708956,7.255717248708956,7.255717248708956,0-25%
5.0,12.636014282464497,7.636014282464497,7.636014282464497,0-25%
5.0,12.194967822100026,7.1949678221000255,7.1949678221000255,0-25%
5.0,12.562118182620566,7.562118182620566,7.562118182620566,0-25%
5.0,12.425324730259536,7.425324730259536,7.425324730259536,0-25%
5.0,12.371706642743053,7.371706642743053,7.371706642743053,0-25%
5.0,12.732511586925423,7.732511586925423,7.732511586925423,0-25%
5.0,12.732511586925423,7.732511586925423,7.732511586925423,0-25%
5.0,12.732511586925423,7.732511586925423,7.732511586925423,0-25%
5.0,12.371706642743053,7.371706642743053,7.371706642743053,0-25%
5.0,12.319951707334628,7.319951707334628,7.319951707334628,0-25%
5.0,12.054774094972414,7.054774094972414,7.054774094972414,0-25%
5.0,12.139285178351791,7.139285178351791,7.139285178351791,0-25%
5.0,12.139285178351791,7.139285178351791,7.139285178351791,0-25%
5.0,12.139285178351791,7.139285178351791,7.139285178351791,0-25%
5.0,12.24626497884439,7.2462649788443905,7.2462649788443905,0-25%
5.0,12.131548945689794,7.131548945689794,7.131548945689794,0-25%
5.0,12.40617943836686,7.406179438366861,7.406179438366861,0-25%
7.0,12.131548945689794,5.131548945689794,5.131548945689794,25-50%
5.0,12.139285178351791,7.139285178351791,7.139285178351791,0-25%
5.0,12.641727304225851,7.641727304225851,7.641727304225851,0-25%
7.0,11.950852877644225,4.950852877644225,4.950852877644225,25-50%
7.0,12.054774094972414,5.054774094972414,5.054774094972414,25-50%
5.0,12.054774094972414,7.054774094972414,7.054774094972414,0-25%
5.5,12.054774094972414,6.554774094972414,6.554774094972414,25-50%
5.5,12.40617943836686,6.906179438366861,6.906179438366861,25-50%
5.5,12.730038074313413,7.230038074313413,7.230038074313413,25-50%
6.0,12.142662643071414,6.142662643071414,6.142662643071414,25-50%
9.0,12.258629964899697,3.258629964899697,3.258629964899697,50-75%
7.0,12.105967428253985,5.105967428253985,5.105967428253985,25-50%
5.5,11.950852877644225,6.450852877644225,6.450852877644225,25-50%
5.5,12.40617943836686,6.906179438366861,6.906179438366861,25-50%
5.5,12.588116013136212,7.0881160131362115,7.0881160131362115,25-50%
5.5,12.67607972641081,7.17607972641081,7.17607972641081,25-50%
6.0,11.88869422909747,5.888694229097471,5.888694229097471,25-50%
16.0,11.956264651775903,-4.0437353482240965,4.0437353482240965,75-100%
9.0,12.224907293083406,3.2249072930834064,3.2249072930834064,50-75%
11.5,12.100964780725203,0.600964780725203,0.600964780725203,50-75%
5.5,12.0981191071991,6.5981191071991,6.5981191071991,25-50%
5.5,11.87325125588172,6.373251255881719,6.373251255881719,25-50%
16.0,12.137576726198276,-3.862423273801724,3.862423273801724,75-100%
16.0,12.323637524889685,-3.6763624751103148,3.6763624751103148,75-100%
16.0,12.253767036107678,-3.7462329638923215,3.7462329638923215,75-100%
16.0,12.408151190266459,-3.5918488097335413,3.5918488097335413,75-100%
16.0,12.431754726352395,-3.568245273647605,3.568245273647605,75-100%
9.0,12.258629964899697,3.258629964899697,3.258629964899697,50-75%
9.0,12.258629964899697,3.258629964899697,3.258629964899697,50-75%
11.5,12.275205781429541,0.7752057814295412,0.7752057814295412,50-75%
11.5,12.275205781429541,0.7752057814295412,0.7752057814295412,50-75%
10.0,12.194842807425072,2.194842807425072,2.194842807425072,50-75%
6.0,12.091488372818928,6.091488372818928,6.091488372818928,25-50%
16.0,12.253767036107678,-3.7462329638923215,3.7462329638923215,75-100%
16.0,12.408151190266459,-3.5918488097335413,3.5918488097335413,75-100%
16.0,12.431754726352395,-3.568245273647605,3.568245273647605,75-100%
26.0,12.431754726352395,-13.568245273647605,13.568245273647605,75-100%
26.0,12.65613286440868,-13.34386713559132,13.34386713559132,75-100%
11.5,12.389208818024414,0.8892088180244144,0.8892088180244144,50-75%
11.5,12.367444341059198,0.8674443410591977,0.8674443410591977,50-75%
11.5,12.173553977193988,0.673553977193988,0.673553977193988,50-75%
11.5,12.36222056463193,0.8622205646319294,0.8622205646319294,50-75%
10.0,12.105967428253985,2.105967428253985,2.105967428253985,50-75%
10.0,12.194842807425072,2.194842807425072,2.194842807425072,50-75%
16.0,11.912054698169047,-4.087945301830953,4.087945301830953,75-100%
16.0,12.494949887429689,-3.505050112570311,3.505050112570311,75-100%
16.0,12.358833923855045,-3.6411660761449554,3.6411660761449554,75-100%
16.0,12.40373636455953,-3.5962636354404705,3.5962636354404705,75-100%
26.0,12.65613286440868,-13.34386713559132,13.34386713559132,75-100%
14.0,12.57680161077974,-1.4231983892202607,1.4231983892202607,50-75%
14.0,12.729595789368114,-1.2704042106318862,1.2704042106318862,50-75%
16.0,12.557938825805543,-3.442061174194457,3.442061174194457,75-100%
16.0,12.557938825805543,-3.442061174194457,3.442061174194457,75-100%
16.0,12.557938825805543,-3.442061174194457,3.442061174194457,75-100%
26.0,12.52329591766133,-13.47670408233867,13.47670408233867,75-100%
26.0,12.431754726352395,-13.568245273647605,13.568245273647605,75-100%
26.0,12.551564199530468,-13.448435800469532,13.448435800469532,75-100%
26.0,12.551564199530468,-13.448435800469532,13.448435800469532,75-100%
14.0,12.57680161077974,-1.4231983892202607,1.4231983892202607,50-75%
14.0,12.681565016453954,-1.3184349835460463,1.3184349835460463,50-75%
14.0,12.659325307543904,-1.340674692456096,1.340674692456096,50-75%
14.0,12.524032720415486,-1.4759672795845145,1.4759672795845145,50-75%
14.0,12.524032720415486,-1.4759672795845145,1.4759672795845145,50-75%
14.0,12.612678485653651,-1.3873215143463486,1.3873215143463486,50-75%
14.0,12.826755337427242,-1.173244662572758,1.173244662572758,50-75%
26.0,12.470734987620498,-13.529265012379502,13.529265012379502,75-100%
26.0,12.627646454473293,-13.372353545526707,13.372353545526707,75-100%
26.0,12.57752185032625,-13.42247814967375,13.42247814967375,75-100%
26.0,12.52329591766133,-13.47670408233867,13.47670408233867,75-100%
26.0,12.551564199530468,-13.448435800469532,13.448435800469532,75-100%
26.0,12.551564199530468,-13.448435800469532,13.448435800469532,75-100%
14.0,12.826755337427242,-1.173244662572758,1.173244662572758,50-75%
26.0,12.627646454473293,-13.372353545526707,13.372353545526707,75-100%
26.0,12.52329591766133,-13.47670408233867,13.47670408233867,75-100%
20.0,12.207124162794532,-7.792875837205468,7.792875837205468,75-100%
20.0,12.465542042891352,-7.534457957108648,7.534457957108648,75-100%
20.0,12.169150513239373,-7.830849486760627,7.830849486760627,75-100%
20.0,11.152261211085051,-8.847738788914949,8.847738788914949,75-100%
20.0,12.165560077086434,-7.834439922913566,7.834439922913566,75-100%
20.0,12.20083301391109,-7.79916698608891,7.79916698608891,75-100%
20.0,12.465542042891352,-7.534457957108648,7.534457957108648,75-100%
20.0,12.079825947021412,-7.920174052978588,7.920174052978588,75-100%
20.0,12.255470137638126,-7.744529862361874,7.744529862361874,75-100%
20.0,12.255470137638126,-7.744529862361874,7.744529862361874,75-100%
20.0,12.20083301391109,-7.79916698608891,7.79916698608891,75-100%
20.0,12.20083301391109,-7.79916698608891,7.79916698608891,75-100%
20.0,12.32919062798533,-7.67080937201467,7.67080937201467,75-100%
20.0,12.501618686118654,-7.498381313881346,7.498381313881346,75-100%
20.0,12.135356936030577,-7.864643063969423,7.864643063969423,75-100%
20.0,12.257057783380075,-7.742942216619925,7.742942216619925,75-100%
20.0,12.292575859248934,-7.7074241407510655,7.7074241407510655,75-100%
20.0,12.363974009966872,-7.6360259900331275,7.6360259900331275,75-100%
20.0,12.097066900226631,-7.902933099773369,7.902933099773369,75-100%
20.0,12.438181896174349,-7.561818103825651,7.561818103825651,75-100%
20.0,12.350672452764554,-7.649327547235446,7.649327547235446,75-100%
20.0,12.531574263309313,-7.468425736690687,7.468425736690687,75-100%
20.0,12.292575859248934,-7.7074241407510655,7.7074241407510655,75-100%
20.0,12.290983959914458,-7.709016040085542,7.709016040085542,75-100%
20.0,12.421825530114102,-7.578174469885898,7.578174469885898,75-100%
20.0,12.097066900226631,-7.902933099773369,7.902933099773369,75-100%
20.0,12.097066900226631,-7.902933099773369,7.902933099773369,75-100%
20.0,12.35258425594405,-7.64741574405595,7.64741574405595,75-100%
20.0,12.20083301391109,-7.79916698608891,7.79916698608891,75-100%
20.0,12.20083301391109,-7.79916698608891,7.79916698608891,75-100%
20.0,12.3030350976261,-7.6969649023738995,7.6969649023738995,75-100%
20.0,12.062299953251797,-7.937700046748203,7.937700046748203,75-100%
20.0,12.097066900226631,-7.902933099773369,7.902933099773369,75-100%
20.0,12.744375647025436,-7.255624352974564,7.255624352974564,75-100%
20.0,12.204433069497373,-7.795566930502627,7.795566930502627,75-100%
20.0,12.204433069497373,-7.795566930502627,7.795566930502627,75-100%
9.0,12.026565244207688,3.0265652442076885,3.0265652442076885,50-75%
9.0,11.834665933774737,2.834665933774737,2.834665933774737,50-75%
9.0,12.026565244207688,3.0265652442076885,3.0265652442076885,50-75%
9.0,12.026565244207688,3.0265652442076885,3.0265652442076885,50-75%
9.0,11.633433970224528,2.6334339702245284,2.6334339702245284,50-75%
9.0,11.936862644426554,2.9368626444265544,2.9368626444265544,50-75%
9.0,12.026565244207688,3.0265652442076885,3.0265652442076885,50-75%
9.0,12.00539025298552,3.0053902529855208,3.0053902529855208,50-75%
9.0,12.00539025298552,3.0053902529855208,3.0053902529855208,50-75%
9.0,12.026565244207688,3.0265652442076885,3.0265652442076885,50-75%
9.0,12.026565244207688,3.0265652442076885,3.0265652442076885,50-75%
9.0,12.680372784703433,3.680372784703433,3.680372784703433,50-75%
9.0,12.026565244207688,3.0265652442076885,3.0265652442076885,50-75%
9.0,11.387319871542456,2.3873198715424557,2.3873198715424557,50-75%
9.0,12.12247217604467,3.1224721760446705,3.1224721760446705,50-75%
9.0,12.779730250604933,3.779730250604933,3.779730250604933,50-75%
9.0,12.927352063576496,3.927352063576496,3.927352063576496,50-75%
9.0,12.00539025298552,3.0053902529855208,3.0053902529855208,50-75%
9.0,12.026565244207688,3.0265652442076885,3.0265652442076885,50-75%
9.0,11.387319871542456,2.3873198715424557,2.3873198715424557,50-75%
9.0,12.890569285592541,3.890569285592541,3.890569285592541,50-75%
9.0,12.756805699986064,3.7568056999860637,3.7568056999860637,50-75%
9.0,12.63046496036482,3.6304649603648205,3.6304649603648205,50-75%
9.0,12.026565244207688,3.0265652442076885,3.0265652442076885,50-75%
9.0,11.559571396119726,2.5595713961197255,2.5595713961197255,50-75%
9.0,12.041788094936576,3.0417880949365763,3.0417880949365763,50-75%
9.0,12.041788094936576,3.0417880949365763,3.0417880949365763,50-75%
9.0,12.31821983870017,3.31821983870017,3.31821983870017,50-75%
9.0,12.856718280934023,3.8567182809340235,3.8567182809340235,50-75%
9.0,12.12247217604467,3.1224721760446705,3.1224721760446705,50-75%
9.0,11.861226045698945,2.8612260456989453,2.8612260456989453,50-75%
9.0,11.944484180906944,2.9444841809069437,2.9444841809069437,50-75%
9.0,11.944484180906944,2.9444841809069437,2.9444841809069437,50-75%
9.0,12.041788094936576,3.0417880949365763,3.0417880949365763,50-75%
9.0,12.680372784703433,3.680372784703433,3.680372784703433,50-75%
9.0,12.049877915524608,3.0498779155246076,3.0498779155246076,50-75%
9.0,11.936862644426554,2.9368626444265544,2.9368626444265544,50-75%
8.0,11.522572845496715,3.5225728454967147,3.5225728454967147,25-50%
8.0,10.713570840605787,2.7135708406057866,2.7135708406057866,25-50%
8.0,10.622245552595487,2.622245552595487,2.622245552595487,25-50%
7.0,10.859194538011447,3.8591945380114474,3.8591945380114474,25-50%
8.0,10.526155887135687,2.526155887135687,2.526155887135687,25-50%
8.0,10.381722270932125,2.3817222709321246,2.3817222709321246,25-50%
8.0,10.258055990850451,2.258055990850451,2.258055990850451,25-50%
8.0,10.416570944386415,2.4165709443864145,2.4165709443864145,25-50%
8.0,10.330935881502782,2.330935881502782,2.330935881502782,25-50%
7.0,10.873372545124774,3.8733725451247736,3.8733725451247736,25-50%
7.0,10.873372545124774,3.8733725451247736,3.8733725451247736,25-50%
7.0,10.79885161940405,3.7988516194040507,3.7988516194040507,25-50%
8.0,10.88353668414166,2.88353668414166,2.88353668414166,25-50%
8.0,10.435925043798255,2.435925043798255,2.435925043798255,25-50%
8.0,10.435925043798255,2.435925043798255,2.435925043798255,25-50%
6.0,11.054755912552029,5.054755912552029,5.054755912552029,25-50%
6.0,11.054755912552029,5.054755912552029,5.054755912552029,25-50%
6.0,11.136605749795851,5.1366057497958515,5.1366057497958515,25-50%
6.0,10.829344747480379,4.829344747480379,4.829344747480379,25-50%
7.0,10.873372545124774,3.8733725451247736,3.8733725451247736,25-50%
7.0,11.147774675009867,4.147774675009867,4.147774675009867,25-50%
7.0,10.922426266834325,3.922426266834325,3.922426266834325,25-50%
8.0,11.02935991688469,3.0293599168846903,3.0293599168846903,25-50%
8.0,10.779639325975705,2.7796393259757046,2.7796393259757046,25-50%
7.0,10.79885161940405,3.7988516194040507,3.7988516194040507,25-50%
6.0,10.873372545124774,4.873372545124774,4.873372545124774,25-50%
7.0,11.547218947684133,4.547218947684133,4.547218947684133,25-50%
7.0,11.744540079867265,4.7445400798672654,4.7445400798672654,25-50%
7.0,11.346223888612158,4.346223888612158,4.346223888612158,25-50%
7.0,11.687474454193323,4.687474454193323,4.687474454193323,25-50%
7.0,11.744540079867265,4.7445400798672654,4.7445400798672654,25-50%
7.0,11.460620414824415,4.460620414824415,4.460620414824415,25-50%
7.0,11.432027391127924,4.432027391127924,4.432027391127924,25-50%
7.0,11.460620414824415,4.460620414824415,4.460620414824415,25-50%
7.0,11.805032909074836,4.805032909074836,4.805032909074836,25-50%
7.0,11.547218947684133,4.547218947684133,4.547218947684133,25-50%
7.0,11.547218947684133,4.547218947684133,4.547218947684133,25-50%
7.0,11.432027391127924,4.432027391127924,4.432027391127924,25-50%
7.0,11.376111166695127,4.376111166695127,4.376111166695127,25-50%
7.0,11.376111166695127,4.376111166695127,4.376111166695127,25-50%
7.0,11.794949168470193,4.794949168470193,4.794949168470193,25-50%
7.0,11.805032909074836,4.805032909074836,4.805032909074836,25-50%
7.0,11.60677517867212,4.60677517867212,4.60677517867212,25-50%
7.0,11.460620414824415,4.460620414824415,4.460620414824415,25-50%
7.0,11.182637149128558,4.182637149128558,4.182637149128558,25-50%
7.0,11.295517928105049,4.295517928105049,4.295517928105049,25-50%
7.0,11.295517928105049,4.295517928105049,4.295517928105049,25-50%
7.0,11.71162845672211,4.71162845672211,4.71162845672211,25-50%
7.0,11.9961661765319,4.996166176531901,4.996166176531901,25-50%
7.0,11.839701268314567,4.839701268314567,4.839701268314567,25-50%
7.0,11.805032909074836,4.805032909074836,4.805032909074836,25-50%
7.0,11.328163753052415,4.328163753052415,4.328163753052415,25-50%
7.0,11.346223888612158,4.346223888612158,4.346223888612158,25-50%
7.0,11.182637149128558,4.182637149128558,4.182637149128558,25-50%
7.0,11.295517928105049,4.295517928105049,4.295517928105049,25-50%
7.0,11.182637149128558,4.182637149128558,4.182637149128558,25-50%
7.0,11.93516232796454,4.935162327964539,4.935162327964539,25-50%
7.0,11.9961661765319,4.996166176531901,4.996166176531901,25-50%
7.0,11.597169840274862,4.597169840274862,4.597169840274862,25-50%
7.0,11.588538155226628,4.588538155226628,4.588538155226628,25-50%
7.0,11.182637149128558,4.182637149128558,4.182637149128558,25-50%
7.0,11.142679216454853,4.142679216454853,4.142679216454853,25-50%
7.0,11.379476851992269,4.379476851992269,4.379476851992269,25-50%
7.0,11.547218947684133,4.547218947684133,4.547218947684133,25-50%
7.0,11.547218947684133,4.547218947684133,4.547218947684133,25-50%
7.0,11.102724074180657,4.1027240741806565,4.1027240741806565,25-50%
7.0,11.316140301283461,4.316140301283461,4.316140301283461,25-50%
7.0,11.379476851992269,4.379476851992269,4.379476851992269,25-50%
7.0,11.460620414824415,4.460620414824415,4.460620414824415,25-50%
7.0,11.69519811939595,4.69519811939595,4.69519811939595,25-50%
7.0,11.627536988145188,4.627536988145188,4.627536988145188,25-50%
7.0,11.547218947684133,4.547218947684133,4.547218947684133,25-50%
17.0,12.736398015838258,-4.263601984161742,4.263601984161742,75-100%
17.0,12.54273782440631,-4.457262175593691,4.457262175593691,75-100%
17.0,12.620540994968675,-4.379459005031325,4.379459005031325,75-100%
17.0,12.59639234054733,-4.403607659452669,4.403607659452669,75-100%
17.0,12.59639234054733,-4.403607659452669,4.403607659452669,75-100%
17.0,12.62947278358764,-4.370527216412359,4.370527216412359,75-100%
17.0,12.47707198019538,-4.5229280198046204,4.5229280198046204,75-100%
17.0,12.571270536281148,-4.428729463718852,4.428729463718852,75-100%
17.0,12.595984567335321,-4.4040154326646785,4.4040154326646785,75-100%
17.0,12.6293850314898,-4.3706149685102,4.3706149685102,75-100%
17.0,12.571270536281148,-4.428729463718852,4.428729463718852,75-100%
17.0,12.488567836477882,-4.511432163522118,4.511432163522118,75-100%
17.0,12.612100911205912,-4.387899088794088,4.387899088794088,75-100%
17.0,12.6293850314898,-4.3706149685102,4.3706149685102,75-100%
17.0,12.601067529620526,-4.398932470379474,4.398932470379474,75-100%
17.0,12.466881223414823,-4.533118776585177,4.533118776585177,75-100%
17.0,12.5529424364825,-4.4470575635175,4.4470575635175,75-100%
17.0,12.466881223414823,-4.533118776585177,4.533118776585177,75-100%
17.0,12.307765151730687,-4.6922348482693135,4.6922348482693135,75-100%
17.0,12.3431854350682,-4.6568145649318,4.6568145649318,75-100%
17.0,12.717615902926285,-4.282384097073715,4.282384097073715,75-100%
17.0,12.49636791366746,-4.503632086332541,4.503632086332541,75-100%
17.0,12.482934580910804,-4.517065419089196,4.517065419089196,75-100%
17.0,12.482934580910804,-4.517065419089196,4.517065419089196,75-100%
17.0,12.524548705780706,-4.475451294219294,4.475451294219294,75-100%
17.0,12.610978447641697,-4.389021552358303,4.389021552358303,75-100%
17.0,12.482934580910804,-4.517065419089196,4.517065419089196,75-100%
17.0,12.088189502115359,-4.911810497884641,4.911810497884641,75-100%
17.0,12.524548705780706,-4.475451294219294,4.475451294219294,75-100%
17.0,12.398126864554625,-4.601873135445375,4.601873135445375,75-100%
17.0,12.136902611017977,-4.863097388982023,4.863097388982023,75-100%
17.0,12.212653881242552,-4.787346118757448,4.787346118757448,75-100%
17.0,12.09518063962971,-4.90481936037029,4.90481936037029,75-100%
17.0,11.955452567589633,-5.044547432410367,5.044547432410367,75-100%
17.0,12.212653881242552,-4.787346118757448,4.787346118757448,75-100%
17.0,12.067630275153842,-4.932369724846158,4.932369724846158,75-100%
17.0,11.982533863980152,-5.0174661360198485,5.0174661360198485,75-100%
17.0,12.160961556474758,-4.839038443525242,4.839038443525242,75-100%
17.0,12.09518063962971,-4.90481936037029,4.90481936037029,75-100%
17.0,11.955452567589633,-5.044547432410367,5.044547432410367,75-100%
17.0,12.067630275153842,-4.932369724846158,4.932369724846158,75-100%
17.0,12.067630275153842,-4.932369724846158,4.932369724846158,75-100%
17.0,11.982533863980152,-5.0174661360198485,5.0174661360198485,75-100%
17.0,12.160961556474758,-4.839038443525242,4.839038443525242,75-100%
17.0,11.957193054930734,-5.042806945069266,5.042806945069266,75-100%
17.0,11.957193054930734,-5.042806945069266,5.042806945069266,75-100%
17.0,11.895744306844005,-5.104255693155995,5.104255693155995,75-100%
17.0,11.99885647473847,-5.001143525261529,5.001143525261529,75-100%
17.0,12.067630275153842,-4.932369724846158,4.932369724846158,75-100%
17.0,11.982533863980152,-5.0174661360198485,5.0174661360198485,75-100%
17.0,12.138114891525506,-4.861885108474494,4.861885108474494,75-100%
17.0,11.819012042347666,-5.180987957652334,5.180987957652334,75-100%
17.0,11.702777765521558,-5.297222234478442,5.297222234478442,75-100%
17.0,11.982533863980152,-5.0174661360198485,5.0174661360198485,75-100%
17.0,11.982533863980152,-5.0174661360198485,5.0174661360198485,75-100%
17.0,11.86710661135868,-5.132893388641319,5.132893388641319,75-100%
17.0,12.46983311289587,-4.53016688710413,4.53016688710413,75-100%
13.0,11.854301738316067,-1.1456982616839326,1.1456982616839326,50-75%
8.0,11.714457944851398,3.7144579448513984,3.7144579448513984,25-50%
8.0,11.88673903933983,3.8867390393398296,3.8867390393398296,25-50%
12.5,12.117027907240137,-0.38297209275986255,0.38297209275986255,50-75%
12.5,11.87943327056595,-0.6205667294340493,0.6205667294340493,50-75%
12.5,11.716689148657046,-0.7833108513429536,0.7833108513429536,50-75%
17.0,11.982533863980152,-5.0174661360198485,5.0174661360198485,75-100%
13.0,11.75731419315165,-1.2426858068483497,1.2426858068483497,50-75%
13.0,11.896499251880801,-1.103500748119199,1.103500748119199,50-75%
13.0,11.854301738316067,-1.1456982616839326,1.1456982616839326,50-75%
13.0,11.854301738316067,-1.1456982616839326,1.1456982616839326,50-75%
10.5,11.675879117687813,1.1758791176878134,1.1758791176878134,50-75%
10.5,11.824810051872841,1.3248100518728414,1.3248100518728414,50-75%
8.0,11.824810051872841,3.8248100518728414,3.8248100518728414,25-50%
8.0,11.913939621486843,3.9139396214868434,3.9139396214868434,25-50%
8.0,11.69302113526764,3.6930211352676405,3.6930211352676405,25-50%
12.5,11.78397007010992,-0.7160299298900803,0.7160299298900803,50-75%
12.5,11.880778369320195,-0.6192216306798048,0.6192216306798048,50-75%
13.0,12.056452141764339,-0.9435478582356609,0.9435478582356609,50-75%
13.0,12.056452141764339,-0.9435478582356609,0.9435478582356609,50-75%
13.0,11.820179225975018,-1.1798207740249822,1.1798207740249822,50-75%
13.0,11.854301738316067,-1.1456982616839326,1.1456982616839326,50-75%
13.0,12.089399561005505,-0.9106004389944946,0.9106004389944946,50-75%
10.5,11.674238560370968,1.1742385603709682,1.1742385603709682,50-75%
10.5,11.674238560370968,1.1742385603709682,1.1742385603709682,50-75%
10.5,11.84199110655252,1.3419911065525199,1.3419911065525199,50-75%
8.0,12.116955929167403,4.116955929167403,4.116955929167403,25-50%
8.0,11.892564447356989,3.892564447356989,3.892564447356989,25-50%
8.0,12.054749514773551,4.054749514773551,4.054749514773551,25-50%
8.0,12.142609191729866,4.142609191729866,4.142609191729866,25-50%
8.0,12.063736672627385,4.063736672627385,4.063736672627385,25-50%
13.0,12.027405057497573,-0.9725949425024272,0.9725949425024272,50-75%
13.0,12.014438497293186,-0.9855615027068136,0.9855615027068136,50-75%
13.0,12.014438497293186,-0.9855615027068136,0.9855615027068136,50-75%
13.0,12.014438497293186,-0.9855615027068136,0.9855615027068136,50-75%
13.0,11.86710875088214,-1.1328912491178595,1.1328912491178595,50-75%
10.5,11.80749005240035,1.3074900524003503,1.3074900524003503,50-75%
10.5,11.982940636694746,1.482940636694746,1.482940636694746,50-75%
10.5,11.982940636694746,1.482940636694746,1.482940636694746,50-75%
8.0,12.054749514773551,4.054749514773551,4.054749514773551,25-50%
8.0,12.142609191729866,4.142609191729866,4.142609191729866,25-50%
8.0,12.054749514773551,4.054749514773551,4.054749514773551,25-50%
8.0,12.073440783804534,4.073440783804534,4.073440783804534,25-50%
8.0,12.142609191729866,4.142609191729866,4.142609191729866,25-50%
13.0,11.990905599014125,-1.0090944009858749,1.0090944009858749,50-75%
13.0,12.041508846855123,-0.9584911531448768,0.9584911531448768,50-75%
13.0,12.027405057497573,-0.9725949425024272,0.9725949425024272,50-75%
13.0,11.942570592949947,-1.0574294070500532,1.0574294070500532,50-75%
10.5,12.17490721085555,1.6749072108555492,1.6749072108555492,50-75%
10.5,12.097424217665738,1.597424217665738,1.597424217665738,50-75%
10.5,12.107343999831999,1.6073439998319987,1.6073439998319987,50-75%
8.0,12.05599340381599,4.0559934038159895,4.0559934038159895,25-50%
8.0,12.228754846144643,4.228754846144643,4.228754846144643,25-50%
8.0,12.054749514773551,4.054749514773551,4.054749514773551,25-50%
8.0,12.142609191729866,4.142609191729866,4.142609191729866,25-50%
13.0,11.86710875088214,-1.1328912491178595,1.1328912491178595,50-75%
13.0,11.810547918903975,-1.1894520810960252,1.1894520810960252,50-75%
13.0,11.770594522620332,-1.229405477379668,1.229405477379668,50-75%
13.0,12.04563321184576,-0.9543667881542408,0.9543667881542408,50-75%
13.0,12.298470898804032,-0.7015291011959679,0.7015291011959679,50-75%
10.5,12.507606432741678,2.007606432741678,2.007606432741678,50-75%
8.0,12.054749514773551,4.054749514773551,4.054749514773551,25-50%
8.0,12.142609191729866,4.142609191729866,4.142609191729866,25-50%
8.0,12.142609191729866,4.142609191729866,4.142609191729866,25-50%
13.0,11.657121908795471,-1.342878091204529,1.342878091204529,50-75%
13.0,12.05599340381599,-0.9440065961840105,0.9440065961840105,50-75%
13.0,12.228754846144643,-0.7712451538553573,0.7712451538553573,50-75%
13.0,12.228754846144643,-0.7712451538553573,0.7712451538553573,50-75%
10.0,12.037327079532044,2.0373270795320444,2.0373270795320444,50-75%
10.0,12.097424217665738,2.097424217665738,2.097424217665738,50-75%
10.0,11.756128330495432,1.7561283304954323,1.7561283304954323,50-75%
10.0,12.507606432741678,2.507606432741678,2.507606432741678,50-75%
10.0,11.976603122077552,1.9766031220775524,1.9766031220775524,50-75%
10.0,11.889728964850722,1.8897289648507218,1.8897289648507218,50-75%
10.0,11.963687126536751,1.963687126536751,1.963687126536751,50-75%
10.0,12.270460379883009,2.2704603798830085,2.2704603798830085,50-75%
10.0,12.280511216904603,2.2805112169046033,2.2805112169046033,50-75%
10.0,11.963687126536751,1.963687126536751,1.963687126536751,50-75%
10.0,11.60043683952594,1.6004368395259405,1.6004368395259405,50-75%
10.0,11.493291630036623,1.493291630036623,1.493291630036623,50-75%
10.0,12.062786803781023,2.062786803781023,2.062786803781023,50-75%
10.0,12.270460379883009,2.2704603798830085,2.2704603798830085,50-75%
10.0,11.882145478896174,1.8821454788961738,1.8821454788961738,50-75%
10.0,11.647334575220032,1.6473345752200323,1.6473345752200323,50-75%
10.0,11.930433137607736,1.9304331376077357,1.9304331376077357,50-75%
10.0,11.930433137607736,1.9304331376077357,1.9304331376077357,50-75%
10.0,12.048660003296007,2.048660003296007,2.048660003296007,50-75%
10.0,11.930433137607736,1.9304331376077357,1.9304331376077357,50-75%
10.0,11.647334575220032,1.6473345752200323,1.6473345752200323,50-75%
10.0,11.730233860871055,1.7302338608710546,1.7302338608710546,50-75%
10.0,11.647334575220032,1.6473345752200323,1.6473345752200323,50-75%
7.0,12.290510737901565,5.290510737901565,5.290510737901565,25-50%
7.0,11.842132925923808,4.842132925923808,4.842132925923808,25-50%
7.0,11.842132925923808,4.842132925923808,4.842132925923808,25-50%
7.0,11.725765140761474,4.7257651407614745,4.7257651407614745,25-50%
7.0,11.79051364592485,4.79051364592485,4.79051364592485,25-50%
7.0,11.869062317269233,4.869062317269233,4.869062317269233,25-50%
6.0,11.910174136794843,5.9101741367948435,5.9101741367948435,25-50%
7.0,12.262699436967756,5.262699436967756,5.262699436967756,25-50%
7.0,12.290510737901565,5.290510737901565,5.290510737901565,25-50%
7.0,12.214327095083243,5.214327095083243,5.214327095083243,25-50%
7.0,11.842132925923808,4.842132925923808,4.842132925923808,25-50%
7.0,11.861164311704126,4.861164311704126,4.861164311704126,25-50%
7.0,11.79051364592485,4.79051364592485,4.79051364592485,25-50%
7.0,11.80917851401079,4.8091785140107906,4.8091785140107906,25-50%
7.0,11.965160936785482,4.965160936785482,4.965160936785482,25-50%
6.0,11.999896967760773,5.9998969677607725,5.9998969677607725,25-50%
6.0,12.081649713280685,6.081649713280685,6.081649713280685,25-50%
6.0,12.20927226785993,6.20927226785993,6.20927226785993,25-50%
6.0,12.154289900443965,6.154289900443965,6.154289900443965,25-50%
6.0,12.068629161771671,6.068629161771671,6.068629161771671,25-50%
6.0,12.245709281523466,6.245709281523466,6.245709281523466,25-50%
7.0,12.290510737901565,5.290510737901565,5.290510737901565,25-50%
7.0,12.104310774237154,5.104310774237154,5.104310774237154,25-50%
7.0,12.262699436967756,5.262699436967756,5.262699436967756,25-50%
7.0,11.87916361023253,4.8791636102325295,4.8791636102325295,25-50%
7.0,12.043438303306196,5.043438303306196,5.043438303306196,25-50%
7.0,11.999896967760773,4.9998969677607725,4.9998969677607725,25-50%
6.5,11.883158716160755,5.3831587161607555,5.3831587161607555,25-50%
6.0,11.982340512131929,5.982340512131929,5.982340512131929,25-50%
6.0,12.20927226785993,6.20927226785993,6.20927226785993,25-50%
6.0,12.20927226785993,6.20927226785993,6.20927226785993,25-50%
6.0,11.800920324413193,5.800920324413193,5.800920324413193,25-50%
6.0,11.910174136794843,5.9101741367948435,5.9101741367948435,25-50%
6.0,11.910174136794843,5.9101741367948435,5.9101741367948435,25-50%
6.0,11.999896967760773,5.9998969677607725,5.9998969677607725,25-50%
7.0,12.262699436967756,5.262699436967756,5.262699436967756,25-50%
7.0,12.19669169290156,5.19669169290156,5.19669169290156,25-50%
7.0,12.65961550851473,5.6596155085147295,5.6596155085147295,25-50%
7.0,11.999896967760773,4.9998969677607725,4.9998969677607725,25-50%
7.0,12.245709281523466,5.245709281523466,5.245709281523466,25-50%
7.0,12.417005038769332,5.417005038769332,5.417005038769332,25-50%
6.5,12.417005038769332,5.917005038769332,5.917005038769332,25-50%
6.0,12.174207465029543,6.174207465029543,6.174207465029543,25-50%
6.0,12.20927226785993,6.20927226785993,6.20927226785993,25-50%
6.0,12.454015071268312,6.454015071268312,6.454015071268312,25-50%
6.0,11.799263583819064,5.799263583819064,5.799263583819064,25-50%
6.0,11.799263583819064,5.799263583819064,5.799263583819064,25-50%
6.0,11.968670924954957,5.9686709249549565,5.9686709249549565,25-50%
6.0,12.043438303306196,6.043438303306196,6.043438303306196,25-50%
7.0,12.448126448851896,5.448126448851896,5.448126448851896,25-50%
7.0,12.272773663559724,5.2727736635597235,5.2727736635597235,25-50%
7.0,11.982340512131929,4.982340512131929,4.982340512131929,25-50%
7.0,12.24202791607426,5.24202791607426,5.24202791607426,25-50%
7.0,12.387155821559542,5.387155821559542,5.387155821559542,25-50%
6.0,12.373831190816917,6.373831190816917,6.373831190816917,25-50%
6.0,12.373831190816917,6.373831190816917,6.373831190816917,25-50%
4.5,12.373831190816917,7.873831190816917,7.873831190816917,0-25%
4.5,12.222432945068782,7.722432945068782,7.722432945068782,0-25%
4.5,11.89273885250333,7.39273885250333,7.39273885250333,0-25%
4.5,11.910174136794843,7.4101741367948435,7.4101741367948435,0-25%
4.5,11.910174136794843,7.4101741367948435,7.4101741367948435,0-25%
4.5,12.022954373678711,7.5229543736787114,7.5229543736787114,0-25%
7.0,12.039407445107866,5.039407445107866,5.039407445107866,25-50%
7.0,12.039407445107866,5.039407445107866,5.039407445107866,25-50%
7.0,12.20927226785993,5.20927226785993,5.20927226785993,25-50%
7.0,12.387155821559542,5.387155821559542,5.387155821559542,25-50%
4.5,12.387155821559542,7.887155821559542,7.887155821559542,0-25%
4.5,12.299978659958658,7.799978659958658,7.799978659958658,0-25%
4.5,12.373831190816917,7.873831190816917,7.873831190816917,0-25%
4.5,12.577700597385807,8.077700597385807,8.077700597385807,0-25%
4.5,12.033880246700752,7.533880246700752,7.533880246700752,0-25%
3.0,12.024195233200931,9.024195233200931,9.024195233200931,0-25%
3.0,12.15461061217448,9.15461061217448,9.15461061217448,0-25%
3.0,12.167395797557814,9.167395797557814,9.167395797557814,0-25%
3.0,12.12325348399915,9.12325348399915,9.12325348399915,0-25%
4.5,12.245709281523466,7.745709281523466,7.745709281523466,0-25%
4.5,12.223935921836514,7.723935921836514,7.723935921836514,0-25%
3.0,12.43189929753704,9.43189929753704,9.43189929753704,0-25%
3.0,12.022954373678711,9.022954373678711,9.022954373678711,0-25%
3.0,12.068947785027328,9.068947785027328,9.068947785027328,0-25%
8.0,12.299978659958658,4.299978659958658,4.299978659958658,25-50%
5.5,11.781978085037922,6.281978085037922,6.281978085037922,25-50%
5.5,12.024195233200931,6.524195233200931,6.524195233200931,25-50%
5.5,12.15461061217448,6.65461061217448,6.65461061217448,25-50%
5.5,12.15461061217448,6.65461061217448,6.65461061217448,25-50%
3.0,12.068947785027328,9.068947785027328,9.068947785027328,0-25%
3.0,11.727239519137598,8.727239519137598,8.727239519137598,0-25%
3.0,12.068947785027328,9.068947785027328,9.068947785027328,0-25%
8.0,12.186255734494171,4.186255734494171,4.186255734494171,25-50%
8.0,12.681583422194066,4.681583422194066,4.681583422194066,25-50%
8.0,12.051506401245769,4.051506401245769,4.051506401245769,25-50%
5.5,12.079205973778302,6.579205973778302,6.579205973778302,25-50%
5.5,12.223935921836514,6.723935921836514,6.723935921836514,25-50%
5.5,12.051506401245769,6.551506401245769,6.551506401245769,25-50%
5.5,11.746249937090415,6.246249937090415,6.246249937090415,25-50%
3.0,11.772978265999829,8.772978265999829,8.772978265999829,0-25%
8.0,12.12325348399915,4.12325348399915,4.12325348399915,25-50%
8.0,12.973429695348194,4.9734296953481945,4.9734296953481945,25-50%
8.0,12.223935921836514,4.223935921836514,4.223935921836514,25-50%
8.0,12.005574371176804,4.005574371176804,4.005574371176804,25-50%
5.5,12.024016062711222,6.5240160627112225,6.5240160627112225,25-50%
5.5,11.949003615719636,6.449003615719636,6.449003615719636,25-50%
3.0,11.939203667298376,8.939203667298376,8.939203667298376,0-25%
8.0,12.777252457494154,4.7772524574941535,4.7772524574941535,25-50%
8.0,12.598259269166558,4.598259269166558,4.598259269166558,25-50%
8.0,12.634452738973035,4.634452738973035,4.634452738973035,25-50%
8.0,12.43189929753704,4.43189929753704,4.43189929753704,25-50%
8.0,12.142452589881174,4.142452589881174,4.142452589881174,25-50%
8.0,12.777252457494154,4.7772524574941535,4.7772524574941535,25-50%
8.0,12.129371519477063,4.129371519477063,4.129371519477063,25-50%
8.0,12.196082395655374,4.196082395655374,4.196082395655374,25-50%
8.0,12.206076899966867,4.206076899966867,4.206076899966867,25-50%
8.0,12.129371519477063,4.129371519477063,4.129371519477063,25-50%
8.0,11.680069177959094,3.680069177959094,3.680069177959094,25-50%
8.0,12.145341105103007,4.145341105103007,4.145341105103007,25-50%
8.0,12.196082395655374,4.196082395655374,4.196082395655374,25-50%
8.0,11.963558161772587,3.9635581617725872,3.9635581617725872,25-50%
8.0,11.727263298326838,3.7272632983268377,3.7272632983268377,25-50%
6.0,15.826023807865415,9.826023807865415,9.826023807865415,25-50%
6.0,15.826023807865415,9.826023807865415,9.826023807865415,25-50%
6.0,13.787015978305877,7.787015978305877,7.787015978305877,25-50%
6.0,15.79081420449739,9.79081420449739,9.79081420449739,25-50%
6.0,15.93631308231476,9.93631308231476,9.93631308231476,25-50%
6.0,15.79081420449739,9.79081420449739,9.79081420449739,25-50%
6.0,16.02303577011953,10.023035770119531,10.023035770119531,25-50%
6.0,15.935850486158724,9.935850486158724,9.935850486158724,25-50%
6.0,15.826023807865415,9.826023807865415,9.826023807865415,25-50%
6.0,15.900872691111568,9.900872691111568,9.900872691111568,25-50%
6.0,15.997845829843403,9.997845829843403,9.997845829843403,25-50%
6.0,16.033489569479286,10.033489569479286,10.033489569479286,25-50%
6.0,14.579684732530891,8.579684732530891,8.579684732530891,25-50%
6.0,16.033489569479286,10.033489569479286,10.033489569479286,25-50%
6.0,15.997845829843403,9.997845829843403,9.997845829843403,25-50%
6.0,14.169515823981259,8.169515823981259,8.169515823981259,25-50%
6.0,16.165331512444187,10.165331512444187,10.165331512444187,25-50%
6.0,16.165331512444187,10.165331512444187,10.165331512444187,25-50%
6.0,16.22816689395899,10.228166893958988,10.228166893958988,25-50%
6.0,16.26429360679772,10.264293606797722,10.264293606797722,25-50%
6.0,16.145138716503563,10.145138716503563,10.145138716503563,25-50%
6.0,12.837522890554538,6.837522890554538,6.837522890554538,25-50%
6.0,15.826023807865415,9.826023807865415,9.826023807865415,25-50%
6.0,16.32221299558641,10.322212995586408,10.322212995586408,25-50%
6.0,16.535796796073313,10.535796796073313,10.535796796073313,25-50%
6.0,16.22816689395899,10.228166893958988,10.228166893958988,25-50%
6.0,16.04685963981438,10.046859639814379,10.046859639814379,25-50%
6.0,15.740930404793037,9.740930404793037,9.740930404793037,25-50%
6.0,16.05401668102453,10.054016681024532,10.054016681024532,25-50%
6.0,16.535796796073313,10.535796796073313,10.535796796073313,25-50%
6.0,16.109261343406324,10.109261343406324,10.109261343406324,25-50%
6.0,16.49910194427812,10.49910194427812,10.49910194427812,25-50%
6.0,15.906731828026613,9.906731828026613,9.906731828026613,25-50%
6.0,16.535796796073313,10.535796796073313,10.535796796073313,25-50%
6.0,16.145138716503563,10.145138716503563,10.145138716503563,25-50%
6.0,16.22816689395899,10.228166893958988,10.228166893958988,25-50%
6.0,13.291206548620666,7.291206548620666,7.291206548620666,25-50%
6.0,13.291206548620666,7.291206548620666,7.291206548620666,25-50%
6.0,12.556868518660817,6.556868518660817,6.556868518660817,25-50%
6.0,12.956652309241818,6.956652309241818,6.956652309241818,25-50%
6.0,13.470271026550355,7.470271026550355,7.470271026550355,25-50%
6.0,13.343520913486758,7.343520913486758,7.343520913486758,25-50%
6.0,12.261862209343679,6.261862209343679,6.261862209343679,25-50%
6.0,12.616509884585518,6.616509884585518,6.616509884585518,25-50%
6.0,13.269345673689255,7.269345673689255,7.269345673689255,25-50%
10.0,13.470271026550355,3.470271026550355,3.470271026550355,50-75%
10.0,13.24452464408796,3.24452464408796,3.24452464408796,50-75%
6.0,13.569091201049488,7.569091201049488,7.569091201049488,25-50%
6.0,12.616509884585518,6.616509884585518,6.616509884585518,25-50%
10.0,13.408239158366532,3.4082391583665324,3.4082391583665324,50-75%
10.0,13.470271026550355,3.470271026550355,3.470271026550355,50-75%
10.0,13.147905960632635,3.1479059606326345,3.1479059606326345,50-75%
10.0,13.343520913486758,3.343520913486758,3.343520913486758,50-75%
10.0,13.147905960632635,3.1479059606326345,3.1479059606326345,50-75%
10.0,12.591197272493966,2.5911972724939663,2.5911972724939663,50-75%
10.0,13.362895048634593,3.362895048634593,3.362895048634593,50-75%
10.0,12.829681452090227,2.8296814520902274,2.8296814520902274,50-75%
10.0,12.829681452090227,2.8296814520902274,2.8296814520902274,50-75%
10.0,12.924126921138834,2.924126921138834,2.924126921138834,50-75%
10.0,12.454067672522054,2.4540676725220543,2.4540676725220543,50-75%
10.0,12.454067672522054,2.4540676725220543,2.4540676725220543,50-75%
14.0,12.366454780933253,-1.6335452190667468,1.6335452190667468,50-75%
10.0,12.92034840242711,2.920348402427109,2.920348402427109,50-75%
10.0,12.704822468188828,2.704822468188828,2.704822468188828,50-75%
10.0,12.734231605501769,2.734231605501769,2.734231605501769,50-75%
10.0,12.45773678881431,2.4577367888143105,2.4577367888143105,50-75%
10.0,12.366454780933253,2.3664547809332532,2.3664547809332532,50-75%
14.0,12.366454780933253,-1.6335452190667468,1.6335452190667468,50-75%
14.0,12.40865309751646,-1.59134690248354,1.59134690248354,50-75%
14.0,12.844367444870153,-1.1556325551298468,1.1556325551298468,50-75%
10.0,12.92034840242711,2.920348402427109,2.920348402427109,50-75%
10.0,12.770989467069716,2.7709894670697164,2.7709894670697164,50-75%
10.0,12.777591005044478,2.777591005044478,2.777591005044478,50-75%
14.0,12.45773678881431,-1.5422632111856895,1.5422632111856895,50-75%
14.0,12.366454780933253,-1.6335452190667468,1.6335452190667468,50-75%
14.0,12.45773678881431,-1.5422632111856895,1.5422632111856895,50-75%
14.0,12.45773678881431,-1.5422632111856895,1.5422632111856895,50-75%
14.0,13.370719607271013,-0.6292803927289867,0.6292803927289867,50-75%
14.0,13.208643158762486,-0.7913568412375138,0.7913568412375138,50-75%
14.0,12.45773678881431,-1.5422632111856895,1.5422632111856895,50-75%
14.0,12.364673944960483,-1.635326055039517,1.635326055039517,50-75%
14.0,12.45773678881431,-1.5422632111856895,1.5422632111856895,50-75%
14.0,12.984540719592863,-1.0154592804071374,1.0154592804071374,50-75%
14.0,12.538662017166704,-1.461337982833296,1.461337982833296,50-75%
14.0,12.318684474549976,-1.6813155254500245,1.6813155254500245,50-75%
18.0,11.774338131702994,-6.225661868297006,6.225661868297006,75-100%
18.0,11.83725761306623,-6.16274238693377,6.16274238693377,75-100%
18.0,11.83725761306623,-6.16274238693377,6.16274238693377,75-100%
18.0,11.863750523052387,-6.136249476947613,6.136249476947613,75-100%
18.0,12.147762706190672,-5.852237293809328,5.852237293809328,75-100%
18.0,12.28271634328208,-5.717283656717919,5.717283656717919,75-100%
18.0,12.064328515927052,-5.935671484072948,5.935671484072948,75-100%
18.0,11.863750523052387,-6.136249476947613,6.136249476947613,75-100%
18.0,11.863750523052387,-6.136249476947613,6.136249476947613,75-100%
18.0,11.718198024192032,-6.2818019758079675,6.2818019758079675,75-100%
18.0,11.718198024192032,-6.2818019758079675,6.2818019758079675,75-100%
18.0,12.064328515927052,-5.935671484072948,5.935671484072948,75-100%
18.0,12.183081505725323,-5.816918494274677,5.816918494274677,75-100%
18.0,12.27532353432146,-5.72467646567854,5.72467646567854,75-100%
18.0,12.175744150882734,-5.824255849117266,5.824255849117266,75-100%
18.0,12.147762706190672,-5.852237293809328,5.852237293809328,75-100%
18.0,12.27532353432146,-5.72467646567854,5.72467646567854,75-100%
18.0,13.822729311832036,-4.1772706881679635,4.1772706881679635,75-100%
18.0,13.381849413741428,-4.618150586258572,4.618150586258572,75-100%
18.0,11.855246227746838,-6.144753772253162,6.144753772253162,75-100%
18.0,12.258508423100029,-5.741491576899971,5.741491576899971,75-100%
18.0,12.258508423100029,-5.741491576899971,5.741491576899971,75-100%
18.0,11.673666122858535,-6.326333877141465,6.326333877141465,75-100%
18.0,14.61659930362623,-3.3834006963737693,3.3834006963737693,75-100%
20.0,11.826434909669604,-8.173565090330396,8.173565090330396,75-100%
20.0,11.826434909669604,-8.173565090330396,8.173565090330396,75-100%
20.0,11.567505147419187,-8.432494852580813,8.432494852580813,75-100%
20.0,11.668611449510898,-8.331388550489102,8.331388550489102,75-100%
20.0,11.48860143209468,-8.51139856790532,8.51139856790532,75-100%
20.0,11.64980331880422,-8.35019668119578,8.35019668119578,75-100%
20.0,11.683329913852177,-8.316670086147823,8.316670086147823,75-100%
20.0,11.64980331880422,-8.35019668119578,8.35019668119578,75-100%
20.0,11.58481019339876,-8.41518980660124,8.41518980660124,75-100%
20.0,11.533924477574995,-8.466075522425005,8.466075522425005,75-100%
17.0,11.620118040142748,-5.3798819598572525,5.3798819598572525,75-100%
17.0,11.51939875673233,-5.480601243267669,5.480601243267669,75-100%
17.0,11.561044569712752,-5.438955430287248,5.438955430287248,75-100%
17.0,11.777337377450904,-5.222662622549096,5.222662622549096,75-100%
17.0,11.485946628297441,-5.514053371702559,5.514053371702559,75-100%
17.0,11.680782080038275,-5.319217919961725,5.319217919961725,75-100%
17.0,11.317301279297366,-5.682698720702634,5.682698720702634,75-100%
17.0,11.435569510124694,-5.564430489875306,5.564430489875306,75-100%
17.0,11.620118040142748,-5.3798819598572525,5.3798819598572525,75-100%
17.0,11.471816018160812,-5.528183981839188,5.528183981839188,75-100%
17.0,11.765010814497849,-5.234989185502151,5.234989185502151,75-100%
17.0,11.536637561776017,-5.463362438223983,5.463362438223983,75-100%
17.0,11.466406588935088,-5.533593411064912,5.533593411064912,75-100%
17.0,11.74612171243735,-5.2538782875626495,5.2538782875626495,75-100%
17.0,11.69488835195352,-5.305111648046481,5.305111648046481,75-100%
17.0,11.377233522518535,-5.6227664774814645,5.6227664774814645,75-100%
43.5,12.047377725587399,-31.4526222744126,31.4526222744126,75-100%
40.0,11.733670681175434,-28.266329318824567,28.266329318824567,75-100%
28.5,11.991320901103311,-16.50867909889669,16.50867909889669,75-100%
17.0,12.148242627554845,-4.851757372445155,4.851757372445155,75-100%
17.0,12.756496259570381,-4.2435037404296185,4.2435037404296185,75-100%
17.0,11.58617108356609,-5.413828916433911,5.413828916433911,75-100%
17.0,11.377233522518535,-5.6227664774814645,5.6227664774814645,75-100%
43.5,12.803628573778955,-30.696371426221045,30.696371426221045,75-100%
43.5,12.015836317908384,-31.484163682091616,31.484163682091616,75-100%
43.5,12.732707236874658,-30.76729276312534,30.76729276312534,75-100%
43.5,12.287193303391147,-31.21280669660885,31.21280669660885,75-100%
43.5,12.361429505582771,-31.13857049441723,31.13857049441723,75-100%
40.0,12.386399965993217,-27.613600034006783,27.613600034006783,75-100%
28.5,12.581946191837273,-15.918053808162727,15.918053808162727,75-100%
17.0,12.383304956132816,-4.616695043867184,4.616695043867184,75-100%
17.0,12.82375501891159,-4.176244981088409,4.176244981088409,75-100%
17.0,11.640633561783158,-5.359366438216842,5.359366438216842,75-100%
17.0,11.370046064265406,-5.629953935734594,5.629953935734594,75-100%
43.5,12.05357664512551,-31.44642335487449,31.44642335487449,75-100%
43.5,12.92189436279381,-30.578105637206193,30.578105637206193,75-100%
43.5,12.817464994020842,-30.682535005979158,30.682535005979158,75-100%
43.5,12.803628573778955,-30.696371426221045,30.696371426221045,75-100%
43.5,12.92189436279381,-30.578105637206193,30.578105637206193,75-100%
43.5,14.54466609526294,-28.95533390473706,28.95533390473706,75-100%
43.5,13.22668327721608,-30.273316722783917,30.273316722783917,75-100%
43.5,11.716550651548157,-31.783449348451843,31.783449348451843,75-100%
43.5,12.115462040891664,-31.384537959108336,31.384537959108336,75-100%
43.5,12.115462040891664,-31.384537959108336,31.384537959108336,75-100%
43.5,11.675379195115449,-31.824620804884553,31.824620804884553,75-100%
35.0,11.601563109252556,-23.398436890747444,23.398436890747444,75-100%
35.5,14.977991554993432,-20.52200844500657,20.52200844500657,75-100%
24.0,12.221702505489683,-11.778297494510317,11.778297494510317,75-100%
35.0,11.481209772185602,-23.5187902278144,23.5187902278144,75-100%
35.0,11.481209772185602,-23.5187902278144,23.5187902278144,75-100%
35.0,11.407228987198831,-23.59277101280117,23.59277101280117,75-100%
24.0,15.00850911536076,-8.99149088463924,8.99149088463924,75-100%
35.0,12.936051611773856,-22.063948388226144,22.063948388226144,75-100%
25.0,11.617785572386016,-13.382214427613984,13.382214427613984,75-100%
25.0,11.203851524127028,-13.796148475872972,13.796148475872972,75-100%
24.0,15.00850911536076,-8.99149088463924,8.99149088463924,75-100%
24.0,15.00850911536076,-8.99149088463924,8.99149088463924,75-100%
24.0,15.00850911536076,-8.99149088463924,8.99149088463924,75-100%
24.0,14.25197288518628,-9.74802711481372,9.74802711481372,75-100%
35.0,14.429419906251251,-20.57058009374875,20.57058009374875,75-100%
35.0,11.481209772185602,-23.5187902278144,23.5187902278144,75-100%
25.0,11.481209772185602,-13.518790227814398,13.518790227814398,75-100%
25.0,11.256110497892967,-13.743889502107033,13.743889502107033,75-100%
25.0,11.481209772185602,-13.518790227814398,13.518790227814398,75-100%
25.0,11.702932700047532,-13.297067299952468,13.297067299952468,75-100%
15.0,11.63510374742404,-3.36489625257596,3.36489625257596,50-75%
24.0,12.756496259570381,-11.243503740429619,11.243503740429619,75-100%
24.0,14.130029738672674,-9.869970261327326,9.869970261327326,75-100%
24.0,14.411802347869777,-9.588197652130223,9.588197652130223,75-100%
35.0,11.481209772185602,-23.5187902278144,23.5187902278144,75-100%
25.0,14.297818545697671,-10.702181454302329,10.702181454302329,75-100%
25.0,12.963394886785695,-12.036605113214305,12.036605113214305,75-100%
25.0,11.481209772185602,-13.518790227814398,13.518790227814398,75-100%
25.0,11.481209772185602,-13.518790227814398,13.518790227814398,75-100%
25.0,11.481209772185602,-13.518790227814398,13.518790227814398,75-100%
25.0,11.481209772185602,-13.518790227814398,13.518790227814398,75-100%
15.0,12.67016730968276,-2.3298326903172395,2.3298326903172395,50-75%
15.0,13.862669127502473,-1.137330872497527,1.137330872497527,50-75%
24.0,12.756496259570381,-11.243503740429619,11.243503740429619,75-100%
24.0,15.176266521535869,-8.823733478464131,8.823733478464131,75-100%
35.0,11.624569280375056,-23.375430719624944,23.375430719624944,75-100%
25.0,14.297818545697671,-10.702181454302329,10.702181454302329,75-100%
25.0,11.872738644073841,-13.127261355926159,13.127261355926159,75-100%
25.0,11.481209772185602,-13.518790227814398,13.518790227814398,75-100%
25.0,11.481209772185602,-13.518790227814398,13.518790227814398,75-100%
25.0,11.481209772185602,-13.518790227814398,13.518790227814398,75-100%
15.0,11.481209772185602,-3.5187902278143977,3.5187902278143977,50-75%
15.0,13.267969477782831,-1.732030522217169,1.732030522217169,50-75%
15.0,13.708534499567822,-1.291465500432178,1.291465500432178,50-75%
15.0,11.973105935181383,-3.0268940648186167,3.0268940648186167,50-75%
25.0,11.534656441277104,-13.465343558722896,13.465343558722896,75-100%
25.0,11.563984448014224,-13.436015551985776,13.436015551985776,75-100%
15.0,11.481209772185602,-3.5187902278143977,3.5187902278143977,50-75%
15.0,14.458061286579964,-0.541938713420036,0.541938713420036,50-75%
15.0,13.267969477782831,-1.732030522217169,1.732030522217169,50-75%
15.0,11.203851524127028,-3.7961484758729718,3.7961484758729718,50-75%
15.0,11.624569280375056,-3.3754307196249442,3.3754307196249442,50-75%
8.0,13.192000073321827,5.192000073321827,5.192000073321827,25-50%
8.0,13.192000073321827,5.192000073321827,5.192000073321827,25-50%
8.0,13.198695231698467,5.198695231698467,5.198695231698467,25-50%
8.0,13.236059866539875,5.236059866539875,5.236059866539875,25-50%
8.0,13.236059866539875,5.236059866539875,5.236059866539875,25-50%
8.0,13.229285276740299,5.229285276740299,5.229285276740299,25-50%
8.0,13.202920627004392,5.202920627004392,5.202920627004392,25-50%
8.0,12.715333319530837,4.715333319530837,4.715333319530837,25-50%
8.0,13.235998024627982,5.235998024627982,5.235998024627982,25-50%
8.0,12.205024371551609,4.205024371551609,4.205024371551609,25-50%
8.0,13.209620937215593,5.209620937215593,5.209620937215593,25-50%
8.0,13.236059866539875,5.236059866539875,5.236059866539875,25-50%
8.0,12.402717091885368,4.402717091885368,4.402717091885368,25-50%
8.0,12.402717091885368,4.402717091885368,4.402717091885368,25-50%
8.0,12.318179026994319,4.3181790269943185,4.3181790269943185,25-50%
8.0,12.318179026994319,4.3181790269943185,4.3181790269943185,25-50%
8.0,12.232517309257481,4.2325173092574815,4.2325173092574815,25-50%
8.0,13.313478382612443,5.313478382612443,5.313478382612443,25-50%
8.0,13.235998024627982,5.235998024627982,5.235998024627982,25-50%
6.0,13.236059866539875,7.236059866539875,7.236059866539875,25-50%
6.0,13.236059866539875,7.236059866539875,7.236059866539875,25-50%
6.0,13.236059866539875,7.236059866539875,7.236059866539875,25-50%
6.0,13.22934708949167,7.22934708949167,7.22934708949167,25-50%
6.0,12.402717091885368,6.402717091885368,6.402717091885368,25-50%
8.0,12.316511630455189,4.316511630455189,4.316511630455189,25-50%
8.0,12.316511630455189,4.316511630455189,4.316511630455189,25-50%
8.0,12.318179026994319,4.3181790269943185,4.3181790269943185,25-50%
8.0,12.232517309257481,4.2325173092574815,4.2325173092574815,25-50%
8.0,12.175699855042076,4.175699855042076,4.175699855042076,25-50%
6.0,12.64819761527697,6.64819761527697,6.64819761527697,25-50%
6.0,13.198695231698467,7.198695231698467,7.198695231698467,25-50%
6.0,13.198695231698467,7.198695231698467,7.198695231698467,25-50%
6.0,13.236059866539875,7.236059866539875,7.236059866539875,25-50%
6.0,13.198695231698467,7.198695231698467,7.198695231698467,25-50%
6.0,12.402717091885368,6.402717091885368,6.402717091885368,25-50%
6.0,12.417532901527235,6.417532901527235,6.417532901527235,25-50%
8.0,12.17609502299948,4.17609502299948,4.17609502299948,25-50%
8.0,12.735963176545681,4.735963176545681,4.735963176545681,25-50%
8.0,13.407862454765922,5.407862454765922,5.407862454765922,25-50%
8.0,12.909732246309819,4.909732246309819,4.909732246309819,25-50%
8.0,13.333971849370712,5.3339718493707124,5.3339718493707124,25-50%
6.0,12.316511630455189,6.316511630455189,6.316511630455189,25-50%
6.0,12.316511630455189,6.316511630455189,6.316511630455189,25-50%
6.0,12.36364736038172,6.363647360381719,6.363647360381719,25-50%
6.0,12.316511630455189,6.316511630455189,6.316511630455189,25-50%
6.0,12.316511630455189,6.316511630455189,6.316511630455189,25-50%
6.0,12.09631053853263,6.096310538532631,6.096310538532631,25-50%
8.0,13.198695231698467,5.198695231698467,5.198695231698467,25-50%
8.0,13.198695231698467,5.198695231698467,5.198695231698467,25-50%
8.0,13.198695231698467,5.198695231698467,5.198695231698467,25-50%
8.0,12.909732246309819,4.909732246309819,4.909732246309819,25-50%
8.0,13.209620937215593,5.209620937215593,5.209620937215593,25-50%
6.0,12.277693193089075,6.277693193089075,6.277693193089075,25-50%
6.0,12.227398541050633,6.227398541050633,6.227398541050633,25-50%
6.0,12.227398541050633,6.227398541050633,6.227398541050633,25-50%
6.0,12.316511630455189,6.316511630455189,6.316511630455189,25-50%
6.0,12.021674913664485,6.021674913664485,6.021674913664485,25-50%
6.0,12.381576114206092,6.3815761142060925,6.3815761142060925,25-50%
6.0,12.316511630455189,6.316511630455189,6.316511630455189,25-50%
6.0,12.227398541050633,6.227398541050633,6.227398541050633,25-50%
6.0,12.257163720275772,6.257163720275772,6.257163720275772,25-50%
6.0,11.974181647770436,5.974181647770436,5.974181647770436,25-50%
6.0,11.974181647770436,5.974181647770436,5.974181647770436,25-50%
6.0,12.227398541050633,6.227398541050633,6.227398541050633,25-50%
6.0,12.347966568624734,6.347966568624734,6.347966568624734,25-50%
6.0,12.188839873733578,6.188839873733578,6.188839873733578,25-50%
6.0,12.402717091885368,6.402717091885368,6.402717091885368,25-50%
6.0,11.97457077175756,5.974570771757559,5.974570771757559,25-50%
12.0,14.324664430854941,2.3246644308549413,2.3246644308549413,50-75%
12.0,14.40684429428778,2.4068442942877795,2.4068442942877795,50-75%
12.0,14.40684429428778,2.4068442942877795,2.4068442942877795,50-75%
12.0,14.266755740683365,2.266755740683365,2.266755740683365,50-75%
12.0,14.40684429428778,2.4068442942877795,2.4068442942877795,50-75%
12.0,14.324731001990024,2.324731001990024,2.324731001990024,50-75%
12.0,14.324731001990024,2.324731001990024,2.324731001990024,50-75%
12.0,14.40684429428778,2.4068442942877795,2.4068442942877795,50-75%
12.0,14.507831295029852,2.5078312950298525,2.5078312950298525,50-75%
12.0,14.40684429428778,2.4068442942877795,2.4068442942877795,50-75%
12.0,13.30248596397071,1.3024859639707103,1.3024859639707103,50-75%
12.0,14.324664430854941,2.3246644308549413,2.3246644308549413,50-75%
12.0,12.875666096633296,0.8756660966332959,0.8756660966332959,50-75%
12.0,14.296270214126414,2.296270214126414,2.296270214126414,50-75%
12.0,14.324731001990024,2.324731001990024,2.324731001990024,50-75%
12.0,14.507831295029852,2.5078312950298525,2.5078312950298525,50-75%
12.0,14.507831295029852,2.5078312950298525,2.5078312950298525,50-75%
12.0,13.087466210255684,1.087466210255684,1.087466210255684,50-75%
12.0,13.123073791998046,1.1230737919980456,1.1230737919980456,50-75%
12.0,13.456984456326811,1.4569844563268113,1.4569844563268113,50-75%
12.0,13.233149894781292,1.2331498947812918,1.2331498947812918,50-75%
12.0,14.104728814009274,2.104728814009274,2.104728814009274,50-75%
12.0,14.324664430854941,2.3246644308549413,2.3246644308549413,50-75%
12.0,14.507831295029852,2.5078312950298525,2.5078312950298525,50-75%
12.0,14.425179776022473,2.425179776022473,2.425179776022473,50-75%
11.0,11.840040057806394,0.8400400578063945,0.8400400578063945,50-75%
11.0,12.285173154709,1.2851731547089997,1.2851731547089997,50-75%
11.0,12.199723728735895,1.1997237287358953,1.1997237287358953,50-75%
11.0,12.199723728735895,1.1997237287358953,1.1997237287358953,50-75%
12.0,13.456984456326811,1.4569844563268113,1.4569844563268113,50-75%
12.0,13.233149894781292,1.2331498947812918,1.2331498947812918,50-75%
12.0,12.935600916182448,0.9356009161824481,0.9356009161824481,50-75%
12.0,14.425112768534614,2.425112768534614,2.425112768534614,50-75%
12.0,14.425179776022473,2.425179776022473,2.425179776022473,50-75%
11.0,13.392446462564532,2.392446462564532,2.392446462564532,50-75%
11.0,11.825861923071301,0.8258619230713009,0.8258619230713009,50-75%
11.0,12.299859027369742,1.2998590273697417,1.2998590273697417,50-75%
11.0,12.285173154709,1.2851731547089997,1.2851731547089997,50-75%
11.0,12.060538597015452,1.0605385970154515,1.0605385970154515,50-75%
12.0,13.797301191521475,1.7973011915214752,1.7973011915214752,50-75%
12.0,14.485694706326735,2.4856947063267345,2.4856947063267345,50-75%
12.0,14.380351952943037,2.3803519529430375,2.3803519529430375,50-75%
12.0,14.225503644558911,2.225503644558911,2.225503644558911,50-75%
12.0,14.291849661674188,2.2918496616741884,2.2918496616741884,50-75%
11.0,12.511803703968738,1.511803703968738,1.511803703968738,50-75%
11.0,11.743366759013295,0.7433667590132949,0.7433667590132949,50-75%
11.0,11.862661490028058,0.8626614900280583,0.8626614900280583,50-75%
11.0,13.180606276939356,2.180606276939356,2.180606276939356,50-75%
11.0,13.858178709965882,2.858178709965882,2.858178709965882,50-75%
11.0,13.858178709965882,2.858178709965882,2.858178709965882,50-75%
12.0,14.396532436678871,2.3965324366788714,2.3965324366788714,50-75%
11.0,12.421383734767883,1.4213837347678826,1.4213837347678826,50-75%
11.0,12.511803703968738,1.511803703968738,1.511803703968738,50-75%
11.0,12.107730445829343,1.1077304458293433,1.1077304458293433,50-75%
11.0,12.2642175867295,1.2642175867294991,1.2642175867294991,50-75%
11.0,13.050419171991063,2.050419171991063,2.050419171991063,50-75%
11.0,13.21445238181902,2.2144523818190205,2.2144523818190205,50-75%
11.0,14.209469399006338,3.2094693990063377,3.2094693990063377,50-75%
11.0,13.61371650764805,2.61371650764805,2.61371650764805,50-75%
11.0,12.451585432484553,1.4515854324845527,1.4515854324845527,50-75%
11.0,12.059923314146305,1.059923314146305,1.059923314146305,50-75%
11.0,12.059923314146305,1.059923314146305,1.059923314146305,50-75%
11.0,12.577822384907044,1.5778223849070443,1.5778223849070443,50-75%
11.0,13.283583298494612,2.2835832984946123,2.2835832984946123,50-75%
11.0,13.400184545132113,2.400184545132113,2.400184545132113,50-75%
11.0,12.164848143135352,1.1648481431353517,1.1648481431353517,50-75%
11.0,12.164848143135352,1.1648481431353517,1.1648481431353517,50-75%
11.0,12.705633481734084,1.7056334817340844,1.7056334817340844,50-75%
11.0,13.794743381657666,2.794743381657666,2.794743381657666,50-75%
11.0,13.709032972977461,2.709032972977461,2.709032972977461,50-75%
8.5,13.642739989642193,5.142739989642193,5.142739989642193,50-75%
8.5,13.72800012597699,5.22800012597699,5.22800012597699,50-75%
6.0,14.556498160968841,8.556498160968841,8.556498160968841,25-50%
6.0,14.556498160968841,8.556498160968841,8.556498160968841,25-50%
6.0,14.44432154134723,8.44432154134723,8.44432154134723,25-50%
11.0,13.709032972977461,2.709032972977461,2.709032972977461,50-75%
11.0,13.709032972977461,2.709032972977461,2.709032972977461,50-75%
8.5,13.709032972977461,5.209032972977461,5.209032972977461,50-75%
11.0,13.642739989642193,2.642739989642193,2.642739989642193,50-75%
11.0,13.728064105171464,2.7280641051714642,2.7280641051714642,50-75%
11.0,13.728064105171464,2.7280641051714642,2.7280641051714642,50-75%
11.0,13.642739989642193,2.642739989642193,2.642739989642193,50-75%
6.0,14.556498160968841,8.556498160968841,8.556498160968841,25-50%
6.0,14.556498160968841,8.556498160968841,8.556498160968841,25-50%
11.0,12.826573314401877,1.8265733144018768,1.8265733144018768,50-75%
10.5,13.985318930854707,3.4853189308547066,3.4853189308547066,50-75%
9.0,13.767266876339091,4.767266876339091,4.767266876339091,50-75%
10.75,13.260305520708656,2.5103055207086555,2.5103055207086555,50-75%
11.0,13.72800012597699,2.7280001259769904,2.7280001259769904,50-75%
11.0,12.661395588232642,1.6613955882326419,1.6613955882326419,50-75%
11.0,13.700711435288744,2.700711435288744,2.700711435288744,50-75%
11.0,13.728064105171464,2.7280641051714642,2.7280641051714642,50-75%
11.666666666666664,13.8314219655115,2.1647552988448364,2.1647552988448364,50-75%
11.666666666666664,13.8314219655115,2.1647552988448364,2.1647552988448364,50-75%
13.0,13.179606367831358,0.17960636783135797,0.17960636783135797,50-75%
10.0,13.035137314904995,3.035137314904995,3.035137314904995,50-75%
10.5,13.069990612151644,2.569990612151644,2.569990612151644,50-75%
10.75,12.89099539272247,2.14099539272247,2.14099539272247,50-75%
10.75,12.734686845902232,1.9846868459022318,1.9846868459022318,50-75%
10.75,12.734686845902232,1.9846868459022318,1.9846868459022318,50-75%
10.0,12.822188917851433,2.8221889178514328,2.8221889178514328,50-75%
10.0,13.808158237841136,3.808158237841136,3.808158237841136,50-75%
10.6,13.91778073850842,3.3177807385084197,3.3177807385084197,50-75%
10.5,13.8314219655115,3.3314219655115007,3.3314219655115007,50-75%
10.5,13.917845542119693,3.417845542119693,3.417845542119693,50-75%
10.0,13.584721319419849,3.584721319419849,3.584721319419849,50-75%
13.0,13.179606367831358,0.17960636783135797,0.17960636783135797,50-75%
13.0,13.262231776241551,0.2622317762415509,0.2622317762415509,50-75%
13.0,13.262231776241551,0.2622317762415509,0.2622317762415509,50-75%
10.0,13.267867648912258,3.267867648912258,3.267867648912258,50-75%
10.5,13.069990612151644,2.569990612151644,2.569990612151644,50-75%
10.5,12.97949328801032,2.4794932880103193,2.4794932880103193,50-75%
12.333333333333336,12.97949328801032,0.6461599546769836,0.6461599546769836,50-75%
10.0,12.911667920063499,2.9116679200634987,2.9116679200634987,50-75%
10.0,12.822188917851433,2.8221889178514328,2.8221889178514328,50-75%
10.6,12.806703342743067,2.206703342743067,2.206703342743067,50-75%
10.5,13.91778073850842,3.4177807385084193,3.4177807385084193,50-75%
10.5,13.917845542119693,3.417845542119693,3.417845542119693,50-75%
10.0,13.584721319419849,3.584721319419849,3.584721319419849,50-75%
13.0,13.179606367831358,0.17960636783135797,0.17960636783135797,50-75%
13.0,13.179606367831358,0.17960636783135797,0.17960636783135797,50-75%
13.0,13.179606367831358,0.17960636783135797,0.17960636783135797,50-75%
10.0,13.267867648912258,3.267867648912258,3.267867648912258,50-75%
10.0,13.25211288888051,3.252112888880511,3.252112888880511,50-75%
12.333333333333336,12.763252323883059,0.42991899054972293,0.42991899054972293,50-75%
10.0,13.348069498615965,3.348069498615965,3.348069498615965,50-75%
10.0,14.049910164324443,4.049910164324443,4.049910164324443,50-75%
10.5,13.529582120456928,3.0295821204569275,3.0295821204569275,50-75%
10.5,14.020446672649227,3.5204466726492267,3.5204466726492267,50-75%
12.0,13.86033891487186,1.8603389148718605,1.8603389148718605,50-75%
12.0,13.786606173619235,1.7866061736192353,1.7866061736192353,50-75%
10.0,13.584721319419849,3.584721319419849,3.584721319419849,50-75%
10.0,13.48974561103829,3.4897456110382894,3.4897456110382894,50-75%
13.0,13.262231776241551,0.2622317762415509,0.2622317762415509,50-75%
13.0,13.272549211377937,0.2725492113779371,0.2725492113779371,50-75%
10.0,12.956994534240232,2.9569945342402324,2.9569945342402324,50-75%
10.0,13.734751146716826,3.7347511467168264,3.7347511467168264,50-75%
10.0,13.701006767894889,3.7010067678948886,3.7010067678948886,50-75%
10.0,13.701006767894889,3.7010067678948886,3.7010067678948886,50-75%
11.0,13.850299383686856,2.850299383686856,2.850299383686856,50-75%
11.0,13.619850061995468,2.619850061995468,2.619850061995468,50-75%
11.5,13.909092568853387,2.409092568853387,2.409092568853387,50-75%
12.0,13.701006767894889,1.7010067678948886,1.7010067678948886,50-75%
12.0,13.557208490343834,1.5572084903438341,1.5572084903438341,50-75%
10.0,13.48974561103829,3.4897456110382894,3.4897456110382894,50-75%
10.0,13.324047118646227,3.3240471186462273,3.3240471186462273,50-75%
10.0,13.48974561103829,3.4897456110382894,3.4897456110382894,50-75%
13.0,13.272549211377937,0.2725492113779371,0.2725492113779371,50-75%
13.0,13.272549211377937,0.2725492113779371,0.2725492113779371,50-75%
10.0,12.923335415388985,2.9233354153889852,2.9233354153889852,50-75%
10.0,13.835377505189879,3.8353775051898786,3.8353775051898786,50-75%
10.0,13.404590260974704,3.404590260974704,3.404590260974704,50-75%
10.0,13.701006767894889,3.7010067678948886,3.7010067678948886,50-75%
8.5,13.94043182193583,5.44043182193583,5.44043182193583,50-75%
8.5,13.690379606515307,5.190379606515307,5.190379606515307,50-75%
7.0,13.961822935591961,6.961822935591961,6.961822935591961,25-50%
7.0,13.786670407401413,6.786670407401413,6.786670407401413,25-50%
10.0,13.669707356712097,3.669707356712097,3.669707356712097,50-75%
10.0,13.48974561103829,3.4897456110382894,3.4897456110382894,50-75%
10.0,13.574178219237337,3.5741782192373375,3.5741782192373375,50-75%
13.0,13.208223441712457,0.2082234417124571,0.2082234417124571,50-75%
13.0,13.262231776241551,0.2622317762415509,0.2622317762415509,50-75%
10.0,13.705897393306401,3.705897393306401,3.705897393306401,50-75%
10.0,13.781269217802578,3.7812692178025777,3.7812692178025777,50-75%
7.0,13.701006767894889,6.701006767894889,6.701006767894889,25-50%
7.0,13.701006767894889,6.701006767894889,6.701006767894889,25-50%
7.0,13.701006767894889,6.701006767894889,6.701006767894889,25-50%
7.0,13.701006767894889,6.701006767894889,6.701006767894889,25-50%
35.0,13.560050284157217,-21.439949715842783,21.439949715842783,75-100%
35.0,14.751453975561441,-20.24854602443856,20.24854602443856,75-100%
35.0,14.82626378999628,-20.173736210003717,20.173736210003717,75-100%
35.0,15.00856371815663,-19.99143628184337,19.99143628184337,75-100%
35.0,15.038280153690437,-19.961719846309563,19.961719846309563,75-100%
35.0,14.533009387626414,-20.466990612373586,20.466990612373586,75-100%
35.0,14.357940295118823,-20.642059704881177,20.642059704881177,75-100%
35.0,15.41612892504421,-19.583871074955788,19.583871074955788,75-100%
35.0,15.016619249018717,-19.983380750981283,19.983380750981283,75-100%
35.0,14.97636604713424,-20.023633952865758,20.023633952865758,75-100%
35.0,14.530536357123685,-20.469463642876313,20.469463642876313,75-100%
35.0,14.526004146969777,-20.473995853030225,20.473995853030225,75-100%
35.0,14.530536357123685,-20.469463642876313,20.469463642876313,75-100%
35.0,15.41612892504421,-19.583871074955788,19.583871074955788,75-100%
35.0,14.71601243953023,-20.283987560469768,20.283987560469768,75-100%
35.0,14.223754104782794,-20.776245895217208,20.776245895217208,75-100%
35.0,14.223754104782794,-20.776245895217208,20.776245895217208,75-100%
35.0,13.023542365529696,-21.976457634470304,21.976457634470304,75-100%
35.0,14.530536357123685,-20.469463642876313,20.469463642876313,75-100%
35.0,14.570560868258138,-20.429439131741862,20.429439131741862,75-100%
35.0,14.223754104782794,-20.776245895217208,20.776245895217208,75-100%
35.0,14.71601243953023,-20.283987560469768,20.283987560469768,75-100%
35.0,14.2193114215845,-20.7806885784155,20.7806885784155,75-100%
35.0,15.41612892504421,-19.583871074955788,19.583871074955788,75-100%
35.0,15.374871669595507,-19.625128330404493,19.625128330404493,75-100%
35.0,15.41612892504421,-19.583871074955788,19.583871074955788,75-100%
35.0,15.374871669595507,-19.625128330404493,19.625128330404493,75-100%
35.0,15.41612892504421,-19.583871074955788,19.583871074955788,75-100%
35.0,14.71601243953023,-20.283987560469768,20.283987560469768,75-100%
35.0,14.676514727078452,-20.32348527292155,20.32348527292155,75-100%
35.0,15.41612892504421,-19.583871074955788,19.583871074955788,75-100%
35.0,15.41612892504421,-19.583871074955788,19.583871074955788,75-100%
35.0,15.593823633878912,-19.406176366121088,19.406176366121088,75-100%
35.0,15.41612892504421,-19.583871074955788,19.583871074955788,75-100%
35.0,14.71601243953023,-20.283987560469768,20.283987560469768,75-100%
14.0,18.245054967594584,4.245054967594584,4.245054967594584,50-75%
14.0,18.466735345514994,4.466735345514994,4.466735345514994,50-75%
14.0,18.502871128595434,4.502871128595434,4.502871128595434,50-75%
14.0,18.001584801021757,4.001584801021757,4.001584801021757,50-75%
14.0,18.47653103300581,4.476531033005809,4.476531033005809,50-75%
14.0,18.47653103300581,4.476531033005809,4.476531033005809,50-75%
14.0,18.42758233019333,4.4275823301933315,4.4275823301933315,50-75%
14.0,18.129081378876727,4.129081378876727,4.129081378876727,50-75%
14.0,15.85553565176547,1.8555356517654698,1.8555356517654698,50-75%
14.0,15.483069719098511,1.483069719098511,1.483069719098511,50-75%
14.0,14.998118387379115,0.9981183873791153,0.9981183873791153,50-75%
14.0,15.403553057129125,1.403553057129125,1.403553057129125,50-75%
14.0,18.12349902068467,4.123499020684669,4.123499020684669,50-75%
14.0,18.129081378876727,4.129081378876727,4.129081378876727,50-75%
14.0,18.47653103300581,4.476531033005809,4.476531033005809,50-75%
14.0,17.452325237232213,3.4523252372322126,3.4523252372322126,50-75%
14.0,17.55655292489103,3.5565529248910295,3.5565529248910295,50-75%
14.0,17.55655292489103,3.5565529248910295,3.5565529248910295,50-75%
14.0,15.838017893438943,1.838017893438943,1.838017893438943,50-75%
14.0,15.689224232464658,1.6892242324646585,1.6892242324646585,50-75%
14.0,16.57135861433183,2.5713586143318317,2.5713586143318317,50-75%
14.0,15.972503066719701,1.9725030667197014,1.9725030667197014,50-75%
14.0,16.595122151316765,2.5951221513167653,2.5951221513167653,50-75%
14.0,16.79779724549693,2.7977972454969304,2.7977972454969304,50-75%
14.0,16.80675312108405,2.80675312108405,2.80675312108405,50-75%
14.0,18.129081378876727,4.129081378876727,4.129081378876727,50-75%
14.0,18.124969713473618,4.124969713473618,4.124969713473618,50-75%
14.0,17.55655292489103,3.5565529248910295,3.5565529248910295,50-75%
14.0,17.452325237232213,3.4523252372322126,3.4523252372322126,50-75%
14.0,17.55113764523463,3.551137645234629,3.551137645234629,50-75%
14.0,15.655128018268204,1.6551280182682042,1.6551280182682042,50-75%
14.0,14.743317697615083,0.7433176976150833,0.7433176976150833,50-75%
14.0,14.985587800539578,0.9855878005395784,0.9855878005395784,50-75%
14.0,16.527198018722334,2.527198018722334,2.527198018722334,50-75%
14.0,16.527198018722334,2.527198018722334,2.527198018722334,50-75%
14.0,16.595122151316765,2.5951221513167653,2.5951221513167653,50-75%
14.0,16.79779724549693,2.7977972454969304,2.7977972454969304,50-75%
14.0,18.47653103300581,4.476531033005809,4.476531033005809,50-75%
14.0,18.47653103300581,4.476531033005809,4.476531033005809,50-75%
14.0,18.47653103300581,4.476531033005809,4.476531033005809,50-75%
14.0,18.42758233019333,4.4275823301933315,4.4275823301933315,50-75%
14.0,18.47653103300581,4.476531033005809,4.476531033005809,50-75%
14.0,18.42758233019333,4.4275823301933315,4.4275823301933315,50-75%
14.0,18.47653103300581,4.476531033005809,4.476531033005809,50-75%
14.0,17.452325237232213,3.4523252372322126,3.4523252372322126,50-75%
14.0,17.40595058341394,3.40595058341394,3.40595058341394,50-75%
14.0,17.432872286607957,3.4328722866079566,3.4328722866079566,50-75%
14.0,15.689224232464658,1.6892242324646585,1.6892242324646585,50-75%
14.0,16.61198031172935,2.6119803117293507,2.6119803117293507,50-75%
14.0,16.499702175071377,2.499702175071377,2.499702175071377,50-75%
14.0,16.79779724549693,2.7977972454969304,2.7977972454969304,50-75%
14.0,18.47653103300581,4.476531033005809,4.476531033005809,50-75%
14.0,18.47653103300581,4.476531033005809,4.476531033005809,50-75%
14.0,18.47653103300581,4.476531033005809,4.476531033005809,50-75%
14.0,18.42758233019333,4.4275823301933315,4.4275823301933315,50-75%
14.0,18.47653103300581,4.476531033005809,4.476531033005809,50-75%
14.0,18.47653103300581,4.476531033005809,4.476531033005809,50-75%
14.0,18.68735275150122,4.687352751501219,4.687352751501219,50-75%
14.0,18.47653103300581,4.476531033005809,4.476531033005809,50-75%
14.0,17.452325237232213,3.4523252372322126,3.4523252372322126,50-75%
14.0,17.55113764523463,3.551137645234629,3.551137645234629,50-75%
14.0,15.838017893438943,1.838017893438943,1.838017893438943,50-75%
14.0,13.840597486700133,-0.15940251329986665,0.15940251329986665,50-75%
14.0,14.11954101110661,0.11954101110661064,0.11954101110661064,50-75%
14.0,14.11207062725187,0.11207062725186923,0.11207062725186923,50-75%
14.0,14.217725681165323,0.21772568116532298,0.21772568116532298,50-75%
14.0,18.12349902068467,4.123499020684669,4.123499020684669,50-75%
14.0,18.42758233019333,4.4275823301933315,4.4275823301933315,50-75%
14.0,18.42758233019333,4.4275823301933315,4.4275823301933315,50-75%
14.0,18.68735275150122,4.687352751501219,4.687352751501219,50-75%
14.0,18.68735275150122,4.687352751501219,4.687352751501219,50-75%
14.0,18.73695595804638,4.73695595804638,4.73695595804638,50-75%
14.0,18.47653103300581,4.476531033005809,4.476531033005809,50-75%
14.0,18.47653103300581,4.476531033005809,4.476531033005809,50-75%
14.0,17.55113764523463,3.551137645234629,3.551137645234629,50-75%
14.0,13.777621297311159,-0.2223787026888413,0.2223787026888413,50-75%
14.0,16.357524096543244,2.3575240965432442,2.3575240965432442,50-75%
14.0,18.47653103300581,4.476531033005809,4.476531033005809,50-75%
14.0,18.47653103300581,4.476531033005809,4.476531033005809,50-75%
14.0,18.68735275150122,4.687352751501219,4.687352751501219,50-75%
14.0,18.73695595804638,4.73695595804638,4.73695595804638,50-75%
14.0,18.73695595804638,4.73695595804638,4.73695595804638,50-75%
14.0,18.47653103300581,4.476531033005809,4.476531033005809,50-75%
14.0,18.47653103300581,4.476531033005809,4.476531033005809,50-75%
14.0,18.47653103300581,4.476531033005809,4.476531033005809,50-75%
14.0,17.55113764523463,3.551137645234629,3.551137645234629,50-75%
14.0,18.73695595804638,4.73695595804638,4.73695595804638,50-75%
14.0,18.466735345514994,4.466735345514994,4.466735345514994,50-75%
14.0,18.68735275150122,4.687352751501219,4.687352751501219,50-75%
11.0,11.206496407734015,0.206496407734015,0.206496407734015,50-75%
11.0,11.217189011199986,0.21718901119998613,0.21718901119998613,50-75%
11.0,10.946416132481481,-0.05358386751851896,0.05358386751851896,50-75%
11.0,10.978504467909215,-0.021495532090785474,0.021495532090785474,50-75%
11.0,10.344459212880484,-0.6555407871195165,0.6555407871195165,50-75%
11.0,9.079796027340304,-1.9202039726596958,1.9202039726596958,50-75%
11.0,10.314069374696228,-0.6859306253037722,0.6859306253037722,50-75%
11.0,10.344459212880484,-0.6555407871195165,0.6555407871195165,50-75%
11.0,10.314069374696228,-0.6859306253037722,0.6859306253037722,50-75%
11.0,10.417245293984713,-0.5827547060152867,0.5827547060152867,50-75%
11.0,10.344459212880484,-0.6555407871195165,0.6555407871195165,50-75%
11.0,9.454976628657374,-1.5450233713426265,1.5450233713426265,50-75%
11.0,8.934218404778639,-2.0657815952213614,2.0657815952213614,50-75%
11.0,10.467249050893361,-0.5327509491066387,0.5327509491066387,50-75%
11.0,9.592117096146408,-1.4078829038535918,1.4078829038535918,50-75%
11.0,9.614074306358347,-1.3859256936416529,1.3859256936416529,50-75%
11.0,9.625757845717615,-1.3742421542823848,1.3742421542823848,50-75%
11.0,9.060757292245137,-1.9392427077548628,1.9392427077548628,50-75%
9.0,8.487108912394529,-0.5128910876054711,0.5128910876054711,50-75%
9.0,8.50568303328221,-0.4943169667177898,0.4943169667177898,50-75%
9.0,8.530180597800108,-0.46981940219989227,0.46981940219989227,50-75%
9.0,8.38612257107752,-0.6138774289224802,0.6138774289224802,50-75%
9.0,8.138723642027031,-0.8612763579729688,0.8612763579729688,50-75%
9.0,8.483318798804415,-0.5166812011955848,0.5166812011955848,50-75%
9.0,8.325749263971625,-0.6742507360283749,0.6742507360283749,50-75%
9.0,8.34683636806809,-0.6531636319319105,0.6531636319319105,50-75%
9.0,9.058623055635202,0.05862305563520209,0.05862305563520209,50-75%
9.0,8.483318798804415,-0.5166812011955848,0.5166812011955848,50-75%
9.0,8.991001912754706,-0.008998087245293718,0.008998087245293718,50-75%
9.0,8.991001912754706,-0.008998087245293718,0.008998087245293718,50-75%
9.0,9.01477629693129,0.014776296931289679,0.014776296931289679,50-75%
9.0,8.388681588714737,-0.6113184112852625,0.6113184112852625,50-75%
9.0,8.507758727350748,-0.49224127264925244,0.49224127264925244,50-75%
9.0,8.483318798804415,-0.5166812011955848,0.5166812011955848,50-75%
9.0,8.483318798804415,-0.5166812011955848,0.5166812011955848,50-75%
9.0,8.734277048533201,-0.2657229514667989,0.2657229514667989,50-75%
9.0,8.483318798804415,-0.5166812011955848,0.5166812011955848,50-75%
9.0,8.483318798804415,-0.5166812011955848,0.5166812011955848,50-75%
9.0,9.040585870804875,0.04058587080487541,0.04058587080487541,50-75%
9.0,8.483318798804415,-0.5166812011955848,0.5166812011955848,50-75%
9.0,8.483318798804415,-0.5166812011955848,0.5166812011955848,50-75%
9.0,8.483318798804415,-0.5166812011955848,0.5166812011955848,50-75%
9.0,8.899708151265713,-0.10029184873428676,0.10029184873428676,50-75%
7.0,10.968668634961325,3.9686686349613254,3.9686686349613254,25-50%
7.0,10.968668634961325,3.9686686349613254,3.9686686349613254,25-50%
7.0,10.968668634961325,3.9686686349613254,3.9686686349613254,25-50%
7.0,10.968668634961325,3.9686686349613254,3.9686686349613254,25-50%
8.0,8.57379229729101,0.5737922972910106,0.5737922972910106,25-50%
7.0,10.968668634961325,3.9686686349613254,3.9686686349613254,25-50%
7.0,10.968668634961325,3.9686686349613254,3.9686686349613254,25-50%
7.0,10.968668634961325,3.9686686349613254,3.9686686349613254,25-50%
7.0,10.968668634961325,3.9686686349613254,3.9686686349613254,25-50%
7.0,10.968668634961325,3.9686686349613254,3.9686686349613254,25-50%
7.5,10.09554939336245,2.5955493933624503,2.5955493933624503,25-50%
8.0,9.137414267539965,1.137414267539965,1.137414267539965,25-50%
8.0,9.13161717013464,1.1316171701346391,1.1316171701346391,25-50%
8.0,9.392687054406757,1.3926870544067569,1.3926870544067569,25-50%
7.0,10.968668634961325,3.9686686349613254,3.9686686349613254,25-50%
7.0,10.93858880179797,3.9385888017979696,3.9385888017979696,25-50%
7.0,10.968668634961325,3.9686686349613254,3.9686686349613254,25-50%
7.0,10.93858880179797,3.9385888017979696,3.9385888017979696,25-50%
7.0,10.901510422221147,3.901510422221147,3.901510422221147,25-50%
7.5,10.865719090566515,3.3657190905665146,3.3657190905665146,25-50%
7.5,9.886647929426605,2.386647929426605,2.386647929426605,25-50%
7.5,9.886647929426605,2.386647929426605,2.386647929426605,25-50%
8.0,11.384074842042514,3.384074842042514,3.384074842042514,25-50%
8.0,10.164964401311225,2.1649644013112255,2.1649644013112255,25-50%
8.0,9.196621653400367,1.196621653400367,1.196621653400367,25-50%
7.0,10.968668634961325,3.9686686349613254,3.9686686349613254,25-50%
7.0,10.968668634961325,3.9686686349613254,3.9686686349613254,25-50%
7.0,10.968668634961325,3.9686686349613254,3.9686686349613254,25-50%
7.0,10.93858880179797,3.9385888017979696,3.9385888017979696,25-50%
7.0,10.93858880179797,3.9385888017979696,3.9385888017979696,25-50%
7.5,10.93858880179797,3.4385888017979696,3.4385888017979696,25-50%
7.5,9.886647929426605,2.386647929426605,2.386647929426605,25-50%
8.0,9.12838345543195,1.1283834554319494,1.1283834554319494,25-50%
8.0,9.623111264505653,1.6231112645056527,1.6231112645056527,25-50%
5.0,11.942885977838543,6.942885977838543,6.942885977838543,0-25%
5.0,11.942885977838543,6.942885977838543,6.942885977838543,0-25%
6.0,11.481423133259614,5.481423133259614,5.481423133259614,25-50%
7.0,10.93858880179797,3.9385888017979696,3.9385888017979696,25-50%
7.0,10.93858880179797,3.9385888017979696,3.9385888017979696,25-50%
7.0,10.923603001758169,3.9236030017581687,3.9236030017581687,25-50%
7.0,10.923603001758169,3.9236030017581687,3.9236030017581687,25-50%
7.0,10.765980181459458,3.765980181459458,3.765980181459458,25-50%
7.5,10.93858880179797,3.4385888017979696,3.4385888017979696,25-50%
8.0,11.379981989891665,3.3799819898916645,3.3799819898916645,25-50%
8.0,10.040512236268698,2.0405122362686985,2.0405122362686985,25-50%
8.0,10.505656534429836,2.5056565344298356,2.5056565344298356,25-50%
5.0,11.942885977838543,6.942885977838543,6.942885977838543,0-25%
5.0,11.942885977838543,6.942885977838543,6.942885977838543,0-25%
5.0,11.942885977838543,6.942885977838543,6.942885977838543,0-25%
5.0,11.942885977838543,6.942885977838543,6.942885977838543,0-25%
5.0,11.942885977838543,6.942885977838543,6.942885977838543,0-25%
6.0,10.968668634961325,4.968668634961325,4.968668634961325,25-50%
7.0,10.93858880179797,3.9385888017979696,3.9385888017979696,25-50%
7.0,10.923603001758169,3.9236030017581687,3.9236030017581687,25-50%
7.0,10.923603001758169,3.9236030017581687,3.9236030017581687,25-50%
8.0,11.348814794095212,3.3488147940952118,3.3488147940952118,25-50%
8.0,11.34886843798552,3.3488684379855194,3.3488684379855194,25-50%
8.0,9.193646016813812,1.1936460168138119,1.1936460168138119,25-50%
16.0,10.653638328830526,-5.346361671169474,5.346361671169474,75-100%
16.0,11.512870662923518,-4.487129337076482,4.487129337076482,75-100%
16.0,11.512870662923518,-4.487129337076482,4.487129337076482,75-100%
16.0,11.481423133259614,-4.518576866740386,4.518576866740386,75-100%
16.0,11.481423133259614,-4.518576866740386,4.518576866740386,75-100%
16.0,11.481423133259614,-4.518576866740386,4.518576866740386,75-100%
5.0,11.467816284335074,6.467816284335074,6.467816284335074,0-25%
5.0,11.815480735286688,6.8154807352866875,6.8154807352866875,0-25%
5.0,11.942885977838543,6.942885977838543,6.942885977838543,0-25%
5.0,11.910357727392332,6.9103577273923324,6.9103577273923324,0-25%
5.0,11.942885977838543,6.942885977838543,6.942885977838543,0-25%
5.0,11.942885977838543,6.942885977838543,6.942885977838543,0-25%
5.0,11.910357727392332,6.9103577273923324,6.9103577273923324,0-25%
5.0,11.421404888052058,6.421404888052058,6.421404888052058,0-25%
15.0,11.350554047702161,-3.649445952297839,3.649445952297839,50-75%
15.0,11.016421651957362,-3.983578348042638,3.983578348042638,50-75%
15.0,12.11105043132598,-2.88894956867402,2.88894956867402,50-75%
16.0,11.066418666722166,-4.933581333277834,4.933581333277834,75-100%
16.0,11.096820573212115,-4.903179426787885,4.903179426787885,75-100%
16.0,11.096820573212115,-4.903179426787885,4.903179426787885,75-100%
16.0,11.512870662923518,-4.487129337076482,4.487129337076482,75-100%
16.0,11.512870662923518,-4.487129337076482,4.487129337076482,75-100%
16.0,11.12941896471755,-4.87058103528245,4.87058103528245,75-100%
16.0,11.12941896471755,-4.87058103528245,4.87058103528245,75-100%
16.0,11.465755945588404,-4.534244054411596,4.534244054411596,75-100%
5.0,11.942885977838543,6.942885977838543,6.942885977838543,0-25%
5.0,11.87019207123251,6.870192071232511,6.870192071232511,0-25%
5.0,11.771788853057494,6.771788853057494,6.771788853057494,0-25%
5.0,11.346592413871981,6.346592413871981,6.346592413871981,0-25%
5.0,11.258613687930465,6.258613687930465,6.258613687930465,0-25%
15.0,11.508744502994482,-3.4912554970055183,3.4912554970055183,50-75%
15.0,10.93633141613565,-4.0636685838643505,4.0636685838643505,50-75%
15.0,12.111296614959327,-2.8887033850406727,2.8887033850406727,50-75%
15.0,11.720081486414088,-3.279918513585912,3.279918513585912,50-75%
15.0,11.69785784150034,-3.3021421584996595,3.3021421584996595,50-75%
16.0,11.096820573212115,-4.903179426787885,4.903179426787885,75-100%
16.0,11.066418666722166,-4.933581333277834,4.933581333277834,75-100%
16.0,11.051272409460271,-4.948727590539729,4.948727590539729,75-100%
16.0,11.442658841074238,-4.557341158925762,4.557341158925762,75-100%
16.0,11.481423133259614,-4.518576866740386,4.518576866740386,75-100%
16.0,10.094904949654543,-5.905095050345457,5.905095050345457,75-100%
16.0,10.227258961847843,-5.772741038152157,5.772741038152157,75-100%
5.0,11.688781401121101,6.688781401121101,6.688781401121101,0-25%
5.0,11.942885977838543,6.942885977838543,6.942885977838543,0-25%
5.0,11.910357727392332,6.9103577273923324,6.9103577273923324,0-25%
5.0,11.910357727392332,6.9103577273923324,6.9103577273923324,0-25%
5.0,11.942885977838543,6.942885977838543,6.942885977838543,0-25%
5.0,11.942885977838543,6.942885977838543,6.942885977838543,0-25%
5.0,11.444516598589203,6.444516598589203,6.444516598589203,0-25%
5.0,11.171025801624067,6.171025801624067,6.171025801624067,0-25%
15.0,12.52824677714441,-2.4717532228555896,2.4717532228555896,50-75%
15.0,12.592673790317722,-2.407326209682278,2.407326209682278,50-75%
15.0,11.454199230925816,-3.5458007690741837,3.5458007690741837,50-75%
15.0,12.144331140335883,-2.8556688596641173,2.8556688596641173,50-75%
15.0,10.696470528789092,-4.303529471210908,4.303529471210908,50-75%
15.0,11.65939781922182,-3.3406021807781805,3.3406021807781805,50-75%
16.0,11.066418666722166,-4.933581333277834,4.933581333277834,75-100%
16.0,11.066418666722166,-4.933581333277834,4.933581333277834,75-100%
16.0,11.066418666722166,-4.933581333277834,4.933581333277834,75-100%
16.0,11.481423133259614,-4.518576866740386,4.518576866740386,75-100%
16.0,10.353816195370488,-5.646183804629512,5.646183804629512,75-100%
16.0,10.218234601674723,-5.781765398325277,5.781765398325277,75-100%
16.0,10.227258961847843,-5.772741038152157,5.772741038152157,75-100%
16.0,10.324630930525176,-5.675369069474824,5.675369069474824,75-100%
5.0,11.942885977838543,6.942885977838543,6.942885977838543,0-25%
5.0,11.942885977838543,6.942885977838543,6.942885977838543,0-25%
5.0,11.942885977838543,6.942885977838543,6.942885977838543,0-25%
5.0,11.942885977838543,6.942885977838543,6.942885977838543,0-25%
5.0,11.47587114051193,6.475871140511931,6.475871140511931,0-25%
5.0,11.47587114051193,6.475871140511931,6.475871140511931,0-25%
15.0,12.315861600192571,-2.684138399807429,2.684138399807429,50-75%
15.0,12.52824677714441,-2.4717532228555896,2.4717532228555896,50-75%
15.0,12.452265183128596,-2.5477348168714045,2.5477348168714045,50-75%
15.0,12.632478301361797,-2.3675216986382033,2.3675216986382033,50-75%
15.0,10.93633141613565,-4.0636685838643505,4.0636685838643505,50-75%
15.0,11.69785784150034,-3.3021421584996595,3.3021421584996595,50-75%
15.0,11.69785784150034,-3.3021421584996595,3.3021421584996595,50-75%
15.0,11.69785784150034,-3.3021421584996595,3.3021421584996595,50-75%
5.0,11.367712066303774,6.367712066303774,6.367712066303774,0-25%
5.0,11.528209538171506,6.528209538171506,6.528209538171506,0-25%
10.5,11.096820573212115,0.5968205732121152,0.5968205732121152,50-75%
10.5,11.066418666722166,0.566418666722166,0.566418666722166,50-75%
10.5,11.096820573212115,0.5968205732121152,0.5968205732121152,50-75%
10.5,10.353816195370488,-0.14618380462951208,0.14618380462951208,50-75%
16.0,10.218234601674723,-5.781765398325277,5.781765398325277,75-100%
16.0,10.227258961847843,-5.772741038152157,5.772741038152157,75-100%
5.0,11.942885977838543,6.942885977838543,6.942885977838543,0-25%
5.0,11.47587114051193,6.475871140511931,6.475871140511931,0-25%
15.0,12.128869004555376,-2.8711309954446236,2.8711309954446236,50-75%
15.0,12.452265183128596,-2.5477348168714045,2.5477348168714045,50-75%
15.0,12.506019134886376,-2.493980865113624,2.493980865113624,50-75%
15.0,12.39357432223678,-2.6064256777632195,2.6064256777632195,50-75%
15.0,12.452265183128596,-2.5477348168714045,2.5477348168714045,50-75%
5.0,11.364102849666398,6.3641028496663985,6.3641028496663985,0-25%
5.0,10.370893267144764,5.370893267144764,5.370893267144764,0-25%
5.0,11.721875045933203,6.721875045933203,6.721875045933203,0-25%
10.5,10.248885785295965,-0.2511142147040353,0.2511142147040353,50-75%
10.5,10.19839901549588,-0.30160098450411965,0.30160098450411965,50-75%
10.5,10.177042377941708,-0.3229576220582917,0.3229576220582917,50-75%
15.0,12.52824677714441,-2.4717532228555896,2.4717532228555896,50-75%
15.0,12.469186139534042,-2.5308138604659582,2.5308138604659582,50-75%
15.0,12.011678495809688,-2.9883215041903117,2.9883215041903117,50-75%
15.0,12.068733021627551,-2.9312669783724488,2.9312669783724488,50-75%
15.0,12.068733021627551,-2.9312669783724488,2.9312669783724488,50-75%
5.0,10.175685863957591,5.175685863957591,5.175685863957591,0-25%
5.0,10.244319844519653,5.244319844519653,5.244319844519653,0-25%
5.0,9.248637071495668,4.2486370714956685,4.2486370714956685,0-25%
5.0,9.248637071495668,4.2486370714956685,4.2486370714956685,0-25%
5.0,10.370893267144764,5.370893267144764,5.370893267144764,0-25%
5.0,10.003791085455099,5.003791085455099,5.003791085455099,0-25%
5.0,10.370893267144764,5.370893267144764,5.370893267144764,0-25%
7.5,10.370893267144764,2.870893267144764,2.870893267144764,25-50%
5.0,9.248637071495668,4.2486370714956685,4.2486370714956685,0-25%
5.0,10.298627468021296,5.298627468021296,5.298627468021296,0-25%
5.0,9.881135466051628,4.881135466051628,4.881135466051628,0-25%
5.0,10.003791085455099,5.003791085455099,5.003791085455099,0-25%
10.0,10.90028121975041,0.9002812197504095,0.9002812197504095,50-75%
7.5,10.370893267144764,2.870893267144764,2.870893267144764,25-50%
7.5,10.194207104585946,2.6942071045859457,2.6942071045859457,25-50%
7.5,9.248637071495668,1.7486370714956685,1.7486370714956685,25-50%
7.5,9.100620959332396,1.600620959332396,1.600620959332396,25-50%
7.5,9.225863281695228,1.7258632816952275,1.7258632816952275,25-50%
5.0,10.400197756939205,5.400197756939205,5.400197756939205,0-25%
5.0,9.996479024892356,4.996479024892356,4.996479024892356,0-25%
10.0,10.997608825645461,0.9976088256454609,0.9976088256454609,50-75%
10.0,10.997608825645461,0.9976088256454609,0.9976088256454609,50-75%
10.0,10.966768675949389,0.966768675949389,0.966768675949389,50-75%
8.666666666666666,9.248637071495668,0.5819704048290024,0.5819704048290024,50-75%
7.5,9.841618158576956,2.3416181585769564,2.3416181585769564,25-50%
10.5,8.638564800911935,-1.8614351990880653,1.8614351990880653,50-75%
10.5,9.732824037708411,-0.7671759622915886,0.7671759622915886,50-75%
10.5,9.757546237497072,-0.7424537625029277,0.7424537625029277,50-75%
10.5,10.40171694624736,-0.09828305375264001,0.09828305375264001,50-75%
10.5,8.694541967329938,-1.805458032670062,1.805458032670062,50-75%
10.5,8.694541967329938,-1.805458032670062,1.805458032670062,50-75%
10.5,9.845527874339673,-0.6544721256603268,0.6544721256603268,50-75%
10.5,10.409300446449123,-0.090699553550877,0.090699553550877,50-75%
11.0,9.971036684136852,-1.0289633158631482,1.0289633158631482,50-75%
10.5,9.765045723027379,-0.734954276972621,0.734954276972621,50-75%
10.5,9.425248638637477,-1.074751361362523,1.074751361362523,50-75%
11.0,9.848746167210397,-1.1512538327896031,1.1512538327896031,50-75%
11.0,9.971036684136852,-1.0289633158631482,1.0289633158631482,50-75%
10.5,9.781911525913383,-0.7180884740866169,0.7180884740866169,50-75%
11.0,9.848746167210397,-1.1512538327896031,1.1512538327896031,50-75%
11.0,9.87670500596391,-1.1232949940360903,1.1232949940360903,50-75%
11.0,9.285439607090021,-1.7145603929099789,1.7145603929099789,50-75%
11.0,9.202001546466107,-1.7979984535338929,1.7979984535338929,50-75%
11.0,9.117834920376795,-1.8821650796232046,1.8821650796232046,50-75%
11.0,9.061620153942055,-1.9383798460579449,1.9383798460579449,50-75%
7.0,10.655348203300033,3.655348203300033,3.655348203300033,25-50%
7.0,10.69688195224472,3.69688195224472,3.69688195224472,25-50%
7.0,10.70029639981611,3.7002963998161107,3.7002963998161107,25-50%
7.0,10.625387842983796,3.6253878429837965,3.6253878429837965,25-50%
7.0,10.632357822984247,3.632357822984247,3.632357822984247,25-50%
7.0,10.69688195224472,3.69688195224472,3.69688195224472,25-50%
7.0,10.678167362278305,3.6781673622783053,3.6781673622783053,25-50%
7.0,10.654080443392534,3.654080443392534,3.654080443392534,25-50%
7.0,10.257113348071094,3.257113348071094,3.257113348071094,25-50%
7.0,10.342519275992291,3.3425192759922915,3.3425192759922915,25-50%
7.0,10.579119204359303,3.579119204359303,3.579119204359303,25-50%
7.0,10.632357822984247,3.632357822984247,3.632357822984247,25-50%
7.0,11.43253605239727,4.432536052397269,4.432536052397269,25-50%
7.0,10.342519275992291,3.3425192759922915,3.3425192759922915,25-50%
7.0,11.466228229145248,4.466228229145248,4.466228229145248,25-50%
7.0,11.466228229145248,4.466228229145248,4.466228229145248,25-50%
9.0,9.626212266687753,0.6262122666877534,0.6262122666877534,50-75%
9.0,9.653597602351969,0.6535976023519687,0.6535976023519687,50-75%
9.0,10.480362678144285,1.4803626781442851,1.4803626781442851,50-75%
9.0,9.626212266687753,0.6262122666877534,0.6262122666877534,50-75%
9.0,9.637909167017858,0.6379091670178578,0.6379091670178578,50-75%
9.0,10.513309166841392,1.5133091668413918,1.5133091668413918,50-75%
9.0,10.505656534429836,1.5056565344298356,1.5056565344298356,50-75%
9.0,9.623111264505653,0.6231112645056527,0.6231112645056527,50-75%
9.0,9.536527883206908,0.536527883206908,0.536527883206908,50-75%
9.0,9.626212266687753,0.6262122666877534,0.6262122666877534,50-75%
9.0,10.417452747603114,1.4174527476031145,1.4174527476031145,50-75%
9.0,10.441241115978453,1.4412411159784533,1.4412411159784533,50-75%
9.0,10.433638368225129,1.4336383682251288,1.4336383682251288,50-75%
9.0,10.470726902683328,1.470726902683328,1.470726902683328,50-75%
9.0,10.470726902683328,1.470726902683328,1.470726902683328,50-75%
9.0,10.463104561513838,1.4631045615138376,1.4631045615138376,50-75%
9.0,9.137414267539965,0.137414267539965,0.137414267539965,50-75%
9.0,10.037290330694356,1.037290330694356,1.037290330694356,50-75%
9.0,10.535308329286249,1.5353083292862486,1.5353083292862486,50-75%
9.0,10.535308329286249,1.5353083292862486,1.5353083292862486,50-75%
9.0,10.502298887779801,1.5022988877798014,1.5022988877798014,50-75%
9.0,10.437902267405116,1.437902267405116,1.437902267405116,50-75%
9.0,11.47517885117862,2.4751788511786206,2.4751788511786206,50-75%
9.0,10.437902267405116,1.437902267405116,1.437902267405116,50-75%
9.0,9.131340041164172,0.1313400411641723,0.1313400411641723,50-75%
9.0,9.687367983228011,0.6873679832280111,0.6873679832280111,50-75%
9.0,9.536527883206908,0.536527883206908,0.536527883206908,50-75%
9.0,10.483713921375184,1.483713921375184,1.483713921375184,50-75%
9.0,10.505656534429836,1.5056565344298356,1.5056565344298356,50-75%
9.0,9.536527883206908,0.536527883206908,0.536527883206908,50-75%
10.0,8.856872974899584,-1.1431270251004158,1.1431270251004158,50-75%
10.0,8.812186381147137,-1.1878136188528625,1.1878136188528625,50-75%
10.0,8.812186381147137,-1.1878136188528625,1.1878136188528625,50-75%
10.0,8.856872974899584,-1.1431270251004158,1.1431270251004158,50-75%
10.0,8.856872974899584,-1.1431270251004158,1.1431270251004158,50-75%
10.0,8.856872974899584,-1.1431270251004158,1.1431270251004158,50-75%
10.0,7.9606809436121,-2.0393190563878996,2.0393190563878996,50-75%
10.0,9.711629819386186,-0.28837018061381414,0.28837018061381414,50-75%
10.0,8.856872974899584,-1.1431270251004158,1.1431270251004158,50-75%
10.0,8.856872974899584,-1.1431270251004158,1.1431270251004158,50-75%
10.0,8.856830156319461,-1.143169843680539,1.143169843680539,50-75%
10.0,8.856830156319461,-1.143169843680539,1.143169843680539,50-75%
10.0,8.726528823055064,-1.2734711769449358,1.2734711769449358,50-75%
10.0,8.856872974899584,-1.1431270251004158,1.1431270251004158,50-75%
10.0,8.812186381147137,-1.1878136188528625,1.1878136188528625,50-75%
25.0,9.923030761782544,-15.076969238217456,15.076969238217456,75-100%
25.0,9.50725570196542,-15.49274429803458,15.49274429803458,75-100%
25.0,9.696223360330109,-15.303776639669891,15.303776639669891,75-100%
10.0,9.663068145579043,-0.33693185442095697,0.33693185442095697,50-75%
10.0,9.663068145579043,-0.33693185442095697,0.33693185442095697,50-75%
10.0,8.812186381147137,-1.1878136188528625,1.1878136188528625,50-75%
10.0,8.856872974899584,-1.1431270251004158,1.1431270251004158,50-75%
10.0,8.856830156319461,-1.143169843680539,1.143169843680539,50-75%
10.0,8.856830156319461,-1.143169843680539,1.143169843680539,50-75%
10.0,8.856872974899584,-1.1431270251004158,1.1431270251004158,50-75%
10.0,8.856830156319461,-1.143169843680539,1.143169843680539,50-75%
17.0,9.309122531700579,-7.690877468299421,7.690877468299421,75-100%
17.0,9.07324550556671,-7.92675449443329,7.92675449443329,75-100%
17.0,9.839515195485236,-7.160484804514764,7.160484804514764,75-100%
25.0,9.839515195485236,-15.160484804514764,15.160484804514764,75-100%
25.0,9.78174422937358,-15.21825577062642,15.21825577062642,75-100%
25.0,9.78174422937358,-15.21825577062642,15.21825577062642,75-100%
10.0,9.663068145579043,-0.33693185442095697,0.33693185442095697,50-75%
10.0,9.663068145579043,-0.33693185442095697,0.33693185442095697,50-75%
10.0,9.711629819386186,-0.28837018061381414,0.28837018061381414,50-75%
10.0,9.184776429822783,-0.815223570177217,0.815223570177217,50-75%
10.0,9.203682264070723,-0.7963177359292768,0.7963177359292768,50-75%
10.0,8.856872974899584,-1.1431270251004158,1.1431270251004158,50-75%
10.0,8.856872974899584,-1.1431270251004158,1.1431270251004158,50-75%
10.0,8.856872974899584,-1.1431270251004158,1.1431270251004158,50-75%
10.0,9.035064414795059,-0.964935585204941,0.964935585204941,50-75%
9.0,9.447228574987323,0.4472285749873226,0.4472285749873226,50-75%
17.0,9.07324550556671,-7.92675449443329,7.92675449443329,75-100%
17.0,9.230555923835924,-7.769444076164076,7.769444076164076,75-100%
17.0,9.285373501308142,-7.7146264986918585,7.7146264986918585,75-100%
17.0,9.285373501308142,-7.7146264986918585,7.7146264986918585,75-100%
17.0,9.839515195485236,-7.160484804514764,7.160484804514764,75-100%
17.0,9.839515195485236,-7.160484804514764,7.160484804514764,75-100%
25.0,9.490797782565682,-15.509202217434318,15.509202217434318,75-100%
25.0,9.490797782565682,-15.509202217434318,15.509202217434318,75-100%
10.0,9.522108833708659,-0.4778911662913412,0.4778911662913412,50-75%
10.0,9.052212787124127,-0.9477872128758733,0.9477872128758733,50-75%
10.0,8.98058323588774,-1.0194167641122593,1.0194167641122593,50-75%
10.0,9.203726589394348,-0.7962734106056519,0.7962734106056519,50-75%
10.0,9.203726589394348,-0.7962734106056519,0.7962734106056519,50-75%
10.0,9.157467518589396,-0.8425324814106041,0.8425324814106041,50-75%
10.0,9.035064414795059,-0.964935585204941,0.964935585204941,50-75%
10.0,9.035064414795059,-0.964935585204941,0.964935585204941,50-75%
10.0,8.922808161039857,-1.0771918389601431,1.0771918389601431,50-75%
9.0,9.151248665189625,0.151248665189625,0.151248665189625,50-75%
17.0,9.230555923835924,-7.769444076164076,7.769444076164076,75-100%
17.0,9.285373501308142,-7.7146264986918585,7.7146264986918585,75-100%
17.0,9.230555923835924,-7.769444076164076,7.769444076164076,75-100%
17.0,9.23051148196479,-7.76948851803521,7.76948851803521,75-100%
17.0,9.76172058685274,-7.238279413147261,7.238279413147261,75-100%
17.0,9.78174422937358,-7.2182557706264205,7.2182557706264205,75-100%
25.0,8.564200960758942,-16.435799039241058,16.435799039241058,75-100%
10.0,9.203726589394348,-0.7962734106056519,0.7962734106056519,50-75%
10.0,8.909271894165865,-1.0907281058341347,1.0907281058341347,50-75%
10.0,8.909271894165865,-1.0907281058341347,1.0907281058341347,50-75%
10.0,9.282343574479725,-0.7176564255202749,0.7176564255202749,50-75%
10.0,9.325548145450636,-0.6744518545493641,0.6744518545493641,50-75%
10.0,9.325548145450636,-0.6744518545493641,0.6744518545493641,50-75%
10.0,9.372572687925047,-0.6274273120749534,0.6274273120749534,50-75%
10.0,9.543458122213059,-0.45654187778694144,0.45654187778694144,50-75%
10.0,9.59367035787982,-0.4063296421201805,0.4063296421201805,50-75%
10.0,8.879539048724105,-1.120460951275895,1.120460951275895,50-75%
9.0,9.151248665189625,0.151248665189625,0.151248665189625,50-75%
9.0,9.151248665189625,0.151248665189625,0.151248665189625,50-75%
17.0,9.151248665189625,-7.848751334810375,7.848751334810375,75-100%
17.0,9.230555923835924,-7.769444076164076,7.769444076164076,75-100%
17.0,9.230555923835924,-7.769444076164076,7.769444076164076,75-100%
17.0,9.230555923835924,-7.769444076164076,7.769444076164076,75-100%
17.0,9.78174422937358,-7.2182557706264205,7.2182557706264205,75-100%
17.0,8.815105012080357,-8.184894987919643,8.184894987919643,75-100%
25.0,8.697897937654426,-16.302102062345575,16.302102062345575,75-100%
10.0,8.940556178774383,-1.0594438212256172,1.0594438212256172,50-75%
10.0,9.452184523325572,-0.5478154766744279,0.5478154766744279,50-75%
10.0,9.325548145450636,-0.6744518545493641,0.6744518545493641,50-75%
10.0,9.325548145450636,-0.6744518545493641,0.6744518545493641,50-75%
10.0,9.591475068849798,-0.40852493115020216,0.40852493115020216,50-75%
10.0,9.451462174154344,-0.5485378258456564,0.5485378258456564,50-75%
10.0,9.543458122213059,-0.45654187778694144,0.45654187778694144,50-75%
10.0,9.484240636920125,-0.5157593630798747,0.5157593630798747,50-75%
9.0,9.641093496790209,0.6410934967902087,0.6410934967902087,50-75%
9.0,9.490797782565682,0.4907977825656822,0.4907977825656822,50-75%
9.0,9.097145927931422,0.09714592793142174,0.09714592793142174,50-75%
9.0,9.01257812264311,0.012578122643109424,0.012578122643109424,50-75%
17.0,9.285373501308142,-7.7146264986918585,7.7146264986918585,75-100%
17.0,9.285373501308142,-7.7146264986918585,7.7146264986918585,75-100%
17.0,9.230555923835924,-7.769444076164076,7.769444076164076,75-100%
17.0,9.285373501308142,-7.7146264986918585,7.7146264986918585,75-100%
17.0,8.815105012080357,-8.184894987919643,8.184894987919643,75-100%
10.0,9.189050643850152,-0.8109493561498482,0.8109493561498482,50-75%
10.0,8.985827393402731,-1.0141726065972687,1.0141726065972687,50-75%
10.0,9.325548145450636,-0.6744518545493641,0.6744518545493641,50-75%
10.0,9.325548145450636,-0.6744518545493641,0.6744518545493641,50-75%
10.0,9.359852117691808,-0.6401478823081916,0.6401478823081916,50-75%
10.0,9.232196589983378,-0.7678034100166222,0.7678034100166222,50-75%
10.0,9.484240636920125,-0.5157593630798747,0.5157593630798747,50-75%
10.0,9.600714572583747,-0.3992854274162525,0.3992854274162525,50-75%
14.0,9.641093496790209,-4.358906503209791,4.358906503209791,50-75%
14.0,9.512982044944213,-4.487017955055787,4.487017955055787,50-75%
9.0,9.512982044944213,0.5129820449442128,0.5129820449442128,50-75%
9.0,8.725177244877774,-0.2748227551222264,0.2748227551222264,50-75%
9.0,8.680750543512103,-0.3192494564878974,0.3192494564878974,50-75%
9.0,9.641093496790209,0.6410934967902087,0.6410934967902087,50-75%
9.0,8.696937893870388,-0.3030621061296124,0.3030621061296124,50-75%
9.0,8.680750543512103,-0.3192494564878974,0.3192494564878974,50-75%
10.0,9.265044380156969,-0.7349556198430314,0.7349556198430314,50-75%
10.0,8.940556178774383,-1.0594438212256172,1.0594438212256172,50-75%
10.0,8.574177103112493,-1.4258228968875066,1.4258228968875066,50-75%
10.0,8.865421803968847,-1.1345781960311534,1.1345781960311534,50-75%
10.0,9.543458122213059,-0.45654187778694144,0.45654187778694144,50-75%
10.0,9.543458122213059,-0.45654187778694144,0.45654187778694144,50-75%
14.0,8.672011675605859,-5.327988324394141,5.327988324394141,50-75%
14.0,8.777429991988884,-5.222570008011116,5.222570008011116,50-75%
14.0,9.641093496790209,-4.358906503209791,4.358906503209791,50-75%
14.0,9.675612510294277,-4.324387489705723,4.324387489705723,50-75%
14.0,9.53458410377499,-4.465415896225011,4.465415896225011,50-75%
14.0,9.490797782565682,-4.509202217434318,4.509202217434318,50-75%
14.0,8.160534407443286,-5.839465592556714,5.839465592556714,50-75%
10.0,7.958065986328933,-2.0419340136710673,2.0419340136710673,50-75%
10.0,8.226391608399622,-1.7736083916003782,1.7736083916003782,50-75%
10.0,7.96664086404024,-2.03335913595976,2.03335913595976,50-75%
10.0,8.059044154980393,-1.940955845019607,1.940955845019607,50-75%
10.0,8.865421803968847,-1.1345781960311534,1.1345781960311534,50-75%
10.0,8.865421803968847,-1.1345781960311534,1.1345781960311534,50-75%
9.0,9.641093496790209,0.6410934967902087,0.6410934967902087,50-75%
14.0,8.828639965278096,-5.1713600347219035,5.1713600347219035,50-75%
14.0,8.564200960758942,-5.435799039241058,5.435799039241058,50-75%
14.0,8.564200960758942,-5.435799039241058,5.435799039241058,50-75%
14.0,8.672011675605859,-5.327988324394141,5.327988324394141,50-75%
14.0,8.789875042321034,-5.210124957678966,5.210124957678966,50-75%
14.0,8.672969251573647,-5.327030748426353,5.327030748426353,50-75%
12.666666666666664,8.672969251573647,-3.993697415093017,3.993697415093017,50-75%
14.5,8.033070273969589,-6.466929726030411,6.466929726030411,50-75%
10.0,8.226391608399622,-1.7736083916003782,1.7736083916003782,50-75%
10.0,8.141687387073759,-1.858312612926241,1.858312612926241,50-75%
10.0,8.462643137133949,-1.5373568628660514,1.5373568628660514,50-75%
10.0,8.523166016577546,-1.4768339834224538,1.4768339834224538,50-75%
10.0,8.523166016577546,-1.4768339834224538,1.4768339834224538,50-75%
14.0,7.8531261763419815,-6.1468738236580185,6.1468738236580185,50-75%
14.0,8.680750543512103,-5.319249456487897,5.319249456487897,50-75%
14.0,8.564200960758942,-5.435799039241058,5.435799039241058,50-75%
12.666666666666664,7.746540622125294,-4.92012604454137,4.92012604454137,50-75%
12.666666666666664,7.784521633104356,-4.882145033562308,4.882145033562308,50-75%
14.5,7.412707116432509,-7.087292883567491,7.087292883567491,50-75%
10.0,8.766505449915984,-1.233494550084016,1.233494550084016,50-75%
10.0,8.712242672644836,-1.2877573273551643,1.2877573273551643,50-75%
10.0,8.523166016577546,-1.4768339834224538,1.4768339834224538,50-75%
10.0,8.34871941764361,-1.6512805823563905,1.6512805823563905,50-75%
15.0,8.343974431299552,-6.656025568700448,6.656025568700448,50-75%
17.0,8.182648836658384,-8.817351163341616,8.817351163341616,75-100%
14.333333333333336,7.725264753601427,-6.608068579731909,6.608068579731909,50-75%
14.333333333333336,8.503417290631306,-5.829916042702029,5.829916042702029,50-75%
14.333333333333336,8.564200960758942,-5.7691323725743935,5.7691323725743935,50-75%
14.333333333333336,8.680750543512103,-5.652582789821233,5.652582789821233,50-75%
10.0,8.715797656297635,-1.2842023437023649,1.2842023437023649,50-75%
10.0,8.791675192746247,-1.208324807253753,1.208324807253753,50-75%
10.0,8.791675192746247,-1.208324807253753,1.208324807253753,50-75%
10.0,9.075321259740097,-0.9246787402599033,0.9246787402599033,50-75%
15.0,8.698441588543831,-6.301558411456169,6.301558411456169,50-75%
15.0,8.769181207673766,-6.230818792326234,6.230818792326234,50-75%
17.0,7.875942004403013,-9.124057995596987,9.124057995596987,75-100%
17.0,8.687189396015286,-8.312810603984714,8.312810603984714,75-100%
17.0,7.902589027513655,-9.097410972486344,9.097410972486344,75-100%
17.0,7.9255323287277015,-9.074467671272298,9.074467671272298,75-100%
14.5,7.9255323287277015,-6.5744676712722985,6.5744676712722985,50-75%
10.0,8.744060787012444,-1.2559392129875562,1.2559392129875562,50-75%
10.0,8.411753339629202,-1.5882466603707979,1.5882466603707979,50-75%
15.0,8.873659141487128,-6.126340858512872,6.126340858512872,50-75%
17.0,7.9255323287277015,-9.074467671272298,9.074467671272298,75-100%
10.0,8.38756019530229,-1.6124398046977095,1.6124398046977095,50-75%
10.0,8.442079621188366,-1.5579203788116338,1.5579203788116338,50-75%
10.0,8.724971136672274,-1.2750288633277265,1.2750288633277265,50-75%
15.0,8.717734223279908,-6.282265776720092,6.282265776720092,50-75%
15.0,8.58885336245776,-6.41114663754224,6.41114663754224,50-75%
15.0,8.557481472086721,-6.442518527913279,6.442518527913279,50-75%
15.0,8.700856296514333,-6.299143703485667,6.299143703485667,50-75%
15.0,8.802963797987866,-6.197036202012134,6.197036202012134,50-75%
15.0,8.802963797987866,-6.197036202012134,6.197036202012134,50-75%
10.0,9.418888795501191,-0.5811112044988089,0.5811112044988089,50-75%
10.0,9.223862745764512,-0.7761372542354881,0.7761372542354881,50-75%
10.0,9.486023237294322,-0.5139767627056777,0.5139767627056777,50-75%
10.0,9.734019593447027,-0.2659804065529734,0.2659804065529734,50-75%
10.0,10.34404196244063,0.34404196244062923,0.34404196244062923,50-75%
10.0,9.674572660212442,-0.32542733978755756,0.32542733978755756,50-75%
10.0,9.389754785789261,-0.6102452142107389,0.6102452142107389,50-75%
10.0,9.223862745764512,-0.7761372542354881,0.7761372542354881,50-75%
10.0,9.463504254412495,-0.536495745587505,0.536495745587505,50-75%
8.0,10.179729875732852,2.1797298757328516,2.1797298757328516,25-50%
10.0,10.33674290616786,0.33674290616785996,0.33674290616785996,50-75%
8.0,9.055263400854827,1.0552634008548267,1.0552634008548267,25-50%
8.0,9.254332305858634,1.2543323058586342,1.2543323058586342,25-50%
8.0,9.519957460945678,1.5199574609456779,1.5199574609456779,25-50%
8.0,9.913770759883459,1.9137707598834588,1.9137707598834588,25-50%
8.0,10.080496597896863,2.080496597896863,2.080496597896863,25-50%
8.0,11.196085678840168,3.196085678840168,3.196085678840168,25-50%
8.0,8.7377872308247,0.7377872308247007,0.7377872308247007,25-50%
8.0,8.7377872308247,0.7377872308247007,0.7377872308247007,25-50%
8.0,9.320406422669665,1.3204064226696648,1.3204064226696648,25-50%
8.0,9.913770759883459,1.9137707598834588,1.9137707598834588,25-50%
8.0,10.536123374126056,2.5361233741260563,2.5361233741260563,25-50%
8.0,10.864538451179628,2.8645384511796284,2.8645384511796284,25-50%
6.0,10.643185921906806,4.643185921906806,4.643185921906806,25-50%
8.0,9.320406422669665,1.3204064226696648,1.3204064226696648,25-50%
8.0,9.374494990717235,1.3744949907172348,1.3744949907172348,25-50%
8.0,10.036794254697714,2.036794254697714,2.036794254697714,25-50%
8.0,10.536173487642795,2.5361734876427953,2.5361734876427953,25-50%
6.0,10.643185921906806,4.643185921906806,4.643185921906806,25-50%
6.0,10.643185921906806,4.643185921906806,4.643185921906806,25-50%
8.0,9.062386508033981,1.0623865080339812,1.0623865080339812,25-50%
8.0,9.320406422669665,1.3204064226696648,1.3204064226696648,25-50%
8.0,9.565005713121106,1.5650057131211064,1.5650057131211064,25-50%
8.0,10.036794254697714,2.036794254697714,2.036794254697714,25-50%
6.0,10.332259808392504,4.332259808392504,4.332259808392504,25-50%
6.0,10.751068302424637,4.7510683024246365,4.7510683024246365,25-50%
6.0,10.643185921906806,4.643185921906806,4.643185921906806,25-50%
6.0,8.7377872308247,2.7377872308247007,2.7377872308247007,25-50%
6.0,9.913770759883459,3.913770759883459,3.913770759883459,25-50%
6.0,10.626539506931362,4.626539506931362,4.626539506931362,25-50%
6.0,10.751068302424637,4.7510683024246365,4.7510683024246365,25-50%
6.0,10.146464853892507,4.146464853892507,4.146464853892507,25-50%
6.0,10.742070296476012,4.742070296476012,4.742070296476012,25-50%
6.0,9.938268339690385,3.938268339690385,3.938268339690385,25-50%
6.0,9.417893423964312,3.417893423964312,3.417893423964312,25-50%
4.0,9.233996076497185,5.233996076497185,5.233996076497185,0-25%
6.0,9.673887492381242,3.673887492381242,3.673887492381242,25-50%
6.0,9.922051621801533,3.9220516218015327,3.9220516218015327,25-50%
6.0,10.167873258520117,4.1678732585201175,4.1678732585201175,25-50%
4.0,9.233996076497185,5.233996076497185,5.233996076497185,0-25%
6.0,9.621518871301891,3.621518871301891,3.621518871301891,25-50%
6.0,9.821780148708703,3.8217801487087026,3.8217801487087026,25-50%
6.0,9.788534274932909,3.7885342749329087,3.7885342749329087,25-50%
4.0,9.010471293349257,5.010471293349257,5.010471293349257,0-25%
6.0,9.440636212442666,3.4406362124426657,3.4406362124426657,25-50%
6.0,9.917879957078714,3.917879957078714,3.917879957078714,25-50%
6.0,9.368562818150126,3.368562818150126,3.368562818150126,25-50%
4.0,9.21376882525258,5.213768825252579,5.213768825252579,0-25%
7.0,9.091465152430526,2.0914651524305263,2.0914651524305263,25-50%
7.0,9.263798228426193,2.263798228426193,2.263798228426193,25-50%
7.0,9.637245970635744,2.6372459706357443,2.6372459706357443,25-50%
4.0,8.978055122984003,4.978055122984003,4.978055122984003,0-25%
7.0,9.685082707941156,2.685082707941156,2.685082707941156,25-50%
7.0,9.03768104116503,2.0376810411650297,2.0376810411650297,25-50%
7.0,9.580553031384467,2.5805530313844667,2.5805530313844667,25-50%
4.0,8.554698994454295,4.554698994454295,4.554698994454295,0-25%
4.0,9.18751408031886,5.187514080318859,5.187514080318859,0-25%
4.0,8.797623588804532,4.797623588804532,4.797623588804532,0-25%
4.0,8.818037028149163,4.818037028149163,4.818037028149163,0-25%
8.0,9.445867017194901,1.4458670171949013,1.4458670171949013,25-50%
8.0,9.93681649180076,1.9368164918007604,1.9368164918007604,25-50%
8.0,9.334919333913229,1.3349193339132288,1.3349193339132288,25-50%
8.0,9.040264575245082,1.0402645752450823,1.0402645752450823,25-50%
8.0,9.040264575245082,1.0402645752450823,1.0402645752450823,25-50%
8.0,8.797568763800767,0.7975687638007667,0.7975687638007667,25-50%
8.0,8.930111800984342,0.9301118009843421,0.9301118009843421,25-50%
8.0,8.595547854741513,0.595547854741513,0.595547854741513,25-50%
8.0,8.583349836329575,0.5833498363295746,0.5833498363295746,25-50%
8.0,9.086465012432726,1.0864650124327255,1.0864650124327255,25-50%
8.0,8.736242151666815,0.736242151666815,0.736242151666815,25-50%
8.0,8.81396379301608,0.8139637930160806,0.8139637930160806,25-50%
8.0,8.595547854741513,0.595547854741513,0.595547854741513,25-50%
8.0,8.595547854741513,0.595547854741513,0.595547854741513,25-50%
8.0,9.040264575245082,1.0402645752450823,1.0402645752450823,25-50%
8.0,8.583349836329575,0.5833498363295746,0.5833498363295746,25-50%
8.0,9.057836930956219,1.0578369309562188,1.0578369309562188,25-50%
16.0,8.565296449498225,-7.434703550501775,7.434703550501775,75-100%
16.0,9.40320710774302,-6.59679289225698,6.59679289225698,75-100%
16.0,9.403252299812888,-6.596747700187112,6.596747700187112,75-100%
16.0,8.506896107959582,-7.493103892040418,7.493103892040418,75-100%
16.0,8.945118010806105,-7.054881989193895,7.054881989193895,75-100%
16.0,9.403252299812888,-6.596747700187112,6.596747700187112,75-100%
16.0,9.403252299812888,-6.596747700187112,6.596747700187112,75-100%
16.0,9.458995222597693,-6.541004777402307,6.541004777402307,75-100%
16.0,8.90742811437328,-7.09257188562672,7.09257188562672,75-100%
16.0,8.905893689348638,-7.094106310651362,7.094106310651362,75-100%
16.0,9.293355511553159,-6.706644488446841,6.706644488446841,75-100%
16.0,9.307147645382496,-6.692852354617504,6.692852354617504,75-100%
16.0,9.458995222597693,-6.541004777402307,6.541004777402307,75-100%
16.0,9.458995222597693,-6.541004777402307,6.541004777402307,75-100%
16.0,9.49440479614924,-6.50559520385076,6.50559520385076,75-100%
16.0,8.796306046105178,-7.203693953894822,7.203693953894822,75-100%
16.0,9.509859314257312,-6.490140685742688,6.490140685742688,75-100%
16.0,9.307147645382496,-6.692852354617504,6.692852354617504,75-100%
16.0,9.307147645382496,-6.692852354617504,6.692852354617504,75-100%
16.0,9.252214019054149,-6.747785980945851,6.747785980945851,75-100%
16.0,10.080873811112701,-5.919126188887299,5.919126188887299,75-100%
16.0,9.891223502051956,-6.108776497948044,6.108776497948044,75-100%
16.0,9.461345856962051,-6.538654143037949,6.538654143037949,75-100%
16.0,9.566173460963563,-6.433826539036437,6.433826539036437,75-100%
16.0,9.307147645382496,-6.692852354617504,6.692852354617504,75-100%
16.0,10.021816484849996,-5.978183515150004,5.978183515150004,75-100%
16.0,10.021816484849996,-5.978183515150004,5.978183515150004,75-100%
16.0,10.080873811112701,-5.919126188887299,5.919126188887299,75-100%
16.0,10.166248981008634,-5.833751018991366,5.833751018991366,75-100%
16.0,10.166248981008634,-5.833751018991366,5.833751018991366,75-100%
16.0,9.97872132254933,-6.02127867745067,6.02127867745067,75-100%
16.0,10.166248981008634,-5.833751018991366,5.833751018991366,75-100%
35.0,7.565542559191276,-27.434457440808725,27.434457440808725,75-100%
35.0,7.797555734858242,-27.202444265141757,27.202444265141757,75-100%
35.0,7.619397879237686,-27.380602120762312,27.380602120762312,75-100%
35.0,7.619397879237686,-27.380602120762312,27.380602120762312,75-100%
35.0,8.110050729517464,-26.889949270482536,26.889949270482536,75-100%
35.0,7.669922466663333,-27.330077533336667,27.330077533336667,75-100%
35.0,7.487694206699961,-27.512305793300037,27.512305793300037,75-100%
35.0,7.537075256948397,-27.4629247430516,27.4629247430516,75-100%
35.0,8.01280258296303,-26.98719741703697,26.98719741703697,75-100%
35.0,8.110050729517464,-26.889949270482536,26.889949270482536,75-100%
35.0,8.110050729517464,-26.889949270482536,26.889949270482536,75-100%
35.0,7.689572013985646,-27.310427986014354,27.310427986014354,75-100%
35.0,7.669922466663333,-27.330077533336667,27.330077533336667,75-100%
35.0,7.514250553031009,-27.485749446968992,27.485749446968992,75-100%
35.0,7.610225892975684,-27.389774107024316,27.389774107024316,75-100%
35.0,7.529409724485752,-27.470590275514247,27.470590275514247,75-100%
35.0,8.09631259511167,-26.90368740488833,26.90368740488833,75-100%
35.0,8.110050729517464,-26.889949270482536,26.889949270482536,75-100%
35.0,7.610225892975684,-27.389774107024316,27.389774107024316,75-100%
35.0,7.74083026971387,-27.259169730286132,27.259169730286132,75-100%
35.0,7.509568262010747,-27.490431737989255,27.490431737989255,75-100%
35.0,7.610225892975684,-27.389774107024316,27.389774107024316,75-100%
35.0,8.01280258296303,-26.98719741703697,26.98719741703697,75-100%
35.0,7.610225892975684,-27.389774107024316,27.389774107024316,75-100%
35.0,7.610225892975684,-27.389774107024316,27.389774107024316,75-100%
35.0,7.523320302196051,-27.47667969780395,27.47667969780395,75-100%
35.0,7.534184947375088,-27.46581505262491,27.46581505262491,75-100%
35.0,7.514250553031009,-27.485749446968992,27.485749446968992,75-100%
35.0,7.610225892975684,-27.389774107024316,27.389774107024316,75-100%
35.0,7.53117847003297,-27.46882152996703,27.46882152996703,75-100%
35.0,7.536193048011551,-27.46380695198845,27.46380695198845,75-100%
35.0,7.534184947375088,-27.46581505262491,27.46581505262491,75-100%
35.0,7.431206285931929,-27.56879371406807,27.56879371406807,75-100%
35.0,7.514250553031009,-27.485749446968992,27.485749446968992,75-100%
35.0,7.536193048011551,-27.46380695198845,27.46380695198845,75-100%
35.0,7.632415730737823,-27.367584269262178,27.367584269262178,75-100%
35.0,7.436084245564587,-27.563915754435413,27.563915754435413,75-100%
18.0,9.78868920701219,-8.21131079298781,8.21131079298781,75-100%
18.0,10.660777352186013,-7.339222647813987,7.339222647813987,75-100%
18.0,9.950817068967943,-8.049182931032057,8.049182931032057,75-100%
18.0,10.282865794544602,-7.717134205455398,7.717134205455398,75-100%
18.0,10.105836508402335,-7.894163491597665,7.894163491597665,75-100%
18.0,10.909400707460076,-7.090599292539924,7.090599292539924,75-100%
18.0,11.490431530946937,-6.509568469053063,6.509568469053063,75-100%
18.0,10.624561788018156,-7.3754382119818445,7.3754382119818445,75-100%
18.0,10.287722474402837,-7.7122775255971625,7.7122775255971625,75-100%
18.0,10.458062144096655,-7.541937855903345,7.541937855903345,75-100%
18.0,10.110636763354039,-7.889363236645961,7.889363236645961,75-100%
18.0,10.140261489574332,-7.859738510425668,7.859738510425668,75-100%
18.0,10.472700388754646,-7.527299611245354,7.527299611245354,75-100%
18.0,11.129360962609596,-6.870639037390404,6.870639037390404,75-100%
18.0,11.474753035570213,-6.525246964429787,6.525246964429787,75-100%
18.0,11.451639260849399,-6.548360739150601,6.548360739150601,75-100%
18.0,11.474753035570213,-6.525246964429787,6.525246964429787,75-100%
18.0,10.318432282179721,-7.681567717820279,7.681567717820279,75-100%
18.0,11.519549898401628,-6.480450101598372,6.480450101598372,75-100%
18.0,10.817993887952571,-7.182006112047429,7.182006112047429,75-100%
18.0,10.73907234546313,-7.26092765453687,7.26092765453687,75-100%
18.0,11.662185808504512,-6.337814191495488,6.337814191495488,75-100%
18.0,11.490431530946937,-6.509568469053063,6.509568469053063,75-100%
18.0,11.490431530946937,-6.509568469053063,6.509568469053063,75-100%
18.0,11.535284695286268,-6.464715304713732,6.464715304713732,75-100%
18.0,10.795929187829046,-7.204070812170954,7.204070812170954,75-100%
18.0,10.83038203581598,-7.16961796418402,7.16961796418402,75-100%
18.0,11.662185808504512,-6.337814191495488,6.337814191495488,75-100%
18.0,11.949978016771762,-6.050021983228238,6.050021983228238,75-100%
18.0,11.026274594221936,-6.9737254057780635,6.9737254057780635,75-100%
18.0,10.83038203581598,-7.16961796418402,7.16961796418402,75-100%
18.0,10.662171858539388,-7.337828141460612,7.337828141460612,75-100%
18.0,11.026274594221936,-6.9737254057780635,6.9737254057780635,75-100%
18.0,11.662185808504512,-6.337814191495488,6.337814191495488,75-100%
7.0,12.242458611373848,5.2424586113738485,5.2424586113738485,25-50%
7.0,12.343557720577982,5.343557720577982,5.343557720577982,25-50%
7.0,11.38659542755848,4.386595427558481,4.386595427558481,25-50%
7.0,11.327524148932442,4.327524148932442,4.327524148932442,25-50%
7.0,12.12687586802039,5.12687586802039,5.12687586802039,25-50%
7.0,12.12687586802039,5.12687586802039,5.12687586802039,25-50%
7.0,12.12687586802039,5.12687586802039,5.12687586802039,25-50%
7.0,12.12687586802039,5.12687586802039,5.12687586802039,25-50%
7.0,11.902986399254576,4.902986399254576,4.902986399254576,25-50%
7.0,12.12687586802039,5.12687586802039,5.12687586802039,25-50%
7.0,11.902986399254576,4.902986399254576,4.902986399254576,25-50%
7.0,11.902986399254576,4.902986399254576,4.902986399254576,25-50%
7.0,11.902986399254576,4.902986399254576,4.902986399254576,25-50%
7.0,11.544371117329506,4.544371117329506,4.544371117329506,25-50%
7.0,11.902986399254576,4.902986399254576,4.902986399254576,25-50%
7.0,11.902986399254576,4.902986399254576,4.902986399254576,25-50%
7.0,11.902986399254576,4.902986399254576,4.902986399254576,25-50%
7.0,12.343557720577982,5.343557720577982,5.343557720577982,25-50%
7.0,11.902986399254576,4.902986399254576,4.902986399254576,25-50%
7.0,11.902986399254576,4.902986399254576,4.902986399254576,25-50%
7.0,11.902986399254576,4.902986399254576,4.902986399254576,25-50%
7.0,11.843111835143437,4.8431118351434375,4.8431118351434375,25-50%
7.0,11.902986399254576,4.902986399254576,4.902986399254576,25-50%
7.0,11.902986399254576,4.902986399254576,4.902986399254576,25-50%
20.0,11.971498369409154,-8.028501630590846,8.028501630590846,75-100%
20.0,11.971498369409154,-8.028501630590846,8.028501630590846,75-100%
20.0,11.959062435269683,-8.040937564730317,8.040937564730317,75-100%
20.0,11.980837995237518,-8.019162004762482,8.019162004762482,75-100%
20.0,11.980837995237518,-8.019162004762482,8.019162004762482,75-100%
20.0,11.340121769502806,-8.659878230497194,8.659878230497194,75-100%
20.0,11.971498369409154,-8.028501630590846,8.028501630590846,75-100%
20.0,11.971498369409154,-8.028501630590846,8.028501630590846,75-100%
20.0,11.993294825906423,-8.006705174093577,8.006705174093577,75-100%
20.0,11.993294825906423,-8.006705174093577,8.006705174093577,75-100%
20.0,11.980837995237518,-8.019162004762482,8.019162004762482,75-100%
20.0,11.980837995237518,-8.019162004762482,8.019162004762482,75-100%
20.0,12.315242440378796,-7.684757559621204,7.684757559621204,75-100%
20.0,11.971498369409154,-8.028501630590846,8.028501630590846,75-100%
20.0,11.971498369409154,-8.028501630590846,8.028501630590846,75-100%
20.0,11.993294825906423,-8.006705174093577,8.006705174093577,75-100%
20.0,11.993294825906423,-8.006705174093577,8.006705174093577,75-100%
20.0,11.993294825906423,-8.006705174093577,8.006705174093577,75-100%
20.0,11.980837995237518,-8.019162004762482,8.019162004762482,75-100%
20.0,11.980837995237518,-8.019162004762482,8.019162004762482,75-100%
20.0,11.9836586550336,-8.0163413449664,8.0163413449664,75-100%
20.0,12.037744473002398,-7.962255526997602,7.962255526997602,75-100%
20.0,11.971498369409154,-8.028501630590846,8.028501630590846,75-100%
20.0,11.971498369409154,-8.028501630590846,8.028501630590846,75-100%
20.0,11.993294825906423,-8.006705174093577,8.006705174093577,75-100%
20.0,11.993294825906423,-8.006705174093577,8.006705174093577,75-100%
20.0,11.993294825906423,-8.006705174093577,8.006705174093577,75-100%
20.0,11.727839110301547,-8.272160889698453,8.272160889698453,75-100%
20.0,11.993294825906423,-8.006705174093577,8.006705174093577,75-100%
20.0,12.093404688375681,-7.906595311624319,7.906595311624319,75-100%
20.0,11.993294825906423,-8.006705174093577,8.006705174093577,75-100%
20.0,11.680251771938517,-8.319748228061483,8.319748228061483,75-100%
20.0,11.971498369409154,-8.028501630590846,8.028501630590846,75-100%
20.0,11.971498369409154,-8.028501630590846,8.028501630590846,75-100%
20.0,11.971498369409154,-8.028501630590846,8.028501630590846,75-100%
20.0,11.971498369409154,-8.028501630590846,8.028501630590846,75-100%
20.0,11.971498369409154,-8.028501630590846,8.028501630590846,75-100%
13.0,11.25730602281136,-1.7426939771886403,1.7426939771886403,50-75%
13.0,11.312456919899269,-1.6875430801007312,1.6875430801007312,50-75%
13.0,10.423919063980252,-2.576080936019748,2.576080936019748,50-75%
13.0,10.854183899734288,-2.145816100265712,2.145816100265712,50-75%
13.0,11.567823663809225,-1.432176336190775,1.432176336190775,50-75%
13.0,11.25730602281136,-1.7426939771886403,1.7426939771886403,50-75%
13.0,11.461649711996344,-1.538350288003656,1.538350288003656,50-75%
13.0,11.016515148985686,-1.983484851014314,1.983484851014314,50-75%
13.0,10.432039512491555,-2.5679604875084454,2.5679604875084454,50-75%
13.0,11.455488775375382,-1.5445112246246175,1.5445112246246175,50-75%
13.0,12.05334481431138,-0.9466551856886198,0.9466551856886198,50-75%
9.5,12.497459600680328,2.997459600680328,2.997459600680328,50-75%
9.5,11.202652442872685,1.7026524428726848,1.7026524428726848,50-75%
9.5,10.891735350975823,1.3917353509758232,1.3917353509758232,50-75%
9.5,12.298561854721019,2.7985618547210187,2.7985618547210187,50-75%
13.0,11.752209117911985,-1.2477908820880153,1.2477908820880153,50-75%
13.0,12.51455911987652,-0.4854408801234804,0.4854408801234804,50-75%
13.0,11.086296183876197,-1.9137038161238031,1.9137038161238031,50-75%
9.5,13.123130581259199,3.6231305812591987,3.6231305812591987,50-75%
9.5,12.42552268587171,2.9255226858717105,2.9255226858717105,50-75%
9.5,10.707203277058277,1.2072032770582766,1.2072032770582766,50-75%
9.5,12.335865932860854,2.8358659328608535,2.8358659328608535,50-75%
9.5,12.298561854721019,2.7985618547210187,2.7985618547210187,50-75%
9.5,12.695407051559723,3.195407051559723,3.195407051559723,50-75%
13.0,11.804532975270014,-1.195467024729986,1.195467024729986,50-75%
13.0,12.138317928303604,-0.8616820716963964,0.8616820716963964,50-75%
6.0,13.846142835935341,7.846142835935341,7.846142835935341,25-50%
9.5,12.944178532333638,3.4441785323336376,3.4441785323336376,50-75%
9.5,10.891735350975823,1.3917353509758232,1.3917353509758232,50-75%
9.5,12.585278566855738,3.085278566855738,3.085278566855738,50-75%
9.5,14.20903662508778,4.70903662508778,4.70903662508778,50-75%
9.5,13.8086585955654,4.308658595565401,4.308658595565401,50-75%
9.5,13.105019749012648,3.605019749012648,3.605019749012648,50-75%
9.5,15.298084021317102,5.798084021317102,5.798084021317102,50-75%
6.0,13.767017893611273,7.767017893611273,7.767017893611273,25-50%
9.5,12.695407051559723,3.195407051559723,3.195407051559723,50-75%
9.5,15.456802598856251,5.956802598856251,5.956802598856251,50-75%
9.5,15.76662644184354,6.26662644184354,6.26662644184354,50-75%
9.5,13.373207165883034,3.8732071658830343,3.8732071658830343,50-75%
9.5,13.050533306216039,3.550533306216039,3.550533306216039,50-75%
6.0,16.327869241581563,10.327869241581563,10.327869241581563,25-50%
6.0,17.001614018582316,11.001614018582316,11.001614018582316,25-50%
6.0,17.286708430436946,11.286708430436946,11.286708430436946,25-50%
6.0,16.313851625352445,10.313851625352445,10.313851625352445,25-50%
6.0,14.364348209680852,8.364348209680852,8.364348209680852,25-50%
6.0,17.078465786571467,11.078465786571467,11.078465786571467,25-50%
6.0,17.286708430436946,11.286708430436946,11.286708430436946,25-50%
6.0,16.34767414308128,10.347674143081282,10.347674143081282,25-50%
6.0,16.34767414308128,10.347674143081282,10.347674143081282,25-50%
6.0,16.34767414308128,10.347674143081282,10.347674143081282,25-50%
6.0,16.255216881205456,10.255216881205456,10.255216881205456,25-50%
6.0,16.34767414308128,10.347674143081282,10.347674143081282,25-50%
6.0,16.34767414308128,10.347674143081282,10.347674143081282,25-50%
17.0,12.117893448399002,-4.882106551600998,4.882106551600998,75-100%
17.0,12.878253707850716,-4.121746292149284,4.121746292149284,75-100%
17.0,12.3240560357706,-4.6759439642294005,4.6759439642294005,75-100%
17.0,12.382038510611999,-4.617961489388001,4.617961489388001,75-100%
17.0,12.588412142581559,-4.411587857418441,4.411587857418441,75-100%
15.0,12.268267189104767,-2.731732810895233,2.731732810895233,50-75%
17.0,12.382038510611999,-4.617961489388001,4.617961489388001,75-100%
17.0,12.878253707850716,-4.121746292149284,4.121746292149284,75-100%
17.0,12.547008345373655,-4.452991654626345,4.452991654626345,75-100%
17.0,12.366637141493857,-4.633362858506143,4.633362858506143,75-100%
15.0,12.33827037942804,-2.6617296205719594,2.6617296205719594,50-75%
15.0,12.71951757334985,-2.280482426650151,2.280482426650151,50-75%
15.0,13.097282950642784,-1.902717049357216,1.902717049357216,50-75%
17.0,12.927901506929995,-4.072098493070005,4.072098493070005,75-100%
17.0,12.927901506929995,-4.072098493070005,4.072098493070005,75-100%
17.0,12.801361934438956,-4.198638065561044,4.198638065561044,75-100%
12.666666666666664,12.33827037942804,-0.3283962872386237,0.3283962872386237,50-75%
12.666666666666664,13.005085722696249,0.33841905602958455,0.33841905602958455,50-75%
12.666666666666664,12.868983185895363,0.20231651922869887,0.20231651922869887,50-75%
15.0,13.315839253018844,-1.6841607469811564,1.6841607469811564,50-75%
17.0,13.039093930302961,-3.960906069697039,3.960906069697039,75-100%
13.0,12.379203392222859,-0.620796607777141,0.620796607777141,50-75%
10.5,13.439988002969196,2.939988002969196,2.939988002969196,50-75%
12.666666666666664,13.087894423593188,0.42122775692652326,0.42122775692652326,50-75%
12.666666666666664,13.315839253018844,0.6491725863521793,0.6491725863521793,50-75%
10.5,13.710047200925743,3.210047200925743,3.210047200925743,50-75%
5.0,12.383255143785792,7.383255143785792,7.383255143785792,0-25%
5.0,12.54634381259222,7.5463438125922195,7.5463438125922195,0-25%
5.0,11.953029482638533,6.953029482638533,6.953029482638533,0-25%
5.0,12.357809085247508,7.357809085247508,7.357809085247508,0-25%
13.0,12.875313461320632,-0.1246865386793683,0.1246865386793683,50-75%
10.5,13.625866347472204,3.125866347472204,3.125866347472204,50-75%
10.5,13.484140305738311,2.984140305738311,2.984140305738311,50-75%
8.666666666666666,13.764375260732043,5.097708594065377,5.097708594065377,50-75%
8.666666666666666,13.81253223005531,5.145865563388645,5.145865563388645,50-75%
5.0,12.54634381259222,7.5463438125922195,7.5463438125922195,0-25%
5.0,12.54634381259222,7.5463438125922195,7.5463438125922195,0-25%
5.0,12.357809085247508,7.357809085247508,7.357809085247508,0-25%
5.0,13.030784247348114,8.030784247348114,8.030784247348114,0-25%
5.0,13.030784247348114,8.030784247348114,8.030784247348114,0-25%
10.5,14.353456674391204,3.8534566743912038,3.8534566743912038,50-75%
10.5,14.283852242286205,3.783852242286205,3.783852242286205,50-75%
10.5,14.218683244869819,3.718683244869819,3.718683244869819,50-75%
10.5,14.189659461946679,3.689659461946679,3.689659461946679,50-75%
10.5,13.710047200925743,3.210047200925743,3.210047200925743,50-75%
6.5,12.25518074925521,5.75518074925521,5.75518074925521,25-50%
5.0,12.298200117314526,7.298200117314526,7.298200117314526,0-25%
5.0,12.54634381259222,7.5463438125922195,7.5463438125922195,0-25%
5.0,13.074626164278097,8.074626164278097,8.074626164278097,0-25%
8.0,14.302958304821287,6.302958304821287,6.302958304821287,25-50%
10.5,13.205266698302733,2.705266698302733,2.705266698302733,50-75%
8.0,12.839018189972261,4.839018189972261,4.839018189972261,25-50%
5.0,11.920036512975289,6.9200365129752885,6.9200365129752885,0-25%
5.0,11.920036512975289,6.9200365129752885,6.9200365129752885,0-25%
5.0,12.290328088696103,7.2903280886961035,7.2903280886961035,0-25%
5.0,12.505065391066031,7.505065391066031,7.505065391066031,0-25%
5.0,11.93468796364736,6.9346879636473595,6.9346879636473595,0-25%
8.0,14.119759007360908,6.1197590073609085,6.1197590073609085,25-50%
8.333333333333334,11.78239099394358,3.4490576606102454,3.4490576606102454,50-75%
8.5,12.306767426296732,3.806767426296732,3.806767426296732,50-75%
5.0,12.505065391066031,7.505065391066031,7.505065391066031,0-25%
5.0,12.460252303524344,7.460252303524344,7.460252303524344,0-25%
5.0,12.206074150851792,7.2060741508517925,7.2060741508517925,0-25%
5.0,11.427394361806412,6.427394361806412,6.427394361806412,0-25%
9.0,12.24920337685041,3.24920337685041,3.24920337685041,50-75%
9.0,12.24920337685041,3.24920337685041,3.24920337685041,50-75%
8.5,12.35604088287106,3.85604088287106,3.85604088287106,50-75%
8.5,12.208348882674102,3.708348882674102,3.708348882674102,50-75%
5.0,12.074638295936605,7.074638295936605,7.074638295936605,0-25%
5.0,11.586011489922544,6.586011489922544,6.586011489922544,0-25%
10.0,12.305938725549266,2.3059387255492663,2.3059387255492663,50-75%
10.0,12.29909190299406,2.2990919029940606,2.2990919029940606,50-75%
10.0,12.073079603817426,2.073079603817426,2.073079603817426,50-75%
9.0,12.29909190299406,3.2990919029940606,3.2990919029940606,50-75%
9.0,12.29909190299406,3.2990919029940606,3.2990919029940606,50-75%
12.0,11.746769035098845,-0.2532309649011548,0.2532309649011548,50-75%
12.0,12.986917435026362,0.9869174350263616,0.9869174350263616,50-75%
12.0,12.069289844702405,0.06928984470240529,0.06928984470240529,50-75%
9.0,11.316688879729487,2.3166888797294867,2.3166888797294867,50-75%
10.0,11.28745410110788,1.2874541011078797,1.2874541011078797,50-75%
10.0,10.749277697371642,0.7492776973716424,0.7492776973716424,50-75%
10.0,12.29909190299406,2.2990919029940606,2.2990919029940606,50-75%
10.0,12.29909190299406,2.2990919029940606,2.2990919029940606,50-75%
10.0,12.330733608790332,2.3307336087903323,2.3307336087903323,50-75%
9.0,12.912371874770864,3.912371874770864,3.912371874770864,50-75%
9.0,12.986917435026362,3.9869174350263616,3.9869174350263616,50-75%
12.0,12.986917435026362,0.9869174350263616,0.9869174350263616,50-75%
12.0,12.069289844702405,0.06928984470240529,0.06928984470240529,50-75%
9.0,10.777145432083127,1.7771454320831275,1.7771454320831275,50-75%
9.0,11.28745410110788,2.2874541011078797,2.2874541011078797,50-75%
10.0,11.28745410110788,1.2874541011078797,1.2874541011078797,50-75%
10.0,11.28745410110788,1.2874541011078797,1.2874541011078797,50-75%
10.0,11.28745410110788,1.2874541011078797,1.2874541011078797,50-75%
10.0,12.986917435026362,2.9869174350263616,2.9869174350263616,50-75%
10.0,12.986917435026362,2.9869174350263616,2.9869174350263616,50-75%
9.0,12.912371874770864,3.912371874770864,3.912371874770864,50-75%
12.0,12.986917435026362,0.9869174350263616,0.9869174350263616,50-75%
12.0,10.683280697981747,-1.316719302018253,1.316719302018253,50-75%
9.0,11.340071075368053,2.340071075368053,2.340071075368053,50-75%
9.0,11.104546902781268,2.1045469027812675,2.1045469027812675,50-75%
10.0,11.28745410110788,1.2874541011078797,1.2874541011078797,50-75%
10.0,12.068208949895087,2.0682089498950873,2.0682089498950873,50-75%
10.0,11.922957992355842,1.9229579923558422,1.9229579923558422,50-75%
9.0,11.922957992355842,2.922957992355842,2.922957992355842,50-75%
9.0,12.912371874770864,3.912371874770864,3.912371874770864,50-75%
12.0,10.694636444521365,-1.3053635554786354,1.3053635554786354,50-75%
9.0,11.241360504670364,2.2413605046703644,2.2413605046703644,50-75%
9.0,11.234143111389056,2.2341431113890557,2.2341431113890557,50-75%
9.0,12.113767147205982,3.113767147205982,3.113767147205982,50-75%
6.0,12.935883004353222,6.935883004353222,6.935883004353222,25-50%
12.0,11.827787618906099,-0.17221238109390136,0.17221238109390136,50-75%
12.0,11.28745410110788,-0.7125458988921203,0.7125458988921203,50-75%
12.0,11.241360504670364,-0.7586394953296356,0.7586394953296356,50-75%
10.0,13.482896367523278,3.482896367523278,3.482896367523278,50-75%
10.0,11.943623528586128,1.9436235285861283,1.9436235285861283,50-75%
10.0,13.21075325126916,3.2107532512691606,3.2107532512691606,50-75%
10.0,13.702010636172512,3.7020106361725116,3.7020106361725116,50-75%
10.0,14.146286346338904,4.146286346338904,4.146286346338904,50-75%
10.0,11.943623528586128,1.9436235285861283,1.9436235285861283,50-75%
10.0,12.341971700059268,2.3419717000592684,2.3419717000592684,50-75%
10.0,13.655476433446161,3.655476433446161,3.655476433446161,50-75%
10.0,13.196843844341034,3.196843844341034,3.196843844341034,50-75%
10.0,12.270863483405094,2.270863483405094,2.270863483405094,50-75%
10.0,11.874621980133258,1.8746219801332575,1.8746219801332575,50-75%
10.0,11.746384908406343,1.746384908406343,1.746384908406343,50-75%
10.0,12.942487232511061,2.942487232511061,2.942487232511061,50-75%
10.0,12.540620970731958,2.5406209707319576,2.5406209707319576,50-75%
10.0,13.786138108397648,3.7861381083976475,3.7861381083976475,50-75%
10.0,12.341971700059268,2.3419717000592684,2.3419717000592684,50-75%
10.0,12.960720095701005,2.9607200957010047,2.9607200957010047,50-75%
10.0,11.490847338908104,1.4908473389081038,1.4908473389081038,50-75%
10.0,12.684849538359463,2.6848495383594635,2.6848495383594635,50-75%
10.0,12.942487232511061,2.942487232511061,2.942487232511061,50-75%
10.0,11.838483869119411,1.8384838691194112,1.8384838691194112,50-75%
10.0,12.010474472928085,2.0104744729280846,2.0104744729280846,50-75%
10.0,12.575038358706422,2.575038358706422,2.575038358706422,50-75%
10.0,11.746384908406343,1.746384908406343,1.746384908406343,50-75%
10.0,11.746384908406343,1.746384908406343,1.746384908406343,50-75%
10.0,12.699102040374852,2.699102040374852,2.699102040374852,50-75%
10.0,11.4237483124352,1.4237483124351993,1.4237483124351993,50-75%
10.0,11.304902477564703,1.3049024775647027,1.3049024775647027,50-75%
10.0,11.838483869119411,1.8384838691194112,1.8384838691194112,50-75%
10.0,11.530642733350504,1.5306427333505042,1.5306427333505042,50-75%
9.0,13.267673988262759,4.267673988262759,4.267673988262759,50-75%
9.0,12.314298482856621,3.3142984828566213,3.3142984828566213,50-75%
9.0,12.464381489582578,3.4643814895825784,3.4643814895825784,50-75%
9.0,12.330031880653397,3.3300318806533973,3.3300318806533973,50-75%
7.5,12.834287973480748,5.334287973480748,5.334287973480748,25-50%
7.5,12.834287973480748,5.334287973480748,5.334287973480748,25-50%
7.5,12.972913873824535,5.472913873824535,5.472913873824535,25-50%
6.0,12.940877463286206,6.940877463286206,6.940877463286206,25-50%
6.0,12.898442947834965,6.898442947834965,6.898442947834965,25-50%
9.0,11.637991398618277,2.6379913986182775,2.6379913986182775,50-75%
7.5,12.591522631139032,5.091522631139032,5.091522631139032,25-50%
7.5,12.866079439275572,5.3660794392755715,5.3660794392755715,25-50%
7.5,12.866079439275572,5.3660794392755715,5.3660794392755715,25-50%
7.5,12.972913873824535,5.472913873824535,5.472913873824535,25-50%
6.0,12.940877463286206,6.940877463286206,6.940877463286206,25-50%
6.0,12.972913873824535,6.972913873824535,6.972913873824535,25-50%
6.0,12.972913873824535,6.972913873824535,6.972913873824535,25-50%
6.0,12.972913873824535,6.972913873824535,6.972913873824535,25-50%
7.5,12.41439075241897,4.914390752418971,4.914390752418971,25-50%
7.5,12.330031880653397,4.830031880653397,4.830031880653397,25-50%
7.5,12.866079439275572,5.3660794392755715,5.3660794392755715,25-50%
7.5,12.972913873824535,5.472913873824535,5.472913873824535,25-50%
7.5,12.897580457685356,5.397580457685356,5.397580457685356,25-50%
6.0,12.940877463286206,6.940877463286206,6.940877463286206,25-50%
6.0,12.972913873824535,6.972913873824535,6.972913873824535,25-50%
6.0,12.897580457685356,6.897580457685356,6.897580457685356,25-50%
11.0,11.13201780536097,0.1320178053609702,0.1320178053609702,50-75%
11.0,11.241502762508889,0.24150276250888858,0.24150276250888858,50-75%
11.0,11.277257015276318,0.27725701527631763,0.27725701527631763,50-75%
11.0,11.277257015276318,0.27725701527631763,0.27725701527631763,50-75%
11.0,11.297109974329445,0.2971099743294445,0.2971099743294445,50-75%
11.0,11.360167805936468,0.36016780593646835,0.36016780593646835,50-75%
9.0,11.657902386732403,2.6579023867324025,2.6579023867324025,50-75%
9.0,11.527628680019951,2.5276286800199514,2.5276286800199514,50-75%
9.0,11.564157126088272,2.564157126088272,2.564157126088272,50-75%
7.5,12.437221999592136,4.937221999592136,4.937221999592136,25-50%
7.5,12.977580050648235,5.4775800506482355,5.4775800506482355,25-50%
7.5,13.085273567594644,5.585273567594644,5.585273567594644,25-50%
7.5,12.940877463286206,5.440877463286206,5.440877463286206,25-50%
6.0,12.972913873824535,6.972913873824535,6.972913873824535,25-50%
6.0,12.972913873824535,6.972913873824535,6.972913873824535,25-50%
6.0,12.788200403218509,6.788200403218509,6.788200403218509,25-50%
11.0,11.103370474312278,0.1033704743122783,0.1033704743122783,50-75%
11.0,11.155199171084448,0.15519917108444758,0.15519917108444758,50-75%
11.0,11.386043324763286,0.3860433247632855,0.3860433247632855,50-75%
11.0,11.953482060803235,0.9534820608032355,0.9534820608032355,50-75%
11.0,11.306377047187981,0.306377047187981,0.306377047187981,50-75%
11.0,11.277257015276318,0.27725701527631763,0.27725701527631763,50-75%
9.0,11.994436427584064,2.9944364275840645,2.9944364275840645,50-75%
9.0,12.219352788909998,3.2193527889099975,3.2193527889099975,50-75%
7.5,12.977580050648235,5.4775800506482355,5.4775800506482355,25-50%
7.5,13.085273567594644,5.585273567594644,5.585273567594644,25-50%
7.5,13.085273567594644,5.585273567594644,5.585273567594644,25-50%
6.0,12.897580457685356,6.897580457685356,6.897580457685356,25-50%
6.0,12.972913873824535,6.972913873824535,6.972913873824535,25-50%
6.0,12.940877463286206,6.940877463286206,6.940877463286206,25-50%
11.0,11.82470133289696,0.8247013328969608,0.8247013328969608,50-75%
11.0,12.427174663787838,1.427174663787838,1.427174663787838,50-75%
11.0,13.03740424521251,2.0374042452125103,2.0374042452125103,50-75%
11.0,11.928535391384713,0.9285353913847132,0.9285353913847132,50-75%
11.0,11.386043324763286,0.3860433247632855,0.3860433247632855,50-75%
11.0,11.35673478208713,0.3567347820871305,0.3567347820871305,50-75%
11.0,11.442936215814683,0.442936215814683,0.442936215814683,50-75%
9.0,12.609499087527658,3.6094990875276576,3.6094990875276576,50-75%
9.0,12.76815953075316,3.7681595307531595,3.7681595307531595,50-75%
9.0,12.437221999592136,3.4372219995921363,3.4372219995921363,50-75%
7.5,12.977580050648235,5.4775800506482355,5.4775800506482355,25-50%
6.0,12.834287973480748,6.834287973480748,6.834287973480748,25-50%
6.0,12.940877463286206,6.940877463286206,6.940877463286206,25-50%
6.0,12.972913873824535,6.972913873824535,6.972913873824535,25-50%
11.0,12.99367827312288,1.99367827312288,1.99367827312288,50-75%
11.0,11.442217049817623,0.4422170498176232,0.4422170498176232,50-75%
11.0,11.41277558575771,0.4127755857577107,0.4127755857577107,50-75%
11.0,11.389102992125398,0.3891029921253981,0.3891029921253981,50-75%
11.0,11.44317929930575,0.4431792993057506,0.4431792993057506,50-75%
11.0,11.50349659403535,0.5034965940353509,0.5034965940353509,50-75%
11.0,13.03740424521251,2.0374042452125103,2.0374042452125103,50-75%
11.0,11.41277558575771,0.4127755857577107,0.4127755857577107,50-75%
11.0,11.088313365407625,0.08831336540762535,0.08831336540762535,50-75%
11.0,11.492888432526964,0.49288843252696424,0.49288843252696424,50-75%
11.0,11.50349659403535,0.5034965940353509,0.5034965940353509,50-75%
11.0,11.286673151310815,0.28667315131081494,0.28667315131081494,50-75%
11.0,11.302795626184272,0.30279562618427214,0.30279562618427214,50-75%
6.0,12.07486985050753,6.074869850507531,6.074869850507531,25-50%
6.0,12.554755781227362,6.554755781227362,6.554755781227362,25-50%
5.5,12.210302876216137,6.7103028762161365,6.7103028762161365,25-50%
10.0,12.925709787916107,2.925709787916107,2.925709787916107,50-75%
10.0,12.925709787916107,2.925709787916107,2.925709787916107,50-75%
10.0,12.851490443809876,2.851490443809876,2.851490443809876,50-75%
10.0,12.314520989840979,2.314520989840979,2.314520989840979,50-75%
10.0,12.851490443809876,2.851490443809876,2.851490443809876,50-75%
6.0,12.554755781227362,6.554755781227362,6.554755781227362,25-50%
5.5,12.554755781227362,7.054755781227362,7.054755781227362,25-50%
5.5,12.554755781227362,7.054755781227362,7.054755781227362,25-50%
5.5,12.554755781227362,7.054755781227362,7.054755781227362,25-50%
10.0,12.925709787916107,2.925709787916107,2.925709787916107,50-75%
10.0,12.851490443809876,2.851490443809876,2.851490443809876,50-75%
10.0,12.925709787916107,2.925709787916107,2.925709787916107,50-75%
10.0,12.1952565439695,2.1952565439694993,2.1952565439694993,50-75%
10.0,12.119588045885921,2.119588045885921,2.119588045885921,50-75%
6.0,12.554755781227362,6.554755781227362,6.554755781227362,25-50%
5.5,12.554755781227362,7.054755781227362,7.054755781227362,25-50%
5.5,12.554755781227362,7.054755781227362,7.054755781227362,25-50%
5.5,12.554755781227362,7.054755781227362,7.054755781227362,25-50%
5.5,11.830488669250595,6.330488669250595,6.330488669250595,25-50%
5.0,11.685578297756457,6.685578297756457,6.685578297756457,0-25%
10.0,12.15963810175805,2.15963810175805,2.15963810175805,50-75%
10.0,12.833146954381988,2.833146954381988,2.833146954381988,50-75%
10.0,12.833146954381988,2.833146954381988,2.833146954381988,50-75%
10.0,12.925709787916107,2.925709787916107,2.925709787916107,50-75%
10.0,12.119588045885921,2.119588045885921,2.119588045885921,50-75%
10.0,12.189885695345353,2.189885695345353,2.189885695345353,50-75%
6.0,12.482513497069192,6.482513497069192,6.482513497069192,25-50%
6.0,12.554755781227362,6.554755781227362,6.554755781227362,25-50%
5.5,12.482513497069192,6.982513497069192,6.982513497069192,25-50%
5.5,12.457474039185167,6.957474039185167,6.957474039185167,25-50%
5.5,11.57700685169842,6.077006851698419,6.077006851698419,25-50%
5.5,12.183278914758398,6.683278914758398,6.683278914758398,25-50%
5.5,12.183278914758398,6.683278914758398,6.683278914758398,25-50%
5.0,11.87394283905314,6.873942839053139,6.873942839053139,0-25%
5.0,12.331885027245772,7.331885027245772,7.331885027245772,0-25%
5.0,12.010028676114349,7.010028676114349,7.010028676114349,0-25%
10.0,12.833146954381988,2.833146954381988,2.833146954381988,50-75%
10.0,12.833146954381988,2.833146954381988,2.833146954381988,50-75%
10.0,12.833146954381988,2.833146954381988,2.833146954381988,50-75%
10.0,12.833146954381988,2.833146954381988,2.833146954381988,50-75%
10.0,12.519811479395656,2.5198114793956563,2.5198114793956563,50-75%
6.0,12.438183707135881,6.438183707135881,6.438183707135881,25-50%
6.0,12.438183707135881,6.438183707135881,6.438183707135881,25-50%
5.666666666666668,12.557619425087157,6.8909527584204895,6.8909527584204895,25-50%
5.666666666666668,12.557619425087157,6.8909527584204895,6.8909527584204895,25-50%
5.5,12.602775731759268,7.102775731759268,7.102775731759268,25-50%
5.5,12.183278914758398,6.683278914758398,6.683278914758398,25-50%
10.0,13.345880762170031,3.3458807621700313,3.3458807621700313,50-75%
10.0,12.442291705014242,2.4422917050142416,2.4422917050142416,50-75%
6.0,13.080209042785713,7.080209042785713,7.080209042785713,25-50%
6.0,13.005166269673996,7.005166269673996,7.005166269673996,25-50%
6.0,12.809312323391529,6.809312323391529,6.809312323391529,25-50%
6.0,12.366562712880484,6.366562712880484,6.366562712880484,25-50%
6.0,12.349784462170941,6.349784462170941,6.349784462170941,25-50%
5.666666666666668,12.54060135225685,6.873934685590182,6.873934685590182,25-50%
5.666666666666668,12.480786518936243,6.814119852269576,6.814119852269576,25-50%
5.5,12.602775731759268,7.102775731759268,7.102775731759268,25-50%
5.0,12.675662407523934,7.675662407523934,7.675662407523934,0-25%
5.0,12.183278914758398,7.183278914758398,7.183278914758398,0-25%
10.0,13.256084580440533,3.2560845804405325,3.2560845804405325,50-75%
10.0,12.78678198349806,2.7867819834980594,2.7867819834980594,50-75%
6.0,13.080209042785713,7.080209042785713,7.080209042785713,25-50%
6.0,13.080209042785713,7.080209042785713,7.080209042785713,25-50%
6.0,13.080209042785713,7.080209042785713,7.080209042785713,25-50%
6.0,12.883305667815936,6.883305667815936,6.883305667815936,25-50%
6.0,12.809312323391529,6.809312323391529,6.809312323391529,25-50%
6.0,12.915000935327233,6.9150009353272335,6.9150009353272335,25-50%
6.0,12.791978315444597,6.791978315444597,6.791978315444597,25-50%
6.0,12.90977959978507,6.90977959978507,6.90977959978507,25-50%
6.0,13.080209042785713,7.080209042785713,7.080209042785713,25-50%
6.0,13.080209042785713,7.080209042785713,7.080209042785713,25-50%
6.0,13.005166269673996,7.005166269673996,7.005166269673996,25-50%
6.0,13.00529555328868,7.005295553288679,7.005295553288679,25-50%
6.0,13.031293354825939,7.031293354825939,7.031293354825939,25-50%
6.0,12.809312323391529,6.809312323391529,6.809312323391529,25-50%
6.0,12.809312323391529,6.809312323391529,6.809312323391529,25-50%
6.0,13.001127344708308,7.001127344708308,7.001127344708308,25-50%
6.0,12.894077194938042,6.894077194938042,6.894077194938042,25-50%
6.0,12.151502519320541,6.151502519320541,6.151502519320541,25-50%
6.0,12.878243503969363,6.8782435039693635,6.8782435039693635,25-50%
6.0,13.048928138245364,7.048928138245364,7.048928138245364,25-50%
6.0,12.953243414136248,6.953243414136248,6.953243414136248,25-50%
6.0,12.98431127005884,6.984311270058839,6.984311270058839,25-50%
6.0,12.98431127005884,6.984311270058839,6.984311270058839,25-50%
6.0,12.953243414136248,6.953243414136248,6.953243414136248,25-50%
6.0,11.84086743284462,5.84086743284462,5.84086743284462,25-50%
6.0,11.84086743284462,5.84086743284462,5.84086743284462,25-50%
6.0,13.060749423805493,7.060749423805493,7.060749423805493,25-50%
8.0,13.731047051221248,5.731047051221248,5.731047051221248,25-50%
8.0,12.578459179286583,4.5784591792865825,4.5784591792865825,25-50%
8.0,12.008695771544776,4.008695771544776,4.008695771544776,25-50%
8.0,11.97791387411518,3.9779138741151794,3.9779138741151794,25-50%
8.0,12.067693377190587,4.0676933771905865,4.0676933771905865,25-50%
8.0,12.036771876354354,4.036771876354354,4.036771876354354,25-50%
8.0,12.192038360455072,4.192038360455072,4.192038360455072,25-50%
8.0,12.132479366041183,4.132479366041183,4.132479366041183,25-50%
8.0,12.167663673607077,4.167663673607077,4.167663673607077,25-50%
8.0,12.036771876354354,4.036771876354354,4.036771876354354,25-50%
8.0,11.54111471287938,3.5411147128793807,3.5411147128793807,25-50%
8.0,11.928733800095625,3.9287338000956247,3.9287338000956247,25-50%
8.0,12.167663673607077,4.167663673607077,4.167663673607077,25-50%
8.0,12.167663673607077,4.167663673607077,4.167663673607077,25-50%
8.0,12.192038360455072,4.192038360455072,4.192038360455072,25-50%
8.0,12.082970061471672,4.082970061471672,4.082970061471672,25-50%
8.0,11.845576970379359,3.8455769703793585,3.8455769703793585,25-50%
8.0,11.952920152300464,3.9529201523004645,3.9529201523004645,25-50%
8.0,12.036771876354354,4.036771876354354,4.036771876354354,25-50%
8.0,12.067693377190587,4.0676933771905865,4.0676933771905865,25-50%
4.0,12.37403651927135,8.37403651927135,8.37403651927135,0-25%
4.0,12.848230817861612,8.848230817861612,8.848230817861612,0-25%
4.0,14.150657910587812,10.150657910587812,10.150657910587812,0-25%
8.0,11.54111471287938,3.5411147128793807,3.5411147128793807,25-50%
4.0,12.854902312357334,8.854902312357334,8.854902312357334,0-25%
4.0,14.173059052478507,10.173059052478507,10.173059052478507,0-25%
4.0,14.150657910587812,10.150657910587812,10.150657910587812,0-25%
4.0,14.173059052478507,10.173059052478507,10.173059052478507,0-25%
4.0,14.173059052478507,10.173059052478507,10.173059052478507,0-25%
4.0,13.924331565802971,9.924331565802971,9.924331565802971,0-25%
4.0,13.94639807083545,9.94639807083545,9.94639807083545,0-25%
4.0,14.150657910587812,10.150657910587812,10.150657910587812,0-25%
4.0,13.94639807083545,9.94639807083545,9.94639807083545,0-25%
4.0,13.94639807083545,9.94639807083545,9.94639807083545,0-25%
4.0,13.924331565802971,9.924331565802971,9.924331565802971,0-25%
4.0,13.94639807083545,9.94639807083545,9.94639807083545,0-25%
4.0,12.130857772762859,8.130857772762859,8.130857772762859,0-25%
4.0,13.94639807083545,9.94639807083545,9.94639807083545,0-25%
4.0,13.94639807083545,9.94639807083545,9.94639807083545,0-25%
4.0,13.924331565802971,9.924331565802971,9.924331565802971,0-25%
4.0,12.77870434197581,8.77870434197581,8.77870434197581,0-25%
4.0,12.287244809288469,8.287244809288469,8.287244809288469,0-25%
4.0,13.94639807083545,9.94639807083545,9.94639807083545,0-25%
4.0,13.924331565802971,9.924331565802971,9.924331565802971,0-25%
4.0,13.94639807083545,9.94639807083545,9.94639807083545,0-25%
4.0,12.708181647102462,8.708181647102462,8.708181647102462,0-25%
4.0,12.130857772762859,8.130857772762859,8.130857772762859,0-25%
4.0,13.94639807083545,9.94639807083545,9.94639807083545,0-25%
4.0,13.94639807083545,9.94639807083545,9.94639807083545,0-25%
4.0,13.94639807083545,9.94639807083545,9.94639807083545,0-25%
14.0,12.18546200435534,-1.8145379956446597,1.8145379956446597,50-75%
14.0,11.905468329207288,-2.094531670792712,2.094531670792712,50-75%
14.0,12.016505742190015,-1.9834942578099852,1.9834942578099852,50-75%
16.0,11.577584587391332,-4.422415412608668,4.422415412608668,75-100%
13.666666666666664,12.078688830544076,-1.5879778361225885,1.5879778361225885,50-75%
14.0,11.984021989790268,-2.015978010209732,2.015978010209732,50-75%
14.0,12.003202622140538,-1.9967973778594619,1.9967973778594619,50-75%
13.666666666666664,11.999241749949423,-1.6674249167172412,1.6674249167172412,50-75%
13.666666666666664,11.94055318752901,-1.7261134791376538,1.7261134791376538,50-75%
13.666666666666664,12.006530284451953,-1.660136382214711,1.660136382214711,50-75%
14.0,12.016505742190015,-1.9834942578099852,1.9834942578099852,50-75%
13.0,11.67044629095436,-1.3295537090456406,1.3295537090456406,50-75%
13.0,11.98212274277055,-1.0178772572294505,1.0178772572294505,50-75%
13.666666666666664,11.887675029422471,-1.778991637244193,1.778991637244193,50-75%
13.666666666666664,12.006530284451953,-1.660136382214711,1.660136382214711,50-75%
13.666666666666664,12.044518984078092,-1.6221476825885723,1.6221476825885723,50-75%
13.666666666666664,12.044518984078092,-1.6221476825885723,1.6221476825885723,50-75%
13.666666666666664,11.950099473271184,-1.7165671933954805,1.7165671933954805,50-75%
14.0,12.016505742190015,-1.9834942578099852,1.9834942578099852,50-75%
12.0,12.321883311234032,0.321883311234032,0.321883311234032,50-75%
12.0,12.20143033426765,0.20143033426765022,0.20143033426765022,50-75%
13.0,11.630207069079718,-1.3697929309202816,1.3697929309202816,50-75%
13.0,11.773575668350198,-1.2264243316498025,1.2264243316498025,50-75%
13.666666666666664,11.912300274206597,-1.7543663924600672,1.7543663924600672,50-75%
13.666666666666664,12.160103847826145,-1.5065628188405196,1.5065628188405196,50-75%
13.666666666666664,12.763004426950971,-0.9036622397156933,0.9036622397156933,50-75%
13.666666666666664,12.075458860030514,-1.5912078066361506,1.5912078066361506,50-75%
13.666666666666664,12.044518984078092,-1.6221476825885723,1.6221476825885723,50-75%
12.0,12.151178969700513,0.15117896970051348,0.15117896970051348,50-75%
13.0,11.615070234697555,-1.384929765302445,1.384929765302445,50-75%
13.0,12.502822183492558,-0.49717781650744186,0.49717781650744186,50-75%
13.0,13.488706166008463,0.4887061660084626,0.4887061660084626,50-75%
12.5,13.783438508914074,1.2834385089140739,1.2834385089140739,50-75%
12.5,12.494711845282586,-0.005288154717414173,0.005288154717414173,50-75%
12.5,11.928462545127022,-0.5715374548729777,0.5715374548729777,50-75%
12.5,11.89787050000771,-0.6021294999922908,0.6021294999922908,50-75%
12.0,12.179482046185742,0.1794820461857416,0.1794820461857416,50-75%
13.0,11.510306001614463,-1.4896939983855368,1.4896939983855368,50-75%
13.0,11.510306001614463,-1.4896939983855368,1.4896939983855368,50-75%
12.0,12.299547305224173,0.2995473052241735,0.2995473052241735,50-75%
13.0,9.882344367318177,-3.1176556326818226,3.1176556326818226,50-75%
13.0,10.81821771004115,-2.18178228995885,2.18178228995885,50-75%
13.0,10.085130592417409,-2.914869407582591,2.914869407582591,50-75%
13.0,10.162040518897987,-2.837959481102013,2.837959481102013,50-75%
13.0,9.812349790010062,-3.187650209989938,3.187650209989938,50-75%
13.0,9.782437432412621,-3.217562567587379,3.217562567587379,50-75%
13.0,10.166505689786687,-2.8334943102133128,2.8334943102133128,50-75%
13.0,10.187842194266088,-2.8121578057339125,2.8121578057339125,50-75%
13.0,9.524855959913031,-3.4751440400869686,3.4751440400869686,50-75%
13.0,9.518533042018444,-3.4814669579815565,3.4814669579815565,50-75%
13.0,9.59875526084867,-3.4012447391513305,3.4012447391513305,50-75%
13.0,10.882873074631501,-2.117126925368499,2.117126925368499,50-75%
13.0,10.988366367772466,-2.011633632227534,2.011633632227534,50-75%
13.0,9.46830014769974,-3.5316998523002603,3.5316998523002603,50-75%
13.0,9.883038504522133,-3.1169614954778666,3.1169614954778666,50-75%
13.0,9.72449749395154,-3.2755025060484595,3.2755025060484595,50-75%
13.0,10.982634901046834,-2.0173650989531655,2.0173650989531655,50-75%
9.5,11.281350117906705,1.7813501179067046,1.7813501179067046,50-75%
9.333333333333334,11.34088219481018,2.0075488614768453,2.0075488614768453,50-75%
9.0,8.962750029044402,-0.03724997095559779,0.03724997095559779,50-75%
13.0,9.812349790010062,-3.187650209989938,3.187650209989938,50-75%
13.0,9.524176306953974,-3.475823693046026,3.475823693046026,50-75%
13.0,9.524176306953974,-3.475823693046026,3.475823693046026,50-75%
9.5,11.261506390876871,1.761506390876871,1.761506390876871,50-75%
9.333333333333334,11.281350117906705,1.9480167845733707,1.9480167845733707,50-75%
9.333333333333334,11.269659625845772,1.9363262925124385,1.9363262925124385,50-75%
9.333333333333334,10.269632777832044,0.9362994444987098,0.9362994444987098,50-75%
9.333333333333334,10.209250384078823,0.875917050745489,0.875917050745489,50-75%
7.5,11.569836539466527,4.069836539466527,4.069836539466527,25-50%
9.0,9.881292691088651,0.8812926910886514,0.8812926910886514,50-75%
9.0,9.147107790219758,0.14710779021975817,0.14710779021975817,50-75%
9.5,10.364304150810451,0.864304150810451,0.864304150810451,50-75%
9.5,11.261506390876871,1.761506390876871,1.761506390876871,50-75%
9.333333333333334,11.281350117906705,1.9480167845733707,1.9480167845733707,50-75%
9.333333333333334,10.269632777832044,0.9362994444987098,0.9362994444987098,50-75%
7.5,11.227290645349893,3.7272906453498926,3.7272906453498926,25-50%
9.0,10.186130634515742,1.1861306345157416,1.1861306345157416,50-75%
9.0,10.209250384078823,1.209250384078823,1.209250384078823,50-75%
6.0,11.064479635051216,5.064479635051216,5.064479635051216,25-50%
6.0,11.064479635051216,5.064479635051216,5.064479635051216,25-50%
7.5,11.745646986615663,4.245646986615663,4.245646986615663,25-50%
7.5,11.475324546339428,3.9753245463394276,3.9753245463394276,25-50%
7.5,11.478966229804598,3.9789662298045982,3.9789662298045982,25-50%
9.0,10.34258761170459,1.3425876117045892,1.3425876117045892,50-75%
9.0,10.277126470786385,1.277126470786385,1.277126470786385,50-75%
6.0,10.983383555058758,4.983383555058758,4.983383555058758,25-50%
6.0,10.789524191456701,4.789524191456701,4.789524191456701,25-50%
6.0,11.786099281569873,5.786099281569873,5.786099281569873,25-50%
7.5,11.483619958754277,3.983619958754277,3.983619958754277,25-50%
7.5,11.478966229804598,3.9789662298045982,3.9789662298045982,25-50%
7.5,11.487264063740918,3.987264063740918,3.987264063740918,25-50%
7.5,11.455167402985522,3.9551674029855217,3.9551674029855217,25-50%
7.5,11.663667760151753,4.163667760151753,4.163667760151753,25-50%
9.0,10.186130634515742,1.1861306345157416,1.1861306345157416,50-75%
6.0,10.983383555058758,4.983383555058758,4.983383555058758,25-50%
6.0,10.808604073847086,4.808604073847086,4.808604073847086,25-50%
6.0,11.78236796877679,5.782367968776789,5.782367968776789,25-50%
6.0,11.786099281569873,5.786099281569873,5.786099281569873,25-50%
6.0,11.786099281569873,5.786099281569873,5.786099281569873,25-50%
6.0,11.761714716623553,5.761714716623553,5.761714716623553,25-50%
6.0,11.786099281569873,5.786099281569873,5.786099281569873,25-50%
6.0,11.78236796877679,5.782367968776789,5.782367968776789,25-50%
7.0,7.215046210335491,0.21504621033549132,0.21504621033549132,25-50%
7.0,7.215046210335491,0.21504621033549132,0.21504621033549132,25-50%
7.0,7.215046210335491,0.21504621033549132,0.21504621033549132,25-50%
7.0,7.315442900070139,0.3154429000701393,0.3154429000701393,25-50%
7.0,7.315442900070139,0.3154429000701393,0.3154429000701393,25-50%
7.0,7.428914203677383,0.4289142036773832,0.4289142036773832,25-50%
7.0,7.3271475155675505,0.3271475155675505,0.3271475155675505,25-50%
7.0,7.250795738026829,0.2507957380268291,0.2507957380268291,25-50%
7.0,7.428914203677383,0.4289142036773832,0.4289142036773832,25-50%
7.0,7.428914203677383,0.4289142036773832,0.4289142036773832,25-50%
7.0,7.651387149568457,0.6513871495684569,0.6513871495684569,25-50%
7.0,7.428914203677383,0.4289142036773832,0.4289142036773832,25-50%
7.0,7.428914203677383,0.4289142036773832,0.4289142036773832,25-50%
7.0,7.651387149568457,0.6513871495684569,0.6513871495684569,25-50%
7.0,7.707392569151016,0.7073925691510157,0.7073925691510157,25-50%
7.0,7.6513495676583725,0.6513495676583725,0.6513495676583725,25-50%
7.0,7.428914203677383,0.4289142036773832,0.4289142036773832,25-50%
6.0,7.456505697771299,1.4565056977712993,1.4565056977712993,25-50%
6.0,7.665818374572142,1.665818374572142,1.665818374572142,25-50%
6.5,7.651387149568457,1.151387149568457,1.151387149568457,25-50%
6.5,7.767667812229072,1.2676678122290719,1.2676678122290719,25-50%
6.5,7.651387149568457,1.151387149568457,1.151387149568457,25-50%
6.5,7.428914203677383,0.9289142036773832,0.9289142036773832,25-50%
7.0,7.3271475155675505,0.3271475155675505,0.3271475155675505,25-50%
6.0,8.53511510466242,2.5351151046624203,2.5351151046624203,25-50%
6.0,7.659756005693142,1.6597560056931417,1.6597560056931417,25-50%
6.0,7.699571939810013,1.6995719398100126,1.6995719398100126,25-50%
6.0,7.531058175939783,1.5310581759397834,1.5310581759397834,25-50%
6.5,7.740952789437982,1.2409527894379817,1.2409527894379817,25-50%
6.5,7.651387149568457,1.151387149568457,1.151387149568457,25-50%
6.5,7.651387149568457,1.151387149568457,1.151387149568457,25-50%
7.0,7.651387149568457,0.6513871495684569,0.6513871495684569,25-50%
6.0,8.916476226462127,2.9164762264621267,2.9164762264621267,25-50%
6.0,7.539385590844672,1.539385590844672,1.539385590844672,25-50%
6.0,7.653500804295749,1.6535008042957493,1.6535008042957493,25-50%
6.0,7.684935941964168,1.6849359419641683,1.6849359419641683,25-50%
6.0,7.613772471822251,1.6137724718222506,1.6137724718222506,25-50%
6.5,7.448259105455992,0.9482591054559917,0.9482591054559917,25-50%
5.333333333333333,7.651387149568457,2.318053816235124,2.318053816235124,25-50%
5.333333333333333,7.651387149568457,2.318053816235124,2.318053816235124,25-50%
3.0,8.796694514634765,5.7966945146347655,5.7966945146347655,0-25%
3.0,8.796694514634765,5.7966945146347655,5.7966945146347655,0-25%
6.0,8.646787167073587,2.6467871670735867,2.6467871670735867,25-50%
6.0,7.533340607504076,1.5333406075040763,1.5333406075040763,25-50%
6.0,7.659756005693142,1.6597560056931417,1.6597560056931417,25-50%
6.0,7.684935941964168,1.6849359419641683,1.6849359419641683,25-50%
4.5,7.651311208293217,3.151311208293217,3.151311208293217,0-25%
4.5,7.684935941964168,3.1849359419641683,3.1849359419641683,0-25%
4.5,7.651311208293217,3.151311208293217,3.151311208293217,0-25%
3.0,8.796608519931059,5.796608519931059,5.796608519931059,0-25%
3.0,10.012067320840302,7.012067320840302,7.012067320840302,0-25%
3.0,9.921835575986446,6.921835575986446,6.921835575986446,0-25%
6.0,7.533340607504076,1.5333406075040763,1.5333406075040763,25-50%
6.0,7.665890541181155,1.665890541181155,1.665890541181155,25-50%
6.0,7.7811420511393665,1.7811420511393665,1.7811420511393665,25-50%
4.5,7.684935941964168,3.1849359419641683,3.1849359419641683,0-25%
4.5,7.657439761521534,3.157439761521534,3.157439761521534,0-25%
4.5,7.657439761521534,3.157439761521534,3.157439761521534,0-25%
4.5,7.691088314815328,3.191088314815328,3.191088314815328,0-25%
3.0,8.803548397057872,5.803548397057872,5.803548397057872,0-25%
3.0,8.83468463861761,5.83468463861761,5.83468463861761,0-25%
3.0,9.921835575986446,6.921835575986446,6.921835575986446,0-25%
3.0,9.797414128775522,6.797414128775522,6.797414128775522,0-25%
6.0,8.166281047573971,2.166281047573971,2.166281047573971,25-50%
6.0,7.569088514502356,1.569088514502356,1.569088514502356,25-50%
4.5,7.569088514502356,3.069088514502356,3.069088514502356,0-25%
4.5,7.569088514502356,3.069088514502356,3.069088514502356,0-25%
3.0,8.723441390747588,5.723441390747588,5.723441390747588,0-25%
3.0,8.789532135877828,5.789532135877828,5.789532135877828,0-25%
3.0,8.841651488710077,5.8416514887100774,5.8416514887100774,0-25%
3.0,9.797414128775522,6.797414128775522,6.797414128775522,0-25%
3.0,8.908098518089975,5.908098518089975,5.908098518089975,0-25%
3.0,8.671001851253925,5.671001851253925,5.671001851253925,0-25%
3.0,8.90583888986418,5.90583888986418,5.90583888986418,0-25%
3.0,8.841651488710077,5.8416514887100774,5.8416514887100774,0-25%
3.0,8.796608519931059,5.796608519931059,5.796608519931059,0-25%
3.0,8.83468463861761,5.83468463861761,5.83468463861761,0-25%
3.0,8.566675517551236,5.566675517551236,5.566675517551236,0-25%
3.0,8.671001851253925,5.671001851253925,5.671001851253925,0-25%
3.0,8.867487289266917,5.867487289266917,5.867487289266917,0-25%
3.0,8.90583888986418,5.90583888986418,5.90583888986418,0-25%
3.0,8.841651488710077,5.8416514887100774,5.8416514887100774,0-25%
3.0,8.83468463861761,5.83468463861761,5.83468463861761,0-25%
8.0,7.868630578851543,-0.13136942114845684,0.13136942114845684,25-50%
8.0,7.549523591668942,-0.45047640833105795,0.45047640833105795,25-50%
8.0,7.835562441879804,-0.16443755812019578,0.16443755812019578,25-50%
8.0,7.90660756766067,-0.09339243233933026,0.09339243233933026,25-50%
8.0,7.830970277067245,-0.16902972293275464,0.16902972293275464,25-50%
8.0,7.8247188825566845,-0.17528111744331554,0.17528111744331554,25-50%
8.0,7.528478217671074,-0.47152178232892616,0.47152178232892616,25-50%
8.0,7.513069177426747,-0.48693082257325315,0.48693082257325315,25-50%
8.0,7.741300900062099,-0.25869909993790063,0.25869909993790063,25-50%
8.0,7.6311477424679195,-0.3688522575320805,0.3688522575320805,25-50%
6.0,7.246646349562571,1.246646349562571,1.246646349562571,25-50%
6.0,7.250184195343643,1.2501841953436426,1.2501841953436426,25-50%
8.0,7.528478217671074,-0.47152178232892616,0.47152178232892616,25-50%
8.0,7.500897931240987,-0.4991020687590133,0.4991020687590133,25-50%
8.0,7.66105012407718,-0.33894987592282,0.33894987592282,25-50%
8.0,7.692718266016259,-0.30728173398374103,0.30728173398374103,25-50%
6.0,7.3425380316513875,1.3425380316513875,1.3425380316513875,25-50%
6.0,7.352155814340607,1.3521558143406072,1.3521558143406072,25-50%
6.0,7.395136624586695,1.3951366245866952,1.3951366245866952,25-50%
6.0,7.395136624586695,1.3951366245866952,1.3951366245866952,25-50%
8.0,8.115606843852952,0.11560684385295161,0.11560684385295161,25-50%
8.0,7.591948804921639,-0.40805119507836096,0.40805119507836096,25-50%
8.0,7.523163983630749,-0.4768360163692513,0.4768360163692513,25-50%
8.0,7.692718266016259,-0.30728173398374103,0.30728173398374103,25-50%
6.0,7.4444297275527145,1.4444297275527145,1.4444297275527145,25-50%
6.0,7.444968360832663,1.4449683608326627,1.4449683608326627,25-50%
6.0,7.499637512522801,1.499637512522801,1.499637512522801,25-50%
4.0,7.362633882480214,3.362633882480214,3.362633882480214,0-25%
4.0,7.395136624586695,3.395136624586695,3.395136624586695,0-25%
4.0,7.2860866334795364,3.2860866334795364,3.2860866334795364,0-25%
8.0,8.009635979611698,0.00963597961169782,0.00963597961169782,25-50%
8.0,7.465755015703873,-0.5342449842961274,0.5342449842961274,25-50%
8.0,7.6686698674427,-0.3313301325572997,0.3313301325572997,25-50%
6.0,7.3425380316513875,1.3425380316513875,1.3425380316513875,25-50%
6.0,7.419837567057904,1.419837567057904,1.419837567057904,25-50%
6.0,7.420374631711374,1.4203746317113737,1.4203746317113737,25-50%
4.0,7.384617831724316,3.3846178317243156,3.3846178317243156,0-25%
4.0,7.2860866334795364,3.2860866334795364,3.2860866334795364,0-25%
4.0,7.2860866334795364,3.2860866334795364,3.2860866334795364,0-25%
4.0,7.2860866334795364,3.2860866334795364,3.2860866334795364,0-25%
4.0,7.2860866334795364,3.2860866334795364,3.2860866334795364,0-25%
8.0,7.6686698674427,-0.3313301325572997,0.3313301325572997,25-50%
8.0,7.749549305686104,-0.250450694313896,0.250450694313896,25-50%
6.0,7.449483186702614,1.4494831867026141,1.4494831867026141,25-50%
4.0,7.2860866334795364,3.2860866334795364,3.2860866334795364,0-25%
4.0,7.2860866334795364,3.2860866334795364,3.2860866334795364,0-25%
4.0,7.339727252097396,3.339727252097396,3.339727252097396,0-25%
4.0,7.2860866334795364,3.2860866334795364,3.2860866334795364,0-25%
4.0,6.885492816830459,2.8854928168304594,2.8854928168304594,0-25%
9.0,7.855450177980102,-1.144549822019898,1.144549822019898,50-75%
9.0,7.8426145068474735,-1.1573854931525265,1.1573854931525265,50-75%
7.5,7.881095031981788,0.38109503198178807,0.38109503198178807,25-50%
7.5,7.881095031981788,0.38109503198178807,0.38109503198178807,25-50%
6.0,7.881095031981788,1.881095031981788,1.881095031981788,25-50%
7.5,7.881095031981788,0.38109503198178807,0.38109503198178807,25-50%
7.5,7.980166107771898,0.4801661077718977,0.4801661077718977,25-50%
7.5,7.881095031981788,0.38109503198178807,0.38109503198178807,25-50%
7.5,7.881095031981788,0.38109503198178807,0.38109503198178807,25-50%
9.333333333333334,7.881095031981788,-1.4522383013515459,1.4522383013515459,50-75%
9.333333333333334,7.881095031981788,-1.4522383013515459,1.4522383013515459,50-75%
7.5,7.881095031981788,0.38109503198178807,0.38109503198178807,25-50%
11.0,7.881095031981788,-3.118904968018212,3.118904968018212,50-75%
7.5,7.881095031981788,0.38109503198178807,0.38109503198178807,25-50%
11.0,8.545682717071177,-2.454317282928823,2.454317282928823,50-75%
11.0,8.545682717071177,-2.454317282928823,2.454317282928823,50-75%
11.0,8.545682717071177,-2.454317282928823,2.454317282928823,50-75%
11.0,8.545682717071177,-2.454317282928823,2.454317282928823,50-75%
11.0,8.368591049973066,-2.631408950026934,2.631408950026934,50-75%
12.0,8.368591049973066,-3.631408950026934,3.631408950026934,50-75%
13.0,8.436370824308687,-4.563629175691313,4.563629175691313,50-75%
13.0,8.436370824308687,-4.563629175691313,4.563629175691313,50-75%
13.0,7.881095031981788,-5.118904968018212,5.118904968018212,50-75%
13.0,7.881095031981788,-5.118904968018212,5.118904968018212,50-75%
11.0,7.881095031981788,-3.118904968018212,3.118904968018212,50-75%
9.333333333333334,7.881095031981788,-1.4522383013515459,1.4522383013515459,50-75%
6.0,7.881095031981788,1.881095031981788,1.881095031981788,25-50%
11.0,8.54559892573159,-2.454401074268411,2.454401074268411,50-75%
11.0,8.582699454643294,-2.4173005453567065,2.4173005453567065,50-75%
11.0,8.54559892573159,-2.454401074268411,2.454401074268411,50-75%
11.0,8.54559892573159,-2.454401074268411,2.454401074268411,50-75%
11.0,8.55483915994107,-2.4451608400589304,2.4451608400589304,50-75%
11.0,8.476547792472964,-2.5234522075270363,2.5234522075270363,50-75%
11.0,8.368591049973066,-2.631408950026934,2.631408950026934,50-75%
12.0,8.368591049973066,-3.631408950026934,3.631408950026934,50-75%
13.0,7.980166107771898,-5.019833892228102,5.019833892228102,50-75%
13.0,7.8426145068474735,-5.1573854931525265,5.1573854931525265,50-75%
13.0,7.8426145068474735,-5.1573854931525265,5.1573854931525265,50-75%
6.0,7.86561792494656,1.8656179249465596,1.8656179249465596,25-50%
6.0,7.86561792494656,1.8656179249465596,1.8656179249465596,25-50%
11.0,8.552360988695689,-2.447639011304311,2.447639011304311,50-75%
11.0,8.552360988695689,-2.447639011304311,2.447639011304311,50-75%
11.0,8.589487799469271,-2.4105122005307287,2.4105122005307287,50-75%
11.0,8.552360988695689,-2.447639011304311,2.447639011304311,50-75%
11.0,8.582699454643294,-2.4173005453567065,2.4173005453567065,50-75%
11.0,8.476547792472964,-2.5234522075270363,2.5234522075270363,50-75%
11.0,8.368591049973066,-2.631408950026934,2.631408950026934,50-75%
11.0,8.368591049973066,-2.631408950026934,2.631408950026934,50-75%
11.0,8.45487685613728,-2.5451231438627193,2.5451231438627193,50-75%
11.0,8.474306491384368,-2.525693508615632,2.525693508615632,50-75%
11.0,8.53870385343395,-2.461296146566051,2.461296146566051,50-75%
11.0,8.589487799469271,-2.4105122005307287,2.4105122005307287,50-75%
11.0,8.368591049973066,-2.631408950026934,2.631408950026934,50-75%
11.0,8.564200689619772,-2.4357993103802276,2.4357993103802276,50-75%
11.0,8.63038285325772,-2.3696171467422804,2.3696171467422804,50-75%
11.0,8.589487799469271,-2.4105122005307287,2.4105122005307287,50-75%
11.0,8.54559892573159,-2.454401074268411,2.454401074268411,50-75%
11.0,8.582699454643294,-2.4173005453567065,2.4173005453567065,50-75%
11.0,8.321557287644112,-2.6784427123558885,2.6784427123558885,50-75%
11.0,8.321557287644112,-2.6784427123558885,2.6784427123558885,50-75%
11.0,8.605156228282537,-2.394843771717463,2.394843771717463,50-75%
11.0,8.654027121369344,-2.345972878630656,2.345972878630656,50-75%
11.0,8.564200689619772,-2.4357993103802276,2.4357993103802276,50-75%
11.0,8.662501745100384,-2.337498254899616,2.337498254899616,50-75%
11.0,8.63038285325772,-2.3696171467422804,2.3696171467422804,50-75%
11.0,8.589487799469271,-2.4105122005307287,2.4105122005307287,50-75%
11.0,8.582699454643294,-2.4173005453567065,2.4173005453567065,50-75%
11.0,8.574694316345735,-2.4253056836542655,2.4253056836542655,50-75%
11.0,8.5454551420081,-2.4545448579919,2.4545448579919,50-75%
11.0,8.81055068137067,-2.1894493186293307,2.1894493186293307,50-75%
11.0,8.699437951136856,-2.300562048863144,2.300562048863144,50-75%
11.0,8.740972598820065,-2.259027401179935,2.259027401179935,50-75%
11.0,8.621470299661722,-2.3785297003382784,2.3785297003382784,50-75%
11.0,8.652028257992402,-2.347971742007598,2.347971742007598,50-75%
11.0,8.586706101289968,-2.413293898710032,2.413293898710032,50-75%
11.0,8.61552628227165,-2.3844737177283495,2.3844737177283495,50-75%
11.0,8.658701161564105,-2.341298838435895,2.341298838435895,50-75%
11.0,8.747449815883943,-2.252550184116057,2.252550184116057,50-75%
11.0,8.740972598820065,-2.259027401179935,2.259027401179935,50-75%
11.0,8.700056635908455,-2.299943364091545,2.299943364091545,50-75%
11.0,8.652028257992402,-2.347971742007598,2.347971742007598,50-75%
11.0,8.74376350144469,-2.2562364985553103,2.2562364985553103,50-75%
11.0,8.743142028980902,-2.256857971019098,2.256857971019098,50-75%
11.0,8.417804548215546,-2.582195451784454,2.582195451784454,50-75%
11.0,8.580906864334429,-2.4190931356655714,2.4190931356655714,50-75%
11.0,8.804031533544347,-2.1959684664556534,2.1959684664556534,50-75%
11.0,8.741593932905381,-2.2584060670946187,2.2584060670946187,50-75%
11.0,8.658865715057132,-2.341134284942868,2.341134284942868,50-75%
11.0,8.652028257992402,-2.347971742007598,2.347971742007598,50-75%
11.0,8.743142028980902,-2.256857971019098,2.256857971019098,50-75%
11.0,8.463287700041896,-2.536712299958104,2.536712299958104,50-75%
11.0,8.446189669503289,-2.5538103304967112,2.5538103304967112,50-75%
11.0,8.699437951136856,-2.300562048863144,2.300562048863144,50-75%
15.0,8.453741008578607,-6.546258991421393,6.546258991421393,50-75%
15.0,8.395484367923084,-6.604515632076916,6.604515632076916,50-75%
15.0,8.436370824308687,-6.563629175691313,6.563629175691313,50-75%
11.0,8.432684328763221,-2.567315671236779,2.567315671236779,50-75%
11.0,8.610390859508792,-2.389609140491208,2.389609140491208,50-75%
11.0,8.6804747318478,-2.3195252681521996,2.3195252681521996,50-75%
15.0,8.574694316345735,-6.4253056836542655,6.4253056836542655,50-75%
15.0,8.62396639995181,-6.37603360004819,6.37603360004819,50-75%
15.0,8.62396639995181,-6.37603360004819,6.37603360004819,50-75%
15.0,8.6804747318478,-6.3195252681522,6.3195252681522,50-75%
15.0,8.681092207038489,-6.318907792961511,6.318907792961511,50-75%
15.0,8.74376350144469,-6.25623649855531,6.25623649855531,50-75%
15.0,8.586706101289968,-6.413293898710032,6.413293898710032,50-75%
15.0,8.62396639995181,-6.37603360004819,6.37603360004819,50-75%
15.0,8.436370824308687,-6.563629175691313,6.563629175691313,50-75%
15.0,8.436370824308687,-6.563629175691313,6.563629175691313,50-75%
15.0,8.56366874027923,-6.43633125972077,6.43633125972077,50-75%
15.0,8.652282918314816,-6.347717081685184,6.347717081685184,50-75%
15.0,8.652898595272884,-6.347101404727116,6.347101404727116,50-75%
15.0,8.611907929244005,-6.388092070755995,6.388092070755995,50-75%
15.0,8.436370824308687,-6.563629175691313,6.563629175691313,50-75%
15.0,8.436370824308687,-6.563629175691313,6.563629175691313,50-75%
15.0,8.436370824308687,-6.563629175691313,6.563629175691313,50-75%
15.0,8.436370824308687,-6.563629175691313,6.563629175691313,50-75%
15.0,8.686267886055647,-6.3137321139443525,6.3137321139443525,50-75%
15.0,8.436370824308687,-6.563629175691313,6.563629175691313,50-75%
15.0,8.436370824308687,-6.563629175691313,6.563629175691313,50-75%
15.0,8.497457896036646,-6.5025421039633535,6.5025421039633535,50-75%
15.0,8.436370824308687,-6.563629175691313,6.563629175691313,50-75%
4.0,7.86561792494656,3.8656179249465596,3.8656179249465596,0-25%
4.0,7.86561792494656,3.8656179249465596,3.8656179249465596,0-25%
4.0,7.86561792494656,3.8656179249465596,3.8656179249465596,0-25%
4.0,7.86561792494656,3.8656179249465596,3.8656179249465596,0-25%
4.0,7.86561792494656,3.8656179249465596,3.8656179249465596,0-25%
4.0,7.935082381079751,3.9350823810797513,3.9350823810797513,0-25%
4.0,7.86561792494656,3.8656179249465596,3.8656179249465596,0-25%
4.0,7.86561792494656,3.8656179249465596,3.8656179249465596,0-25%
4.0,7.86561792494656,3.8656179249465596,3.8656179249465596,0-25%
12.0,10.652955630097392,-1.3470443699026085,1.3470443699026085,50-75%
12.0,10.645212197253155,-1.354787802746845,1.354787802746845,50-75%
12.0,10.645212197253155,-1.354787802746845,1.354787802746845,50-75%
12.0,10.636295247242554,-1.363704752757446,1.363704752757446,50-75%
12.0,9.59818798538127,-2.4018120146187307,2.4018120146187307,50-75%
12.0,10.652955630097392,-1.3470443699026085,1.3470443699026085,50-75%
12.0,9.605235204061815,-2.394764795938185,2.394764795938185,50-75%
12.0,9.70944742880919,-2.29055257119081,2.29055257119081,50-75%
12.0,9.70944742880919,-2.29055257119081,2.29055257119081,50-75%
12.0,9.724780787970046,-2.2752192120299544,2.2752192120299544,50-75%
12.0,9.57797601943671,-2.4220239805632904,2.4220239805632904,50-75%
12.0,9.724780787970046,-2.2752192120299544,2.2752192120299544,50-75%
12.0,10.652955630097392,-1.3470443699026085,1.3470443699026085,50-75%
12.0,9.70944742880919,-2.29055257119081,2.29055257119081,50-75%
12.0,9.569876271507606,-2.4301237284923936,2.4301237284923936,50-75%
12.0,9.28756475620396,-2.7124352437960404,2.7124352437960404,50-75%
12.0,9.605235204061815,-2.394764795938185,2.394764795938185,50-75%
12.0,9.711147270061943,-2.288852729938057,2.288852729938057,50-75%
12.0,10.652955630097392,-1.3470443699026085,1.3470443699026085,50-75%
12.0,10.614735004233115,-1.3852649957668852,1.3852649957668852,50-75%
12.0,9.569876271507606,-2.4301237284923936,2.4301237284923936,50-75%
12.0,10.652955630097392,-1.3470443699026085,1.3470443699026085,50-75%
12.0,10.614735004233115,-1.3852649957668852,1.3852649957668852,50-75%
12.0,9.68960449047221,-2.3103955095277904,2.3103955095277904,50-75%
12.0,9.28756475620396,-2.7124352437960404,2.7124352437960404,50-75%
12.0,10.614735004233115,-1.3852649957668852,1.3852649957668852,50-75%
12.0,9.70944742880919,-2.29055257119081,2.29055257119081,50-75%
12.0,9.296737499788476,-2.7032625002115243,2.7032625002115243,50-75%
14.0,10.412180478566615,-3.587819521433385,3.587819521433385,50-75%
14.0,10.929274435903954,-3.070725564096046,3.070725564096046,50-75%
14.0,11.189324817422824,-2.8106751825771763,2.8106751825771763,50-75%
14.0,12.09737404169988,-1.9026259583001206,1.9026259583001206,50-75%
14.0,11.435810417561012,-2.5641895824389884,2.5641895824389884,50-75%
14.0,11.221406242812838,-2.7785937571871617,2.7785937571871617,50-75%
14.0,11.189324817422824,-2.8106751825771763,2.8106751825771763,50-75%
14.0,11.289467526770107,-2.710532473229893,2.710532473229893,50-75%
14.0,9.564049137064835,-4.435950862935165,4.435950862935165,50-75%
14.0,9.535371493111182,-4.464628506888818,4.464628506888818,50-75%
14.0,9.535371493111182,-4.464628506888818,4.464628506888818,50-75%
14.0,11.42799831304124,-2.5720016869587603,2.5720016869587603,50-75%
14.0,11.412199636973867,-2.5878003630261333,2.5878003630261333,50-75%
14.0,11.420001810617755,-2.579998189382245,2.579998189382245,50-75%
14.0,11.42799831304124,-2.5720016869587603,2.5720016869587603,50-75%
14.0,11.42799831304124,-2.5720016869587603,2.5720016869587603,50-75%
14.0,11.297192552344878,-2.702807447655122,2.702807447655122,50-75%
14.0,11.297192552344878,-2.702807447655122,2.702807447655122,50-75%
14.0,11.289467526770107,-2.710532473229893,2.710532473229893,50-75%
14.0,9.62860279808879,-4.3713972019112095,4.3713972019112095,50-75%
14.0,9.62860279808879,-4.3713972019112095,4.3713972019112095,50-75%
14.0,9.5810638461479,-4.4189361538520995,4.4189361538520995,50-75%
14.0,9.608332827591047,-4.391667172408953,4.391667172408953,50-75%
14.0,9.535371493111182,-4.464628506888818,4.464628506888818,50-75%
14.0,9.546575681156481,-4.453424318843519,4.453424318843519,50-75%
14.0,11.297192552344878,-2.702807447655122,2.702807447655122,50-75%
14.0,11.297192552344878,-2.702807447655122,2.702807447655122,50-75%
14.0,11.42799831304124,-2.5720016869587603,2.5720016869587603,50-75%
14.0,11.289467526770107,-2.710532473229893,2.710532473229893,50-75%
14.0,11.289467526770107,-2.710532473229893,2.710532473229893,50-75%
14.0,11.289467526770107,-2.710532473229893,2.710532473229893,50-75%
14.0,11.289467526770107,-2.710532473229893,2.710532473229893,50-75%
14.0,9.62860279808879,-4.3713972019112095,4.3713972019112095,50-75%
14.0,9.608332827591047,-4.391667172408953,4.391667172408953,50-75%
14.0,9.608332827591047,-4.391667172408953,4.391667172408953,50-75%
14.0,9.608332827591047,-4.391667172408953,4.391667172408953,50-75%
14.0,9.535371493111182,-4.464628506888818,4.464628506888818,50-75%
14.0,10.679222492259152,-3.320777507740848,3.320777507740848,50-75%
14.0,10.655133397104667,-3.3448666028953333,3.3448666028953333,50-75%
14.0,10.663389845599873,-3.3366101544001268,3.3366101544001268,50-75%
14.0,11.137350611905688,-2.8626493880943116,2.8626493880943116,50-75%
14.0,11.266030095817715,-2.7339699041822847,2.7339699041822847,50-75%
14.0,11.297639354373853,-2.702360645626147,2.702360645626147,50-75%
14.0,9.62860279808879,-4.3713972019112095,4.3713972019112095,50-75%
14.0,9.608332827591047,-4.391667172408953,4.391667172408953,50-75%
14.0,9.535371493111182,-4.464628506888818,4.464628506888818,50-75%
14.0,9.508290060579663,-4.491709939420337,4.491709939420337,50-75%
14.0,9.515277502028866,-4.484722497971134,4.484722497971134,50-75%
14.0,10.108844299795928,-3.891155700204072,3.891155700204072,50-75%
14.0,10.108844299795928,-3.891155700204072,3.891155700204072,50-75%
14.0,10.412180478566615,-3.587819521433385,3.587819521433385,50-75%
14.0,9.588099678207069,-4.411900321792931,4.411900321792931,50-75%
14.0,9.608332827591047,-4.391667172408953,4.391667172408953,50-75%
14.0,9.505204997033193,-4.494795002966807,4.494795002966807,50-75%
14.0,9.546575681156481,-4.453424318843519,4.453424318843519,50-75%
14.0,9.498910394524898,-4.5010896054751015,4.5010896054751015,50-75%
14.0,9.564049137064835,-4.435950862935165,4.435950862935165,50-75%
14.0,9.535371493111182,-4.464628506888818,4.464628506888818,50-75%
14.0,9.497768421120202,-4.5022315788797975,4.5022315788797975,50-75%
27.0,11.696263170378948,-15.303736829621052,15.303736829621052,75-100%
27.0,11.795301532565752,-15.204698467434248,15.204698467434248,75-100%
27.0,11.110312745644787,-15.889687254355213,15.889687254355213,75-100%
27.0,11.714441172977708,-15.285558827022292,15.285558827022292,75-100%
27.0,11.110312745644787,-15.889687254355213,15.889687254355213,75-100%
27.0,11.10123351163927,-15.89876648836073,15.89876648836073,75-100%
27.0,11.575767303253498,-15.424232696746502,15.424232696746502,75-100%
27.0,11.705992378997863,-15.294007621002137,15.294007621002137,75-100%
28.0,10.522965894375922,-17.477034105624078,17.477034105624078,75-100%
28.0,10.522965894375922,-17.477034105624078,17.477034105624078,75-100%
27.0,11.441516440248927,-15.558483559751073,15.558483559751073,75-100%
27.0,11.455028049820358,-15.544971950179642,15.544971950179642,75-100%
27.0,11.575767303253498,-15.424232696746502,15.424232696746502,75-100%
27.0,11.705992378997863,-15.294007621002137,15.294007621002137,75-100%
27.0,11.705992378997863,-15.294007621002137,15.294007621002137,75-100%
27.0,11.705992378997863,-15.294007621002137,15.294007621002137,75-100%
28.0,10.219931990069373,-17.780068009930627,17.780068009930627,75-100%
28.0,10.026845689898916,-17.973154310101084,17.973154310101084,75-100%
28.0,10.026845689898916,-17.973154310101084,17.973154310101084,75-100%
28.0,10.522965894375922,-17.477034105624078,17.477034105624078,75-100%
28.0,10.837610005696227,-17.162389994303773,17.162389994303773,75-100%
28.0,10.837610005696227,-17.162389994303773,17.162389994303773,75-100%
27.0,11.110312745644787,-15.889687254355213,15.889687254355213,75-100%
27.0,11.624645076356192,-15.375354923643808,15.375354923643808,75-100%
27.0,11.705992378997863,-15.294007621002137,15.294007621002137,75-100%
27.0,11.705992378997863,-15.294007621002137,15.294007621002137,75-100%
28.0,10.837610005696227,-17.162389994303773,17.162389994303773,75-100%
28.0,10.837610005696227,-17.162389994303773,17.162389994303773,75-100%
27.0,11.624645076356192,-15.375354923643808,15.375354923643808,75-100%
27.0,11.705992378997863,-15.294007621002137,15.294007621002137,75-100%
28.0,11.019974864924801,-16.9800251350752,16.9800251350752,75-100%
28.0,10.837610005696227,-17.162389994303773,17.162389994303773,75-100%
28.0,10.837610005696227,-17.162389994303773,17.162389994303773,75-100%
28.0,10.776242493843743,-17.223757506156257,17.223757506156257,75-100%
28.0,10.226984717242594,-17.773015282757406,17.773015282757406,75-100%
28.0,10.837610005696227,-17.162389994303773,17.162389994303773,75-100%
28.0,10.837610005696227,-17.162389994303773,17.162389994303773,75-100%
28.0,10.837610005696227,-17.162389994303773,17.162389994303773,75-100%
28.0,10.522965894375922,-17.477034105624078,17.477034105624078,75-100%
28.0,10.40294288079701,-17.59705711920299,17.59705711920299,75-100%
28.0,10.522965894375922,-17.477034105624078,17.477034105624078,75-100%
28.0,10.522965894375922,-17.477034105624078,17.477034105624078,75-100%
28.0,10.522965894375922,-17.477034105624078,17.477034105624078,75-100%
7.0,11.203138583045781,4.2031385830457815,4.2031385830457815,25-50%
7.0,11.65225160608861,4.65225160608861,4.65225160608861,25-50%
7.0,10.958814662228228,3.958814662228228,3.958814662228228,25-50%
7.0,11.263865164788946,4.263865164788946,4.263865164788946,25-50%
7.0,11.444393632892268,4.444393632892268,4.444393632892268,25-50%
7.0,11.65225160608861,4.65225160608861,4.65225160608861,25-50%
7.0,11.59830352159016,4.598303521590161,4.598303521590161,25-50%
7.0,11.65225160608861,4.65225160608861,4.65225160608861,25-50%
7.0,11.419669878272577,4.419669878272577,4.419669878272577,25-50%
7.0,11.355923762116124,4.355923762116124,4.355923762116124,25-50%
7.0,11.73483823840332,4.73483823840332,4.73483823840332,25-50%
7.0,11.465017648570539,4.465017648570539,4.465017648570539,25-50%
7.0,11.64430353446011,4.644303534460111,4.644303534460111,25-50%
7.0,11.64430353446011,4.644303534460111,4.644303534460111,25-50%
7.0,11.65225160608861,4.65225160608861,4.65225160608861,25-50%
7.0,11.64430353446011,4.644303534460111,4.644303534460111,25-50%
7.0,11.785368419549997,4.785368419549997,4.785368419549997,25-50%
7.0,11.885007452211795,4.885007452211795,4.885007452211795,25-50%
17.0,11.365088159232712,-5.634911840767288,5.634911840767288,75-100%
17.0,11.14990184109751,-5.85009815890249,5.85009815890249,75-100%
7.0,11.65225160608861,4.65225160608861,4.65225160608861,25-50%
7.0,11.65225160608861,4.65225160608861,4.65225160608861,25-50%
7.0,11.785368419549997,4.785368419549997,4.785368419549997,25-50%
7.0,11.785368419549997,4.785368419549997,4.785368419549997,25-50%
12.0,12.391413462371336,0.3914134623713359,0.3914134623713359,50-75%
12.0,12.391413462371336,0.3914134623713359,0.3914134623713359,50-75%
17.0,12.58064456766068,-4.419355432339319,4.419355432339319,75-100%
17.0,11.684009514445012,-5.3159904855549875,5.3159904855549875,75-100%
17.0,11.684009514445012,-5.3159904855549875,5.3159904855549875,75-100%
17.0,11.520864574442136,-5.479135425557864,5.479135425557864,75-100%
17.0,11.14990184109751,-5.85009815890249,5.85009815890249,75-100%
7.0,11.219703919871291,4.219703919871291,4.219703919871291,25-50%
7.0,11.32349633882173,4.32349633882173,4.32349633882173,25-50%
12.0,11.924181538256624,-0.07581846174337592,0.07581846174337592,50-75%
12.0,12.030196761429194,0.030196761429193586,0.030196761429193586,50-75%
12.0,12.201534168555623,0.20153416855562334,0.20153416855562334,50-75%
17.0,12.49306303574971,-4.50693696425029,4.50693696425029,75-100%
17.0,12.58064456766068,-4.419355432339319,4.419355432339319,75-100%
17.0,12.388082131491007,-4.611917868508993,4.611917868508993,75-100%
17.0,11.528735053683416,-5.471264946316584,5.471264946316584,75-100%
17.0,11.413713191186908,-5.586286808813092,5.586286808813092,75-100%
17.0,11.14990184109751,-5.85009815890249,5.85009815890249,75-100%
17.0,10.278483930160107,-6.721516069839893,6.721516069839893,75-100%
7.0,10.434532917326674,3.434532917326674,3.434532917326674,25-50%
12.0,10.87774541216847,-1.1222545878315309,1.1222545878315309,50-75%
12.0,10.87774541216847,-1.1222545878315309,1.1222545878315309,50-75%
17.0,11.129321318279889,-5.870678681720111,5.870678681720111,75-100%
17.0,12.3012591506495,-4.6987408493505,4.6987408493505,75-100%
17.0,12.292903376217406,-4.7070966237825935,4.7070966237825935,75-100%
17.0,12.273509251080487,-4.726490748919513,4.726490748919513,75-100%
17.0,12.388082131491007,-4.611917868508993,4.611917868508993,75-100%
17.0,11.141058072512335,-5.858941927487665,5.858941927487665,75-100%
17.0,11.14990184109751,-5.85009815890249,5.85009815890249,75-100%
17.0,11.293646218157647,-5.706353781842353,5.706353781842353,75-100%
17.0,11.285923420369599,-5.714076579630401,5.714076579630401,75-100%
17.0,11.747489350661017,-5.2525106493389835,5.2525106493389835,75-100%
17.0,12.168286388871632,-4.831713611128368,4.831713611128368,75-100%
17.0,12.176563830421346,-4.823436169578654,4.823436169578654,75-100%
17.0,12.262572871824744,-4.737427128175256,4.737427128175256,75-100%
17.0,11.520864574442136,-5.479135425557864,5.479135425557864,75-100%
17.0,11.035338481386345,-5.964661518613655,5.964661518613655,75-100%
17.0,11.14990184109751,-5.85009815890249,5.85009815890249,75-100%
17.0,11.027777951031634,-5.972222048968366,5.972222048968366,75-100%
17.0,11.129321318279889,-5.870678681720111,5.870678681720111,75-100%
17.0,11.921197029908813,-5.078802970091187,5.078802970091187,75-100%
17.0,11.929319153775877,-5.070680846224123,5.070680846224123,75-100%
17.0,12.168286388871632,-4.831713611128368,4.831713611128368,75-100%
17.0,11.520864574442136,-5.479135425557864,5.479135425557864,75-100%
17.0,11.520864574442136,-5.479135425557864,5.479135425557864,75-100%
17.0,11.035338481386345,-5.964661518613655,5.964661518613655,75-100%
17.0,10.35275504082438,-6.6472449591756195,6.6472449591756195,75-100%
17.0,11.768841066223855,-5.231158933776145,5.231158933776145,75-100%
17.0,11.035338481386345,-5.964661518613655,5.964661518613655,75-100%
17.0,10.892087538300999,-6.1079124616990015,6.1079124616990015,75-100%
14.0,11.299467129301885,-2.7005328706981153,2.7005328706981153,50-75%
14.0,11.359440014227452,-2.6405599857725477,2.6405599857725477,50-75%
14.0,11.55426864443477,-2.445731355565229,2.445731355565229,50-75%
14.0,11.436576136446034,-2.5634238635539663,2.5634238635539663,50-75%
14.0,11.436576136446034,-2.5634238635539663,2.5634238635539663,50-75%
14.0,11.436576136446034,-2.5634238635539663,2.5634238635539663,50-75%
16.0,11.64430353446011,-4.355696465539889,4.355696465539889,75-100%
16.0,11.64430353446011,-4.355696465539889,4.355696465539889,75-100%
16.0,11.742843219161674,-4.257156780838326,4.257156780838326,75-100%
16.0,11.742843219161674,-4.257156780838326,4.257156780838326,75-100%
14.0,11.73483823840332,-2.26516176159668,2.26516176159668,50-75%
14.0,11.73483823840332,-2.26516176159668,2.26516176159668,50-75%
14.0,11.73483823840332,-2.26516176159668,2.26516176159668,50-75%
14.0,11.562160121111,-2.4378398788889992,2.4378398788889992,50-75%
14.0,11.55426864443477,-2.445731355565229,2.445731355565229,50-75%
14.0,11.431264302119605,-2.5687356978803955,2.5687356978803955,50-75%
14.0,11.299467129301885,-2.7005328706981153,2.7005328706981153,50-75%
16.0,11.64430353446011,-4.355696465539889,4.355696465539889,75-100%
16.0,11.64430353446011,-4.355696465539889,4.355696465539889,75-100%
16.0,11.64430353446011,-4.355696465539889,4.355696465539889,75-100%
16.0,11.64430353446011,-4.355696465539889,4.355696465539889,75-100%
16.0,11.73483823840332,-4.26516176159668,4.26516176159668,75-100%
17.0,11.621363899116435,-5.378636100883565,5.378636100883565,75-100%
17.0,11.442403278500143,-5.557596721499857,5.557596721499857,75-100%
14.0,11.55426864443477,-2.445731355565229,2.445731355565229,50-75%
14.0,11.55426864443477,-2.445731355565229,2.445731355565229,50-75%
14.0,11.436576136446034,-2.5634238635539663,2.5634238635539663,50-75%
16.0,11.238270544638034,-4.761729455361966,4.761729455361966,75-100%
16.0,11.253946695321723,-4.746053304678277,4.746053304678277,75-100%
16.0,11.30323919339839,-4.69676080660161,4.69676080660161,75-100%
16.0,11.465017648570539,-4.534982351429461,4.534982351429461,75-100%
18.0,11.629756419759257,-6.370243580240743,6.370243580240743,75-100%
16.666666666666668,11.621363899116435,-5.045302767550233,5.045302767550233,75-100%
16.666666666666668,11.442403278500143,-5.224263388166525,5.224263388166525,75-100%
17.0,11.325759474808471,-5.674240525191529,5.674240525191529,75-100%
17.0,11.333507313106914,-5.666492686893086,5.666492686893086,75-100%
16.0,10.79978116374656,-5.200218836253439,5.200218836253439,75-100%
16.0,10.92398114524691,-5.076018854753089,5.076018854753089,75-100%
16.0,10.92398114524691,-5.076018854753089,5.076018854753089,75-100%
16.0,11.008605524956756,-4.9913944750432435,4.9913944750432435,75-100%
18.0,11.45022443782447,-6.54977556217553,6.54977556217553,75-100%
18.0,11.442403278500143,-6.557596721499857,6.557596721499857,75-100%
16.666666666666668,11.458503160032102,-5.208163506634566,5.208163506634566,75-100%
17.0,11.442403278500143,-5.557596721499857,5.557596721499857,75-100%
17.0,11.180999321015218,-5.819000678984782,5.819000678984782,75-100%
18.0,11.062141690445344,-6.937858309554656,6.937858309554656,75-100%
18.0,11.325759474808471,-6.674240525191529,6.674240525191529,75-100%
18.0,11.333507313106914,-6.666492686893086,6.666492686893086,75-100%
20.0,11.380423886732483,-8.619576113267517,8.619576113267517,75-100%
20.0,11.380423886732483,-8.619576113267517,8.619576113267517,75-100%
20.0,11.219369785079468,-8.780630214920532,8.780630214920532,75-100%
16.0,11.008605524956756,-4.9913944750432435,4.9913944750432435,75-100%
18.0,11.241615730961488,-6.758384269038512,6.758384269038512,75-100%
18.0,11.249310677418052,-6.750689322581948,6.750689322581948,75-100%
20.0,11.300080292792531,-8.699919707207469,8.699919707207469,75-100%
20.0,11.380423886732483,-8.619576113267517,8.619576113267517,75-100%
20.0,11.380423886732483,-8.619576113267517,8.619576113267517,75-100%
20.0,11.219369785079468,-8.780630214920532,8.780630214920532,75-100%
20.0,11.20623200322881,-8.79376799677119,8.79376799677119,75-100%
20.0,11.223790766933178,-8.776209233066822,8.776209233066822,75-100%
20.0,11.222801539264786,-8.777198460735214,8.777198460735214,75-100%
20.0,11.251630342632858,-8.748369657367142,8.748369657367142,75-100%
5.0,9.926651950241965,4.926651950241965,4.926651950241965,0-25%
5.0,9.926651950241965,4.926651950241965,4.926651950241965,0-25%
5.0,9.91978789038416,4.9197878903841605,4.9197878903841605,0-25%
5.0,9.91978789038416,4.9197878903841605,4.9197878903841605,0-25%
5.0,9.723315909661068,4.723315909661068,4.723315909661068,0-25%
5.0,9.723315909661068,4.723315909661068,4.723315909661068,0-25%
5.0,9.505881255693328,4.505881255693328,4.505881255693328,0-25%
5.0,9.168831003532258,4.168831003532258,4.168831003532258,0-25%
5.0,9.260152180262903,4.260152180262903,4.260152180262903,0-25%
5.0,9.470159430887897,4.470159430887897,4.470159430887897,0-25%
5.0,9.571268057654214,4.571268057654214,4.571268057654214,0-25%
5.0,9.624868958489806,4.624868958489806,4.624868958489806,0-25%
5.0,9.270791303835654,4.270791303835654,4.270791303835654,0-25%
5.0,8.613977183501397,3.6139771835013974,3.6139771835013974,0-25%
5.0,8.513838163337681,3.513838163337681,3.513838163337681,0-25%
5.0,8.613977183501397,3.6139771835013974,3.6139771835013974,0-25%
5.0,8.613977183501397,3.6139771835013974,3.6139771835013974,0-25%
5.0,8.913081107600883,3.913081107600883,3.913081107600883,0-25%
5.0,9.57791304173715,4.577913041737149,4.577913041737149,0-25%
5.0,8.613977183501397,3.6139771835013974,3.6139771835013974,0-25%
5.0,9.107292412521819,4.107292412521819,4.107292412521819,0-25%
5.0,9.508388980425728,4.508388980425728,4.508388980425728,0-25%
5.0,8.913081107600883,3.913081107600883,3.913081107600883,0-25%
4.0,11.539253092313604,7.539253092313604,7.539253092313604,0-25%
4.0,11.429207653433725,7.429207653433725,7.429207653433725,0-25%
4.0,11.474827960303205,7.474827960303205,7.474827960303205,0-25%
4.0,11.539253092313604,7.539253092313604,7.539253092313604,0-25%
4.0,11.992335451960152,7.992335451960152,7.992335451960152,0-25%
4.0,11.474827960303205,7.474827960303205,7.474827960303205,0-25%
4.0,11.429207653433725,7.429207653433725,7.429207653433725,0-25%
4.0,11.539253092313604,7.539253092313604,7.539253092313604,0-25%
4.0,11.344195847613397,7.344195847613397,7.344195847613397,0-25%
4.0,11.832128304789181,7.832128304789181,7.832128304789181,0-25%
4.0,11.44155475976299,7.44155475976299,7.44155475976299,0-25%
4.0,11.474827960303205,7.474827960303205,7.474827960303205,0-25%
4.0,11.592948312802005,7.5929483128020046,7.5929483128020046,0-25%
4.0,11.47553521033407,7.475535210334071,7.475535210334071,0-25%
4.0,11.539253092313604,7.539253092313604,7.539253092313604,0-25%
4.0,11.002254299460429,7.002254299460429,7.002254299460429,0-25%
4.0,11.338886870747299,7.338886870747299,7.338886870747299,0-25%
4.0,11.917059090604807,7.917059090604807,7.917059090604807,0-25%
4.0,11.528247301387719,7.528247301387719,7.528247301387719,0-25%
4.0,11.592948312802005,7.5929483128020046,7.5929483128020046,0-25%
4.0,11.49339718345412,7.493397183454119,7.493397183454119,0-25%
4.0,11.447830676972599,7.447830676972599,7.447830676972599,0-25%
4.0,11.338886870747299,7.338886870747299,7.338886870747299,0-25%
4.0,11.406332813888108,7.406332813888108,7.406332813888108,0-25%
4.0,11.360993803285897,7.360993803285897,7.360993803285897,0-25%
4.0,11.505099089081046,7.505099089081046,7.505099089081046,0-25%
4.0,11.459368081030874,7.459368081030874,7.459368081030874,0-25%
4.0,11.474827960303205,7.474827960303205,7.474827960303205,0-25%
4.0,12.057687008554058,8.057687008554058,8.057687008554058,0-25%
4.0,11.406332813888108,7.406332813888108,7.406332813888108,0-25%
4.0,11.406332813888108,7.406332813888108,7.406332813888108,0-25%
4.0,11.34582195894143,7.34582195894143,7.34582195894143,0-25%
4.0,11.451778449931366,7.451778449931366,7.451778449931366,0-25%
4.0,11.338886870747299,7.338886870747299,7.338886870747299,0-25%
12.0,11.677722563533804,-0.3222774364661962,0.3222774364661962,50-75%
12.0,11.736216740224673,-0.2637832597753267,0.2637832597753267,50-75%
12.0,11.921194936733178,-0.07880506326682202,0.07880506326682202,50-75%
12.0,11.743195526555494,-0.25680447344450563,0.25680447344450563,50-75%
12.0,11.736216740224673,-0.2637832597753267,0.2637832597753267,50-75%
12.0,11.736216740224673,-0.2637832597753267,0.2637832597753267,50-75%
12.0,11.778786178215466,-0.2212138217845343,0.2212138217845343,50-75%
12.0,11.987697868996653,-0.012302131003346872,0.012302131003346872,50-75%
12.0,11.92096868317025,-0.07903131682975051,0.07903131682975051,50-75%
12.0,11.743195526555494,-0.25680447344450563,0.25680447344450563,50-75%
12.0,11.820052432870863,-0.17994756712913684,0.17994756712913684,50-75%
12.0,11.562036971274614,-0.4379630287253864,0.4379630287253864,50-75%
12.0,11.544965808263136,-0.4550341917368641,0.4550341917368641,50-75%
12.0,11.825689582127026,-0.17431041787297374,0.17431041787297374,50-75%
12.0,12.957552128352443,0.9575521283524431,0.9575521283524431,50-75%
12.0,11.987697868996653,-0.012302131003346872,0.012302131003346872,50-75%
12.0,11.642456646774669,-0.3575433532253314,0.3575433532253314,50-75%
12.0,11.736216740224673,-0.2637832597753267,0.2637832597753267,50-75%
12.0,11.65429816853218,-0.34570183146782085,0.34570183146782085,50-75%
12.0,11.800313020063436,-0.1996869799365637,0.1996869799365637,50-75%
12.0,11.677722563533804,-0.3222774364661962,0.3222774364661962,50-75%
12.0,11.596346483599794,-0.4036535164002064,0.4036535164002064,50-75%
12.0,12.346129215135168,0.3461292151351678,0.3461292151351678,50-75%
12.0,12.26184828479258,0.2618482847925794,0.2618482847925794,50-75%
12.0,11.642456646774669,-0.3575433532253314,0.3575433532253314,50-75%
12.0,11.642456646774669,-0.3575433532253314,0.3575433532253314,50-75%
12.0,11.600341357672047,-0.3996586423279531,0.3996586423279531,50-75%
12.0,11.833761911624006,-0.1662380883759944,0.1662380883759944,50-75%
12.0,11.508473554019076,-0.49152644598092365,0.49152644598092365,50-75%
12.0,11.491475180940435,-0.5085248190595646,0.5085248190595646,50-75%
12.0,12.26184828479258,0.2618482847925794,0.2618482847925794,50-75%
12.0,11.688859665204458,-0.3111403347955424,0.3111403347955424,50-75%
12.0,11.642456646774669,-0.3575433532253314,0.3575433532253314,50-75%
12.0,11.577501267661738,-0.4224987323382621,0.4224987323382621,50-75%
12.0,11.649614123493752,-0.3503858765062482,0.3503858765062482,50-75%
12.0,11.600341357672047,-0.3996586423279531,0.3996586423279531,50-75%
12.0,11.624381561393157,-0.37561843860684263,0.37561843860684263,50-75%
12.0,13.818374923127964,1.8183749231279638,1.8183749231279638,50-75%
12.0,14.513705182773942,2.5137051827739416,2.5137051827739416,50-75%
11.0,11.699825855745559,0.6998258557455586,0.6998258557455586,50-75%
11.0,11.68103321152255,0.6810332115225499,0.6810332115225499,50-75%
11.0,12.0053687773553,1.0053687773553008,1.0053687773553008,50-75%
11.0,12.043354084520635,1.0433540845206348,1.0433540845206348,50-75%
11.0,11.63478235008428,0.6347823500842793,0.6347823500842793,50-75%
11.0,11.736918751328552,0.7369187513285524,0.7369187513285524,50-75%
11.0,12.0053687773553,1.0053687773553008,1.0053687773553008,50-75%
11.0,11.726437321048254,0.7264373210482535,0.7264373210482535,50-75%
11.0,11.726437321048254,0.7264373210482535,0.7264373210482535,50-75%
11.0,11.727577821819724,0.7275778218197235,0.7275778218197235,50-75%
11.0,11.727577821819724,0.7275778218197235,0.7275778218197235,50-75%
11.0,12.027865550865243,1.0278655508652434,1.0278655508652434,50-75%
11.0,11.989925349943643,0.9899253499436433,0.9899253499436433,50-75%
11.0,11.970618125575857,0.9706181255758572,0.9706181255758572,50-75%
11.0,11.970845248528962,0.9708452485289616,0.9708452485289616,50-75%
11.0,11.79216186707323,0.7921618670732293,0.7921618670732293,50-75%
11.0,11.989925349943643,0.9899253499436433,0.9899253499436433,50-75%
11.0,11.970618125575857,0.9706181255758572,0.9706181255758572,50-75%
11.0,12.186889038910673,1.1868890389106728,1.1868890389106728,50-75%
11.0,11.989925349943643,0.9899253499436433,0.9899253499436433,50-75%
11.0,12.037603721501974,1.0376037215019736,1.0376037215019736,50-75%
11.0,11.970618125575857,0.9706181255758572,0.9706181255758572,50-75%
11.0,11.79216186707323,0.7921618670732293,0.7921618670732293,50-75%
11.0,12.0053687773553,1.0053687773553008,1.0053687773553008,50-75%
11.0,12.037603721501974,1.0376037215019736,1.0376037215019736,50-75%
11.0,12.037603721501974,1.0376037215019736,1.0376037215019736,50-75%
11.0,13.0111846924049,2.0111846924048997,2.0111846924048997,50-75%
11.0,12.037603721501974,1.0376037215019736,1.0376037215019736,50-75%
12.5,11.691035893311113,-0.8089641066888866,0.8089641066888866,50-75%
12.5,11.785156264420932,-0.714843735579068,0.714843735579068,50-75%
11.0,12.037603721501974,1.0376037215019736,1.0376037215019736,50-75%
11.0,12.037603721501974,1.0376037215019736,1.0376037215019736,50-75%
12.5,12.397412357293675,-0.10258764270632525,0.10258764270632525,50-75%
12.5,12.312807573430538,-0.187192426569462,0.187192426569462,50-75%
14.0,11.691035893311113,-2.3089641066888866,2.3089641066888866,50-75%
14.0,11.691035893311113,-2.3089641066888866,2.3089641066888866,50-75%
14.0,11.648758774188469,-2.351241225811531,2.351241225811531,50-75%
14.0,12.128141503774344,-1.8718584962256557,1.8718584962256557,50-75%
14.0,11.989925349943643,-2.0100746500563567,2.0100746500563567,50-75%
14.0,12.312807573430538,-1.687192426569462,1.687192426569462,50-75%
14.0,11.737617217566687,-2.2623827824333134,2.2623827824333134,50-75%
14.0,11.691035893311113,-2.3089641066888866,2.3089641066888866,50-75%
14.0,11.625830920035913,-2.374169079964087,2.374169079964087,50-75%
14.0,11.698220872978068,-2.3017791270219323,2.3017791270219323,50-75%
14.0,11.648758774188469,-2.351241225811531,2.351241225811531,50-75%
14.0,12.037603721501974,-1.9623962784980264,1.9623962784980264,50-75%
14.0,12.00917575655587,-1.9908242434441306,1.9908242434441306,50-75%
14.0,11.672891353546373,-2.3271086464536275,2.3271086464536275,50-75%
14.0,11.672891353546373,-2.3271086464536275,2.3271086464536275,50-75%
14.0,11.672891353546373,-2.3271086464536275,2.3271086464536275,50-75%
14.0,13.6322086153012,-0.36779138469879946,0.36779138469879946,50-75%
14.0,14.318803297137194,0.3188032971371939,0.3188032971371939,50-75%
14.0,13.787862147560302,-0.21213785243969774,0.21213785243969774,50-75%
14.0,11.675249788464699,-2.324750211535301,2.324750211535301,50-75%
14.0,11.764294333130332,-2.235705666869668,2.235705666869668,50-75%
14.0,11.811144546006847,-2.1888554539931526,2.1888554539931526,50-75%
14.0,11.989925349943643,-2.0100746500563567,2.0100746500563567,50-75%
14.0,12.661497862324156,-1.3385021376758441,1.3385021376758441,50-75%
14.0,12.793250741205204,-1.2067492587947957,1.2067492587947957,50-75%
14.0,12.037603721501974,-1.9623962784980264,1.9623962784980264,50-75%
14.0,11.811144546006847,-2.1888554539931526,2.1888554539931526,50-75%
14.0,11.811144546006847,-2.1888554539931526,2.1888554539931526,50-75%
14.0,11.811144546006847,-2.1888554539931526,2.1888554539931526,50-75%
14.0,12.943814922909777,-1.0561850770902232,1.0561850770902232,50-75%
14.0,12.627118723115359,-1.372881276884641,1.372881276884641,50-75%
14.0,11.989925349943643,-2.0100746500563567,2.0100746500563567,50-75%
14.0,11.811144546006847,-2.1888554539931526,2.1888554539931526,50-75%
14.0,12.037603721501974,-1.9623962784980264,1.9623962784980264,50-75%
4.0,11.658537402019153,7.658537402019153,7.658537402019153,0-25%
4.0,12.22251897807349,8.22251897807349,8.22251897807349,0-25%
4.0,11.658537402019153,7.658537402019153,7.658537402019153,0-25%
4.0,11.488032449061826,7.488032449061826,7.488032449061826,0-25%
4.0,11.658537402019153,7.658537402019153,7.658537402019153,0-25%
4.0,11.658537402019153,7.658537402019153,7.658537402019153,0-25%
4.0,12.049342323109656,8.049342323109656,8.049342323109656,0-25%
4.0,11.692239030321717,7.692239030321717,7.692239030321717,0-25%
4.0,11.488032449061826,7.488032449061826,7.488032449061826,0-25%
4.0,11.488032449061826,7.488032449061826,7.488032449061826,0-25%
4.0,11.55146004314842,7.5514600431484205,7.5514600431484205,0-25%
4.0,11.587435305667327,7.587435305667327,7.587435305667327,0-25%
4.0,11.652441988230047,7.652441988230047,7.652441988230047,0-25%
4.0,11.652441988230047,7.652441988230047,7.652441988230047,0-25%
4.0,11.692239030321717,7.692239030321717,7.692239030321717,0-25%
4.0,11.49404865725781,7.49404865725781,7.49404865725781,0-25%
4.0,11.488032449061826,7.488032449061826,7.488032449061826,0-25%
4.0,11.349311317787324,7.349311317787324,7.349311317787324,0-25%
4.0,11.593499401974034,7.593499401974034,7.593499401974034,0-25%
4.0,11.593499401974034,7.593499401974034,7.593499401974034,0-25%
4.0,11.658537402019153,7.658537402019153,7.658537402019153,0-25%
4.0,11.671192261718886,7.671192261718886,7.671192261718886,0-25%
4.0,11.470178145972604,7.4701781459726035,7.4701781459726035,0-25%
4.0,11.950070960347714,7.950070960347714,7.950070960347714,0-25%
4.0,11.950070960347714,7.950070960347714,7.950070960347714,0-25%
4.0,13.29442759250125,9.29442759250125,9.29442759250125,0-25%
4.0,11.336625071472804,7.336625071472804,7.336625071472804,0-25%
4.0,11.805209320643831,7.805209320643831,7.805209320643831,0-25%
4.0,11.973021616447845,7.973021616447845,7.973021616447845,0-25%
4.0,11.979271472003068,7.979271472003068,7.979271472003068,0-25%
4.0,12.139348905146107,8.139348905146107,8.139348905146107,0-25%
4.0,12.303250671141102,8.303250671141102,8.303250671141102,0-25%
4.0,11.805209320643831,7.805209320643831,7.805209320643831,0-25%
4.0,11.912585579962562,7.9125855799625615,7.9125855799625615,0-25%
4.0,11.979271472003068,7.979271472003068,7.979271472003068,0-25%
4.0,11.979271472003068,7.979271472003068,7.979271472003068,0-25%
4.0,11.979271472003068,7.979271472003068,7.979271472003068,0-25%
4.0,12.61955085823041,8.61955085823041,8.61955085823041,0-25%
5.0,11.707345497445118,6.707345497445118,6.707345497445118,0-25%
5.0,11.707345497445118,6.707345497445118,6.707345497445118,0-25%
5.0,11.76739138398699,6.76739138398699,6.76739138398699,0-25%
5.0,11.434417283346724,6.434417283346724,6.434417283346724,0-25%
5.0,11.652210418782252,6.652210418782252,6.652210418782252,0-25%
5.0,11.720006094401707,6.7200060944017075,6.7200060944017075,0-25%
5.0,11.590089594857867,6.590089594857867,6.590089594857867,0-25%
5.0,11.865620653033996,6.8656206530339965,6.8656206530339965,0-25%
5.0,11.76739138398699,6.76739138398699,6.76739138398699,0-25%
5.0,11.635058765309413,6.635058765309413,6.635058765309413,0-25%
5.0,11.55834669626634,6.558346696266341,6.558346696266341,0-25%
5.0,11.55834669626634,6.558346696266341,6.558346696266341,0-25%
5.0,11.590089594857867,6.590089594857867,6.590089594857867,0-25%
5.0,11.62686197930055,6.62686197930055,6.62686197930055,0-25%
5.0,11.48791119178496,6.48791119178496,6.48791119178496,0-25%
5.0,11.566823268967546,6.566823268967546,6.566823268967546,0-25%
5.0,11.532067498567418,6.532067498567418,6.532067498567418,0-25%
5.0,11.504799014017834,6.504799014017834,6.504799014017834,0-25%
5.0,11.590089594857867,6.590089594857867,6.590089594857867,0-25%
5.0,11.657555047155563,6.657555047155563,6.657555047155563,0-25%
5.0,11.657555047155563,6.657555047155563,6.657555047155563,0-25%
5.0,11.639644118729134,6.639644118729134,6.639644118729134,0-25%
5.0,11.613194800624317,6.613194800624317,6.613194800624317,0-25%
5.0,11.603584349252346,6.603584349252346,6.603584349252346,0-25%
5.0,11.55644857883803,6.55644857883803,6.55644857883803,0-25%
5.0,11.55666844944513,6.55666844944513,6.55666844944513,0-25%
5.0,11.657555047155563,6.657555047155563,6.657555047155563,0-25%
5.0,11.639644118729134,6.639644118729134,6.639644118729134,0-25%
5.0,11.639644118729134,6.639644118729134,6.639644118729134,0-25%
5.0,11.632258337960687,6.632258337960687,6.632258337960687,0-25%
7.0,11.657555047155563,4.657555047155563,4.657555047155563,25-50%
5.0,11.702337210270617,6.702337210270617,6.702337210270617,0-25%
9.0,12.173801034726038,3.173801034726038,3.173801034726038,50-75%
9.0,11.632258337960687,2.632258337960687,2.632258337960687,50-75%
9.0,11.577210488676613,2.577210488676613,2.577210488676613,50-75%
9.0,11.639644118729134,2.6396441187291337,2.6396441187291337,50-75%
9.0,11.55834669626634,2.558346696266341,2.558346696266341,50-75%
9.0,11.734115475266295,2.734115475266295,2.734115475266295,50-75%
9.0,11.632258337960687,2.632258337960687,2.632258337960687,50-75%
9.0,12.001262443544121,3.001262443544121,3.001262443544121,50-75%
9.0,11.782875325483763,2.7828753254837633,2.7828753254837633,50-75%
9.0,11.577210488676613,2.577210488676613,2.577210488676613,50-75%
9.0,11.577210488676613,2.577210488676613,2.577210488676613,50-75%
9.0,11.504799014017834,2.5047990140178342,2.5047990140178342,50-75%
9.0,11.76739138398699,2.7673913839869897,2.7673913839869897,50-75%
9.0,11.433119214769635,2.4331192147696346,2.4331192147696346,50-75%
9.0,11.605824475106287,2.605824475106287,2.605824475106287,50-75%
9.0,11.605824475106287,2.605824475106287,2.605824475106287,50-75%
9.0,11.782875325483763,2.7828753254837633,2.7828753254837633,50-75%
9.0,11.603584349252346,2.603584349252346,2.603584349252346,50-75%
9.0,11.577210488676613,2.577210488676613,2.577210488676613,50-75%
9.0,11.501731087284362,2.5017310872843623,2.5017310872843623,50-75%
9.0,11.533463885407649,2.5334638854076488,2.5334638854076488,50-75%
9.0,11.504799014017834,2.5047990140178342,2.5047990140178342,50-75%
9.0,11.632258337960687,2.632258337960687,2.632258337960687,50-75%
9.0,11.624505663819138,2.6245056638191375,2.6245056638191375,50-75%
9.0,11.559228686579466,2.5592286865794662,2.5592286865794662,50-75%
9.0,11.559228686579466,2.5592286865794662,2.5592286865794662,50-75%
9.0,11.559228686579466,2.5592286865794662,2.5592286865794662,50-75%
9.0,12.282845407871722,3.282845407871722,3.282845407871722,50-75%
9.0,12.558785346581383,3.5587853465813826,3.5587853465813826,50-75%
9.0,12.285016939851786,3.2850169398517863,3.2850169398517863,50-75%
9.0,11.618192963952449,2.618192963952449,2.618192963952449,50-75%
9.0,11.644652762987265,2.644652762987265,2.644652762987265,50-75%
9.0,11.959818880502834,2.9598188805028336,2.9598188805028336,50-75%
9.0,11.992699062036557,2.9926990620365572,2.9926990620365572,50-75%
9.0,12.22725712558174,3.2272571255817404,3.2272571255817404,50-75%
9.0,11.644652762987265,2.644652762987265,2.644652762987265,50-75%
9.0,11.644652762987265,2.644652762987265,2.644652762987265,50-75%
9.0,12.240405696648915,3.2404056966489154,3.2404056966489154,50-75%
9.0,11.939685542871226,2.939685542871226,2.939685542871226,50-75%
6.0,11.36676361820695,5.366763618206949,5.366763618206949,25-50%
6.0,12.434091166540671,6.4340911665406715,6.4340911665406715,25-50%
6.0,11.58962161344908,5.589621613449079,5.589621613449079,25-50%
6.0,11.733770707906961,5.733770707906961,5.733770707906961,25-50%
6.0,11.556201710320964,5.556201710320964,5.556201710320964,25-50%
6.0,12.486185034469074,6.486185034469074,6.486185034469074,25-50%
6.0,12.364993493091603,6.364993493091603,6.364993493091603,25-50%
6.0,11.733770707906961,5.733770707906961,5.733770707906961,25-50%
6.0,11.816203751190663,5.816203751190663,5.816203751190663,25-50%
6.0,11.816203751190663,5.816203751190663,5.816203751190663,25-50%
6.0,11.733770707906961,5.733770707906961,5.733770707906961,25-50%
6.0,11.733715391988543,5.733715391988543,5.733715391988543,25-50%
6.0,11.629728255028903,5.629728255028903,5.629728255028903,25-50%
6.0,11.442925991828146,5.442925991828146,5.442925991828146,25-50%
6.0,11.64756818512473,5.6475681851247295,5.6475681851247295,25-50%
6.0,11.733770707906961,5.733770707906961,5.733770707906961,25-50%
6.0,12.05972602904462,6.05972602904462,6.05972602904462,25-50%
6.0,11.733770707906961,5.733770707906961,5.733770707906961,25-50%
6.0,11.58962161344908,5.589621613449079,5.589621613449079,25-50%
6.0,11.391846155653957,5.3918461556539565,5.3918461556539565,25-50%
6.0,11.792501885573227,5.792501885573227,5.792501885573227,25-50%
6.0,12.00886328048131,6.008863280481309,6.008863280481309,25-50%
6.0,12.00886328048131,6.008863280481309,6.008863280481309,25-50%
6.0,11.733770707906961,5.733770707906961,5.733770707906961,25-50%
6.0,11.816203751190663,5.816203751190663,5.816203751190663,25-50%
6.0,11.76134373614061,5.76134373614061,5.76134373614061,25-50%
6.0,11.565673260432673,5.565673260432673,5.565673260432673,25-50%
10.0,12.027330816120568,2.0273308161205676,2.0273308161205676,50-75%
10.0,12.176491608875528,2.176491608875528,2.176491608875528,50-75%
10.0,12.261790639935299,2.261790639935299,2.261790639935299,50-75%
10.0,12.176491608875528,2.176491608875528,2.176491608875528,50-75%
6.0,12.00886328048131,6.008863280481309,6.008863280481309,25-50%
14.0,11.811990262475708,-2.1880097375242915,2.1880097375242915,50-75%
14.0,11.811990262475708,-2.1880097375242915,2.1880097375242915,50-75%
14.0,11.966371207692077,-2.0336287923079226,2.0336287923079226,50-75%
14.0,12.102173809684757,-1.897826190315243,1.897826190315243,50-75%
10.0,12.176491608875528,2.176491608875528,2.176491608875528,50-75%
14.0,11.966371207692077,-2.0336287923079226,2.0336287923079226,50-75%
14.0,11.820638038296336,-2.1793619617036644,2.1793619617036644,50-75%
14.0,11.785180298300698,-2.2148197016993016,2.2148197016993016,50-75%
14.0,11.757361066440694,-2.2426389335593058,2.2426389335593058,50-75%
14.0,12.102173809684757,-1.897826190315243,1.897826190315243,50-75%
14.0,12.102173809684757,-1.897826190315243,1.897826190315243,50-75%
14.0,10.629711034122122,-3.3702889658778776,3.3702889658778776,50-75%
14.0,11.89492966605718,-2.1050703339428196,2.1050703339428196,50-75%
14.0,11.867946145518705,-2.1320538544812955,2.1320538544812955,50-75%
14.0,11.858141589841617,-2.141858410158383,2.141858410158383,50-75%
14.0,12.115227782435632,-1.8847722175643682,1.8847722175643682,50-75%
14.0,12.24172243561101,-1.7582775643889903,1.7582775643889903,50-75%
14.0,10.751514196592115,-3.2484858034078847,3.2484858034078847,50-75%
9.0,11.7329101839542,2.7329101839542,2.7329101839542,50-75%
11.5,11.658161218131466,0.15816121813146644,0.15816121813146644,50-75%
11.5,11.73146076650853,0.23146076650852976,0.23146076650852976,50-75%
11.5,11.676098386097472,0.17609838609747186,0.17609838609747186,50-75%
11.5,11.60002553043259,0.10002553043259077,0.10002553043259077,50-75%
14.0,11.966371207692077,-2.0336287923079226,2.0336287923079226,50-75%
9.0,11.796065878549214,2.7960658785492143,2.7960658785492143,50-75%
9.0,11.578494955912255,2.578494955912255,2.578494955912255,50-75%
11.5,11.498506335239199,-0.001493664760801039,0.001493664760801039,50-75%
11.5,11.758158083173749,0.25815808317374866,0.25815808317374866,50-75%
11.5,11.622048621033144,0.1220486210331444,0.1220486210331444,50-75%
11.5,11.496913084690386,-0.0030869153096144686,0.0030869153096144686,50-75%
9.0,11.7329101839542,2.7329101839542,2.7329101839542,50-75%
9.0,11.651012879830592,2.651012879830592,2.651012879830592,50-75%
9.0,11.82807863066399,2.82807863066399,2.82807863066399,50-75%
9.0,11.674431193428159,2.674431193428159,2.674431193428159,50-75%
9.0,11.62380518692148,2.62380518692148,2.62380518692148,50-75%
9.0,11.696584334769753,2.696584334769753,2.696584334769753,50-75%
9.0,11.582400263539924,2.582400263539924,2.582400263539924,50-75%
9.0,11.611671141262253,2.611671141262253,2.611671141262253,50-75%
9.0,11.670015865376115,2.670015865376115,2.670015865376115,50-75%
9.0,11.597070077151612,2.5970700771516118,2.5970700771516118,50-75%
9.0,11.861600077395408,2.8616000773954084,2.8616000773954084,50-75%
9.0,11.524861363262367,2.5248613632623673,2.5248613632623673,50-75%
9.0,11.51870527591204,2.5187052759120405,2.5187052759120405,50-75%
9.0,11.696584334769753,2.696584334769753,2.696584334769753,50-75%
9.0,11.737955786257801,2.7379557862578014,2.7379557862578014,50-75%
9.0,11.737955786257801,2.7379557862578014,2.7379557862578014,50-75%
9.0,11.670015865376115,2.670015865376115,2.670015865376115,50-75%
9.0,11.593979512640356,2.593979512640356,2.593979512640356,50-75%
9.0,11.625946462389411,2.625946462389411,2.625946462389411,50-75%
9.0,11.597070077151612,2.5970700771516118,2.5970700771516118,50-75%
9.0,11.62380518692148,2.62380518692148,2.62380518692148,50-75%
9.0,12.14215796657431,3.1421579665743096,3.1421579665743096,50-75%
9.0,11.711300744277896,2.711300744277896,2.711300744277896,50-75%
9.0,12.441543010370964,3.441543010370964,3.441543010370964,50-75%
9.0,12.720779758262868,3.720779758262868,3.720779758262868,50-75%
9.0,12.443740486861289,3.443740486861289,3.443740486861289,50-75%
9.0,12.67843997112367,3.6784399711236695,3.6784399711236695,50-75%
9.0,12.67843997112367,3.6784399711236695,3.6784399711236695,50-75%
4.0,11.425934949537462,7.425934949537462,7.425934949537462,0-25%
4.0,11.41176030403117,7.411760304031169,7.411760304031169,0-25%
4.0,11.561131392958579,7.561131392958579,7.561131392958579,0-25%
4.0,11.267836735478646,7.267836735478646,7.267836735478646,0-25%
4.0,10.723404850705961,6.723404850705961,6.723404850705961,0-25%
4.0,10.723353923850027,6.723353923850027,6.723353923850027,0-25%
4.0,10.62761768563689,6.62761768563689,6.62761768563689,0-25%
4.0,10.52034871628463,6.52034871628463,6.52034871628463,0-25%
4.0,10.497127132459914,6.497127132459914,6.497127132459914,0-25%
4.0,11.267836735478646,7.267836735478646,7.267836735478646,0-25%
4.0,11.429912831674118,7.429912831674118,7.429912831674118,0-25%
4.0,11.224662665873826,7.224662665873826,7.224662665873826,0-25%
4.0,10.723404850705961,6.723404850705961,6.723404850705961,0-25%
4.0,10.599857098814294,6.599857098814294,6.599857098814294,0-25%
4.0,10.406602263359066,6.406602263359066,6.406602263359066,0-25%
4.0,10.628877454375083,6.628877454375083,6.628877454375083,0-25%
4.0,10.628877454375083,6.628877454375083,6.628877454375083,0-25%
4.0,11.24216544970298,7.242165449702981,7.242165449702981,0-25%
4.0,10.723404850705961,6.723404850705961,6.723404850705961,0-25%
4.0,10.907770448200337,6.907770448200337,6.907770448200337,0-25%
4.0,10.509436060622509,6.509436060622509,6.509436060622509,0-25%
4.0,10.322014953934977,6.322014953934977,6.322014953934977,0-25%
4.0,10.537731751224404,6.537731751224404,6.537731751224404,0-25%
4.0,10.513588259965502,6.513588259965502,6.513588259965502,0-25%
4.0,10.47724621717623,6.47724621717623,6.47724621717623,0-25%
4.0,10.723404850705961,6.723404850705961,6.723404850705961,0-25%
4.0,10.723404850705961,6.723404850705961,6.723404850705961,0-25%
4.0,9.64636422170052,5.646364221700519,5.646364221700519,0-25%
4.0,10.509436060622509,6.509436060622509,6.509436060622509,0-25%
4.0,10.390142011619314,6.390142011619314,6.390142011619314,0-25%
4.0,10.47962584561585,6.47962584561585,6.47962584561585,0-25%
4.0,9.611361125747315,5.611361125747315,5.611361125747315,0-25%
6.0,12.04816481919902,6.04816481919902,6.04816481919902,25-50%
6.0,11.929111462360623,5.929111462360623,5.929111462360623,25-50%
6.0,11.84595220354363,5.84595220354363,5.84595220354363,25-50%
6.0,12.467790632431853,6.4677906324318535,6.4677906324318535,25-50%
6.0,12.438087717540991,6.438087717540991,6.438087717540991,25-50%
6.0,12.247864039389345,6.247864039389345,6.247864039389345,25-50%
6.0,11.8085417769677,5.808541776967701,5.808541776967701,25-50%
6.0,11.874690344103676,5.874690344103676,5.874690344103676,25-50%
6.0,11.789298050247318,5.789298050247318,5.789298050247318,25-50%
6.0,11.678272711441654,5.678272711441654,5.678272711441654,25-50%
6.0,12.478623739821575,6.478623739821575,6.478623739821575,25-50%
6.0,12.247864039389345,6.247864039389345,6.247864039389345,25-50%
6.0,11.843876617893681,5.843876617893681,5.843876617893681,25-50%
6.0,11.874690344103676,5.874690344103676,5.874690344103676,25-50%
6.0,12.019817948084969,6.0198179480849685,6.0198179480849685,25-50%
6.0,11.678272711441654,5.678272711441654,5.678272711441654,25-50%
6.0,12.478623739821575,6.478623739821575,6.478623739821575,25-50%
6.0,12.247864039389345,6.247864039389345,6.247864039389345,25-50%
6.0,11.91020766865175,5.910207668651751,5.910207668651751,25-50%
6.0,11.8085417769677,5.808541776967701,5.808541776967701,25-50%
6.0,11.701360615249914,5.701360615249914,5.701360615249914,25-50%
6.0,12.501003948621365,6.501003948621365,6.501003948621365,25-50%
6.0,12.247864039389345,6.247864039389345,6.247864039389345,25-50%
6.0,12.247864039389345,6.247864039389345,6.247864039389345,25-50%
6.0,12.247864039389345,6.247864039389345,6.247864039389345,25-50%
6.0,12.501003948621365,6.501003948621365,6.501003948621365,25-50%
6.0,12.247864039389345,6.247864039389345,6.247864039389345,25-50%
6.0,12.478623739821575,6.478623739821575,6.478623739821575,25-50%
5.0,12.01591832395331,7.01591832395331,7.01591832395331,0-25%
5.0,11.9604195966574,6.960419596657401,6.960419596657401,0-25%
5.0,12.10017787151288,7.10017787151288,7.10017787151288,0-25%
5.0,12.13709720019769,7.13709720019769,7.13709720019769,0-25%
5.0,12.126230943759078,7.126230943759078,7.126230943759078,0-25%
5.0,12.00505327333667,7.005053273336671,7.005053273336671,0-25%
5.0,12.032870777340799,7.032870777340799,7.032870777340799,0-25%
5.0,12.10017787151288,7.10017787151288,7.10017787151288,0-25%
5.0,12.31569709505127,7.31569709505127,7.31569709505127,0-25%
5.0,11.93924052383678,6.93924052383678,6.93924052383678,0-25%
5.0,12.126230943759078,7.126230943759078,7.126230943759078,0-25%
5.0,12.008790181511095,7.008790181511095,7.008790181511095,0-25%
5.0,11.949044144918572,6.949044144918572,6.949044144918572,0-25%
5.0,12.247282689755867,7.247282689755867,7.247282689755867,0-25%
5.0,12.162076972949546,7.162076972949546,7.162076972949546,0-25%
5.0,11.951148087839123,6.9511480878391225,6.9511480878391225,0-25%
5.0,12.13709720019769,7.13709720019769,7.13709720019769,0-25%
5.0,11.949600873657932,6.949600873657932,6.949600873657932,0-25%
5.0,12.158906825942427,7.158906825942427,7.158906825942427,0-25%
5.0,11.750600224657664,6.7506002246576635,6.7506002246576635,0-25%
5.0,11.790928274123274,6.790928274123274,6.790928274123274,0-25%
5.0,12.30278021868307,7.30278021868307,7.30278021868307,0-25%
5.0,11.790928274123274,6.790928274123274,6.790928274123274,0-25%
5.0,12.30278021868307,7.30278021868307,7.30278021868307,0-25%
18.0,12.34141027579438,-5.658589724205619,5.658589724205619,75-100%
18.0,12.410310794579736,-5.589689205420264,5.589689205420264,75-100%
18.0,12.410310794579736,-5.589689205420264,5.589689205420264,75-100%
18.0,12.297970201066017,-5.702029798933983,5.702029798933983,75-100%
18.0,12.262437711388731,-5.737562288611269,5.737562288611269,75-100%
18.0,12.262437711388731,-5.737562288611269,5.737562288611269,75-100%
18.0,12.330930383436382,-5.669069616563618,5.669069616563618,75-100%
18.0,12.430184190972511,-5.569815809027489,5.569815809027489,75-100%
18.0,12.400374511264593,-5.599625488735407,5.599625488735407,75-100%
18.0,12.130791404413433,-5.869208595586567,5.869208595586567,75-100%
18.0,12.039235822906853,-5.9607641770931465,5.9607641770931465,75-100%
18.0,12.116879308458586,-5.883120691541414,5.883120691541414,75-100%
18.0,12.209026332379068,-5.790973667620932,5.790973667620932,75-100%
18.0,12.130837395737014,-5.869162604262986,5.869162604262986,75-100%
18.0,12.410310794579736,-5.589689205420264,5.589689205420264,75-100%
18.0,11.646368969370327,-6.353631030629673,6.353631030629673,75-100%
18.0,12.139893896853208,-5.8601061031467925,5.8601061031467925,75-100%
18.0,12.116879308458586,-5.883120691541414,5.883120691541414,75-100%
18.0,12.063372776720273,-5.936627223279727,5.936627223279727,75-100%
18.0,12.130837395737014,-5.869162604262986,5.869162604262986,75-100%
18.0,12.130837395737014,-5.869162604262986,5.869162604262986,75-100%
18.0,12.130837395737014,-5.869162604262986,5.869162604262986,75-100%
18.0,11.253103923641074,-6.746896076358926,6.746896076358926,75-100%
18.0,11.611774818731114,-6.388225181268886,6.388225181268886,75-100%
18.0,12.063372776720273,-5.936627223279727,5.936627223279727,75-100%
18.0,12.209026332379068,-5.790973667620932,5.790973667620932,75-100%
18.0,12.130837395737014,-5.869162604262986,5.869162604262986,75-100%
18.0,12.130837395737014,-5.869162604262986,5.869162604262986,75-100%
18.0,11.611774818731114,-6.388225181268886,6.388225181268886,75-100%
18.0,12.098300065073333,-5.901699934926667,5.901699934926667,75-100%
18.0,12.063372776720273,-5.936627223279727,5.936627223279727,75-100%
18.0,12.063372776720273,-5.936627223279727,5.936627223279727,75-100%
18.0,12.11135017833056,-5.888649821669439,5.888649821669439,75-100%
34.0,13.509465693081676,-20.490534306918324,20.490534306918324,75-100%
34.0,12.455904823251897,-21.5440951767481,21.5440951767481,75-100%
34.0,12.419950328543193,-21.580049671456806,21.580049671456806,75-100%
34.0,12.450861884745667,-21.549138115254333,21.549138115254333,75-100%
34.0,12.285094381292009,-21.71490561870799,21.71490561870799,75-100%
34.0,12.36420185719448,-21.63579814280552,21.63579814280552,75-100%
34.0,13.534531027770411,-20.465468972229587,20.465468972229587,75-100%
19.5,12.534822274389631,-6.965177725610369,6.965177725610369,75-100%
19.5,12.36420185719448,-7.13579814280552,7.13579814280552,75-100%
19.5,12.30968644434258,-7.19031355565742,7.19031355565742,75-100%
5.0,12.155330924418708,7.155330924418708,7.155330924418708,0-25%
5.0,12.155330924418708,7.155330924418708,7.155330924418708,0-25%
34.0,13.051458427624182,-20.948541572375817,20.948541572375817,75-100%
19.5,13.558195720712687,-5.941804279287313,5.941804279287313,75-100%
19.5,12.30968644434258,-7.19031355565742,7.19031355565742,75-100%
19.5,12.458086339871617,-7.041913660128383,7.041913660128383,75-100%
5.0,12.155330924418708,7.155330924418708,7.155330924418708,0-25%
5.0,12.155330924418708,7.155330924418708,7.155330924418708,0-25%
34.0,13.051458427624182,-20.948541572375817,20.948541572375817,75-100%
19.5,13.558195720712687,-5.941804279287313,5.941804279287313,75-100%
19.5,12.328370167357605,-7.171629832642395,7.171629832642395,75-100%
19.5,12.30968644434258,-7.19031355565742,7.19031355565742,75-100%
5.0,12.087740460680028,7.087740460680028,7.087740460680028,0-25%
5.0,12.155330924418708,7.155330924418708,7.155330924418708,0-25%
34.0,14.188457229602129,-19.81154277039787,19.81154277039787,75-100%
19.5,14.188457229602129,-5.311542770397871,5.311542770397871,75-100%
19.5,13.558195720712687,-5.941804279287313,5.941804279287313,75-100%
19.5,12.341649504321495,-7.158350495678505,7.158350495678505,75-100%
5.0,12.155330924418708,7.155330924418708,7.155330924418708,0-25%
5.0,12.155330924418708,7.155330924418708,7.155330924418708,0-25%
5.0,13.179761221468521,8.179761221468521,8.179761221468521,0-25%
34.0,14.188457229602129,-19.81154277039787,19.81154277039787,75-100%
19.5,13.777990155199642,-5.722009844800358,5.722009844800358,75-100%
19.5,14.188457229602129,-5.311542770397871,5.311542770397871,75-100%
5.0,13.23005202100335,8.23005202100335,8.23005202100335,0-25%
5.0,12.143784397632057,7.143784397632057,7.143784397632057,0-25%
5.0,12.211664295264978,7.211664295264978,7.211664295264978,0-25%
5.0,12.155330924418708,7.155330924418708,7.155330924418708,0-25%
5.0,13.57839186953395,8.57839186953395,8.57839186953395,0-25%
10.0,13.48745365082978,3.4874536508297798,3.4874536508297798,50-75%
10.0,12.795344621555751,2.795344621555751,2.795344621555751,50-75%
10.0,13.409365964304495,3.409365964304495,3.409365964304495,50-75%
5.0,13.2401552185579,8.2401552185579,8.2401552185579,0-25%
5.0,12.155330924418708,7.155330924418708,7.155330924418708,0-25%
5.0,12.155330924418708,7.155330924418708,7.155330924418708,0-25%
10.0,12.795344621555751,2.795344621555751,2.795344621555751,50-75%
10.0,13.554756656023537,3.554756656023537,3.554756656023537,50-75%
10.0,13.554756656023537,3.554756656023537,3.554756656023537,50-75%
10.0,13.554756656023537,3.554756656023537,3.554756656023537,50-75%
10.0,13.48745365082978,3.4874536508297798,3.4874536508297798,50-75%
10.0,13.104436925251491,3.104436925251491,3.104436925251491,50-75%
10.0,13.554756656023537,3.554756656023537,3.554756656023537,50-75%
10.0,13.35593441851164,3.355934418511641,3.355934418511641,50-75%
10.0,13.554756656023537,3.554756656023537,3.554756656023537,50-75%
10.0,13.48745365082978,3.4874536508297798,3.4874536508297798,50-75%
10.0,13.198403787526285,3.198403787526285,3.198403787526285,50-75%
10.0,13.10217706128677,3.1021770612867705,3.1021770612867705,50-75%
10.0,13.225313944422403,3.2253139444224033,3.2253139444224033,50-75%
10.0,13.140499715946973,3.140499715946973,3.140499715946973,50-75%
10.0,13.225313944422403,3.2253139444224033,3.2253139444224033,50-75%
6.0,13.097470454489317,7.097470454489317,7.097470454489317,25-50%
6.0,13.140499715946973,7.140499715946973,7.140499715946973,25-50%
6.0,13.097470454489317,7.097470454489317,7.097470454489317,25-50%
6.0,13.097470454489317,7.097470454489317,7.097470454489317,25-50%
10.0,13.097470454489317,3.097470454489317,3.097470454489317,50-75%
10.0,13.097470454489317,3.097470454489317,3.097470454489317,50-75%
6.0,12.333933356460523,6.333933356460523,6.333933356460523,25-50%
6.0,13.02603166866194,7.02603166866194,7.02603166866194,25-50%
8.0,13.10217706128677,5.1021770612867705,5.1021770612867705,25-50%
8.0,12.884982227048337,4.8849822270483365,4.8849822270483365,25-50%
8.0,13.097470454489317,5.097470454489317,5.097470454489317,25-50%
10.0,13.199857206811265,3.1998572068112647,3.1998572068112647,50-75%
10.0,13.22870540592669,3.2287054059266893,3.2287054059266893,50-75%
10.0,13.22870540592669,3.2287054059266893,3.2287054059266893,50-75%
8.0,12.328476565017107,4.328476565017107,4.328476565017107,25-50%
10.0,13.155600076816153,3.155600076816153,3.155600076816153,50-75%
10.0,11.992331345116344,1.9923313451163445,1.9923313451163445,50-75%
10.0,11.973756039309162,1.973756039309162,1.973756039309162,50-75%
8.0,12.881767247770597,4.881767247770597,4.881767247770597,25-50%
10.0,11.915425103368175,1.9154251033681753,1.9154251033681753,50-75%
10.0,11.992331345116344,1.9923313451163445,1.9923313451163445,50-75%
10.0,11.808540010055204,1.8085400100552036,1.8085400100552036,50-75%
8.0,11.6126591084645,3.6126591084645003,3.6126591084645003,25-50%
10.0,11.808540010055204,1.8085400100552036,1.8085400100552036,50-75%
10.0,11.726527251920675,1.7265272519206754,1.7265272519206754,50-75%
10.0,11.854570932024869,1.8545709320248687,1.8545709320248687,50-75%
10.0,11.973756039309162,1.973756039309162,1.973756039309162,50-75%
10.0,11.973756039309162,1.973756039309162,1.973756039309162,50-75%
10.0,11.992331345116344,1.9923313451163445,1.9923313451163445,50-75%
10.0,11.915425103368175,1.9154251033681753,1.9154251033681753,50-75%
10.0,11.808540010055204,1.8085400100552036,1.8085400100552036,50-75%
10.0,11.931114811282043,1.9311148112820433,1.9311148112820433,50-75%
10.0,11.992331345116344,1.9923313451163445,1.9923313451163445,50-75%
10.0,11.915425103368175,1.9154251033681753,1.9154251033681753,50-75%
10.0,11.915425103368175,1.9154251033681753,1.9154251033681753,50-75%
10.0,11.992331345116344,1.9923313451163445,1.9923313451163445,50-75%
8.0,12.349709831219155,4.349709831219155,4.349709831219155,25-50%
8.0,12.30857237023601,4.308572370236011,4.308572370236011,25-50%
8.0,12.276171934590499,4.276171934590499,4.276171934590499,25-50%
8.0,12.625853743759379,4.625853743759379,4.625853743759379,25-50%
8.0,12.41599500830517,4.41599500830517,4.41599500830517,25-50%
8.0,12.4517236511604,4.4517236511604,4.4517236511604,25-50%
8.0,12.223290131881852,4.223290131881852,4.223290131881852,25-50%
8.0,12.325549083854828,4.325549083854828,4.325549083854828,25-50%
8.0,11.379547310451507,3.379547310451507,3.379547310451507,25-50%
8.0,12.302444302142794,4.302444302142794,4.302444302142794,25-50%
8.0,11.705736460194423,3.705736460194423,3.705736460194423,25-50%
8.0,11.779494888620839,3.779494888620839,3.779494888620839,25-50%
8.0,11.797792059070026,3.7977920590700265,3.7977920590700265,25-50%
5.0,12.687914592633195,7.687914592633195,7.687914592633195,0-25%
5.0,12.562250714884025,7.562250714884025,7.562250714884025,0-25%
5.0,12.562250714884025,7.562250714884025,7.562250714884025,0-25%
5.0,12.258538936553498,7.258538936553498,7.258538936553498,0-25%
5.0,12.562250714884025,7.562250714884025,7.562250714884025,0-25%
5.0,12.648797694602292,7.648797694602292,7.648797694602292,0-25%
5.0,11.989551139498444,6.9895511394984435,6.9895511394984435,0-25%
5.0,12.036979709429927,7.036979709429927,7.036979709429927,0-25%
5.0,12.919135474960054,7.919135474960054,7.919135474960054,0-25%
5.0,11.84345151219879,6.84345151219879,6.84345151219879,0-25%
5.0,11.989551139498444,6.9895511394984435,6.9895511394984435,0-25%
5.0,12.036979709429927,7.036979709429927,7.036979709429927,0-25%
5.0,12.76010022915917,7.760100229159169,7.760100229159169,0-25%
5.0,12.945731592372368,7.945731592372368,7.945731592372368,0-25%
5.0,12.945731592372368,7.945731592372368,7.945731592372368,0-25%
5.0,12.263160853215094,7.263160853215094,7.263160853215094,0-25%
5.0,12.039947770308785,7.039947770308785,7.039947770308785,0-25%
5.0,12.76010022915917,7.760100229159169,7.760100229159169,0-25%
5.0,12.742491085944758,7.742491085944758,7.742491085944758,0-25%
5.0,12.945731592372368,7.945731592372368,7.945731592372368,0-25%
5.0,12.817700788403897,7.817700788403897,7.817700788403897,0-25%
5.0,12.254829011914142,7.254829011914142,7.254829011914142,0-25%
5.0,12.265914333900117,7.265914333900117,7.265914333900117,0-25%
5.0,12.757244174970117,7.757244174970117,7.757244174970117,0-25%
5.0,12.817700788403897,7.817700788403897,7.817700788403897,0-25%
5.0,13.005449593692838,8.005449593692838,8.005449593692838,0-25%
5.0,12.274253143313857,7.274253143313857,7.274253143313857,0-25%
5.0,12.76010022915917,7.760100229159169,7.760100229159169,0-25%
6.0,12.665257778954192,6.665257778954192,6.665257778954192,25-50%
6.0,12.578059644828862,6.578059644828862,6.578059644828862,25-50%
6.0,12.537150080619199,6.537150080619199,6.537150080619199,25-50%
6.0,12.971931864672431,6.971931864672431,6.971931864672431,25-50%
6.0,12.5286626245257,6.528662624525699,6.528662624525699,25-50%
6.0,12.5286626245257,6.528662624525699,6.528662624525699,25-50%
6.0,12.586594665388834,6.586594665388834,6.586594665388834,25-50%
6.0,12.537150080619199,6.537150080619199,6.537150080619199,25-50%
6.0,12.537150080619199,6.537150080619199,6.537150080619199,25-50%
6.0,12.892377613922132,6.892377613922132,6.892377613922132,25-50%
6.0,11.657601498698948,5.6576014986989485,5.6576014986989485,25-50%
6.0,12.177403983214148,6.177403983214148,6.177403983214148,25-50%
6.0,12.412870318257252,6.4128703182572515,6.4128703182572515,25-50%
6.0,12.079798200270792,6.079798200270792,6.079798200270792,25-50%
6.0,12.301294136959488,6.301294136959488,6.301294136959488,25-50%
6.0,11.526103866049972,5.526103866049972,5.526103866049972,25-50%
6.0,11.730257451681613,5.730257451681613,5.730257451681613,25-50%
6.0,11.892709179619185,5.892709179619185,5.892709179619185,25-50%
6.0,12.001727539516352,6.001727539516352,6.001727539516352,25-50%
6.0,12.001727539516352,6.001727539516352,6.001727539516352,25-50%
6.0,11.405797582255637,5.405797582255637,5.405797582255637,25-50%
6.0,11.357733376568145,5.357733376568145,5.357733376568145,25-50%
6.0,11.550018842822595,5.550018842822595,5.550018842822595,25-50%
6.0,11.70744095730395,5.70744095730395,5.70744095730395,25-50%
6.0,11.450361215907547,5.450361215907547,5.450361215907547,25-50%
8.0,12.099268777927229,4.099268777927229,4.099268777927229,25-50%
8.0,12.017137580372808,4.0171375803728075,4.0171375803728075,25-50%
8.0,12.204201843723023,4.204201843723023,4.204201843723023,25-50%
8.0,12.37054948333779,4.37054948333779,4.37054948333779,25-50%
8.0,12.27286162877085,4.272861628770849,4.272861628770849,25-50%
8.0,12.344955727016782,4.344955727016782,4.344955727016782,25-50%
8.0,12.247799221832093,4.247799221832093,4.247799221832093,25-50%
8.0,12.37054948333779,4.37054948333779,4.37054948333779,25-50%
8.0,12.37054948333779,4.37054948333779,4.37054948333779,25-50%
8.0,12.344955727016782,4.344955727016782,4.344955727016782,25-50%
8.0,12.222440432689153,4.222440432689153,4.222440432689153,25-50%
8.0,12.40210110361097,4.4021011036109705,4.4021011036109705,25-50%
8.0,12.222440432689153,4.222440432689153,4.222440432689153,25-50%
8.0,12.151008204729383,4.151008204729383,4.151008204729383,25-50%
8.0,12.27286162877085,4.272861628770849,4.272861628770849,25-50%
8.0,12.21985076447422,4.21985076447422,4.21985076447422,25-50%
8.0,12.151008204729383,4.151008204729383,4.151008204729383,25-50%
8.0,12.247799221832093,4.247799221832093,4.247799221832093,25-50%
8.0,12.37054948333779,4.37054948333779,4.37054948333779,25-50%
8.0,12.098484014332222,4.098484014332222,4.098484014332222,25-50%
8.0,12.37054948333779,4.37054948333779,4.37054948333779,25-50%
8.0,12.37054948333779,4.37054948333779,4.37054948333779,25-50%
8.0,12.37054948333779,4.37054948333779,4.37054948333779,25-50%
8.0,11.890869461157695,3.8908694611576955,3.8908694611576955,25-50%
8.0,11.732446455882851,3.732446455882851,3.732446455882851,25-50%
8.0,12.15018122499303,4.15018122499303,4.15018122499303,25-50%
8.0,11.91001137800421,3.91001137800421,3.91001137800421,25-50%
8.0,11.858153319905384,3.8581533199053837,3.8581533199053837,25-50%
8.0,12.082978760759167,4.0829787607591665,4.0829787607591665,25-50%
8.0,12.204201843723023,4.204201843723023,4.204201843723023,25-50%
8.0,12.37054948333779,4.37054948333779,4.37054948333779,25-50%
8.0,12.013891450540731,4.013891450540731,4.013891450540731,25-50%
8.0,12.013891450540731,4.013891450540731,4.013891450540731,25-50%
8.0,12.15018122499303,4.15018122499303,4.15018122499303,25-50%
8.0,12.37054948333779,4.37054948333779,4.37054948333779,25-50%
7.0,11.347242749460873,4.347242749460873,4.347242749460873,25-50%
7.0,11.347242749460873,4.347242749460873,4.347242749460873,25-50%
7.0,11.23388710328796,4.233887103287961,4.233887103287961,25-50%
7.0,11.524124304714023,4.524124304714023,4.524124304714023,25-50%
7.0,11.639927736966992,4.6399277369669925,4.6399277369669925,25-50%
7.0,11.639927736966992,4.6399277369669925,4.6399277369669925,25-50%
7.0,11.347242749460873,4.347242749460873,4.347242749460873,25-50%
7.0,11.523885053974842,4.523885053974842,4.523885053974842,25-50%
7.0,11.523885053974842,4.523885053974842,4.523885053974842,25-50%
14.0,11.619920792322572,-2.3800792076774275,2.3800792076774275,50-75%
21.0,12.18837593821403,-8.81162406178597,8.81162406178597,75-100%
21.0,12.16769191859969,-8.83230808140031,8.83230808140031,75-100%
21.0,12.16769191859969,-8.83230808140031,8.83230808140031,75-100%
21.0,12.037541913340263,-8.962458086659737,8.962458086659737,75-100%
7.0,11.300924869473157,4.300924869473157,4.300924869473157,25-50%
7.0,11.114204450634574,4.114204450634574,4.114204450634574,25-50%
7.0,11.523885053974842,4.523885053974842,4.523885053974842,25-50%
7.0,11.557606311288918,4.557606311288918,4.557606311288918,25-50%
14.0,11.619920792322572,-2.3800792076774275,2.3800792076774275,50-75%
14.0,11.665999736036678,-2.334000263963322,2.334000263963322,50-75%
21.0,12.420449042102263,-8.579550957897737,8.579550957897737,75-100%
21.0,12.26721044503354,-8.73278955496646,8.73278955496646,75-100%
21.0,12.420449042102263,-8.579550957897737,8.579550957897737,75-100%
21.0,12.420449042102263,-8.579550957897737,8.579550957897737,75-100%
21.0,12.26721044503354,-8.73278955496646,8.73278955496646,75-100%
21.0,12.26721044503354,-8.73278955496646,8.73278955496646,75-100%
7.0,11.392288176382511,4.392288176382511,4.392288176382511,25-50%
7.0,11.392288176382511,4.392288176382511,4.392288176382511,25-50%
7.0,11.523885053974842,4.523885053974842,4.523885053974842,25-50%
7.0,11.619920792322572,4.6199207923225725,4.6199207923225725,25-50%
14.0,11.665999736036678,-2.334000263963322,2.334000263963322,50-75%
21.0,12.420449042102263,-8.579550957897737,8.579550957897737,75-100%
21.0,12.26721044503354,-8.73278955496646,8.73278955496646,75-100%
21.0,12.428884990352204,-8.571115009647796,8.571115009647796,75-100%
21.0,12.428884990352204,-8.571115009647796,8.571115009647796,75-100%
21.0,12.428884990352204,-8.571115009647796,8.571115009647796,75-100%
7.0,11.415966856135231,4.415966856135231,4.415966856135231,25-50%
7.0,11.54013393246769,4.54013393246769,4.54013393246769,25-50%
7.0,11.764708503745208,4.764708503745208,4.764708503745208,25-50%
7.0,11.658296909542795,4.658296909542795,4.658296909542795,25-50%
14.0,11.888880694720333,-2.111119305279667,2.111119305279667,50-75%
21.0,12.403274558977255,-8.596725441022745,8.596725441022745,75-100%
21.0,12.377022240204564,-8.622977759795436,8.622977759795436,75-100%
21.0,12.403274558977255,-8.596725441022745,8.596725441022745,75-100%
21.0,12.428884990352204,-8.571115009647796,8.571115009647796,75-100%
21.0,12.420449042102263,-8.579550957897737,8.579550957897737,75-100%
7.0,11.425007420917424,4.425007420917424,4.425007420917424,25-50%
7.0,11.756689787340939,4.756689787340939,4.756689787340939,25-50%
7.0,11.756689787340939,4.756689787340939,4.756689787340939,25-50%
7.0,11.896982504890708,4.896982504890708,4.896982504890708,25-50%
21.0,12.061685762141312,-8.938314237858688,8.938314237858688,75-100%
21.0,12.411171518163822,-8.588828481836178,8.588828481836178,75-100%
21.0,12.428884990352204,-8.571115009647796,8.571115009647796,75-100%
9.0,12.252343199230523,3.2523431992305234,3.2523431992305234,50-75%
15.0,12.475077878074902,-2.5249221219250977,2.5249221219250977,50-75%
21.0,12.419601634663158,-8.580398365336842,8.580398365336842,75-100%
9.0,11.400252696703964,2.400252696703964,2.400252696703964,50-75%
9.0,11.507287893079335,2.5072878930793348,2.5072878930793348,50-75%
9.0,12.244018153517535,3.244018153517535,3.244018153517535,50-75%
9.0,12.252343199230523,3.2523431992305234,3.2523431992305234,50-75%
9.0,12.252343199230523,3.2523431992305234,3.2523431992305234,50-75%
9.0,12.218760284506601,3.218760284506601,3.218760284506601,50-75%
9.0,12.157055050334263,3.1570550503342627,3.1570550503342627,50-75%
9.0,11.48343505358428,2.48343505358428,2.48343505358428,50-75%
9.0,11.48343505358428,2.48343505358428,2.48343505358428,50-75%
9.0,11.749576463116291,2.7495764631162913,2.7495764631162913,50-75%
9.0,12.244018153517535,3.244018153517535,3.244018153517535,50-75%
9.0,12.252343199230523,3.2523431992305234,3.2523431992305234,50-75%
9.0,12.252343199230523,3.2523431992305234,3.2523431992305234,50-75%
9.0,11.692261323040904,2.6922613230409045,2.6922613230409045,50-75%
9.0,12.006452429013812,3.0064524290138124,3.0064524290138124,50-75%
9.0,11.968160593617256,2.968160593617256,2.968160593617256,50-75%
9.0,12.22052886277228,3.22052886277228,3.22052886277228,50-75%
9.0,12.12781650252021,3.1278165025202096,3.1278165025202096,50-75%
9.0,12.227069453397942,3.2270694533979416,3.2270694533979416,50-75%
9.0,11.920982387828364,2.9209823878283636,2.9209823878283636,50-75%
9.0,11.976312238269491,2.9763122382694913,2.9763122382694913,50-75%
9.0,11.976312238269491,2.9763122382694913,2.9763122382694913,50-75%
9.0,11.976312238269491,2.9763122382694913,2.9763122382694913,50-75%
9.0,12.157055050334263,3.1570550503342627,3.1570550503342627,50-75%
9.0,12.251821365245542,3.251821365245542,3.251821365245542,50-75%
9.0,11.857181328757347,2.8571813287573473,2.8571813287573473,50-75%
9.0,12.14425213616939,3.1442521361693903,3.1442521361693903,50-75%
9.0,12.251821365245542,3.251821365245542,3.251821365245542,50-75%
6.0,11.60941676508023,5.60941676508023,5.60941676508023,25-50%
6.0,11.821376917811028,5.821376917811028,5.821376917811028,25-50%
6.0,11.162876260256425,5.162876260256425,5.162876260256425,25-50%
6.0,11.658425322310885,5.658425322310885,5.658425322310885,25-50%
6.0,11.451543558916363,5.451543558916363,5.451543558916363,25-50%
6.0,11.167884889279794,5.167884889279794,5.167884889279794,25-50%
6.0,12.074848585039769,6.074848585039769,6.074848585039769,25-50%
6.0,11.955660929789236,5.955660929789236,5.955660929789236,25-50%
6.0,11.821376917811028,5.821376917811028,5.821376917811028,25-50%
6.0,11.658425322310885,5.658425322310885,5.658425322310885,25-50%
6.0,11.246639132880038,5.246639132880038,5.246639132880038,25-50%
6.0,11.383730136269605,5.383730136269605,5.383730136269605,25-50%
6.0,11.383730136269605,5.383730136269605,5.383730136269605,25-50%
6.0,11.239171539601736,5.239171539601736,5.239171539601736,25-50%
6.0,11.821376917811028,5.821376917811028,5.821376917811028,25-50%
6.0,11.887433135514787,5.887433135514787,5.887433135514787,25-50%
6.0,11.658425322310885,5.658425322310885,5.658425322310885,25-50%
6.0,11.383730136269605,5.383730136269605,5.383730136269605,25-50%
6.0,11.270039512369861,5.270039512369861,5.270039512369861,25-50%
6.0,11.383730136269605,5.383730136269605,5.383730136269605,25-50%
6.0,11.60941676508023,5.60941676508023,5.60941676508023,25-50%
6.0,11.658425322310885,5.658425322310885,5.658425322310885,25-50%
6.0,11.712630858614643,5.712630858614643,5.712630858614643,25-50%
6.0,11.63173209786713,5.631732097867131,5.631732097867131,25-50%
6.0,11.383730136269605,5.383730136269605,5.383730136269605,25-50%
6.0,11.383730136269605,5.383730136269605,5.383730136269605,25-50%
6.0,11.383730136269605,5.383730136269605,5.383730136269605,25-50%
6.0,11.162876260256425,5.162876260256425,5.162876260256425,25-50%
6.0,11.60941676508023,5.60941676508023,5.60941676508023,25-50%
6.0,11.821376917811028,5.821376917811028,5.821376917811028,25-50%
6.0,11.926432748445867,5.926432748445867,5.926432748445867,25-50%
6.0,11.383730136269605,5.383730136269605,5.383730136269605,25-50%
6.0,11.267062012852394,5.267062012852394,5.267062012852394,25-50%
6.0,13.18381877250256,7.18381877250256,7.18381877250256,25-50%
6.0,12.480341736817504,6.480341736817504,6.480341736817504,25-50%
6.0,12.422862749066752,6.422862749066752,6.422862749066752,25-50%
6.0,12.422862749066752,6.422862749066752,6.422862749066752,25-50%
6.0,12.86340199594019,6.86340199594019,6.86340199594019,25-50%
6.0,12.85469308660856,6.85469308660856,6.85469308660856,25-50%
6.0,12.256314524282796,6.256314524282796,6.256314524282796,25-50%
6.0,12.422862749066752,6.422862749066752,6.422862749066752,25-50%
6.0,12.276873376262035,6.276873376262035,6.276873376262035,25-50%
6.0,12.85469308660856,6.85469308660856,6.85469308660856,25-50%
6.0,13.124246333834458,7.124246333834458,7.124246333834458,25-50%
6.0,12.256314524282796,6.256314524282796,6.256314524282796,25-50%
6.0,12.422862749066752,6.422862749066752,6.422862749066752,25-50%
6.0,12.85469308660856,6.85469308660856,6.85469308660856,25-50%
6.0,12.533785928183741,6.533785928183741,6.533785928183741,25-50%
6.0,12.45660240960541,6.456602409605409,6.456602409605409,25-50%
6.0,12.208088013659793,6.208088013659793,6.208088013659793,25-50%
6.0,12.665577062115846,6.665577062115846,6.665577062115846,25-50%
6.0,12.85469308660856,6.85469308660856,6.85469308660856,25-50%
6.0,12.523934846883208,6.523934846883208,6.523934846883208,25-50%
6.0,12.542293118767137,6.542293118767137,6.542293118767137,25-50%
6.0,12.419033997708105,6.419033997708105,6.419033997708105,25-50%
6.0,12.430940486274396,6.430940486274396,6.430940486274396,25-50%
6.0,12.523934846883208,6.523934846883208,6.523934846883208,25-50%
6.0,12.67919236543765,6.67919236543765,6.67919236543765,25-50%
6.0,12.665577062115846,6.665577062115846,6.665577062115846,25-50%
5.0,12.397265167726058,7.397265167726058,7.397265167726058,0-25%
5.0,12.397265167726058,7.397265167726058,7.397265167726058,0-25%
5.0,12.179048858506626,7.179048858506626,7.179048858506626,0-25%
5.0,12.397265167726058,7.397265167726058,7.397265167726058,0-25%
5.0,12.397265167726058,7.397265167726058,7.397265167726058,0-25%
5.0,12.397265167726058,7.397265167726058,7.397265167726058,0-25%
5.0,12.467836283192199,7.467836283192199,7.467836283192199,0-25%
5.0,12.37171503899709,7.37171503899709,7.37171503899709,0-25%
5.0,12.397265167726058,7.397265167726058,7.397265167726058,0-25%
5.0,12.397265167726058,7.397265167726058,7.397265167726058,0-25%
5.0,12.282351996606296,7.282351996606296,7.282351996606296,0-25%
5.0,12.37171503899709,7.37171503899709,7.37171503899709,0-25%
5.0,12.397265167726058,7.397265167726058,7.397265167726058,0-25%
5.0,12.397265167726058,7.397265167726058,7.397265167726058,0-25%
5.0,12.776917392225261,7.776917392225261,7.776917392225261,0-25%
5.0,12.774759379552405,7.774759379552405,7.774759379552405,0-25%
5.0,12.774759379552405,7.774759379552405,7.774759379552405,0-25%
5.0,12.774759379552405,7.774759379552405,7.774759379552405,0-25%
5.0,11.9675985843551,6.9675985843551,6.9675985843551,0-25%
5.0,13.481676381588521,8.481676381588521,8.481676381588521,0-25%
5.0,12.75501759793979,7.755017597939791,7.755017597939791,0-25%
5.0,12.780550812593642,7.780550812593642,7.780550812593642,0-25%
5.0,12.785577412601622,7.785577412601622,7.785577412601622,0-25%
5.0,12.776917392225261,7.776917392225261,7.776917392225261,0-25%
5.0,12.533297951313772,7.533297951313772,7.533297951313772,0-25%
5.0,11.342258022141598,6.342258022141598,6.342258022141598,0-25%
5.0,11.171019475781415,6.171019475781415,6.171019475781415,0-25%
5.0,12.811498185545403,7.811498185545403,7.811498185545403,0-25%
5.0,12.811498185545403,7.811498185545403,7.811498185545403,0-25%
5.0,12.800281254938923,7.800281254938923,7.800281254938923,0-25%
5.0,12.730063522106834,7.730063522106834,7.730063522106834,0-25%
5.0,12.780550812593642,7.780550812593642,7.780550812593642,0-25%
5.0,12.522677890933249,7.522677890933249,7.522677890933249,0-25%
5.0,11.50656510803365,6.50656510803365,6.50656510803365,0-25%
5.0,11.171019475781415,6.171019475781415,6.171019475781415,0-25%
5.0,12.926954202055777,7.926954202055777,7.926954202055777,0-25%
5.0,12.780550812593642,7.780550812593642,7.780550812593642,0-25%
5.0,12.764435137804625,7.764435137804625,7.764435137804625,0-25%
5.0,12.573363453371574,7.573363453371574,7.573363453371574,0-25%
5.0,11.770466797229052,6.7704667972290515,6.7704667972290515,0-25%
5.0,11.24259698424947,6.24259698424947,6.24259698424947,0-25%
5.0,12.811498185545403,7.811498185545403,7.811498185545403,0-25%
5.0,12.811498185545403,7.811498185545403,7.811498185545403,0-25%
5.0,12.87505201419269,7.87505201419269,7.87505201419269,0-25%
5.0,12.774759379552405,7.774759379552405,7.774759379552405,0-25%
5.0,12.87622810619173,7.87622810619173,7.87622810619173,0-25%
5.0,12.840184717735516,7.840184717735516,7.840184717735516,0-25%
5.0,12.87505201419269,7.87505201419269,7.87505201419269,0-25%
5.0,12.82912853024542,7.82912853024542,7.82912853024542,0-25%
5.0,13.204533980665868,8.204533980665868,8.204533980665868,0-25%
5.0,13.558383585925478,8.558383585925478,8.558383585925478,0-25%
5.0,13.601444133096372,8.601444133096372,8.601444133096372,0-25%
5.0,13.371898108080178,8.371898108080178,8.371898108080178,0-25%
5.0,14.586332333018126,9.586332333018126,9.586332333018126,0-25%
5.0,13.783724528036505,8.783724528036505,8.783724528036505,0-25%
5.0,13.204533980665868,8.204533980665868,8.204533980665868,0-25%
5.0,13.204533980665868,8.204533980665868,8.204533980665868,0-25%
5.0,13.204533980665868,8.204533980665868,8.204533980665868,0-25%
5.0,14.009094231861486,9.009094231861486,9.009094231861486,0-25%
5.0,14.586332333018126,9.586332333018126,9.586332333018126,0-25%
5.0,13.574440608259174,8.574440608259174,8.574440608259174,0-25%
5.0,13.479879323098542,8.479879323098542,8.479879323098542,0-25%
5.0,14.586332333018126,9.586332333018126,9.586332333018126,0-25%
5.0,14.43684875347309,9.43684875347309,9.43684875347309,0-25%
5.0,13.067961152443983,8.067961152443983,8.067961152443983,0-25%
5.0,13.296931062491714,8.296931062491714,8.296931062491714,0-25%
5.0,13.812028946482013,8.812028946482013,8.812028946482013,0-25%
5.0,14.71973926194369,9.71973926194369,9.71973926194369,0-25%
5.0,14.71973926194369,9.71973926194369,9.71973926194369,0-25%
5.0,13.067961152443983,8.067961152443983,8.067961152443983,0-25%
5.0,13.418113767575305,8.418113767575305,8.418113767575305,0-25%
5.0,13.479879323098542,8.479879323098542,8.479879323098542,0-25%
14.0,14.75054918018681,0.7505491801868107,0.7505491801868107,50-75%
23.0,14.616880780221251,-8.383119219778749,8.383119219778749,75-100%
23.0,14.774326329656656,-8.225673670343344,8.225673670343344,75-100%
23.0,14.568923838147983,-8.431076161852017,8.431076161852017,75-100%
5.0,13.64158293626057,8.64158293626057,8.64158293626057,0-25%
14.0,13.889033706606028,-0.11096629339397168,0.11096629339397168,50-75%
14.0,14.467104220189217,0.46710422018921705,0.46710422018921705,50-75%
23.0,14.616880780221251,-8.383119219778749,8.383119219778749,75-100%
23.0,14.616880780221251,-8.383119219778749,8.383119219778749,75-100%
23.0,14.774326329656656,-8.225673670343344,8.225673670343344,75-100%
23.0,14.774326329656656,-8.225673670343344,8.225673670343344,75-100%
23.0,14.616880780221251,-8.383119219778749,8.383119219778749,75-100%
23.0,14.467104220189217,-8.532895779810783,8.532895779810783,75-100%
23.0,14.467104220189217,-8.532895779810783,8.532895779810783,75-100%
23.0,14.495761672244889,-8.504238327755111,8.504238327755111,75-100%
23.0,14.51915419254466,-8.48084580745534,8.48084580745534,75-100%
23.0,14.774326329656656,-8.225673670343344,8.225673670343344,75-100%
23.0,14.64045614285249,-8.35954385714751,8.35954385714751,75-100%
16.0,15.633253180822587,-0.36674681917741303,0.36674681917741303,75-100%
16.0,14.45236134971739,-1.5476386502826092,1.5476386502826092,75-100%
16.0,14.366247655997078,-1.6337523440029216,1.6337523440029216,75-100%
23.0,14.75054918018681,-8.24945081981319,8.24945081981319,75-100%
23.0,14.467104220189217,-8.532895779810783,8.532895779810783,75-100%
23.0,14.467104220189217,-8.532895779810783,8.532895779810783,75-100%
23.0,14.51915419254466,-8.48084580745534,8.48084580745534,75-100%
23.0,14.418093457091526,-8.581906542908474,8.581906542908474,75-100%
23.0,14.035380366921707,-8.964619633078293,8.964619633078293,75-100%
23.0,14.47884331708246,-8.52115668291754,8.52115668291754,75-100%
16.0,14.311812418361125,-1.688187581638875,1.688187581638875,75-100%
16.0,14.192694725249924,-1.8073052747500764,1.8073052747500764,75-100%
16.0,14.682182048700115,-1.3178179512998849,1.3178179512998849,75-100%
16.0,14.266182647942962,-1.733817352057038,1.733817352057038,75-100%
16.0,14.366247655997078,-1.6337523440029216,1.6337523440029216,75-100%
23.0,14.75054918018681,-8.24945081981319,8.24945081981319,75-100%
23.0,14.75054918018681,-8.24945081981319,8.24945081981319,75-100%
23.0,14.64045614285249,-8.35954385714751,8.35954385714751,75-100%
23.0,14.533141597391639,-8.466858402608361,8.466858402608361,75-100%
23.0,14.606041561911633,-8.393958438088367,8.393958438088367,75-100%
16.0,14.860945964538551,-1.1390540354614487,1.1390540354614487,75-100%
16.0,14.411806667491987,-1.5881933325080126,1.5881933325080126,75-100%
16.0,14.52811548112702,-1.4718845188729794,1.4718845188729794,75-100%
16.0,14.248673410819865,-1.7513265891801346,1.7513265891801346,75-100%
16.0,14.080087726844699,-1.919912273155301,1.919912273155301,75-100%
16.0,14.239926803163577,-1.760073196836423,1.760073196836423,75-100%
23.0,14.164071573879333,-8.835928426120667,8.835928426120667,75-100%
23.0,13.693103513050458,-9.306896486949542,9.306896486949542,75-100%
23.0,13.693103513050458,-9.306896486949542,9.306896486949542,75-100%
16.0,14.755478438077391,-1.2445215619226087,1.2445215619226087,75-100%
16.0,14.543719791938152,-1.4562802080618482,1.4562802080618482,75-100%
16.0,14.52811548112702,-1.4718845188729794,1.4718845188729794,75-100%
10.0,14.558549826154707,4.558549826154707,4.558549826154707,50-75%
10.0,14.426510845338555,4.426510845338555,4.426510845338555,50-75%
16.0,14.860945964538551,-1.1390540354614487,1.1390540354614487,75-100%
10.0,14.558549826154707,4.558549826154707,4.558549826154707,50-75%
10.0,14.558549826154707,4.558549826154707,4.558549826154707,50-75%
4.0,14.558549826154707,10.558549826154707,10.558549826154707,0-25%
5.0,14.601995146346992,9.601995146346992,9.601995146346992,0-25%
5.0,14.123392466146425,9.123392466146425,9.123392466146425,0-25%
5.0,14.45236134971739,9.45236134971739,9.45236134971739,0-25%
10.0,14.558549826154707,4.558549826154707,4.558549826154707,50-75%
10.0,13.600042409840613,3.600042409840613,3.600042409840613,50-75%
10.0,13.844699329389679,3.8446993293896785,3.8446993293896785,50-75%
4.0,13.971758454400252,9.971758454400252,9.971758454400252,0-25%
4.0,13.762988162023731,9.762988162023731,9.762988162023731,0-25%
4.0,13.799760155162335,9.799760155162335,9.799760155162335,0-25%
5.0,14.81188559896705,9.81188559896705,9.81188559896705,0-25%
5.0,14.252131070965158,9.252131070965158,9.252131070965158,0-25%
5.0,14.576211445973437,9.576211445973437,9.576211445973437,0-25%
4.0,14.109636111186385,10.109636111186385,10.109636111186385,0-25%
10.0,13.965050296919095,3.9650502969190953,3.9650502969190953,50-75%
10.0,13.179191972300815,3.1791919723008153,3.1791919723008153,50-75%
4.0,13.893177145256805,9.893177145256805,9.893177145256805,0-25%
5.0,15.18596168158214,10.18596168158214,10.18596168158214,0-25%
5.0,15.323837952690738,10.323837952690738,10.323837952690738,0-25%
5.0,14.351735569271172,9.351735569271172,9.351735569271172,0-25%
5.0,14.45236134971739,9.45236134971739,9.45236134971739,0-25%
5.0,14.484662033577095,9.484662033577095,9.484662033577095,0-25%
5.0,14.295903846555136,9.295903846555136,9.295903846555136,0-25%
5.0,15.020181620408591,10.020181620408591,10.020181620408591,0-25%
5.0,14.361778039079923,9.361778039079923,9.361778039079923,0-25%
5.0,14.390293856914674,9.390293856914674,9.390293856914674,0-25%
5.0,14.444022578290802,9.444022578290802,9.444022578290802,0-25%
5.0,14.576211445973437,9.576211445973437,9.576211445973437,0-25%
5.0,14.27880499136733,9.27880499136733,9.27880499136733,0-25%
5.0,14.27880499136733,9.27880499136733,9.27880499136733,0-25%
5.0,14.513352016750952,9.513352016750952,9.513352016750952,0-25%
5.0,14.571648760984111,9.571648760984111,9.571648760984111,0-25%
5.0,14.302334826617411,9.302334826617411,9.302334826617411,0-25%
5.0,14.27880499136733,9.27880499136733,9.27880499136733,0-25%
5.0,14.398671227733793,9.398671227733793,9.398671227733793,0-25%
5.0,14.390293856914674,9.390293856914674,9.390293856914674,0-25%
5.0,14.27880499136733,9.27880499136733,9.27880499136733,0-25%
5.0,13.125225215660429,8.125225215660429,8.125225215660429,0-25%
5.0,12.780701240920607,7.780701240920607,7.780701240920607,0-25%
5.0,12.780701240920607,7.780701240920607,7.780701240920607,0-25%
5.0,12.780701240920607,7.780701240920607,7.780701240920607,0-25%
5.0,13.089674558316998,8.089674558316998,8.089674558316998,0-25%
5.0,13.073418016470864,8.073418016470864,8.073418016470864,0-25%
5.0,13.05447362015271,8.05447362015271,8.05447362015271,0-25%
5.0,13.05447362015271,8.05447362015271,8.05447362015271,0-25%
5.0,12.704901218898831,7.704901218898831,7.704901218898831,0-25%
5.0,12.590420035420646,7.590420035420646,7.590420035420646,0-25%
5.0,12.590420035420646,7.590420035420646,7.590420035420646,0-25%
5.0,13.114943396904048,8.114943396904048,8.114943396904048,0-25%
5.0,12.912666928716382,7.912666928716382,7.912666928716382,0-25%
5.0,13.197240942863125,8.197240942863125,8.197240942863125,0-25%
5.0,13.174769025336522,8.174769025336522,8.174769025336522,0-25%
5.0,12.86063299075093,7.860632990750929,7.860632990750929,0-25%
10.0,13.197240942863125,3.197240942863125,3.197240942863125,50-75%
5.0,13.005350268309028,8.005350268309028,8.005350268309028,0-25%
5.0,13.125225215660429,8.125225215660429,8.125225215660429,0-25%
15.0,12.822067638672209,-2.177932361327791,2.177932361327791,50-75%
15.0,12.912666928716382,-2.0873330712836182,2.0873330712836182,50-75%
10.0,12.941749128254646,2.9417491282546457,2.9417491282546457,50-75%
10.0,12.941749128254646,2.9417491282546457,2.9417491282546457,50-75%
10.0,12.600703693158946,2.6007036931589465,2.6007036931589465,50-75%
5.0,12.363613485152166,7.363613485152166,7.363613485152166,0-25%
15.0,13.303864037871215,-1.6961359621287855,1.6961359621287855,50-75%
15.0,12.831109463052883,-2.168890536947117,2.168890536947117,50-75%
15.0,12.856783925793952,-2.143216074206048,2.143216074206048,50-75%
10.0,13.076754827804656,3.076754827804656,3.076754827804656,50-75%
10.0,13.197240942863125,3.197240942863125,3.197240942863125,50-75%
10.0,13.027553598437237,3.027553598437237,3.027553598437237,50-75%
10.0,12.23697342112982,2.23697342112982,2.23697342112982,50-75%
5.0,12.025742719514453,7.025742719514453,7.025742719514453,0-25%
15.0,12.873115393402514,-2.1268846065974856,2.1268846065974856,50-75%
15.0,12.873115393402514,-2.1268846065974856,2.1268846065974856,50-75%
15.0,12.967580402262204,-2.032419597737796,2.032419597737796,50-75%
15.0,13.020068379160266,-1.979931620839734,1.979931620839734,50-75%
15.0,12.947610770141026,-2.0523892298589743,2.0523892298589743,50-75%
15.0,12.893019772303415,-2.106980227696585,2.106980227696585,50-75%
15.0,12.384852413248122,-2.6151475867518776,2.6151475867518776,50-75%
15.0,12.981953625831316,-2.0180463741686836,2.0180463741686836,50-75%
15.0,12.856783925793952,-2.143216074206048,2.143216074206048,50-75%
15.0,12.931299726967776,-2.068700273032224,2.068700273032224,50-75%
15.0,13.290052485147205,-1.7099475148527947,1.7099475148527947,50-75%
15.0,12.328191264767757,-2.6718087352322435,2.6718087352322435,50-75%
15.0,12.873115393402514,-2.1268846065974856,2.1268846065974856,50-75%
15.0,12.873115393402514,-2.1268846065974856,2.1268846065974856,50-75%
15.0,12.936952754612111,-2.0630472453878888,2.0630472453878888,50-75%
15.0,12.8509604549208,-2.1490395450791997,2.1490395450791997,50-75%
15.0,12.893016106038719,-2.1069838939612815,2.1069838939612815,50-75%
5.0,11.620034095442762,6.620034095442762,6.620034095442762,0-25%
5.0,12.298272065688142,7.298272065688142,7.298272065688142,0-25%
5.0,11.502135760275737,6.502135760275737,6.502135760275737,0-25%
5.0,11.502135760275737,6.502135760275737,6.502135760275737,0-25%
5.0,11.389788444559084,6.389788444559084,6.389788444559084,0-25%
5.0,11.956452483724425,6.956452483724425,6.956452483724425,0-25%
5.0,12.374692774827253,7.374692774827253,7.374692774827253,0-25%
5.0,11.121425909976669,6.121425909976669,6.121425909976669,0-25%
5.0,11.277148851570765,6.2771488515707645,6.2771488515707645,0-25%
5.0,11.277148851570765,6.2771488515707645,6.2771488515707645,0-25%
5.0,11.309401529570257,6.309401529570257,6.309401529570257,0-25%
5.0,11.21364098380863,6.213640983808631,6.213640983808631,0-25%
5.0,11.646367145889489,6.646367145889489,6.646367145889489,0-25%
5.0,11.082907257108634,6.082907257108634,6.082907257108634,0-25%
5.0,11.219799028930886,6.219799028930886,6.219799028930886,0-25%
5.0,11.277148851570765,6.2771488515707645,6.2771488515707645,0-25%
5.0,11.502135760275737,6.502135760275737,6.502135760275737,0-25%
5.0,11.389788444559084,6.389788444559084,6.389788444559084,0-25%
5.0,11.519710692508113,6.519710692508113,6.519710692508113,0-25%
5.0,11.294407507468481,6.294407507468481,6.294407507468481,0-25%
4.0,9.74707717854072,5.747077178540721,5.747077178540721,0-25%
4.0,9.74707717854072,5.747077178540721,5.747077178540721,0-25%
5.0,11.419002677478158,6.419002677478158,6.419002677478158,0-25%
5.0,11.495835434390337,6.495835434390337,6.495835434390337,0-25%
5.0,11.519710692508113,6.519710692508113,6.519710692508113,0-25%
4.0,9.702930528984968,5.702930528984968,5.702930528984968,0-25%
4.0,9.702930528984968,5.702930528984968,5.702930528984968,0-25%
4.0,9.687963446041817,5.687963446041817,5.687963446041817,0-25%
4.0,9.598683655933797,5.598683655933797,5.598683655933797,0-25%
4.0,9.598683655933797,5.598683655933797,5.598683655933797,0-25%
5.0,11.502135760275737,6.502135760275737,6.502135760275737,0-25%
5.0,11.519710692508113,6.519710692508113,6.519710692508113,0-25%
5.0,11.519710692508113,6.519710692508113,6.519710692508113,0-25%
4.0,9.594940204479899,5.594940204479899,5.594940204479899,0-25%
4.0,9.811652404885587,5.811652404885587,5.811652404885587,0-25%
4.0,9.794539321988236,5.7945393219882355,5.7945393219882355,0-25%
4.0,10.027069742048127,6.027069742048127,6.027069742048127,0-25%
4.0,10.142202111080435,6.142202111080435,6.142202111080435,0-25%
4.0,9.811652404885587,5.811652404885587,5.811652404885587,0-25%
4.0,10.142202111080435,6.142202111080435,6.142202111080435,0-25%
4.0,10.237570728491363,6.237570728491363,6.237570728491363,0-25%
4.0,9.900791533446572,5.900791533446572,5.900791533446572,0-25%
4.0,9.61708722824618,5.617087228246181,5.617087228246181,0-25%
4.0,9.61708722824618,5.617087228246181,5.617087228246181,0-25%
4.0,9.951439756719733,5.951439756719733,5.951439756719733,0-25%
4.0,9.714490098065852,5.714490098065852,5.714490098065852,0-25%
4.0,9.907403627961527,5.907403627961527,5.907403627961527,0-25%
4.0,9.719898380221938,5.719898380221938,5.719898380221938,0-25%
4.0,9.811652404885587,5.811652404885587,5.811652404885587,0-25%
4.0,10.159866359891645,6.1598663598916445,6.1598663598916445,0-25%
4.0,9.682518974241425,5.682518974241425,5.682518974241425,0-25%
4.0,10.084009557680822,6.084009557680822,6.084009557680822,0-25%
4.0,10.084009557680822,6.084009557680822,6.084009557680822,0-25%
4.0,9.621551055749887,5.621551055749887,5.621551055749887,0-25%
4.0,9.764115017504908,5.764115017504908,5.764115017504908,0-25%
4.0,9.793327096590879,5.793327096590879,5.793327096590879,0-25%
4.0,10.084009557680822,6.084009557680822,6.084009557680822,0-25%
14.0,11.540489958234406,-2.4595100417655935,2.4595100417655935,50-75%
14.0,11.553516758921305,-2.4464832410786954,2.4464832410786954,50-75%
14.0,11.553516758921305,-2.4464832410786954,2.4464832410786954,50-75%
14.0,11.553516758921305,-2.4464832410786954,2.4464832410786954,50-75%
14.0,11.553516758921305,-2.4464832410786954,2.4464832410786954,50-75%
14.0,11.528928817950359,-2.4710711820496414,2.4710711820496414,50-75%
14.0,11.553516758921305,-2.4464832410786954,2.4464832410786954,50-75%
14.0,11.553516758921305,-2.4464832410786954,2.4464832410786954,50-75%
14.0,11.660965136271477,-2.339034863728523,2.339034863728523,50-75%
14.0,11.553516758921305,-2.4464832410786954,2.4464832410786954,50-75%
14.0,10.676256570360268,-3.323743429639732,3.323743429639732,50-75%
14.0,10.698604771929876,-3.301395228070124,3.301395228070124,50-75%
14.0,11.553516758921305,-2.4464832410786954,2.4464832410786954,50-75%
14.0,11.660965136271477,-2.339034863728523,2.339034863728523,50-75%
14.0,11.225595583131636,-2.7744044168683644,2.7744044168683644,50-75%
14.0,11.212909066675847,-2.787090933324153,2.787090933324153,50-75%
14.0,10.599323549173503,-3.400676450826497,3.400676450826497,50-75%
14.0,10.784298827775443,-3.2157011722245574,3.2157011722245574,50-75%
14.0,10.885163295603085,-3.1148367043969145,3.1148367043969145,50-75%
14.0,11.225595583131636,-2.7744044168683644,2.7744044168683644,50-75%
14.0,11.225595583131636,-2.7744044168683644,2.7744044168683644,50-75%
14.0,11.330237209281009,-2.669762790718991,2.669762790718991,50-75%
14.0,11.15163727737232,-2.84836272262768,2.84836272262768,50-75%
14.0,10.885163295603085,-3.1148367043969145,3.1148367043969145,50-75%
14.0,10.784298827775443,-3.2157011722245574,3.2157011722245574,50-75%
14.0,11.225595583131636,-2.7744044168683644,2.7744044168683644,50-75%
14.0,11.225595583131636,-2.7744044168683644,2.7744044168683644,50-75%
14.0,10.885163295603085,-3.1148367043969145,3.1148367043969145,50-75%
16.0,9.305157195629704,-6.694842804370296,6.694842804370296,75-100%
16.0,9.305157195629704,-6.694842804370296,6.694842804370296,75-100%
16.0,9.869197273165312,-6.130802726834688,6.130802726834688,75-100%
16.0,9.305157195629704,-6.694842804370296,6.694842804370296,75-100%
16.0,9.358247173078464,-6.641752826921536,6.641752826921536,75-100%
16.0,9.797930052443043,-6.202069947556957,6.202069947556957,75-100%
16.0,9.869197273165312,-6.130802726834688,6.130802726834688,75-100%
16.0,9.869197273165312,-6.130802726834688,6.130802726834688,75-100%
16.0,9.869197273165312,-6.130802726834688,6.130802726834688,75-100%
15.0,9.022914858858021,-5.977085141141979,5.977085141141979,50-75%
15.0,9.022914858858021,-5.977085141141979,5.977085141141979,50-75%
15.0,9.022914858858021,-5.977085141141979,5.977085141141979,50-75%
15.0,9.089066915970593,-5.910933084029407,5.910933084029407,50-75%
16.0,9.358247173078464,-6.641752826921536,6.641752826921536,75-100%
16.0,9.358247173078464,-6.641752826921536,6.641752826921536,75-100%
16.0,9.358247173078464,-6.641752826921536,6.641752826921536,75-100%
16.0,9.869197273165312,-6.130802726834688,6.130802726834688,75-100%
16.0,9.882129532744639,-6.117870467255361,6.117870467255361,75-100%
16.0,9.878953847318822,-6.121046152681178,6.121046152681178,75-100%
16.0,9.48991274518205,-6.51008725481795,6.51008725481795,75-100%
15.0,8.80778150758926,-6.19221849241074,6.19221849241074,50-75%
15.0,8.87634858047676,-6.12365141952324,6.12365141952324,50-75%
15.0,9.554063892982885,-5.445936107017115,5.445936107017115,50-75%
15.0,9.573701162026405,-5.4262988379735955,5.4262988379735955,50-75%
15.0,9.643488453748578,-5.356511546251422,5.356511546251422,50-75%
15.0,9.141043642271777,-5.858956357728223,5.858956357728223,50-75%
16.0,9.358247173078464,-6.641752826921536,6.641752826921536,75-100%
16.0,9.358247173078464,-6.641752826921536,6.641752826921536,75-100%
16.0,9.358247173078464,-6.641752826921536,6.641752826921536,75-100%
16.0,9.26823155061556,-6.73176844938444,6.73176844938444,75-100%
16.0,9.943049685176412,-6.056950314823588,6.056950314823588,75-100%
16.0,8.152417481152884,-7.8475825188471156,7.8475825188471156,75-100%
16.0,9.608904658127653,-6.391095341872347,6.391095341872347,75-100%
16.0,9.56031121803904,-6.43968878196096,6.43968878196096,75-100%
15.0,8.730151135405123,-6.269848864594877,6.269848864594877,50-75%
15.0,8.684186877884835,-6.3158131221151645,6.3158131221151645,50-75%
15.0,8.80778150758926,-6.19221849241074,6.19221849241074,50-75%
15.0,8.941533288175036,-6.058466711824964,6.058466711824964,50-75%
15.0,9.573701162026405,-5.4262988379735955,5.4262988379735955,50-75%
15.0,9.643488453748578,-5.356511546251422,5.356511546251422,50-75%
15.0,9.643488453748578,-5.356511546251422,5.356511546251422,50-75%
15.5,9.055840527019045,-6.444159472980955,6.444159472980955,75-100%
16.0,9.29033015317101,-6.709669846828991,6.709669846828991,75-100%
16.0,9.245981859699604,-6.754018140300396,6.754018140300396,75-100%
16.0,9.411038968688061,-6.588961031311939,6.588961031311939,75-100%
16.0,9.878953847318822,-6.121046152681178,6.121046152681178,75-100%
16.0,9.56031121803904,-6.43968878196096,6.43968878196096,75-100%
16.0,9.473424171651697,-6.526575828348303,6.526575828348303,75-100%
15.0,8.775045411714686,-6.224954588285314,6.224954588285314,50-75%
15.0,8.684186877884835,-6.3158131221151645,6.3158131221151645,50-75%
15.0,9.024639377473042,-5.975360622526958,5.975360622526958,50-75%
15.0,9.643488453748578,-5.356511546251422,5.356511546251422,50-75%
15.0,9.643488453748578,-5.356511546251422,5.356511546251422,50-75%
15.0,9.643488453748578,-5.356511546251422,5.356511546251422,50-75%
15.0,9.141043642271777,-5.858956357728223,5.858956357728223,50-75%
16.0,9.411038968688061,-6.588961031311939,6.588961031311939,75-100%
16.0,9.341057131547206,-6.658942868452794,6.658942868452794,75-100%
16.0,9.336002717940312,-6.663997282059688,6.663997282059688,75-100%
16.0,9.56031121803904,-6.43968878196096,6.43968878196096,75-100%
16.0,9.473424171651697,-6.526575828348303,6.526575828348303,75-100%
15.0,8.647654791147868,-6.352345208852132,6.352345208852132,50-75%
15.0,8.775045411714686,-6.224954588285314,6.224954588285314,50-75%
15.0,8.87634858047676,-6.12365141952324,6.12365141952324,50-75%
15.0,8.941533288175036,-6.058466711824964,6.058466711824964,50-75%
15.0,9.643488453748578,-5.356511546251422,5.356511546251422,50-75%
15.0,9.662734085879325,-5.337265914120675,5.337265914120675,50-75%
16.0,8.997566708760289,-7.002433291239711,7.002433291239711,75-100%
16.0,8.952052321817927,-7.047947678182073,7.047947678182073,75-100%
15.0,8.684186877884835,-6.3158131221151645,6.3158131221151645,50-75%
15.0,8.87634858047676,-6.12365141952324,6.12365141952324,50-75%
15.0,8.912134013723502,-6.087865986276498,6.087865986276498,50-75%
15.0,9.573701162026405,-5.4262988379735955,5.4262988379735955,50-75%
9.0,9.847360064997522,0.8473600649975221,0.8473600649975221,50-75%
9.0,9.7470927513492,0.7470927513492001,0.7470927513492001,50-75%
9.0,9.661228338800075,0.6612283388000755,0.6612283388000755,50-75%
9.0,9.60725876281181,0.60725876281181,0.60725876281181,50-75%
9.0,9.931916136292038,0.9319161362920383,0.9319161362920383,50-75%
9.0,9.846834343295578,0.846834343295578,0.846834343295578,50-75%
9.0,9.667086966556642,0.6670869665566421,0.6670869665566421,50-75%
9.0,9.777068164302914,0.7770681643029143,0.7770681643029143,50-75%
9.0,9.847360064997522,0.8473600649975221,0.8473600649975221,50-75%
9.0,9.890493258707492,0.8904932587074921,0.8904932587074921,50-75%
9.0,9.952635337042004,0.952635337042004,0.952635337042004,50-75%
9.0,9.450101510550938,0.4501015105509385,0.4501015105509385,50-75%
9.0,9.667086966556642,0.6670869665566421,0.6670869665566421,50-75%
9.0,9.667086966556642,0.6670869665566421,0.6670869665566421,50-75%
9.0,9.777068164302914,0.7770681643029143,0.7770681643029143,50-75%
9.0,9.847360064997522,0.8473600649975221,0.8473600649975221,50-75%
9.0,9.60725876281181,0.60725876281181,0.60725876281181,50-75%
9.0,9.65626347262976,0.6562634726297603,0.6562634726297603,50-75%
9.0,9.604912364158578,0.6049123641585776,0.6049123641585776,50-75%
9.0,9.667086966556642,0.6670869665566421,0.6670869665566421,50-75%
9.0,9.620867991683799,0.6208679916837987,0.6208679916837987,50-75%
9.0,9.667086966556642,0.6670869665566421,0.6670869665566421,50-75%
9.0,9.847360064997522,0.8473600649975221,0.8473600649975221,50-75%
9.0,9.766477514237359,0.7664775142373585,0.7664775142373585,50-75%
9.0,9.768392104858274,0.7683921048582736,0.7683921048582736,50-75%
9.0,9.394237254331504,0.3942372543315038,0.3942372543315038,50-75%
9.0,9.667086966556642,0.6670869665566421,0.6670869665566421,50-75%
9.0,9.46148069400587,0.46148069400586955,0.46148069400586955,50-75%
9.0,9.431726528398912,0.43172652839891157,0.43172652839891157,50-75%
9.0,9.55617438408717,0.5561743840871696,0.5561743840871696,50-75%
9.0,9.667086966556642,0.6670869665566421,0.6670869665566421,50-75%
9.0,9.46148069400587,0.46148069400586955,0.46148069400586955,50-75%
9.0,9.431726528398912,0.43172652839891157,0.43172652839891157,50-75%
9.0,9.573702092509276,0.5737020925092757,0.5737020925092757,50-75%
6.0,9.224921248320044,3.224921248320044,3.224921248320044,25-50%
6.0,9.162511242731789,3.1625112427317887,3.1625112427317887,25-50%
6.0,9.412979568004992,3.4129795680049924,3.4129795680049924,25-50%
6.0,9.409826495916743,3.409826495916743,3.409826495916743,25-50%
6.0,9.176619746437682,3.176619746437682,3.176619746437682,25-50%
6.0,9.286359003644227,3.286359003644227,3.286359003644227,25-50%
6.0,9.291113061818919,3.291113061818919,3.291113061818919,25-50%
6.0,9.279238117795975,3.279238117795975,3.279238117795975,25-50%
6.0,9.448190917229926,3.448190917229926,3.448190917229926,25-50%
7.0,8.558844272026011,1.5588442720260112,1.5588442720260112,25-50%
6.5,8.620724185030003,2.120724185030003,2.120724185030003,25-50%
6.5,8.631860706862193,2.1318607068621933,2.1318607068621933,25-50%
6.0,9.206028849233311,3.206028849233311,3.206028849233311,25-50%
6.0,9.232305446538119,3.2323054465381187,3.2323054465381187,25-50%
6.0,9.458287973585378,3.458287973585378,3.458287973585378,25-50%
7.0,8.592039642948322,1.592039642948322,1.592039642948322,25-50%
7.0,8.668637412171051,1.6686374121710514,1.6686374121710514,25-50%
6.5,8.558844272026011,2.058844272026011,2.058844272026011,25-50%
6.5,8.560835791256062,2.0608357912560624,2.0608357912560624,25-50%
6.5,8.596730930958678,2.096730930958678,2.096730930958678,25-50%
6.5,8.563262093894364,2.063262093894364,2.063262093894364,25-50%
6.0,9.291113061818919,3.291113061818919,3.291113061818919,25-50%
6.0,9.298266034696637,3.2982660346966366,3.2982660346966366,25-50%
6.0,9.458287973585378,3.458287973585378,3.458287973585378,25-50%
6.0,9.232305446538119,3.2323054465381187,3.2323054465381187,25-50%
7.0,8.633114392757568,1.6331143927575678,1.6331143927575678,25-50%
7.0,8.688342683845265,1.6883426838452653,1.6883426838452653,25-50%
7.0,8.627411195341342,1.6274111953413417,1.6274111953413417,25-50%
6.5,8.518086203458468,2.018086203458468,2.018086203458468,25-50%
6.5,8.633373502536237,2.1333735025362373,2.1333735025362373,25-50%
6.5,8.620724185030003,2.120724185030003,2.120724185030003,25-50%
8.666666666666666,8.558844272026011,-0.1078223946406549,0.1078223946406549,50-75%
9.5,8.633373502536237,-0.8666264974637627,0.8666264974637627,50-75%
9.5,8.633373502536237,-0.8666264974637627,0.8666264974637627,50-75%
9.5,8.63782576966335,-0.8621742303366506,0.8621742303366506,50-75%
13.0,8.631860706862193,-4.368139293137807,4.368139293137807,50-75%
7.0,8.592039642948322,1.592039642948322,1.592039642948322,25-50%
7.0,8.702214066008757,1.7022140660087572,1.7022140660087572,25-50%
7.0,8.592039642948322,1.592039642948322,1.592039642948322,25-50%
6.5,8.518086203458468,2.018086203458468,2.018086203458468,25-50%
8.666666666666666,8.518086203458468,-0.14858046320819795,0.14858046320819795,50-75%
8.666666666666666,8.558844272026011,-0.1078223946406549,0.1078223946406549,50-75%
8.666666666666666,8.668637412171051,0.0019707455043853628,0.0019707455043853628,50-75%
9.5,8.620724185030003,-0.8792758149699971,0.8792758149699971,50-75%
13.0,8.563262093894364,-4.436737906105636,4.436737906105636,50-75%
13.0,8.522485188124174,-4.477514811875826,4.477514811875826,50-75%
13.0,8.522485188124174,-4.477514811875826,4.477514811875826,50-75%
7.0,8.592039642948322,1.592039642948322,1.592039642948322,25-50%
7.0,8.824238210576526,1.8242382105765262,1.8242382105765262,25-50%
7.0,8.633114392757568,1.6331143927575678,1.6331143927575678,25-50%
7.0,8.620724185030003,1.620724185030003,1.620724185030003,25-50%
7.0,8.59229764790576,1.5922976479057596,1.5922976479057596,25-50%
10.0,8.558844272026011,-1.4411557279739888,1.4411557279739888,50-75%
13.0,8.620724185030003,-4.379275814969997,4.379275814969997,50-75%
13.0,8.522485188124174,-4.477514811875826,4.477514811875826,50-75%
13.0,8.504890667237168,-4.495109332762832,4.495109332762832,50-75%
13.0,8.522874213134473,-4.4771257868655265,4.4771257868655265,50-75%
13.0,8.763959849655127,-4.2360401503448735,4.2360401503448735,50-75%
7.0,8.877082087702965,1.8770820877029646,1.8770820877029646,25-50%
7.0,8.66682769402105,1.66682769402105,1.66682769402105,25-50%
7.0,8.512436653994397,1.5124366539943974,1.5124366539943974,25-50%
7.0,8.512436653994397,1.5124366539943974,1.5124366539943974,25-50%
10.0,8.627411195341342,-1.3725888046586583,1.3725888046586583,50-75%
10.0,8.522485188124174,-1.4775148118758263,1.4775148118758263,50-75%
13.0,8.57016845739563,-4.42983154260437,4.42983154260437,50-75%
13.0,8.79879854571626,-4.201201454283741,4.201201454283741,50-75%
13.0,8.7853950472441,-4.2146049527559,4.2146049527559,50-75%
7.0,8.496302566114863,1.4963025661148635,1.4963025661148635,25-50%
7.0,8.625170606007737,1.625170606007737,1.625170606007737,25-50%
7.0,8.516833027601438,1.5168330276014377,1.5168330276014377,25-50%
13.0,8.596730930958678,-4.403269069041322,4.403269069041322,50-75%
13.0,8.522485188124174,-4.477514811875826,4.477514811875826,50-75%
14.5,8.663925573655504,-5.836074426344496,5.836074426344496,50-75%
14.5,8.694802037017999,-5.805197962982001,5.805197962982001,50-75%
14.5,8.57016845739563,-5.92983154260437,5.92983154260437,50-75%
14.5,8.680091667435725,-5.819908332564275,5.819908332564275,50-75%
14.5,8.859720838799428,-5.6402791612005725,5.6402791612005725,50-75%
14.5,8.859720838799428,-5.6402791612005725,5.6402791612005725,50-75%
16.0,8.79879854571626,-7.201201454283741,7.201201454283741,75-100%
16.0,8.694802037017999,-7.305197962982001,7.305197962982001,75-100%
25.0,10.077710872876434,-14.922289127123566,14.922289127123566,75-100%
25.0,10.030476491137478,-14.969523508862522,14.969523508862522,75-100%
16.0,8.63212167838389,-7.367878321616111,7.367878321616111,75-100%
16.0,8.79879854571626,-7.201201454283741,7.201201454283741,75-100%
16.0,8.87861072242424,-7.12138927757576,7.12138927757576,75-100%
16.0,8.603661464868791,-7.396338535131209,7.396338535131209,75-100%
16.0,8.545592230267927,-7.454407769732073,7.454407769732073,75-100%
16.0,8.694802037017999,-7.305197962982001,7.305197962982001,75-100%
16.0,8.694802037017999,-7.305197962982001,7.305197962982001,75-100%
25.0,10.030476491137478,-14.969523508862522,14.969523508862522,75-100%
25.0,10.09821684418706,-14.90178315581294,14.90178315581294,75-100%
25.0,10.030476491137478,-14.969523508862522,14.969523508862522,75-100%
25.0,10.09821684418706,-14.90178315581294,14.90178315581294,75-100%
25.0,10.050895026795747,-14.949104973204253,14.949104973204253,75-100%
25.0,10.177825901687797,-14.822174098312203,14.822174098312203,75-100%
25.0,9.657285909109165,-15.342714090890835,15.342714090890835,75-100%
16.0,8.80176654121599,-7.19823345878401,7.19823345878401,75-100%
16.0,8.545592230267927,-7.454407769732073,7.454407769732073,75-100%
16.0,8.563262093894364,-7.436737906105636,7.436737906105636,75-100%
16.0,8.57016845739563,-7.42983154260437,7.42983154260437,75-100%
25.0,10.18474838899458,-14.81525161100542,14.81525161100542,75-100%
25.0,10.050895026795747,-14.949104973204253,14.949104973204253,75-100%
25.0,10.218853122568424,-14.781146877431576,14.781146877431576,75-100%
16.0,9.535373931531304,-6.4646260684686965,6.4646260684686965,75-100%
16.0,8.59229764790576,-7.40770235209424,7.40770235209424,75-100%
16.0,8.625170606007737,-7.374829393992263,7.374829393992263,75-100%
16.0,10.170062003839629,-5.829937996160371,5.829937996160371,75-100%
16.0,10.050895026795747,-5.949104973204253,5.949104973204253,75-100%
25.0,10.170062003839629,-14.829937996160371,14.829937996160371,75-100%
25.0,10.170062003839629,-14.829937996160371,14.829937996160371,75-100%
25.0,10.09821684418706,-14.90178315581294,14.90178315581294,75-100%
25.0,10.050895026795747,-14.949104973204253,14.949104973204253,75-100%
25.0,10.09821684418706,-14.90178315581294,14.90178315581294,75-100%
25.0,9.657285909109165,-15.342714090890835,15.342714090890835,75-100%
25.0,9.70292222512294,-15.29707777487706,15.29707777487706,75-100%
16.0,8.545592230267927,-7.454407769732073,7.454407769732073,75-100%
16.0,8.518086203458468,-7.481913796541532,7.481913796541532,75-100%
16.0,10.170062003839629,-5.829937996160371,5.829937996160371,75-100%
16.0,10.170062003839629,-5.829937996160371,5.829937996160371,75-100%
25.0,10.170062003839629,-14.829937996160371,14.829937996160371,75-100%
25.0,10.170062003839629,-14.829937996160371,14.829937996160371,75-100%
25.0,10.09821684418706,-14.90178315581294,14.90178315581294,75-100%
25.0,9.649595021456257,-15.350404978543743,15.350404978543743,75-100%
25.0,9.595479386839797,-15.404520613160203,15.404520613160203,75-100%
25.0,10.09821684418706,-14.90178315581294,14.90178315581294,75-100%
25.0,10.09821684418706,-14.90178315581294,14.90178315581294,75-100%
25.0,10.170062003839629,-14.829937996160371,14.829937996160371,75-100%
25.0,10.044335664257776,-14.955664335742224,14.955664335742224,75-100%
25.0,9.490159321477641,-15.509840678522359,15.509840678522359,75-100%
25.0,9.649595021456257,-15.350404978543743,15.350404978543743,75-100%
25.0,10.177825901687797,-14.822174098312203,14.822174098312203,75-100%
9.0,9.065770606454311,0.06577060645431132,0.06577060645431132,50-75%
9.0,9.038078624215792,0.038078624215792445,0.038078624215792445,50-75%
9.0,8.973109188111364,-0.02689081188863618,0.02689081188863618,50-75%
9.0,8.955624458030544,-0.04437554196945648,0.04437554196945648,50-75%
9.0,9.053761236030965,0.053761236030965165,0.053761236030965165,50-75%
9.0,9.054765021578195,0.05476502157819496,0.05476502157819496,50-75%
9.0,9.050836883779276,0.050836883779275865,0.050836883779275865,50-75%
9.0,9.054765021578195,0.05476502157819496,0.05476502157819496,50-75%
9.0,8.997840305213787,-0.002159694786213251,0.002159694786213251,50-75%
9.0,9.054765021578195,0.05476502157819496,0.05476502157819496,50-75%
9.0,9.072467624043503,0.07246762404350271,0.07246762404350271,50-75%
9.0,9.065770606454311,0.06577060645431132,0.06577060645431132,50-75%
9.0,9.072467624043503,0.07246762404350271,0.07246762404350271,50-75%
9.0,9.072467624043503,0.07246762404350271,0.07246762404350271,50-75%
9.0,9.054765021578195,0.05476502157819496,0.05476502157819496,50-75%
9.0,9.072467624043503,0.07246762404350271,0.07246762404350271,50-75%
9.0,9.054765021578195,0.05476502157819496,0.05476502157819496,50-75%
9.0,9.571514790685514,0.571514790685514,0.571514790685514,50-75%
9.0,9.054765021578195,0.05476502157819496,0.05476502157819496,50-75%
9.0,9.054765021578195,0.05476502157819496,0.05476502157819496,50-75%
9.0,9.054765021578195,0.05476502157819496,0.05476502157819496,50-75%
9.0,9.054765021578195,0.05476502157819496,0.05476502157819496,50-75%
9.0,9.054765021578195,0.05476502157819496,0.05476502157819496,50-75%
9.0,9.081063389021086,0.0810633890210859,0.0810633890210859,50-75%
9.0,9.065770606454311,0.06577060645431132,0.06577060645431132,50-75%
9.0,8.981748453442457,-0.018251546557543463,0.018251546557543463,50-75%
9.0,9.054765021578195,0.05476502157819496,0.05476502157819496,50-75%
9.0,9.081063389021086,0.0810633890210859,0.0810633890210859,50-75%
9.0,9.081063389021086,0.0810633890210859,0.0810633890210859,50-75%
9.0,9.054765021578195,0.05476502157819496,0.05476502157819496,50-75%
9.0,9.054765021578195,0.05476502157819496,0.05476502157819496,50-75%
9.0,8.70309319085316,-0.2969068091468401,0.2969068091468401,50-75%
9.0,9.065770606454311,0.06577060645431132,0.06577060645431132,50-75%
9.0,9.020842376057175,0.02084237605717476,0.02084237605717476,50-75%
9.0,9.033172297856709,0.03317229785670861,0.03317229785670861,50-75%
17.0,9.054765021578195,-7.945234978421805,7.945234978421805,75-100%
17.0,9.072467624043503,-7.927532375956497,7.927532375956497,75-100%
17.0,8.780744114223685,-8.219255885776315,8.219255885776315,75-100%
17.0,8.805753508870806,-8.194246491129194,8.194246491129194,75-100%
25.0,8.89298452795948,-16.10701547204052,16.10701547204052,75-100%
25.0,8.850801714822936,-16.149198285177064,16.149198285177064,75-100%
17.0,8.705335786595603,-8.294664213404397,8.294664213404397,75-100%
25.0,8.647368332301557,-16.352631667698443,16.352631667698443,75-100%
25.0,8.601795132435683,-16.398204867564317,16.398204867564317,75-100%
25.0,8.622811007605733,-16.377188992394267,16.377188992394267,75-100%
31.0,8.583925372749324,-22.416074627250676,22.416074627250676,75-100%
20.0,8.61036448536568,-11.38963551463432,11.38963551463432,75-100%
17.0,8.60623280495177,-8.39376719504823,8.39376719504823,75-100%
17.0,8.705335786595603,-8.294664213404397,8.294664213404397,75-100%
17.0,8.647368332301557,-8.352631667698443,8.352631667698443,75-100%
25.0,8.691880654211388,-16.30811934578861,16.30811934578861,75-100%
25.0,8.601795132435683,-16.398204867564317,16.398204867564317,75-100%
31.0,8.596577442909007,-22.40342255709099,22.40342255709099,75-100%
31.0,8.556014733601257,-22.44398526639874,22.44398526639874,75-100%
20.0,8.556014733601257,-11.443985266398743,11.443985266398743,75-100%
20.0,8.583925372749324,-11.416074627250676,11.416074627250676,75-100%
21.66666666666667,8.556014733601257,-13.110651933065414,13.110651933065414,75-100%
21.66666666666667,8.60623280495177,-13.060433861714902,13.060433861714902,75-100%
17.0,8.593166813141632,-8.406833186858368,8.406833186858368,75-100%
17.0,8.691880654211388,-8.308119345788612,8.308119345788612,75-100%
17.0,8.645659902544631,-8.354340097455369,8.354340097455369,75-100%
25.0,8.691880654211388,-16.30811934578861,16.30811934578861,75-100%
31.0,8.638004606821307,-22.361995393178695,22.361995393178695,75-100%
31.0,8.581617040075134,-22.418382959924866,22.418382959924866,75-100%
20.0,8.547427553270609,-11.452572446729391,11.452572446729391,75-100%
20.0,8.583925372749324,-11.416074627250676,11.416074627250676,75-100%
21.66666666666667,8.581617040075134,-13.085049626591537,13.085049626591537,75-100%
21.66666666666667,8.613170200892338,-13.053496465774334,13.053496465774334,75-100%
21.66666666666667,8.857682100353843,-12.808984566312828,12.808984566312828,75-100%
17.0,8.709821312612927,-8.290178687387073,8.290178687387073,75-100%
25.0,8.601795132435683,-16.398204867564317,16.398204867564317,75-100%
31.0,8.556014733601257,-22.44398526639874,22.44398526639874,75-100%
31.0,8.581617040075134,-22.418382959924866,22.418382959924866,75-100%
20.0,8.583925372749324,-11.416074627250676,11.416074627250676,75-100%
20.0,8.583925372749324,-11.416074627250676,11.416074627250676,75-100%
20.0,8.588483545132185,-11.411516454867815,11.411516454867815,75-100%
21.66666666666667,8.799739786238955,-12.866926880427716,12.866926880427716,75-100%
21.66666666666667,8.799739786238955,-12.866926880427716,12.866926880427716,75-100%
17.0,8.705335786595603,-8.294664213404397,8.294664213404397,75-100%
17.0,8.939351108439896,-8.060648891560104,8.060648891560104,75-100%
31.0,8.582376849318855,-22.417623150681145,22.417623150681145,75-100%
31.0,8.525749109402781,-22.47425089059722,22.47425089059722,75-100%
31.0,8.606286017226795,-22.393713982773207,22.393713982773207,75-100%
20.0,8.547427553270609,-11.452572446729391,11.452572446729391,75-100%
20.0,8.583925372749324,-11.416074627250676,11.416074627250676,75-100%
20.0,8.599353589294367,-11.400646410705633,11.400646410705633,75-100%
20.0,8.749935218519212,-11.250064781480788,11.250064781480788,75-100%
20.0,8.775313058969026,-11.224686941030974,11.224686941030974,75-100%
9.0,8.588483545132185,-0.4115164548678152,0.4115164548678152,50-75%
9.0,8.705335786595603,-0.2946642134043973,0.2946642134043973,50-75%
31.0,8.574095007806768,-22.42590499219323,22.42590499219323,75-100%
31.0,8.634343485748392,-22.365656514251608,22.365656514251608,75-100%
20.0,8.627390809993013,-11.372609190006987,11.372609190006987,75-100%
20.0,8.599353589294367,-11.400646410705633,11.400646410705633,75-100%
20.0,8.632786816007695,-11.367213183992305,11.367213183992305,75-100%
9.0,8.775313058969026,-0.2246869410309742,0.2246869410309742,50-75%
9.0,8.768971585387932,-0.23102841461206758,0.23102841461206758,50-75%
31.0,8.627390809993013,-22.372609190006987,22.372609190006987,75-100%
9.0,8.73601131196385,-0.26398868803615017,0.26398868803615017,50-75%
9.0,9.10066757587326,0.10066757587325981,0.10066757587325981,50-75%
9.0,9.000199677009176,0.00019967700917611353,0.00019967700917611353,50-75%
9.0,9.13184801547601,0.13184801547600955,0.13184801547600955,50-75%
9.0,9.10066757587326,0.10066757587325981,0.10066757587325981,50-75%
28.0,11.513605544619743,-16.486394455380257,16.486394455380257,75-100%
28.0,11.482416732209964,-16.517583267790037,16.517583267790037,75-100%
28.0,11.513605544619743,-16.486394455380257,16.486394455380257,75-100%
28.0,12.106492045400241,-15.893507954599759,15.893507954599759,75-100%
28.0,12.106492045400241,-15.893507954599759,15.893507954599759,75-100%
9.0,8.649005854626346,-0.3509941453736545,0.3509941453736545,50-75%
9.0,8.623223483652307,-0.37677651634769305,0.37677651634769305,50-75%
9.0,8.680525968526569,-0.31947403147343145,0.31947403147343145,50-75%
9.0,8.796667817230052,-0.20333218276994813,0.20333218276994813,50-75%
9.0,8.883787000982998,-0.11621299901700155,0.11621299901700155,50-75%
9.0,8.88571296293052,-0.11428703706948085,0.11428703706948085,50-75%
9.0,9.10066757587326,0.10066757587325981,0.10066757587325981,50-75%
9.0,8.95851126977776,-0.04148873022223931,0.04148873022223931,50-75%
9.0,9.150699694545361,0.15069969454536114,0.15069969454536114,50-75%
9.0,8.972769468533764,-0.027230531466235774,0.027230531466235774,50-75%
9.0,9.150699694545361,0.15069969454536114,0.15069969454536114,50-75%
18.5,10.167044861954574,-8.332955138045426,8.332955138045426,75-100%
28.0,11.513605544619743,-16.486394455380257,16.486394455380257,75-100%
28.0,11.575589784069397,-16.424410215930603,16.424410215930603,75-100%
28.0,11.513605544619743,-16.486394455380257,16.486394455380257,75-100%
28.0,12.17141305784468,-15.82858694215532,15.82858694215532,75-100%
28.0,11.594595969925797,-16.4054040300742,16.4054040300742,75-100%
28.0,11.594595969925797,-16.4054040300742,16.4054040300742,75-100%
9.0,8.654270436944469,-0.3457295630555315,0.3457295630555315,50-75%
9.0,8.623223483652307,-0.37677651634769305,0.37677651634769305,50-75%
9.0,8.645218698389222,-0.35478130161077814,0.35478130161077814,50-75%
9.0,8.645218698389222,-0.35478130161077814,0.35478130161077814,50-75%
9.0,8.796667817230052,-0.20333218276994813,0.20333218276994813,50-75%
9.0,8.82528134158333,-0.17471865841666911,0.17471865841666911,50-75%
9.0,8.753074547185863,-0.24692545281413736,0.24692545281413736,50-75%
9.0,9.282462702390255,0.28246270239025506,0.28246270239025506,50-75%
9.0,9.282462702390255,0.28246270239025506,0.28246270239025506,50-75%
9.0,9.282462702390255,0.28246270239025506,0.28246270239025506,50-75%
18.5,10.312000723523475,-8.187999276476525,8.187999276476525,75-100%
18.5,10.312000723523475,-8.187999276476525,8.187999276476525,75-100%
28.0,11.556615542775065,-16.443384457224937,16.443384457224937,75-100%
28.0,11.355153991479554,-16.644846008520446,16.644846008520446,75-100%
28.0,11.46932181506073,-16.53067818493927,16.53067818493927,75-100%
28.0,11.594595969925797,-16.4054040300742,16.4054040300742,75-100%
28.0,11.884785883616477,-16.115214116383523,16.115214116383523,75-100%
9.0,8.671059998555432,-0.32894000144456825,0.32894000144456825,50-75%
9.0,8.713809051322167,-0.2861909486778327,0.2861909486778327,50-75%
9.0,8.623223483652307,-0.37677651634769305,0.37677651634769305,50-75%
9.0,8.623223483652307,-0.37677651634769305,0.37677651634769305,50-75%
9.0,8.888886055433122,-0.11111394456687762,0.11111394456687762,50-75%
9.0,8.992813784904886,-0.007186215095114079,0.007186215095114079,50-75%
9.0,8.995720839804497,-0.004279160195503451,0.004279160195503451,50-75%
9.0,9.282462702390255,0.28246270239025506,0.28246270239025506,50-75%
9.0,9.135384164330262,0.13538416433026157,0.13538416433026157,50-75%
9.0,9.135384164330262,0.13538416433026157,0.13538416433026157,50-75%
18.5,10.312000723523475,-8.187999276476525,8.187999276476525,75-100%
18.5,10.312000723523475,-8.187999276476525,8.187999276476525,75-100%
28.0,11.35484828360384,-16.64515171639616,16.64515171639616,75-100%
28.0,11.577526103634112,-16.422473896365887,16.422473896365887,75-100%
28.0,11.884785883616477,-16.115214116383523,16.115214116383523,75-100%
28.0,11.884785883616477,-16.115214116383523,16.115214116383523,75-100%
28.0,11.884785883616477,-16.115214116383523,16.115214116383523,75-100%
9.0,8.677188096706729,-0.32281190329327103,0.32281190329327103,50-75%
9.0,8.65133042211788,-0.34866957788212005,0.34866957788212005,50-75%
9.0,8.641614848123988,-0.3583851518760124,0.3583851518760124,50-75%
9.0,8.819059463097183,-0.18094053690281697,0.18094053690281697,50-75%
9.0,8.888886055433122,-0.11111394456687762,0.11111394456687762,50-75%
9.0,8.793826672766354,-0.20617332723364612,0.20617332723364612,50-75%
9.0,8.822116674949898,-0.17788332505010196,0.17788332505010196,50-75%
9.0,8.995720839804497,-0.004279160195503451,0.004279160195503451,50-75%
9.0,9.180186549344189,0.18018654934418876,0.18018654934418876,50-75%
9.0,9.282462702390255,0.28246270239025506,0.28246270239025506,50-75%
18.5,10.368032996476414,-8.131967003523586,8.131967003523586,75-100%
18.5,10.023691806035364,-8.476308193964636,8.476308193964636,75-100%
28.0,11.252625809348572,-16.747374190651428,16.747374190651428,75-100%
28.0,11.43203025512367,-16.56796974487633,16.56796974487633,75-100%
28.0,12.383574510508936,-15.616425489491064,15.616425489491064,75-100%
28.0,12.408476468284803,-15.591523531715197,15.591523531715197,75-100%
9.0,8.65133042211788,-0.34866957788212005,0.34866957788212005,50-75%
9.0,8.65133042211788,-0.34866957788212005,0.34866957788212005,50-75%
9.0,8.645218698389222,-0.35478130161077814,0.35478130161077814,50-75%
9.0,8.796667817230052,-0.20333218276994813,0.20333218276994813,50-75%
9.0,8.888886055433122,-0.11111394456687762,0.11111394456687762,50-75%
9.0,8.65133042211788,-0.34866957788212005,0.34866957788212005,50-75%
9.0,8.8187523876702,-0.18124761232980013,0.18124761232980013,50-75%
9.0,9.060428906844509,0.060428906844508745,0.060428906844508745,50-75%
9.0,8.989391030175176,-0.010608969824824399,0.010608969824824399,50-75%
9.0,9.135384164330262,0.13538416433026157,0.13538416433026157,50-75%
9.0,9.09216778053195,0.09216778053195007,0.09216778053195007,50-75%
28.0,11.318443422346423,-16.681556577653577,16.681556577653577,75-100%
28.0,11.24486855365977,-16.75513144634023,16.75513144634023,75-100%
28.0,11.187025023413407,-16.812974976586595,16.812974976586595,75-100%
28.0,11.252625809348572,-16.747374190651428,16.747374190651428,75-100%
28.0,11.370753610973342,-16.629246389026658,16.629246389026658,75-100%
9.0,8.65133042211788,-0.34866957788212005,0.34866957788212005,50-75%
9.0,8.8163118524964,-0.18368814750360052,0.18368814750360052,50-75%
9.0,8.65133042211788,-0.34866957788212005,0.34866957788212005,50-75%
9.0,8.65133042211788,-0.34866957788212005,0.34866957788212005,50-75%
11.0,8.849664505978255,-2.1503354940217445,2.1503354940217445,50-75%
11.0,8.806987306688981,-2.193012693311019,2.193012693311019,50-75%
11.0,8.806987306688981,-2.193012693311019,2.193012693311019,50-75%
11.0,8.806987306688981,-2.193012693311019,2.193012693311019,50-75%
11.0,9.52048271118904,-1.4795172888109605,1.4795172888109605,50-75%
11.0,9.566264838079173,-1.4337351619208274,1.4337351619208274,50-75%
11.0,9.566264838079173,-1.4337351619208274,1.4337351619208274,50-75%
5.0,9.566264838079173,4.566264838079173,4.566264838079173,0-25%
5.0,9.662725037587489,4.662725037587489,4.662725037587489,0-25%
5.0,9.640155701743303,4.6401557017433035,4.6401557017433035,0-25%
5.0,9.640155701743303,4.6401557017433035,4.6401557017433035,0-25%
5.0,9.566264838079173,4.566264838079173,4.566264838079173,0-25%
5.0,9.566264838079173,4.566264838079173,4.566264838079173,0-25%
5.0,9.662725037587489,4.662725037587489,4.662725037587489,0-25%
5.0,9.640155701743303,4.6401557017433035,4.6401557017433035,0-25%
5.0,9.566264838079173,4.566264838079173,4.566264838079173,0-25%
5.0,9.566264838079173,4.566264838079173,4.566264838079173,0-25%
5.0,9.640155701743303,4.6401557017433035,4.6401557017433035,0-25%
5.0,9.566264838079173,4.566264838079173,4.566264838079173,0-25%
5.0,9.566264838079173,4.566264838079173,4.566264838079173,0-25%
5.0,9.566264838079173,4.566264838079173,4.566264838079173,0-25%
5.0,9.566264838079173,4.566264838079173,4.566264838079173,0-25%
5.0,9.566264838079173,4.566264838079173,4.566264838079173,0-25%
5.0,9.566264838079173,4.566264838079173,4.566264838079173,0-25%
5.0,9.566264838079173,4.566264838079173,4.566264838079173,0-25%
5.0,9.640155701743303,4.6401557017433035,4.6401557017433035,0-25%
10.0,8.868868115425911,-1.1311318845740885,1.1311318845740885,50-75%
10.0,8.887136395647849,-1.1128636043521514,1.1128636043521514,50-75%
10.0,8.580802981697527,-1.419197018302473,1.419197018302473,50-75%
5.0,8.767423952471765,3.7674239524717645,3.7674239524717645,0-25%
5.0,9.566264838079173,4.566264838079173,4.566264838079173,0-25%
5.0,9.566264838079173,4.566264838079173,4.566264838079173,0-25%
5.0,9.640155701743303,4.6401557017433035,4.6401557017433035,0-25%
10.0,8.93275499160587,-1.0672450083941296,1.0672450083941296,50-75%
10.0,8.666224102153775,-1.333775897846225,1.333775897846225,50-75%
10.0,8.666224102153775,-1.333775897846225,1.333775897846225,50-75%
10.0,8.57637705668226,-1.4236229433177403,1.4236229433177403,50-75%
10.0,8.621829614206725,-1.3781703857932754,1.3781703857932754,50-75%
10.0,9.042745640218488,-0.957254359781512,0.957254359781512,50-75%
10.0,8.73650988471848,-1.2634901152815203,1.2634901152815203,50-75%
10.0,8.80351618776813,-1.19648381223187,1.19648381223187,50-75%
10.0,8.621829614206725,-1.3781703857932754,1.3781703857932754,50-75%
10.0,8.621829614206725,-1.3781703857932754,1.3781703857932754,50-75%
10.0,8.598265197399474,-1.4017348026005259,1.4017348026005259,50-75%
10.0,8.617384736625638,-1.3826152633743618,1.3826152633743618,50-75%
10.0,8.643821643061296,-1.3561783569387043,1.3561783569387043,50-75%
10.0,9.042745640218488,-0.957254359781512,0.957254359781512,50-75%
10.0,8.790270930676492,-1.209729069323508,1.209729069323508,50-75%
10.0,8.563100708095046,-1.436899291904954,1.436899291904954,50-75%
10.0,8.580802981697527,-1.419197018302473,1.419197018302473,50-75%
10.0,8.57637705668226,-1.4236229433177403,1.4236229433177403,50-75%
10.0,8.617384736625638,-1.3826152633743618,1.3826152633743618,50-75%
10.0,8.617384736625638,-1.3826152633743618,1.3826152633743618,50-75%
10.0,8.790270930676492,-1.209729069323508,1.209729069323508,50-75%
10.0,8.563100708095046,-1.436899291904954,1.436899291904954,50-75%
10.0,8.602701238481492,-1.397298761518508,1.397298761518508,50-75%
10.0,8.617384736625638,-1.3826152633743618,1.3826152633743618,50-75%
10.0,8.57637705668226,-1.4236229433177403,1.4236229433177403,50-75%
10.0,8.57637705668226,-1.4236229433177403,1.4236229433177403,50-75%
10.0,8.909232094548926,-1.0907679054510737,1.0907679054510737,50-75%
10.0,8.93275499160587,-1.0672450083941296,1.0672450083941296,50-75%
10.0,8.887136395647849,-1.1128636043521514,1.1128636043521514,50-75%
10.0,8.580802981697527,-1.419197018302473,1.419197018302473,50-75%
10.0,8.617384736625638,-1.3826152633743618,1.3826152633743618,50-75%
10.0,8.617384736625638,-1.3826152633743618,1.3826152633743618,50-75%
9.0,10.08075675020331,1.0807567502033102,1.0807567502033102,50-75%
9.0,10.242341000016523,1.2423410000165234,1.2423410000165234,50-75%
9.0,10.28988859937219,1.2898885993721905,1.2898885993721905,50-75%
9.0,10.28988859937219,1.2898885993721905,1.2898885993721905,50-75%
9.0,10.411632756047933,1.4116327560479327,1.4116327560479327,50-75%
9.0,10.411632756047933,1.4116327560479327,1.4116327560479327,50-75%
10.0,10.338233828005016,0.33823382800501633,0.33823382800501633,50-75%
11.0,10.293756955259418,-0.7062430447405816,0.7062430447405816,50-75%
11.0,10.342118748851954,-0.6578812511480461,0.6578812511480461,50-75%
9.0,10.411632756047933,1.4116327560479327,1.4116327560479327,50-75%
9.0,10.411632756047933,1.4116327560479327,1.4116327560479327,50-75%
9.0,10.390547691916614,1.3905476919166144,1.3905476919166144,50-75%
9.0,10.390547691916614,1.3905476919166144,1.3905476919166144,50-75%
9.0,10.338233828005016,1.3382338280050163,1.3382338280050163,50-75%
9.0,10.28988859937219,1.2898885993721905,1.2898885993721905,50-75%
10.0,10.411632756047933,0.4116327560479327,0.4116327560479327,50-75%
11.0,10.415542826228535,-0.5844571737714652,0.5844571737714652,50-75%
11.0,10.342118748851954,-0.6578812511480461,0.6578812511480461,50-75%
11.0,9.720698143584608,-1.2793018564153922,1.2793018564153922,50-75%
9.0,10.411632756047933,1.4116327560479327,1.4116327560479327,50-75%
9.0,10.411632756047933,1.4116327560479327,1.4116327560479327,50-75%
9.0,10.411632756047933,1.4116327560479327,1.4116327560479327,50-75%
9.0,10.338233828005016,1.3382338280050163,1.3382338280050163,50-75%
10.0,10.28988859937219,0.28988859937219047,0.28988859937219047,50-75%
10.0,10.338233828005016,0.33823382800501633,0.33823382800501633,50-75%
10.0,10.338233828005016,0.33823382800501633,0.33823382800501633,50-75%
11.0,10.415542826228535,-0.5844571737714652,0.5844571737714652,50-75%
11.0,10.132127212499023,-0.8678727875009766,0.8678727875009766,50-75%
11.0,9.720698143584608,-1.2793018564153922,1.2793018564153922,50-75%
11.0,9.720698143584608,-1.2793018564153922,1.2793018564153922,50-75%
9.0,10.636958914153809,1.6369589141538086,1.6369589141538086,50-75%
9.0,10.338233828005016,1.3382338280050163,1.3382338280050163,50-75%
9.0,10.338233828005016,1.3382338280050163,1.3382338280050163,50-75%
9.0,10.26281948437235,1.2628194843723506,1.2628194843723506,50-75%
10.0,10.24671688426033,0.24671688426033,0.24671688426033,50-75%
10.0,10.24671688426033,0.24671688426033,0.24671688426033,50-75%
10.0,10.24671688426033,0.24671688426033,0.24671688426033,50-75%
11.0,10.266678565325691,-0.7333214346743091,0.7333214346743091,50-75%
11.0,10.266678565325691,-0.7333214346743091,0.7333214346743091,50-75%
11.0,9.720698143584608,-1.2793018564153922,1.2793018564153922,50-75%
9.0,10.60010256397778,1.6001025639777797,1.6001025639777797,50-75%
9.0,10.28988859937219,1.2898885993721905,1.2898885993721905,50-75%
9.0,10.28988859937219,1.2898885993721905,1.2898885993721905,50-75%
10.0,10.28988859937219,0.28988859937219047,0.28988859937219047,50-75%
10.0,10.28988859937219,0.28988859937219047,0.28988859937219047,50-75%
11.0,8.747381227621709,-2.252618772378291,2.252618772378291,50-75%
11.0,8.747381227621709,-2.252618772378291,2.252618772378291,50-75%
11.0,8.724010493617085,-2.275989506382915,2.275989506382915,50-75%
11.0,8.724010493617085,-2.275989506382915,2.275989506382915,50-75%
11.0,8.724010493617085,-2.275989506382915,2.275989506382915,50-75%
11.0,9.53995363766875,-1.4600463623312496,1.4600463623312496,50-75%
11.0,8.789121176592232,-2.210878823407768,2.210878823407768,50-75%
11.0,8.747381227621709,-2.252618772378291,2.252618772378291,50-75%
11.0,8.789121176592232,-2.210878823407768,2.210878823407768,50-75%
11.0,8.747381227621709,-2.252618772378291,2.252618772378291,50-75%
11.0,8.730032625273559,-2.2699673747264413,2.2699673747264413,50-75%
11.0,8.789121176592232,-2.210878823407768,2.210878823407768,50-75%
9.0,12.175572644176292,3.1755726441762917,3.1755726441762917,50-75%
9.0,12.175572644176292,3.1755726441762917,3.1755726441762917,50-75%
9.0,12.110631129409526,3.1106311294095264,3.1106311294095264,50-75%
9.0,11.595163909149607,2.5951639091496066,2.5951639091496066,50-75%
9.0,12.110631129409526,3.1106311294095264,3.1106311294095264,50-75%
9.0,12.110631129409526,3.1106311294095264,3.1106311294095264,50-75%
9.0,12.110631129409526,3.1106311294095264,3.1106311294095264,50-75%
9.0,12.110631129409526,3.1106311294095264,3.1106311294095264,50-75%
9.0,11.309982545817594,2.3099825458175935,2.3099825458175935,50-75%
9.0,11.595163909149607,2.5951639091496066,2.5951639091496066,50-75%
9.0,11.595163909149607,2.5951639091496066,2.5951639091496066,50-75%
9.0,12.175572644176292,3.1755726441762917,3.1755726441762917,50-75%
9.0,12.110631129409526,3.1106311294095264,3.1106311294095264,50-75%
9.0,11.309982545817594,2.3099825458175935,2.3099825458175935,50-75%
9.0,11.309982545817594,2.3099825458175935,2.3099825458175935,50-75%
9.0,11.309982545817594,2.3099825458175935,2.3099825458175935,50-75%
9.0,11.595163909149607,2.5951639091496066,2.5951639091496066,50-75%
9.0,11.563771821311118,2.563771821311118,2.563771821311118,50-75%
9.0,11.595163909149607,2.5951639091496066,2.5951639091496066,50-75%
9.0,12.110631129409526,3.1106311294095264,3.1106311294095264,50-75%
9.0,12.110631129409526,3.1106311294095264,3.1106311294095264,50-75%
9.0,11.309982545817594,2.3099825458175935,2.3099825458175935,50-75%
9.0,11.347983070475745,2.3479830704757454,2.3479830704757454,50-75%
9.0,11.309982545817594,2.3099825458175935,2.3099825458175935,50-75%
9.0,11.657552135537966,2.6575521355379657,2.6575521355379657,50-75%
9.0,11.595163909149607,2.5951639091496066,2.5951639091496066,50-75%
9.0,12.175572644176292,3.1755726441762917,3.1755726441762917,50-75%
9.0,11.309982545817594,2.3099825458175935,2.3099825458175935,50-75%
9.0,11.309982545817594,2.3099825458175935,2.3099825458175935,50-75%
9.0,11.309982545817594,2.3099825458175935,2.3099825458175935,50-75%
9.0,11.309982545817594,2.3099825458175935,2.3099825458175935,50-75%
9.0,11.54344265474234,2.543442654742339,2.543442654742339,50-75%
9.0,11.564331278760527,2.564331278760527,2.564331278760527,50-75%
9.0,11.283546716481183,2.283546716481183,2.283546716481183,50-75%
9.0,11.309982545817594,2.3099825458175935,2.3099825458175935,50-75%
9.0,11.370958169751104,2.3709581697511037,2.3709581697511037,50-75%
9.0,11.370958169751104,2.3709581697511037,2.3709581697511037,50-75%
24.0,10.399875386634829,-13.600124613365171,13.600124613365171,75-100%
24.0,10.399875386634829,-13.600124613365171,13.600124613365171,75-100%
24.0,10.495047057726842,-13.504952942273158,13.504952942273158,75-100%
24.0,11.42159890260624,-12.57840109739376,12.57840109739376,75-100%
24.0,11.360373673893543,-12.639626326106457,12.639626326106457,75-100%
9.0,11.370958169751104,2.3709581697511037,2.3709581697511037,50-75%
9.0,11.370958169751104,2.3709581697511037,2.3709581697511037,50-75%
9.0,11.370958169751104,2.3709581697511037,2.3709581697511037,50-75%
24.0,10.495047057726842,-13.504952942273158,13.504952942273158,75-100%
24.0,10.495047057726842,-13.504952942273158,13.504952942273158,75-100%
24.0,10.495047057726842,-13.504952942273158,13.504952942273158,75-100%
24.0,10.495047057726842,-13.504952942273158,13.504952942273158,75-100%
24.0,11.360373673893543,-12.639626326106457,12.639626326106457,75-100%
24.0,11.639435388456164,-12.360564611543836,12.360564611543836,75-100%
24.0,11.585541951178882,-12.414458048821118,12.414458048821118,75-100%
24.0,10.495047057726842,-13.504952942273158,13.504952942273158,75-100%
24.0,10.495047057726842,-13.504952942273158,13.504952942273158,75-100%
24.0,10.495047057726842,-13.504952942273158,13.504952942273158,75-100%
24.0,10.495047057726842,-13.504952942273158,13.504952942273158,75-100%
24.0,10.527177999750672,-13.472822000249328,13.472822000249328,75-100%
24.0,11.564618063703255,-12.435381936296745,12.435381936296745,75-100%
24.0,9.531574504376628,-14.468425495623372,14.468425495623372,75-100%
24.0,10.972408357596743,-13.027591642403257,13.027591642403257,75-100%
24.0,11.141330059495818,-12.858669940504182,12.858669940504182,75-100%
24.0,10.530531902448427,-13.469468097551573,13.469468097551573,75-100%
24.0,10.667023548515983,-13.332976451484017,13.332976451484017,75-100%
24.0,10.708428021129935,-13.291571978870065,13.291571978870065,75-100%
24.0,10.807697351058428,-13.192302648941572,13.192302648941572,75-100%
24.0,11.710871881697306,-12.289128118302694,12.289128118302694,75-100%
24.0,11.132065794570412,-12.867934205429588,12.867934205429588,75-100%
24.0,11.141330059495818,-12.858669940504182,12.858669940504182,75-100%
24.0,10.495047057726842,-13.504952942273158,13.504952942273158,75-100%
24.0,10.807697351058428,-13.192302648941572,13.192302648941572,75-100%
24.0,10.681727808660987,-13.318272191339013,13.318272191339013,75-100%
24.0,10.584585998431638,-13.415414001568362,13.415414001568362,75-100%
24.0,11.132065794570412,-12.867934205429588,12.867934205429588,75-100%
24.0,10.667023548515983,-13.332976451484017,13.332976451484017,75-100%
24.0,10.343273348029939,-13.656726651970061,13.656726651970061,75-100%
24.0,10.16230474525307,-13.83769525474693,13.83769525474693,75-100%
8.0,9.529397980410469,1.5293979804104687,1.5293979804104687,25-50%
8.0,9.529397980410469,1.5293979804104687,1.5293979804104687,25-50%
8.0,9.529397980410469,1.5293979804104687,1.5293979804104687,25-50%
19.0,10.125421280586481,-8.874578719413519,8.874578719413519,75-100%
19.0,10.125421280586481,-8.874578719413519,8.874578719413519,75-100%
19.0,10.125421280586481,-8.874578719413519,8.874578719413519,75-100%
19.0,11.201010709136051,-7.798989290863949,7.798989290863949,75-100%
8.0,9.628993332454195,1.6289933324541952,1.6289933324541952,25-50%
8.0,9.529397980410469,1.5293979804104687,1.5293979804104687,25-50%
8.0,9.529397980410469,1.5293979804104687,1.5293979804104687,25-50%
19.0,10.125421280586481,-8.874578719413519,8.874578719413519,75-100%
19.0,10.230654291166596,-8.769345708833404,8.769345708833404,75-100%
19.0,10.78769061919394,-8.21230938080606,8.21230938080606,75-100%
19.0,10.772832686515837,-8.227167313484163,8.227167313484163,75-100%
19.0,11.138814557389317,-7.861185442610683,7.861185442610683,75-100%
19.0,11.183066806445858,-7.816933193554142,7.816933193554142,75-100%
19.0,11.263013831964027,-7.736986168035973,7.736986168035973,75-100%
12.0,11.106122027374225,-0.8938779726257753,0.8938779726257753,50-75%
12.0,10.489358420380793,-1.5106415796192074,1.5106415796192074,50-75%
8.0,9.628993332454195,1.6289933324541952,1.6289933324541952,25-50%
8.0,9.529397980410469,1.5293979804104687,1.5293979804104687,25-50%
16.0,9.205255075391024,-6.794744924608976,6.794744924608976,75-100%
16.0,9.205255075391024,-6.794744924608976,6.794744924608976,75-100%
16.0,9.480983525233924,-6.519016474766076,6.519016474766076,75-100%
19.0,11.118692409035745,-7.881307590964255,7.881307590964255,75-100%
15.5,10.62371429533885,-4.87628570466115,4.87628570466115,75-100%
15.5,10.753535802203983,-4.746464197796017,4.746464197796017,75-100%
12.0,10.421348811270779,-1.5786511887292214,1.5786511887292214,50-75%
12.0,10.421348811270779,-1.5786511887292214,1.5786511887292214,50-75%
12.0,10.533860998601762,-1.466139001398238,1.466139001398238,50-75%
12.0,10.438321501090929,-1.561678498909071,1.561678498909071,50-75%
8.0,9.628993332454195,1.6289933324541952,1.6289933324541952,25-50%
8.0,9.628993332454195,1.6289933324541952,1.6289933324541952,25-50%
8.0,9.529397980410469,1.5293979804104687,1.5293979804104687,25-50%
8.0,9.529397980410469,1.5293979804104687,1.5293979804104687,25-50%
13.0,8.859479254243913,-4.140520745756087,4.140520745756087,50-75%
16.0,9.949262113870237,-6.050737886129763,6.050737886129763,75-100%
16.0,9.742261186626386,-6.257738813373614,6.257738813373614,75-100%
16.0,9.364186222405754,-6.635813777594246,6.635813777594246,75-100%
16.0,9.677571567738617,-6.322428432261383,6.322428432261383,75-100%
16.0,9.677571567738617,-6.322428432261383,6.322428432261383,75-100%
15.5,10.50740652824918,-4.992593471750819,4.992593471750819,75-100%
12.0,10.407607244131711,-1.592392755868289,1.592392755868289,50-75%
12.0,10.528981522708284,-1.4710184772917163,1.4710184772917163,50-75%
12.0,10.440970749748125,-1.559029250251875,1.559029250251875,50-75%
8.0,10.388493412586381,2.3884934125863815,2.3884934125863815,25-50%
8.0,9.628993332454195,1.6289933324541952,1.6289933324541952,25-50%
8.0,9.529397980410469,1.5293979804104687,1.5293979804104687,25-50%
8.0,9.529397980410469,1.5293979804104687,1.5293979804104687,25-50%
13.0,8.952737986521022,-4.047262013478978,4.047262013478978,50-75%
13.0,8.859479254243913,-4.140520745756087,4.140520745756087,50-75%
13.0,8.859479254243913,-4.140520745756087,4.140520745756087,50-75%
16.0,9.742261186626386,-6.257738813373614,6.257738813373614,75-100%
16.0,9.635691366024258,-6.364308633975742,6.364308633975742,75-100%
16.0,9.724192950708503,-6.2758070492914975,6.2758070492914975,75-100%
16.0,9.648303306817935,-6.351696693182065,6.351696693182065,75-100%
14.666666666666664,10.79889128563038,-3.867775381036285,3.867775381036285,50-75%
15.5,10.686552625039194,-4.8134473749608055,4.8134473749608055,75-100%
12.0,10.503379009642945,-1.496620990357055,1.496620990357055,50-75%
12.0,10.477146396425013,-1.522853603574987,1.522853603574987,50-75%
12.0,10.600909841633364,-1.3990901583666364,1.3990901583666364,50-75%
8.0,9.505206525122379,1.5052065251223787,1.5052065251223787,25-50%
8.0,9.505206525122379,1.5052065251223787,1.5052065251223787,25-50%
8.0,9.668808954491382,1.6688089544913822,1.6688089544913822,25-50%
8.0,10.388493412586381,2.3884934125863815,2.3884934125863815,25-50%
8.0,10.388493412586381,2.3884934125863815,2.3884934125863815,25-50%
8.0,10.364387873741304,2.364387873741304,2.364387873741304,25-50%
13.0,8.764576814526144,-4.235423185473856,4.235423185473856,50-75%
13.0,8.952737986521022,-4.047262013478978,4.047262013478978,50-75%
13.0,8.859479254243913,-4.140520745756087,4.140520745756087,50-75%
14.666666666666664,10.766031469804856,-3.900635196861808,3.900635196861808,50-75%
12.0,10.579475053709363,-1.4205249462906373,1.4205249462906373,50-75%
12.0,10.579475053709363,-1.4205249462906373,1.4205249462906373,50-75%
12.0,10.526293494884285,-1.4737065051157145,1.4737065051157145,50-75%
12.0,10.477146396425013,-1.522853603574987,1.522853603574987,50-75%
12.0,10.594928008025224,-1.4050719919747756,1.4050719919747756,50-75%
12.0,10.504996574212946,-1.4950034257870541,1.4950034257870541,50-75%
12.0,10.209889954483621,-1.7901100455163785,1.7901100455163785,50-75%
8.0,9.668808954491382,1.6688089544913822,1.6688089544913822,25-50%
8.0,9.668808954491382,1.6688089544913822,1.6688089544913822,25-50%
8.0,9.668808954491382,1.6688089544913822,1.6688089544913822,25-50%
8.0,9.668808954491382,1.6688089544913822,1.6688089544913822,25-50%
8.0,9.668808954491382,1.6688089544913822,1.6688089544913822,25-50%
8.0,10.257901758297916,2.2579017582979155,2.2579017582979155,25-50%
13.0,8.693438033329555,-4.306561966670445,4.306561966670445,50-75%
13.0,8.705774785627568,-4.294225214372432,4.294225214372432,50-75%
12.0,10.504996574212946,-1.4950034257870541,1.4950034257870541,50-75%
12.0,10.526293494884285,-1.4737065051157145,1.4737065051157145,50-75%
12.0,10.477146396425013,-1.522853603574987,1.522853603574987,50-75%
12.0,10.504996574212946,-1.4950034257870541,1.4950034257870541,50-75%
8.0,9.555122746011303,1.5551227460113033,1.5551227460113033,25-50%
8.0,9.505206525122379,1.5052065251223787,1.5052065251223787,25-50%
8.0,9.668808954491382,1.6688089544913822,1.6688089544913822,25-50%
8.0,9.505206525122379,1.5052065251223787,1.5052065251223787,25-50%
8.0,9.406771075081501,1.406771075081501,1.406771075081501,25-50%
13.0,8.952737986521022,-4.047262013478978,4.047262013478978,50-75%
13.0,8.952737986521022,-4.047262013478978,4.047262013478978,50-75%
13.0,8.40709021063345,-4.59290978936655,4.59290978936655,50-75%
12.0,10.579475053709363,-1.4205249462906373,1.4205249462906373,50-75%
12.0,10.579475053709363,-1.4205249462906373,1.4205249462906373,50-75%
12.0,10.579475053709363,-1.4205249462906373,1.4205249462906373,50-75%
8.0,9.505206525122379,1.5052065251223787,1.5052065251223787,25-50%
8.0,9.505206525122379,1.5052065251223787,1.5052065251223787,25-50%
8.0,9.668808954491382,1.6688089544913822,1.6688089544913822,25-50%
8.0,9.668808954491382,1.6688089544913822,1.6688089544913822,25-50%
8.0,9.668808954491382,1.6688089544913822,1.6688089544913822,25-50%
8.0,9.505206525122379,1.5052065251223787,1.5052065251223787,25-50%
8.0,9.581638462861324,1.5816384628613243,1.5816384628613243,25-50%
8.0,9.48723283827588,1.4872328382758795,1.4872328382758795,25-50%
8.0,9.668808954491382,1.6688089544913822,1.6688089544913822,25-50%
9.0,8.805446693726326,-0.19455330627367395,0.19455330627367395,50-75%
9.0,8.805446693726326,-0.19455330627367395,0.19455330627367395,50-75%
9.0,8.805446693726326,-0.19455330627367395,0.19455330627367395,50-75%
9.0,9.177774238632207,0.17777423863220676,0.17777423863220676,50-75%
9.0,8.847435288926595,-0.15256471107340452,0.15256471107340452,50-75%
9.0,8.834769419526635,-0.1652305804733647,0.1652305804733647,50-75%
9.0,8.805446693726326,-0.19455330627367395,0.19455330627367395,50-75%
9.0,8.863834245652885,-0.13616575434711464,0.13616575434711464,50-75%
9.0,9.232519760855793,0.2325197608557925,0.2325197608557925,50-75%
9.0,9.232519760855793,0.2325197608557925,0.2325197608557925,50-75%
9.0,8.827858404935803,-0.1721415950641969,0.1721415950641969,50-75%
9.0,8.670895507861388,-0.3291044921386117,0.3291044921386117,50-75%
16.5,9.646947181138625,-6.853052818861375,6.853052818861375,75-100%
24.0,9.073057167604116,-14.926942832395884,14.926942832395884,75-100%
24.0,9.018059069402641,-14.981940930597359,14.981940930597359,75-100%
9.0,8.72374567970964,-0.27625432029035935,0.27625432029035935,50-75%
9.0,9.008340563780369,0.008340563780368626,0.008340563780368626,50-75%
9.0,9.006007079434463,0.006007079434462881,0.006007079434462881,50-75%
9.0,8.709843513516832,-0.29015648648316805,0.29015648648316805,50-75%
9.0,8.707579624943536,-0.292420375056464,0.292420375056464,50-75%
16.5,9.687333705493359,-6.812666294506641,6.812666294506641,75-100%
16.5,9.832364441057994,-6.667635558942006,6.667635558942006,75-100%
16.5,9.651867892759139,-6.848132107240861,6.848132107240861,75-100%
24.0,9.040956735746244,-14.959043264253756,14.959043264253756,75-100%
24.0,9.018059069402641,-14.981940930597359,14.981940930597359,75-100%
24.0,9.116736353049388,-14.883263646950612,14.883263646950612,75-100%
9.0,8.923733011028915,-0.07626698897108497,0.07626698897108497,50-75%
9.0,8.87481959593253,-0.12518040406746955,0.12518040406746955,50-75%
9.0,9.028877199279972,0.028877199279971677,0.028877199279971677,50-75%
9.0,8.712066187998168,-0.28793381200183177,0.28793381200183177,50-75%
9.0,8.710265024504324,-0.2897349754956764,0.2897349754956764,50-75%
16.5,9.62701049459221,-6.872989505407791,6.872989505407791,75-100%
16.5,9.62701049459221,-6.872989505407791,6.872989505407791,75-100%
16.5,10.921193279197343,-5.578806720802657,5.578806720802657,75-100%
24.0,9.042368659655823,-14.957631340344177,14.957631340344177,75-100%
24.0,9.01858617389144,-14.98141382610856,14.98141382610856,75-100%
24.0,9.078242887015287,-14.921757112984713,14.921757112984713,75-100%
9.0,9.028877199279972,0.028877199279971677,0.028877199279971677,50-75%
9.0,8.770422387685137,-0.22957761231486273,0.22957761231486273,50-75%
9.0,8.666187361954563,-0.3338126380454369,0.3338126380454369,50-75%
16.5,9.710078949654498,-6.789921050345502,6.789921050345502,75-100%
16.5,9.710078949654498,-6.789921050345502,6.789921050345502,75-100%
16.5,10.815844833276497,-5.684155166723503,5.684155166723503,75-100%
24.0,9.083442261428896,-14.916557738571104,14.916557738571104,75-100%
24.0,8.989624604243538,-15.010375395756462,15.010375395756462,75-100%
24.0,9.070991077943399,-14.929008922056601,14.929008922056601,75-100%
24.0,8.998669038767073,-15.001330961232927,15.001330961232927,75-100%
9.0,9.006007079434463,0.006007079434462881,0.006007079434462881,50-75%
9.0,8.770422387685137,-0.22957761231486273,0.22957761231486273,50-75%
9.0,8.792754045975371,-0.20724595402462853,0.20724595402462853,50-75%
16.5,10.943260622367513,-5.556739377632487,5.556739377632487,75-100%
24.0,10.118097927059539,-13.881902072940461,13.881902072940461,75-100%
24.0,10.0927439191289,-13.9072560808711,13.9072560808711,75-100%
24.0,8.99265039977664,-15.00734960022336,15.00734960022336,75-100%
24.0,9.042368659655823,-14.957631340344177,14.957631340344177,75-100%
21.0,9.006007079434463,-11.993992920565537,11.993992920565537,75-100%
21.0,8.770422387685137,-12.229577612314863,12.229577612314863,75-100%
21.0,9.411674207725351,-11.588325792274649,11.588325792274649,75-100%
22.5,10.481526801402602,-12.018473198597398,12.018473198597398,75-100%
22.5,10.766082158362893,-11.733917841637107,11.733917841637107,75-100%
24.0,10.046026598671807,-13.953973401328193,13.953973401328193,75-100%
24.0,9.718375297982881,-14.281624702017119,14.281624702017119,75-100%
21.0,9.006007079434463,-11.993992920565537,11.993992920565537,75-100%
21.0,9.07078173523723,-11.92921826476277,11.92921826476277,75-100%
21.0,9.414827839474082,-11.585172160525918,11.585172160525918,75-100%
21.0,9.320079535348187,-11.679920464651813,11.679920464651813,75-100%
22.5,10.814368093520642,-11.685631906479358,11.685631906479358,75-100%
23.0,11.135181729680383,-11.864818270319617,11.864818270319617,75-100%
23.0,11.233381626444562,-11.766618373555438,11.766618373555438,75-100%
23.0,11.004790250136608,-11.995209749863392,11.995209749863392,75-100%
23.0,10.949655327706264,-12.050344672293736,12.050344672293736,75-100%
23.0,10.89870305174645,-12.10129694825355,12.10129694825355,75-100%
21.0,9.006007079434463,-11.993992920565537,11.993992920565537,75-100%
21.0,9.006007079434463,-11.993992920565537,11.993992920565537,75-100%
21.0,9.07078173523723,-11.92921826476277,11.92921826476277,75-100%
21.0,10.181867585692975,-10.818132414307025,10.818132414307025,75-100%
21.0,10.17610182488292,-10.82389817511708,10.82389817511708,75-100%
21.0,9.712804766321185,-11.287195233678815,11.287195233678815,75-100%
23.0,11.25602686204807,-11.74397313795193,11.74397313795193,75-100%
23.0,10.927154384729235,-12.072845615270765,12.072845615270765,75-100%
23.0,10.949655327706264,-12.050344672293736,12.050344672293736,75-100%
23.0,10.89870305174645,-12.10129694825355,12.10129694825355,75-100%
23.0,10.949655327706264,-12.050344672293736,12.050344672293736,75-100%
23.0,10.949655327706264,-12.050344672293736,12.050344672293736,75-100%
21.0,8.96334234811078,-12.03665765188922,12.03665765188922,75-100%
21.0,10.109946493255723,-10.890053506744277,10.890053506744277,75-100%
21.0,10.109946493255723,-10.890053506744277,10.890053506744277,75-100%
21.0,10.181867585692975,-10.818132414307025,10.818132414307025,75-100%
15.5,10.181867585692975,-5.3181324143070245,5.3181324143070245,75-100%
15.5,10.109946493255723,-5.390053506744277,5.390053506744277,75-100%
10.0,10.589473413626852,0.5894734136268518,0.5894734136268518,50-75%
23.0,11.427785563339835,-11.572214436660165,11.572214436660165,75-100%
23.0,11.498025838487626,-11.501974161512374,11.501974161512374,75-100%
23.0,11.177196842455759,-11.822803157544241,11.822803157544241,75-100%
23.0,10.85043965291511,-12.14956034708489,12.14956034708489,75-100%
23.0,10.870174217434077,-12.129825782565923,12.129825782565923,75-100%
23.0,10.853203274327992,-12.146796725672008,12.146796725672008,75-100%
23.0,10.853203274327992,-12.146796725672008,12.146796725672008,75-100%
23.0,10.853203274327992,-12.146796725672008,12.146796725672008,75-100%
21.0,10.062574661675725,-10.937425338324275,10.937425338324275,75-100%
21.0,10.109946493255723,-10.890053506744277,10.890053506744277,75-100%
15.5,10.135339820060395,-5.364660179939605,5.364660179939605,75-100%
15.5,10.062574661675725,-5.4374253383242745,5.4374253383242745,75-100%
15.5,10.062574661675725,-5.4374253383242745,5.4374253383242745,75-100%
10.0,10.773085140295127,0.7730851402951266,0.7730851402951266,50-75%
10.0,10.589473413626852,0.5894734136268518,0.5894734136268518,50-75%
23.0,11.125274349553791,-11.874725650446209,11.874725650446209,75-100%
23.0,11.458442333878695,-11.541557666121305,11.541557666121305,75-100%
23.0,10.79991042383848,-12.20008957616152,12.20008957616152,75-100%
23.0,10.89870305174645,-12.10129694825355,12.10129694825355,75-100%
23.0,10.89870305174645,-12.10129694825355,12.10129694825355,75-100%
23.0,10.89870305174645,-12.10129694825355,12.10129694825355,75-100%
23.0,8.646423058926754,-14.353576941073246,14.353576941073246,75-100%
21.0,10.062574661675725,-10.937425338324275,10.937425338324275,75-100%
15.5,10.109946493255723,-5.390053506744277,5.390053506744277,75-100%
15.5,10.062574661675725,-5.4374253383242745,5.4374253383242745,75-100%
10.0,10.722885744035063,0.7228857440350627,0.7228857440350627,50-75%
10.0,10.722885744035063,0.7228857440350627,0.7228857440350627,50-75%
10.0,10.722885744035063,0.7228857440350627,0.7228857440350627,50-75%
10.0,10.685757248072925,0.6857572480729246,0.6857572480729246,50-75%
23.0,11.177196842455759,-11.822803157544241,11.822803157544241,75-100%
23.0,10.79991042383848,-12.20008957616152,12.20008957616152,75-100%
23.0,10.79991042383848,-12.20008957616152,12.20008957616152,75-100%
23.0,8.646423058926754,-14.353576941073246,14.353576941073246,75-100%
23.0,8.68773068779908,-14.31226931220092,14.31226931220092,75-100%
23.0,8.646423058926754,-14.353576941073246,14.353576941073246,75-100%
10.0,10.461333468267952,0.4613334682679522,0.4613334682679522,50-75%
10.0,10.722885744035063,0.7228857440350627,0.7228857440350627,50-75%
10.0,10.722885744035063,0.7228857440350627,0.7228857440350627,50-75%
10.0,10.48599978513296,0.48599978513295916,0.48599978513295916,50-75%
10.0,10.722885744035063,0.7228857440350627,0.7228857440350627,50-75%
10.0,10.245392435791933,0.24539243579193304,0.24539243579193304,50-75%
10.0,10.722885744035063,0.7228857440350627,0.7228857440350627,50-75%
10.0,10.773085140295127,0.7730851402951266,0.7730851402951266,50-75%
23.0,11.25602686204807,-11.74397313795193,11.74397313795193,75-100%
23.0,8.669488900081774,-14.330511099918226,14.330511099918226,75-100%
23.0,8.669488900081774,-14.330511099918226,14.330511099918226,75-100%
23.0,8.68773068779908,-14.31226931220092,14.31226931220092,75-100%
10.0,10.658484138163507,0.6584841381635069,0.6584841381635069,50-75%
10.0,10.589473413626852,0.5894734136268518,0.5894734136268518,50-75%
10.0,10.658484138163507,0.6584841381635069,0.6584841381635069,50-75%
10.0,10.658484138163507,0.6584841381635069,0.6584841381635069,50-75%
10.0,10.651857675827676,0.6518576758276762,0.6518576758276762,50-75%
10.0,10.773085140295127,0.7730851402951266,0.7730851402951266,50-75%
10.0,10.773085140295127,0.7730851402951266,0.7730851402951266,50-75%
10.0,10.714448133672928,0.7144481336729278,0.7144481336729278,50-75%
10.0,10.670005252011249,0.6700052520112489,0.6700052520112489,50-75%
10.0,10.61596276585415,0.6159627658541496,0.6159627658541496,50-75%
10.0,10.639101515532746,0.6391015155327455,0.6391015155327455,50-75%
7.0,10.553832466119783,3.5538324661197827,3.5538324661197827,25-50%
7.0,10.37601158131675,3.3760115813167495,3.3760115813167495,25-50%
7.0,10.37601158131675,3.3760115813167495,3.3760115813167495,25-50%
7.0,10.37601158131675,3.3760115813167495,3.3760115813167495,25-50%
7.0,10.414714144159884,3.414714144159884,3.414714144159884,25-50%
7.0,10.510009696373636,3.5100096963736362,3.5100096963736362,25-50%
7.0,10.25537603379455,3.2553760337945494,3.2553760337945494,25-50%
7.0,10.303242459453012,3.3032424594530116,3.3032424594530116,25-50%
7.0,11.093200842724363,4.093200842724363,4.093200842724363,25-50%
7.0,11.115701885067283,4.115701885067283,4.115701885067283,25-50%
7.0,11.156920963497686,4.1569209634976865,4.1569209634976865,25-50%
7.0,10.510009696373636,3.5100096963736362,3.5100096963736362,25-50%
7.0,10.510009696373636,3.5100096963736362,3.5100096963736362,25-50%
14.0,10.368475625575783,-3.6315243744242167,3.6315243744242167,50-75%
14.0,10.631195394033451,-3.368804605966549,3.368804605966549,50-75%
14.0,10.581601003132047,-3.4183989968679533,3.4183989968679533,50-75%
14.0,10.531574286330995,-3.4684257136690047,3.4684257136690047,50-75%
7.0,10.46269918297759,3.4626991829775893,3.4626991829775893,25-50%
7.0,10.408550542345807,3.4085505423458073,3.4085505423458073,25-50%
7.0,10.25537603379455,3.2553760337945494,3.2553760337945494,25-50%
7.0,10.34169745297083,3.3416974529708305,3.3416974529708305,25-50%
7.0,11.115701885067283,4.115701885067283,4.115701885067283,25-50%
7.0,11.156920963497686,4.1569209634976865,4.1569209634976865,25-50%
7.0,11.156920963497686,4.1569209634976865,4.1569209634976865,25-50%
7.0,10.449680340761535,3.4496803407615353,3.4496803407615353,25-50%
14.0,10.38731825674197,-3.6126817432580296,3.6126817432580296,50-75%
14.0,10.36001554026976,-3.6399844597302398,3.6399844597302398,50-75%
14.0,10.41382324505315,-3.58617675494685,3.58617675494685,50-75%
14.0,10.531574286330995,-3.4684257136690047,3.4684257136690047,50-75%
14.0,10.46269918297759,-3.5373008170224107,3.5373008170224107,50-75%
7.0,10.515587321837167,3.5155873218371667,3.5155873218371667,25-50%
7.0,10.408550542345807,3.4085505423458073,3.4085505423458073,25-50%
7.0,10.467692481536247,3.467692481536247,3.467692481536247,25-50%
7.0,11.156920963497686,4.1569209634976865,4.1569209634976865,25-50%
7.0,11.156920963497686,4.1569209634976865,4.1569209634976865,25-50%
7.0,11.156920963497686,4.1569209634976865,4.1569209634976865,25-50%
7.0,10.510009696373636,3.5100096963736362,3.5100096963736362,25-50%
14.0,10.354155714425874,-3.6458442855741264,3.6458442855741264,50-75%
14.0,10.354155714425874,-3.6458442855741264,3.6458442855741264,50-75%
14.0,10.38731825674197,-3.6126817432580296,3.6126817432580296,50-75%
14.0,10.354155714425874,-3.6458442855741264,3.6458442855741264,50-75%
14.0,10.41382324505315,-3.58617675494685,3.58617675494685,50-75%
14.0,10.339686881141468,-3.6603131188585323,3.6603131188585323,50-75%
14.0,10.515587321837167,-3.4844126781628333,3.4844126781628333,50-75%
14.0,10.345524675308392,-3.6544753246916084,3.6544753246916084,50-75%
7.0,10.515587321837167,3.5155873218371667,3.5155873218371667,25-50%
7.0,10.303242459453012,3.3032424594530116,3.3032424594530116,25-50%
7.0,10.34169745297083,3.3416974529708305,3.3416974529708305,25-50%
7.0,11.156920963497686,4.1569209634976865,4.1569209634976865,25-50%
7.0,11.097250774134391,4.097250774134391,4.097250774134391,25-50%
7.0,10.537313800947054,3.5373138009470537,3.5373138009470537,25-50%
14.0,10.384575568565559,-3.615424431434441,3.615424431434441,50-75%
14.0,10.285620388270516,-3.714379611729484,3.714379611729484,50-75%
14.0,10.38731825674197,-3.6126817432580296,3.6126817432580296,50-75%
14.0,10.384575568565559,-3.615424431434441,3.615424431434441,50-75%
14.0,10.36575369237374,-3.6342463076262597,3.6342463076262597,50-75%
14.0,10.561512728359425,-3.438487271640575,3.438487271640575,50-75%
14.0,10.536903847061238,-3.4630961529387623,3.4630961529387623,50-75%
7.0,10.408550542345807,3.4085505423458073,3.4085505423458073,25-50%
7.0,10.303242459453012,3.3032424594530116,3.3032424594530116,25-50%
7.0,10.375130607823436,3.3751306078234364,3.3751306078234364,25-50%
7.0,11.115701885067283,4.115701885067283,4.115701885067283,25-50%
14.0,10.38731825674197,-3.6126817432580296,3.6126817432580296,50-75%
14.0,10.38731825674197,-3.6126817432580296,3.6126817432580296,50-75%
14.0,10.392734133595553,-3.607265866404447,3.607265866404447,50-75%
14.0,10.493555495073739,-3.506444504926261,3.506444504926261,50-75%
14.0,10.493555495073739,-3.506444504926261,3.506444504926261,50-75%
14.0,10.531574286330995,-3.4684257136690047,3.4684257136690047,50-75%
14.0,10.38731825674197,-3.6126817432580296,3.6126817432580296,50-75%
14.0,10.41382324505315,-3.58617675494685,3.58617675494685,50-75%
14.0,10.469823252241936,-3.5301767477580643,3.5301767477580643,50-75%
14.0,10.499677742344605,-3.5003222576553945,3.5003222576553945,50-75%
14.0,10.392734133595553,-3.607265866404447,3.607265866404447,50-75%
7.0,10.587056493030026,3.587056493030026,3.587056493030026,25-50%
7.0,10.522956239173041,3.522956239173041,3.522956239173041,25-50%
7.0,10.430452580866657,3.430452580866657,3.430452580866657,25-50%
7.0,10.809461463163998,3.8094614631639985,3.8094614631639985,25-50%
7.0,10.609183463875045,3.609183463875045,3.609183463875045,25-50%
7.0,10.232289781744328,3.2322897817443277,3.2322897817443277,25-50%
7.0,10.2817334194473,3.281733419447299,3.281733419447299,25-50%
7.0,10.885910919517546,3.8859109195175456,3.8859109195175456,25-50%
7.0,10.609183463875045,3.609183463875045,3.609183463875045,25-50%
7.0,10.160044376807816,3.160044376807816,3.160044376807816,25-50%
7.0,10.609183463875045,3.609183463875045,3.609183463875045,25-50%
7.0,10.609183463875045,3.609183463875045,3.609183463875045,25-50%
7.0,10.356131872341848,3.356131872341848,3.356131872341848,25-50%
7.0,10.735769915850174,3.735769915850174,3.735769915850174,25-50%
8.0,10.479624932252767,2.479624932252767,2.479624932252767,25-50%
8.0,10.609183463875045,2.609183463875045,2.609183463875045,25-50%
8.0,10.499519915857212,2.4995199158572117,2.4995199158572117,25-50%
7.0,10.587056493030026,3.587056493030026,3.587056493030026,25-50%
7.0,10.26315141423747,3.26315141423747,3.26315141423747,25-50%
9.0,10.319652037337203,1.3196520373372032,1.3196520373372032,50-75%
7.333333333333332,10.258591269552504,2.9252579362191717,2.9252579362191717,25-50%
7.333333333333332,10.326962453250175,2.993629119916843,2.993629119916843,25-50%
6.75,10.915092348230605,4.165092348230605,4.165092348230605,25-50%
6.75,10.787328574474543,4.037328574474543,4.037328574474543,25-50%
6.75,10.285706129299335,3.535706129299335,3.535706129299335,25-50%
6.75,10.478386028794262,3.7283860287942616,3.7283860287942616,25-50%
7.0,10.456959179255993,3.4569591792559926,3.4569591792559926,25-50%
7.5,10.389326846187867,2.889326846187867,2.889326846187867,25-50%
6.666666666666668,10.223065084607093,3.556398417940425,3.556398417940425,25-50%
6.75,10.223065084607093,3.473065084607093,3.473065084607093,25-50%
6.75,10.223065084607093,3.473065084607093,3.473065084607093,25-50%
6.75,10.48076963472416,3.73076963472416,3.73076963472416,25-50%
6.75,10.221674303828497,3.4716743038284967,3.4716743038284967,25-50%
6.75,10.499519915857212,3.7495199158572117,3.7495199158572117,25-50%
5.5,10.456959179255993,4.956959179255993,4.956959179255993,25-50%
6.666666666666668,10.609183463875045,3.942516797208377,3.942516797208377,25-50%
6.666666666666668,10.609183463875045,3.942516797208377,3.942516797208377,25-50%
6.666666666666668,10.809461463163998,4.142794796497331,4.142794796497331,25-50%
6.666666666666668,10.278770017018728,3.6121033503520596,3.6121033503520596,25-50%
6.666666666666668,10.221674303828497,3.555007637161829,3.555007637161829,25-50%
6.666666666666668,10.565137151958902,3.8984704852922345,3.8984704852922345,25-50%
5.5,10.454328069277196,4.954328069277196,4.954328069277196,25-50%
5.0,10.456959179255993,5.456959179255993,5.456959179255993,0-25%
7.5,10.609183463875045,3.109183463875045,3.109183463875045,25-50%
6.666666666666668,10.232289781744328,3.56562311507766,3.56562311507766,25-50%
6.666666666666668,10.019173606130236,3.3525069394635683,3.3525069394635683,25-50%
6.666666666666668,10.160044376807816,3.4933777101411483,3.4933777101411483,25-50%
6.666666666666668,10.609183463875045,3.942516797208377,3.942516797208377,25-50%
6.666666666666668,10.521314892940314,3.854648226273646,3.854648226273646,25-50%
6.666666666666668,10.587056493030026,3.9203898263633583,3.9203898263633583,25-50%
5.5,10.202908365048195,4.702908365048195,4.702908365048195,25-50%
5.0,10.202908365048195,5.202908365048195,5.202908365048195,0-25%
6.666666666666668,10.019173606130236,3.3525069394635683,3.3525069394635683,25-50%
6.666666666666668,10.019173606130236,3.3525069394635683,3.3525069394635683,25-50%
6.666666666666668,10.160044376807816,3.4933777101411483,3.4933777101411483,25-50%
6.666666666666668,10.609183463875045,3.942516797208377,3.942516797208377,25-50%
6.666666666666668,10.221674303828497,3.555007637161829,3.555007637161829,25-50%
5.5,10.423921870725213,4.923921870725213,4.923921870725213,25-50%
5.0,10.368871519102747,5.368871519102747,5.368871519102747,0-25%
5.0,10.281018142844967,5.281018142844967,5.281018142844967,0-25%
5.5,9.971429089785898,4.471429089785898,4.471429089785898,25-50%
5.666666666666668,10.019173606130236,4.352506939463568,4.352506939463568,25-50%
5.666666666666668,10.609183463875045,4.942516797208377,4.942516797208377,25-50%
5.666666666666668,10.531749839162782,4.865083172496114,4.865083172496114,25-50%
5.5,10.544128051563355,5.044128051563355,5.044128051563355,25-50%
5.0,10.178533867534322,5.1785338675343215,5.1785338675343215,0-25%
6.0,10.019173606130236,4.019173606130236,4.019173606130236,25-50%
6.0,10.160044376807816,4.160044376807816,4.160044376807816,25-50%
6.0,10.735769915850174,4.735769915850174,4.735769915850174,25-50%
6.0,10.395446724448263,4.395446724448263,4.395446724448263,25-50%
6.0,10.019173606130236,4.019173606130236,4.019173606130236,25-50%
6.0,10.019173606130236,4.019173606130236,4.019173606130236,25-50%
6.0,10.160044376807816,4.160044376807816,4.160044376807816,25-50%
6.0,10.735769915850174,4.735769915850174,4.735769915850174,25-50%
6.0,10.414367979465315,4.414367979465315,4.414367979465315,25-50%
6.0,10.354889546720527,4.354889546720527,4.354889546720527,25-50%
6.0,10.277235682998839,4.277235682998839,4.277235682998839,25-50%
6.0,9.971429089785898,3.9714290897858984,3.9714290897858984,25-50%
6.0,10.232851268671709,4.232851268671709,4.232851268671709,25-50%
6.0,10.314713253453196,4.314713253453196,4.314713253453196,25-50%
6.0,10.503388686881195,4.503388686881195,4.503388686881195,25-50%
6.0,10.330535012799114,4.330535012799114,4.330535012799114,25-50%
6.0,10.632449304932987,4.632449304932987,4.632449304932987,25-50%
6.0,10.160044376807816,4.160044376807816,4.160044376807816,25-50%
6.0,10.735769915850174,4.735769915850174,4.735769915850174,25-50%
6.0,10.414367979465315,4.414367979465315,4.414367979465315,25-50%
6.0,10.492282627826071,4.4922826278260715,4.4922826278260715,25-50%
6.0,10.330535012799114,4.330535012799114,4.330535012799114,25-50%
6.0,10.812825525055413,4.812825525055413,4.812825525055413,25-50%
6.0,9.704742247054497,3.7047422470544973,3.7047422470544973,25-50%
6.0,10.344828779595307,4.344828779595307,4.344828779595307,25-50%
6.0,10.399059565855714,4.399059565855714,4.399059565855714,25-50%
6.0,10.224872760152927,4.224872760152927,4.224872760152927,25-50%
9.0,9.226459386805118,0.2264593868051179,0.2264593868051179,50-75%
9.0,9.157046403617054,0.1570464036170538,0.1570464036170538,50-75%
9.0,9.078444568912722,0.07844456891272245,0.07844456891272245,50-75%
9.0,9.105269611146497,0.1052696111464968,0.1052696111464968,50-75%
9.0,9.362230023002118,0.3622300230021178,0.3622300230021178,50-75%
9.0,9.362230023002118,0.3622300230021178,0.3622300230021178,50-75%
9.0,9.226459386805118,0.2264593868051179,0.2264593868051179,50-75%
19.0,10.28338864180812,-8.71661135819188,8.71661135819188,75-100%
9.0,9.088518409181347,0.08851840918134712,0.08851840918134712,50-75%
9.0,9.362230023002118,0.3622300230021178,0.3622300230021178,50-75%
9.0,9.362230023002118,0.3622300230021178,0.3622300230021178,50-75%
9.0,9.362230023002118,0.3622300230021178,0.3622300230021178,50-75%
9.0,9.362230023002118,0.3622300230021178,0.3622300230021178,50-75%
9.0,9.735334390362437,0.7353343903624374,0.7353343903624374,50-75%
19.0,10.238944987942181,-8.761055012057819,8.761055012057819,75-100%
19.0,10.425777132832799,-8.574222867167201,8.574222867167201,75-100%
19.0,10.257657700509913,-8.742342299490087,8.742342299490087,75-100%
19.0,10.383390839618306,-8.616609160381694,8.616609160381694,75-100%
19.0,10.319567599229368,-8.680432400770632,8.680432400770632,75-100%
19.0,10.319567599229368,-8.680432400770632,8.680432400770632,75-100%
9.0,9.362230023002118,0.3622300230021178,0.3622300230021178,50-75%
9.0,9.362230023002118,0.3622300230021178,0.3622300230021178,50-75%
9.0,9.688819709082034,0.6888197090820345,0.6888197090820345,50-75%
19.0,10.735769915850174,-8.264230084149826,8.264230084149826,75-100%
19.0,10.735769915850174,-8.264230084149826,8.264230084149826,75-100%
19.0,10.145012723479534,-8.854987276520466,8.854987276520466,75-100%
19.0,10.212077388364616,-8.787922611635384,8.787922611635384,75-100%
19.0,10.331371274911902,-8.668628725088098,8.668628725088098,75-100%
19.0,10.244869033353165,-8.755130966646835,8.755130966646835,75-100%
9.0,9.429310715406245,0.42931071540624544,0.42931071540624544,50-75%
9.0,9.362230023002118,0.3622300230021178,0.3622300230021178,50-75%
19.0,10.49974277918733,-8.50025722081267,8.50025722081267,75-100%
19.0,10.41836496471151,-8.58163503528849,8.58163503528849,75-100%
19.0,10.492282627826071,-8.507717372173929,8.507717372173929,75-100%
19.0,10.318517111560812,-8.681482888439188,8.681482888439188,75-100%
19.0,10.306207596702972,-8.693792403297028,8.693792403297028,75-100%
19.0,10.374867944877145,-8.625132055122855,8.625132055122855,75-100%
19.0,10.497528473637722,-8.502471526362278,8.502471526362278,75-100%
9.0,9.017044150377307,0.017044150377307332,0.017044150377307332,50-75%
9.0,9.175062387101,0.17506238710100064,0.17506238710100064,50-75%
9.0,9.069504457299955,0.06950445729995458,0.06950445729995458,50-75%
9.0,9.672503062278764,0.6725030622787642,0.6725030622787642,50-75%
19.0,10.257657700509913,-8.742342299490087,8.742342299490087,75-100%
19.0,10.380999331442961,-8.619000668557039,8.619000668557039,75-100%
19.0,10.380999331442961,-8.619000668557039,8.619000668557039,75-100%
19.0,10.423577069561853,-8.576422930438147,8.576422930438147,75-100%
19.0,10.374867944877145,-8.625132055122855,8.625132055122855,75-100%
19.0,10.396187417424569,-8.603812582575431,8.603812582575431,75-100%
8.0,10.849905107735864,2.8499051077358644,2.8499051077358644,25-50%
19.0,10.735769915850174,-8.264230084149826,8.264230084149826,75-100%
19.0,10.307797435724547,-8.692202564275453,8.692202564275453,75-100%
19.0,10.328729320701896,-8.671270679298104,8.671270679298104,75-100%
19.0,10.374867944877145,-8.625132055122855,8.625132055122855,75-100%
8.0,10.414423788274663,2.4144237882746626,2.4144237882746626,25-50%
8.0,10.589833258348106,2.589833258348106,2.589833258348106,25-50%
8.0,10.570617121581835,2.5706171215818348,2.5706171215818348,25-50%
8.0,10.686694489410295,2.6866944894102947,2.6866944894102947,25-50%
19.0,10.380999331442961,-8.619000668557039,8.619000668557039,75-100%
19.0,10.476284701567522,-8.523715298432478,8.523715298432478,75-100%
8.0,10.414423788274663,2.4144237882746626,2.4144237882746626,25-50%
8.0,10.589833258348106,2.589833258348106,2.589833258348106,25-50%
8.0,10.46959824071898,2.4695982407189803,2.4695982407189803,25-50%
8.0,10.92661637913069,2.9266163791306905,2.9266163791306905,25-50%
8.0,10.686694489410295,2.6866944894102947,2.6866944894102947,25-50%
8.0,10.686694489410295,2.6866944894102947,2.6866944894102947,25-50%
8.0,10.849905107735864,2.8499051077358644,2.8499051077358644,25-50%
8.0,10.849905107735864,2.8499051077358644,2.8499051077358644,25-50%
8.0,10.577188309897851,2.577188309897851,2.577188309897851,25-50%
8.0,10.577188309897851,2.577188309897851,2.577188309897851,25-50%
8.0,10.686694489410295,2.6866944894102947,2.6866944894102947,25-50%
8.0,10.753084360601198,2.753084360601198,2.753084360601198,25-50%
8.0,10.496195615766286,2.496195615766286,2.496195615766286,25-50%
10.0,10.458749599263793,0.45874959926379333,0.45874959926379333,50-75%
10.0,10.392734133595553,0.3927341335955532,0.3927341335955532,50-75%
10.0,10.41382324505315,0.41382324505315005,0.41382324505315005,50-75%
10.0,10.408550542345807,0.40855054234580734,0.40855054234580734,50-75%
10.0,10.45740390165792,0.4574039016579192,0.4574039016579192,50-75%
10.0,10.45740390165792,0.4574039016579192,0.4574039016579192,50-75%
8.0,10.577188309897851,2.577188309897851,2.577188309897851,25-50%
8.0,10.577188309897851,2.577188309897851,2.577188309897851,25-50%
8.0,10.686694489410295,2.6866944894102947,2.6866944894102947,25-50%
8.0,10.491196881682308,2.491196881682308,2.491196881682308,25-50%
10.0,10.458749599263793,0.45874959926379333,0.45874959926379333,50-75%
10.0,10.392734133595553,0.3927341335955532,0.3927341335955532,50-75%
10.0,10.344927757052627,0.344927757052627,0.344927757052627,50-75%
10.0,10.45740390165792,0.4574039016579192,0.4574039016579192,50-75%
10.0,10.408550542345807,0.40855054234580734,0.40855054234580734,50-75%
10.0,10.408550542345807,0.40855054234580734,0.40855054234580734,50-75%
10.0,10.531574286330995,0.5315742863309953,0.5315742863309953,50-75%
8.0,10.577188309897851,2.577188309897851,2.577188309897851,25-50%
8.0,10.849905107735864,2.8499051077358644,2.8499051077358644,25-50%
8.0,10.849905107735864,2.8499051077358644,2.8499051077358644,25-50%
10.0,10.392930674730197,0.3929306747301968,0.3929306747301968,50-75%
10.0,10.419975629665302,0.4199756296653021,0.4199756296653021,50-75%
10.0,10.367526610783791,0.36752661078379134,0.36752661078379134,50-75%
10.0,10.41382324505315,0.41382324505315005,0.41382324505315005,50-75%
10.0,10.45740390165792,0.4574039016579192,0.4574039016579192,50-75%
10.0,10.45740390165792,0.4574039016579192,0.4574039016579192,50-75%
10.0,10.531574286330995,0.5315742863309953,0.5315742863309953,50-75%
10.0,10.386456979098554,0.38645697909855414,0.38645697909855414,50-75%
15.0,9.831311457181728,-5.168688542818272,5.168688542818272,50-75%
15.0,9.778880860745392,-5.221119139254608,5.221119139254608,50-75%
15.0,9.802559093467893,-5.1974409065321066,5.1974409065321066,50-75%
15.0,9.92844766283028,-5.07155233716972,5.07155233716972,50-75%
15.0,9.949385081640187,-5.050614918359813,5.050614918359813,50-75%
15.0,9.860921806637776,-5.139078193362224,5.139078193362224,50-75%
10.0,10.419975629665302,0.4199756296653021,0.4199756296653021,50-75%
10.0,10.441115167907212,0.4411151679072116,0.4411151679072116,50-75%
10.0,10.497192474575183,0.4971924745751828,0.4971924745751828,50-75%
10.0,10.429933144875534,0.4299331448755339,0.4299331448755339,50-75%
10.0,10.45740390165792,0.4574039016579192,0.4574039016579192,50-75%
10.0,10.30249374804631,0.30249374804630946,0.30249374804630946,50-75%
15.0,9.678558894747209,-5.3214411052527915,5.3214411052527915,50-75%
15.0,9.789412761319984,-5.2105872386800165,5.2105872386800165,50-75%
15.0,9.868649796116943,-5.131350203883057,5.131350203883057,50-75%
15.0,9.949385081640187,-5.050614918359813,5.050614918359813,50-75%
15.0,9.916278298184878,-5.083721701815122,5.083721701815122,50-75%
15.0,9.85903224214727,-5.14096775785273,5.14096775785273,50-75%
10.0,10.332651279869648,0.3326512798696477,0.3326512798696477,50-75%
10.0,10.367526610783791,0.36752661078379134,0.36752661078379134,50-75%
10.0,10.450557678881239,0.4505576788812391,0.4505576788812391,50-75%
10.0,10.453228044480966,0.45322804448096576,0.45322804448096576,50-75%
10.0,10.381196918446506,0.3811969184465056,0.3811969184465056,50-75%
10.0,10.408550542345807,0.40855054234580734,0.40855054234580734,50-75%
10.0,10.38824535451063,0.38824535451063014,0.38824535451063014,50-75%
15.0,9.717648808139984,-5.282351191860016,5.282351191860016,50-75%
15.0,9.868649796116943,-5.131350203883057,5.131350203883057,50-75%
15.0,10.278238282478698,-4.721761717521302,4.721761717521302,50-75%
15.0,9.85903224214727,-5.14096775785273,5.14096775785273,50-75%
15.0,9.85903224214727,-5.14096775785273,5.14096775785273,50-75%
15.0,9.917063817931748,-5.082936182068252,5.082936182068252,50-75%
10.0,10.427793757846754,0.42779375784675366,0.42779375784675366,50-75%
10.0,10.497192474575183,0.4971924745751828,0.4971924745751828,50-75%
10.0,10.46962631902544,0.4696263190254406,0.4696263190254406,50-75%
10.0,10.497192474575183,0.4971924745751828,0.4971924745751828,50-75%
15.0,9.864211512706806,-5.135788487293194,5.135788487293194,50-75%
15.0,10.278238282478698,-4.721761717521302,4.721761717521302,50-75%
15.0,9.964571752187338,-5.035428247812662,5.035428247812662,50-75%
15.0,10.068283321044309,-4.931716678955691,4.931716678955691,50-75%
15.0,9.789412761319984,-5.2105872386800165,5.2105872386800165,50-75%
19.0,10.280676581211745,-8.719323418788255,8.719323418788255,75-100%
19.0,10.208119955323049,-8.791880044676951,8.791880044676951,75-100%
23.0,10.456068729568244,-12.543931270431756,12.543931270431756,75-100%
23.0,10.35492487511901,-12.64507512488099,12.64507512488099,75-100%
23.0,10.294093914629233,-12.705906085370767,12.705906085370767,75-100%
23.0,10.208119955323049,-12.791880044676951,12.791880044676951,75-100%
23.0,10.40354860017744,-12.59645139982256,12.59645139982256,75-100%
23.0,10.31679629489265,-12.68320370510735,12.68320370510735,75-100%
23.0,10.337744837675032,-12.662255162324968,12.662255162324968,75-100%
23.0,10.337744837675032,-12.662255162324968,12.662255162324968,75-100%
23.0,9.74256843941388,-13.25743156058612,13.25743156058612,75-100%
12.0,10.268142106482193,-1.731857893517807,1.731857893517807,50-75%
12.0,10.203325760247823,-1.7966742397521767,1.7966742397521767,50-75%
12.0,10.129236898724464,-1.8707631012755357,1.8707631012755357,50-75%
12.0,10.167099904347314,-1.8329000956526862,1.8329000956526862,50-75%
23.0,10.532777044484401,-12.467222955515599,12.467222955515599,75-100%
23.0,10.365256746867184,-12.634743253132816,12.634743253132816,75-100%
23.0,10.31679629489265,-12.68320370510735,12.68320370510735,75-100%
23.0,10.337744837675032,-12.662255162324968,12.662255162324968,75-100%
23.0,9.762454027939254,-13.237545972060746,13.237545972060746,75-100%
23.0,9.717127730190603,-13.282872269809397,13.282872269809397,75-100%
12.0,10.252031896547827,-1.7479681034521732,1.7479681034521732,50-75%
12.0,10.268142106482193,-1.731857893517807,1.731857893517807,50-75%
12.0,10.267207294439736,-1.7327927055602643,1.7327927055602643,50-75%
12.0,10.247153672409285,-1.7528463275907153,1.7528463275907153,50-75%
12.0,10.417025704847386,-1.5829742951526136,1.5829742951526136,50-75%
23.0,10.581552994472805,-12.418447005527195,12.418447005527195,75-100%
23.0,10.31679629489265,-12.68320370510735,12.68320370510735,75-100%
23.0,10.386294994882828,-12.613705005117172,12.613705005117172,75-100%
23.0,10.337744837675032,-12.662255162324968,12.662255162324968,75-100%
23.0,10.504520254579244,-12.495479745420756,12.495479745420756,75-100%
23.0,9.717127730190603,-13.282872269809397,13.282872269809397,75-100%
12.0,10.191132991375664,-1.8088670086243361,1.8088670086243361,50-75%
12.0,10.227044408010737,-1.7729555919892626,1.7729555919892626,50-75%
12.0,10.190220731897881,-1.809779268102119,1.809779268102119,50-75%
12.0,10.247153672409285,-1.7528463275907153,1.7528463275907153,50-75%
12.0,10.315455397856221,-1.684544602143779,1.684544602143779,50-75%
12.0,10.417025704847386,-1.5829742951526136,1.5829742951526136,50-75%
23.0,10.337744837675032,-12.662255162324968,12.662255162324968,75-100%
23.0,10.337744837675032,-12.662255162324968,12.662255162324968,75-100%
12.0,10.277357678774276,-1.7226423212257238,1.7226423212257238,50-75%
12.0,10.167099904347314,-1.8329000956526862,1.8329000956526862,50-75%
12.0,10.267207294439736,-1.7327927055602643,1.7327927055602643,50-75%
12.0,10.315455397856221,-1.684544602143779,1.684544602143779,50-75%
12.0,10.417025704847386,-1.5829742951526136,1.5829742951526136,50-75%
8.0,9.718768166855844,1.7187681668558437,1.7187681668558437,25-50%
8.0,9.814642621133011,1.814642621133011,1.814642621133011,25-50%
12.0,10.167099904347314,-1.8329000956526862,1.8329000956526862,50-75%
12.0,10.315455397856221,-1.684544602143779,1.684544602143779,50-75%
12.0,10.388706867981018,-1.6112931320189823,1.6112931320189823,50-75%
8.0,9.815025063390193,1.815025063390193,1.815025063390193,25-50%
8.0,9.694324801192755,1.6943248011927547,1.6943248011927547,25-50%
8.0,11.36601603176875,3.3660160317687495,3.3660160317687495,25-50%
8.0,11.36601603176875,3.3660160317687495,3.3660160317687495,25-50%
8.0,11.36601603176875,3.3660160317687495,3.3660160317687495,25-50%
12.0,10.267207294439736,-1.7327927055602643,1.7327927055602643,50-75%
12.0,10.105957515128676,-1.8940424848713242,1.8940424848713242,50-75%
12.0,10.315455397856221,-1.684544602143779,1.684544602143779,50-75%
12.0,10.315455397856221,-1.684544602143779,1.684544602143779,50-75%
12.0,10.388706867981018,-1.6112931320189823,1.6112931320189823,50-75%
8.0,11.234090107984663,3.234090107984663,3.234090107984663,25-50%
8.0,11.36601603176875,3.3660160317687495,3.3660160317687495,25-50%
8.0,11.36601603176875,3.3660160317687495,3.3660160317687495,25-50%
8.0,11.46954827706974,3.4695482770697392,3.4695482770697392,25-50%
8.0,10.710548074697742,2.7105480746977424,2.7105480746977424,25-50%
8.0,10.710548074697742,2.7105480746977424,2.7105480746977424,25-50%
8.0,10.710548074697742,2.7105480746977424,2.7105480746977424,25-50%
8.0,10.682470368726158,2.6824703687261575,2.6824703687261575,25-50%
8.0,11.234090107984663,3.234090107984663,3.234090107984663,25-50%
8.0,11.306939269656326,3.3069392696563256,3.3069392696563256,25-50%
8.0,11.29751164523702,3.2975116452370195,3.2975116452370195,25-50%
8.0,11.34759583844424,3.3475958384442404,3.3475958384442404,25-50%
15.0,10.053464508848185,-4.946535491151815,4.946535491151815,50-75%
15.0,10.073172784012167,-4.926827215987833,4.926827215987833,50-75%
15.0,10.073172784012167,-4.926827215987833,4.926827215987833,50-75%
15.0,10.12058999855967,-4.8794100014403305,4.8794100014403305,50-75%
8.0,10.710548074697742,2.7105480746977424,2.7105480746977424,25-50%
8.0,10.721063974313367,2.721063974313367,2.721063974313367,25-50%
8.0,11.040478782627666,3.040478782627666,3.040478782627666,25-50%
8.0,11.317990719777175,3.3179907197771747,3.3179907197771747,25-50%
8.0,11.27552440114655,3.2755244011465496,3.2755244011465496,25-50%
8.0,11.336517827214546,3.3365178272145464,3.3365178272145464,25-50%
15.0,10.12058999855967,-4.8794100014403305,4.8794100014403305,50-75%
15.0,10.073172784012167,-4.926827215987833,4.926827215987833,50-75%
15.0,10.073172784012167,-4.926827215987833,4.926827215987833,50-75%
15.0,10.073172784012167,-4.926827215987833,4.926827215987833,50-75%
11.5,10.839299035613767,-0.6607009643862334,0.6607009643862334,50-75%
8.0,10.683941248224897,2.6839412482248974,2.6839412482248974,25-50%
8.0,10.721063974313367,2.721063974313367,2.721063974313367,25-50%
8.0,10.847457697009139,2.8474576970091388,2.8474576970091388,25-50%
8.0,11.286478568524299,3.2864785685242985,3.2864785685242985,25-50%
8.0,11.389344900718424,3.3893449007184238,3.3893449007184238,25-50%
15.0,9.826116418808361,-5.173883581191639,5.173883581191639,50-75%
15.0,10.073172784012167,-4.926827215987833,4.926827215987833,50-75%
15.0,10.073172784012167,-4.926827215987833,4.926827215987833,50-75%
15.0,9.849415663939228,-5.150584336060772,5.150584336060772,50-75%
15.0,10.073172784012167,-4.926827215987833,4.926827215987833,50-75%
15.0,9.533949802332657,-5.466050197667343,5.466050197667343,50-75%
15.0,10.073172784012167,-4.926827215987833,4.926827215987833,50-75%
8.0,10.771255569444754,2.7712555694447545,2.7712555694447545,25-50%
8.0,10.847457697009139,2.8474576970091388,2.8474576970091388,25-50%
15.0,9.632552362722057,-5.367447637277943,5.367447637277943,50-75%
15.0,9.561831739939162,-5.438168260060838,5.438168260060838,50-75%
15.0,9.587216097592595,-5.412783902407405,5.412783902407405,50-75%
15.0,9.561831739939162,-5.438168260060838,5.438168260060838,50-75%
15.0,9.561831739939162,-5.438168260060838,5.438168260060838,50-75%
15.0,9.914699914823336,-5.085300085176664,5.085300085176664,50-75%
15.0,10.12058999855967,-4.8794100014403305,4.8794100014403305,50-75%
15.0,9.701383007566967,-5.298616992433033,5.298616992433033,50-75%
15.0,9.572269123090733,-5.427730876909267,5.427730876909267,50-75%
15.0,9.523310129894455,-5.476689870105545,5.476689870105545,50-75%
15.0,9.632552362722057,-5.367447637277943,5.367447637277943,50-75%
15.0,9.368647882896655,-5.631352117103345,5.631352117103345,50-75%
15.0,9.368647882896655,-5.631352117103345,5.631352117103345,50-75%
15.0,9.701383007566967,-5.298616992433033,5.298616992433033,50-75%
14.0,11.817169465237562,-2.182830534762438,2.182830534762438,50-75%
14.0,11.643950109380631,-2.356049890619369,2.356049890619369,50-75%
14.0,12.073349668530078,-1.9266503314699222,1.9266503314699222,50-75%
14.0,12.009181343945581,-1.9908186560544188,1.9908186560544188,50-75%
14.0,11.383191278934236,-2.6168087210657642,2.6168087210657642,50-75%
14.0,11.817169465237562,-2.182830534762438,2.182830534762438,50-75%
14.0,11.817169465237562,-2.182830534762438,2.182830534762438,50-75%
14.0,11.383191278934236,-2.6168087210657642,2.6168087210657642,50-75%
14.0,12.252451704593561,-1.747548295406439,1.747548295406439,50-75%
14.0,11.97654506415118,-2.02345493584882,2.02345493584882,50-75%
14.0,12.03393509341343,-1.9660649065865705,1.9660649065865705,50-75%
14.0,11.221150936011078,-2.778849063988922,2.778849063988922,50-75%
14.0,11.05213797398907,-2.947862026010929,2.947862026010929,50-75%
14.0,11.034906874923749,-2.965093125076251,2.965093125076251,50-75%
14.0,11.595379574979706,-2.404620425020294,2.404620425020294,50-75%
14.0,11.573428419990442,-2.4265715800095577,2.4265715800095577,50-75%
14.0,12.009181343945581,-1.9908186560544188,1.9908186560544188,50-75%
14.0,12.162457554295669,-1.8375424457043312,1.8375424457043312,50-75%
14.0,11.034906874923749,-2.965093125076251,2.965093125076251,50-75%
14.0,10.8774240101974,-3.1225759898026,3.1225759898026,50-75%
5.0,10.502971097778369,5.502971097778369,5.502971097778369,0-25%
5.0,10.452162258919909,5.452162258919909,5.452162258919909,0-25%
5.0,10.523806162051425,5.523806162051425,5.523806162051425,0-25%
14.0,11.817113787032199,-2.1828862129678015,2.1828862129678015,50-75%
14.0,11.425211603870045,-2.5747883961299554,2.5747883961299554,50-75%
14.0,11.034906874923749,-2.965093125076251,2.965093125076251,50-75%
14.0,11.314295491974514,-2.685704508025486,2.685704508025486,50-75%
14.0,12.110345906134793,-1.8896540938652073,1.8896540938652073,50-75%
14.0,11.383191278934236,-2.6168087210657642,2.6168087210657642,50-75%
14.0,10.8774240101974,-3.1225759898026,3.1225759898026,50-75%
5.0,10.968382164317346,5.968382164317346,5.968382164317346,0-25%
5.0,10.502971097778369,5.502971097778369,5.502971097778369,0-25%
5.0,10.57401059245482,5.574010592454821,5.574010592454821,0-25%
5.0,10.57401059245482,5.574010592454821,5.574010592454821,0-25%
5.0,10.529357846623345,5.529357846623345,5.529357846623345,0-25%
9.0,10.608025434635337,1.608025434635337,1.608025434635337,50-75%
9.0,10.444442515843658,1.444442515843658,1.444442515843658,50-75%
11.5,11.555230790907903,0.055230790907902616,0.055230790907902616,50-75%
11.5,11.370647941944746,-0.12935205805525385,0.12935205805525385,50-75%
11.5,11.55261710754436,0.052617107544360664,0.052617107544360664,50-75%
11.5,9.710054043858253,-1.7899459561417466,1.7899459561417466,50-75%
14.0,12.009181343945581,-1.9908186560544188,1.9908186560544188,50-75%
14.0,12.162457554295669,-1.8375424457043312,1.8375424457043312,50-75%
14.0,11.479405955641534,-2.5205940443584662,2.5205940443584662,50-75%
5.0,10.968382164317346,5.968382164317346,5.968382164317346,0-25%
5.0,10.33075945544708,5.33075945544708,5.33075945544708,0-25%
5.0,10.596222420460926,5.596222420460926,5.596222420460926,0-25%
5.0,10.42451924829373,5.4245192482937306,5.4245192482937306,0-25%
5.0,10.490084334135094,5.490084334135094,5.490084334135094,0-25%
5.0,10.478609059971207,5.478609059971207,5.478609059971207,0-25%
9.0,10.40091116060848,1.40091116060848,1.40091116060848,50-75%
9.0,10.653115608499533,1.653115608499533,1.653115608499533,50-75%
9.0,10.653115608499533,1.653115608499533,1.653115608499533,50-75%
9.0,10.709671871938262,1.7096718719382622,1.7096718719382622,50-75%
9.0,10.484186077251422,1.4841860772514224,1.4841860772514224,50-75%
11.5,11.402708542784803,-0.0972914572151975,0.0972914572151975,50-75%
11.5,11.946095631611087,0.4460956316110867,0.4460956316110867,50-75%
11.5,10.176732336415904,-1.3232676635840956,1.3232676635840956,50-75%
5.0,10.33075945544708,5.33075945544708,5.33075945544708,0-25%
5.0,10.404109997564827,5.404109997564827,5.404109997564827,0-25%
5.0,10.404109997564827,5.404109997564827,5.404109997564827,0-25%
5.0,10.671291457483846,5.671291457483846,5.671291457483846,0-25%
5.0,10.42451924829373,5.4245192482937306,5.4245192482937306,0-25%
5.0,10.279584807117349,5.279584807117349,5.279584807117349,0-25%
5.0,10.416340821285551,5.4163408212855515,5.4163408212855515,0-25%
9.0,10.390381634638814,1.390381634638814,1.390381634638814,50-75%
9.0,10.653115608499533,1.653115608499533,1.653115608499533,50-75%
8.5,10.936722041769837,2.436722041769837,2.436722041769837,50-75%
8.5,11.018812423575945,2.5188124235759446,2.5188124235759446,50-75%
8.5,11.018812423575945,2.5188124235759446,2.5188124235759446,50-75%
8.5,11.018812423575945,2.5188124235759446,2.5188124235759446,50-75%
9.0,10.552944591477281,1.5529445914772815,1.5529445914772815,50-75%
9.0,10.675865225508314,1.6758652255083142,1.6758652255083142,50-75%
5.0,10.460792543840935,5.460792543840935,5.460792543840935,0-25%
5.0,10.38829974502794,5.38829974502794,5.38829974502794,0-25%
5.0,10.40938064798057,5.409380647980569,5.409380647980569,0-25%
5.0,10.596222420460926,5.596222420460926,5.596222420460926,0-25%
5.0,10.430266660492244,5.430266660492244,5.430266660492244,0-25%
5.0,10.324775895218282,5.324775895218282,5.324775895218282,0-25%
8.5,10.740169832632784,2.240169832632784,2.240169832632784,50-75%
8.5,11.022092165947429,2.522092165947429,2.522092165947429,50-75%
8.5,10.936773895507912,2.436773895507912,2.436773895507912,50-75%
8.5,11.018812423575945,2.5188124235759446,2.5188124235759446,50-75%
8.5,11.062808466614365,2.5628084666143653,2.5628084666143653,50-75%
8.5,11.062808466614365,2.5628084666143653,2.5628084666143653,50-75%
8.5,11.062808466614365,2.5628084666143653,2.5628084666143653,50-75%
8.5,11.243562678970308,2.7435626789703083,2.7435626789703083,50-75%
5.0,10.72880920811208,5.7288092081120805,5.7288092081120805,0-25%
5.0,10.369119555581785,5.3691195555817846,5.3691195555817846,0-25%
5.0,10.512135098212658,5.512135098212658,5.512135098212658,0-25%
5.0,10.405581165823193,5.405581165823193,5.405581165823193,0-25%
8.0,10.812268553840667,2.812268553840667,2.812268553840667,25-50%
8.5,11.022092165947429,2.522092165947429,2.522092165947429,50-75%
8.5,10.911139536047653,2.411139536047653,2.411139536047653,50-75%
8.5,10.887939817897397,2.387939817897397,2.387939817897397,50-75%
8.5,11.062808466614365,2.5628084666143653,2.5628084666143653,50-75%
8.5,10.887939817897397,2.387939817897397,2.387939817897397,50-75%
8.5,10.887939817897397,2.387939817897397,2.387939817897397,50-75%
8.0,11.243562678970308,3.2435626789703083,3.2435626789703083,25-50%
8.0,11.022092165947429,3.022092165947429,3.022092165947429,25-50%
8.5,11.045562111806378,2.545562111806378,2.545562111806378,50-75%
8.5,10.887939817897397,2.387939817897397,2.387939817897397,50-75%
8.5,10.887939817897397,2.387939817897397,2.387939817897397,50-75%
8.0,11.243562678970308,3.2435626789703083,3.2435626789703083,25-50%
8.0,11.022092165947429,3.022092165947429,3.022092165947429,25-50%
8.0,11.045562111806378,3.045562111806378,3.045562111806378,25-50%
8.0,10.850288565879392,2.850288565879392,2.850288565879392,25-50%
8.0,10.847813761575141,2.847813761575141,2.847813761575141,25-50%
8.0,11.062808466614365,3.0628084666143653,3.0628084666143653,25-50%
8.0,11.095103313314938,3.0951033133149384,3.0951033133149384,25-50%
8.0,10.371375598050644,2.371375598050644,2.371375598050644,25-50%
8.0,11.022092165947429,3.022092165947429,3.022092165947429,25-50%
8.0,11.2306124148299,3.230612414829899,3.230612414829899,25-50%
8.0,11.306274037699172,3.306274037699172,3.306274037699172,25-50%
8.0,10.931642417316198,2.9316424173161977,2.9316424173161977,25-50%
8.0,10.833472472625587,2.833472472625587,2.833472472625587,25-50%
8.0,10.035510938918272,2.0355109389182715,2.0355109389182715,25-50%
8.0,10.188371131787658,2.188371131787658,2.188371131787658,25-50%
8.0,10.371375598050644,2.371375598050644,2.371375598050644,25-50%
8.0,10.188371131787658,2.188371131787658,2.188371131787658,25-50%
8.0,10.371375598050644,2.371375598050644,2.371375598050644,25-50%
8.0,10.532004364771613,2.5320043647716126,2.5320043647716126,25-50%
8.0,10.469246893320864,2.4692468933208644,2.4692468933208644,25-50%
7.5,10.083534321112102,2.5835343211121025,2.5835343211121025,25-50%
8.0,10.371375598050644,2.371375598050644,2.371375598050644,25-50%
8.0,10.444989071888937,2.444989071888937,2.444989071888937,25-50%
8.0,10.371375598050644,2.371375598050644,2.371375598050644,25-50%
8.0,10.357797026039638,2.3577970260396377,2.3577970260396377,25-50%
7.5,10.371375598050644,2.871375598050644,2.871375598050644,25-50%
7.5,10.371375598050644,2.871375598050644,2.871375598050644,25-50%
7.0,10.288461483162347,3.2884614831623473,3.2884614831623473,25-50%
7.0,10.288461483162347,3.2884614831623473,3.2884614831623473,25-50%
7.5,10.33758563366039,2.8375856336603906,2.8375856336603906,25-50%
7.5,10.33758563366039,2.8375856336603906,2.8375856336603906,25-50%
7.0,10.444825462054292,3.4448254620542915,3.4448254620542915,25-50%
7.0,10.444825462054292,3.4448254620542915,3.4448254620542915,25-50%
7.0,9.862750626027227,2.8627506260272266,2.8627506260272266,25-50%
7.0,9.679159884091334,2.6791598840913338,2.6791598840913338,25-50%
7.0,9.862750626027227,2.8627506260272266,2.8627506260272266,25-50%
7.0,10.326572823449801,3.3265728234498013,3.3265728234498013,25-50%
7.0,9.862750626027227,2.8627506260272266,2.8627506260272266,25-50%
7.0,9.862750626027227,2.8627506260272266,2.8627506260272266,25-50%
6.0,10.624559409552301,4.624559409552301,4.624559409552301,25-50%
6.0,11.039478037844944,5.039478037844944,5.039478037844944,25-50%
6.0,10.680109956697612,4.680109956697612,4.680109956697612,25-50%
6.0,10.591062751088993,4.591062751088993,4.591062751088993,25-50%
6.0,10.646077653211705,4.646077653211705,4.646077653211705,25-50%
6.0,10.69981188825184,4.6998118882518405,4.6998118882518405,25-50%
6.0,10.554391887582018,4.5543918875820175,4.5543918875820175,25-50%
6.0,10.646077653211705,4.646077653211705,4.646077653211705,25-50%
6.0,10.521097419794145,4.521097419794145,4.521097419794145,25-50%
6.0,10.640697658808985,4.640697658808985,4.640697658808985,25-50%
6.0,10.575780244010298,4.575780244010298,4.575780244010298,25-50%
6.0,10.646077653211705,4.646077653211705,4.646077653211705,25-50%
6.0,10.624559409552301,4.624559409552301,4.624559409552301,25-50%
6.0,10.680109956697612,4.680109956697612,4.680109956697612,25-50%
6.0,10.680109956697612,4.680109956697612,4.680109956697612,25-50%
6.0,10.596419805670275,4.5964198056702745,4.5964198056702745,25-50%
6.0,10.591062751088993,4.591062751088993,4.591062751088993,25-50%
6.0,10.640697658808985,4.640697658808985,4.640697658808985,25-50%
6.0,10.640697658808985,4.640697658808985,4.640697658808985,25-50%
6.0,10.646077653211705,4.646077653211705,4.646077653211705,25-50%
6.0,10.57499331390321,4.57499331390321,4.57499331390321,25-50%
6.0,10.683647789792772,4.683647789792772,4.683647789792772,25-50%
6.0,10.680109956697612,4.680109956697612,4.680109956697612,25-50%
6.0,10.640697658808985,4.640697658808985,4.640697658808985,25-50%
6.0,10.591062751088993,4.591062751088993,4.591062751088993,25-50%
6.0,10.591062751088993,4.591062751088993,4.591062751088993,25-50%
6.0,10.716054609705331,4.716054609705331,4.716054609705331,25-50%
6.0,10.721469431915276,4.721469431915276,4.721469431915276,25-50%
6.0,10.547240619766455,4.547240619766455,4.547240619766455,25-50%
6.0,10.642064884674863,4.642064884674863,4.642064884674863,25-50%
5.0,10.681282044596337,5.681282044596337,5.681282044596337,0-25%
5.0,10.681282044596337,5.681282044596337,5.681282044596337,0-25%
15.0,10.640697658808985,-4.359302341191015,4.359302341191015,50-75%
10.5,10.640697658808985,0.14069765880898544,0.14069765880898544,50-75%
9.0,10.716054609705331,1.7160546097053313,1.7160546097053313,50-75%
9.0,10.56861573846951,1.5686157384695107,1.5686157384695107,50-75%
8.666666666666666,10.173196045128865,1.506529378462199,1.506529378462199,50-75%
10.0,10.146735517250274,0.14673551725027423,0.14673551725027423,50-75%
10.0,10.200835766557205,0.20083576655720492,0.20083576655720492,50-75%
5.5,10.925747926783117,5.425747926783117,5.425747926783117,25-50%
5.5,10.659959951091652,5.159959951091652,5.159959951091652,25-50%
6.0,10.539441992563539,4.539441992563539,4.539441992563539,25-50%
15.0,10.681122763097951,-4.318877236902049,4.318877236902049,50-75%
15.0,10.612787429152494,-4.387212570847506,4.387212570847506,50-75%
10.5,10.640697658808985,0.14069765880898544,0.14069765880898544,50-75%
11.666666666666664,10.037430432911083,-1.6292362337555808,1.6292362337555808,50-75%
11.666666666666664,10.078869289931259,-1.5877973767354057,1.5877973767354057,50-75%
10.0,10.193878769220396,0.1938787692203956,0.1938787692203956,50-75%
10.0,10.266343203696405,0.26634320369640463,0.26634320369640463,50-75%
10.0,10.119424578833241,0.11942457883324131,0.11942457883324131,50-75%
8.333333333333334,10.65331569222285,2.3199823588895168,2.3199823588895168,50-75%
8.333333333333334,10.597029956288397,2.263696622955063,2.263696622955063,50-75%
5.5,10.722375537491335,5.2223755374913345,5.2223755374913345,25-50%
5.5,10.722375537491335,5.2223755374913345,5.2223755374913345,25-50%
5.5,10.672392362503349,5.1723923625033486,5.1723923625033486,25-50%
5.5,10.800892037500308,5.300892037500308,5.300892037500308,25-50%
5.5,10.722375537491335,5.2223755374913345,5.2223755374913345,25-50%
15.0,10.646077653211705,-4.353922346788295,4.353922346788295,50-75%
15.0,10.731143323150373,-4.2688566768496266,4.2688566768496266,50-75%
15.0,10.636454996921483,-4.363545003078517,4.363545003078517,50-75%
15.0,10.563271528189148,-4.436728471810852,4.436728471810852,50-75%
10.5,10.395644422737032,-0.10435557726296807,0.10435557726296807,50-75%
11.666666666666664,10.121171013703167,-1.5454956529634973,1.5454956529634973,50-75%
11.666666666666664,10.0712826238894,-1.5953840427772636,1.5953840427772636,50-75%
11.666666666666664,10.188707671541296,-1.477958995125368,1.477958995125368,50-75%
10.0,10.121171013703167,0.12117101370316696,0.12117101370316696,50-75%
10.0,10.121171013703167,0.12117101370316696,0.12117101370316696,50-75%
8.333333333333334,10.575780244010298,2.2424469106769642,2.2424469106769642,50-75%
9.5,10.56861573846951,1.0686157384695107,1.0686157384695107,50-75%
5.5,10.92276949615683,5.42276949615683,5.42276949615683,25-50%
5.5,10.828905426018164,5.328905426018164,5.328905426018164,25-50%
5.5,10.844090361567265,5.344090361567265,5.344090361567265,25-50%
5.5,11.010961788155406,5.510961788155406,5.510961788155406,25-50%
6.0,10.67186064657302,4.67186064657302,4.67186064657302,25-50%
6.0,10.67186064657302,4.67186064657302,4.67186064657302,25-50%
15.0,10.610613816544355,-4.389386183455645,4.389386183455645,50-75%
15.0,10.484186077251422,-4.515813922748578,4.515813922748578,50-75%
15.0,10.653115608499533,-4.346884391500467,4.346884391500467,50-75%
15.0,10.484186077251422,-4.515813922748578,4.515813922748578,50-75%
11.666666666666664,9.953169467325555,-1.7134971993411092,1.7134971993411092,50-75%
11.666666666666664,9.953169467325555,-1.7134971993411092,1.7134971993411092,50-75%
11.666666666666664,10.188707671541296,-1.477958995125368,1.477958995125368,50-75%
10.0,10.161881152218744,0.16188115221874355,0.16188115221874355,50-75%
10.0,10.261138630519074,0.26113863051907416,0.26113863051907416,50-75%
9.5,10.646077653211705,1.1460776532117052,1.1460776532117052,50-75%
9.5,10.596419805670275,1.0964198056702745,1.0964198056702745,50-75%
5.5,10.92276949615683,5.42276949615683,5.42276949615683,25-50%
5.5,10.721758792108506,5.221758792108506,5.221758792108506,25-50%
5.5,10.872206295844506,5.3722062958445065,5.3722062958445065,25-50%
5.5,10.656226682115012,5.156226682115012,5.156226682115012,25-50%
5.5,11.006057034258266,5.506057034258266,5.506057034258266,25-50%
6.0,10.67186064657302,4.67186064657302,4.67186064657302,25-50%
6.0,10.376413253793714,4.376413253793714,4.376413253793714,25-50%
15.0,10.484186077251422,-4.515813922748578,4.515813922748578,50-75%
15.0,10.484186077251422,-4.515813922748578,4.515813922748578,50-75%
15.0,10.675865225508314,-4.324134774491686,4.324134774491686,50-75%
15.0,10.53336332082471,-4.46663667917529,4.46663667917529,50-75%
15.0,10.518528993989568,-4.481471006010432,4.481471006010432,50-75%
14.5,10.073751321758357,-4.4262486782416435,4.4262486782416435,50-75%
14.5,10.188707671541296,-4.311292328458704,4.311292328458704,50-75%
14.0,10.074527410496978,-3.9254725895030216,3.9254725895030216,50-75%
14.0,9.961443359536842,-4.038556640463158,4.038556640463158,50-75%
14.0,9.94119010208031,-4.058809897919691,4.058809897919691,50-75%
9.5,10.596893557768096,1.0968935577680963,1.0968935577680963,50-75%
5.5,10.959748106857509,5.459748106857509,5.459748106857509,25-50%
5.5,10.959748106857509,5.459748106857509,5.459748106857509,25-50%
5.5,10.761081153593086,5.261081153593086,5.261081153593086,25-50%
5.5,10.722375537491335,5.2223755374913345,5.2223755374913345,25-50%
15.0,10.692582263077858,-4.307417736922142,4.307417736922142,50-75%
15.0,10.692582263077858,-4.307417736922142,4.307417736922142,50-75%
15.0,10.610613816544355,-4.389386183455645,4.389386183455645,50-75%
15.0,10.4251781390684,-4.5748218609316,4.5748218609316,50-75%
14.5,9.981556435888029,-4.518443564111971,4.518443564111971,50-75%
13.666666666666664,9.217461135961482,-4.449205530705182,4.449205530705182,50-75%
13.0,9.961443359536842,-3.038556640463158,3.038556640463158,50-75%
13.0,9.962020100596014,-3.037979899403986,3.037979899403986,50-75%
14.0,10.034673136445964,-3.9653268635540364,3.9653268635540364,50-75%
5.5,10.948337671678669,5.448337671678669,5.448337671678669,25-50%
6.0,10.673891650158247,4.673891650158247,4.673891650158247,25-50%
6.0,10.693279302189847,4.693279302189847,4.693279302189847,25-50%
15.0,9.991213401518502,-5.008786598481498,5.008786598481498,50-75%
15.0,10.523852525562294,-4.476147474437706,4.476147474437706,50-75%
12.0,9.80456949749933,-2.1954305025006704,2.1954305025006704,50-75%
12.0,9.89527850195744,-2.1047214980425597,2.1047214980425597,50-75%
12.0,9.961443359536842,-2.038556640463158,2.038556640463158,50-75%
13.0,10.069412922111129,-2.9305870778888714,2.9305870778888714,50-75%
12.0,9.6768593322422,-2.3231406677577997,2.3231406677577997,50-75%
12.0,10.801591834487457,-1.198408165512543,1.198408165512543,50-75%
12.0,9.802790379718335,-2.197209620281665,2.197209620281665,50-75%
12.0,9.777207052006677,-2.222792947993323,2.222792947993323,50-75%
12.0,9.935737096993119,-2.064262903006881,2.064262903006881,50-75%
12.0,10.103279260733457,-1.8967207392665433,1.8967207392665433,50-75%
12.0,10.103279260733457,-1.8967207392665433,1.8967207392665433,50-75%
12.0,10.697300315170768,-1.302699684829232,1.302699684829232,50-75%
12.0,9.846974130099566,-2.153025869900434,2.153025869900434,50-75%
12.0,10.034673136445964,-1.9653268635540364,1.9653268635540364,50-75%
12.0,10.12455163309756,-1.8754483669024395,1.8754483669024395,50-75%
12.0,9.849392811189128,-2.1506071888108718,2.1506071888108718,50-75%
12.0,9.988042144272265,-2.0119578557277347,2.0119578557277347,50-75%
12.0,10.876715465028012,-1.1232845349719884,1.1232845349719884,50-75%
12.0,10.747390150260475,-1.2526098497395246,1.2526098497395246,50-75%
12.0,10.038015470718598,-1.961984529281402,1.961984529281402,50-75%
12.0,9.988042144272265,-2.0119578557277347,2.0119578557277347,50-75%
12.0,10.008382129631705,-1.9916178703682945,1.9916178703682945,50-75%
12.0,10.697915773660306,-1.3020842263396943,1.3020842263396943,50-75%
12.0,10.655794483392285,-1.3442055166077154,1.3442055166077154,50-75%
12.0,9.890245344949387,-2.1097546550506134,2.1097546550506134,50-75%
14.0,9.748614234758868,-4.251385765241132,4.251385765241132,50-75%
10.0,10.453759598855907,0.4537595988559069,0.4537595988559069,50-75%
10.0,10.453759598855907,0.4537595988559069,0.4537595988559069,50-75%
10.0,10.4325966977313,0.4325966977313005,0.4325966977313005,50-75%
10.0,10.239850011480906,0.23985001148090568,0.23985001148090568,50-75%
14.0,9.679479801532386,-4.320520198467614,4.320520198467614,50-75%
14.0,9.679479801532386,-4.320520198467614,4.320520198467614,50-75%
14.0,9.748614234758868,-4.251385765241132,4.251385765241132,50-75%
14.0,10.75958748625333,-3.2404125137466693,3.2404125137466693,50-75%
14.0,10.85581855145221,-3.1441814485477906,3.1441814485477906,50-75%
10.0,10.140522645221424,0.14052264522142366,0.14052264522142366,50-75%
10.0,10.260656118854182,0.2606561188541825,0.2606561188541825,50-75%
10.0,10.260656118854182,0.2606561188541825,0.2606561188541825,50-75%
10.0,10.260656118854182,0.2606561188541825,0.2606561188541825,50-75%
10.0,10.260656118854182,0.2606561188541825,0.2606561188541825,50-75%
10.0,10.188228263362097,0.18822826336209708,0.18822826336209708,50-75%
14.0,9.751010983352234,-4.248989016647766,4.248989016647766,50-75%
14.0,9.6339434419444,-4.3660565580556,4.3660565580556,50-75%
14.0,10.683950534541891,-3.316049465458109,3.316049465458109,50-75%
14.0,10.683950534541891,-3.316049465458109,3.316049465458109,50-75%
14.0,10.75958748625333,-3.2404125137466693,3.2404125137466693,50-75%
14.0,10.75958748625333,-3.2404125137466693,3.2404125137466693,50-75%
10.0,10.140522645221424,0.14052264522142366,0.14052264522142366,50-75%
10.0,10.304396972549169,0.30439697254916886,0.30439697254916886,50-75%
10.0,10.512010196461851,0.5120101964618513,0.5120101964618513,50-75%
10.0,10.462924000726789,0.4629240007267885,0.4629240007267885,50-75%
10.0,10.188228263362097,0.18822826336209708,0.18822826336209708,50-75%
10.0,10.188228263362097,0.18822826336209708,0.18822826336209708,50-75%
10.0,10.304396972549169,0.30439697254916886,0.30439697254916886,50-75%
10.0,10.28823492855929,0.2882349285592891,0.2882349285592891,50-75%
14.0,10.152554771051673,-3.8474452289483274,3.8474452289483274,50-75%
14.0,9.6339434419444,-4.3660565580556,4.3660565580556,50-75%
14.0,10.63413120037612,-3.3658687996238807,3.3658687996238807,50-75%
14.0,10.683950534541891,-3.316049465458109,3.316049465458109,50-75%
14.0,10.81257745177886,-3.1874225482211394,3.1874225482211394,50-75%
14.0,10.63413120037612,-3.3658687996238807,3.3658687996238807,50-75%
14.0,10.63413120037612,-3.3658687996238807,3.3658687996238807,50-75%
10.0,10.177811051111817,0.17781105111181716,0.17781105111181716,50-75%
10.0,10.631540772098276,0.6315407720982762,0.6315407720982762,50-75%
10.0,10.462924000726789,0.4629240007267885,0.4629240007267885,50-75%
10.0,10.140522645221424,0.14052264522142366,0.14052264522142366,50-75%
10.0,10.426618850547207,0.4266188505472073,0.4266188505472073,50-75%
10.0,10.140522645221424,0.14052264522142366,0.14052264522142366,50-75%
10.0,10.140522645221424,0.14052264522142366,0.14052264522142366,50-75%
10.0,10.140522645221424,0.14052264522142366,0.14052264522142366,50-75%
14.0,9.790366114729629,-4.209633885270371,4.209633885270371,50-75%
14.0,9.8593347157015,-4.1406652842985,4.1406652842985,50-75%
14.0,10.63413120037612,-3.3658687996238807,3.3658687996238807,50-75%
14.0,10.63413120037612,-3.3658687996238807,3.3658687996238807,50-75%
14.0,10.683950534541891,-3.316049465458109,3.316049465458109,50-75%
14.0,10.63413120037612,-3.3658687996238807,3.3658687996238807,50-75%
10.0,9.998619404095477,-0.0013805959045232186,0.0013805959045232186,50-75%
10.0,10.188228263362097,0.18822826336209708,0.18822826336209708,50-75%
10.0,10.188228263362097,0.18822826336209708,0.18822826336209708,50-75%
10.0,10.188228263362097,0.18822826336209708,0.18822826336209708,50-75%
10.0,10.140522645221424,0.14052264522142366,0.14052264522142366,50-75%
10.0,10.140522645221424,0.14052264522142366,0.14052264522142366,50-75%
14.0,10.428842298942342,-3.5711577010576576,3.5711577010576576,50-75%
14.0,10.306914543536145,-3.693085456463855,3.693085456463855,50-75%
14.0,10.63413120037612,-3.3658687996238807,3.3658687996238807,50-75%
14.0,10.963087978102083,-3.0369120218979173,3.0369120218979173,50-75%
14.0,10.63413120037612,-3.3658687996238807,3.3658687996238807,50-75%
14.0,10.63413120037612,-3.3658687996238807,3.3658687996238807,50-75%
10.0,10.169395170844517,0.16939517084451694,0.16939517084451694,50-75%
10.0,10.260656118854182,0.2606561188541825,0.2606561188541825,50-75%
10.0,10.260656118854182,0.2606561188541825,0.2606561188541825,50-75%
10.0,8.843405839472195,-1.1565941605278045,1.1565941605278045,50-75%
10.0,8.843405839472195,-1.1565941605278045,1.1565941605278045,50-75%
14.0,10.428842298942342,-3.5711577010576576,3.5711577010576576,50-75%
14.0,10.355332680165894,-3.644667319834106,3.644667319834106,50-75%
9.0,9.269569282044266,0.2695692820442659,0.2695692820442659,50-75%
9.0,9.269569282044266,0.2695692820442659,0.2695692820442659,50-75%
9.0,9.318779211069762,0.3187792110697618,0.3187792110697618,50-75%
9.0,9.318779211069762,0.3187792110697618,0.3187792110697618,50-75%
9.0,9.318779211069762,0.3187792110697618,0.3187792110697618,50-75%
9.0,9.692871796085242,0.6928717960852424,0.6928717960852424,50-75%
9.0,9.299564028853242,0.29956402885324174,0.29956402885324174,50-75%
9.0,9.269569282044266,0.2695692820442659,0.2695692820442659,50-75%
9.0,9.299564028853242,0.29956402885324174,0.29956402885324174,50-75%
9.0,9.269569282044266,0.2695692820442659,0.2695692820442659,50-75%
9.0,9.348917687310916,0.3489176873109159,0.3489176873109159,50-75%
9.0,9.299564028853242,0.29956402885324174,0.29956402885324174,50-75%
9.0,9.30432419000937,0.3043241900093694,0.3043241900093694,50-75%
9.0,9.72410289968617,0.7241028996861694,0.7241028996861694,50-75%
9.0,9.366239048128287,0.36623904812828734,0.36623904812828734,50-75%
9.0,9.366239048128287,0.36623904812828734,0.36623904812828734,50-75%
9.0,9.348917687310916,0.3489176873109159,0.3489176873109159,50-75%
9.0,9.348917687310916,0.3489176873109159,0.3489176873109159,50-75%
9.0,9.232869870680616,0.2328698706806165,0.2328698706806165,50-75%
9.0,9.30432419000937,0.3043241900093694,0.3043241900093694,50-75%
9.0,9.30432419000937,0.3043241900093694,0.3043241900093694,50-75%
9.0,9.371030024553484,0.3710300245534839,0.3710300245534839,50-75%
9.0,9.371030024553484,0.3710300245534839,0.3710300245534839,50-75%
9.0,9.299564028853242,0.29956402885324174,0.29956402885324174,50-75%
9.0,9.353700658303191,0.3537006583031914,0.3537006583031914,50-75%
9.0,9.371030024553484,0.3710300245534839,0.3710300245534839,50-75%
9.0,9.345677887284769,0.34567788728476856,0.34567788728476856,50-75%
9.0,9.609894124654414,0.6098941246544136,0.6098941246544136,50-75%
9.0,9.262826758698381,0.262826758698381,0.262826758698381,50-75%
9.0,9.30432419000937,0.3043241900093694,0.3043241900093694,50-75%
9.0,9.392480988392268,0.3924809883922684,0.3924809883922684,50-75%
9.0,9.371619067774343,0.3716190677743434,0.3716190677743434,50-75%
9.0,9.249199863123726,0.24919986312372622,0.24919986312372622,50-75%
9.0,9.323548252928386,0.3235482529283864,0.3235482529283864,50-75%
16.0,9.901730132109428,-6.098269867890572,6.098269867890572,75-100%
16.0,9.936611908375896,-6.063388091624104,6.063388091624104,75-100%
16.0,10.092415615136836,-5.9075843848631635,5.9075843848631635,75-100%
16.0,10.08521375257197,-5.9147862474280295,5.9147862474280295,75-100%
16.0,9.904444972173051,-6.095555027826949,6.095555027826949,75-100%
16.0,10.052609746270825,-5.947390253729175,5.947390253729175,75-100%
7.0,9.931559657085476,2.931559657085476,2.931559657085476,25-50%
7.0,10.08521375257197,3.0852137525719705,3.0852137525719705,25-50%
11.5,9.936611908375896,-1.5633880916241036,1.5633880916241036,50-75%
11.5,10.072184653871162,-1.4278153461288383,1.4278153461288383,50-75%
16.0,9.936611908375896,-6.063388091624104,6.063388091624104,75-100%
16.0,10.151820686132332,-5.848179313867668,5.848179313867668,75-100%
16.0,10.038949139418111,-5.961050860581889,5.961050860581889,75-100%
16.0,10.080092853526159,-5.919907146473841,5.919907146473841,75-100%
7.0,9.97679621620566,2.97679621620566,2.97679621620566,25-50%
7.0,9.978370460069355,2.978370460069355,2.978370460069355,25-50%
7.0,10.032848315231881,3.032848315231881,3.032848315231881,25-50%
7.0,9.931559657085476,2.931559657085476,2.931559657085476,25-50%
11.5,10.037947379215996,-1.4620526207840037,1.4620526207840037,50-75%
11.5,10.037947379215996,-1.4620526207840037,1.4620526207840037,50-75%
11.5,10.04511853367433,-1.45488146632567,1.45488146632567,50-75%
16.0,10.146954886836046,-5.8530451131639545,5.8530451131639545,75-100%
16.0,10.090634011332803,-5.909365988667197,5.909365988667197,75-100%
16.0,10.090634011332803,-5.909365988667197,5.909365988667197,75-100%
16.0,10.015952569915864,-5.984047430084136,5.984047430084136,75-100%
7.0,9.937798765690413,2.937798765690413,2.937798765690413,25-50%
7.0,9.984636285601507,2.984636285601507,2.984636285601507,25-50%
7.0,9.830614458317651,2.830614458317651,2.830614458317651,25-50%
7.0,9.941959506341378,2.9419595063413784,2.9419595063413784,25-50%
11.5,10.048448441501655,-1.4515515584983447,1.4515515584983447,50-75%
11.5,10.028034426354072,-1.471965573645928,1.471965573645928,50-75%
11.5,9.807170428943454,-1.6928295710565457,1.6928295710565457,50-75%
16.0,9.877131477259663,-6.122868522740337,6.122868522740337,75-100%
16.0,10.16758903587039,-5.832410964129609,5.832410964129609,75-100%
16.0,10.162430082934138,-5.837569917065862,5.837569917065862,75-100%
7.0,10.186467906928621,3.1864679069286215,3.1864679069286215,25-50%
7.0,10.001166572983028,3.0011665729830277,3.0011665729830277,25-50%
7.0,9.905927450006253,2.905927450006253,2.905927450006253,25-50%
7.0,9.905927450006253,2.905927450006253,2.905927450006253,25-50%
7.0,10.043344526471719,3.043344526471719,3.043344526471719,25-50%
11.5,10.048448441501655,-1.4515515584983447,1.4515515584983447,50-75%
11.5,9.750831066067512,-1.7491689339324878,1.7491689339324878,50-75%
16.0,9.689124461885525,-6.310875538114475,6.310875538114475,75-100%
7.0,10.001166572983028,3.0011665729830277,3.0011665729830277,25-50%
7.0,10.022791920412143,3.0227919204121427,3.0227919204121427,25-50%
7.0,10.039713728533684,3.039713728533684,3.039713728533684,25-50%
7.0,9.905927450006253,2.905927450006253,2.905927450006253,25-50%
7.0,9.990690964308119,2.9906909643081185,2.9906909643081185,25-50%
10.0,10.129029339266404,0.12902933926640436,0.12902933926640436,50-75%
10.0,9.829985095676278,-0.1700149043237218,0.1700149043237218,50-75%
10.0,9.80974872964239,-0.19025127035761003,0.19025127035761003,50-75%
7.0,10.094148811024155,3.094148811024155,3.094148811024155,25-50%
7.0,10.039713728533684,3.039713728533684,3.039713728533684,25-50%
7.0,9.862568830355173,2.8625688303551726,2.8625688303551726,25-50%
4.0,10.070120365607512,6.070120365607512,6.070120365607512,0-25%
4.0,10.242455564228592,6.242455564228592,6.242455564228592,0-25%
4.0,10.316877539138495,6.3168775391384955,6.3168775391384955,0-25%
4.0,9.979959746851518,5.979959746851518,5.979959746851518,0-25%
4.0,9.965230290527272,5.965230290527272,5.965230290527272,0-25%
4.0,9.322549940490877,5.322549940490877,5.322549940490877,0-25%
4.0,10.18123849419218,6.181238494192179,6.181238494192179,0-25%
4.0,10.035364210413483,6.0353642104134835,6.0353642104134835,0-25%
4.0,10.31139449550892,6.311394495508919,6.311394495508919,0-25%
4.0,9.7789597610166,5.7789597610165995,5.7789597610165995,0-25%
4.0,9.281388874027824,5.281388874027824,5.281388874027824,0-25%
4.0,10.155488227909595,6.155488227909595,6.155488227909595,0-25%
4.0,10.188070514053933,6.188070514053933,6.188070514053933,0-25%
4.0,10.176353353784368,6.176353353784368,6.176353353784368,0-25%
4.0,9.172129690207132,5.172129690207132,5.172129690207132,0-25%
4.0,10.162525757586636,6.162525757586636,6.162525757586636,0-25%
4.0,9.7789597610166,5.7789597610165995,5.7789597610165995,0-25%
4.0,10.111009740182475,6.111009740182475,6.111009740182475,0-25%
4.0,10.107159344027842,6.107159344027842,6.107159344027842,0-25%
4.0,9.852368838778517,5.852368838778517,5.852368838778517,0-25%
4.0,9.7789597610166,5.7789597610165995,5.7789597610165995,0-25%
4.0,9.7789597610166,5.7789597610165995,5.7789597610165995,0-25%
4.0,9.7789597610166,5.7789597610165995,5.7789597610165995,0-25%
4.0,9.7789597610166,5.7789597610165995,5.7789597610165995,0-25%
4.0,9.583872349928207,5.583872349928207,5.583872349928207,0-25%
4.0,9.281388874027824,5.281388874027824,5.281388874027824,0-25%
4.0,9.51037234760033,5.510372347600329,5.510372347600329,0-25%
4.0,9.281388874027824,5.281388874027824,5.281388874027824,0-25%
4.0,9.513320469697092,5.513320469697092,5.513320469697092,0-25%
4.0,9.552450138845426,5.552450138845426,5.552450138845426,0-25%
4.0,9.552450138845426,5.552450138845426,5.552450138845426,0-25%
10.0,10.448657929771553,0.44865792977155294,0.44865792977155294,50-75%
10.0,10.35741126574818,0.35741126574817983,0.35741126574817983,50-75%
10.0,10.572114170500676,0.5721141705006758,0.5721141705006758,50-75%
10.0,10.443696120004631,0.4436961200046312,0.4436961200046312,50-75%
4.0,9.552450138845426,5.552450138845426,5.552450138845426,0-25%
4.0,9.62624439504483,5.62624439504483,5.62624439504483,0-25%
9.0,11.784283070834553,2.7842830708345527,2.7842830708345527,50-75%
9.0,11.348879162179074,2.348879162179074,2.348879162179074,50-75%
9.0,11.348879162179074,2.348879162179074,2.348879162179074,50-75%
9.0,10.126899996885786,1.1268999968857862,1.1268999968857862,50-75%
10.0,10.370090962354244,0.37009096235424366,0.37009096235424366,50-75%
10.0,10.287643380022896,0.2876433800228959,0.2876433800228959,50-75%
4.0,9.614907715229002,5.614907715229002,5.614907715229002,0-25%
4.0,9.614907715229002,5.614907715229002,5.614907715229002,0-25%
8.0,10.822999767458757,2.8229997674587572,2.8229997674587572,25-50%
9.0,11.348879162179074,2.348879162179074,2.348879162179074,50-75%
9.0,11.771003715025135,2.7710037150251345,2.7710037150251345,50-75%
9.0,11.692530969360785,2.692530969360785,2.692530969360785,50-75%
9.0,11.104401393282435,2.1044013932824353,2.1044013932824353,50-75%
10.0,10.091646085309968,0.09164608530996787,0.09164608530996787,50-75%
8.0,10.29910372508862,2.299103725088621,2.299103725088621,25-50%
8.0,10.29910372508862,2.299103725088621,2.299103725088621,25-50%
9.0,10.45645059421821,1.4564505942182109,1.4564505942182109,50-75%
9.0,10.926275941765685,1.9262759417656845,1.9262759417656845,50-75%
9.0,11.348879162179074,2.348879162179074,2.348879162179074,50-75%
9.0,11.36792972593896,2.3679297259389607,2.3679297259389607,50-75%
9.0,9.945328760842258,0.9453287608422585,0.9453287608422585,50-75%
9.0,10.033264709686332,1.0332647096863319,1.0332647096863319,50-75%
10.0,10.124041905123494,0.12404190512349444,0.12404190512349444,50-75%
8.0,10.29910372508862,2.299103725088621,2.299103725088621,25-50%
9.0,9.988470051524825,0.9884700515248248,0.9884700515248248,50-75%
9.0,10.333172477137357,1.3331724771373565,1.3331724771373565,50-75%
9.0,9.945328760842258,0.9453287608422585,0.9453287608422585,50-75%
10.0,10.031374320618575,0.031374320618574814,0.031374320618574814,50-75%
8.0,10.29910372508862,2.299103725088621,2.299103725088621,25-50%
8.0,8.566533140933345,0.5665331409333447,0.5665331409333447,25-50%
9.0,10.033264709686332,1.0332647096863319,1.0332647096863319,50-75%
9.0,10.001675006744602,1.0016750067446019,1.0016750067446019,50-75%
9.0,10.033264709686332,1.0332647096863319,1.0332647096863319,50-75%
8.0,10.29910372508862,2.299103725088621,2.299103725088621,25-50%
8.0,9.85903095924136,1.8590309592413607,1.8590309592413607,25-50%
6.0,9.922605758672866,3.9226057586728658,3.9226057586728658,25-50%
6.0,9.796357257410367,3.7963572574103672,3.7963572574103672,25-50%
6.0,9.838393818969365,3.838393818969365,3.838393818969365,25-50%
6.0,9.89012734732936,3.8901273473293596,3.8901273473293596,25-50%
6.0,9.791369797825755,3.7913697978257552,3.7913697978257552,25-50%
6.0,10.200446893232618,4.200446893232618,4.200446893232618,25-50%
6.0,10.267151416248197,4.267151416248197,4.267151416248197,25-50%
6.0,9.823367855223948,3.823367855223948,3.823367855223948,25-50%
6.0,9.875216371212133,3.875216371212133,3.875216371212133,25-50%
6.0,9.875216371212133,3.875216371212133,3.875216371212133,25-50%
6.0,9.889836312890983,3.889836312890983,3.889836312890983,25-50%
6.0,9.869715362458614,3.8697153624586136,3.8697153624586136,25-50%
6.0,9.960332505159904,3.9603325051599043,3.9603325051599043,25-50%
6.0,9.960332505159904,3.9603325051599043,3.9603325051599043,25-50%
6.0,9.796357257410367,3.7963572574103672,3.7963572574103672,25-50%
6.0,10.200446893232618,4.200446893232618,4.200446893232618,25-50%
6.0,10.151852049723294,4.151852049723294,4.151852049723294,25-50%
6.0,10.200446893232618,4.200446893232618,4.200446893232618,25-50%
6.0,10.151852049723294,4.151852049723294,4.151852049723294,25-50%
6.0,9.957362877512708,3.9573628775127077,3.9573628775127077,25-50%
6.0,10.164503182920512,4.164503182920512,4.164503182920512,25-50%
6.0,9.955908268788782,3.9559082687887823,3.9559082687887823,25-50%
6.0,10.204011539016392,4.204011539016392,4.204011539016392,25-50%
6.0,10.01114746848878,4.01114746848878,4.01114746848878,25-50%
6.0,9.889836312890983,3.889836312890983,3.889836312890983,25-50%
6.0,10.200446893232618,4.200446893232618,4.200446893232618,25-50%
6.0,10.200446893232618,4.200446893232618,4.200446893232618,25-50%
6.0,10.151852049723294,4.151852049723294,4.151852049723294,25-50%
6.0,10.205081768435958,4.205081768435958,4.205081768435958,25-50%
6.0,10.164214066598737,4.164214066598737,4.164214066598737,25-50%
6.0,10.200446893232618,4.200446893232618,4.200446893232618,25-50%
6.0,9.798052950802488,3.7980529508024876,3.7980529508024876,25-50%
6.0,9.88480566994368,3.8848056699436793,3.8848056699436793,25-50%
6.0,9.88480566994368,3.8848056699436793,3.8848056699436793,25-50%
6.0,10.043929214537918,4.043929214537918,4.043929214537918,25-50%
6.0,10.106216144786195,4.106216144786195,4.106216144786195,25-50%
6.0,10.200446893232618,4.200446893232618,4.200446893232618,25-50%
6.0,10.200446893232618,4.200446893232618,4.200446893232618,25-50%
6.0,10.158758451284772,4.158758451284772,4.158758451284772,25-50%
6.0,10.06585583572311,4.065855835723109,4.065855835723109,25-50%
6.0,10.158758451284772,4.158758451284772,4.158758451284772,25-50%
6.0,10.227625638410775,4.227625638410775,4.227625638410775,25-50%
6.0,10.126086797876518,4.126086797876518,4.126086797876518,25-50%
6.0,10.14560338528983,4.14560338528983,4.14560338528983,25-50%
6.0,10.213769337123827,4.213769337123827,4.213769337123827,25-50%
6.0,10.158758451284772,4.158758451284772,4.158758451284772,25-50%
6.0,10.230995531683584,4.230995531683584,4.230995531683584,25-50%
6.0,10.138140618359284,4.138140618359284,4.138140618359284,25-50%
6.0,10.160733154811366,4.160733154811366,4.160733154811366,25-50%
6.0,10.043929214537918,4.043929214537918,4.043929214537918,25-50%
6.0,10.17045326090697,4.170453260906971,4.170453260906971,25-50%
6.0,9.889836312890983,3.889836312890983,3.889836312890983,25-50%
6.0,9.869715362458614,3.8697153624586136,3.8697153624586136,25-50%
6.0,10.248025660670928,4.248025660670928,4.248025660670928,25-50%
7.0,9.846368173062068,2.846368173062068,2.846368173062068,25-50%
7.0,9.846368173062068,2.846368173062068,2.846368173062068,25-50%
7.0,9.698326935132627,2.698326935132627,2.698326935132627,25-50%
7.0,10.02020782916067,3.02020782916067,3.02020782916067,25-50%
7.0,10.02020782916067,3.02020782916067,3.02020782916067,25-50%
7.0,9.98900367818539,2.989003678185391,2.989003678185391,25-50%
7.0,10.326124402137598,3.326124402137598,3.326124402137598,25-50%
7.0,10.326124402137598,3.326124402137598,3.326124402137598,25-50%
7.0,10.02020782916067,3.02020782916067,3.02020782916067,25-50%
7.0,10.237109022415627,3.237109022415627,3.237109022415627,25-50%
7.0,9.98900367818539,2.989003678185391,2.989003678185391,25-50%
7.0,10.178528326658775,3.1785283266587747,3.1785283266587747,25-50%
7.0,10.339551153501315,3.339551153501315,3.339551153501315,25-50%
7.0,10.329125326369823,3.329125326369823,3.329125326369823,25-50%
7.0,9.746791522806248,2.746791522806248,2.746791522806248,25-50%
7.0,9.698326935132627,2.698326935132627,2.698326935132627,25-50%
7.0,10.213248260904184,3.2132482609041837,3.2132482609041837,25-50%
7.0,10.067398238737576,3.067398238737576,3.067398238737576,25-50%
7.0,10.02020782916067,3.02020782916067,3.02020782916067,25-50%
7.0,9.698326935132627,2.698326935132627,2.698326935132627,25-50%
7.0,9.600109398852798,2.6001093988527977,2.6001093988527977,25-50%
7.0,9.698326935132627,2.698326935132627,2.698326935132627,25-50%
7.0,9.698326935132627,2.698326935132627,2.698326935132627,25-50%
7.0,9.693384761403122,2.693384761403122,2.693384761403122,25-50%
7.0,9.698326935132627,2.698326935132627,2.698326935132627,25-50%
7.0,9.600109398852798,2.6001093988527977,2.6001093988527977,25-50%
7.0,9.595212597463334,2.595212597463334,2.595212597463334,25-50%
17.0,8.707215224123127,-8.292784775876873,8.292784775876873,75-100%
17.0,8.71170161876222,-8.28829838123778,8.28829838123778,75-100%
17.0,9.062629119975961,-7.937370880024039,7.937370880024039,75-100%
17.0,9.062629119975961,-7.937370880024039,7.937370880024039,75-100%
17.0,8.707215224123127,-8.292784775876873,8.292784775876873,75-100%
17.0,8.618096732116637,-8.381903267883363,8.381903267883363,75-100%
17.0,8.707215224123127,-8.292784775876873,8.292784775876873,75-100%
17.0,8.791570993882686,-8.208429006117314,8.208429006117314,75-100%
17.0,8.701678061542957,-8.298321938457043,8.298321938457043,75-100%
17.0,8.701678061542957,-8.298321938457043,8.298321938457043,75-100%
17.0,8.701678061542957,-8.298321938457043,8.298321938457043,75-100%
17.0,8.707215224123127,-8.292784775876873,8.292784775876873,75-100%
17.0,8.618096732116637,-8.381903267883363,8.381903267883363,75-100%
17.0,8.707215224123127,-8.292784775876873,8.292784775876873,75-100%
17.0,8.833500170969529,-8.166499829030471,8.166499829030471,75-100%
17.0,8.791570993882686,-8.208429006117314,8.208429006117314,75-100%
17.0,8.743222301761008,-8.256777698238992,8.256777698238992,75-100%
17.0,8.833500170969529,-8.166499829030471,8.166499829030471,75-100%
17.0,8.838044930865335,-8.161955069134665,8.161955069134665,75-100%
17.0,8.753288781561944,-8.246711218438056,8.246711218438056,75-100%
17.0,8.622541938761486,-8.377458061238514,8.377458061238514,75-100%
17.0,8.71170161876222,-8.28829838123778,8.28829838123778,75-100%
17.0,8.743222301761008,-8.256777698238992,8.256777698238992,75-100%
17.0,8.743222301761008,-8.256777698238992,8.256777698238992,75-100%
17.0,8.6209064173507,-8.3790935826493,8.3790935826493,75-100%
17.0,8.838044930865335,-8.161955069134665,8.161955069134665,75-100%
17.0,8.892601108417173,-8.107398891582827,8.107398891582827,75-100%
17.0,8.901732270791241,-8.098267729208759,8.098267729208759,75-100%
17.0,8.833500170969529,-8.166499829030471,8.166499829030471,75-100%
17.0,8.747725337831897,-8.252274662168103,8.252274662168103,75-100%
17.0,8.932445257152757,-8.067554742847243,8.067554742847243,75-100%
17.0,8.908165246876326,-8.091834753123674,8.091834753123674,75-100%
17.0,9.012957003436313,-7.987042996563687,7.987042996563687,75-100%
17.0,8.706161897065357,-8.293838102934643,8.293838102934643,75-100%
9.0,10.167844717531935,1.1678447175319349,1.1678447175319349,50-75%
9.0,10.194243421635974,1.1942434216359743,1.1942434216359743,50-75%
9.0,10.142346140881422,1.142346140881422,1.142346140881422,50-75%
9.0,10.01747141215638,1.0174714121563806,1.0174714121563806,50-75%
9.0,10.161025048597303,1.1610250485973026,1.1610250485973026,50-75%
9.0,10.161025048597303,1.1610250485973026,1.1610250485973026,50-75%
9.0,10.128795212049685,1.1287952120496847,1.1287952120496847,50-75%
9.0,10.087079818738157,1.0870798187381574,1.0870798187381574,50-75%
9.0,10.054756391151226,1.0547563911512263,1.0547563911512263,50-75%
9.0,9.738829346713693,0.7388293467136933,0.7388293467136933,50-75%
9.0,9.738829346713693,0.7388293467136933,0.7388293467136933,50-75%
9.0,9.738829346713693,0.7388293467136933,0.7388293467136933,50-75%
9.0,9.899951092722509,0.8999510927225085,0.8999510927225085,50-75%
9.0,9.38561015852925,0.38561015852924996,0.38561015852924996,50-75%
9.0,9.738829346713693,0.7388293467136933,0.7388293467136933,50-75%
9.0,9.612851982220013,0.6128519822200129,0.6128519822200129,50-75%
9.0,9.306084761478274,0.30608476147827446,0.30608476147827446,50-75%
9.0,9.306084761478274,0.30608476147827446,0.30608476147827446,50-75%
9.0,9.42426450094925,0.42426450094924917,0.42426450094924917,50-75%
9.0,9.42426450094925,0.42426450094924917,0.42426450094924917,50-75%
9.0,9.344443117251192,0.3444431172511919,0.3444431172511919,50-75%
9.0,9.707179578822865,0.7071795788228652,0.7071795788228652,50-75%
9.0,10.060509859455731,1.0605098594557312,1.0605098594557312,50-75%
9.0,10.060509859455731,1.0605098594557312,1.0605098594557312,50-75%
9.0,9.975924009658499,0.9759240096584989,0.9759240096584989,50-75%
9.0,9.227005663663576,0.22700566366357577,0.22700566366357577,50-75%
9.0,9.227005663663576,0.22700566366357577,0.22700566366357577,50-75%
9.0,9.725919161511353,0.7259191615113529,0.7259191615113529,50-75%
9.0,10.060509859455731,1.0605098594557312,1.0605098594557312,50-75%
9.0,10.22588262615011,1.22588262615011,1.22588262615011,50-75%
9.0,10.090247585461839,1.0902475854618388,1.0902475854618388,50-75%
9.0,9.496208949186462,0.4962089491864621,0.4962089491864621,50-75%
9.0,9.71784606355579,0.7178460635557897,0.7178460635557897,50-75%
9.0,10.177177425842306,1.1771774258423058,1.1771774258423058,50-75%
9.0,10.177177425842306,1.1771774258423058,1.1771774258423058,50-75%
15.0,9.650676265793123,-5.349323734206877,5.349323734206877,50-75%
15.0,9.552896193368436,-5.447103806631564,5.447103806631564,50-75%
15.0,9.650676265793123,-5.349323734206877,5.349323734206877,50-75%
9.0,9.601807760892658,0.6018077608926582,0.6018077608926582,50-75%
9.0,10.22588262615011,1.22588262615011,1.22588262615011,50-75%
7.0,10.421322953151236,3.421322953151236,3.421322953151236,25-50%
15.0,9.598085494814265,-5.401914505185735,5.401914505185735,50-75%
15.0,9.650676265793123,-5.349323734206877,5.349323734206877,50-75%
15.0,9.763020858952999,-5.2369791410470015,5.2369791410470015,50-75%
15.0,10.116183339060356,-4.883816660939644,4.883816660939644,50-75%
7.0,11.502554307478164,4.502554307478164,4.502554307478164,25-50%
7.0,11.430512561287554,4.4305125612875536,4.4305125612875536,25-50%
15.0,9.69628427818685,-5.30371572181315,5.30371572181315,50-75%
15.0,9.84116060971196,-5.1588393902880405,5.1588393902880405,50-75%
15.0,9.76740104525559,-5.232598954744409,5.232598954744409,50-75%
15.0,11.798701958853194,-3.2012980411468064,3.2012980411468064,50-75%
7.0,10.867143008044728,3.867143008044728,3.867143008044728,25-50%
7.0,11.448310072776616,4.448310072776616,4.448310072776616,25-50%
5.0,11.340288729564465,6.340288729564465,6.340288729564465,0-25%
5.0,9.835198548583232,4.835198548583232,4.835198548583232,0-25%
5.0,9.981252398250305,4.981252398250305,4.981252398250305,0-25%
5.0,9.856556903910967,4.856556903910967,4.856556903910967,0-25%
15.0,9.681455330054941,-5.318544669945059,5.318544669945059,50-75%
15.0,10.042500248775857,-4.957499751224143,4.957499751224143,50-75%
15.0,9.814917381523196,-5.1850826184768035,5.1850826184768035,50-75%
15.0,11.551807059264856,-3.4481929407351437,3.4481929407351437,50-75%
15.0,11.58067146587806,-3.4193285341219397,3.4193285341219397,50-75%
15.0,11.798701958853194,-3.2012980411468064,3.2012980411468064,50-75%
5.0,9.984253521051293,4.9842535210512935,4.9842535210512935,0-25%
5.0,9.984253521051293,4.9842535210512935,4.9842535210512935,0-25%
5.0,11.388121851746565,6.388121851746565,6.388121851746565,0-25%
5.0,10.133933974262995,5.133933974262995,5.133933974262995,0-25%
5.0,10.127908552274985,5.1279085522749845,5.1279085522749845,0-25%
15.0,10.193119674900299,-4.806880325099701,4.806880325099701,50-75%
15.0,10.067607146838123,-4.932392853161877,4.932392853161877,50-75%
15.0,11.31993697331701,-3.6800630266829906,3.6800630266829906,50-75%
15.0,11.67672894158937,-3.3232710584106293,3.3232710584106293,50-75%
15.0,11.539411621848767,-3.4605883781512325,3.4605883781512325,50-75%
5.0,9.925711148400644,4.925711148400644,4.925711148400644,0-25%
5.0,9.867776303689073,4.867776303689073,4.867776303689073,0-25%
5.0,10.206010351502016,5.206010351502016,5.206010351502016,0-25%
5.0,10.141212286023926,5.141212286023926,5.141212286023926,0-25%
15.0,10.025509164551487,-4.974490835448513,4.974490835448513,50-75%
15.0,11.26293979043308,-3.73706020956692,3.73706020956692,50-75%
5.0,9.860252809552463,4.860252809552463,4.860252809552463,0-25%
5.0,9.803236222828573,4.803236222828573,4.803236222828573,0-25%
5.0,9.95837728111286,4.95837728111286,4.95837728111286,0-25%
15.0,10.196805259618143,-4.803194740381857,4.803194740381857,50-75%
15.0,9.89405573739526,-5.105944262604741,5.105944262604741,50-75%
6.0,10.038883405195394,4.038883405195394,4.038883405195394,25-50%
33.0,11.261239668666555,-21.738760331333445,21.738760331333445,75-100%
33.0,11.299980515890843,-21.700019484109156,21.700019484109156,75-100%
33.0,11.840542263292868,-21.159457736707132,21.159457736707132,75-100%
5.0,9.51098660592399,4.510986605923989,4.510986605923989,0-25%
6.0,10.431957078016055,4.431957078016055,4.431957078016055,25-50%
19.5,10.34286665379405,-9.15713334620595,9.15713334620595,75-100%
19.5,10.123268898806657,-9.376731101193343,9.376731101193343,75-100%
19.5,10.095049080991954,-9.404950919008046,9.404950919008046,75-100%
19.5,11.262540712361538,-8.237459287638462,8.237459287638462,75-100%
33.0,11.786867219384408,-21.21313278061559,21.21313278061559,75-100%
33.0,11.786867219384408,-21.21313278061559,21.21313278061559,75-100%
33.0,11.6832133599912,-21.3167866400088,21.3167866400088,75-100%
6.0,10.424488829003712,4.424488829003712,4.424488829003712,25-50%
6.0,10.423314296453054,4.423314296453054,4.423314296453054,25-50%
19.5,10.15287487182639,-9.34712512817361,9.34712512817361,75-100%
19.5,10.16769579085047,-9.33230420914953,9.33230420914953,75-100%
19.5,10.176089909602327,-9.323910090397673,9.323910090397673,75-100%
19.5,10.631668088219087,-8.868331911780913,8.868331911780913,75-100%
19.5,10.416435310350604,-9.083564689649396,9.083564689649396,75-100%
33.0,11.777477475348967,-21.222522524651033,21.222522524651033,75-100%
33.0,11.625206133449169,-21.37479386655083,21.37479386655083,75-100%
6.0,10.21372855140298,4.21372855140298,4.21372855140298,25-50%
19.5,10.434438645199979,-9.065561354800021,9.065561354800021,75-100%
19.5,10.131399414665744,-9.368600585334256,9.368600585334256,75-100%
19.5,10.13982589457179,-9.36017410542821,9.36017410542821,75-100%
19.5,10.22119378348163,-9.27880621651837,9.27880621651837,75-100%
19.5,10.153463918244654,-9.346536081755346,9.346536081755346,75-100%
33.0,9.797464934161807,-23.20253506583819,23.20253506583819,75-100%
33.0,10.184628906650424,-22.815371093349576,22.815371093349576,75-100%
7.0,10.236017319316236,3.236017319316236,3.236017319316236,25-50%
7.0,10.479072793853378,3.479072793853378,3.479072793853378,25-50%
7.0,10.437205779046895,3.437205779046895,3.437205779046895,25-50%
6.0,10.40208778074793,4.40208778074793,4.40208778074793,25-50%
6.0,10.27283903418131,4.27283903418131,4.27283903418131,25-50%
19.5,10.15287487182639,-9.34712512817361,9.34712512817361,75-100%
19.5,10.18836833341102,-9.31163166658898,9.31163166658898,75-100%
19.5,10.22119378348163,-9.27880621651837,9.27880621651837,75-100%
19.5,10.270090787626302,-9.229909212373698,9.229909212373698,75-100%
19.5,10.228426243195875,-9.271573756804125,9.271573756804125,75-100%
33.0,10.182640641330483,-22.817359358669517,22.817359358669517,75-100%
20.0,10.236017319316236,-9.763982680683764,9.763982680683764,75-100%
7.0,10.22323918604766,3.2232391860476604,3.2232391860476604,25-50%
7.0,10.182640641330483,3.182640641330483,3.182640641330483,25-50%
7.0,10.479072793853378,3.479072793853378,3.479072793853378,25-50%
7.0,10.437205779046895,3.437205779046895,3.437205779046895,25-50%
7.0,10.080403669069494,3.0804036690694936,3.0804036690694936,25-50%
7.0,9.960394587852424,2.9603945878524236,2.9603945878524236,25-50%
6.0,10.494000213453804,4.494000213453804,4.494000213453804,25-50%
6.0,10.360919226637975,4.360919226637975,4.360919226637975,25-50%
19.5,10.16769579085047,-9.33230420914953,9.33230420914953,75-100%
19.5,10.22119378348163,-9.27880621651837,9.27880621651837,75-100%
19.5,10.22119378348163,-9.27880621651837,9.27880621651837,75-100%
19.5,10.39156458902172,-9.10843541097828,9.10843541097828,75-100%
19.5,10.314671671777823,-9.185328328222177,9.185328328222177,75-100%
20.0,10.513883405880774,-9.486116594119226,9.486116594119226,75-100%
7.0,10.513883405880774,3.513883405880774,3.513883405880774,25-50%
7.0,10.228426243195875,3.228426243195875,3.228426243195875,25-50%
7.0,10.46266101356047,3.4626610135604707,3.4626610135604707,25-50%
7.0,10.46266101356047,3.4626610135604707,3.4626610135604707,25-50%
7.0,10.437205779046895,3.437205779046895,3.437205779046895,25-50%
7.0,10.070663414426988,3.0706634144269884,3.0706634144269884,25-50%
6.0,10.444131744187064,4.4441317441870645,4.4441317441870645,25-50%
6.0,10.305953647963479,4.305953647963479,4.305953647963479,25-50%
6.0,10.656466736145223,4.656466736145223,4.656466736145223,25-50%
7.0,10.41444293759832,3.41444293759832,3.41444293759832,25-50%
7.0,10.217956534484204,3.2179565344842036,3.2179565344842036,25-50%
7.0,10.335616281666383,3.3356162816663826,3.3356162816663826,25-50%
7.0,10.58865558201343,3.5886555820134305,3.5886555820134305,25-50%
7.0,10.479072793853378,3.479072793853378,3.479072793853378,25-50%
7.0,9.924841412820031,2.9248414128200313,2.9248414128200313,25-50%
7.0,10.405479990109479,3.4054799901094785,3.4054799901094785,25-50%
7.0,10.513883405880774,3.513883405880774,3.513883405880774,25-50%
7.0,10.58865558201343,3.5886555820134305,3.5886555820134305,25-50%
7.0,10.437548805777606,3.437548805777606,3.437548805777606,25-50%
7.0,10.437548805777606,3.437548805777606,3.437548805777606,25-50%
7.0,10.41444293759832,3.41444293759832,3.41444293759832,25-50%
7.0,10.492609415102825,3.492609415102825,3.492609415102825,25-50%
5.0,10.091698192015167,5.091698192015167,5.091698192015167,0-25%
5.0,10.113105167614235,5.1131051676142345,5.1131051676142345,0-25%
5.0,11.295613968385593,6.295613968385593,6.295613968385593,0-25%
5.0,11.295613968385593,6.295613968385593,6.295613968385593,0-25%
5.0,10.223096538655287,5.2230965386552874,5.2230965386552874,0-25%
5.0,10.24387163364369,5.243871633643691,5.243871633643691,0-25%
5.0,10.24387163364369,5.243871633643691,5.243871633643691,0-25%
5.0,11.295613968385593,6.295613968385593,6.295613968385593,0-25%
5.0,11.295613968385593,6.295613968385593,6.295613968385593,0-25%
5.0,10.223096538655287,5.2230965386552874,5.2230965386552874,0-25%
5.0,10.24387163364369,5.243871633643691,5.243871633643691,0-25%
5.0,11.318374402393635,6.318374402393635,6.318374402393635,0-25%
5.0,11.26425248913941,6.264252489139411,6.264252489139411,0-25%
5.0,11.26425248913941,6.264252489139411,6.264252489139411,0-25%
5.0,10.70657152715171,5.706571527151709,5.706571527151709,0-25%
5.0,10.644770868745347,5.644770868745347,5.644770868745347,0-25%
5.0,10.24387163364369,5.243871633643691,5.243871633643691,0-25%
5.0,10.140645645430848,5.140645645430848,5.140645645430848,0-25%
5.0,11.26425248913941,6.264252489139411,6.264252489139411,0-25%
5.0,10.349423729430445,5.349423729430445,5.349423729430445,0-25%
5.0,10.70657152715171,5.706571527151709,5.706571527151709,0-25%
5.0,10.290257520649956,5.290257520649956,5.290257520649956,0-25%
5.0,10.363719186380795,5.363719186380795,5.363719186380795,0-25%
5.0,10.24387163364369,5.243871633643691,5.243871633643691,0-25%
5.0,10.24387163364369,5.243871633643691,5.243871633643691,0-25%
5.0,11.182732307697428,6.182732307697428,6.182732307697428,0-25%
5.0,11.318374402393635,6.318374402393635,6.318374402393635,0-25%
5.0,11.26425248913941,6.264252489139411,6.264252489139411,0-25%
5.0,11.316770110139773,6.316770110139773,6.316770110139773,0-25%
5.0,11.26425248913941,6.264252489139411,6.264252489139411,0-25%
5.0,11.318374402393635,6.318374402393635,6.318374402393635,0-25%
5.0,11.300520058610335,6.300520058610335,6.300520058610335,0-25%
5.0,11.208252762808062,6.208252762808062,6.208252762808062,0-25%
5.0,11.300520058610335,6.300520058610335,6.300520058610335,0-25%
5.0,11.300520058610335,6.300520058610335,6.300520058610335,0-25%
5.0,11.300520058610335,6.300520058610335,6.300520058610335,0-25%
5.0,11.300520058610335,6.300520058610335,6.300520058610335,0-25%
5.0,11.450414491648697,6.450414491648697,6.450414491648697,0-25%
5.0,11.300520058610335,6.300520058610335,6.300520058610335,0-25%
5.0,11.51997556948262,6.51997556948262,6.51997556948262,0-25%
5.0,11.300520058610335,6.300520058610335,6.300520058610335,0-25%
5.0,11.053334474748574,6.053334474748574,6.053334474748574,0-25%
5.0,10.579076967269051,5.579076967269051,5.579076967269051,0-25%
5.0,11.450414491648697,6.450414491648697,6.450414491648697,0-25%
5.0,11.51997556948262,6.51997556948262,6.51997556948262,0-25%
5.0,11.450414491648697,6.450414491648697,6.450414491648697,0-25%
5.0,11.112234183250802,6.112234183250802,6.112234183250802,0-25%
5.0,11.078728546856812,6.078728546856812,6.078728546856812,0-25%
5.0,10.709999020550088,5.709999020550088,5.709999020550088,0-25%
5.0,10.498700406211924,5.498700406211924,5.498700406211924,0-25%
5.0,10.506287249095635,5.506287249095635,5.506287249095635,0-25%
5.0,10.411023223832794,5.411023223832794,5.411023223832794,0-25%
5.0,10.776108505980584,5.776108505980584,5.776108505980584,0-25%
5.0,10.720196023288718,5.720196023288718,5.720196023288718,0-25%
5.0,10.933308957125899,5.933308957125899,5.933308957125899,0-25%
5.0,11.078728546856812,6.078728546856812,6.078728546856812,0-25%
5.0,10.932141939589187,5.932141939589187,5.932141939589187,0-25%
5.0,10.513353275805919,5.513353275805919,5.513353275805919,0-25%
5.0,10.411023223832794,5.411023223832794,5.411023223832794,0-25%
5.0,10.582075958303593,5.582075958303593,5.582075958303593,0-25%
5.0,10.841902203123334,5.841902203123334,5.841902203123334,0-25%
5.0,10.646785586063727,5.646785586063727,5.646785586063727,0-25%
5.0,10.362055227919251,5.362055227919251,5.362055227919251,0-25%
5.0,10.34622484074363,5.346224840743631,5.346224840743631,0-25%
5.0,10.34622484074363,5.346224840743631,5.346224840743631,0-25%
5.0,10.411023223832794,5.411023223832794,5.411023223832794,0-25%
5.0,10.4388840919041,5.4388840919041,5.4388840919041,0-25%
5.0,10.375329566399298,5.375329566399298,5.375329566399298,0-25%
5.0,10.273246612435056,5.273246612435056,5.273246612435056,0-25%
5.0,10.13499004996109,5.13499004996109,5.13499004996109,0-25%
5.0,10.13499004996109,5.13499004996109,5.13499004996109,0-25%
5.0,10.294195269340097,5.294195269340097,5.294195269340097,0-25%
5.0,10.13499004996109,5.13499004996109,5.13499004996109,0-25%
5.0,10.224898127117813,5.224898127117813,5.224898127117813,0-25%
5.0,10.149179441054743,5.149179441054743,5.149179441054743,0-25%
5.0,10.149179441054743,5.149179441054743,5.149179441054743,0-25%
5.0,10.12513184867357,5.12513184867357,5.12513184867357,0-25%
5.0,10.12513184867357,5.12513184867357,5.12513184867357,0-25%
5.0,10.06008770647636,5.060087706476359,5.060087706476359,0-25%
20.0,10.199363713191788,-9.800636286808212,9.800636286808212,75-100%
20.0,10.437307218573416,-9.562692781426584,9.562692781426584,75-100%
20.0,10.265413045496677,-9.734586954503323,9.734586954503323,75-100%
17.5,10.494558939094953,-7.0054410609050475,7.0054410609050475,75-100%
17.5,10.437307218573416,-7.062692781426584,7.062692781426584,75-100%
20.0,10.617173563371024,-9.382826436628976,9.382826436628976,75-100%
20.0,10.494969010573739,-9.505030989426261,9.505030989426261,75-100%
20.0,10.282346542077061,-9.717653457922939,9.717653457922939,75-100%
7.0,11.475220482933564,4.475220482933564,4.475220482933564,25-50%
7.0,9.575154352088699,2.575154352088699,2.575154352088699,25-50%
17.5,10.504569780753865,-6.995430219246135,6.995430219246135,75-100%
17.5,10.437307218573416,-7.062692781426584,7.062692781426584,75-100%
17.5,10.955139137920401,-6.544860862079599,6.544860862079599,75-100%
20.0,11.371984906893713,-8.628015093106287,8.628015093106287,75-100%
20.0,10.364272825258618,-9.635727174741382,9.635727174741382,75-100%
7.0,11.768886587259185,4.7688865872591855,4.7688865872591855,25-50%
7.0,11.768886587259185,4.7688865872591855,4.7688865872591855,25-50%
7.0,9.731864568669275,2.731864568669275,2.731864568669275,25-50%
7.0,9.59366286574214,2.5936628657421394,2.5936628657421394,25-50%
7.0,9.575154352088699,2.575154352088699,2.575154352088699,25-50%
7.0,9.575154352088699,2.575154352088699,2.575154352088699,25-50%
7.0,10.095646076326307,3.0956460763263074,3.0956460763263074,25-50%
7.0,10.47051708577472,3.47051708577472,3.47051708577472,25-50%
7.0,10.464309512959735,3.464309512959735,3.464309512959735,25-50%
7.0,9.891108383540127,2.891108383540127,2.891108383540127,25-50%
17.5,10.267998517688113,-7.232001482311887,7.232001482311887,75-100%
17.5,10.545030111464158,-6.954969888535842,6.954969888535842,75-100%
17.5,10.508524883095069,-6.991475116904931,6.991475116904931,75-100%
7.0,11.772241829728115,4.772241829728115,4.772241829728115,25-50%
7.0,11.384948216176154,4.384948216176154,4.384948216176154,25-50%
7.0,9.476789679673871,2.476789679673871,2.476789679673871,25-50%
7.0,9.575154352088699,2.575154352088699,2.575154352088699,25-50%
7.0,9.636776404540342,2.636776404540342,2.636776404540342,25-50%
7.0,10.35062085061616,3.35062085061616,3.35062085061616,25-50%
7.0,10.65090569838507,3.6509056983850705,3.6509056983850705,25-50%
7.0,10.478015423702928,3.478015423702928,3.478015423702928,25-50%
7.0,10.50511429304127,3.50511429304127,3.50511429304127,25-50%
15.0,10.202119091913051,-4.797880908086949,4.797880908086949,50-75%
15.0,10.437307218573416,-4.562692781426584,4.562692781426584,50-75%
15.0,10.545030111464158,-4.454969888535842,4.454969888535842,50-75%
15.0,10.504569780753865,-4.495430219246135,4.495430219246135,50-75%
7.0,11.513097357483522,4.513097357483522,4.513097357483522,25-50%
7.0,11.818995875089165,4.818995875089165,4.818995875089165,25-50%
7.0,11.475220482933564,4.475220482933564,4.475220482933564,25-50%
7.0,9.151130292789036,2.151130292789036,2.151130292789036,25-50%
7.0,10.278633005909526,3.2786330059095263,3.2786330059095263,25-50%
7.0,10.129822213968918,3.129822213968918,3.129822213968918,25-50%
7.0,10.550465523832479,3.5504655238324787,3.5504655238324787,25-50%
5.0,10.50102155229824,5.501021552298241,5.501021552298241,0-25%
5.0,10.514771353337121,5.514771353337121,5.514771353337121,0-25%
5.0,10.682578656043143,5.682578656043143,5.682578656043143,0-25%
7.0,10.710296272661939,3.710296272661939,3.710296272661939,25-50%
7.0,10.620627399437076,3.620627399437076,3.620627399437076,25-50%
7.0,9.49037592647513,2.4903759264751297,2.4903759264751297,25-50%
12.5,10.02654869548272,-2.4734513045172797,2.4734513045172797,50-75%
15.0,10.202119091913051,-4.797880908086949,4.797880908086949,50-75%
15.0,10.569862830400616,-4.430137169599384,4.430137169599384,50-75%
12.5,10.616303595155017,-1.883696404844983,1.883696404844983,50-75%
7.0,10.99872361737482,3.9987236173748197,3.9987236173748197,25-50%
7.0,11.131453637388997,4.131453637388997,4.131453637388997,25-50%
7.0,11.464183822972666,4.464183822972666,4.464183822972666,25-50%
7.0,11.17752544584031,4.17752544584031,4.17752544584031,25-50%
7.0,9.483775212228714,2.4837752122287142,2.4837752122287142,25-50%
7.0,9.655392768402033,2.6553927684020326,2.6553927684020326,25-50%
7.0,10.294781302249998,3.294781302249998,3.294781302249998,25-50%
3.0,10.41177240454775,7.411772404547751,7.411772404547751,0-25%
5.0,10.165463128102289,5.165463128102289,5.165463128102289,0-25%
5.0,10.514721332791957,5.514721332791957,5.514721332791957,0-25%
5.0,10.799873531774114,5.799873531774114,5.799873531774114,0-25%
7.0,10.710296272661939,3.710296272661939,3.710296272661939,25-50%
7.0,10.710296272661939,3.710296272661939,3.710296272661939,25-50%
7.0,9.529420198018816,2.5294201980188156,2.5294201980188156,25-50%
12.5,10.067588555681587,-2.4324114443184133,2.4324114443184133,50-75%
12.5,10.437307218573416,-2.062692781426584,2.062692781426584,50-75%
12.5,10.530336927243233,-1.9696630727567666,1.9696630727567666,50-75%
7.0,11.513097357483522,4.513097357483522,4.513097357483522,25-50%
7.0,11.513097357483522,4.513097357483522,4.513097357483522,25-50%
7.0,9.896213209609606,2.8962132096096056,2.8962132096096056,25-50%
7.0,8.891088177138126,1.8910881771381263,1.8910881771381263,25-50%
5.0,9.382951989121459,4.382951989121459,4.382951989121459,0-25%
5.0,10.253586444049386,5.253586444049386,5.253586444049386,0-25%
3.0,10.599041933549849,7.599041933549849,7.599041933549849,0-25%
3.5,10.444001910603557,6.944001910603557,6.944001910603557,0-25%
4.666666666666667,10.473776603485147,5.80710993681848,5.80710993681848,0-25%
5.0,10.569217034142047,5.5692170341420475,5.5692170341420475,0-25%
7.0,10.620627399437076,3.620627399437076,3.620627399437076,25-50%
7.0,9.61066893033022,2.6106689303302204,2.6106689303302204,25-50%
12.5,10.067588555681587,-2.4324114443184133,2.4324114443184133,50-75%
12.5,10.437307218573416,-2.062692781426584,2.062692781426584,50-75%
10.0,10.594757486493315,0.5947574864933145,0.5947574864933145,50-75%
7.0,9.754291064815959,2.754291064815959,2.754291064815959,25-50%
7.0,9.374173298375915,2.374173298375915,2.374173298375915,25-50%
3.0,10.195904043923115,7.195904043923115,7.195904043923115,0-25%
3.5,10.164959411453012,6.664959411453012,6.664959411453012,0-25%
3.5,10.217258299694779,6.7172582996947785,6.7172582996947785,0-25%
4.666666666666667,10.651619400568961,5.984952733902294,5.984952733902294,0-25%
4.666666666666667,10.641480601890533,5.9748139352238665,5.9748139352238665,0-25%
7.0,10.09776149720881,3.0977614972088094,3.0977614972088094,25-50%
7.0,10.18339575210465,3.1833957521046496,3.1833957521046496,25-50%
10.0,10.067588555681587,0.06758855568158673,0.06758855568158673,50-75%
10.0,10.437307218573416,0.4373072185734159,0.4373072185734159,50-75%
10.0,10.437307218573416,0.4373072185734159,0.4373072185734159,50-75%
10.0,10.466550449241897,0.4665504492418968,0.4665504492418968,50-75%
9.0,11.20784119581872,2.2078411958187196,2.2078411958187196,50-75%
9.0,10.261532984615178,1.2615329846151777,1.2615329846151777,50-75%
9.0,9.94730319968241,0.9473031996824108,0.9473031996824108,50-75%
9.0,10.013179849938822,1.0131798499388225,1.0131798499388225,50-75%
3.5,9.949807118604499,6.4498071186044985,6.4498071186044985,0-25%
3.5,10.416751311618313,6.916751311618313,6.916751311618313,0-25%
3.5,10.290116259867876,6.790116259867876,6.790116259867876,0-25%
3.5,10.313385844052524,6.813385844052524,6.813385844052524,0-25%
3.5,10.367934666608518,6.867934666608518,6.867934666608518,0-25%
4.666666666666667,10.572873382647224,5.906206715980557,5.906206715980557,0-25%
4.666666666666667,10.562803105776364,5.896136439109697,5.896136439109697,0-25%
5.5,10.203464342871708,4.703464342871708,4.703464342871708,25-50%
4.0,10.656654148426377,6.656654148426377,6.656654148426377,0-25%
4.0,10.588502410515572,6.588502410515572,6.588502410515572,0-25%
4.0,10.350205220395306,6.350205220395306,6.350205220395306,0-25%
10.0,10.202119091913051,0.2021190919130511,0.2021190919130511,50-75%
10.0,10.437307218573416,0.4373072185734159,0.4373072185734159,50-75%
9.0,10.888716295521625,1.8887162955216255,1.8887162955216255,50-75%
9.0,11.140014338897656,2.1400143388976556,2.1400143388976556,50-75%
9.0,10.360303255651731,1.360303255651731,1.360303255651731,50-75%
9.0,10.391650633404884,1.3916506334048844,1.3916506334048844,50-75%
9.0,10.185147530003757,1.185147530003757,1.185147530003757,50-75%
9.0,9.89928957919065,0.8992895791906506,0.8992895791906506,50-75%
9.0,9.783300684053707,0.7833006840537067,0.7833006840537067,50-75%
3.5,9.59366286574214,6.0936628657421394,6.0936628657421394,0-25%
3.5,10.135233790103076,6.635233790103076,6.635233790103076,0-25%
3.5,10.313385844052524,6.813385844052524,6.813385844052524,0-25%
4.0,10.10088045163953,6.100880451639529,6.100880451639529,0-25%
4.0,10.096936620139001,6.096936620139001,6.096936620139001,0-25%
4.0,10.058315304022301,6.058315304022301,6.058315304022301,0-25%
4.0,10.354575525355528,6.3545755253555285,6.3545755253555285,0-25%
4.0,10.354575525355528,6.3545755253555285,6.3545755253555285,0-25%
4.0,10.588502410515572,6.588502410515572,6.588502410515572,0-25%
4.0,10.588502410515572,6.588502410515572,6.588502410515572,0-25%
4.0,10.588502410515572,6.588502410515572,6.588502410515572,0-25%
4.0,10.588502410515572,6.588502410515572,6.588502410515572,0-25%
4.0,10.416955537564185,6.416955537564185,6.416955537564185,0-25%
4.0,10.17231387557386,6.17231387557386,6.17231387557386,0-25%
9.0,10.616303595155017,1.616303595155017,1.616303595155017,50-75%
9.0,10.109354440402997,1.1093544404029974,1.1093544404029974,50-75%
9.0,10.360303255651731,1.360303255651731,1.360303255651731,50-75%
9.0,9.907941064983763,0.9079410649837634,0.9079410649837634,50-75%
9.0,9.796685459681786,0.7966854596817861,0.7966854596817861,50-75%
9.0,9.970087334279125,0.9700873342791247,0.9700873342791247,50-75%
4.0,9.655392768402033,5.655392768402033,5.655392768402033,0-25%
4.0,10.192067320126709,6.192067320126709,6.192067320126709,0-25%
4.0,10.048790871703341,6.048790871703341,6.048790871703341,0-25%
4.0,10.656654148426377,6.656654148426377,6.656654148426377,0-25%
4.0,10.588502410515572,6.588502410515572,6.588502410515572,0-25%
4.0,10.416955537564185,6.416955537564185,6.416955537564185,0-25%
4.0,10.17231387557386,6.17231387557386,6.17231387557386,0-25%
9.0,10.414464597291822,1.414464597291822,1.414464597291822,50-75%
9.0,10.339313032095012,1.3393130320950117,1.3393130320950117,50-75%
9.0,10.360303255651731,1.360303255651731,1.360303255651731,50-75%
9.0,10.437884881319057,1.4378848813190572,1.4378848813190572,50-75%
9.0,10.360303255651731,1.360303255651731,1.360303255651731,50-75%
9.0,10.16494368812165,1.1649436881216495,1.1649436881216495,50-75%
9.0,10.052950453279555,1.0529504532795553,1.0529504532795553,50-75%
4.0,9.575154352088699,5.575154352088699,5.575154352088699,0-25%
4.0,9.575154352088699,5.575154352088699,5.575154352088699,0-25%
4.0,9.685721700401231,5.685721700401231,5.685721700401231,0-25%
4.0,10.003054631877133,6.0030546318771325,6.0030546318771325,0-25%
4.0,10.656654148426377,6.656654148426377,6.656654148426377,0-25%
4.0,10.416955537564185,6.416955537564185,6.416955537564185,0-25%
9.0,10.339313032095012,1.3393130320950117,1.3393130320950117,50-75%
9.0,10.360303255651731,1.360303255651731,1.360303255651731,50-75%
9.0,10.360303255651731,1.360303255651731,1.360303255651731,50-75%
9.0,10.360303255651731,1.360303255651731,1.360303255651731,50-75%
9.0,10.437884881319057,1.4378848813190572,1.4378848813190572,50-75%
9.0,10.492479884210578,1.492479884210578,1.492479884210578,50-75%
9.0,10.177320217299988,1.1773202172999877,1.1773202172999877,50-75%
4.0,10.588502410515572,6.588502410515572,6.588502410515572,0-25%
4.0,10.588502410515572,6.588502410515572,6.588502410515572,0-25%
9.0,10.360303255651731,1.360303255651731,1.360303255651731,50-75%
9.0,10.089213385640344,1.0892133856403436,1.0892133856403436,50-75%
9.0,10.27118965489235,1.2711896548923498,1.2711896548923498,50-75%
9.0,10.177350989596171,1.177350989596171,1.177350989596171,50-75%
5.0,10.539385650881197,5.539385650881197,5.539385650881197,0-25%
5.0,10.360723680573878,5.360723680573878,5.360723680573878,0-25%
5.0,10.316739325292362,5.316739325292362,5.316739325292362,0-25%
5.0,10.077116900791921,5.077116900791921,5.077116900791921,0-25%
5.0,10.279347963951482,5.279347963951482,5.279347963951482,0-25%
6.5,10.279347963951482,3.7793479639514818,3.7793479639514818,25-50%
8.0,10.16646425385344,2.166464253853441,2.166464253853441,25-50%
8.0,10.420896110785318,2.4208961107853177,2.4208961107853177,25-50%
5.0,10.588502410515572,5.588502410515572,5.588502410515572,0-25%
5.0,10.279347963951482,5.279347963951482,5.279347963951482,0-25%
5.0,10.170432795351097,5.170432795351097,5.170432795351097,0-25%
6.5,10.046569226046515,3.5465692260465147,3.5465692260465147,25-50%
6.5,10.197452625297508,3.697452625297508,3.697452625297508,25-50%
6.5,10.244068690022907,3.7440686900229068,3.7440686900229068,25-50%
8.0,10.502947921377682,2.5029479213776824,2.5029479213776824,25-50%
6.0,10.656654148426377,4.656654148426377,4.656654148426377,25-50%
6.0,10.588502410515572,4.588502410515572,4.588502410515572,25-50%
5.5,10.279347963951482,4.779347963951482,4.779347963951482,25-50%
5.0,10.120169924393023,5.120169924393023,5.120169924393023,0-25%
5.0,10.08034512307663,5.080345123076629,5.080345123076629,0-25%
5.0,10.146012545955074,5.146012545955074,5.146012545955074,0-25%
6.5,10.244068690022907,3.7440686900229068,3.7440686900229068,25-50%
6.5,10.244068690022907,3.7440686900229068,3.7440686900229068,25-50%
6.5,10.06394891527572,3.56394891527572,3.56394891527572,25-50%
6.5,10.146012545955074,3.646012545955074,3.646012545955074,25-50%
8.0,10.408848898633599,2.4088488986335985,2.4088488986335985,25-50%
8.0,10.408848898633599,2.4088488986335985,2.4088488986335985,25-50%
8.0,10.588267699801502,2.588267699801502,2.588267699801502,25-50%
6.0,10.321731546685797,4.321731546685797,4.321731546685797,25-50%
5.5,10.279347963951482,4.779347963951482,4.779347963951482,25-50%
5.5,10.249288262310063,4.749288262310063,4.749288262310063,25-50%
5.0,10.146012545955074,5.146012545955074,5.146012545955074,0-25%
5.0,10.249288262310063,5.249288262310063,5.249288262310063,0-25%
6.5,10.249288262310063,3.7492882623100634,3.7492882623100634,25-50%
6.5,10.979153351283413,4.479153351283413,4.479153351283413,25-50%
6.5,11.224344149648141,4.724344149648141,4.724344149648141,25-50%
6.5,11.224344149648141,4.724344149648141,4.724344149648141,25-50%
8.0,10.156711804786976,2.156711804786976,2.156711804786976,25-50%
8.0,10.156711804786976,2.156711804786976,2.156711804786976,25-50%
8.0,10.156711804786976,2.156711804786976,2.156711804786976,25-50%
6.0,10.120169924393023,4.120169924393023,4.120169924393023,25-50%
6.0,10.249288262310063,4.249288262310063,4.249288262310063,25-50%
5.5,10.146012545955074,4.646012545955074,4.646012545955074,25-50%
5.5,10.972652922810145,5.472652922810145,5.472652922810145,25-50%
5.0,11.373310301229242,6.3733103012292425,6.3733103012292425,0-25%
6.5,11.224344149648141,4.724344149648141,4.724344149648141,25-50%
6.5,11.373310301229242,4.8733103012292425,4.8733103012292425,25-50%
6.5,11.224344149648141,4.724344149648141,4.724344149648141,25-50%
8.0,11.224344149648141,3.2243441496481413,3.2243441496481413,25-50%
8.0,11.442440594160809,3.442440594160809,3.442440594160809,25-50%
8.0,10.260086657368106,2.260086657368106,2.260086657368106,25-50%
8.0,10.260086657368106,2.260086657368106,2.260086657368106,25-50%
6.0,10.646726730183975,4.646726730183975,4.646726730183975,25-50%
6.0,10.781886872284598,4.781886872284598,4.781886872284598,25-50%
6.0,11.192875308241089,5.192875308241089,5.192875308241089,25-50%
6.0,11.442440594160809,5.442440594160809,5.442440594160809,25-50%
6.0,11.413934808023884,5.413934808023884,5.413934808023884,25-50%
6.0,10.972652922810145,4.972652922810145,4.972652922810145,25-50%
5.0,11.033569604126917,6.033569604126917,6.033569604126917,0-25%
5.0,11.373310301229242,6.3733103012292425,6.3733103012292425,0-25%
8.0,11.373310301229242,3.3733103012292425,3.3733103012292425,25-50%
8.0,11.373310301229242,3.3733103012292425,3.3733103012292425,25-50%
8.0,11.373310301229242,3.3733103012292425,3.3733103012292425,25-50%
8.0,11.442440594160809,3.442440594160809,3.442440594160809,25-50%
8.0,10.260086657368106,2.260086657368106,2.260086657368106,25-50%
6.0,10.649812599915736,4.649812599915736,4.649812599915736,25-50%
6.0,10.37782883445143,4.37782883445143,4.37782883445143,25-50%
6.0,11.438297074001447,5.438297074001447,5.438297074001447,25-50%
6.0,11.438297074001447,5.438297074001447,5.438297074001447,25-50%
6.0,11.19633802517787,5.1963380251778695,5.1963380251778695,25-50%
6.0,11.438297074001447,5.438297074001447,5.438297074001447,25-50%
6.0,11.438297074001447,5.438297074001447,5.438297074001447,25-50%
6.0,10.347092018986313,4.347092018986313,4.347092018986313,25-50%
6.0,10.378702344622239,4.378702344622239,4.378702344622239,25-50%
6.0,11.438297074001447,5.438297074001447,5.438297074001447,25-50%
6.0,11.438297074001447,5.438297074001447,5.438297074001447,25-50%
6.0,11.438297074001447,5.438297074001447,5.438297074001447,25-50%
6.0,11.413934808023884,5.413934808023884,5.413934808023884,25-50%
24.0,10.27423852358493,-13.72576147641507,13.72576147641507,75-100%
24.0,10.378702344622239,-13.621297655377761,13.621297655377761,75-100%
24.0,10.27423852358493,-13.72576147641507,13.72576147641507,75-100%
24.0,10.27423852358493,-13.72576147641507,13.72576147641507,75-100%
24.0,10.37541221959302,-13.62458778040698,13.62458778040698,75-100%
24.0,10.52903167289355,-13.47096832710645,13.47096832710645,75-100%
24.0,10.27423852358493,-13.72576147641507,13.72576147641507,75-100%
24.0,10.378702344622239,-13.621297655377761,13.621297655377761,75-100%
24.0,10.412148694596272,-13.587851305403728,13.587851305403728,75-100%
24.0,10.32812560993977,-13.67187439006023,13.67187439006023,75-100%
24.0,10.37541221959302,-13.62458778040698,13.62458778040698,75-100%
24.0,10.484878635119747,-13.515121364880253,13.515121364880253,75-100%
24.0,10.412148694596272,-13.587851305403728,13.587851305403728,75-100%
24.0,10.224126115923285,-13.775873884076715,13.775873884076715,75-100%
24.0,10.245788677392671,-13.754211322607329,13.754211322607329,75-100%
24.0,10.318514545696647,-13.681485454303353,13.681485454303353,75-100%
24.0,10.270978604023949,-13.729021395976051,13.729021395976051,75-100%
24.0,10.588267699801502,-13.411732300198498,13.411732300198498,75-100%
24.0,10.502947921377682,-13.497052078622318,13.497052078622318,75-100%
24.0,10.578093871427487,-13.421906128572513,13.421906128572513,75-100%
24.0,10.260332025618974,-13.739667974381026,13.739667974381026,75-100%
24.0,10.245788677392671,-13.754211322607329,13.754211322607329,75-100%
24.0,10.37782883445143,-13.62217116554857,13.62217116554857,75-100%
24.0,10.12401408084661,-13.87598591915339,13.87598591915339,75-100%
24.0,10.328387340508897,-13.671612659491103,13.671612659491103,75-100%
24.0,10.38159058426143,-13.61840941573857,13.61840941573857,75-100%
24.0,10.387753367307567,-13.612246632692433,13.612246632692433,75-100%
24.0,10.387753367307567,-13.612246632692433,13.612246632692433,75-100%
24.0,10.646726730183975,-13.353273269816025,13.353273269816025,75-100%
24.0,10.156711804786976,-13.843288195213024,13.843288195213024,75-100%
24.0,10.284528179106742,-13.715471820893258,13.715471820893258,75-100%
24.0,10.54013339332861,-13.45986660667139,13.45986660667139,75-100%
24.0,10.54013339332861,-13.45986660667139,13.45986660667139,75-100%
24.0,10.663642634913828,-13.336357365086172,13.336357365086172,75-100%
24.0,10.76387003708167,-13.23612996291833,13.23612996291833,75-100%
8.0,10.734936240199753,2.734936240199753,2.734936240199753,25-50%
8.0,10.526244102005274,2.5262441020052737,2.5262441020052737,25-50%
8.0,9.85347249179663,1.85347249179663,1.85347249179663,25-50%
8.0,9.626074200261842,1.6260742002618418,1.6260742002618418,25-50%
8.0,9.845649710292179,1.8456497102921787,1.8456497102921787,25-50%
8.0,10.678220848244603,2.678220848244603,2.678220848244603,25-50%
8.0,11.05940878129847,3.0594087812984707,3.0594087812984707,25-50%
8.0,10.562632815811837,2.5626328158118366,2.5626328158118366,25-50%
8.0,10.69261762315167,2.692617623151669,2.692617623151669,25-50%
8.0,10.95900777138317,2.9590077713831704,2.9590077713831704,25-50%
8.0,11.06256013627032,3.0625601362703208,3.0625601362703208,25-50%
8.0,9.933880220923545,1.9338802209235446,1.9338802209235446,25-50%
8.0,10.678271579040121,2.6782715790401213,2.6782715790401213,25-50%
8.0,11.05940878129847,3.0594087812984707,3.0594087812984707,25-50%
8.0,10.735419598093127,2.7354195980931273,2.7354195980931273,25-50%
8.0,10.735419598093127,2.7354195980931273,2.7354195980931273,25-50%
8.0,10.735419598093127,2.7354195980931273,2.7354195980931273,25-50%
8.0,10.484716616361375,2.484716616361375,2.484716616361375,25-50%
8.0,10.425055971517834,2.4250559715178337,2.4250559715178337,25-50%
8.0,10.65147758952127,2.6514775895212708,2.6514775895212708,25-50%
8.0,11.021456665910103,3.0214566659101028,3.0214566659101028,25-50%
8.0,10.735419598093127,2.7354195980931273,2.7354195980931273,25-50%
8.0,10.655819834696725,2.6558198346967252,2.6558198346967252,25-50%
8.0,10.655819834696725,2.6558198346967252,2.6558198346967252,25-50%
8.0,10.519640673204794,2.519640673204794,2.519640673204794,25-50%
8.0,10.053638541543574,2.053638541543574,2.053638541543574,25-50%
8.0,10.718641315426243,2.718641315426243,2.718641315426243,25-50%
8.0,11.021456665910103,3.0214566659101028,3.0214566659101028,25-50%
8.0,10.655819834696725,2.6558198346967252,2.6558198346967252,25-50%
8.0,10.519640673204794,2.519640673204794,2.519640673204794,25-50%
8.0,9.899182364239602,1.8991823642396017,1.8991823642396017,25-50%
8.0,10.828048621288996,2.828048621288996,2.828048621288996,25-50%
8.0,10.526244102005274,2.5262441020052737,2.5262441020052737,25-50%
8.0,10.942728199956036,2.9427281999560364,2.9427281999560364,25-50%
8.0,10.280754666454325,2.2807546664543246,2.2807546664543246,25-50%
11.0,9.899182364239602,-1.1008176357603983,1.1008176357603983,50-75%
11.0,10.466243861386,-0.5337561386140006,0.5337561386140006,50-75%
11.0,10.059478531265581,-0.9405214687344188,0.9405214687344188,50-75%
11.0,10.123124919802489,-0.8768750801975109,0.8768750801975109,50-75%
11.0,9.96849852584294,-1.0315014741570607,1.0315014741570607,50-75%
11.0,10.334902211733677,-0.6650977882663227,0.6650977882663227,50-75%
11.0,10.479104381100118,-0.5208956188998819,0.5208956188998819,50-75%
11.0,10.038987039804994,-0.9610129601950064,0.9610129601950064,50-75%
11.0,10.123124919802489,-0.8768750801975109,0.8768750801975109,50-75%
11.0,10.32878454920235,-0.67121545079765,0.67121545079765,50-75%
11.0,10.604958968602443,-0.3950410313975574,0.3950410313975574,50-75%
13.0,10.348074887194642,-2.6519251128053583,2.6519251128053583,50-75%
13.0,10.479104381100118,-2.520895618899882,2.520895618899882,50-75%
11.0,10.213000595821992,-0.7869994041780082,0.7869994041780082,50-75%
11.0,10.539951672361056,-0.460048327638944,0.460048327638944,50-75%
11.0,10.524708440495608,-0.4752915595043916,0.4752915595043916,50-75%
13.0,10.57560144521415,-2.4243985547858493,2.4243985547858493,50-75%
15.0,10.645205985349671,-4.354794014650329,4.354794014650329,50-75%
15.0,10.621359512221444,-4.378640487778556,4.378640487778556,50-75%
11.0,10.655819834696725,-0.3441801653032748,0.3441801653032748,50-75%
11.0,10.861722290360907,-0.1382777096390928,0.1382777096390928,50-75%
13.0,10.69261762315167,-2.307382376848331,2.307382376848331,50-75%
13.0,10.57560144521415,-2.4243985547858493,2.4243985547858493,50-75%
13.0,10.544685430201666,-2.4553145697983343,2.4553145697983343,50-75%
13.0,10.359937773107038,-2.6400622268929617,2.6400622268929617,50-75%
13.0,10.40754408590905,-2.5924559140909498,2.5924559140909498,50-75%
15.0,10.44558639483623,-4.55441360516377,4.55441360516377,50-75%
15.0,10.41879551137596,-4.58120448862404,4.58120448862404,50-75%
15.0,10.340228194662506,-4.659771805337494,4.659771805337494,50-75%
13.0,10.942728199956036,-2.0572718000439636,2.0572718000439636,50-75%
15.0,10.327753438472605,-4.672246561527395,4.672246561527395,50-75%
15.0,10.228827584590185,-4.771172415409815,4.771172415409815,50-75%
15.0,10.294135226737996,-4.705864773262004,4.705864773262004,50-75%
10.5,10.899170119320367,0.3991701193203667,0.3991701193203667,50-75%
10.5,10.989632797559546,0.4896327975595458,0.4896327975595458,50-75%
10.5,10.650536990769066,0.15053699076906568,0.15053699076906568,50-75%
15.0,10.297093240617656,-4.702906759382344,4.702906759382344,50-75%
15.0,10.259574408609943,-4.740425591390057,4.740425591390057,50-75%
15.0,10.228827584590185,-4.771172415409815,4.771172415409815,50-75%
15.0,10.228827584590185,-4.771172415409815,4.771172415409815,50-75%
6.0,12.138229861551288,6.138229861551288,6.138229861551288,25-50%
10.5,10.69261762315167,0.1926176231516692,0.1926176231516692,50-75%
10.5,10.57560144521415,0.07560144521415069,0.07560144521415069,50-75%
10.5,10.491663651193939,-0.008336348806061267,0.008336348806061267,50-75%
15.0,10.228827584590185,-4.771172415409815,4.771172415409815,50-75%
6.0,11.73074462786283,5.73074462786283,5.73074462786283,25-50%
6.0,11.701535901569947,5.701535901569947,5.701535901569947,25-50%
6.0,11.73527956928484,5.73527956928484,5.73527956928484,25-50%
10.5,10.41878191130387,-0.08121808869612934,0.08121808869612934,50-75%
6.0,10.322184382268514,4.322184382268514,4.322184382268514,25-50%
6.0,11.597012879639285,5.597012879639285,5.597012879639285,25-50%
6.0,12.138229861551288,6.138229861551288,6.138229861551288,25-50%
6.0,12.158498153303311,6.158498153303311,6.158498153303311,25-50%
6.0,10.41878191130387,4.418781911303871,4.418781911303871,25-50%
6.0,10.382845910082612,4.382845910082612,4.382845910082612,25-50%
6.0,10.452133209969855,4.452133209969855,4.452133209969855,25-50%
6.0,12.319255074306055,6.319255074306055,6.319255074306055,25-50%
6.0,10.56605581898854,4.56605581898854,4.56605581898854,25-50%
6.0,10.547149575523623,4.547149575523623,4.547149575523623,25-50%
6.0,10.909377478855932,4.909377478855932,4.909377478855932,25-50%
6.0,10.41878191130387,4.418781911303871,4.418781911303871,25-50%
6.0,10.356732497616576,4.356732497616576,4.356732497616576,25-50%
6.0,10.356732497616576,4.356732497616576,4.356732497616576,25-50%
6.0,12.322754935470488,6.322754935470488,6.322754935470488,25-50%
7.0,10.249427681912781,3.249427681912781,3.249427681912781,25-50%
7.0,10.306026119335854,3.306026119335854,3.306026119335854,25-50%
7.0,9.838745929597465,2.838745929597465,2.838745929597465,25-50%
6.0,10.382845910082612,4.382845910082612,4.382845910082612,25-50%
6.0,10.47756548076424,4.477565480764239,4.477565480764239,25-50%
6.0,10.382845910082612,4.382845910082612,4.382845910082612,25-50%
7.0,10.174503693912186,3.174503693912186,3.174503693912186,25-50%
7.0,10.314978765101358,3.3149787651013582,3.3149787651013582,25-50%
7.0,9.992345640759964,2.9923456407599645,2.9923456407599645,25-50%
6.0,10.382845910082612,4.382845910082612,4.382845910082612,25-50%
7.0,10.343602754882657,3.3436027548826566,3.3436027548826566,25-50%
7.0,10.286681573331865,3.2866815733318653,3.2866815733318653,25-50%
7.0,10.287716814495969,3.287716814495969,3.287716814495969,25-50%
7.0,9.970260853823763,2.9702608538237634,2.9702608538237634,25-50%
7.0,9.970260853823763,2.9702608538237634,2.9702608538237634,25-50%
7.0,10.19476099544218,3.1947609954421807,3.1947609954421807,25-50%
7.0,10.104063771716476,3.1040637717164756,3.1040637717164756,25-50%
7.0,10.302592737279063,3.3025927372790633,3.3025927372790633,25-50%
7.0,10.302592737279063,3.3025927372790633,3.3025927372790633,25-50%
7.0,10.093167632970488,3.093167632970488,3.093167632970488,25-50%
7.0,10.153930936014191,3.1539309360141914,3.1539309360141914,25-50%
7.0,10.118828446199437,3.118828446199437,3.118828446199437,25-50%
7.0,10.302592737279063,3.3025927372790633,3.3025927372790633,25-50%
7.0,10.302592737279063,3.3025927372790633,3.3025927372790633,25-50%
7.0,10.06126963453059,3.061269634530589,3.061269634530589,25-50%
7.0,10.302592737279063,3.3025927372790633,3.3025927372790633,25-50%
7.0,10.14096629802103,3.1409662980210307,3.1409662980210307,25-50%
11.0,10.080519302976278,-0.9194806970237224,0.9194806970237224,50-75%
11.0,10.313154446015627,-0.686845553984373,0.686845553984373,50-75%
11.0,10.419707999343764,-0.580292000656236,0.580292000656236,50-75%
11.0,9.906854735521188,-1.093145264478812,1.093145264478812,50-75%
11.0,10.080519302976278,-0.9194806970237224,0.9194806970237224,50-75%
11.0,10.444271157373342,-0.5557288426266584,0.5557288426266584,50-75%
11.0,9.947449105157311,-1.052550894842689,1.052550894842689,50-75%
11.0,10.313154446015627,-0.686845553984373,0.686845553984373,50-75%
22.0,10.618767952731215,-11.381232047268785,11.381232047268785,75-100%
33.0,9.70409969449836,-23.29590030550164,23.29590030550164,75-100%
11.0,9.947449105157311,-1.052550894842689,1.052550894842689,50-75%
22.0,10.525024759920353,-11.474975240079647,11.474975240079647,75-100%
22.0,10.683682580468016,-11.316317419531984,11.316317419531984,75-100%
33.0,10.794413582798883,-22.20558641720112,22.20558641720112,75-100%
33.0,10.685587259472143,-22.314412740527857,22.314412740527857,75-100%
33.0,9.672327237615493,-23.32767276238451,23.32767276238451,75-100%
33.0,9.51370670607485,-23.48629329392515,23.48629329392515,75-100%
9.0,9.7651313248981,0.7651313248980998,0.7651313248980998,50-75%
9.0,9.964076526814962,0.9640765268149618,0.9640765268149618,50-75%
9.0,9.745676564498691,0.7456765644986909,0.7456765644986909,50-75%
9.0,9.759014639175625,0.759014639175625,0.759014639175625,50-75%
9.0,9.887870801190319,0.8878708011903189,0.8878708011903189,50-75%
9.0,10.331700117949762,1.3317001179497616,1.3317001179497616,50-75%
11.0,9.947449105157311,-1.052550894842689,1.052550894842689,50-75%
22.0,10.525024759920353,-11.474975240079647,11.474975240079647,75-100%
22.0,10.525024759920353,-11.474975240079647,11.474975240079647,75-100%
22.0,10.55449226928016,-11.44550773071984,11.44550773071984,75-100%
33.0,11.169375094896923,-21.83062490510308,21.83062490510308,75-100%
33.0,10.801572958366656,-22.198427041633344,22.198427041633344,75-100%
21.0,9.745210546988064,-11.254789453011936,11.254789453011936,75-100%
21.0,9.445387671732085,-11.554612328267915,11.554612328267915,75-100%
9.0,9.7651313248981,0.7651313248980998,0.7651313248980998,50-75%
9.0,9.672310707121554,0.6723107071215537,0.6723107071215537,50-75%
9.0,9.85254199535764,0.8525419953576403,0.8525419953576403,50-75%
9.0,9.931811495601618,0.9318114956016181,0.9318114956016181,50-75%
9.0,9.832753909226122,0.8327539092261222,0.8327539092261222,50-75%
22.0,10.288032876149124,-11.711967123850876,11.711967123850876,75-100%
22.0,10.250004155827721,-11.749995844172279,11.749995844172279,75-100%
33.0,10.278768484726399,-22.7212315152736,22.7212315152736,75-100%
33.0,10.694020731984635,-22.305979268015363,22.305979268015363,75-100%
33.0,10.736003330809181,-22.263996669190817,22.263996669190817,75-100%
33.0,10.082761625859334,-22.917238374140666,22.917238374140666,75-100%
21.0,9.869362519373574,-11.130637480626426,11.130637480626426,75-100%
21.0,9.672327237615493,-11.327672762384507,11.327672762384507,75-100%
9.0,9.86126076165071,0.8612607616507102,0.8612607616507102,50-75%
9.0,9.745676564498691,0.7456765644986909,0.7456765644986909,50-75%
9.0,9.77893067129213,0.7789306712921302,0.7789306712921302,50-75%
9.0,9.931811495601618,0.9318114956016181,0.9318114956016181,50-75%
9.0,9.857662497240678,0.8576624972406783,0.8576624972406783,50-75%
9.0,9.99889104485996,0.9988910448599597,0.9988910448599597,50-75%
33.0,10.250004155827721,-22.74999584417228,22.74999584417228,75-100%
33.0,10.362859535222022,-22.63714046477798,22.63714046477798,75-100%
33.0,10.173838109412298,-22.826161890587702,22.826161890587702,75-100%
33.0,9.806416150189484,-23.193583849810516,23.193583849810516,75-100%
9.0,10.082761625859334,1.0827616258593338,1.0827616258593338,50-75%
9.0,9.901594770345064,0.9015947703450635,0.9015947703450635,50-75%
9.0,9.759014639175625,0.759014639175625,0.759014639175625,50-75%
9.0,9.931811495601618,0.9318114956016181,0.9318114956016181,50-75%
9.0,9.931811495601618,0.9318114956016181,0.9318114956016181,50-75%
9.0,10.068612891548824,1.068612891548824,1.068612891548824,50-75%
9.0,10.048161618917453,1.0481616189174527,1.0481616189174527,50-75%
33.0,9.991725381725793,-23.008274618274207,23.008274618274207,75-100%
33.0,10.135599761006409,-22.86440023899359,22.86440023899359,75-100%
33.0,10.062284210871589,-22.93771578912841,22.93771578912841,75-100%
9.0,10.158447868072091,1.1584478680720913,1.1584478680720913,50-75%
9.0,10.082761625859334,1.0827616258593338,1.0827616258593338,50-75%
9.0,10.158447868072091,1.1584478680720913,1.1584478680720913,50-75%
9.0,10.014385496085621,1.0143854960856213,1.0143854960856213,50-75%
9.0,10.229899041304337,1.2298990413043374,1.2298990413043374,50-75%
9.0,10.21170906976658,1.2117090697665809,1.2117090697665809,50-75%
9.0,10.170817196523886,1.1708171965238865,1.1708171965238865,50-75%
9.0,10.082761625859334,1.0827616258593338,1.0827616258593338,50-75%
9.0,10.098427476504785,1.098427476504785,1.098427476504785,50-75%
6.0,10.171798252068697,4.171798252068697,4.171798252068697,25-50%
6.0,10.171798252068697,4.171798252068697,4.171798252068697,25-50%
6.0,10.171798252068697,4.171798252068697,4.171798252068697,25-50%
6.0,9.9988275629889,3.9988275629889003,3.9988275629889003,25-50%
6.0,10.078179443771806,4.0781794437718055,4.0781794437718055,25-50%
6.0,10.105138152302926,4.105138152302926,4.105138152302926,25-50%
6.0,10.140813388101371,4.140813388101371,4.140813388101371,25-50%
6.0,10.090683793666395,4.090683793666395,4.090683793666395,25-50%
6.0,9.9988275629889,3.9988275629889003,3.9988275629889003,25-50%
6.0,10.152741869328903,4.152741869328903,4.152741869328903,25-50%
6.0,10.105138152302926,4.105138152302926,4.105138152302926,25-50%
6.0,9.882900116454453,3.8829001164544525,3.8829001164544525,25-50%
6.0,10.152741869328903,4.152741869328903,4.152741869328903,25-50%
6.0,9.918968983313334,3.9189689833133343,3.9189689833133343,25-50%
6.0,9.9988275629889,3.9988275629889003,3.9988275629889003,25-50%
6.0,10.279780711933,4.279780711933,4.279780711933,25-50%
6.0,10.152741869328903,4.152741869328903,4.152741869328903,25-50%
8.0,10.035288991171463,2.0352889911714627,2.0352889911714627,25-50%
8.0,9.9988275629889,1.9988275629889003,1.9988275629889003,25-50%
8.0,9.9988275629889,1.9988275629889003,1.9988275629889003,25-50%
8.0,9.9988275629889,1.9988275629889003,1.9988275629889003,25-50%
6.0,9.9988275629889,3.9988275629889003,3.9988275629889003,25-50%
6.0,9.9988275629889,3.9988275629889003,3.9988275629889003,25-50%
6.0,10.072184194818298,4.072184194818298,4.072184194818298,25-50%
6.0,10.072184194818298,4.072184194818298,4.072184194818298,25-50%
6.0,10.252398043087508,4.252398043087508,4.252398043087508,25-50%
7.0,10.078179443771806,3.0781794437718055,3.0781794437718055,25-50%
8.0,10.035288991171463,2.0352889911714627,2.0352889911714627,25-50%
8.0,9.956244330369849,1.9562443303698487,1.9562443303698487,25-50%
8.0,9.85044910157799,1.8504491015779898,1.8504491015779898,25-50%
8.0,10.171798252068697,2.1717982520686974,2.1717982520686974,25-50%
6.0,10.246308511144585,4.246308511144585,4.246308511144585,25-50%
6.0,9.80162604046466,3.80162604046466,3.80162604046466,25-50%
7.0,9.9988275629889,2.9988275629889003,2.9988275629889003,25-50%
8.0,9.9988275629889,1.9988275629889003,1.9988275629889003,25-50%
8.0,9.888751300956123,1.8887513009561232,1.8887513009561232,25-50%
8.0,10.136855369548437,2.136855369548437,2.136855369548437,25-50%
8.0,10.296187587658371,2.2961875876583715,2.2961875876583715,25-50%
8.0,9.892621143765192,1.8926211437651919,1.8926211437651919,25-50%
8.0,9.771838094561332,1.771838094561332,1.771838094561332,25-50%
8.0,9.918968983313334,1.9189689833133343,1.9189689833133343,25-50%
8.0,9.96442569403974,1.9644256940397398,1.9644256940397398,25-50%
8.0,10.260855643158811,2.260855643158811,2.260855643158811,25-50%
8.0,9.868808232503792,1.8688082325037918,1.8688082325037918,25-50%
8.0,9.96442569403974,1.9644256940397398,1.9644256940397398,25-50%
8.0,9.96442569403974,1.9644256940397398,1.9644256940397398,25-50%
8.0,9.788785546270535,1.7887855462705353,1.7887855462705353,25-50%
8.0,9.868808232503792,1.8688082325037918,1.8688082325037918,25-50%
8.0,10.168737038560579,2.168737038560579,2.168737038560579,25-50%
8.0,10.168737038560579,2.168737038560579,2.168737038560579,25-50%
8.0,10.34437977235628,2.3443797723562803,2.3443797723562803,25-50%
8.0,9.969515454167936,1.9695154541679365,1.9695154541679365,25-50%
8.0,10.523656408994952,2.5236564089949525,2.5236564089949525,25-50%
8.0,10.759524039381333,2.7595240393813327,2.7595240393813327,25-50%
8.0,10.759524039381333,2.7595240393813327,2.7595240393813327,25-50%
8.0,9.921906449089185,1.9219064490891853,1.9219064490891853,25-50%
8.0,9.921906449089185,1.9219064490891853,1.9219064490891853,25-50%
17.0,11.120823174629269,-5.879176825370731,5.879176825370731,75-100%
17.0,10.717691331866465,-6.282308668133535,6.282308668133535,75-100%
17.0,10.777310772372562,-6.222689227627438,6.222689227627438,75-100%
17.0,10.966569293290407,-6.033430706709593,6.033430706709593,75-100%
17.0,10.942821077603448,-6.057178922396552,6.057178922396552,75-100%
17.0,11.144610210940794,-5.855389789059206,5.855389789059206,75-100%
17.0,11.144610210940794,-5.855389789059206,5.855389789059206,75-100%
17.0,10.942821077603448,-6.057178922396552,6.057178922396552,75-100%
17.0,10.942821077603448,-6.057178922396552,6.057178922396552,75-100%
17.0,10.856708474787176,-6.143291525212824,6.143291525212824,75-100%
17.0,10.856708474787176,-6.143291525212824,6.143291525212824,75-100%
17.0,11.144610210940794,-5.855389789059206,5.855389789059206,75-100%
17.0,11.144610210940794,-5.855389789059206,5.855389789059206,75-100%
17.0,11.120823174629269,-5.879176825370731,5.879176825370731,75-100%
17.0,11.053479790484277,-5.9465202095157235,5.9465202095157235,75-100%
17.0,10.856708474787176,-6.143291525212824,6.143291525212824,75-100%
17.0,10.874279511808052,-6.1257204881919485,6.1257204881919485,75-100%
17.0,10.874279511808052,-6.1257204881919485,6.1257204881919485,75-100%
17.0,10.874279511808052,-6.1257204881919485,6.1257204881919485,75-100%
17.0,11.053479790484277,-5.9465202095157235,5.9465202095157235,75-100%
17.0,11.120823174629269,-5.879176825370731,5.879176825370731,75-100%
17.0,11.033427104215011,-5.966572895784989,5.966572895784989,75-100%
17.0,10.966569293290407,-6.033430706709593,6.033430706709593,75-100%
17.0,10.856708474787176,-6.143291525212824,6.143291525212824,75-100%
17.0,10.874279511808052,-6.1257204881919485,6.1257204881919485,75-100%
17.0,10.856708474787176,-6.143291525212824,6.143291525212824,75-100%
17.0,10.856708474787176,-6.143291525212824,6.143291525212824,75-100%
17.0,10.954682503648314,-6.045317496351686,6.045317496351686,75-100%
17.0,10.868484375120554,-6.131515624879446,6.131515624879446,75-100%
17.0,10.868484375120554,-6.131515624879446,6.131515624879446,75-100%
17.0,10.868484375120554,-6.131515624879446,6.131515624879446,75-100%
17.0,10.759524039381333,-6.240475960618667,6.240475960618667,75-100%
17.0,10.966569293290407,-6.033430706709593,6.033430706709593,75-100%
17.0,10.856708474787176,-6.143291525212824,6.143291525212824,75-100%
17.0,11.033427104215011,-5.966572895784989,5.966572895784989,75-100%
17.0,10.856708474787176,-6.143291525212824,6.143291525212824,75-100%
17.0,10.97582345280096,-6.0241765471990405,6.0241765471990405,75-100%
17.0,10.954682503648314,-6.045317496351686,6.045317496351686,75-100%
17.0,10.759524039381333,-6.240475960618667,6.240475960618667,75-100%
17.0,10.759524039381333,-6.240475960618667,6.240475960618667,75-100%
17.0,10.868484375120554,-6.131515624879446,6.131515624879446,75-100%
17.0,10.934794180785437,-6.0652058192145635,6.0652058192145635,75-100%
17.0,10.868484375120554,-6.131515624879446,6.131515624879446,75-100%
17.0,10.618891559513681,-6.381108440486319,6.381108440486319,75-100%
17.0,10.633614063206677,-6.366385936793323,6.366385936793323,75-100%
17.0,10.97582345280096,-6.0241765471990405,6.0241765471990405,75-100%
17.0,10.759524039381333,-6.240475960618667,6.240475960618667,75-100%
17.0,10.934794180785437,-6.0652058192145635,6.0652058192145635,75-100%
17.0,10.630431263747795,-6.369568736252205,6.369568736252205,75-100%
17.0,10.458623361728048,-6.541376638271952,6.541376638271952,75-100%
17.0,10.540733879846908,-6.459266120153092,6.459266120153092,75-100%
17.0,10.353425814245032,-6.646574185754968,6.646574185754968,75-100%
17.0,10.975629662043772,-6.024370337956228,6.024370337956228,75-100%
17.0,10.522643253762118,-6.4773567462378825,6.4773567462378825,75-100%
17.0,10.33882352171382,-6.66117647828618,6.66117647828618,75-100%
17.0,10.294923955429475,-6.705076044570525,6.705076044570525,75-100%
17.0,10.267230748686583,-6.732769251313417,6.732769251313417,75-100%
17.0,10.33882352171382,-6.66117647828618,6.66117647828618,75-100%
17.0,10.602723054544315,-6.397276945455685,6.397276945455685,75-100%
14.0,9.927290068907205,-4.072709931092795,4.072709931092795,50-75%
14.0,9.743847740247865,-4.256152259752135,4.256152259752135,50-75%
17.0,10.300623659924169,-6.6993763400758315,6.6993763400758315,75-100%
17.0,10.358940315289717,-6.641059684710283,6.641059684710283,75-100%
17.0,10.380048213630854,-6.619951786369146,6.619951786369146,75-100%
17.0,10.295829958005257,-6.704170041994743,6.704170041994743,75-100%
17.0,10.295829958005257,-6.704170041994743,6.704170041994743,75-100%
17.0,10.252096846273822,-6.7479031537261775,6.7479031537261775,75-100%
17.0,10.19863904108238,-6.80136095891762,6.80136095891762,75-100%
14.0,9.656913105494173,-4.343086894505827,4.343086894505827,50-75%
14.0,9.656913105494173,-4.343086894505827,4.343086894505827,50-75%
14.0,9.778096438901457,-4.221903561098543,4.221903561098543,50-75%
22.0,10.31008482409922,-11.68991517590078,11.68991517590078,75-100%
19.5,10.135346377968087,-9.364653622031913,9.364653622031913,75-100%
19.5,10.07024251555318,-9.42975748444682,9.42975748444682,75-100%
17.0,10.380048213630854,-6.619951786369146,6.619951786369146,75-100%
17.0,10.26877187970901,-6.731228120290989,6.731228120290989,75-100%
17.0,10.252096846273822,-6.7479031537261775,6.7479031537261775,75-100%
14.0,9.656913105494173,-4.343086894505827,4.343086894505827,50-75%
14.0,9.711965894493428,-4.288034105506572,4.288034105506572,50-75%
14.0,9.670493279991543,-4.329506720008457,4.329506720008457,50-75%
14.0,9.670493279991543,-4.329506720008457,4.329506720008457,50-75%
14.0,9.743847740247865,-4.256152259752135,4.256152259752135,50-75%
14.0,9.743847740247865,-4.256152259752135,4.256152259752135,50-75%
22.0,10.36761739991776,-11.63238260008224,11.63238260008224,75-100%
22.0,10.07699763344255,-11.92300236655745,11.92300236655745,75-100%
14.0,9.681032811879607,-4.318967188120393,4.318967188120393,50-75%
14.0,9.743847740247865,-4.256152259752135,4.256152259752135,50-75%
14.0,9.681032811879607,-4.318967188120393,4.318967188120393,50-75%
14.0,9.743847740247865,-4.256152259752135,4.256152259752135,50-75%
14.0,9.529667395950396,-4.470332604049604,4.470332604049604,50-75%
22.0,10.36761739991776,-11.63238260008224,11.63238260008224,75-100%
22.0,10.36761739991776,-11.63238260008224,11.63238260008224,75-100%
22.0,10.533280195603357,-11.466719804396643,11.466719804396643,75-100%
22.0,10.514532574697432,-11.485467425302568,11.485467425302568,75-100%
22.0,10.07699763344255,-11.92300236655745,11.92300236655745,75-100%
22.0,10.10907746026672,-11.89092253973328,11.89092253973328,75-100%
22.0,10.10907746026672,-11.89092253973328,11.89092253973328,75-100%
14.0,9.529667395950396,-4.470332604049604,4.470332604049604,50-75%
22.0,9.629310865175038,-12.370689134824962,12.370689134824962,75-100%
22.0,9.629310865175038,-12.370689134824962,12.370689134824962,75-100%
22.0,10.07699763344255,-11.92300236655745,11.92300236655745,75-100%
7.0,11.682419014150229,4.682419014150229,4.682419014150229,25-50%
7.0,11.750374215413881,4.750374215413881,4.750374215413881,25-50%
7.0,11.750374215413881,4.750374215413881,4.750374215413881,25-50%
7.0,10.81679817927849,3.8167981792784893,3.8167981792784893,25-50%
7.0,10.838784936932452,3.838784936932452,3.838784936932452,25-50%
7.0,10.18542345426924,3.1854234542692392,3.1854234542692392,25-50%
7.0,11.544096836266743,4.544096836266743,4.544096836266743,25-50%
7.0,11.544096836266743,4.544096836266743,4.544096836266743,25-50%
7.0,11.750374215413881,4.750374215413881,4.750374215413881,25-50%
7.0,10.902219760542103,3.9022197605421027,3.9022197605421027,25-50%
7.0,10.74082842248773,3.7408284224877306,3.7408284224877306,25-50%
7.0,10.61557226628933,3.6155722662893304,3.6155722662893304,25-50%
7.0,9.97467608953213,2.97467608953213,2.97467608953213,25-50%
7.0,10.033480827148466,3.033480827148466,3.033480827148466,25-50%
7.0,11.544096836266743,4.544096836266743,4.544096836266743,25-50%
7.0,11.691304624328474,4.691304624328474,4.691304624328474,25-50%
7.0,10.492479353708125,3.4924793537081253,3.4924793537081253,25-50%
7.0,10.64725537961759,3.64725537961759,3.64725537961759,25-50%
7.0,10.078987092375167,3.0789870923751668,3.0789870923751668,25-50%
7.0,9.97467608953213,2.97467608953213,2.97467608953213,25-50%
7.0,10.019700690464095,3.019700690464095,3.019700690464095,25-50%
7.0,11.477241023976251,4.4772410239762515,4.4772410239762515,25-50%
7.0,11.289813082085665,4.289813082085665,4.289813082085665,25-50%
7.0,10.955052863646625,3.9550528636466247,3.9550528636466247,25-50%
7.0,10.13707972723433,3.1370797272343296,3.1370797272343296,25-50%
7.0,10.034834157549145,3.0348341575491453,3.0348341575491453,25-50%
7.0,9.934101940249485,2.9341019402494855,2.9341019402494855,25-50%
7.0,9.69973556324172,2.6997355632417204,2.6997355632417204,25-50%
7.0,9.660278103721113,2.6602781037211134,2.6602781037211134,25-50%
7.0,11.305294131942622,4.305294131942622,4.305294131942622,25-50%
7.0,11.157146848290738,4.157146848290738,4.157146848290738,25-50%
7.0,10.01905751103643,3.0190575110364293,3.0190575110364293,25-50%
7.0,10.13707972723433,3.1370797272343296,3.1370797272343296,25-50%
7.0,9.736155694762715,2.736155694762715,2.736155694762715,25-50%
7.0,9.934101940249485,2.9341019402494855,2.9341019402494855,25-50%
14.5,11.167807725339838,-3.332192274660162,3.332192274660162,50-75%
14.5,11.488868669807069,-3.0111313301929314,3.0111313301929314,50-75%
14.5,10.01905751103643,-4.480942488963571,4.480942488963571,50-75%
22.0,10.13707972723433,-11.86292027276567,11.86292027276567,75-100%
22.0,10.002022034618527,-11.997977965381473,11.997977965381473,75-100%
22.0,9.196375868131378,-12.803624131868622,12.803624131868622,75-100%
22.0,11.305294131942622,-10.694705868057378,10.694705868057378,75-100%
22.0,11.157146848290738,-10.842853151709262,10.842853151709262,75-100%
22.0,10.14293155343272,-11.85706844656728,11.85706844656728,75-100%
22.0,10.12790122725074,-11.87209877274926,11.87209877274926,75-100%
13.5,10.13707972723433,-3.3629202727656704,3.3629202727656704,50-75%
13.5,9.91042433332001,-3.5895756666799894,3.5895756666799894,50-75%
13.5,9.949496391138792,-3.5505036088612076,3.5505036088612076,50-75%
13.5,9.799559390303237,-3.700440609696763,3.700440609696763,50-75%
13.5,10.14293155343272,-3.357068446567281,3.357068446567281,50-75%
22.0,10.41311581438376,-11.58688418561624,11.58688418561624,75-100%
22.0,10.035177330947384,-11.964822669052616,11.964822669052616,75-100%
22.0,10.004439566859652,-11.995560433140348,11.995560433140348,75-100%
5.0,10.5089338267097,5.5089338267097006,5.5089338267097006,0-25%
13.5,10.034834157549145,-3.4651658424508547,3.4651658424508547,50-75%
10.333333333333334,10.158885557852592,-0.17444777548074164,0.17444777548074164,50-75%
10.333333333333334,10.41311581438376,0.07978248105042596,0.07978248105042596,50-75%
10.333333333333334,10.492479353708125,0.15914602037479142,0.15914602037479142,50-75%
13.5,9.427039046008462,-4.072960953991538,4.072960953991538,50-75%
13.5,10.187526978985968,-3.312473021014032,3.312473021014032,50-75%
22.0,10.083726768603933,-11.916273231396067,11.916273231396067,75-100%
4.5,10.5089338267097,6.0089338267097006,6.0089338267097006,0-25%
10.333333333333334,10.158885557852592,-0.17444777548074164,0.17444777548074164,50-75%
10.333333333333334,10.381076419316164,0.04774308598283028,0.04774308598283028,50-75%
10.333333333333334,10.158885557852592,-0.17444777548074164,0.17444777548074164,50-75%
10.333333333333334,10.656325607301394,0.32299227396805996,0.32299227396805996,50-75%
10.333333333333334,10.284437975714722,-0.04889535761861197,0.04889535761861197,50-75%
10.333333333333334,10.004439566859652,-0.32889376647368174,0.32889376647368174,50-75%
4.5,10.789244126522117,6.289244126522117,6.289244126522117,0-25%
4.5,10.381076419316164,5.881076419316164,5.881076419316164,0-25%
10.333333333333334,10.43067012133968,0.09733678800634671,0.09733678800634671,50-75%
10.333333333333334,10.43067012133968,0.09733678800634671,0.09733678800634671,50-75%
10.333333333333334,10.691771512646142,0.35843817931280775,0.35843817931280775,50-75%
10.333333333333334,10.071958632763597,-0.26137470056973733,0.26137470056973733,50-75%
10.333333333333334,9.98086190621255,-0.3524714271207845,0.3524714271207845,50-75%
4.5,10.789244126522117,6.289244126522117,6.289244126522117,0-25%
4.5,10.43067012133968,5.930670121339681,5.930670121339681,0-25%
4.5,10.691771512646142,6.191771512646142,6.191771512646142,0-25%
4.5,10.039699788800442,5.5396997888004424,5.5396997888004424,0-25%
4.0,10.039699788800442,6.0396997888004424,6.0396997888004424,0-25%
4.0,10.599572049548499,6.599572049548499,6.599572049548499,0-25%
4.5,10.303597339061607,5.803597339061607,5.803597339061607,0-25%
4.5,10.255211886994584,5.755211886994584,5.755211886994584,0-25%
4.5,9.770107926125284,5.270107926125284,5.270107926125284,0-25%
4.0,9.819666749104105,5.819666749104105,5.819666749104105,0-25%
4.0,10.198449465469874,6.198449465469874,6.198449465469874,0-25%
4.0,9.827816542354924,5.827816542354924,5.827816542354924,0-25%
4.0,9.738728543074926,5.7387285430749255,5.7387285430749255,0-25%
4.0,9.738728543074926,5.7387285430749255,5.7387285430749255,0-25%
5.0,10.180880236458279,5.180880236458279,5.180880236458279,0-25%
5.0,10.177918580242764,5.177918580242764,5.177918580242764,0-25%
5.0,10.259379955173166,5.259379955173166,5.259379955173166,0-25%
5.0,10.320064740191434,5.320064740191434,5.320064740191434,0-25%
5.0,10.235006332450778,5.235006332450778,5.235006332450778,0-25%
5.0,10.199215348928796,5.199215348928796,5.199215348928796,0-25%
5.0,10.177918580242764,5.177918580242764,5.177918580242764,0-25%
5.0,10.336272356834527,5.336272356834527,5.336272356834527,0-25%
5.0,10.336272356834527,5.336272356834527,5.336272356834527,0-25%
5.0,10.127256024471002,5.127256024471002,5.127256024471002,0-25%
5.0,10.257904454319037,5.257904454319037,5.257904454319037,0-25%
5.0,10.257904454319037,5.257904454319037,5.257904454319037,0-25%
5.0,10.357256951791587,5.357256951791587,5.357256951791587,0-25%
5.0,10.259379955173166,5.259379955173166,5.259379955173166,0-25%
5.0,10.259379955173166,5.259379955173166,5.259379955173166,0-25%
5.0,10.186215467391591,5.186215467391591,5.186215467391591,0-25%
5.0,10.009911605281085,5.009911605281085,5.009911605281085,0-25%
7.0,10.350564185250349,3.3505641852503487,3.3505641852503487,25-50%
7.0,10.209368324938279,3.2093683249382785,3.2093683249382785,25-50%
5.0,10.259379955173166,5.259379955173166,5.259379955173166,0-25%
7.0,10.365843885773824,3.365843885773824,3.365843885773824,25-50%
9.0,10.371575235837712,1.371575235837712,1.371575235837712,50-75%
21.0,10.244280311370673,-10.755719688629327,10.755719688629327,75-100%
21.0,10.244280311370673,-10.755719688629327,10.755719688629327,75-100%
21.0,10.244280311370673,-10.755719688629327,10.755719688629327,75-100%
9.0,10.18356792086185,1.1835679208618508,1.1835679208618508,50-75%
7.0,10.141284342496087,3.1412843424960872,3.1412843424960872,25-50%
7.0,10.200318116573795,3.2003181165737953,3.2003181165737953,25-50%
9.0,10.273574844050447,1.2735748440504473,1.2735748440504473,50-75%
9.0,10.411332637795361,1.4113326377953612,1.4113326377953612,50-75%
9.0,10.302109255976815,1.3021092559768146,1.3021092559768146,50-75%
25.0,10.294443379524356,-14.705556620475644,14.705556620475644,75-100%
25.0,9.9074435640675,-15.0925564359325,15.0925564359325,75-100%
21.0,10.336686768198774,-10.663313231801226,10.663313231801226,75-100%
21.0,10.214431697147832,-10.785568302852168,10.785568302852168,75-100%
21.0,10.35555333428156,-10.64444666571844,10.64444666571844,75-100%
21.0,10.42111106015056,-10.57888893984944,10.57888893984944,75-100%
9.0,10.208458645888902,1.2084586458889017,1.2084586458889017,50-75%
9.0,10.26068457545044,1.2606845754504405,1.2606845754504405,50-75%
9.0,10.273574844050447,1.2735748440504473,1.2735748440504473,50-75%
8.5,10.335559403691452,1.8355594036914518,1.8355594036914518,50-75%
9.0,10.294443379524356,1.2944433795243562,1.2944433795243562,50-75%
9.0,10.20067642978143,1.2006764297814296,1.2006764297814296,50-75%
25.0,10.371575235837712,-14.628424764162288,14.628424764162288,75-100%
25.0,10.294443379524356,-14.705556620475644,14.705556620475644,75-100%
25.0,10.255486330916138,-14.744513669083862,14.744513669083862,75-100%
25.0,10.137163220271786,-14.862836779728214,14.862836779728214,75-100%
25.0,10.284301462844999,-14.715698537155001,14.715698537155001,75-100%
25.0,10.184308566589676,-14.815691433410324,14.815691433410324,75-100%
21.0,10.244280311370673,-10.755719688629327,10.755719688629327,75-100%
21.0,10.284524386089403,-10.715475613910597,10.715475613910597,75-100%
21.0,10.541646285096512,-10.458353714903488,10.458353714903488,75-100%
21.0,10.548276301091509,-10.451723698908491,10.451723698908491,75-100%
9.0,10.235505848741004,1.2355058487410044,1.2355058487410044,50-75%
8.5,10.208458645888902,1.7084586458889017,1.7084586458889017,50-75%
8.5,10.334336135393514,1.8343361353935137,1.8343361353935137,50-75%
8.5,10.218163006248497,1.7181630062484974,1.7181630062484974,50-75%
8.5,10.330100291186538,1.8301002911865378,1.8301002911865378,50-75%
8.5,10.355317146207444,1.8553171462074438,1.8553171462074438,50-75%
12.75,10.44365952342364,-2.3063404765763593,2.3063404765763593,50-75%
17.0,10.395420931993186,-6.604579068006814,6.604579068006814,75-100%
17.0,10.279088593712878,-6.720911406287122,6.720911406287122,75-100%
25.0,10.279088593712878,-14.720911406287122,14.720911406287122,75-100%
25.0,10.02123764003767,-14.97876235996233,14.97876235996233,75-100%
21.0,10.302367843163008,-10.697632156836992,10.697632156836992,75-100%
21.0,10.371691090596794,-10.628308909403206,10.628308909403206,75-100%
21.0,10.362949313847611,-10.637050686152389,10.637050686152389,75-100%
21.0,10.67015359257034,-10.32984640742966,10.32984640742966,75-100%
21.0,10.299212850297481,-10.700787149702519,10.700787149702519,75-100%
8.5,10.26068457545044,1.7606845754504405,1.7606845754504405,50-75%
8.5,10.273574844050447,1.7735748440504473,1.7735748440504473,50-75%
8.5,10.309165873092219,1.809165873092219,1.809165873092219,50-75%
8.5,10.235771163423586,1.7357711634235855,1.7357711634235855,50-75%
14.0,10.545971137297133,-3.4540288627028666,3.4540288627028666,50-75%
14.0,10.395420931993186,-3.6045790680068137,3.6045790680068137,50-75%
17.0,10.727546361772337,-6.272453638227663,6.272453638227663,75-100%
17.0,10.395420931993186,-6.604579068006814,6.604579068006814,75-100%
17.0,10.078941972817777,-6.921058027182223,6.921058027182223,75-100%
17.0,10.091990267042412,-6.908009732957588,6.908009732957588,75-100%
25.0,10.155938148653657,-14.844061851346343,14.844061851346343,75-100%
25.0,10.108624479145128,-14.891375520854872,14.891375520854872,75-100%
21.0,10.362949313847611,-10.637050686152389,10.637050686152389,75-100%
21.0,10.36158850375016,-10.63841149624984,10.63841149624984,75-100%
21.0,10.394190482178736,-10.605809517821264,10.605809517821264,75-100%
21.0,10.56461490128299,-10.43538509871701,10.43538509871701,75-100%
21.0,10.56461490128299,-10.43538509871701,10.43538509871701,75-100%
21.0,10.746483322890816,-10.253516677109184,10.253516677109184,75-100%
21.0,10.56461490128299,-10.43538509871701,10.43538509871701,75-100%
8.0,10.34843185946845,2.34843185946845,2.34843185946845,25-50%
8.0,10.273574844050447,2.2735748440504473,2.2735748440504473,25-50%
8.0,10.350564185250349,2.3505641852503487,2.3505641852503487,25-50%
8.0,10.27209748300768,2.2720974830076806,2.2720974830076806,25-50%
8.0,10.259470828159657,2.2594708281596567,2.2594708281596567,25-50%
8.5,10.288477031131508,1.7884770311315084,1.7884770311315084,50-75%
14.0,10.727546361772337,-3.272453638227663,3.272453638227663,50-75%
17.0,10.727546361772337,-6.272453638227663,6.272453638227663,75-100%
17.0,10.331379603468124,-6.668620396531876,6.668620396531876,75-100%
17.0,10.078941972817777,-6.921058027182223,6.921058027182223,75-100%
17.0,10.155938148653657,-6.844061851346343,6.844061851346343,75-100%
25.0,10.055758530487338,-14.944241469512662,14.944241469512662,75-100%
21.0,11.32796218482955,-9.67203781517045,9.67203781517045,75-100%
21.0,11.373089900925347,-9.626910099074653,9.626910099074653,75-100%
21.0,10.449855388679584,-10.550144611320416,10.550144611320416,75-100%
21.0,10.449855388679584,-10.550144611320416,10.550144611320416,75-100%
21.0,10.449855388679584,-10.550144611320416,10.550144611320416,75-100%
8.0,10.300454145617445,2.3004541456174454,2.3004541456174454,25-50%
8.0,10.141284342496087,2.1412843424960872,2.1412843424960872,25-50%
8.5,10.235505848741004,1.7355058487410044,1.7355058487410044,50-75%
8.5,10.259470828159657,1.7594708281596567,1.7594708281596567,50-75%
14.0,10.629811719349151,-3.370188280650849,3.370188280650849,50-75%
17.0,10.545971137297133,-6.454028862702867,6.454028862702867,75-100%
17.0,10.331379603468124,-6.668620396531876,6.668620396531876,75-100%
17.0,10.155938148653657,-6.844061851346343,6.844061851346343,75-100%
17.0,10.078941972817777,-6.921058027182223,6.921058027182223,75-100%
12.0,10.278986221922152,-1.7210137780778485,1.7210137780778485,50-75%
12.0,10.344030263603333,-1.655969736396667,1.655969736396667,50-75%
12.0,10.421500757978723,-1.5784992420212767,1.5784992420212767,50-75%
12.0,11.168079200778928,-0.8319207992210718,0.8319207992210718,50-75%
8.0,10.194976159425494,2.1949761594254937,2.1949761594254937,25-50%
8.0,10.213334387279373,2.2133343872793727,2.2133343872793727,25-50%
8.5,10.245845520899206,1.7458455208992056,1.7458455208992056,50-75%
8.5,10.27209748300768,1.7720974830076806,1.7720974830076806,50-75%
9.0,10.012819680169654,1.0128196801696543,1.0128196801696543,50-75%
9.0,10.108624479145128,1.1086244791451279,1.1086244791451279,50-75%
9.0,10.078941972817777,1.078941972817777,1.078941972817777,50-75%
12.0,10.857987641800696,-1.1420123581993042,1.1420123581993042,50-75%
12.0,11.10524249369235,-0.8947575063076503,0.8947575063076503,50-75%
12.0,11.342264974453832,-0.6577350255461685,0.6577350255461685,50-75%
12.0,11.431904064750974,-0.5680959352490262,0.5680959352490262,50-75%
12.0,11.168079200778928,-0.8319207992210718,0.8319207992210718,50-75%
12.0,11.229990208112891,-0.7700097918871087,0.7700097918871087,50-75%
9.0,10.192010769400387,1.1920107694003867,1.1920107694003867,50-75%
9.0,9.555989437283948,0.555989437283948,0.555989437283948,50-75%
9.0,9.516421160325104,0.5164211603251037,0.5164211603251037,50-75%
9.0,10.108624479145128,1.1086244791451279,1.1086244791451279,50-75%
12.0,10.601464379860252,-1.3985356201397483,1.3985356201397483,50-75%
12.0,10.676950957265834,-1.3230490427341657,1.3230490427341657,50-75%
12.0,10.662261457553367,-1.3377385424466333,1.3377385424466333,50-75%
12.0,11.456301595277496,-0.5436984047225035,0.5436984047225035,50-75%
12.0,11.456301595277496,-0.5436984047225035,0.5436984047225035,50-75%
12.0,11.447260396076548,-0.5527396039234524,0.5527396039234524,50-75%
12.0,11.456301595277496,-0.5436984047225035,0.5436984047225035,50-75%
12.0,11.456301595277496,-0.5436984047225035,0.5436984047225035,50-75%
12.0,11.447260396076548,-0.5527396039234524,0.5527396039234524,50-75%
12.0,11.447260396076548,-0.5527396039234524,0.5527396039234524,50-75%
12.0,10.743444147700028,-1.2565558522999716,1.2565558522999716,50-75%
12.0,10.685380818264516,-1.314619181735484,1.314619181735484,50-75%
12.0,10.630756257084773,-1.369243742915227,1.369243742915227,50-75%
12.0,10.685380818264516,-1.314619181735484,1.314619181735484,50-75%
12.0,11.456301595277496,-0.5436984047225035,0.5436984047225035,50-75%
12.0,11.456301595277496,-0.5436984047225035,0.5436984047225035,50-75%
12.0,11.456301595277496,-0.5436984047225035,0.5436984047225035,50-75%
12.0,11.431904064750974,-0.5680959352490262,0.5680959352490262,50-75%
12.0,11.362832312855556,-0.6371676871444443,0.6371676871444443,50-75%
12.0,11.357510580377799,-0.6424894196222013,0.6424894196222013,50-75%
12.0,11.375823780567835,-0.6241762194321652,0.6241762194321652,50-75%
12.0,10.587997573669163,-1.4120024263308366,1.4120024263308366,50-75%
12.0,10.685380818264516,-1.314619181735484,1.314619181735484,50-75%
12.0,10.765182459120515,-1.2348175408794848,1.2348175408794848,50-75%
12.0,10.685380818264516,-1.314619181735484,1.314619181735484,50-75%
12.0,10.685380818264516,-1.314619181735484,1.314619181735484,50-75%
12.0,10.685380818264516,-1.314619181735484,1.314619181735484,50-75%
12.0,10.685380818264516,-1.314619181735484,1.314619181735484,50-75%
12.0,11.362832312855556,-0.6371676871444443,0.6371676871444443,50-75%
12.0,11.431904064750974,-0.5680959352490262,0.5680959352490262,50-75%
12.0,11.342264974453832,-0.6577350255461685,0.6577350255461685,50-75%
12.0,11.273691258014034,-0.7263087419859655,0.7263087419859655,50-75%
12.0,11.357510580377799,-0.6424894196222013,0.6424894196222013,50-75%
12.0,11.375823780567835,-0.6241762194321652,0.6241762194321652,50-75%
12.0,10.748361624102511,-1.251638375897489,1.251638375897489,50-75%
12.0,10.685380818264516,-1.314619181735484,1.314619181735484,50-75%
12.0,10.685380818264516,-1.314619181735484,1.314619181735484,50-75%
12.0,10.765182459120515,-1.2348175408794848,1.2348175408794848,50-75%
12.0,10.765182459120515,-1.2348175408794848,1.2348175408794848,50-75%
12.0,10.685380818264516,-1.314619181735484,1.314619181735484,50-75%
12.0,10.685380818264516,-1.314619181735484,1.314619181735484,50-75%
12.0,10.765182459120515,-1.2348175408794848,1.2348175408794848,50-75%
12.0,11.362832312855556,-0.6371676871444443,0.6371676871444443,50-75%
12.0,11.273691258014034,-0.7263087419859655,0.7263087419859655,50-75%
12.0,11.273691258014034,-0.7263087419859655,0.7263087419859655,50-75%
12.0,11.273691258014034,-0.7263087419859655,0.7263087419859655,50-75%
12.0,11.357510580377799,-0.6424894196222013,0.6424894196222013,50-75%
12.0,11.273691258014034,-0.7263087419859655,0.7263087419859655,50-75%
12.0,10.685380818264516,-1.314619181735484,1.314619181735484,50-75%
12.0,10.748361624102511,-1.251638375897489,1.251638375897489,50-75%
12.0,10.765182459120515,-1.2348175408794848,1.2348175408794848,50-75%
12.0,10.685380818264516,-1.314619181735484,1.314619181735484,50-75%
12.0,10.685380818264516,-1.314619181735484,1.314619181735484,50-75%
12.0,10.765182459120515,-1.2348175408794848,1.2348175408794848,50-75%
12.0,10.765182459120515,-1.2348175408794848,1.2348175408794848,50-75%
12.0,10.765182459120515,-1.2348175408794848,1.2348175408794848,50-75%
12.0,10.685380818264516,-1.314619181735484,1.314619181735484,50-75%
12.0,10.685380818264516,-1.314619181735484,1.314619181735484,50-75%
12.0,10.685380818264516,-1.314619181735484,1.314619181735484,50-75%
12.0,10.685380818264516,-1.314619181735484,1.314619181735484,50-75%
12.0,10.765182459120515,-1.2348175408794848,1.2348175408794848,50-75%
12.0,10.765182459120515,-1.2348175408794848,1.2348175408794848,50-75%
12.0,10.765182459120515,-1.2348175408794848,1.2348175408794848,50-75%
12.0,10.765182459120515,-1.2348175408794848,1.2348175408794848,50-75%
12.0,10.685380818264516,-1.314619181735484,1.314619181735484,50-75%
12.0,10.685380818264516,-1.314619181735484,1.314619181735484,50-75%
6.0,9.413173785075571,3.4131737850755712,3.4131737850755712,25-50%
6.0,9.661732580265483,3.6617325802654825,3.6617325802654825,25-50%
6.0,9.648649617823786,3.6486496178237857,3.6486496178237857,25-50%
6.0,9.661732580265483,3.6617325802654825,3.6617325802654825,25-50%
6.0,9.661732580265483,3.6617325802654825,3.6617325802654825,25-50%
6.0,9.714389277879931,3.7143892778799312,3.7143892778799312,25-50%
6.0,9.714389277879931,3.7143892778799312,3.7143892778799312,25-50%
6.0,9.618740588866933,3.618740588866933,3.618740588866933,25-50%
6.0,9.618740588866933,3.618740588866933,3.618740588866933,25-50%
6.0,9.599397745995441,3.599397745995441,3.599397745995441,25-50%
6.0,9.705112173064517,3.705112173064517,3.705112173064517,25-50%
9.0,10.299212850297481,1.2992128502974811,1.2992128502974811,50-75%
9.0,10.287145873006246,1.2871458730062457,1.2871458730062457,50-75%
9.0,10.296104504101976,1.2961045041019759,1.2961045041019759,50-75%
9.0,10.352279077414952,1.352279077414952,1.352279077414952,50-75%
9.0,10.063272307830617,1.0632723078306174,1.0632723078306174,50-75%
9.0,10.063272307830617,1.0632723078306174,1.0632723078306174,50-75%
9.0,10.31678887256867,1.3167888725686705,1.3167888725686705,50-75%
9.0,10.053282342085772,1.0532823420857724,1.0532823420857724,50-75%
9.0,10.063272307830617,1.0632723078306174,1.0632723078306174,50-75%
9.0,10.063272307830617,1.0632723078306174,1.0632723078306174,50-75%
9.0,10.063272307830617,1.0632723078306174,1.0632723078306174,50-75%
9.0,10.063272307830617,1.0632723078306174,1.0632723078306174,50-75%
9.0,10.352279077414952,1.352279077414952,1.352279077414952,50-75%
9.0,10.063272307830617,1.0632723078306174,1.0632723078306174,50-75%
9.0,12.960639533399759,3.9606395333997586,3.9606395333997586,50-75%
9.0,12.960639533399759,3.9606395333997586,3.9606395333997586,50-75%
9.0,12.960639533399759,3.9606395333997586,3.9606395333997586,50-75%
9.0,11.094561916756176,2.0945619167561755,2.0945619167561755,50-75%
9.0,11.471419262195852,2.4714192621958517,2.4714192621958517,50-75%
9.0,12.960639533399759,3.9606395333997586,3.9606395333997586,50-75%
9.0,13.041989009061616,4.041989009061616,4.041989009061616,50-75%
9.0,13.041989009061616,4.041989009061616,4.041989009061616,50-75%
9.0,12.960639533399759,3.9606395333997586,3.9606395333997586,50-75%
9.0,12.960639533399759,3.9606395333997586,3.9606395333997586,50-75%
9.0,11.803635882051049,2.803635882051049,2.803635882051049,50-75%
9.0,11.094561916756176,2.0945619167561755,2.0945619167561755,50-75%
9.0,12.960639533399759,3.9606395333997586,3.9606395333997586,50-75%
9.0,12.960639533399759,3.9606395333997586,3.9606395333997586,50-75%
9.0,12.960639533399759,3.9606395333997586,3.9606395333997586,50-75%
9.0,12.960639533399759,3.9606395333997586,3.9606395333997586,50-75%
9.0,11.729460559388563,2.7294605593885635,2.7294605593885635,50-75%
9.0,11.729460559388563,2.7294605593885635,2.7294605593885635,50-75%
9.0,11.729460559388563,2.7294605593885635,2.7294605593885635,50-75%
9.0,11.07343113628811,2.073431136288111,2.073431136288111,50-75%
9.0,12.00319341804645,3.0031934180464503,3.0031934180464503,50-75%
9.0,13.041989009061616,4.041989009061616,4.041989009061616,50-75%
9.0,12.960639533399759,3.9606395333997586,3.9606395333997586,50-75%
9.0,11.729460559388563,2.7294605593885635,2.7294605593885635,50-75%
9.0,11.729460559388563,2.7294605593885635,2.7294605593885635,50-75%
9.0,11.729460559388563,2.7294605593885635,2.7294605593885635,50-75%
9.0,11.729460559388563,2.7294605593885635,2.7294605593885635,50-75%
9.0,12.00319341804645,3.0031934180464503,3.0031934180464503,50-75%
9.0,12.960639533399759,3.9606395333997586,3.9606395333997586,50-75%
9.0,12.960639533399759,3.9606395333997586,3.9606395333997586,50-75%
9.0,11.729460559388563,2.7294605593885635,2.7294605593885635,50-75%
9.0,11.779857222270682,2.7798572222706817,2.7798572222706817,50-75%
9.0,11.729460559388563,2.7294605593885635,2.7294605593885635,50-75%
9.0,11.729460559388563,2.7294605593885635,2.7294605593885635,50-75%
9.0,11.729460559388563,2.7294605593885635,2.7294605593885635,50-75%
9.0,11.729460559388563,2.7294605593885635,2.7294605593885635,50-75%
9.0,11.729460559388563,2.7294605593885635,2.7294605593885635,50-75%
14.0,11.542696386071437,-2.4573036139285627,2.4573036139285627,50-75%
14.0,11.08902506925886,-2.9109749307411406,2.9109749307411406,50-75%
14.0,11.239411356290924,-2.7605886437090756,2.7605886437090756,50-75%
14.0,10.55002362726733,-3.449976372732671,3.449976372732671,50-75%
14.0,11.542696386071437,-2.4573036139285627,2.4573036139285627,50-75%
9.5,11.266658952842334,1.7666589528423344,1.7666589528423344,50-75%
9.5,11.266658952842334,1.7666589528423344,1.7666589528423344,50-75%
9.5,11.266658952842334,1.7666589528423344,1.7666589528423344,50-75%
5.0,11.284795932064561,6.284795932064561,6.284795932064561,0-25%
14.0,11.310731133143697,-2.6892688668563025,2.6892688668563025,50-75%
14.0,10.178652097440587,-3.8213479025594133,3.8213479025594133,50-75%
9.5,10.443024515408768,0.9430245154087675,0.9430245154087675,50-75%
9.5,11.266658952842334,1.7666589528423344,1.7666589528423344,50-75%
9.5,12.42809149320291,2.92809149320291,2.92809149320291,50-75%
9.5,12.453076280870183,2.9530762808701834,2.9530762808701834,50-75%
9.5,12.375138554186197,2.875138554186197,2.875138554186197,50-75%
5.0,11.799215365944642,6.799215365944642,6.799215365944642,0-25%
14.0,10.09246607212803,-3.9075339278719703,3.9075339278719703,50-75%
9.5,10.55737486949376,1.05737486949376,1.05737486949376,50-75%
9.5,10.502778990419802,1.0027789904198023,1.0027789904198023,50-75%
9.5,10.477821790081393,0.9778217900813928,0.9778217900813928,50-75%
9.5,11.195594499416783,1.6955944994167833,1.6955944994167833,50-75%
8.666666666666666,12.453076280870183,3.7864096142035173,3.7864096142035173,50-75%
8.666666666666666,12.472967448132533,3.8063007814658665,3.8063007814658665,50-75%
6.0,12.472967448132533,6.4729674481325326,6.4729674481325326,25-50%
5.0,11.75658355419954,6.7565835541995405,6.7565835541995405,0-25%
14.0,10.505986901687848,-3.494013098312152,3.494013098312152,50-75%
14.0,10.026213648287897,-3.9737863517121035,3.9737863517121035,50-75%
9.5,10.610699835733623,1.110699835733623,1.110699835733623,50-75%
8.666666666666666,10.54219781903146,1.8755311523647933,1.8755311523647933,50-75%
8.666666666666666,10.626872630394073,1.9602059637274074,1.9602059637274074,50-75%
8.666666666666666,12.472967448132533,3.8063007814658665,3.8063007814658665,50-75%
8.666666666666666,12.472967448132533,3.8063007814658665,3.8063007814658665,50-75%
6.0,12.472967448132533,6.4729674481325326,6.4729674481325326,25-50%
6.0,11.799215365944642,5.799215365944642,5.799215365944642,25-50%
7.0,11.126130679696697,4.126130679696697,4.126130679696697,25-50%
14.0,10.077087871646391,-3.922912128353609,3.922912128353609,50-75%
9.5,10.497241317181235,0.9972413171812349,0.9972413171812349,50-75%
9.5,10.610699835733623,1.110699835733623,1.110699835733623,50-75%
8.666666666666666,11.266658952842334,2.5999922861756684,2.5999922861756684,50-75%
8.666666666666666,11.284795932064561,2.6181292653978954,2.6181292653978954,50-75%
6.0,12.472967448132533,6.4729674481325326,6.4729674481325326,25-50%
6.0,12.10779894165572,6.1077989416557195,6.1077989416557195,25-50%
6.0,10.973843531244606,4.973843531244606,4.973843531244606,25-50%
7.0,11.780318910160053,4.780318910160053,4.780318910160053,25-50%
14.0,10.097592689718278,-3.9024073102817223,3.9024073102817223,50-75%
8.666666666666666,10.54219781903146,1.8755311523647933,1.8755311523647933,50-75%
8.666666666666666,11.266658952842334,2.5999922861756684,2.5999922861756684,50-75%
6.0,10.555177661082805,4.555177661082805,4.555177661082805,25-50%
6.0,12.453076280870183,6.453076280870183,6.453076280870183,25-50%
6.0,12.19985438248992,6.199854382489921,6.199854382489921,25-50%
7.0,11.560452716727248,4.560452716727248,4.560452716727248,25-50%
7.0,10.631878161249785,3.6318781612497855,3.6318781612497855,25-50%
7.0,10.5201458668698,3.5201458668698002,3.5201458668698002,25-50%
7.0,10.654792522007305,3.6547925220073054,3.6547925220073054,25-50%
7.0,10.634480616717328,3.634480616717328,3.634480616717328,25-50%
7.0,11.709120628169803,4.709120628169803,4.709120628169803,25-50%
7.0,11.666350720989406,4.666350720989406,4.666350720989406,25-50%
7.0,10.609654870262762,3.609654870262762,3.609654870262762,25-50%
7.0,10.591623478777773,3.591623478777773,3.591623478777773,25-50%
7.0,11.26660566607273,4.26660566607273,4.26660566607273,25-50%
7.0,10.672075524479723,3.672075524479723,3.672075524479723,25-50%
7.0,10.5201458668698,3.5201458668698002,3.5201458668698002,25-50%
7.0,11.56712228928308,4.5671222892830805,4.5671222892830805,25-50%
7.0,12.011966759486306,5.011966759486306,5.011966759486306,25-50%
7.0,10.536639951680094,3.536639951680094,3.536639951680094,25-50%
23.0,10.063076344129623,-12.936923655870377,12.936923655870377,75-100%
23.0,10.143049401180967,-12.856950598819033,12.856950598819033,75-100%
23.0,10.015556006972723,-12.984443993027277,12.984443993027277,75-100%
23.0,10.143049401180967,-12.856950598819033,12.856950598819033,75-100%
23.0,9.858934550524355,-13.141065449475645,13.141065449475645,75-100%
23.0,10.143049401180967,-12.856950598819033,12.856950598819033,75-100%
23.0,10.083660699958955,-12.916339300041045,12.916339300041045,75-100%
23.0,9.966890038973265,-13.033109961026735,13.033109961026735,75-100%
23.0,10.083660699958955,-12.916339300041045,12.916339300041045,75-100%
23.0,10.083660699958955,-12.916339300041045,12.916339300041045,75-100%
23.0,10.143049401180967,-12.856950598819033,12.856950598819033,75-100%
23.0,10.083660699958955,-12.916339300041045,12.916339300041045,75-100%
23.0,10.143049401180967,-12.856950598819033,12.856950598819033,75-100%
23.0,10.143049401180967,-12.856950598819033,12.856950598819033,75-100%
23.0,10.143049401180967,-12.856950598819033,12.856950598819033,75-100%
23.0,10.143049401180967,-12.856950598819033,12.856950598819033,75-100%
23.0,10.143049401180967,-12.856950598819033,12.856950598819033,75-100%
23.0,10.143049401180967,-12.856950598819033,12.856950598819033,75-100%
23.0,9.582660231145518,-13.417339768854482,13.417339768854482,75-100%
23.0,9.966890038973265,-13.033109961026735,13.033109961026735,75-100%
23.0,9.817500128740903,-13.182499871259097,13.182499871259097,75-100%
23.0,10.143049401180967,-12.856950598819033,12.856950598819033,75-100%
23.0,9.582660231145518,-13.417339768854482,13.417339768854482,75-100%
23.0,9.582660231145518,-13.417339768854482,13.417339768854482,75-100%
23.0,10.143049401180967,-12.856950598819033,12.856950598819033,75-100%
23.0,10.143049401180967,-12.856950598819033,12.856950598819033,75-100%
23.0,9.633328222501655,-13.366671777498345,13.366671777498345,75-100%
23.0,9.966890038973265,-13.033109961026735,13.033109961026735,75-100%
23.0,9.826370240823065,-13.173629759176935,13.173629759176935,75-100%
23.0,10.074579788212693,-12.925420211787307,12.925420211787307,75-100%
23.0,10.143049401180967,-12.856950598819033,12.856950598819033,75-100%
23.0,10.083660699958955,-12.916339300041045,12.916339300041045,75-100%
23.0,9.32720887897354,-13.67279112102646,13.67279112102646,75-100%
23.0,9.463500989082341,-13.536499010917659,13.536499010917659,75-100%
23.0,9.537536701662951,-13.462463298337049,13.462463298337049,75-100%
23.0,9.247587375585393,-13.752412624414607,13.752412624414607,75-100%
23.0,9.18638119314306,-13.81361880685694,13.81361880685694,75-100%
7.0,9.460031805537332,2.460031805537332,2.460031805537332,25-50%
7.0,9.775056295571218,2.7750562955712184,2.7750562955712184,25-50%
7.0,9.775056295571218,2.7750562955712184,2.7750562955712184,25-50%
7.0,9.740842574754081,2.7408425747540814,2.7408425747540814,25-50%
7.0,10.148509533396881,3.148509533396881,3.148509533396881,25-50%
7.0,10.277031567501353,3.2770315675013535,3.2770315675013535,25-50%
7.0,10.148509533396881,3.148509533396881,3.148509533396881,25-50%
7.0,10.148509533396881,3.148509533396881,3.148509533396881,25-50%
7.0,10.148509533396881,3.148509533396881,3.148509533396881,25-50%
7.0,9.520653553123456,2.5206535531234557,2.5206535531234557,25-50%
7.0,9.520653553123456,2.5206535531234557,2.5206535531234557,25-50%
7.0,10.148509533396881,3.148509533396881,3.148509533396881,25-50%
7.0,10.253235024705514,3.253235024705514,3.253235024705514,25-50%
7.0,10.201931186030137,3.201931186030137,3.201931186030137,25-50%
7.0,10.178293118399589,3.178293118399589,3.178293118399589,25-50%
7.0,10.149641122377778,3.149641122377778,3.149641122377778,25-50%
7.0,10.201931186030137,3.201931186030137,3.201931186030137,25-50%
7.0,10.447857222674909,3.4478572226749087,3.4478572226749087,25-50%
7.0,9.697613575986338,2.697613575986338,2.697613575986338,25-50%
7.0,9.467804480962972,2.467804480962972,2.467804480962972,25-50%
7.0,9.697613575986338,2.697613575986338,2.697613575986338,25-50%
7.0,9.697613575986338,2.697613575986338,2.697613575986338,25-50%
7.0,9.255229160057729,2.2552291600577288,2.2552291600577288,25-50%
7.0,10.072480972600633,3.0724809726006335,3.0724809726006335,25-50%
4.0,9.080616615417075,5.080616615417075,5.080616615417075,0-25%
4.0,9.080616615417075,5.080616615417075,5.080616615417075,0-25%
4.0,9.080616615417075,5.080616615417075,5.080616615417075,0-25%
4.0,9.080616615417075,5.080616615417075,5.080616615417075,0-25%
9.0,8.869231434605908,-0.1307685653940922,0.1307685653940922,50-75%
4.0,9.080616615417075,5.080616615417075,5.080616615417075,0-25%
4.0,9.080616615417075,5.080616615417075,5.080616615417075,0-25%
4.0,9.080616615417075,5.080616615417075,5.080616615417075,0-25%
4.0,9.080616615417075,5.080616615417075,5.080616615417075,0-25%
4.0,9.080616615417075,5.080616615417075,5.080616615417075,0-25%
6.5,9.160130750021871,2.660130750021871,2.660130750021871,25-50%
9.0,8.998087549890037,-0.001912450109962549,0.001912450109962549,50-75%
9.0,9.0281651446113,0.028165144611300263,0.028165144611300263,50-75%
9.0,9.171215968464406,0.17121596846440568,0.17121596846440568,50-75%
4.0,9.080616615417075,5.080616615417075,5.080616615417075,0-25%
4.0,9.080616615417075,5.080616615417075,5.080616615417075,0-25%
4.0,9.080616615417075,5.080616615417075,5.080616615417075,0-25%
4.0,9.080616615417075,5.080616615417075,5.080616615417075,0-25%
4.0,9.061895093258642,5.0618950932586415,5.0618950932586415,0-25%
6.5,9.215233420116686,2.715233420116686,2.715233420116686,25-50%
6.5,9.171215968464406,2.6712159684644057,2.6712159684644057,25-50%
6.5,9.171215968464406,2.6712159684644057,2.6712159684644057,25-50%
9.0,9.160130750021871,0.16013075002187094,0.16013075002187094,50-75%
9.0,9.166517297666509,0.16651729766650902,0.16651729766650902,50-75%
9.0,9.171215968464406,0.17121596846440568,0.17121596846440568,50-75%
4.0,9.080616615417075,5.080616615417075,5.080616615417075,0-25%
4.0,9.080616615417075,5.080616615417075,5.080616615417075,0-25%
4.0,9.080616615417075,5.080616615417075,5.080616615417075,0-25%
4.0,9.080616615417075,5.080616615417075,5.080616615417075,0-25%
4.0,9.080616615417075,5.080616615417075,5.080616615417075,0-25%
6.5,9.080616615417075,2.5806166154170747,2.5806166154170747,25-50%
6.5,9.171215968464406,2.6712159684644057,2.6712159684644057,25-50%
9.0,9.004540403284475,0.004540403284474692,0.004540403284474692,50-75%
9.0,9.30259978411142,0.3025997841114201,0.3025997841114201,50-75%
4.0,10.72116254967877,6.72116254967877,6.72116254967877,0-25%
4.0,10.72116254967877,6.72116254967877,6.72116254967877,0-25%
4.0,10.72116254967877,6.72116254967877,6.72116254967877,0-25%
4.0,9.080616615417075,5.080616615417075,5.080616615417075,0-25%
4.0,9.080616615417075,5.080616615417075,5.080616615417075,0-25%
4.0,9.080572824887222,5.080572824887222,5.080572824887222,0-25%
4.0,9.080572824887222,5.080572824887222,5.080572824887222,0-25%
4.0,9.080572824887222,5.080572824887222,5.080572824887222,0-25%
6.5,9.080616615417075,2.5806166154170747,2.5806166154170747,25-50%
9.0,9.080616615417075,0.08061661541707466,0.08061661541707466,50-75%
9.0,9.166517297666509,0.16651729766650902,0.16651729766650902,50-75%
9.0,9.32791773902274,0.32791773902273924,0.32791773902273924,50-75%
4.0,10.72116254967877,6.72116254967877,6.72116254967877,0-25%
4.0,10.72116254967877,6.72116254967877,6.72116254967877,0-25%
4.0,10.72116254967877,6.72116254967877,6.72116254967877,0-25%
4.0,10.72116254967877,6.72116254967877,6.72116254967877,0-25%
4.0,10.72116254967877,6.72116254967877,6.72116254967877,0-25%
4.0,9.080616615417075,5.080616615417075,5.080616615417075,0-25%
4.0,9.080616615417075,5.080616615417075,5.080616615417075,0-25%
4.0,9.080572824887222,5.080572824887222,5.080572824887222,0-25%
4.0,9.080572824887222,5.080572824887222,5.080572824887222,0-25%
9.0,9.080572824887222,0.08057282488722173,0.08057282488722173,50-75%
9.0,9.080616615417075,0.08061661541707466,0.08061661541707466,50-75%
9.0,8.951276049923539,-0.04872395007646091,0.04872395007646091,50-75%
4.0,9.739088557993394,5.739088557993394,5.739088557993394,0-25%
4.0,10.608805599595147,6.608805599595147,6.608805599595147,0-25%
4.0,10.72116254967877,6.72116254967877,6.72116254967877,0-25%
4.0,10.72116254967877,6.72116254967877,6.72116254967877,0-25%
4.0,10.72116254967877,6.72116254967877,6.72116254967877,0-25%
4.0,10.72116254967877,6.72116254967877,6.72116254967877,0-25%
4.0,10.72116254967877,6.72116254967877,6.72116254967877,0-25%
4.0,9.061895093258642,5.0618950932586415,5.0618950932586415,0-25%
4.0,10.72116254967877,6.72116254967877,6.72116254967877,0-25%
4.0,10.811470973104104,6.811470973104104,6.811470973104104,0-25%
4.0,10.72116254967877,6.72116254967877,6.72116254967877,0-25%
4.0,8.882521885861605,4.882521885861605,4.882521885861605,0-25%
4.0,8.876270533679453,4.8762705336794525,4.8762705336794525,0-25%
4.0,9.926570497894895,5.926570497894895,5.926570497894895,0-25%
4.0,10.72116254967877,6.72116254967877,6.72116254967877,0-25%
4.0,10.72116254967877,6.72116254967877,6.72116254967877,0-25%
4.0,10.72116254967877,6.72116254967877,6.72116254967877,0-25%
4.0,10.72116254967877,6.72116254967877,6.72116254967877,0-25%
4.0,10.72116254967877,6.72116254967877,6.72116254967877,0-25%
4.0,9.080616615417075,5.080616615417075,5.080616615417075,0-25%
4.0,8.882521885861605,4.882521885861605,4.882521885861605,0-25%
4.0,10.72116254967877,6.72116254967877,6.72116254967877,0-25%
4.0,10.72116254967877,6.72116254967877,6.72116254967877,0-25%
4.0,10.72116254967877,6.72116254967877,6.72116254967877,0-25%
4.0,10.72116254967877,6.72116254967877,6.72116254967877,0-25%
4.0,9.080616615417075,5.080616615417075,5.080616615417075,0-25%
4.0,9.080616615417075,5.080616615417075,5.080616615417075,0-25%
4.0,10.72116254967877,6.72116254967877,6.72116254967877,0-25%
4.0,9.080616615417075,5.080616615417075,5.080616615417075,0-25%
21.0,7.835065479935317,-13.164934520064683,13.164934520064683,75-100%
21.0,7.840619105968228,-13.159380894031772,13.159380894031772,75-100%
21.0,7.857112435836574,-13.142887564163427,13.142887564163427,75-100%
21.0,7.840619105968228,-13.159380894031772,13.159380894031772,75-100%
21.0,7.674714496514455,-13.325285503485546,13.325285503485546,75-100%
21.0,7.840619105968228,-13.159380894031772,13.159380894031772,75-100%
21.0,7.840619105968228,-13.159380894031772,13.159380894031772,75-100%
21.0,7.882981762745548,-13.117018237254452,13.117018237254452,75-100%
21.0,7.835065479935317,-13.164934520064683,13.164934520064683,75-100%
21.0,7.840619105968228,-13.159380894031772,13.159380894031772,75-100%
21.0,7.870238224569517,-13.129761775430483,13.129761775430483,75-100%
21.0,8.702123544745547,-12.297876455254453,12.297876455254453,75-100%
21.0,7.840619105968228,-13.159380894031772,13.159380894031772,75-100%
21.0,7.835065479935317,-13.164934520064683,13.164934520064683,75-100%
21.0,7.835065479935317,-13.164934520064683,13.164934520064683,75-100%
21.0,7.882981762745548,-13.117018237254452,13.117018237254452,75-100%
21.0,7.635864791398592,-13.364135208601407,13.364135208601407,75-100%
21.0,8.702123544745547,-12.297876455254453,12.297876455254453,75-100%
21.0,8.03801894303688,-12.96198105696312,12.96198105696312,75-100%
21.0,8.03801894303688,-12.96198105696312,12.96198105696312,75-100%
21.0,7.835065479935317,-13.164934520064683,13.164934520064683,75-100%
21.0,7.835065479935317,-13.164934520064683,13.164934520064683,75-100%
21.0,7.814873149054396,-13.185126850945604,13.185126850945604,75-100%
21.0,8.269803415141007,-12.730196584858993,12.730196584858993,75-100%
21.0,7.999335856818559,-13.000664143181442,13.000664143181442,75-100%
21.0,8.696028726583295,-12.303971273416705,12.303971273416705,75-100%
21.0,8.696028726583295,-12.303971273416705,12.303971273416705,75-100%
21.0,7.857112435836574,-13.142887564163427,13.142887564163427,75-100%
21.0,7.786954854082703,-13.213045145917297,13.213045145917297,75-100%
21.0,8.696028726583295,-12.303971273416705,12.303971273416705,75-100%
21.0,8.696028726583295,-12.303971273416705,12.303971273416705,75-100%
21.0,8.702123544745547,-12.297876455254453,12.297876455254453,75-100%
21.0,8.748614375852583,-12.251385624147417,12.251385624147417,75-100%
12.0,10.260578648735425,-1.7394213512645749,1.7394213512645749,50-75%
12.0,10.353283836532821,-1.646716163467179,1.646716163467179,50-75%
12.0,10.231219175666507,-1.7687808243334935,1.7687808243334935,50-75%
12.0,10.272510777986323,-1.727489222013677,1.727489222013677,50-75%
12.0,10.308231527773849,-1.6917684722261512,1.6917684722261512,50-75%
12.0,10.450755921536857,-1.5492440784631434,1.5492440784631434,50-75%
12.0,10.422705028430855,-1.5772949715691453,1.5772949715691453,50-75%
12.0,9.969383842074977,-2.0306161579250226,2.0306161579250226,50-75%
12.0,10.260578648735425,-1.7394213512645749,1.7394213512645749,50-75%
12.0,10.372985051678626,-1.6270149483213743,1.6270149483213743,50-75%
12.0,10.324989749942986,-1.6750102500570136,1.6750102500570136,50-75%
12.0,10.413010318119168,-1.5869896818808318,1.5869896818808318,50-75%
12.0,10.260578648735425,-1.7394213512645749,1.7394213512645749,50-75%
12.0,10.308231527773849,-1.6917684722261512,1.6917684722261512,50-75%
12.0,10.304006307541416,-1.6959936924585843,1.6959936924585843,50-75%
12.0,10.458480068491573,-1.541519931508427,1.541519931508427,50-75%
19.0,10.529259886935746,-8.470740113064254,8.470740113064254,75-100%
20.0,10.482877324105479,-9.517122675894521,9.517122675894521,75-100%
16.0,10.429972135156612,-5.570027864843388,5.570027864843388,75-100%
12.0,11.047185952624892,-0.9528140473751083,0.9528140473751083,50-75%
12.0,11.65341815240181,-0.34658184759818944,0.34658184759818944,50-75%
12.0,10.304006307541416,-1.6959936924585843,1.6959936924585843,50-75%
12.0,10.458480068491573,-1.541519931508427,1.541519931508427,50-75%
19.0,11.693579160509223,-7.306420839490777,7.306420839490777,75-100%
19.0,11.210497577815115,-7.789502422184885,7.789502422184885,75-100%
19.0,11.693579160509223,-7.306420839490777,7.306420839490777,75-100%
19.0,11.358498916807786,-7.641501083192214,7.641501083192214,75-100%
19.0,11.427546457806455,-7.572453542193545,7.572453542193545,75-100%
20.0,10.643225643745257,-9.356774356254743,9.356774356254743,75-100%
16.0,10.589581680192367,-5.410418319807633,5.410418319807633,75-100%
12.0,11.373726234110618,-0.6262737658893816,0.6262737658893816,50-75%
12.0,11.50107969481682,-0.4989203051831801,0.4989203051831801,50-75%
12.0,10.499723553295926,-1.5002764467040741,1.5002764467040741,50-75%
12.0,10.429871273172745,-1.5701287268272548,1.5701287268272548,50-75%
19.0,11.129926803985954,-7.8700731960140455,7.8700731960140455,75-100%
19.0,11.540757191990155,-7.459242808009845,7.459242808009845,75-100%
19.0,11.514293963309349,-7.485706036690651,7.485706036690651,75-100%
19.0,11.694867576172603,-7.305132423827397,7.305132423827397,75-100%
19.0,11.540757191990155,-7.459242808009845,7.459242808009845,75-100%
19.0,11.877351192248438,-7.1226488077515615,7.1226488077515615,75-100%
19.0,11.046638317387629,-7.953361682612371,7.953361682612371,75-100%
19.0,10.731757864072428,-8.268242135927572,8.268242135927572,75-100%
19.0,11.036571852217145,-7.963428147782855,7.963428147782855,75-100%
19.0,11.036571852217145,-7.963428147782855,7.963428147782855,75-100%
19.0,10.499528187594503,-8.500471812405497,8.500471812405497,75-100%
32.0,10.55186542523413,-21.44813457476587,21.44813457476587,75-100%
15.5,11.438504096561182,-4.061495903438818,4.061495903438818,75-100%
13.0,11.949156302149987,-1.0508436978500129,1.0508436978500129,50-75%
32.0,10.596763636496465,-21.403236363503535,21.403236363503535,75-100%
32.0,10.596763636496465,-21.403236363503535,21.403236363503535,75-100%
32.0,10.51579392516159,-21.48420607483841,21.48420607483841,75-100%
13.0,12.28289441749234,-0.71710558250766,0.71710558250766,50-75%
32.0,11.007690709045042,-20.992309290954957,20.992309290954957,75-100%
21.5,10.136036444006237,-11.363963555993763,11.363963555993763,75-100%
21.5,10.394439201395905,-11.105560798604095,11.105560798604095,75-100%
13.0,12.181335749981713,-0.818664250018287,0.818664250018287,50-75%
13.0,12.181335749981713,-0.818664250018287,0.818664250018287,50-75%
13.0,12.181335749981713,-0.818664250018287,0.818664250018287,50-75%
13.0,11.477135769037432,-1.5228642309625684,1.5228642309625684,50-75%
32.0,11.523864583236762,-20.47613541676324,20.47613541676324,75-100%
32.0,10.642472574249798,-21.357527425750202,21.357527425750202,75-100%
21.5,10.523691649280092,-10.976308350719908,10.976308350719908,75-100%
21.5,10.443232133539182,-11.056767866460818,11.056767866460818,75-100%
21.5,10.523691649280092,-10.976308350719908,10.976308350719908,75-100%
21.5,10.040160328118782,-11.459839671881218,11.459839671881218,75-100%
11.0,10.824818769287441,-0.17518123071255864,0.17518123071255864,50-75%
13.0,12.278486961158729,-0.7215130388412714,0.7215130388412714,50-75%
13.0,12.181335749981713,-0.818664250018287,0.818664250018287,50-75%
13.0,11.410636836688152,-1.5893631633118481,1.5893631633118481,50-75%
32.0,10.642472574249798,-21.357527425750202,21.357527425750202,75-100%
21.5,11.488726746861811,-10.011273253138189,10.011273253138189,75-100%
21.5,10.932029442721728,-10.567970557278272,10.567970557278272,75-100%
21.5,10.523691649280092,-10.976308350719908,10.976308350719908,75-100%
21.5,10.523691649280092,-10.976308350719908,10.976308350719908,75-100%
21.5,10.523691649280092,-10.976308350719908,10.976308350719908,75-100%
21.5,10.523691649280092,-10.976308350719908,10.976308350719908,75-100%
11.0,10.740139225188317,-0.259860774811683,0.259860774811683,50-75%
11.0,10.595330717971565,-0.40466928202843455,0.40466928202843455,50-75%
13.0,12.226354947954896,-0.7736450520451044,0.7736450520451044,50-75%
13.0,12.111083668852132,-0.8889163311478683,0.8889163311478683,50-75%
32.0,10.535587172505986,-21.464412827494016,21.464412827494016,75-100%
21.5,11.488726746861811,-10.011273253138189,10.011273253138189,75-100%
21.5,10.932029442721728,-10.567970557278272,10.567970557278272,75-100%
21.5,10.523691649280092,-10.976308350719908,10.976308350719908,75-100%
21.5,10.523691649280092,-10.976308350719908,10.976308350719908,75-100%
21.5,10.523691649280092,-10.976308350719908,10.976308350719908,75-100%
11.0,10.824818769287441,-0.17518123071255864,0.17518123071255864,50-75%
11.0,10.657461060123104,-0.34253893987689565,0.34253893987689565,50-75%
11.0,10.657461060123104,-0.34253893987689565,0.34253893987689565,50-75%
11.0,11.131420669999239,0.13142066999923863,0.13142066999923863,50-75%
21.5,10.573038062451044,-10.926961937548956,10.926961937548956,75-100%
21.5,10.13867333214241,-11.36132666785759,11.36132666785759,75-100%
11.0,10.739073833537848,-0.26092616646215205,0.26092616646215205,50-75%
11.0,11.649256798489807,0.649256798489807,0.649256798489807,50-75%
11.0,10.657461060123104,-0.34253893987689565,0.34253893987689565,50-75%
5.0,10.501696936303466,5.501696936303466,5.501696936303466,0-25%
11.0,10.472771141615691,-0.5272288583843086,0.5272288583843086,50-75%
11.0,10.716259311952022,-0.2837406880479776,0.2837406880479776,50-75%
5.0,10.56332556797917,5.56332556797917,5.56332556797917,0-25%
5.0,10.56332556797917,5.56332556797917,5.56332556797917,0-25%
5.0,10.501696936303466,5.501696936303466,5.501696936303466,0-25%
5.0,10.501696936303466,5.501696936303466,5.501696936303466,0-25%
5.0,10.501696936303466,5.501696936303466,5.501696936303466,0-25%
5.0,10.561971616567547,5.561971616567547,5.561971616567547,0-25%
5.0,12.276050333126765,7.276050333126765,7.276050333126765,0-25%
5.0,10.501696936303466,5.501696936303466,5.501696936303466,0-25%
5.0,10.501696936303466,5.501696936303466,5.501696936303466,0-25%
5.0,10.501646972554,5.501646972553999,5.501646972553999,0-25%
5.0,10.501646972554,5.501646972553999,5.501646972553999,0-25%
5.0,10.501646972554,5.501646972553999,5.501646972553999,0-25%
5.0,10.501696936303466,5.501696936303466,5.501696936303466,0-25%
5.0,10.56332556797917,5.56332556797917,5.56332556797917,0-25%
11.0,10.618899732580571,-0.3811002674194288,0.3811002674194288,50-75%
5.0,12.347186342066966,7.347186342066966,7.347186342066966,0-25%
5.0,12.347186342066966,7.347186342066966,7.347186342066966,0-25%
5.0,10.56332556797917,5.56332556797917,5.56332556797917,0-25%
5.0,10.501696936303466,5.501696936303466,5.501696936303466,0-25%
5.0,10.501646972554,5.501646972553999,5.501646972553999,0-25%
5.0,10.501646972554,5.501646972553999,5.501646972553999,0-25%
5.0,10.501696936303466,5.501696936303466,5.501696936303466,0-25%
8.0,10.461999725612483,2.4619997256124826,2.4619997256124826,25-50%
11.0,10.44534124314566,-0.5546587568543409,0.5546587568543409,50-75%
11.0,10.523976890651568,-0.47602310934843217,0.47602310934843217,50-75%
11.0,10.518801267143992,-0.4811987328560079,0.4811987328560079,50-75%
5.0,12.347186342066966,7.347186342066966,7.347186342066966,0-25%
5.0,12.347186342066966,7.347186342066966,7.347186342066966,0-25%
5.0,12.276050333126765,7.276050333126765,7.276050333126765,0-25%
5.0,10.480336211829206,5.480336211829206,5.480336211829206,0-25%
5.0,10.501646972554,5.501646972553999,5.501646972553999,0-25%
5.0,10.501696936303466,5.501696936303466,5.501696936303466,0-25%
8.0,10.462049517132257,2.4620495171322574,2.4620495171322574,25-50%
7.333333333333332,10.462049517132257,3.1287161837989252,3.1287161837989252,25-50%
8.5,10.52346570918218,2.0234657091821795,2.0234657091821795,50-75%
9.5,10.409425817063227,0.9094258170632266,0.9094258170632266,50-75%
9.5,10.417574887922397,0.917574887922397,0.917574887922397,50-75%
9.5,10.37517800161414,0.8751780016141399,0.8751780016141399,50-75%
5.0,12.347186342066966,7.347186342066966,7.347186342066966,0-25%
5.0,9.986589446823459,4.986589446823459,4.986589446823459,0-25%
5.0,10.328923213260195,5.328923213260195,5.328923213260195,0-25%
5.0,10.501696936303466,5.501696936303466,5.501696936303466,0-25%
5.5,10.501696936303466,5.001696936303466,5.001696936303466,25-50%
7.333333333333332,10.52346570918218,3.1901323758488473,3.1901323758488473,25-50%
8.5,10.52346570918218,2.0234657091821795,2.0234657091821795,50-75%
8.5,10.52346570918218,2.0234657091821795,2.0234657091821795,50-75%
8.333333333333334,10.70649514737723,2.373161814043897,2.373161814043897,50-75%
9.5,10.264517606171886,0.7645176061718857,0.7645176061718857,50-75%
9.5,10.363302338498311,0.8633023384983112,0.8633023384983112,50-75%
8.0,9.914958858095222,1.914958858095222,1.914958858095222,25-50%
8.0,9.895888998348685,1.8958889983486849,1.8958889983486849,25-50%
5.0,10.501696936303466,5.501696936303466,5.501696936303466,0-25%
5.0,9.965184214942141,4.965184214942141,4.965184214942141,0-25%
5.0,9.965184214942141,4.965184214942141,4.965184214942141,0-25%
5.5,10.501696936303466,5.001696936303466,5.001696936303466,25-50%
8.5,10.52346570918218,2.0234657091821795,2.0234657091821795,50-75%
8.5,10.52346570918218,2.0234657091821795,2.0234657091821795,50-75%
8.5,10.462049517132257,1.9620495171322574,1.9620495171322574,50-75%
8.333333333333334,10.79131970726764,2.4579863739343057,2.4579863739343057,50-75%
8.333333333333334,10.712968477444909,2.3796351441115746,2.3796351441115746,50-75%
8.333333333333334,10.70649514737723,2.373161814043897,2.373161814043897,50-75%
9.5,10.424189421362456,0.9241894213624562,0.9241894213624562,50-75%
8.0,10.101897253793787,2.101897253793787,2.101897253793787,25-50%
8.0,10.009468038027805,2.009468038027805,2.009468038027805,25-50%
6.0,9.94602660493257,3.9460266049325696,3.9460266049325696,25-50%
6.0,10.501646972554,4.501646972553999,4.501646972553999,25-50%
6.0,10.56332556797917,4.56332556797917,4.56332556797917,25-50%
8.5,10.52346570918218,2.0234657091821795,2.0234657091821795,50-75%
8.5,10.728475943599687,2.228475943599687,2.228475943599687,50-75%
8.333333333333334,10.728475943599687,2.395142610266353,2.395142610266353,50-75%
8.333333333333334,10.79131970726764,2.4579863739343057,2.4579863739343057,50-75%
8.333333333333334,10.79131970726764,2.4579863739343057,2.4579863739343057,50-75%
9.5,10.79131970726764,1.2913197072676397,1.2913197072676397,50-75%
8.0,10.362760599150159,2.3627605991501586,2.3627605991501586,25-50%
8.0,9.895888998348685,1.8958889983486849,1.8958889983486849,25-50%
8.0,9.895888998348685,1.8958889983486849,1.8958889983486849,25-50%
8.0,9.895888998348685,1.8958889983486849,1.8958889983486849,25-50%
6.0,10.41343661218702,4.41343661218702,4.41343661218702,25-50%
6.0,9.887687968873069,3.8876879688730686,3.8876879688730686,25-50%
6.0,10.56332556797917,4.56332556797917,4.56332556797917,25-50%
6.0,10.56332556797917,4.56332556797917,4.56332556797917,25-50%
6.0,10.629086639593506,4.629086639593506,4.629086639593506,25-50%
8.333333333333334,10.15377754975894,1.8204442164256065,1.8204442164256065,50-75%
8.333333333333334,10.79131970726764,2.4579863739343057,2.4579863739343057,50-75%
7.0,10.645579272844024,3.6455792728440244,3.6455792728440244,25-50%
8.0,10.458704605836726,2.4587046058367257,2.4587046058367257,25-50%
8.0,10.850331618562834,2.8503316185628336,2.8503316185628336,25-50%
6.0,9.927987152733465,3.927987152733465,3.927987152733465,25-50%
6.0,9.94602660493257,3.9460266049325696,3.9460266049325696,25-50%
6.0,10.084747090051561,4.084747090051561,4.084747090051561,25-50%
6.0,10.718343514554618,4.718343514554618,4.718343514554618,25-50%
6.0,10.832106077481537,4.832106077481537,4.832106077481537,25-50%
7.0,10.698376288487514,3.6983762884875144,3.6983762884875144,25-50%
8.0,10.675327161644631,2.6753271616446312,2.6753271616446312,25-50%
8.0,10.061133721436349,2.0611337214363488,2.0611337214363488,25-50%
8.0,10.141092735605708,2.1410927356057083,2.1410927356057083,25-50%
8.0,10.141092735605708,2.1410927356057083,2.1410927356057083,25-50%
6.0,10.718343514554618,4.718343514554618,4.718343514554618,25-50%
6.0,10.718343514554618,4.718343514554618,4.718343514554618,25-50%
9.0,10.566820208130618,1.5668202081306184,1.5668202081306184,50-75%
9.0,10.45248810988856,1.4524881098885594,1.4524881098885594,50-75%
9.0,10.45248810988856,1.4524881098885594,1.4524881098885594,50-75%
9.0,10.44427324671837,1.4442732467183692,1.4442732467183692,50-75%
9.0,10.48593785561349,1.4859378556134892,1.4859378556134892,50-75%
9.0,10.343107052632353,1.3431070526323534,1.3431070526323534,50-75%
9.0,10.392072743289983,1.392072743289983,1.392072743289983,50-75%
9.0,10.885466782100256,1.8854667821002558,1.8854667821002558,50-75%
9.0,10.206819922587382,1.206819922587382,1.206819922587382,50-75%
9.0,10.44427324671837,1.4442732467183692,1.4442732467183692,50-75%
7.0,10.446344759459251,3.446344759459251,3.446344759459251,25-50%
7.0,10.446344759459251,3.446344759459251,3.446344759459251,25-50%
7.0,10.308231527773849,3.3082315277738488,3.3082315277738488,25-50%
7.0,10.45799498751152,3.457994987511521,3.457994987511521,25-50%
9.0,10.885466782100256,1.8854667821002558,1.8854667821002558,50-75%
9.0,10.351748645401926,1.3517486454019263,1.3517486454019263,50-75%
7.0,10.439154231570216,3.4391542315702157,3.4391542315702157,25-50%
7.0,10.446344759459251,3.446344759459251,3.446344759459251,25-50%
7.0,10.308231527773849,3.3082315277738488,3.3082315277738488,25-50%
7.0,10.446344759459251,3.446344759459251,3.446344759459251,25-50%
7.0,10.446344759459251,3.446344759459251,3.446344759459251,25-50%
7.0,10.213864407657647,3.2138644076576472,3.2138644076576472,25-50%
7.0,10.406202589602422,3.4062025896024224,3.4062025896024224,25-50%
7.0,10.446344759459251,3.446344759459251,3.446344759459251,25-50%
7.0,10.446344759459251,3.446344759459251,3.446344759459251,25-50%
7.0,10.341259937458558,3.341259937458558,3.341259937458558,25-50%
7.0,10.439154231570216,3.4391542315702157,3.4391542315702157,25-50%
7.0,10.491947315172602,3.4919473151726024,3.4919473151726024,25-50%
5.0,10.488134164327379,5.488134164327379,5.488134164327379,0-25%
7.0,11.548006618692153,4.548006618692153,4.548006618692153,25-50%
7.0,10.446344759459251,3.446344759459251,3.446344759459251,25-50%
7.0,10.439154231570216,3.4391542315702157,3.4391542315702157,25-50%
7.0,10.439154231570216,3.4391542315702157,3.4391542315702157,25-50%
7.0,10.341259937458558,3.341259937458558,3.341259937458558,25-50%
5.0,10.518698376791072,5.518698376791072,5.518698376791072,0-25%
5.0,11.778186783448419,6.778186783448419,6.778186783448419,0-25%
5.0,10.974282269324311,5.974282269324311,5.974282269324311,0-25%
7.0,10.738649593207287,3.7386495932072865,3.7386495932072865,25-50%
5.0,10.603943265323794,5.603943265323794,5.603943265323794,0-25%
5.0,10.603943265323794,5.603943265323794,5.603943265323794,0-25%
5.0,10.577422730476712,5.577422730476712,5.577422730476712,0-25%
5.0,11.033628360815925,6.033628360815925,6.033628360815925,0-25%
5.0,10.923031857442439,5.923031857442439,5.923031857442439,0-25%
5.0,11.853676684434355,6.853676684434355,6.853676684434355,0-25%
5.0,11.878901940972145,6.8789019409721455,6.8789019409721455,0-25%
5.0,10.471134528223018,5.471134528223018,5.471134528223018,0-25%
7.0,10.463061628859297,3.463061628859297,3.463061628859297,25-50%
7.0,10.486840762800629,3.486840762800629,3.486840762800629,25-50%
7.0,10.185691885283546,3.1856918852835463,3.1856918852835463,25-50%
7.0,10.185691885283546,3.1856918852835463,3.1856918852835463,25-50%
7.0,10.479624795555404,3.479624795555404,3.479624795555404,25-50%
7.0,10.479624795555404,3.479624795555404,3.479624795555404,25-50%
7.0,10.88399283009161,3.8839928300916107,3.8839928300916107,25-50%
7.0,10.59195437246089,3.59195437246089,3.59195437246089,25-50%
7.0,10.59195437246089,3.59195437246089,3.59195437246089,25-50%
7.0,10.486840762800629,3.486840762800629,3.486840762800629,25-50%
7.0,10.479624795555404,3.479624795555404,3.479624795555404,25-50%
7.0,10.479624795555404,3.479624795555404,3.479624795555404,25-50%
7.0,10.479624795555404,3.479624795555404,3.479624795555404,25-50%
7.0,10.463061628859297,3.463061628859297,3.463061628859297,25-50%
7.0,10.675983242249103,3.675983242249103,3.675983242249103,25-50%
7.0,10.463061628859297,3.463061628859297,3.463061628859297,25-50%
6.0,10.393750429390643,4.393750429390643,4.393750429390643,25-50%
6.0,10.393750429390643,4.393750429390643,4.393750429390643,25-50%
6.0,10.393750429390643,4.393750429390643,4.393750429390643,25-50%
6.0,10.393750429390643,4.393750429390643,4.393750429390643,25-50%
6.0,10.56070490994517,4.560704909945169,4.560704909945169,25-50%
6.0,10.552829524425622,4.552829524425622,4.552829524425622,25-50%
6.0,10.552829524425622,4.552829524425622,4.552829524425622,25-50%
6.0,10.552829524425622,4.552829524425622,4.552829524425622,25-50%
6.0,10.527150246262904,4.527150246262904,4.527150246262904,25-50%
6.0,10.42932408719038,4.4293240871903805,4.4293240871903805,25-50%
6.0,10.052595841807308,4.0525958418073085,4.0525958418073085,25-50%
6.0,10.540295204992931,4.5402952049929315,4.5402952049929315,25-50%
6.0,10.425128281091068,4.425128281091068,4.425128281091068,25-50%
6.0,10.426792452788696,4.426792452788696,4.426792452788696,25-50%
6.0,10.740144562083936,4.740144562083936,4.740144562083936,25-50%
6.0,10.201410237689128,4.201410237689128,4.201410237689128,25-50%
6.0,10.095553560308659,4.095553560308659,4.095553560308659,25-50%
6.0,10.302989311350213,4.302989311350213,4.302989311350213,25-50%
6.0,10.58813275783758,4.588132757837579,4.588132757837579,25-50%
6.0,10.201410237689128,4.201410237689128,4.201410237689128,25-50%
6.0,10.184466855688214,4.184466855688214,4.184466855688214,25-50%
6.0,10.18344760061975,4.1834476006197505,4.1834476006197505,25-50%
6.0,10.237369910628399,4.237369910628399,4.237369910628399,25-50%
6.0,10.710772180005733,4.710772180005733,4.710772180005733,25-50%
6.0,10.18344760061975,4.1834476006197505,4.1834476006197505,25-50%
6.0,9.94835572803478,3.9483557280347803,3.9483557280347803,25-50%
6.0,10.874529333075941,4.874529333075941,4.874529333075941,25-50%
6.0,10.611686677359641,4.611686677359641,4.611686677359641,25-50%
9.0,10.151087167343375,1.1510871673433751,1.1510871673433751,50-75%
9.0,10.004621696098022,1.004621696098022,1.004621696098022,50-75%
9.0,10.293268068489883,1.2932680684898834,1.2932680684898834,50-75%
9.0,10.139283566886537,1.1392835668865366,1.1392835668865366,50-75%
9.0,10.33380723190401,1.3338072319040108,1.3338072319040108,50-75%
9.0,10.391947927874801,1.391947927874801,1.391947927874801,50-75%
9.0,10.358229926164668,1.3582299261646682,1.3582299261646682,50-75%
9.0,10.391947927874801,1.391947927874801,1.391947927874801,50-75%
9.0,10.391947927874801,1.391947927874801,1.391947927874801,50-75%
9.0,10.287362503846525,1.2873625038465253,1.2873625038465253,50-75%
8.0,9.804154413836411,1.804154413836411,1.804154413836411,25-50%
8.0,10.32930034341884,2.32930034341884,2.32930034341884,25-50%
8.0,10.101782438694718,2.101782438694718,2.101782438694718,25-50%
8.0,10.19261707251426,2.1926170725142597,2.1926170725142597,25-50%
8.0,10.638619962740837,2.6386199627408367,2.6386199627408367,25-50%
8.0,10.062045779098924,2.0620457790989235,2.0620457790989235,25-50%
8.0,10.19261707251426,2.1926170725142597,2.1926170725142597,25-50%
8.0,10.32930034341884,2.32930034341884,2.32930034341884,25-50%
8.0,10.606561010415234,2.606561010415234,2.606561010415234,25-50%
8.0,10.572896627790337,2.572896627790337,2.572896627790337,25-50%
8.0,10.19261707251426,2.1926170725142597,2.1926170725142597,25-50%
8.0,10.323169193768068,2.3231691937680683,2.3231691937680683,25-50%
8.0,10.305651529954494,2.3056515299544937,2.3056515299544937,25-50%
8.0,10.703802795289732,2.7038027952897323,2.7038027952897323,25-50%
8.0,10.703802795289732,2.7038027952897323,2.7038027952897323,25-50%
8.0,10.555772592330154,2.555772592330154,2.555772592330154,25-50%
8.0,10.19261707251426,2.1926170725142597,2.1926170725142597,25-50%
8.0,10.19517723340023,2.19517723340023,2.19517723340023,25-50%
8.0,10.306382292574558,2.3063822925745576,2.3063822925745576,25-50%
8.0,11.078950766144011,3.078950766144011,3.078950766144011,25-50%
8.0,10.587603688801009,2.5876036888010088,2.5876036888010088,25-50%
8.0,10.375090231390754,2.375090231390754,2.375090231390754,25-50%
8.0,11.078950766144011,3.078950766144011,3.078950766144011,25-50%
4.0,11.3137926635526,7.313792663552601,7.313792663552601,0-25%
4.0,11.463848836873753,7.463848836873753,7.463848836873753,0-25%
4.0,11.463848836873753,7.463848836873753,7.463848836873753,0-25%
4.0,11.99934457026332,7.99934457026332,7.99934457026332,0-25%
4.0,10.82673055040286,6.826730550402861,6.826730550402861,0-25%
4.0,11.001190879403959,7.001190879403959,7.001190879403959,0-25%
4.0,11.463848836873753,7.463848836873753,7.463848836873753,0-25%
4.0,11.463848836873753,7.463848836873753,7.463848836873753,0-25%
4.0,11.99934457026332,7.99934457026332,7.99934457026332,0-25%
4.0,11.93641751587522,7.93641751587522,7.93641751587522,0-25%
4.0,11.93641751587522,7.93641751587522,7.93641751587522,0-25%
4.0,11.093667602505803,7.093667602505803,7.093667602505803,0-25%
4.0,11.258913587016284,7.258913587016284,7.258913587016284,0-25%
4.0,11.463848836873753,7.463848836873753,7.463848836873753,0-25%
4.0,11.111232080594105,7.111232080594105,7.111232080594105,0-25%
4.0,10.65295691310858,6.65295691310858,6.65295691310858,0-25%
4.0,10.65295691310858,6.65295691310858,6.65295691310858,0-25%
4.0,10.892807075396405,6.892807075396405,6.892807075396405,0-25%
4.0,11.465813251064656,7.465813251064656,7.465813251064656,0-25%
4.0,11.046683291697178,7.046683291697178,7.046683291697178,0-25%
4.0,10.65295691310858,6.65295691310858,6.65295691310858,0-25%
4.0,11.477626790292163,7.477626790292163,7.477626790292163,0-25%
4.0,11.465813251064656,7.465813251064656,7.465813251064656,0-25%
4.0,11.408301002591921,7.408301002591921,7.408301002591921,0-25%
4.0,10.410221668823107,6.410221668823107,6.410221668823107,0-25%
4.0,10.439399266917897,6.439399266917897,6.439399266917897,0-25%
4.0,10.440392404776865,6.4403924047768655,6.4403924047768655,0-25%
4.0,10.375390923034255,6.375390923034255,6.375390923034255,0-25%
4.0,10.433205616122777,6.433205616122777,6.433205616122777,0-25%
4.0,10.432213102147296,6.432213102147296,6.432213102147296,0-25%
6.0,11.93641751587522,5.93641751587522,5.93641751587522,25-50%
6.0,11.867470766464589,5.867470766464589,5.867470766464589,25-50%
6.0,10.16740001476974,4.16740001476974,4.16740001476974,25-50%
6.0,10.22723740972954,4.22723740972954,4.22723740972954,25-50%
6.0,10.22723740972954,4.22723740972954,4.22723740972954,25-50%
6.0,10.374726983275012,4.374726983275012,4.374726983275012,25-50%
6.0,11.93641751587522,5.93641751587522,5.93641751587522,25-50%
6.0,11.93641751587522,5.93641751587522,5.93641751587522,25-50%
6.0,11.93641751587522,5.93641751587522,5.93641751587522,25-50%
6.0,11.867470766464589,5.867470766464589,5.867470766464589,25-50%
6.0,10.16740001476974,4.16740001476974,4.16740001476974,25-50%
6.0,10.16740001476974,4.16740001476974,4.16740001476974,25-50%
6.0,11.273173994243544,5.273173994243544,5.273173994243544,25-50%
6.0,11.93641751587522,5.93641751587522,5.93641751587522,25-50%
6.0,11.93641751587522,5.93641751587522,5.93641751587522,25-50%
6.0,11.93641751587522,5.93641751587522,5.93641751587522,25-50%
6.0,11.93641751587522,5.93641751587522,5.93641751587522,25-50%
6.0,11.93641751587522,5.93641751587522,5.93641751587522,25-50%
6.0,10.22723740972954,4.22723740972954,4.22723740972954,25-50%
6.0,10.16740001476974,4.16740001476974,4.16740001476974,25-50%
6.0,10.903423300565228,4.903423300565228,4.903423300565228,25-50%
6.0,11.714449913898068,5.7144499138980684,5.7144499138980684,25-50%
6.0,11.93641751587522,5.93641751587522,5.93641751587522,25-50%
6.0,11.867470766464589,5.867470766464589,5.867470766464589,25-50%
6.0,11.93641751587522,5.93641751587522,5.93641751587522,25-50%
6.0,11.93641751587522,5.93641751587522,5.93641751587522,25-50%
6.0,11.867470766464589,5.867470766464589,5.867470766464589,25-50%
6.0,10.381985260166832,4.381985260166832,4.381985260166832,25-50%
6.0,11.93641751587522,5.93641751587522,5.93641751587522,25-50%
6.0,11.93641751587522,5.93641751587522,5.93641751587522,25-50%
6.0,11.93641751587522,5.93641751587522,5.93641751587522,25-50%
6.0,10.177106402929867,4.1771064029298675,4.1771064029298675,25-50%
6.0,11.93641751587522,5.93641751587522,5.93641751587522,25-50%
6.0,11.867470766464589,5.867470766464589,5.867470766464589,25-50%
6.0,11.867470766464589,5.867470766464589,5.867470766464589,25-50%
6.0,11.93641751587522,5.93641751587522,5.93641751587522,25-50%
6.0,11.93641751587522,5.93641751587522,5.93641751587522,25-50%
7.0,10.908169009669525,3.9081690096695247,3.9081690096695247,25-50%
7.0,10.665375309300302,3.665375309300302,3.665375309300302,25-50%
7.0,10.765221883948346,3.765221883948346,3.765221883948346,25-50%
7.0,10.765221883948346,3.765221883948346,3.765221883948346,25-50%
7.0,10.765221883948346,3.765221883948346,3.765221883948346,25-50%
7.0,10.82784125073416,3.82784125073416,3.82784125073416,25-50%
7.0,10.733979135105198,3.733979135105198,3.733979135105198,25-50%
7.0,10.936404071305127,3.9364040713051267,3.9364040713051267,25-50%
7.5,10.788528257408176,3.288528257408176,3.288528257408176,25-50%
7.0,10.765221883948346,3.765221883948346,3.765221883948346,25-50%
7.0,11.019214703244293,4.019214703244293,4.019214703244293,25-50%
7.5,10.47861241006922,2.9786124100692195,2.9786124100692195,25-50%
7.5,10.719605504967976,3.2196055049679764,3.2196055049679764,25-50%
7.0,10.665375309300302,3.665375309300302,3.665375309300302,25-50%
6.0,10.665375309300302,4.665375309300302,4.665375309300302,25-50%
10.333333333333334,10.865249921050339,0.5319165877170047,0.5319165877170047,50-75%
10.333333333333334,10.9758953868521,0.6425620535187662,0.6425620535187662,50-75%
12.0,10.651724558601103,-1.348275441398897,1.348275441398897,50-75%
8.0,9.858841224804527,1.858841224804527,1.858841224804527,25-50%
7.5,9.885448590448611,2.385448590448611,2.385448590448611,25-50%
6.0,10.425497363088535,4.425497363088535,4.425497363088535,25-50%
10.333333333333334,10.865249921050339,0.5319165877170047,0.5319165877170047,50-75%
10.333333333333334,10.855739635914357,0.5224063025810235,0.5224063025810235,50-75%
10.333333333333334,10.63679343591273,0.3034601025793968,0.3034601025793968,50-75%
12.0,10.47737101728406,-1.5226289827159398,1.5226289827159398,50-75%
11.0,10.30746924413248,-0.6925307558675193,0.6925307558675193,50-75%
19.0,9.812513752177193,-9.187486247822807,9.187486247822807,75-100%
8.0,10.012733768519771,2.0127337685197713,2.0127337685197713,25-50%
7.0,10.026177012149732,3.0261770121497324,3.0261770121497324,25-50%
10.333333333333334,9.785237156333867,-0.5480961769994668,0.5480961769994668,50-75%
10.333333333333334,9.666877273669694,-0.6664560596636395,0.6664560596636395,50-75%
11.0,9.701608919042295,-1.298391080957705,1.298391080957705,50-75%
11.0,9.779400440824515,-1.2205995591754846,1.2205995591754846,50-75%
11.0,9.802813073524367,-1.1971869264756325,1.1971869264756325,50-75%
11.0,9.858841224804527,-1.141158775195473,1.141158775195473,50-75%
11.0,9.865076184644197,-1.134923815355803,1.134923815355803,50-75%
8.0,9.858841224804527,1.858841224804527,1.858841224804527,25-50%
8.0,9.858841224804527,1.858841224804527,1.858841224804527,25-50%
7.0,9.858841224804527,2.858841224804527,2.858841224804527,25-50%
7.0,9.858841224804527,2.858841224804527,2.858841224804527,25-50%
10.0,9.785237156333867,-0.21476284366613285,0.21476284366613285,50-75%
12.0,9.669520395706657,-2.330479604293343,2.330479604293343,50-75%
11.0,9.802813073524367,-1.1971869264756325,1.1971869264756325,50-75%
11.0,9.858841224804527,-1.141158775195473,1.141158775195473,50-75%
11.0,9.865076184644197,-1.134923815355803,1.134923815355803,50-75%
9.0,10.010166292137628,1.0101662921376278,1.0101662921376278,50-75%
9.0,10.175065547400536,1.1750655474005356,1.1750655474005356,50-75%
7.0,9.745735722304335,2.7457357223043353,2.7457357223043353,25-50%
7.0,9.93717279550713,2.9371727955071307,2.9371727955071307,25-50%
7.0,9.745735722304335,2.7457357223043353,2.7457357223043353,25-50%
7.0,9.858841224804527,2.858841224804527,2.858841224804527,25-50%
5.5,9.802813073524367,4.3028130735243675,4.3028130735243675,25-50%
10.0,9.785237156333867,-0.21476284366613285,0.21476284366613285,50-75%
11.0,9.52037523112686,-1.4796247688731405,1.4796247688731405,50-75%
11.0,9.852019763254102,-1.147980236745898,1.147980236745898,50-75%
11.0,9.74129408078607,-1.2587059192139307,1.2587059192139307,50-75%
11.0,9.745735722304335,-1.2542642776956647,1.2542642776956647,50-75%
9.0,10.175065547400536,1.1750655474005356,1.1750655474005356,50-75%
6.0,9.745735722304335,3.7457357223043353,3.7457357223043353,25-50%
6.0,9.785237156333867,3.785237156333867,3.785237156333867,25-50%
11.0,9.79602680853606,-1.2039731914639393,1.2039731914639393,50-75%
11.0,9.79602680853606,-1.2039731914639393,1.2039731914639393,50-75%
11.0,9.79602680853606,-1.2039731914639393,1.2039731914639393,50-75%
14.0,9.745735722304335,-4.254264277695665,4.254264277695665,50-75%
9.0,10.010166292137628,1.0101662921376278,1.0101662921376278,50-75%
9.0,10.010166292137628,1.0101662921376278,1.0101662921376278,50-75%
9.0,10.010166292137628,1.0101662921376278,1.0101662921376278,50-75%
6.0,9.745735722304335,3.7457357223043353,3.7457357223043353,25-50%
6.0,9.858841224804527,3.858841224804527,3.858841224804527,25-50%
6.0,10.052293291389006,4.052293291389006,4.052293291389006,25-50%
6.0,9.802813073524367,3.8028130735243675,3.8028130735243675,25-50%
6.0,9.802813073524367,3.8028130735243675,3.8028130735243675,25-50%
6.0,9.802813073524367,3.8028130735243675,3.8028130735243675,25-50%
6.0,9.79602680853606,3.7960268085360607,3.7960268085360607,25-50%
9.0,9.802813073524367,0.8028130735243675,0.8028130735243675,50-75%
9.0,9.858841224804527,0.858841224804527,0.858841224804527,50-75%
9.0,9.74129408078607,0.7412940807860693,0.7412940807860693,50-75%
9.0,9.745735722304335,0.7457357223043353,0.7457357223043353,50-75%
9.0,10.010166292137628,1.0101662921376278,1.0101662921376278,50-75%
9.0,10.010166292137628,1.0101662921376278,1.0101662921376278,50-75%
6.0,9.79602680853606,3.7960268085360607,3.7960268085360607,25-50%
9.0,9.858841224804527,0.858841224804527,0.858841224804527,50-75%
9.0,9.745735722304335,0.7457357223043353,0.7457357223043353,50-75%
5.0,10.535288614459024,5.535288614459024,5.535288614459024,0-25%
5.0,10.298085672553643,5.298085672553643,5.298085672553643,0-25%
5.0,10.584736231182443,5.584736231182443,5.584736231182443,0-25%
5.0,10.577458766567496,5.577458766567496,5.577458766567496,0-25%
5.0,10.577458766567496,5.577458766567496,5.577458766567496,0-25%
5.0,10.388292572145996,5.388292572145996,5.388292572145996,0-25%
5.0,10.284768442542903,5.284768442542903,5.284768442542903,0-25%
5.0,10.429925343208284,5.429925343208284,5.429925343208284,0-25%
5.0,10.199376790586962,5.199376790586962,5.199376790586962,0-25%
5.0,10.199376790586962,5.199376790586962,5.199376790586962,0-25%
5.0,10.284768442542903,5.284768442542903,5.284768442542903,0-25%
5.0,10.284768442542903,5.284768442542903,5.284768442542903,0-25%
5.0,10.284768442542903,5.284768442542903,5.284768442542903,0-25%
5.0,10.205440910439224,5.205440910439224,5.205440910439224,0-25%
5.0,10.17145282643146,5.1714528264314605,5.1714528264314605,0-25%
5.0,10.205440910439224,5.205440910439224,5.205440910439224,0-25%
5.0,10.23660119094356,5.23660119094356,5.23660119094356,0-25%
5.0,10.284768442542903,5.284768442542903,5.284768442542903,0-25%
5.0,10.005540231084403,5.005540231084403,5.005540231084403,0-25%
5.0,10.091432837826453,5.091432837826453,5.091432837826453,0-25%
5.0,10.093735459835353,5.093735459835353,5.093735459835353,0-25%
5.0,10.23660119094356,5.23660119094356,5.23660119094356,0-25%
5.0,10.124546155092737,5.124546155092737,5.124546155092737,0-25%
5.0,10.081476188408494,5.0814761884084945,5.0814761884084945,0-25%
5.0,10.124546155092737,5.124546155092737,5.124546155092737,0-25%
5.0,10.124546155092737,5.124546155092737,5.124546155092737,0-25%
5.0,10.124546155092737,5.124546155092737,5.124546155092737,0-25%
5.0,10.16239619791709,5.16239619791709,5.16239619791709,0-25%
5.0,10.175632191653037,5.175632191653037,5.175632191653037,0-25%
5.0,10.175632191653037,5.175632191653037,5.175632191653037,0-25%
5.0,10.175632191653037,5.175632191653037,5.175632191653037,0-25%
5.0,10.124546155092737,5.124546155092737,5.124546155092737,0-25%
5.0,10.124546155092737,5.124546155092737,5.124546155092737,0-25%
5.0,10.194445077583591,5.194445077583591,5.194445077583591,0-25%
5.0,10.175632191653037,5.175632191653037,5.175632191653037,0-25%
5.0,10.226145750577327,5.226145750577327,5.226145750577327,0-25%
5.0,10.226145750577327,5.226145750577327,5.226145750577327,0-25%
5.0,10.175632191653037,5.175632191653037,5.175632191653037,0-25%
5.0,10.131538923767916,5.131538923767916,5.131538923767916,0-25%
5.0,10.313097284206911,5.313097284206911,5.313097284206911,0-25%
5.0,10.330896304970363,5.330896304970363,5.330896304970363,0-25%
5.0,10.182657072454965,5.182657072454965,5.182657072454965,0-25%
5.0,10.131538923767916,5.131538923767916,5.131538923767916,0-25%
5.0,10.201212628130966,5.201212628130966,5.201212628130966,0-25%
5.0,10.313097284206911,5.313097284206911,5.313097284206911,0-25%
5.0,10.131538923767916,5.131538923767916,5.131538923767916,0-25%
5.0,10.131538923767916,5.131538923767916,5.131538923767916,0-25%
5.0,10.30499981242178,5.30499981242178,5.30499981242178,0-25%
5.0,10.33801878310461,5.33801878310461,5.33801878310461,0-25%
5.0,10.33801878310461,5.33801878310461,5.33801878310461,0-25%
5.0,10.245959244069969,5.245959244069969,5.245959244069969,0-25%
7.0,10.057370072271869,3.057370072271869,3.057370072271869,25-50%
7.0,10.107119495056171,3.107119495056171,3.107119495056171,25-50%
7.0,10.397271688307466,3.397271688307466,3.397271688307466,25-50%
7.0,10.263845657811789,3.263845657811789,3.263845657811789,25-50%
6.0,10.016079124163387,4.016079124163387,4.016079124163387,25-50%
6.0,10.062357045182384,4.0623570451823845,4.0623570451823845,25-50%
6.0,10.103072351367029,4.103072351367029,4.103072351367029,25-50%
7.0,10.9350922008488,3.9350922008488,3.9350922008488,25-50%
7.0,10.107119495056171,3.107119495056171,3.107119495056171,25-50%
6.0,10.19143016135413,4.1914301613541305,4.1914301613541305,25-50%
6.0,10.169434218903291,4.169434218903291,4.169434218903291,25-50%
6.0,10.837265287121213,4.8372652871212125,4.8372652871212125,25-50%
6.0,11.260669861407157,5.260669861407157,5.260669861407157,25-50%
7.0,10.403442962191633,3.403442962191633,3.403442962191633,25-50%
6.0,10.185426168781236,4.185426168781236,4.185426168781236,25-50%
6.0,11.087499112155948,5.087499112155948,5.087499112155948,25-50%
6.0,10.713182796098936,4.713182796098936,4.713182796098936,25-50%
6.0,10.812378862436741,4.812378862436741,4.812378862436741,25-50%
6.0,10.557468952818018,4.557468952818018,4.557468952818018,25-50%
6.0,10.543087518221945,4.543087518221945,4.543087518221945,25-50%
6.0,10.39257491299846,4.392574912998461,4.392574912998461,25-50%
6.0,10.30996429350426,4.30996429350426,4.30996429350426,25-50%
6.0,10.837265287121213,4.8372652871212125,4.8372652871212125,25-50%
5.0,10.903400670206697,5.903400670206697,5.903400670206697,0-25%
5.0,10.348467241987903,5.348467241987903,5.348467241987903,0-25%
6.0,10.303853062341375,4.303853062341375,4.303853062341375,25-50%
5.0,10.016079124163387,5.016079124163387,5.016079124163387,0-25%
5.0,10.438212195433136,5.438212195433136,5.438212195433136,0-25%
5.0,10.659721252932535,5.659721252932535,5.659721252932535,0-25%
5.0,11.356914753651136,6.356914753651136,6.356914753651136,0-25%
6.0,10.28906708032282,4.28906708032282,4.28906708032282,25-50%
6.0,10.28906708032282,4.28906708032282,4.28906708032282,25-50%
5.0,10.45409174088146,5.454091740881459,5.454091740881459,0-25%
5.0,10.202946295700514,5.202946295700514,5.202946295700514,0-25%
5.333333333333333,10.438212195433136,5.104878862099803,5.104878862099803,25-50%
5.333333333333333,10.39257491299846,5.0592415796651276,5.0592415796651276,25-50%
5.333333333333333,10.188337144591282,4.855003811257949,4.855003811257949,25-50%
6.0,10.39257491299846,4.392574912998461,4.392574912998461,25-50%
6.0,10.304739569231772,4.3047395692317725,4.3047395692317725,25-50%
5.0,10.306749543651712,5.306749543651712,5.306749543651712,0-25%
5.0,10.058343432751645,5.058343432751645,5.058343432751645,0-25%
4.0,10.736050247499048,6.736050247499048,6.736050247499048,0-25%
5.5,10.791843475423248,5.2918434754232475,5.2918434754232475,25-50%
5.333333333333333,10.39257491299846,5.0592415796651276,5.0592415796651276,25-50%
5.333333333333333,10.39257491299846,5.0592415796651276,5.0592415796651276,25-50%
5.333333333333333,10.39257491299846,5.0592415796651276,5.0592415796651276,25-50%
5.333333333333333,10.39257491299846,5.0592415796651276,5.0592415796651276,25-50%
5.333333333333333,10.306749543651712,4.973416210318379,4.973416210318379,25-50%
6.0,9.999406185819177,3.9994061858191774,3.9994061858191774,25-50%
6.0,10.058343432751645,4.058343432751645,4.058343432751645,25-50%
5.0,10.058343432751645,5.058343432751645,5.058343432751645,0-25%
4.0,10.736050247499048,6.736050247499048,6.736050247499048,0-25%
5.5,10.791843475423248,5.2918434754232475,5.2918434754232475,25-50%
5.5,10.39257491299846,4.892574912998461,4.892574912998461,25-50%
5.333333333333333,10.39257491299846,5.0592415796651276,5.0592415796651276,25-50%
5.333333333333333,10.39257491299846,5.0592415796651276,5.0592415796651276,25-50%
5.333333333333333,10.39257491299846,5.0592415796651276,5.0592415796651276,25-50%
5.333333333333333,10.058343432751645,4.725010099418312,4.725010099418312,25-50%
5.333333333333333,10.058343432751645,4.725010099418312,4.725010099418312,25-50%
6.0,9.999406185819177,3.9994061858191774,3.9994061858191774,25-50%
5.0,10.058343432751645,5.058343432751645,5.058343432751645,0-25%
4.0,10.683586752537904,6.683586752537904,6.683586752537904,0-25%
5.5,10.543087518221945,5.043087518221945,5.043087518221945,25-50%
5.5,10.171520668707034,4.671520668707034,4.671520668707034,25-50%
5.333333333333333,10.30996429350426,4.976630960170927,4.976630960170927,25-50%
5.333333333333333,10.673450341369149,5.340117008035816,5.340117008035816,25-50%
5.333333333333333,10.058343432751645,4.725010099418312,4.725010099418312,25-50%
6.0,10.058343432751645,4.058343432751645,4.058343432751645,25-50%
6.0,9.999406185819177,3.9994061858191774,3.9994061858191774,25-50%
4.0,10.66688257596726,6.666882575967261,6.666882575967261,0-25%
5.5,10.205950196345306,4.705950196345306,4.705950196345306,25-50%
5.5,10.287983732842662,4.787983732842662,4.787983732842662,25-50%
5.5,11.50979875599357,6.00979875599357,6.00979875599357,25-50%
7.0,11.443125740922088,4.443125740922088,4.443125740922088,25-50%
4.0,10.673501051441336,6.673501051441336,6.673501051441336,0-25%
4.0,10.39257491299846,6.392574912998461,6.392574912998461,0-25%
4.0,10.28906708032282,6.28906708032282,6.28906708032282,0-25%
7.0,10.769923436442117,3.7699234364421166,3.7699234364421166,25-50%
7.0,10.833040688045635,3.833040688045635,3.833040688045635,25-50%
7.0,10.833040688045635,3.833040688045635,3.833040688045635,25-50%
9.0,12.437949426119143,3.4379494261191432,3.4379494261191432,50-75%
8.0,11.949756094754676,3.949756094754676,3.949756094754676,25-50%
8.0,10.833040688045635,2.833040688045635,2.833040688045635,25-50%
8.0,10.769974565598421,2.769974565598421,2.769974565598421,25-50%
8.0,10.769974565598421,2.769974565598421,2.769974565598421,25-50%
7.0,10.833040688045635,3.833040688045635,3.833040688045635,25-50%
7.0,10.833040688045635,3.833040688045635,3.833040688045635,25-50%
7.0,10.833040688045635,3.833040688045635,3.833040688045635,25-50%
9.0,12.366271616727294,3.3662716167272944,3.3662716167272944,50-75%
9.0,12.341505996908985,3.3415059969089853,3.3415059969089853,50-75%
8.0,11.827441235050953,3.8274412350509532,3.8274412350509532,25-50%
8.0,11.083994127606163,3.0839941276061626,3.0839941276061626,25-50%
8.0,10.405516445125166,2.4055164451251656,2.4055164451251656,25-50%
8.0,10.941303722103498,2.9413037221034983,2.9413037221034983,25-50%
8.0,10.9635221392269,2.9635221392268996,2.9635221392268996,25-50%
9.5,10.833040688045635,1.3330406880456351,1.3330406880456351,50-75%
9.5,10.833040688045635,1.3330406880456351,1.3330406880456351,50-75%
12.0,12.088688575814112,0.08868857581411227,0.08868857581411227,50-75%
9.0,11.467391218823074,2.4673912188230744,2.4673912188230744,50-75%
8.0,11.467391218823074,3.4673912188230744,3.4673912188230744,25-50%
8.0,10.55641158388875,2.5564115838887496,2.5564115838887496,25-50%
8.0,10.55641158388875,2.5564115838887496,2.5564115838887496,25-50%
8.0,10.448341437509171,2.448341437509171,2.448341437509171,25-50%
8.0,10.763301392944422,2.763301392944422,2.763301392944422,25-50%
9.333333333333334,11.414481471274204,2.08114813794087,2.08114813794087,50-75%
9.5,10.833040688045635,1.3330406880456351,1.3330406880456351,50-75%
9.5,10.769974565598421,1.269974565598421,1.269974565598421,50-75%
12.0,11.279134924214935,-0.7208650757850652,0.7208650757850652,50-75%
12.0,12.088688575814112,0.08868857581411227,0.08868857581411227,50-75%
12.0,12.0189302729267,0.018930272926699132,0.018930272926699132,50-75%
12.0,12.0189302729267,0.018930272926699132,0.018930272926699132,50-75%
5.0,11.539603539174468,6.539603539174468,6.539603539174468,0-25%
5.0,11.539603539174468,6.539603539174468,6.539603539174468,0-25%
5.0,11.539603539174468,6.539603539174468,6.539603539174468,0-25%
5.0,12.366329680502677,7.366329680502677,7.366329680502677,0-25%
5.0,11.467391218823074,6.467391218823074,6.467391218823074,0-25%
11.0,11.481173088108413,0.4811730881084131,0.4811730881084131,50-75%
11.0,11.467391218823074,0.46739121882307444,0.46739121882307444,50-75%
10.0,11.475228085294813,1.4752280852948125,1.4752280852948125,50-75%
10.0,11.475228085294813,1.4752280852948125,1.4752280852948125,50-75%
8.0,10.55641158388875,2.5564115838887496,2.5564115838887496,25-50%
8.0,10.448341437509171,2.448341437509171,2.448341437509171,25-50%
9.333333333333334,10.294871717522447,0.9615383841891134,0.9615383841891134,50-75%
9.5,10.769923436442117,1.2699234364421166,1.2699234364421166,50-75%
9.5,10.769974565598421,1.269974565598421,1.269974565598421,50-75%
12.0,11.279134924214935,-0.7208650757850652,0.7208650757850652,50-75%
12.0,12.088688575814112,0.08868857581411227,0.08868857581411227,50-75%
12.0,12.088688575814112,0.08868857581411227,0.08868857581411227,50-75%
12.0,12.088688575814112,0.08868857581411227,0.08868857581411227,50-75%
5.0,10.56435078712567,5.5643507871256705,5.5643507871256705,0-25%
5.0,11.60679350359058,6.6067935035905805,6.6067935035905805,0-25%
5.0,11.60679350359058,6.6067935035905805,6.6067935035905805,0-25%
5.0,11.539603539174468,6.539603539174468,6.539603539174468,0-25%
8.0,11.148795610967223,3.1487956109672233,3.1487956109672233,25-50%
8.0,11.467391218823074,3.4673912188230744,3.4673912188230744,25-50%
8.0,11.481173088108413,3.481173088108413,3.481173088108413,25-50%
11.0,11.467391218823074,0.46739121882307444,0.46739121882307444,50-75%
10.0,10.64381156390744,0.6438115639074393,0.6438115639074393,50-75%
8.0,11.052920260900141,3.052920260900141,3.052920260900141,25-50%
8.0,10.932706228707673,2.932706228707673,2.932706228707673,25-50%
9.333333333333334,11.279134924214935,1.9458015908816009,1.9458015908816009,50-75%
9.333333333333334,10.780143618126854,1.4468102847935196,1.4468102847935196,50-75%
9.5,10.88929500889648,1.3892950088964806,1.3892950088964806,50-75%
12.0,11.213638213021486,-0.7863617869785138,0.7863617869785138,50-75%
12.0,11.279134924214935,-0.7208650757850652,0.7208650757850652,50-75%
12.0,11.279134924214935,-0.7208650757850652,0.7208650757850652,50-75%
12.0,12.0189302729267,0.018930272926699132,0.018930272926699132,50-75%
12.0,12.088688575814112,0.08868857581411227,0.08868857581411227,50-75%
5.0,10.422689662752088,5.422689662752088,5.422689662752088,0-25%
5.0,10.584839026269517,5.584839026269517,5.584839026269517,0-25%
5.0,10.34374787428769,5.34374787428769,5.34374787428769,0-25%
8.0,10.45605237494595,2.4560523749459495,2.4560523749459495,25-50%
8.0,10.45605237494595,2.4560523749459495,2.4560523749459495,25-50%
8.0,10.292533482863348,2.292533482863348,2.292533482863348,25-50%
11.0,10.894305652633314,-0.10569434736668626,0.10569434736668626,50-75%
10.0,11.148795610967223,1.1487956109672233,1.1487956109672233,50-75%
10.0,11.148795610967223,1.1487956109672233,1.1487956109672233,50-75%
9.0,11.60679350359058,2.6067935035905805,2.6067935035905805,50-75%
9.0,11.279134924214935,2.279134924214935,2.279134924214935,50-75%
8.0,10.748115601207589,2.748115601207589,2.748115601207589,25-50%
12.0,11.279134924214935,-0.7208650757850652,0.7208650757850652,50-75%
12.0,11.213691269697735,-0.7863087303022649,0.7863087303022649,50-75%
12.0,11.279134924214935,-0.7208650757850652,0.7208650757850652,50-75%
12.0,10.966053247953498,-1.0339467520465018,1.0339467520465018,50-75%
12.0,11.279134924214935,-0.7208650757850652,0.7208650757850652,50-75%
12.0,12.088688575814112,0.08868857581411227,0.08868857581411227,50-75%
12.0,12.088688575814112,0.08868857581411227,0.08868857581411227,50-75%
5.0,10.317822009784754,5.317822009784754,5.317822009784754,0-25%
5.0,10.611755919688946,5.611755919688946,5.611755919688946,0-25%
8.0,10.577939762243544,2.5779397622435436,2.5779397622435436,25-50%
8.0,10.422689662752088,2.422689662752088,2.422689662752088,25-50%
8.0,10.266724667627319,2.2667246676273187,2.2667246676273187,25-50%
8.0,10.859666644077237,2.8596666440772367,2.8596666440772367,25-50%
11.0,10.78510826092485,-0.21489173907514925,0.21489173907514925,50-75%
11.0,10.992009455311305,-0.007990544688695422,0.007990544688695422,50-75%
11.0,11.148795610967223,0.14879561096722327,0.14879561096722327,50-75%
11.0,10.763301392944422,-0.23669860705557788,0.23669860705557788,50-75%
12.0,11.213691269697735,-0.7863087303022649,0.7863087303022649,50-75%
12.0,11.279134924214935,-0.7208650757850652,0.7208650757850652,50-75%
12.0,11.213691269697735,-0.7863087303022649,0.7863087303022649,50-75%
12.0,11.279134924214935,-0.7208650757850652,0.7208650757850652,50-75%
12.0,12.0189302729267,0.018930272926699132,0.018930272926699132,50-75%
5.0,10.45605237494595,5.4560523749459495,5.4560523749459495,0-25%
5.0,10.526263206900104,5.526263206900104,5.526263206900104,0-25%
8.0,10.422689662752088,2.422689662752088,2.422689662752088,25-50%
8.0,10.266724667627319,2.2667246676273187,2.2667246676273187,25-50%
8.0,10.266724667627319,2.2667246676273187,2.2667246676273187,25-50%
11.0,10.859666644077237,-0.1403333559227633,0.1403333559227633,50-75%
11.0,10.894305652633314,-0.10569434736668626,0.10569434736668626,50-75%
11.0,10.78510826092485,-0.21489173907514925,0.21489173907514925,50-75%
5.0,10.492696024291593,5.492696024291593,5.492696024291593,0-25%
5.0,10.361672440868642,5.361672440868642,5.361672440868642,0-25%
5.0,10.471646813305007,5.471646813305007,5.471646813305007,0-25%
5.0,10.448855748788745,5.448855748788745,5.448855748788745,0-25%
8.0,10.371118867456737,2.3711188674567367,2.3711188674567367,25-50%
11.0,10.371118867456737,-0.6288811325432633,0.6288811325432633,50-75%
11.0,10.886833718289795,-0.11316628171020504,0.11316628171020504,50-75%
6.5,10.351587821035034,3.851587821035034,3.851587821035034,25-50%
6.5,10.51407845809485,4.0140784580948505,4.0140784580948505,25-50%
6.5,10.438039300490527,3.9380393004905265,3.9380393004905265,25-50%
8.0,10.520109099837459,2.520109099837459,2.520109099837459,25-50%
5.666666666666668,10.373813169109951,4.707146502443283,4.707146502443283,25-50%
6.5,10.191615005570227,3.6916150055702275,3.6916150055702275,25-50%
6.5,10.542090222971934,4.042090222971934,4.042090222971934,25-50%
5.666666666666668,10.269394233854893,4.602727567188225,4.602727567188225,25-50%
5.666666666666668,10.265249148410959,4.598582481744291,4.598582481744291,25-50%
5.666666666666668,10.291158642149465,4.624491975482798,4.624491975482798,25-50%
6.5,10.570879153349502,4.070879153349502,4.070879153349502,25-50%
4.0,10.20756260803178,6.207562608031781,6.207562608031781,0-25%
4.0,10.122978897208863,6.1229788972088635,6.1229788972088635,0-25%
5.666666666666668,10.614598261684039,4.947931595017371,4.947931595017371,25-50%
5.666666666666668,10.291158642149465,4.624491975482798,4.624491975482798,25-50%
5.666666666666668,10.369629676507689,4.702963009841021,4.702963009841021,25-50%
5.666666666666668,10.369629676507689,4.702963009841021,4.702963009841021,25-50%
5.666666666666668,10.187498528722312,4.520831862055644,4.520831862055644,25-50%
6.5,10.485687399835776,3.9856873998357756,3.9856873998357756,25-50%
5.0,10.023166742915077,5.023166742915077,5.023166742915077,0-25%
5.0,10.261622106731007,5.261622106731007,5.261622106731007,0-25%
4.0,9.947530089390309,5.947530089390309,5.947530089390309,0-25%
4.0,10.085325576266612,6.085325576266612,6.085325576266612,0-25%
5.666666666666668,10.773380425378683,5.106713758712015,5.106713758712015,25-50%
5.666666666666668,10.897330057412379,5.230663390745711,5.230663390745711,25-50%
5.666666666666668,10.897330057412379,5.230663390745711,5.230663390745711,25-50%
5.666666666666668,10.796362335306728,5.1296956686400605,5.1296956686400605,25-50%
5.666666666666668,10.369629676507689,4.702963009841021,4.702963009841021,25-50%
5.0,10.18950084913208,5.189500849132081,5.189500849132081,0-25%
4.0,10.89417782853972,6.8941778285397195,6.8941778285397195,0-25%
4.0,10.430260245791512,6.430260245791512,6.430260245791512,0-25%
4.0,9.933770705404378,5.933770705404378,5.933770705404378,0-25%
4.5,10.605006639447907,6.1050066394479074,6.1050066394479074,0-25%
4.5,10.623092683285167,6.123092683285167,6.123092683285167,0-25%
4.5,10.240588935696003,5.740588935696003,5.740588935696003,0-25%
4.5,10.088992285632393,5.5889922856323935,5.5889922856323935,0-25%
5.0,9.994884592046985,4.994884592046985,4.994884592046985,0-25%
4.0,10.72257735141389,6.722577351413889,6.722577351413889,0-25%
4.0,10.298513859724256,6.298513859724256,6.298513859724256,0-25%
5.0,10.216585302181862,5.216585302181862,5.216585302181862,0-25%
5.0,9.827219846382787,4.827219846382787,4.827219846382787,0-25%
5.0,9.827219846382787,4.827219846382787,4.827219846382787,0-25%
5.0,9.76951441034176,4.76951441034176,4.76951441034176,0-25%
5.0,9.76951441034176,4.76951441034176,4.76951441034176,0-25%
5.0,11.431981630507558,6.431981630507558,6.431981630507558,0-25%
5.0,11.365723354512344,6.365723354512344,6.365723354512344,0-25%
5.0,9.76951441034176,4.76951441034176,4.76951441034176,0-25%
5.0,9.76951441034176,4.76951441034176,4.76951441034176,0-25%
5.0,9.769467627217248,4.769467627217248,4.769467627217248,0-25%
5.0,9.769467627217248,4.769467627217248,4.769467627217248,0-25%
5.0,9.769467627217248,4.769467627217248,4.769467627217248,0-25%
33.0,12.433178083927482,-20.56682191607252,20.56682191607252,75-100%
33.0,12.505156018049139,-20.49484398195086,20.49484398195086,75-100%
20.0,11.148795610967223,-8.851204389032777,8.851204389032777,75-100%
20.0,11.083994127606163,-8.916005872393837,8.916005872393837,75-100%
7.0,11.148795610967223,4.148795610967223,4.148795610967223,25-50%
7.0,11.148795610967223,4.148795610967223,4.148795610967223,25-50%
7.0,10.927407848014209,3.9274078480142087,3.9274078480142087,25-50%
5.0,11.431981630507558,6.431981630507558,6.431981630507558,0-25%
5.0,11.431981630507558,6.431981630507558,6.431981630507558,0-25%
5.0,11.431981630507558,6.431981630507558,6.431981630507558,0-25%
5.0,9.827219846382787,4.827219846382787,4.827219846382787,0-25%
5.0,9.76951441034176,4.76951441034176,4.76951441034176,0-25%
5.0,9.769467627217248,4.769467627217248,4.769467627217248,0-25%
5.0,9.769467627217248,4.769467627217248,4.769467627217248,0-25%
33.0,12.505156018049139,-20.49484398195086,20.49484398195086,75-100%
33.0,12.505156018049139,-20.49484398195086,20.49484398195086,75-100%
20.0,12.014521108065525,-7.985478891934475,7.985478891934475,75-100%
19.0,11.17797834144678,-7.82202165855322,7.82202165855322,75-100%
19.0,11.113073817454303,-7.886926182545697,7.886926182545697,75-100%
19.0,11.113073817454303,-7.886926182545697,7.886926182545697,75-100%
12.0,11.17797834144678,-0.8220216585532203,0.8220216585532203,50-75%
7.0,11.148795610967223,4.148795610967223,4.148795610967223,25-50%
7.0,11.148795610967223,4.148795610967223,4.148795610967223,25-50%
5.0,11.365723354512344,6.365723354512344,6.365723354512344,0-25%
5.0,11.431981630507558,6.431981630507558,6.431981630507558,0-25%
5.0,11.431981630507558,6.431981630507558,6.431981630507558,0-25%
5.0,11.365723354512344,6.365723354512344,6.365723354512344,0-25%
5.0,9.749513480799374,4.749513480799374,4.749513480799374,0-25%
5.0,9.769467627217248,4.769467627217248,4.769467627217248,0-25%
5.0,9.76951441034176,4.76951441034176,4.76951441034176,0-25%
5.0,9.76951441034176,4.76951441034176,4.76951441034176,0-25%
33.0,11.49949214073192,-21.50050785926808,21.50050785926808,75-100%
20.5,11.945101858615386,-8.554898141384614,8.554898141384614,75-100%
16.0,11.921116600771414,-4.078883399228586,4.078883399228586,75-100%
16.25,11.922561535115802,-4.327438464884198,4.327438464884198,75-100%
19.0,11.113021197863574,-7.886978802136426,7.886978802136426,75-100%
19.0,10.548092695293658,-8.451907304706342,8.451907304706342,75-100%
19.0,11.090577655906667,-7.909422344093333,7.909422344093333,75-100%
19.0,11.113073817454303,-7.886926182545697,7.886926182545697,75-100%
12.0,11.17797834144678,-0.8220216585532203,0.8220216585532203,50-75%
12.0,11.17797834144678,-0.8220216585532203,0.8220216585532203,50-75%
5.0,11.431981630507558,6.431981630507558,6.431981630507558,0-25%
5.0,11.431981630507558,6.431981630507558,6.431981630507558,0-25%
5.0,9.55601928910445,4.55601928910445,4.55601928910445,0-25%
5.0,9.607739229657778,4.607739229657778,4.607739229657778,0-25%
5.0,9.76951441034176,4.76951441034176,4.76951441034176,0-25%
5.0,9.76951441034176,4.76951441034176,4.76951441034176,0-25%
8.0,11.386675537945841,3.386675537945841,3.386675537945841,25-50%
20.5,11.529743803098055,-8.970256196901945,8.970256196901945,75-100%
16.25,11.529743803098055,-4.7202561969019445,4.7202561969019445,75-100%
16.25,10.55641158388875,-5.69358841611125,5.69358841611125,75-100%
16.25,10.55641158388875,-5.69358841611125,5.69358841611125,75-100%
15.0,10.563675818473662,-4.436324181526338,4.436324181526338,50-75%
16.75,10.910350183788491,-5.839649816211509,5.839649816211509,75-100%
16.75,11.113021197863574,-5.636978802136426,5.636978802136426,75-100%
11.333333333333336,11.17797834144678,-0.155354991886556,0.155354991886556,50-75%
11.333333333333336,11.113073817454303,-0.22025951587903236,0.22025951587903236,50-75%
10.0,10.896614935783004,0.8966149357830044,0.8966149357830044,50-75%
5.0,11.431981630507558,6.431981630507558,6.431981630507558,0-25%
5.0,11.431981630507558,6.431981630507558,6.431981630507558,0-25%
5.0,9.76951441034176,4.76951441034176,4.76951441034176,0-25%
5.0,9.442975468260412,4.442975468260412,4.442975468260412,0-25%
5.0,9.442975468260412,4.442975468260412,4.442975468260412,0-25%
5.0,9.76951441034176,4.76951441034176,4.76951441034176,0-25%
8.0,11.543594599005733,3.5435945990057327,3.5435945990057327,25-50%
20.5,11.529743803098055,-8.970256196901945,8.970256196901945,75-100%
20.5,11.537619863725858,-8.962380136274142,8.962380136274142,75-100%
19.33333333333333,11.537619863725858,-7.79571346960747,7.79571346960747,75-100%
15.0,10.55641158388875,-4.44358841611125,4.44358841611125,50-75%
15.0,10.563675818473662,-4.436324181526338,4.436324181526338,50-75%
16.75,10.408659993730359,-6.3413400062696414,6.3413400062696414,75-100%
11.333333333333336,11.113021197863574,-0.22031213546976147,0.22031213546976147,50-75%
11.333333333333336,11.113073817454303,-0.22025951587903236,0.22025951587903236,50-75%
10.0,10.896614935783004,0.8966149357830044,0.8966149357830044,50-75%
8.0,11.543594599005733,3.5435945990057327,3.5435945990057327,25-50%
8.0,11.529743803098055,3.5297438030980555,3.5297438030980555,25-50%
19.33333333333333,10.671781267695813,-8.661552065637515,8.661552065637515,75-100%
15.0,11.081872688344712,-3.9181273116552884,3.9181273116552884,50-75%
15.0,11.081872688344712,-3.9181273116552884,3.9181273116552884,50-75%
15.0,11.17797834144678,-3.8220216585532203,3.8220216585532203,50-75%
11.333333333333336,10.927402947557454,-0.40593038577588203,0.40593038577588203,50-75%
13.5,10.7597913695265,-2.7402086304735,2.7402086304735,50-75%
13.5,10.833158580149021,-2.6668414198509787,2.6668414198509787,50-75%
10.0,10.896614935783004,0.8966149357830044,0.8966149357830044,50-75%
10.0,10.896614935783004,0.8966149357830044,0.8966149357830044,50-75%
8.0,10.292533482863348,2.292533482863348,2.292533482863348,25-50%
8.0,10.894305652633314,2.8943056526333137,2.8943056526333137,25-50%
8.0,11.148795610967223,3.1487956109672233,3.1487956109672233,25-50%
8.0,11.148795610967223,3.1487956109672233,3.1487956109672233,25-50%
11.666666666666664,11.17797834144678,-0.4886883252198846,0.4886883252198846,50-75%
11.666666666666664,11.17797834144678,-0.4886883252198846,0.4886883252198846,50-75%
13.5,10.811233580040616,-2.688766419959384,2.688766419959384,50-75%
13.5,10.896614935783004,-2.6033850642169956,2.6033850642169956,50-75%
13.5,10.833209984002062,-2.666790015997938,2.666790015997938,50-75%
10.0,10.896614935783004,0.8966149357830044,0.8966149357830044,50-75%
10.0,10.593286389519807,0.5932863895198075,0.5932863895198075,50-75%
10.0,10.896614935783004,0.8966149357830044,0.8966149357830044,50-75%
8.0,10.859666644077237,2.8596666440772367,2.8596666440772367,25-50%
8.0,10.78510826092485,2.7851082609248508,2.7851082609248508,25-50%
8.0,10.992009455311305,2.9920094553113046,2.9920094553113046,25-50%
8.0,11.148795610967223,3.1487956109672233,3.1487956109672233,25-50%
9.0,10.910350183788491,1.9103501837884913,1.9103501837884913,50-75%
9.0,11.113073817454303,2.1130738174543033,2.1130738174543033,50-75%
10.0,10.651828905630703,0.651828905630703,0.651828905630703,50-75%
10.0,10.833209984002062,0.8332099840020621,0.8332099840020621,50-75%
10.0,10.833209984002062,0.8332099840020621,0.8332099840020621,50-75%
10.0,10.896614935783004,0.8966149357830044,0.8966149357830044,50-75%
10.0,10.833209984002062,0.8332099840020621,0.8332099840020621,50-75%
8.0,10.894305652633314,2.8943056526333137,2.8943056526333137,25-50%
8.0,10.78510826092485,2.7851082609248508,2.7851082609248508,25-50%
10.0,10.896614935783004,0.8966149357830044,0.8966149357830044,50-75%
10.0,10.896614935783004,0.8966149357830044,0.8966149357830044,50-75%
10.0,10.896614935783004,0.8966149357830044,0.8966149357830044,50-75%
10.0,10.896614935783004,0.8966149357830044,0.8966149357830044,50-75%
9.0,11.01013574971495,2.0101357497149497,2.0101357497149497,50-75%
9.0,11.01013574971495,2.0101357497149497,2.0101357497149497,50-75%
9.0,11.01013574971495,2.0101357497149497,2.0101357497149497,50-75%
9.0,11.01013574971495,2.0101357497149497,2.0101357497149497,50-75%
9.0,10.972177841813101,1.9721778418131013,1.9721778418131013,50-75%
9.0,11.223533326927829,2.2235333269278286,2.2235333269278286,50-75%
9.0,11.01013574971495,2.0101357497149497,2.0101357497149497,50-75%
9.0,10.99061298877915,1.9906129887791497,1.9906129887791497,50-75%
9.0,10.99061298877915,1.9906129887791497,1.9906129887791497,50-75%
9.0,11.01013574971495,2.0101357497149497,2.0101357497149497,50-75%
9.0,11.01013574971495,2.0101357497149497,2.0101357497149497,50-75%
7.0,11.791984016337796,4.791984016337796,4.791984016337796,25-50%
9.0,11.01013574971495,2.0101357497149497,2.0101357497149497,50-75%
9.0,10.727936516580922,1.7279365165809217,1.7279365165809217,50-75%
7.0,11.024309456433325,4.0243094564333255,4.0243094564333255,25-50%
7.0,11.826506807312436,4.826506807312436,4.826506807312436,25-50%
7.0,11.923481704077231,4.923481704077231,4.923481704077231,25-50%
9.0,10.99061298877915,1.9906129887791497,1.9906129887791497,50-75%
9.0,11.01013574971495,2.0101357497149497,2.0101357497149497,50-75%
9.0,10.727936516580922,1.7279365165809217,1.7279365165809217,50-75%
7.0,11.419232622243761,4.4192326222437615,4.4192326222437615,25-50%
7.0,11.8634534598979,4.863453459897899,4.863453459897899,25-50%
7.0,11.672084481289923,4.672084481289923,4.672084481289923,25-50%
9.0,11.01013574971495,2.0101357497149497,2.0101357497149497,50-75%
9.0,10.902181364598672,1.9021813645986718,1.9021813645986718,50-75%
7.0,11.03748045424689,4.037480454246889,4.037480454246889,25-50%
7.0,11.03748045424689,4.037480454246889,4.037480454246889,25-50%
7.0,10.962412977061042,3.9624129770610423,3.9624129770610423,25-50%
7.0,11.898169131402874,4.898169131402874,4.898169131402874,25-50%
7.0,11.024309456433325,4.0243094564333255,4.0243094564333255,25-50%
7.0,11.052461909099907,4.0524619090999074,4.0524619090999074,25-50%
7.0,11.155621645138595,4.155621645138595,4.155621645138595,25-50%
7.0,11.155621645138595,4.155621645138595,4.155621645138595,25-50%
7.0,11.03748045424689,4.037480454246889,4.037480454246889,25-50%
7.0,11.791984016337796,4.791984016337796,4.791984016337796,25-50%
7.0,10.943198260363108,3.9431982603631077,3.9431982603631077,25-50%
7.0,11.123342183022412,4.123342183022412,4.123342183022412,25-50%
11.0,10.317404383037626,-0.6825956169623737,0.6825956169623737,50-75%
11.0,10.048068792356665,-0.9519312076433355,0.9519312076433355,50-75%
11.0,9.907557136367018,-1.0924428636329822,1.0924428636329822,50-75%
10.0,10.191413532619595,0.19141353261959537,0.19141353261959537,50-75%
11.0,10.03555880350985,-0.9644411964901494,0.9644411964901494,50-75%
11.0,9.621577727215286,-1.3784222727847144,1.3784222727847144,50-75%
11.0,10.014202761106553,-0.9857972388934471,0.9857972388934471,50-75%
11.0,10.116257166261981,-0.8837428337380189,0.8837428337380189,50-75%
11.0,10.108475803251945,-0.8915241967480547,0.8915241967480547,50-75%
10.0,10.468752724642481,0.4687527246424814,0.4687527246424814,50-75%
10.0,10.468752724642481,0.4687527246424814,0.4687527246424814,50-75%
10.0,10.139099271471007,0.1390992714710073,0.1390992714710073,50-75%
11.0,9.976380709358505,-1.023619290641495,1.023619290641495,50-75%
11.0,10.211403715046666,-0.7885962849533339,0.7885962849533339,50-75%
11.0,10.211403715046666,-0.7885962849533339,0.7885962849533339,50-75%
9.0,10.363069660575265,1.363069660575265,1.363069660575265,50-75%
9.0,10.363069660575265,1.363069660575265,1.363069660575265,50-75%
9.0,10.440223060366618,1.440223060366618,1.440223060366618,50-75%
9.0,10.458396616280748,1.4583966162807478,1.4583966162807478,50-75%
10.0,10.468752724642481,0.4687527246424814,0.4687527246424814,50-75%
10.0,10.481318193990877,0.4813181939908766,0.4813181939908766,50-75%
10.0,10.197473340611328,0.19747334061132804,0.19747334061132804,50-75%
11.0,10.309573961378323,-0.690426038621677,0.690426038621677,50-75%
11.0,10.396112682518348,-0.6038873174816519,0.6038873174816519,50-75%
10.0,10.139099271471007,0.1390992714710073,0.1390992714710073,50-75%
9.0,10.468752724642481,1.4687527246424814,1.4687527246424814,50-75%
7.0,10.704508579998468,3.7045085799984676,3.7045085799984676,25-50%
7.0,10.899236627224195,3.8992366272241945,3.8992366272241945,25-50%
7.0,10.654549733922895,3.654549733922895,3.654549733922895,25-50%
17.0,10.392020530889477,-6.607979469110523,6.607979469110523,75-100%
17.0,10.392020530889477,-6.607979469110523,6.607979469110523,75-100%
17.0,10.392020530889477,-6.607979469110523,6.607979469110523,75-100%
7.0,10.950244357651219,3.9502443576512185,3.9502443576512185,25-50%
7.0,10.950244357651219,3.9502443576512185,3.9502443576512185,25-50%
7.0,11.052529190644744,4.052529190644744,4.052529190644744,25-50%
7.0,11.052529190644744,4.052529190644744,4.052529190644744,25-50%
17.0,10.392020530889477,-6.607979469110523,6.607979469110523,75-100%
17.0,10.392020530889477,-6.607979469110523,6.607979469110523,75-100%
17.0,10.392020530889477,-6.607979469110523,6.607979469110523,75-100%
17.0,10.510570338349694,-6.4894296616503055,6.4894296616503055,75-100%
7.0,10.165315097188714,3.1653150971887136,3.1653150971887136,25-50%
7.0,10.117657713325634,3.1176577133256345,3.1176577133256345,25-50%
7.0,10.165315097188714,3.1653150971887136,3.1653150971887136,25-50%
7.0,10.023306748105044,3.0233067481050444,3.0233067481050444,25-50%
7.0,10.165315097188714,3.1653150971887136,3.1653150971887136,25-50%
7.0,9.807564580243204,2.807564580243204,2.807564580243204,25-50%
17.0,9.775459251850288,-7.224540748149712,7.224540748149712,75-100%
17.0,10.392020530889477,-6.607979469110523,6.607979469110523,75-100%
17.0,10.392020530889477,-6.607979469110523,6.607979469110523,75-100%
17.0,10.510570338349694,-6.4894296616503055,6.4894296616503055,75-100%
17.0,10.436847192355849,-6.563152807644151,6.563152807644151,75-100%
7.0,10.07055968345178,3.07055968345178,3.07055968345178,25-50%
7.0,10.165315097188714,3.1653150971887136,3.1653150971887136,25-50%
7.0,10.165315097188714,3.1653150971887136,3.1653150971887136,25-50%
6.5,9.81341654577228,3.313416545772281,3.313416545772281,25-50%
6.5,9.81341654577228,3.313416545772281,3.313416545772281,25-50%
6.5,9.81341654577228,3.313416545772281,3.313416545772281,25-50%
17.0,10.216139224807913,-6.783860775192087,6.783860775192087,75-100%
17.0,9.887592882239955,-7.1124071177600445,7.1124071177600445,75-100%
17.0,9.887592882239955,-7.1124071177600445,7.1124071177600445,75-100%
17.0,10.436847192355849,-6.563152807644151,6.563152807644151,75-100%
17.0,10.436847192355849,-6.563152807644151,6.563152807644151,75-100%
17.0,10.534737743379903,-6.465262256620097,6.465262256620097,75-100%
17.0,10.534737743379903,-6.465262256620097,6.465262256620097,75-100%
6.5,9.73596113489442,3.2359611348944206,3.2359611348944206,25-50%
6.5,9.73596113489442,3.2359611348944206,3.2359611348944206,25-50%
6.5,9.827852644293102,3.3278526442931025,3.3278526442931025,25-50%
6.0,9.659976531036467,3.6599765310364667,3.6599765310364667,25-50%
17.0,10.216139224807913,-6.783860775192087,6.783860775192087,75-100%
17.0,9.887592882239955,-7.1124071177600445,7.1124071177600445,75-100%
17.0,10.216139224807913,-6.783860775192087,6.783860775192087,75-100%
17.0,10.216139224807913,-6.783860775192087,6.783860775192087,75-100%
17.0,10.25033871065537,-6.74966128934463,6.74966128934463,75-100%
17.0,9.54080068275386,-7.45919931724614,7.45919931724614,75-100%
6.0,9.470964630420688,3.4709646304206885,3.4709646304206885,25-50%
6.0,9.470964630420688,3.4709646304206885,3.4709646304206885,25-50%
6.0,9.470964630420688,3.4709646304206885,3.4709646304206885,25-50%
6.0,9.470964630420688,3.4709646304206885,3.4709646304206885,25-50%
17.0,10.216139224807913,-6.783860775192087,6.783860775192087,75-100%
17.0,10.346632893577514,-6.653367106422486,6.653367106422486,75-100%
17.0,9.54650820379492,-7.45349179620508,7.45349179620508,75-100%
6.0,10.148339489912008,4.148339489912008,4.148339489912008,25-50%
6.0,10.148339489912008,4.148339489912008,4.148339489912008,25-50%
6.0,9.470964630420688,3.4709646304206885,3.4709646304206885,25-50%
6.0,9.470964630420688,3.4709646304206885,3.4709646304206885,25-50%
6.0,9.382101882066177,3.382101882066177,3.382101882066177,25-50%
6.0,9.457004348361213,3.457004348361213,3.457004348361213,25-50%
6.0,9.659976531036467,3.6599765310364667,3.6599765310364667,25-50%
17.0,10.313699568694997,-6.686300431305003,6.686300431305003,75-100%
17.0,10.217684877287228,-6.782315122712772,6.782315122712772,75-100%
6.0,10.198729686553614,4.198729686553614,4.198729686553614,25-50%
6.0,10.198729686553614,4.198729686553614,4.198729686553614,25-50%
6.0,10.148339489912008,4.148339489912008,4.148339489912008,25-50%
6.0,9.382101882066177,3.382101882066177,3.382101882066177,25-50%
6.0,9.705672000946654,3.705672000946654,3.705672000946654,25-50%
6.0,9.659976531036467,3.6599765310364667,3.6599765310364667,25-50%
6.0,10.053728141136691,4.053728141136691,4.053728141136691,25-50%
6.0,9.382101882066177,3.382101882066177,3.382101882066177,25-50%
6.0,9.433652337695865,3.4336523376958645,3.4336523376958645,25-50%
6.0,9.249801084178777,3.2498010841787774,3.2498010841787774,25-50%
6.0,9.249801084178777,3.2498010841787774,3.2498010841787774,25-50%
6.0,9.310835170626225,3.310835170626225,3.310835170626225,25-50%
7.0,9.894025617252572,2.894025617252572,2.894025617252572,25-50%
7.0,9.943266321984321,2.9432663219843214,2.9432663219843214,25-50%
7.0,10.028026827571432,3.0280268275714324,3.0280268275714324,25-50%
7.0,10.045377343840556,3.0453773438405563,3.0453773438405563,25-50%
7.0,9.644373389852298,2.644373389852298,2.644373389852298,25-50%
7.0,9.776204463009261,2.776204463009261,2.776204463009261,25-50%
7.0,9.867532022051423,2.8675320220514227,2.8675320220514227,25-50%
7.0,8.997619589804426,1.997619589804426,1.997619589804426,25-50%
7.0,9.239600459249946,2.239600459249946,2.239600459249946,25-50%
7.0,9.876053645029874,2.8760536450298737,2.8760536450298737,25-50%
7.0,9.951639792236689,2.951639792236689,2.951639792236689,25-50%
7.0,9.951639792236689,2.951639792236689,2.951639792236689,25-50%
7.0,9.062597661138328,2.0625976611383283,2.0625976611383283,25-50%
7.0,9.858969109134211,2.858969109134211,2.858969109134211,25-50%
7.0,9.876053645029874,2.8760536450298737,2.8760536450298737,25-50%
7.0,9.956723617063302,2.956723617063302,2.956723617063302,25-50%
7.0,9.894025617252572,2.894025617252572,2.894025617252572,25-50%
7.0,9.148725700904443,2.1487257009044427,2.1487257009044427,25-50%
7.0,9.956723617063302,2.956723617063302,2.956723617063302,25-50%
11.0,11.004120813247704,0.0041208132477041914,0.0041208132477041914,50-75%
11.0,11.004120813247704,0.0041208132477041914,0.0041208132477041914,50-75%
11.0,11.004120813247704,0.0041208132477041914,0.0041208132477041914,50-75%
11.0,11.004120813247704,0.0041208132477041914,0.0041208132477041914,50-75%
11.0,11.065698276467954,0.06569827646795368,0.06569827646795368,50-75%
11.0,10.888704374242106,-0.11129562575789365,0.11129562575789365,50-75%
11.0,11.004120813247704,0.0041208132477041914,0.0041208132477041914,50-75%
11.0,11.004120813247704,0.0041208132477041914,0.0041208132477041914,50-75%
11.0,11.004120813247704,0.0041208132477041914,0.0041208132477041914,50-75%
11.0,10.984654174836706,-0.01534582516329408,0.01534582516329408,50-75%
11.0,11.117365654463425,0.11736565446342517,0.11736565446342517,50-75%
11.0,10.888704374242106,-0.11129562575789365,0.11129562575789365,50-75%
11.0,11.004120813247704,0.0041208132477041914,0.0041208132477041914,50-75%
11.0,11.004120813247704,0.0041208132477041914,0.0041208132477041914,50-75%
11.0,11.0248279915673,0.024827991567299534,0.024827991567299534,50-75%
11.0,10.764859183421539,-0.2351408165784612,0.2351408165784612,50-75%
11.0,10.863630232500823,-0.13636976749917729,0.13636976749917729,50-75%
11.0,10.888704374242106,-0.11129562575789365,0.11129562575789365,50-75%
11.0,10.888704374242106,-0.11129562575789365,0.11129562575789365,50-75%
11.0,10.108530236988077,-0.8914697630119228,0.8914697630119228,50-75%
11.0,10.069625508917602,-0.9303744910823983,0.9303744910823983,50-75%
11.0,11.0248279915673,0.024827991567299534,0.024827991567299534,50-75%
11.0,11.0248279915673,0.024827991567299534,0.024827991567299534,50-75%
11.0,10.108530236988077,-0.8914697630119228,0.8914697630119228,50-75%
11.0,10.068452246623677,-0.9315477533763232,0.9315477533763232,50-75%
11.0,10.115849247024927,-0.8841507529750725,0.8841507529750725,50-75%
11.0,11.102671639693648,0.10267163969364823,0.10267163969364823,50-75%
11.0,10.201391818706345,-0.7986081812936554,0.7986081812936554,50-75%
11.0,10.108530236988077,-0.8914697630119228,0.8914697630119228,50-75%
11.0,10.108530236988077,-0.8914697630119228,0.8914697630119228,50-75%
11.0,10.108530236988077,-0.8914697630119228,0.8914697630119228,50-75%
10.0,10.527280303490436,0.5272803034904356,0.5272803034904356,50-75%
10.0,10.758136950010758,0.7581369500107584,0.7581369500107584,50-75%
10.0,10.749256559705302,0.7492565597053016,0.7492565597053016,50-75%
10.0,10.594819518230658,0.5948195182306577,0.5948195182306577,50-75%
10.0,10.644470513068319,0.6444705130683186,0.6444705130683186,50-75%
10.0,10.392724781412639,0.3927247814126389,0.3927247814126389,50-75%
10.0,10.488371602253245,0.4883716022532454,0.4883716022532454,50-75%
10.0,10.749256559705302,0.7492565597053016,0.7492565597053016,50-75%
10.0,10.749256559705302,0.7492565597053016,0.7492565597053016,50-75%
10.0,10.106775418775555,0.10677541877555541,0.10677541877555541,50-75%
10.0,10.708001291515139,0.7080012915151386,0.7080012915151386,50-75%
10.0,10.644470513068319,0.6444705130683186,0.6444705130683186,50-75%
10.0,10.55858763627375,0.5585876362737494,0.5585876362737494,50-75%
10.0,10.35610315999082,0.35610315999081976,0.35610315999081976,50-75%
10.0,10.212301503360717,0.21230150336071674,0.21230150336071674,50-75%
10.0,8.573120602230313,-1.426879397769687,1.426879397769687,50-75%
10.0,10.834254153184055,0.8342541531840553,0.8342541531840553,50-75%
10.0,10.71985188782666,0.7198518878266604,0.7198518878266604,50-75%
10.0,10.633413041628959,0.633413041628959,0.633413041628959,50-75%
10.0,10.36468639484464,0.3646863948446395,0.3646863948446395,50-75%
10.0,10.35610315999082,0.35610315999081976,0.35610315999081976,50-75%
10.0,10.204083965762429,0.20408396576242893,0.20408396576242893,50-75%
10.0,10.088074780192464,0.08807478019246417,0.08807478019246417,50-75%
10.0,10.153400824776277,0.15340082477627703,0.15340082477627703,50-75%
10.0,10.258390296015115,0.258390296015115,0.258390296015115,50-75%
10.0,10.24413599551482,0.2441359955148208,0.2441359955148208,50-75%
10.0,10.166653491577803,0.16665349157780263,0.16665349157780263,50-75%
10.0,10.10961384404888,0.10961384404888008,0.10961384404888008,50-75%
10.0,10.204083965762429,0.20408396576242893,0.20408396576242893,50-75%
13.0,10.047406952788789,-2.952593047211211,2.952593047211211,50-75%
13.0,10.07074851901772,-2.9292514809822805,2.9292514809822805,50-75%
13.0,10.142415860356328,-2.857584139643672,2.857584139643672,50-75%
10.0,10.093883425318602,0.09388342531860161,0.09388342531860161,50-75%
10.0,10.001896564126945,0.001896564126944611,0.001896564126944611,50-75%
10.0,10.176043688401913,0.1760436884019132,0.1760436884019132,50-75%
16.0,9.977310232727913,-6.022689767272087,6.022689767272087,75-100%
16.0,10.100295990530444,-5.899704009469556,5.899704009469556,75-100%
16.0,10.467479254079628,-5.5325207459203725,5.5325207459203725,75-100%
16.0,9.99258502477921,-6.00741497522079,6.00741497522079,75-100%
14.0,9.977517316317046,-4.022482683682954,4.022482683682954,50-75%
12.0,9.977770119626832,-2.0222298803731675,2.0222298803731675,50-75%
16.0,10.041135150591277,-5.958864849408723,5.958864849408723,75-100%
16.0,10.047406952788789,-5.952593047211211,5.952593047211211,75-100%
16.0,10.111740576115086,-5.888259423884914,5.888259423884914,75-100%
14.0,9.833085078980998,-4.166914921019002,4.166914921019002,50-75%
12.0,9.876670613857652,-2.1233293861423483,2.1233293861423483,50-75%
12.0,9.993947031792363,-2.006052968207637,2.006052968207637,50-75%
16.0,10.467479254079628,-5.5325207459203725,5.5325207459203725,75-100%
16.0,10.111740576115086,-5.888259423884914,5.888259423884914,75-100%
14.0,9.709639667481355,-4.290360332518645,4.290360332518645,50-75%
14.0,9.76094678546081,-4.23905321453919,4.23905321453919,50-75%
14.0,9.681580268457616,-4.3184197315423845,4.3184197315423845,50-75%
14.0,9.896804439168893,-4.103195560831107,4.103195560831107,50-75%
12.0,9.896804439168893,-2.1031955608311073,2.1031955608311073,50-75%
12.0,9.923234632931955,-2.0767653670680453,2.0767653670680453,50-75%
12.0,9.833085078980998,-2.1669149210190017,2.1669149210190017,50-75%
16.0,10.100295990530444,-5.899704009469556,5.899704009469556,75-100%
16.0,10.200579904333953,-5.799420095666047,5.799420095666047,75-100%
16.0,10.000511929172173,-5.999488070827827,5.999488070827827,75-100%
14.0,9.7555182720798,-4.244481727920199,4.244481727920199,50-75%
14.0,9.780552690162686,-4.219447309837314,4.219447309837314,50-75%
14.0,9.780552690162686,-4.219447309837314,4.219447309837314,50-75%
14.0,9.796764751484304,-4.203235248515696,4.203235248515696,50-75%
12.0,9.791777103654699,-2.2082228963453012,2.2082228963453012,50-75%
12.0,9.671715094065028,-2.3282849059349715,2.3282849059349715,50-75%
12.0,9.833085078980998,-2.1669149210190017,2.1669149210190017,50-75%
16.0,11.222452825725647,-4.777547174274353,4.777547174274353,75-100%
16.0,11.222452825725647,-4.777547174274353,4.777547174274353,75-100%
14.0,9.910618424078965,-4.089381575921035,4.089381575921035,50-75%
14.0,9.826716855557827,-4.173283144442173,4.173283144442173,50-75%
14.0,9.908426822357729,-4.091573177642271,4.091573177642271,50-75%
12.0,9.818266809309725,-2.1817331906902755,2.1817331906902755,50-75%
12.0,9.935016588781924,-2.0649834112180763,2.0649834112180763,50-75%
12.0,9.85091232188445,-2.1490876781155492,2.1490876781155492,50-75%
12.0,9.807912487608114,-2.192087512391886,2.192087512391886,50-75%
12.0,10.548535109303671,-1.4514648906963288,1.4514648906963288,50-75%
12.0,11.141320212696954,-0.8586797873030463,0.8586797873030463,50-75%
12.0,11.072664253864504,-0.9273357461354959,0.9273357461354959,50-75%
12.0,9.780552690162686,-2.2194473098373138,2.2194473098373138,50-75%
12.0,9.901316965381778,-2.0986830346182224,2.0986830346182224,50-75%
12.0,9.903213887775799,-2.0967861122242013,2.0967861122242013,50-75%
12.0,9.650138231634237,-2.3498617683657628,2.3498617683657628,50-75%
12.0,10.559721863636454,-1.4402781363635455,1.4402781363635455,50-75%
12.0,10.886314444215092,-1.1136855557849081,1.1136855557849081,50-75%
12.0,11.141267470402955,-0.8587325295970452,0.8587325295970452,50-75%
12.0,11.141320212696954,-0.8586797873030463,0.8586797873030463,50-75%
12.0,11.072664253864504,-0.9273357461354959,0.9273357461354959,50-75%
12.0,11.047820426314725,-0.9521795736852745,0.9521795736852745,50-75%
12.0,11.047820426314725,-0.9521795736852745,0.9521795736852745,50-75%
12.0,9.735150169523727,-2.2648498304762725,2.2648498304762725,50-75%
12.0,9.831200357476478,-2.1687996425235223,2.1687996425235223,50-75%
12.0,9.73806610448715,-2.2619338955128505,2.2619338955128505,50-75%
12.0,10.63323889656715,-1.3667611034328502,1.3667611034328502,50-75%
12.0,10.852342236907624,-1.1476577630923757,1.1476577630923757,50-75%
12.0,11.047820426314725,-0.9521795736852745,0.9521795736852745,50-75%
12.0,11.118771592501737,-0.8812284074982628,0.8812284074982628,50-75%
12.0,11.206376087111739,-0.7936239128882612,0.7936239128882612,50-75%
12.0,11.020554637348313,-0.9794453626516866,0.9794453626516866,50-75%
12.0,10.953438139921317,-1.0465618600786826,1.0465618600786826,50-75%
12.0,9.753122909503364,-2.2468770904966355,2.2468770904966355,50-75%
12.0,9.991698040741175,-2.0083019592588247,2.0083019592588247,50-75%
12.0,10.793431499842027,-1.2065685001579727,1.2065685001579727,50-75%
12.0,11.047820426314725,-0.9521795736852745,0.9521795736852745,50-75%
12.0,11.118771592501737,-0.8812284074982628,0.8812284074982628,50-75%
12.0,10.944727431506125,-1.0552725684938746,1.0552725684938746,50-75%
12.0,9.905797722951865,-2.0942022770481348,2.0942022770481348,50-75%
12.0,10.843697873868972,-1.1563021261310276,1.1563021261310276,50-75%
12.0,10.869320425215985,-1.1306795747840148,1.1306795747840148,50-75%
12.0,10.793197391143345,-1.2068026088566555,1.2068026088566555,50-75%
12.0,10.141048370933433,-1.858951629066567,1.858951629066567,50-75%
12.0,9.876670613857652,-2.1233293861423483,2.1233293861423483,50-75%
12.0,9.645993054863117,-2.3540069451368826,2.3540069451368826,50-75%
12.0,10.711977253133325,-1.288022746866675,1.288022746866675,50-75%
12.0,10.747771866207572,-1.2522281337924284,1.2522281337924284,50-75%
12.0,10.874024481395347,-1.125975518604653,1.125975518604653,50-75%
12.0,9.682142284399823,-2.3178577156001765,2.3178577156001765,50-75%
10.0,9.502886597419359,-0.4971134025806414,0.4971134025806414,50-75%
10.0,9.948166663312364,-0.05183333668763623,0.05183333668763623,50-75%
10.0,9.502886597419359,-0.4971134025806414,0.4971134025806414,50-75%
10.0,9.657368014220534,-0.34263198577946596,0.34263198577946596,50-75%
10.0,9.955385430353296,-0.04461456964670418,0.04461456964670418,50-75%
10.0,9.67669262384824,-0.3233073761517602,0.3233073761517602,50-75%
10.0,9.971070913723551,-0.028929086276448857,0.028929086276448857,50-75%
10.0,10.064104674086803,0.06410467408680276,0.06410467408680276,50-75%
10.0,10.383282543384155,0.3832825433841549,0.3832825433841549,50-75%
10.0,10.141895181649792,0.14189518164979198,0.14189518164979198,50-75%
10.0,10.212754938021302,0.21275493802130185,0.21275493802130185,50-75%
10.0,10.30337956095425,0.3033795609542498,0.3033795609542498,50-75%
10.0,10.138380494867713,0.13838049486771276,0.13838049486771276,50-75%
10.0,9.806645744580697,-0.19335425541930285,0.19335425541930285,50-75%
10.0,9.791195342022199,-0.2088046579778009,0.2088046579778009,50-75%
10.0,9.908556128011785,-0.09144387198821491,0.09144387198821491,50-75%
10.0,10.99103903543541,0.9910390354354099,0.9910390354354099,50-75%
10.0,10.899409357707981,0.8994093577079809,0.8994093577079809,50-75%
10.0,9.834421948446888,-0.165578051553112,0.165578051553112,50-75%
10.0,9.788046889360182,-0.21195311063981848,0.21195311063981848,50-75%
10.0,10.068063952874208,0.06806395287420841,0.06806395287420841,50-75%
16.0,10.600831693178558,-5.399168306821442,5.399168306821442,75-100%
16.0,10.600831693178558,-5.399168306821442,5.399168306821442,75-100%
10.0,10.831604762154491,0.8316047621544911,0.8316047621544911,50-75%
10.0,9.757146563518134,-0.24285343648186597,0.24285343648186597,50-75%
16.0,10.662991510769832,-5.337008489230168,5.337008489230168,75-100%
16.0,10.662991510769832,-5.337008489230168,5.337008489230168,75-100%
16.0,10.662991510769832,-5.337008489230168,5.337008489230168,75-100%
16.0,9.968148821594097,-6.031851178405903,6.031851178405903,75-100%
16.0,9.968148821594097,-6.031851178405903,6.031851178405903,75-100%
16.0,10.560859457010956,-5.439140542989044,5.439140542989044,75-100%
16.0,10.662991510769832,-5.337008489230168,5.337008489230168,75-100%
16.0,10.662991510769832,-5.337008489230168,5.337008489230168,75-100%
16.0,10.662991510769832,-5.337008489230168,5.337008489230168,75-100%
16.0,10.018618932904328,-5.981381067095672,5.981381067095672,75-100%
16.0,10.050816177000279,-5.949183822999721,5.949183822999721,75-100%
16.0,10.672646992711789,-5.327353007288211,5.327353007288211,75-100%
16.0,10.64710309277713,-5.3528969072228705,5.3528969072228705,75-100%
16.0,10.662991510769832,-5.337008489230168,5.337008489230168,75-100%
16.0,10.662991510769832,-5.337008489230168,5.337008489230168,75-100%
7.0,10.67835256999304,3.6783525699930397,3.6783525699930397,25-50%
7.0,9.831847447792105,2.8318474477921054,2.8318474477921054,25-50%
7.0,9.932787404604735,2.932787404604735,2.932787404604735,25-50%
16.0,10.050816177000279,-5.949183822999721,5.949183822999721,75-100%
16.0,10.49247172241051,-5.50752827758949,5.50752827758949,75-100%
16.0,10.722631258069756,-5.277368741930244,5.277368741930244,75-100%
16.0,10.64710309277713,-5.3528969072228705,5.3528969072228705,75-100%
16.0,10.662991510769832,-5.337008489230168,5.337008489230168,75-100%
11.5,10.662991510769832,-0.8370084892301684,0.8370084892301684,50-75%
7.0,9.826843593243344,2.8268435932433444,2.8268435932433444,25-50%
7.0,9.97902579884612,2.97902579884612,2.97902579884612,25-50%
7.0,9.831847447792105,2.8318474477921054,2.8318474477921054,25-50%
16.0,10.648626343844366,-5.3513736561556335,5.3513736561556335,75-100%
16.0,10.39679076588282,-5.60320923411718,5.60320923411718,75-100%
16.0,10.49247172241051,-5.50752827758949,5.50752827758949,75-100%
16.0,10.64710309277713,-5.3528969072228705,5.3528969072228705,75-100%
11.5,10.64710309277713,-0.8528969072228705,0.8528969072228705,50-75%
7.0,10.008577148466403,3.0085771484664026,3.0085771484664026,25-50%
7.0,9.912012953972406,2.912012953972406,2.912012953972406,25-50%
7.0,9.959058943739699,2.9590589437396986,2.9590589437396986,25-50%
7.0,10.01344096956276,3.01344096956276,3.01344096956276,25-50%
7.0,9.826843593243344,2.8268435932433444,2.8268435932433444,25-50%
7.0,9.932212201555519,2.9322122015555188,2.9322122015555188,25-50%
7.0,10.008577148466403,3.0085771484664026,3.0085771484664026,25-50%
7.0,10.01344096956276,3.01344096956276,3.01344096956276,25-50%
7.0,10.060602402292684,3.060602402292684,3.060602402292684,25-50%
7.0,9.80128693937292,2.80128693937292,2.80128693937292,25-50%
7.0,9.826843593243344,2.8268435932433444,2.8268435932433444,25-50%
7.0,9.932212201555519,2.9322122015555188,2.9322122015555188,25-50%
7.0,10.008577148466403,3.0085771484664026,3.0085771484664026,25-50%
7.0,10.008577148466403,3.0085771484664026,3.0085771484664026,25-50%
7.0,10.130871540292407,3.130871540292407,3.130871540292407,25-50%
7.0,9.791190615542483,2.791190615542483,2.791190615542483,25-50%
7.0,9.791190615542483,2.791190615542483,2.791190615542483,25-50%
7.0,9.927161982743222,2.927161982743222,2.927161982743222,25-50%
7.0,10.130871540292407,3.130871540292407,3.130871540292407,25-50%
7.0,9.99294401657309,2.992944016573089,2.992944016573089,25-50%
7.0,9.832573464610306,2.832573464610306,2.832573464610306,25-50%
11.0,10.179097857118615,-0.8209021428813852,0.8209021428813852,50-75%
11.0,10.217416069025672,-0.7825839309743277,0.7825839309743277,50-75%
11.0,9.689819675389245,-1.310180324610755,1.310180324610755,50-75%
14.0,9.633328803126457,-4.366671196873543,4.366671196873543,50-75%
14.0,9.77458863088005,-4.22541136911995,4.22541136911995,50-75%
11.0,10.182148620500778,-0.8178513794992224,0.8178513794992224,50-75%
11.0,9.6050396778252,-1.3949603221748,1.3949603221748,50-75%
11.0,10.138137178775953,-0.8618628212240473,0.8618628212240473,50-75%
11.0,9.71092455794576,-1.2890754420542407,1.2890754420542407,50-75%
11.0,9.744975274614657,-1.2550247253853435,1.2550247253853435,50-75%
11.0,9.784046000245056,-1.2159539997549444,1.2159539997549444,50-75%
14.0,10.013839508214879,-3.986160491785121,3.986160491785121,50-75%
14.0,9.995702771398044,-4.004297228601956,4.004297228601956,50-75%
14.0,10.085138444698527,-3.9148615553014725,3.9148615553014725,50-75%
14.0,10.058004390402793,-3.941995609597207,3.941995609597207,50-75%
11.0,10.130929471440373,-0.869070528559627,0.869070528559627,50-75%
11.0,10.38661062996687,-0.6133893700331292,0.6133893700331292,50-75%
11.0,9.785061211961477,-1.2149387880385234,1.2149387880385234,50-75%
11.0,9.928320158452085,-1.0716798415479154,1.0716798415479154,50-75%
11.0,10.197817776999475,-0.8021822230005249,0.8021822230005249,50-75%
11.0,10.591776026742098,-0.4082239732579023,0.4082239732579023,50-75%
12.5,9.93742699595024,-2.56257300404976,2.56257300404976,50-75%
14.0,9.696702809693818,-4.303297190306182,4.303297190306182,50-75%
14.0,9.921790889700977,-4.0782091102990226,4.0782091102990226,50-75%
14.0,9.93742699595024,-4.06257300404976,4.06257300404976,50-75%
14.0,9.840177809846915,-4.1598221901530845,4.1598221901530845,50-75%
14.0,9.967465767008665,-4.032534232991335,4.032534232991335,50-75%
14.0,10.129589231645411,-3.8704107683545885,3.8704107683545885,50-75%
11.0,9.712243105347381,-1.2877568946526186,1.2877568946526186,50-75%
11.0,9.096828000557231,-1.903171999442769,1.903171999442769,50-75%
11.0,9.82382022045863,-1.1761797795413695,1.1761797795413695,50-75%
11.0,10.654516119556472,-0.3454838804435276,0.3454838804435276,50-75%
11.0,10.122551533605277,-0.8774484663947231,0.8774484663947231,50-75%
12.5,10.733327721049282,-1.7666722789507183,1.7666722789507183,50-75%
14.0,9.940619750326668,-4.059380249673332,4.059380249673332,50-75%
14.0,9.93742699595024,-4.06257300404976,4.06257300404976,50-75%
14.0,9.837014367013378,-4.162985632986622,4.162985632986622,50-75%
14.0,9.825287508768243,-4.174712491231757,4.174712491231757,50-75%
14.0,10.058004390402793,-3.941995609597207,3.941995609597207,50-75%
11.0,10.464012852701362,-0.5359871472986377,0.5359871472986377,50-75%
11.0,10.733327721049282,-0.2666722789507183,0.2666722789507183,50-75%
11.0,10.242913991857211,-0.7570860081427888,0.7570860081427888,50-75%
11.0,10.294648439470034,-0.7053515605299658,0.7053515605299658,50-75%
14.0,10.017316516054825,-3.9826834839451752,3.9826834839451752,50-75%
14.0,9.916170449835027,-4.083829550164973,4.083829550164973,50-75%
14.0,9.825287508768243,-4.174712491231757,4.174712491231757,50-75%
14.0,10.011444693080598,-3.9885553069194017,3.9885553069194017,50-75%
14.0,10.017316516054825,-3.9826834839451752,3.9826834839451752,50-75%
14.0,10.142928572820344,-3.8570714271796565,3.8570714271796565,50-75%
11.0,10.065873851812876,-0.9341261481871239,0.9341261481871239,50-75%
11.0,10.625608210502186,-0.37439178949781393,0.37439178949781393,50-75%
11.0,10.625608210502186,-0.37439178949781393,0.37439178949781393,50-75%
11.0,10.736752807538572,-0.2632471924614279,0.2632471924614279,50-75%
11.0,10.736752807538572,-0.2632471924614279,0.2632471924614279,50-75%
14.0,9.696702809693818,-4.303297190306182,4.303297190306182,50-75%
14.0,9.633328803126457,-4.366671196873543,4.366671196873543,50-75%
14.0,9.738277291812606,-4.261722708187394,4.261722708187394,50-75%
14.0,9.921790889700977,-4.0782091102990226,4.0782091102990226,50-75%
14.0,10.135524054873933,-3.864475945126067,3.864475945126067,50-75%
1.0,10.930069979131297,9.930069979131297,9.930069979131297,0-25%
1.0,9.672686160411141,8.672686160411141,8.672686160411141,0-25%
1.0,9.672686160411141,8.672686160411141,8.672686160411141,0-25%
1.0,10.931948265889968,9.931948265889968,9.931948265889968,0-25%
1.0,9.672686160411141,8.672686160411141,8.672686160411141,0-25%
1.0,9.71838842292772,8.71838842292772,8.71838842292772,0-25%
1.0,9.672686160411141,8.672686160411141,8.672686160411141,0-25%
1.0,9.71838842292772,8.71838842292772,8.71838842292772,0-25%
1.0,9.672686160411141,8.672686160411141,8.672686160411141,0-25%
1.0,9.650057624300763,8.650057624300763,8.650057624300763,0-25%
1.0,9.789473176316474,8.789473176316474,8.789473176316474,0-25%
1.0,9.71838842292772,8.71838842292772,8.71838842292772,0-25%
1.0,9.787774734104982,8.787774734104982,8.787774734104982,0-25%
1.0,9.787774734104982,8.787774734104982,8.787774734104982,0-25%
1.0,9.650057624300763,8.650057624300763,8.650057624300763,0-25%
1.0,9.650057624300763,8.650057624300763,8.650057624300763,0-25%
1.0,9.516357378428136,8.516357378428136,8.516357378428136,0-25%
1.0,9.720075940862175,8.720075940862175,8.720075940862175,0-25%
1.0,9.720075940862175,8.720075940862175,8.720075940862175,0-25%
1.0,9.723342152627753,8.723342152627753,8.723342152627753,0-25%
1.0,9.680513887589033,8.680513887589033,8.680513887589033,0-25%
1.0,9.749655015051072,8.749655015051072,8.749655015051072,0-25%
1.0,9.792760532154928,8.792760532154928,8.792760532154928,0-25%
1.0,9.71838842292772,8.71838842292772,8.71838842292772,0-25%
2.0,9.794459759337375,7.794459759337375,7.794459759337375,0-25%
1.0,9.782348412361182,8.782348412361182,8.782348412361182,0-25%
1.0,9.546186287811157,8.546186287811157,8.546186287811157,0-25%
1.0,9.723342152627753,8.723342152627753,8.723342152627753,0-25%
2.0,9.396211788159583,7.396211788159583,7.396211788159583,0-25%
2.0,9.463512464131998,7.463512464131998,7.463512464131998,0-25%
2.0,9.374768979344427,7.374768979344427,7.374768979344427,0-25%
2.0,9.374768979344427,7.374768979344427,7.374768979344427,0-25%
2.0,9.794459759337375,7.794459759337375,7.794459759337375,0-25%
1.0,9.575265876366709,8.575265876366709,8.575265876366709,0-25%
2.0,9.069277352314327,7.069277352314327,7.069277352314327,0-25%
2.0,9.422318790128712,7.4223187901287115,7.4223187901287115,0-25%
2.0,9.751347455641142,7.751347455641142,7.751347455641142,0-25%
2.0,9.069277352314327,7.069277352314327,7.069277352314327,0-25%
2.0,9.48978847178473,7.489788471784729,7.489788471784729,0-25%
2.0,9.463512464131998,7.463512464131998,7.463512464131998,0-25%
2.0,9.422318790128712,7.4223187901287115,7.4223187901287115,0-25%
2.0,9.422318790128712,7.4223187901287115,7.4223187901287115,0-25%
9.0,10.027615675328917,1.0276156753289172,1.0276156753289172,50-75%
9.0,9.976986248429109,0.9769862484291085,0.9769862484291085,50-75%
9.0,9.527103898072141,0.5271038980721414,0.5271038980721414,50-75%
9.0,9.63165494063171,0.6316549406317105,0.6316549406317105,50-75%
9.0,9.63165494063171,0.6316549406317105,0.6316549406317105,50-75%
9.0,10.144643035473257,1.1446430354732566,1.1446430354732566,50-75%
9.0,9.984920986204397,0.984920986204397,0.984920986204397,50-75%
9.0,9.969215701204629,0.9692157012046287,0.9692157012046287,50-75%
9.0,10.027615675328917,1.0276156753289172,1.0276156753289172,50-75%
9.0,9.63165494063171,0.6316549406317105,0.6316549406317105,50-75%
9.0,9.363888698772254,0.3638886987722536,0.3638886987722536,50-75%
9.0,10.027615675328917,1.0276156753289172,1.0276156753289172,50-75%
9.0,9.872716166322832,0.8727161663228316,0.8727161663228316,50-75%
9.0,9.63165494063171,0.6316549406317105,0.6316549406317105,50-75%
9.0,10.037108875999351,1.0371088759993512,1.0371088759993512,50-75%
9.0,10.047217980162431,1.047217980162431,1.047217980162431,50-75%
9.0,10.144643035473257,1.1446430354732566,1.1446430354732566,50-75%
9.0,10.107134548655582,1.1071345486555817,1.1071345486555817,50-75%
9.0,9.973032306054293,0.9730323060542929,0.9730323060542929,50-75%
9.0,9.23876005191133,0.23876005191132954,0.23876005191132954,50-75%
9.0,9.973032306054293,0.9730323060542929,0.9730323060542929,50-75%
9.0,10.04884101946195,1.0488410194619497,1.0488410194619497,50-75%
9.0,9.973032306054293,0.9730323060542929,0.9730323060542929,50-75%
7.0,10.003411809899827,3.003411809899827,3.003411809899827,25-50%
7.0,10.047534877599052,3.047534877599052,3.047534877599052,25-50%
7.0,9.05238524867147,2.05238524867147,2.05238524867147,25-50%
7.0,10.074643241877054,3.0746432418770535,3.0746432418770535,25-50%
7.0,10.074643241877054,3.0746432418770535,3.0746432418770535,25-50%
7.0,10.074643241877054,3.0746432418770535,3.0746432418770535,25-50%
7.0,9.05238524867147,2.05238524867147,2.05238524867147,25-50%
7.0,9.05238524867147,2.05238524867147,2.05238524867147,25-50%
7.0,9.312103342718453,2.312103342718453,2.312103342718453,25-50%
7.0,9.579519251748122,2.5795192517481222,2.5795192517481222,25-50%
7.0,10.028522015511275,3.0285220155112746,3.0285220155112746,25-50%
7.0,10.047534877599052,3.047534877599052,3.047534877599052,25-50%
7.0,10.047534877599052,3.047534877599052,3.047534877599052,25-50%
7.0,10.046549392584367,3.0465493925843674,3.0465493925843674,25-50%
7.0,9.312103342718453,2.312103342718453,2.312103342718453,25-50%
7.0,9.312103342718453,2.312103342718453,2.312103342718453,25-50%
7.0,9.45754115034155,2.45754115034155,2.45754115034155,25-50%
7.0,9.864046682689802,2.8640466826898017,2.8640466826898017,25-50%
7.0,10.000200731184599,3.0002007311845986,3.0002007311845986,25-50%
7.0,10.044310922637255,3.044310922637255,3.044310922637255,25-50%
7.0,10.039208918965718,3.039208918965718,3.039208918965718,25-50%
7.0,9.312103342718453,2.312103342718453,2.312103342718453,25-50%
7.0,9.71295541670958,2.7129554167095797,2.7129554167095797,25-50%
7.0,10.000200731184599,3.0002007311845986,3.0002007311845986,25-50%
7.0,10.0516547888109,3.0516547888109002,3.0516547888109002,25-50%
7.0,10.042431384596929,3.042431384596929,3.042431384596929,25-50%
7.0,9.850382329355671,2.8503823293556714,2.8503823293556714,25-50%
9.5,9.832514761145442,0.33251476114544154,0.33251476114544154,50-75%
9.5,9.80469682415517,0.30469682415517063,0.30469682415517063,50-75%
9.5,9.778249231124361,0.2782492311243612,0.2782492311243612,50-75%
9.5,10.044310922637255,0.5443109226372549,0.5443109226372549,50-75%
12.0,9.775103860643693,-2.224896139356307,2.224896139356307,50-75%
12.0,9.67929795665783,-2.3207020433421697,2.3207020433421697,50-75%
12.0,9.80469682415517,-2.1953031758448294,2.1953031758448294,50-75%
12.0,9.84802305584386,-2.1519769441561394,2.1519769441561394,50-75%
12.0,10.124981147894257,-1.8750188521057432,1.8750188521057432,50-75%
12.0,9.778249231124361,-2.221750768875639,2.221750768875639,50-75%
12.0,9.775103860643693,-2.224896139356307,2.224896139356307,50-75%
12.0,9.676181462705348,-2.3238185372946525,2.3238185372946525,50-75%
12.0,9.66462864360108,-2.3353713563989196,2.3353713563989196,50-75%
12.0,9.778249231124361,-2.221750768875639,2.221750768875639,50-75%
12.0,9.856976079674844,-2.143023920325156,2.143023920325156,50-75%
12.0,9.961860819358854,-2.0381391806411457,2.0381391806411457,50-75%
12.0,9.754162784447729,-2.245837215552271,2.245837215552271,50-75%
12.0,9.66462864360108,-2.3353713563989196,2.3353713563989196,50-75%
12.0,9.84802305584386,-2.1519769441561394,2.1519769441561394,50-75%
12.0,9.853807734673902,-2.146192265326098,2.146192265326098,50-75%
12.0,9.754162784447729,-2.245837215552271,2.245837215552271,50-75%
12.0,9.97026094696584,-2.0297390530341595,2.0297390530341595,50-75%
12.0,9.977555573932502,-2.022444426067498,2.022444426067498,50-75%
12.0,9.312103342718453,-2.687896657281547,2.687896657281547,50-75%
12.0,9.676851787153304,-2.3231482128466965,2.3231482128466965,50-75%
12.0,9.759699810964161,-2.240300189035839,2.240300189035839,50-75%
12.0,9.97026094696584,-2.0297390530341595,2.0297390530341595,50-75%
12.0,9.97026094696584,-2.0297390530341595,2.0297390530341595,50-75%
12.0,9.97026094696584,-2.0297390530341595,2.0297390530341595,50-75%
12.0,10.651942520574568,-1.3480574794254316,1.3480574794254316,50-75%
12.0,9.97026094696584,-2.0297390530341595,2.0297390530341595,50-75%
12.0,9.977555573932502,-2.022444426067498,2.022444426067498,50-75%
12.0,10.714617488917526,-1.2853825110824744,1.2853825110824744,50-75%
10.0,10.15258397663634,0.1525839766363397,0.1525839766363397,50-75%
10.0,10.043546104166609,0.04354610416660876,0.04354610416660876,50-75%
10.0,10.043546104166609,0.04354610416660876,0.04354610416660876,50-75%
10.0,10.124785712945235,0.12478571294523455,0.12478571294523455,50-75%
9.5,10.483845768871642,0.9838457688716424,0.9838457688716424,50-75%
9.5,10.621729838451834,1.1217298384518344,1.1217298384518344,50-75%
9.5,10.286746982117023,0.7867469821170232,0.7867469821170232,50-75%
10.0,9.927693631959537,-0.0723063680404632,0.0723063680404632,50-75%
10.0,10.124785712945235,0.12478571294523455,0.12478571294523455,50-75%
10.0,10.244146315602055,0.24414631560205535,0.24414631560205535,50-75%
10.0,10.316936160902689,0.3169361609026886,0.3169361609026886,50-75%
4.0,12.344003071126584,8.344003071126584,8.344003071126584,0-25%
4.0,12.344003071126584,8.344003071126584,8.344003071126584,0-25%
4.0,12.344003071126584,8.344003071126584,8.344003071126584,0-25%
4.0,12.344003071126584,8.344003071126584,8.344003071126584,0-25%
9.0,9.630326401745343,0.6303264017453429,0.6303264017453429,50-75%
9.5,9.933304451908846,0.43330445190884603,0.43330445190884603,50-75%
9.5,9.93011383232474,0.4301138323247393,0.4301138323247393,50-75%
9.5,9.943812677994167,0.4438126779941669,0.4438126779941669,50-75%
9.5,10.231715541869631,0.7317155418696313,0.7317155418696313,50-75%
9.5,10.183127370572258,0.683127370572258,0.683127370572258,50-75%
10.0,10.240864984363277,0.2408649843632773,0.2408649843632773,50-75%
10.0,10.545636223015622,0.545636223015622,0.545636223015622,50-75%
4.0,12.201643565234509,8.201643565234509,8.201643565234509,0-25%
4.0,12.210421940299677,8.210421940299677,8.210421940299677,0-25%
4.0,13.057860891041166,9.057860891041166,9.057860891041166,0-25%
4.0,12.997919412573227,8.997919412573227,8.997919412573227,0-25%
4.0,12.258175254708028,8.258175254708028,8.258175254708028,0-25%
4.0,12.258175254708028,8.258175254708028,8.258175254708028,0-25%
9.0,9.56195278866873,0.5619527886687301,0.5619527886687301,50-75%
9.0,9.56195278866873,0.5619527886687301,0.5619527886687301,50-75%
9.5,10.004082038516279,0.5040820385162785,0.5040820385162785,50-75%
9.5,10.004082038516279,0.5040820385162785,0.5040820385162785,50-75%
9.5,9.647804295550257,0.14780429555025698,0.14780429555025698,50-75%
9.5,10.286746982117023,0.7867469821170232,0.7867469821170232,50-75%
9.5,10.171854279973402,0.6718542799734024,0.6718542799734024,50-75%
9.5,10.407845307656263,0.9078453076562631,0.9078453076562631,50-75%
10.0,10.542266909263668,0.5422669092636685,0.5422669092636685,50-75%
4.0,10.475460187461266,6.475460187461266,6.475460187461266,0-25%
4.0,11.74392663541501,7.74392663541501,7.74392663541501,0-25%
4.0,13.007227267775374,9.007227267775374,9.007227267775374,0-25%
4.0,13.0327262436655,9.0327262436655,9.0327262436655,0-25%
4.0,12.201643565234509,8.201643565234509,8.201643565234509,0-25%
4.0,12.953585474178194,8.953585474178194,8.953585474178194,0-25%
4.0,12.201643565234509,8.201643565234509,8.201643565234509,0-25%
4.0,12.19956540735545,8.19956540735545,8.19956540735545,0-25%
9.0,9.466768505917873,0.466768505917873,0.466768505917873,50-75%
9.0,9.56375054419512,0.5637505441951198,0.5637505441951198,50-75%
9.0,9.558870539055896,0.5588705390558957,0.5588705390558957,50-75%
9.5,9.462215791700274,-0.037784208299726174,0.037784208299726174,50-75%
9.5,10.415430904426936,0.9154309044269358,0.9154309044269358,50-75%
9.5,10.180254332470199,0.6802543324701986,0.6802543324701986,50-75%
10.0,10.542266909263668,0.5422669092636685,0.5422669092636685,50-75%
4.0,10.475460187461266,6.475460187461266,6.475460187461266,0-25%
4.0,10.599205449488581,6.599205449488581,6.599205449488581,0-25%
4.0,12.258175254708028,8.258175254708028,8.258175254708028,0-25%
4.0,12.258175254708028,8.258175254708028,8.258175254708028,0-25%
4.0,12.258175254708028,8.258175254708028,8.258175254708028,0-25%
4.0,12.201643565234509,8.201643565234509,8.201643565234509,0-25%
4.0,12.201643565234509,8.201643565234509,8.201643565234509,0-25%
9.0,9.521559676677306,0.5215596766773061,0.5215596766773061,50-75%
9.0,9.466768505917873,0.466768505917873,0.466768505917873,50-75%
9.0,9.56375054419512,0.5637505441951198,0.5637505441951198,50-75%
9.0,9.635239431721446,0.6352394317214465,0.6352394317214465,50-75%
9.5,9.762047245525451,0.26204724552545144,0.26204724552545144,50-75%
9.0,9.74438182703543,0.7443818270354292,0.7443818270354292,50-75%
4.0,10.524600065286148,6.5246000652861476,6.5246000652861476,0-25%
4.0,10.599205449488581,6.599205449488581,6.599205449488581,0-25%
4.0,12.10043813194995,8.10043813194995,8.10043813194995,0-25%
4.0,12.344003071126584,8.344003071126584,8.344003071126584,0-25%
4.0,12.344003071126584,8.344003071126584,8.344003071126584,0-25%
4.0,9.937659125709542,5.937659125709542,5.937659125709542,0-25%
4.0,9.937659125709542,5.937659125709542,5.937659125709542,0-25%
9.0,9.464987254945859,0.4649872549458589,0.4649872549458589,50-75%
9.0,9.468651059257608,0.4686510592576081,0.4686510592576081,50-75%
4.0,10.524600065286148,6.5246000652861476,6.5246000652861476,0-25%
4.0,10.62804770618298,6.628047706182979,6.628047706182979,0-25%
4.0,12.10043813194995,8.10043813194995,8.10043813194995,0-25%
4.0,9.869019731398614,5.869019731398614,5.869019731398614,0-25%
4.0,9.876247038462424,5.876247038462424,5.876247038462424,0-25%
4.0,9.867308767238672,5.867308767238672,5.867308767238672,0-25%
9.0,9.635239431721446,0.6352394317214465,0.6352394317214465,50-75%
5.0,9.874043078540847,4.874043078540847,4.874043078540847,0-25%
5.0,9.92879090432178,4.9287909043217795,4.9287909043217795,0-25%
8.0,9.967733375166986,1.9677333751669863,1.9677333751669863,25-50%
8.0,9.933847591166316,1.933847591166316,1.933847591166316,25-50%
11.0,9.780187873108417,-1.2198121268915827,1.2198121268915827,50-75%
5.0,9.45754115034155,4.45754115034155,4.45754115034155,0-25%
5.0,9.579519251748122,4.579519251748122,4.579519251748122,0-25%
5.0,9.74178926675942,4.741789266759421,4.741789266759421,0-25%
8.0,9.870531404779804,1.870531404779804,1.870531404779804,25-50%
8.0,9.870531404779804,1.870531404779804,1.870531404779804,25-50%
8.0,9.881036607936721,1.8810366079367213,1.8810366079367213,25-50%
8.0,9.967733375166986,1.9677333751669863,1.9677333751669863,25-50%
11.0,9.839087238494159,-1.1609127615058412,1.1609127615058412,50-75%
11.0,9.8551502127627,-1.1448497872373,1.1448497872373,50-75%
8.0,9.755176681356337,1.7551766813563372,1.7551766813563372,25-50%
8.0,9.644627954182727,1.6446279541827273,1.6446279541827273,25-50%
8.0,9.802345880886069,1.8023458808860688,1.8023458808860688,25-50%
11.0,9.87074539945788,-1.1292546005421205,1.1292546005421205,50-75%
11.0,10.372103717220817,-0.627896282779183,0.627896282779183,50-75%
8.0,9.554090134478715,1.5540901344787148,1.5540901344787148,25-50%
8.0,9.686000038872347,1.686000038872347,1.686000038872347,25-50%
8.0,9.93317055043735,1.9331705504373495,1.9331705504373495,25-50%
8.0,9.937846126628434,1.9378461266284344,1.9378461266284344,25-50%
11.0,9.87472085829037,-1.1252791417096297,1.1252791417096297,50-75%
11.0,10.420801005011223,-0.5791989949887775,0.5791989949887775,50-75%
8.0,9.684317885050614,1.6843178850506142,1.6843178850506142,25-50%
11.0,9.931449487873419,-1.0685505121265813,1.0685505121265813,50-75%
11.0,9.966006871840609,-1.0339931281593913,1.0339931281593913,50-75%
8.0,9.243699773877553,1.2436997738775535,1.2436997738775535,25-50%
11.0,9.552428745465985,-1.4475712545340151,1.4475712545340151,50-75%
8.0,8.54713477843639,0.5471347784363907,0.5471347784363907,25-50%
8.0,8.54713477843639,0.5471347784363907,0.5471347784363907,25-50%
8.0,8.286479704793376,0.2864797047933756,0.2864797047933756,25-50%
8.0,8.286479704793376,0.2864797047933756,0.2864797047933756,25-50%
8.0,8.210499366379635,0.21049936637963462,0.21049936637963462,25-50%
8.0,8.210499366379635,0.21049936637963462,0.21049936637963462,25-50%
8.0,8.456679561396369,0.4566795613963688,0.4566795613963688,25-50%
8.0,8.283293686462835,0.2832936864628355,0.2832936864628355,25-50%
8.0,8.370055965938263,0.3700559659382634,0.3700559659382634,25-50%
8.0,8.286479704793376,0.2864797047933756,0.2864797047933756,25-50%
8.0,8.193299646567501,0.19329964656750143,0.19329964656750143,25-50%
8.0,8.106196873416915,0.10619687341691453,0.10619687341691453,25-50%
8.0,8.456679561396369,0.4566795613963688,0.4566795613963688,25-50%
8.0,8.456679561396369,0.4566795613963688,0.4566795613963688,25-50%
8.0,7.9010933838999176,-0.09890661610008245,0.09890661610008245,25-50%
8.0,7.979552828701796,-0.020447171298203948,0.020447171298203948,25-50%
8.0,8.106196873416915,0.10619687341691453,0.10619687341691453,25-50%
8.0,8.233941906977027,0.23394190697702655,0.23394190697702655,25-50%
8.0,8.297167753333275,0.29716775333327483,0.29716775333327483,25-50%
8.0,7.979552828701796,-0.020447171298203948,0.020447171298203948,25-50%
8.0,8.999605914124057,0.9996059141240572,0.9996059141240572,25-50%
8.0,8.668384250350154,0.6683842503501545,0.6683842503501545,25-50%
8.0,8.99332838641095,0.9933283864109494,0.9933283864109494,25-50%
8.0,8.429210797445542,0.4292107974455419,0.4292107974455419,25-50%
8.0,8.261172693417002,0.2611726934170022,0.2611726934170022,25-50%
8.0,8.469835656114045,0.46983565611404465,0.46983565611404465,25-50%
8.0,8.530379153619059,0.5303791536190587,0.5303791536190587,25-50%
8.0,8.674041529184931,0.6740415291849313,0.6740415291849313,25-50%
6.0,9.862481099311388,3.8624810993113883,3.8624810993113883,25-50%
6.0,10.049592917453655,4.049592917453655,4.049592917453655,25-50%
6.0,9.684953206395125,3.684953206395125,3.684953206395125,25-50%
6.0,9.684953206395125,3.684953206395125,3.684953206395125,25-50%
6.0,9.586936059983422,3.5869360599834224,3.5869360599834224,25-50%
6.0,9.504629515493033,3.5046295154930327,3.5046295154930327,25-50%
6.0,10.324133958834334,4.324133958834334,4.324133958834334,25-50%
6.0,10.693645786370485,4.693645786370485,4.693645786370485,25-50%
6.0,9.979150657035353,3.979150657035353,3.979150657035353,25-50%
6.0,9.684953206395125,3.684953206395125,3.684953206395125,25-50%
6.0,9.744374675608011,3.744374675608011,3.744374675608011,25-50%
6.0,10.332831053555152,4.332831053555152,4.332831053555152,25-50%
6.0,10.356366359483681,4.3563663594836814,4.3563663594836814,25-50%
6.0,9.915079407156165,3.915079407156165,3.915079407156165,25-50%
6.0,9.977962269278494,3.9779622692784944,3.9779622692784944,25-50%
6.0,9.596965327637703,3.5969653276377027,3.5969653276377027,25-50%
6.0,10.425988005031924,4.425988005031924,4.425988005031924,25-50%
6.0,10.07582284468095,4.07582284468095,4.07582284468095,25-50%
6.0,10.049592917453655,4.049592917453655,4.049592917453655,25-50%
6.0,9.684953206395125,3.684953206395125,3.684953206395125,25-50%
6.0,9.684953206395125,3.684953206395125,3.684953206395125,25-50%
6.0,10.384979255957994,4.384979255957994,4.384979255957994,25-50%
6.0,10.115099198623376,4.115099198623376,4.115099198623376,25-50%
6.0,9.979150657035353,3.979150657035353,3.979150657035353,25-50%
6.0,10.000651771723202,4.000651771723202,4.000651771723202,25-50%
6.0,9.684953206395125,3.684953206395125,3.684953206395125,25-50%
6.0,10.398129579142946,4.398129579142946,4.398129579142946,25-50%
6.0,10.404905115854444,4.404905115854444,4.404905115854444,25-50%
8.0,9.59159271146845,1.5915927114684507,1.5915927114684507,25-50%
8.0,9.684953206395125,1.6849532063951251,1.6849532063951251,25-50%
10.0,9.812823895519589,-0.187176104480411,0.187176104480411,50-75%
10.0,10.356366359483681,0.35636635948368145,0.35636635948368145,50-75%
10.0,9.889948053523254,-0.11005194647674621,0.11005194647674621,50-75%
10.0,9.915079407156165,-0.0849205928438348,0.0849205928438348,50-75%
10.0,9.684953206395125,-0.31504679360487486,0.31504679360487486,50-75%
10.0,10.105241814917248,0.10524181491724782,0.10524181491724782,50-75%
10.0,10.39408426542714,0.39408426542713926,0.39408426542713926,50-75%
10.0,10.384979255957994,0.38497925595799387,0.38497925595799387,50-75%
10.0,10.785522164438428,0.7855221644384276,0.7855221644384276,50-75%
8.5,10.120236276591294,1.620236276591294,1.620236276591294,50-75%
8.5,9.806120815246313,1.306120815246313,1.306120815246313,50-75%
8.5,10.049592917453655,1.549592917453655,1.549592917453655,50-75%
7.0,10.120236276591294,3.120236276591294,3.120236276591294,25-50%
10.0,10.06149455249943,0.06149455249943081,0.06149455249943081,50-75%
10.0,8.848564318398788,-1.1514356816012121,1.1514356816012121,50-75%
10.0,10.145151478238393,0.14515147823839314,0.14515147823839314,50-75%
8.5,11.151230638709109,2.6512306387091087,2.6512306387091087,50-75%
8.5,10.485180273537043,1.9851802735370434,1.9851802735370434,50-75%
8.5,11.19885962763265,2.6988596276326504,2.6988596276326504,50-75%
7.0,10.123482394993012,3.1234823949930117,3.1234823949930117,25-50%
7.0,10.120236276591294,3.120236276591294,3.120236276591294,25-50%
8.5,11.19885962763265,2.6988596276326504,2.6988596276326504,50-75%
8.5,10.576687060933565,2.0766870609335655,2.0766870609335655,50-75%
8.5,10.629957370634207,2.129957370634207,2.129957370634207,50-75%
8.5,10.201461078358237,1.7014610783582373,1.7014610783582373,50-75%
8.5,10.130050643218965,1.630050643218965,1.630050643218965,50-75%
7.0,10.037387035470584,3.0373870354705836,3.0373870354705836,25-50%
7.0,10.19549111313041,3.1954911131304105,3.1954911131304105,25-50%
10.0,11.262062335976438,1.262062335976438,1.262062335976438,50-75%
10.0,11.20697120591073,1.2069712059107296,1.2069712059107296,50-75%
8.5,11.202420607969064,2.7024206079690636,2.7024206079690636,50-75%
8.5,11.202420607969064,2.7024206079690636,2.7024206079690636,50-75%
8.5,10.835827299535946,2.3358272995359464,2.3358272995359464,50-75%
8.5,10.43157879557494,1.9315787955749393,1.9315787955749393,50-75%
7.0,9.806120815246313,2.806120815246313,2.806120815246313,25-50%
7.0,9.477521146194789,2.477521146194789,2.477521146194789,25-50%
7.0,9.848120568310389,2.8481205683103887,2.8481205683103887,25-50%
7.0,10.049592917453655,3.049592917453655,3.049592917453655,25-50%
8.5,11.12462895567729,2.6246289556772897,2.6246289556772897,50-75%
8.5,11.202420607969064,2.7024206079690636,2.7024206079690636,50-75%
7.0,11.121090676946814,4.121090676946814,4.121090676946814,25-50%
7.0,10.504923836158223,3.5049238361582233,3.5049238361582233,25-50%
7.0,9.751054037434436,2.751054037434436,2.751054037434436,25-50%
7.0,10.695338481396817,3.695338481396817,3.695338481396817,25-50%
7.0,10.708411727209661,3.7084117272096613,3.7084117272096613,25-50%
7.0,9.982603878788034,2.9826038787880336,2.9826038787880336,25-50%
7.0,9.977297525770826,2.977297525770826,2.977297525770826,25-50%
7.0,10.045598601668152,3.0455986016681518,3.0455986016681518,25-50%
13.0,9.688307767292729,-3.311692232707271,3.311692232707271,50-75%
13.0,9.62016873585517,-3.37983126414483,3.37983126414483,50-75%
13.0,9.490075685048687,-3.509924314951313,3.509924314951313,50-75%
13.0,9.688307767292729,-3.311692232707271,3.311692232707271,50-75%
13.0,9.734076924194463,-3.265923075805537,3.265923075805537,50-75%
13.0,9.688307767292729,-3.311692232707271,3.311692232707271,50-75%
13.0,9.665646109802212,-3.3343538901977876,3.3343538901977876,50-75%
13.0,9.734076924194463,-3.265923075805537,3.265923075805537,50-75%
13.0,9.490075685048687,-3.509924314951313,3.509924314951313,50-75%
13.0,9.55798399617117,-3.4420160038288294,3.4420160038288294,50-75%
13.0,9.803564796090354,-3.1964352039096458,3.1964352039096458,50-75%
13.0,9.665646109802212,-3.3343538901977876,3.3343538901977876,50-75%
13.0,9.665646109802212,-3.3343538901977876,3.3343538901977876,50-75%
13.0,9.53175016692795,-3.4682498330720506,3.4682498330720506,50-75%
13.0,9.939675183282372,-3.0603248167176282,3.0603248167176282,50-75%
13.0,9.494923895192429,-3.5050761048075714,3.5050761048075714,50-75%
13.0,9.453007916410163,-3.5469920835898368,3.5469920835898368,50-75%
13.0,9.765389281217422,-3.2346107187825783,3.2346107187825783,50-75%
13.0,9.808557891851105,-3.1914421081488946,3.1914421081488946,50-75%
13.0,9.934621516888743,-3.0653784831112567,3.0653784831112567,50-75%
13.0,9.869933659417255,-3.1300663405827454,3.1300663405827454,50-75%
13.0,9.966518882192322,-3.0334811178076784,3.0334811178076784,50-75%
13.0,9.595067931281092,-3.4049320687189084,3.4049320687189084,50-75%
13.0,9.624693467129262,-3.375306532870738,3.375306532870738,50-75%
13.0,9.73903790466687,-3.260962095333131,3.260962095333131,50-75%
13.0,9.823585221383619,-3.1764147786163814,3.1764147786163814,50-75%
11.0,9.653989527915716,-1.3460104720842843,1.3460104720842843,50-75%
11.0,9.731559756683348,-1.2684402433166522,1.2684402433166522,50-75%
13.0,9.823585221383619,-3.1764147786163814,3.1764147786163814,50-75%
11.0,9.766993840055505,-1.2330061599444946,1.2330061599444946,50-75%
9.0,9.62507707125134,0.62507707125134,0.62507707125134,50-75%
9.0,9.780356592665752,0.7803565926657523,0.7803565926657523,50-75%
9.0,9.676140359660646,0.6761403596606463,0.6761403596606463,50-75%
9.0,9.567511129515442,0.5675111295154416,0.5675111295154416,50-75%
9.0,9.454114530479726,0.4541145304797265,0.4541145304797265,50-75%
9.0,9.849523389827436,0.8495233898274357,0.8495233898274357,50-75%
9.0,9.862364361944074,0.8623643619440742,0.8623643619440742,50-75%
9.0,9.653989527915716,0.6539895279157157,0.6539895279157157,50-75%
9.0,9.58355873792055,0.5835587379205496,0.5835587379205496,50-75%
9.0,9.663144989485836,0.6631449894858363,0.6631449894858363,50-75%
9.0,9.849523389827436,0.8495233898274357,0.8495233898274357,50-75%
9.0,9.25095260344829,0.2509526034482903,0.2509526034482903,50-75%
9.0,10.060361194752893,1.0603611947528933,1.0603611947528933,50-75%
9.0,9.834757029411247,0.8347570294112465,0.8347570294112465,50-75%
9.0,9.834757029411247,0.8347570294112465,0.8347570294112465,50-75%
9.0,9.610647298623569,0.6106472986235687,0.6106472986235687,50-75%
9.0,9.663144989485836,0.6631449894858363,0.6631449894858363,50-75%
9.0,9.468112358865513,0.46811235886551295,0.46811235886551295,50-75%
9.0,9.374466300816312,0.37446630081631227,0.37446630081631227,50-75%
9.0,9.434983808114703,0.43498380811470305,0.43498380811470305,50-75%
9.0,9.388941507788017,0.38894150778801695,0.38894150778801695,50-75%
9.0,9.256315916909255,0.25631591690925504,0.25631591690925504,50-75%
9.0,10.10772354788999,1.1077235478899894,1.1077235478899894,50-75%
4.0,9.842432326666415,5.842432326666415,5.842432326666415,0-25%
4.0,9.834757029411247,5.8347570294112465,5.8347570294112465,0-25%
6.5,9.610647298623569,3.1106472986235687,3.1106472986235687,25-50%
9.0,9.646527058599514,0.6465270585995135,0.6465270585995135,50-75%
9.0,9.519094051376854,0.5190940513768538,0.5190940513768538,50-75%
9.0,9.374466300816312,0.37446630081631227,0.37446630081631227,50-75%
9.0,9.434983808114703,0.43498380811470305,0.43498380811470305,50-75%
6.5,9.467971724543212,2.9679717245432116,2.9679717245432116,25-50%
6.5,9.789087710665271,3.289087710665271,3.289087710665271,25-50%
6.5,9.570799907708835,3.0707999077088353,3.0707999077088353,25-50%
4.0,9.570799907708835,5.570799907708835,5.570799907708835,0-25%
4.0,9.570799907708835,5.570799907708835,5.570799907708835,0-25%
4.0,9.785013045294628,5.785013045294628,5.785013045294628,0-25%
6.5,9.554455502869581,3.0544555028695815,3.0544555028695815,25-50%
9.0,9.38938085652322,0.3893808565232195,0.3893808565232195,50-75%
9.0,8.945060613249534,-0.0549393867504655,0.0549393867504655,50-75%
9.0,9.24640202485735,0.24640202485734974,0.24640202485734974,50-75%
6.5,9.25351051095101,2.75351051095101,2.75351051095101,25-50%
6.5,9.834757029411247,3.3347570294112465,3.3347570294112465,25-50%
4.0,9.570799907708835,5.570799907708835,5.570799907708835,0-25%
4.0,9.834757029411247,5.8347570294112465,5.8347570294112465,0-25%
4.0,9.785013045294628,5.785013045294628,5.785013045294628,0-25%
4.0,9.546984062798728,5.546984062798728,5.546984062798728,0-25%
4.0,9.38938085652322,5.3893808565232195,5.3893808565232195,0-25%
9.0,9.24640202485735,0.24640202485734974,0.24640202485734974,50-75%
6.5,9.24640202485735,2.7464020248573497,2.7464020248573497,25-50%
6.5,9.254063232724487,2.754063232724487,2.754063232724487,25-50%
6.5,9.792809014833143,3.292809014833143,3.292809014833143,25-50%
4.0,9.570799907708835,5.570799907708835,5.570799907708835,0-25%
4.0,9.792809014833143,5.792809014833143,5.792809014833143,0-25%
4.0,9.777378394827876,5.777378394827876,5.777378394827876,0-25%
4.0,10.086775624928892,6.086775624928892,6.086775624928892,0-25%
4.0,9.38938085652322,5.3893808565232195,5.3893808565232195,0-25%
9.0,8.945060613249534,-0.0549393867504655,0.0549393867504655,50-75%
6.5,9.24640202485735,2.7464020248573497,2.7464020248573497,25-50%
6.5,9.246954363443523,2.746954363443523,2.746954363443523,25-50%
4.0,9.468802734768964,5.468802734768964,5.468802734768964,0-25%
4.0,9.834757029411247,5.8347570294112465,5.8347570294112465,0-25%
4.0,9.682566511218749,5.682566511218749,5.682566511218749,0-25%
4.0,9.246954363443523,5.246954363443523,5.246954363443523,0-25%
4.0,9.468802734768964,5.468802734768964,5.468802734768964,0-25%
4.0,9.478391316207954,5.478391316207954,5.478391316207954,0-25%
4.0,9.570799907708835,5.570799907708835,5.570799907708835,0-25%
2.0,10.96543022172182,8.96543022172182,8.96543022172182,0-25%
2.0,11.195299584143836,9.195299584143836,9.195299584143836,0-25%
2.0,11.195299584143836,9.195299584143836,9.195299584143836,0-25%
2.0,11.274246793225684,9.274246793225684,9.274246793225684,0-25%
2.0,11.195299584143836,9.195299584143836,9.195299584143836,0-25%
2.0,11.304767588661392,9.304767588661392,9.304767588661392,0-25%
2.0,10.420619727840126,8.420619727840126,8.420619727840126,0-25%
2.0,10.40934481773899,8.40934481773899,8.40934481773899,0-25%
2.0,10.531717430703157,8.531717430703157,8.531717430703157,0-25%
2.0,10.606368889717595,8.606368889717595,8.606368889717595,0-25%
2.0,10.606368889717595,8.606368889717595,8.606368889717595,0-25%
2.0,10.606368889717595,8.606368889717595,8.606368889717595,0-25%
2.0,9.846412740242345,7.846412740242345,7.846412740242345,0-25%
8.5,10.606368889717595,2.1063688897175954,2.1063688897175954,50-75%
2.0,10.606368889717595,8.606368889717595,8.606368889717595,0-25%
2.0,10.531717430703157,8.531717430703157,8.531717430703157,0-25%
2.0,10.606368889717595,8.606368889717595,8.606368889717595,0-25%
2.0,10.531717430703157,8.531717430703157,8.531717430703157,0-25%
2.0,9.916627826676569,7.916627826676569,7.916627826676569,0-25%
15.0,9.893093405729804,-5.106906594270196,5.106906594270196,50-75%
15.0,9.929879081515281,-5.070120918484719,5.070120918484719,50-75%
8.5,10.560013878763833,2.060013878763833,2.060013878763833,50-75%
8.5,10.606368889717595,2.1063688897175954,2.1063688897175954,50-75%
4.0,10.531717430703157,6.531717430703157,6.531717430703157,0-25%
4.0,10.606368889717595,6.606368889717595,6.606368889717595,0-25%
4.0,9.67332757855994,5.67332757855994,5.67332757855994,0-25%
4.0,9.736804672920766,5.736804672920766,5.736804672920766,0-25%
6.0,9.320359617734272,3.3203596177342725,3.3203596177342725,25-50%
15.0,9.893093405729804,-5.106906594270196,5.106906594270196,50-75%
15.0,10.000634493724228,-4.9993655062757725,4.9993655062757725,50-75%
8.5,10.298628855782255,1.7986288557822547,1.7986288557822547,50-75%
4.0,10.647952616492496,6.647952616492496,6.647952616492496,0-25%
4.0,9.824141381518176,5.824141381518176,5.824141381518176,0-25%
6.0,9.520715083050733,3.5207150830507334,3.5207150830507334,25-50%
6.0,9.299884464292823,3.2998844642928233,3.2998844642928233,25-50%
6.0,9.35061903827744,3.35061903827744,3.35061903827744,25-50%
15.0,9.929879081515281,-5.070120918484719,5.070120918484719,50-75%
15.0,9.929879081515281,-5.070120918484719,5.070120918484719,50-75%
7.666666666666668,10.104248084840606,2.437581418173938,2.437581418173938,25-50%
7.666666666666668,10.275324757773799,2.608658091107131,2.608658091107131,25-50%
7.666666666666668,9.738375102712512,2.071708436045844,2.071708436045844,25-50%
4.0,9.738375102712512,5.738375102712512,5.738375102712512,0-25%
6.0,9.748752590972154,3.7487525909721544,3.7487525909721544,25-50%
6.0,9.606294047690204,3.606294047690204,3.606294047690204,25-50%
6.0,9.356159611408454,3.3561596114084544,3.3561596114084544,25-50%
6.0,9.371506911573007,3.3715069115730074,3.3715069115730074,25-50%
6.0,9.796899464155807,3.796899464155807,3.796899464155807,25-50%
6.0,9.685921882982932,3.6859218829829317,3.6859218829829317,25-50%
6.0,9.671018530629572,3.6710185306295724,3.6710185306295724,25-50%
6.0,9.386407266098379,3.386407266098379,3.386407266098379,25-50%
6.0,9.526726119664394,3.526726119664394,3.526726119664394,25-50%
6.0,9.727454463269657,3.727454463269657,3.727454463269657,25-50%
6.0,9.572870233519874,3.5728702335198737,3.5728702335198737,25-50%
6.0,9.526219536637313,3.5262195366373135,3.5262195366373135,25-50%
6.0,9.391841449637829,3.3918414496378286,3.3918414496378286,25-50%
6.0,9.727454463269657,3.727454463269657,3.727454463269657,25-50%
11.0,11.297578868217922,0.2975788682179221,0.2975788682179221,50-75%
11.0,10.499786623081617,-0.5002133769183832,0.5002133769183832,50-75%
11.0,11.241827220365492,0.24182722036549187,0.24182722036549187,50-75%
11.0,11.241827220365492,0.24182722036549187,0.24182722036549187,50-75%
11.0,10.512751759316364,-0.4872482406836358,0.4872482406836358,50-75%
11.0,10.53785021610508,-0.4621497838949207,0.4621497838949207,50-75%
11.0,11.241827220365492,0.24182722036549187,0.24182722036549187,50-75%
11.0,10.507433355827278,-0.49256664417272233,0.49256664417272233,50-75%
11.0,10.554368299420265,-0.4456317005797352,0.4456317005797352,50-75%
11.0,10.512751759316364,-0.4872482406836358,0.4872482406836358,50-75%
11.0,11.12412529727779,0.12412529727778931,0.12412529727778931,50-75%
11.0,10.40844934963559,-0.5915506503644092,0.5915506503644092,50-75%
11.0,10.38417588413573,-0.6158241158642692,0.6158241158642692,50-75%
11.0,10.55671014821258,-0.4432898517874193,0.4432898517874193,50-75%
11.0,10.499786623081617,-0.5002133769183832,0.5002133769183832,50-75%
11.0,10.507433355827278,-0.49256664417272233,0.49256664417272233,50-75%
11.0,10.505101492471583,-0.4948985075284167,0.4948985075284167,50-75%
11.0,10.424545699330352,-0.575454300669648,0.575454300669648,50-75%
11.0,10.473467552632872,-0.5265324473671278,0.5265324473671278,50-75%
11.0,10.454641123194147,-0.545358876805853,0.545358876805853,50-75%
11.0,10.507433355827278,-0.49256664417272233,0.49256664417272233,50-75%
11.0,10.505101492471583,-0.4948985075284167,0.4948985075284167,50-75%
11.0,10.40844934963559,-0.5915506503644092,0.5915506503644092,50-75%
11.0,10.40844934963559,-0.5915506503644092,0.5915506503644092,50-75%
11.0,10.513439011211588,-0.4865609887884119,0.4865609887884119,50-75%
11.0,10.53429341762556,-0.4657065823744393,0.4657065823744393,50-75%
11.0,10.469539184613286,-0.5304608153867143,0.5304608153867143,50-75%
11.0,10.499786623081617,-0.5002133769183832,0.5002133769183832,50-75%
11.0,10.513439011211588,-0.4865609887884119,0.4865609887884119,50-75%
11.0,10.478384539349932,-0.521615460650068,0.521615460650068,50-75%
11.0,10.54345763328854,-0.4565423667114601,0.4565423667114601,50-75%
20.0,10.685635219759536,-9.314364780240464,9.314364780240464,75-100%
20.0,10.836238854749354,-9.163761145250646,9.163761145250646,75-100%
20.0,11.377024110053043,-8.622975889946957,8.622975889946957,75-100%
20.0,11.538695103208179,-8.461304896791821,8.461304896791821,75-100%
20.0,10.685635219759536,-9.314364780240464,9.314364780240464,75-100%
20.0,11.368799530980574,-8.631200469019426,8.631200469019426,75-100%
20.0,11.421764840246079,-8.578235159753921,8.578235159753921,75-100%
20.0,11.273978783127692,-8.726021216872308,8.726021216872308,75-100%
20.0,11.377024110053043,-8.622975889946957,8.622975889946957,75-100%
20.0,10.038769740570753,-9.961230259429247,9.961230259429247,75-100%
20.0,10.652468266147578,-9.347531733852422,9.347531733852422,75-100%
20.0,11.485231213618547,-8.514768786381453,8.514768786381453,75-100%
20.0,11.421764840246079,-8.578235159753921,8.578235159753921,75-100%
20.0,11.32445308383054,-8.67554691616946,8.67554691616946,75-100%
20.0,10.222768807871352,-9.777231192128648,9.777231192128648,75-100%
20.0,9.545870318439926,-10.454129681560074,10.454129681560074,75-100%
20.0,11.61986530957306,-8.38013469042694,8.38013469042694,75-100%
20.0,11.502178089567439,-8.497821910432561,8.497821910432561,75-100%
20.0,11.404236378018215,-8.595763621981785,8.595763621981785,75-100%
20.0,10.098426112176018,-9.901573887823982,9.901573887823982,75-100%
20.0,10.269984423224503,-9.730015576775497,9.730015576775497,75-100%
20.0,10.376071322104337,-9.623928677895663,9.623928677895663,75-100%
20.0,10.211833508246748,-9.788166491753252,9.788166491753252,75-100%
20.0,10.349125323074837,-9.650874676925163,9.650874676925163,75-100%
20.0,10.088571664029075,-9.911428335970925,9.911428335970925,75-100%
7.0,11.28813246261008,4.288132462610079,4.288132462610079,25-50%
7.0,10.40394031385257,3.4039403138525692,3.4039403138525692,25-50%
7.0,9.863198255814963,2.8631982558149627,2.8631982558149627,25-50%
7.0,9.83144456184355,2.8314445618435506,2.8314445618435506,25-50%
7.0,9.428551609361772,2.4285516093617723,2.4285516093617723,25-50%
7.0,10.40616964542681,3.406169645426811,3.406169645426811,25-50%
7.0,10.40616964542681,3.406169645426811,3.406169645426811,25-50%
7.0,10.010642752242036,3.0106427522420365,3.0106427522420365,25-50%
7.0,9.877826654913559,2.8778266549135587,2.8778266549135587,25-50%
7.0,9.88514462852472,2.8851446285247206,2.8851446285247206,25-50%
7.0,9.559819217547258,2.5598192175472576,2.5598192175472576,25-50%
7.0,10.345378601900787,3.345378601900787,3.345378601900787,25-50%
7.0,10.153719923590556,3.1537199235905558,3.1537199235905558,25-50%
7.0,10.016911320867706,3.016911320867706,3.016911320867706,25-50%
7.0,9.915768974600873,2.915768974600873,2.915768974600873,25-50%
7.0,9.8223935422516,2.8223935422516,2.8223935422516,25-50%
7.0,10.345329317203303,3.345329317203303,3.345329317203303,25-50%
7.0,10.345378601900787,3.345378601900787,3.345378601900787,25-50%
7.0,10.153719923590556,3.1537199235905558,3.1537199235905558,25-50%
7.0,10.016911320867706,3.016911320867706,3.016911320867706,25-50%
7.0,10.016911320867706,3.016911320867706,3.016911320867706,25-50%
7.0,9.863715981409833,2.8637159814098325,2.8637159814098325,25-50%
7.0,9.799863941080497,2.7998639410804973,2.7998639410804973,25-50%
7.0,10.016911320867706,3.016911320867706,3.016911320867706,25-50%
7.0,10.324308188751017,3.324308188751017,3.324308188751017,25-50%
7.0,10.40616964542681,3.406169645426811,3.406169645426811,25-50%
7.0,10.232529986560435,3.2325299865604347,3.2325299865604347,25-50%
7.0,9.930605147413644,2.930605147413644,2.930605147413644,25-50%
7.0,9.870114504720073,2.870114504720073,2.870114504720073,25-50%
7.0,9.806539839472245,2.8065398394722454,2.8065398394722454,25-50%
7.0,10.016911320867706,3.016911320867706,3.016911320867706,25-50%
7.0,10.324308188751017,3.324308188751017,3.324308188751017,25-50%
7.0,10.002065013441655,3.002065013441655,3.002065013441655,25-50%
6.0,10.387239697330909,4.387239697330909,4.387239697330909,25-50%
6.0,10.123360601758304,4.1233606017583035,4.1233606017583035,25-50%
6.0,9.974247383378033,3.9742473833780334,3.9742473833780334,25-50%
6.0,11.1287062212003,5.1287062212003,5.1287062212003,25-50%
6.0,10.048742166821626,4.048742166821626,4.048742166821626,25-50%
6.0,9.997657876867835,3.9976578768678355,3.9976578768678355,25-50%
6.0,10.20402392360558,4.204023923605581,4.204023923605581,25-50%
6.0,10.418407158519157,4.418407158519157,4.418407158519157,25-50%
6.0,10.341383137705328,4.3413831377053285,4.3413831377053285,25-50%
6.0,10.071790952974753,4.071790952974753,4.071790952974753,25-50%
6.0,10.12976444865507,4.12976444865507,4.12976444865507,25-50%
6.0,9.997657876867835,3.9976578768678355,3.9976578768678355,25-50%
6.0,9.997657876867835,3.9976578768678355,3.9976578768678355,25-50%
6.0,10.068852060317381,4.068852060317381,4.068852060317381,25-50%
6.0,9.997657876867835,3.9976578768678355,3.9976578768678355,25-50%
6.0,9.997657876867835,3.9976578768678355,3.9976578768678355,25-50%
6.0,9.997657876867835,3.9976578768678355,3.9976578768678355,25-50%
6.0,10.068852060317381,4.068852060317381,4.068852060317381,25-50%
6.0,10.303280388749311,4.303280388749311,4.303280388749311,25-50%
6.0,9.878458343064963,3.8784583430649633,3.8784583430649633,25-50%
6.0,10.055325477569623,4.055325477569623,4.055325477569623,25-50%
6.0,10.12976444865507,4.12976444865507,4.12976444865507,25-50%
6.0,10.2005427075941,4.200542707594099,4.200542707594099,25-50%
6.0,10.12239498535795,4.12239498535795,4.12239498535795,25-50%
6.0,10.096054765299332,4.096054765299332,4.096054765299332,25-50%
6.0,9.947307592874122,3.9473075928741217,3.9473075928741217,25-50%
6.0,10.048742166821626,4.048742166821626,4.048742166821626,25-50%
10.0,9.82185577461216,-0.17814422538783958,0.17814422538783958,50-75%
10.0,9.943099877680535,-0.056900122319465396,0.056900122319465396,50-75%
10.0,11.309206867437426,1.3092068674374264,1.3092068674374264,50-75%
10.0,10.10228683730299,0.10228683730299082,0.10228683730299082,50-75%
10.0,9.884776840091801,-0.11522315990819898,0.11522315990819898,50-75%
10.0,10.473104248029212,0.47310424802921247,0.47310424802921247,50-75%
10.0,10.319949843818097,0.31994984381809743,0.31994984381809743,50-75%
4.5,10.12465585494996,5.62465585494996,5.62465585494996,0-25%
4.0,9.997950923337712,5.9979509233377115,5.9979509233377115,0-25%
10.0,11.309206867437426,1.3092068674374264,1.3092068674374264,50-75%
7.5,10.20411483231204,2.7041148323120403,2.7041148323120403,25-50%
6.333333333333332,10.168201265888497,3.8348679325551647,3.8348679325551647,25-50%
6.333333333333332,10.058978793160183,3.7256454598268505,3.7256454598268505,25-50%
6.333333333333332,9.977414164515128,3.644080831181796,3.644080831181796,25-50%
6.333333333333332,10.198599120367465,3.865265787034133,3.865265787034133,25-50%
4.5,10.198599120367465,5.698599120367465,5.698599120367465,0-25%
4.0,9.85607716995738,5.856077169957381,5.856077169957381,0-25%
10.0,9.943099877680535,-0.056900122319465396,0.056900122319465396,50-75%
10.0,11.309206867437426,1.3092068674374264,1.3092068674374264,50-75%
7.5,10.579410701134785,3.079410701134785,3.079410701134785,25-50%
6.333333333333332,10.23126967509773,3.8979363417643977,3.8979363417643977,25-50%
6.333333333333332,10.079127697214956,3.7457943638816236,3.7457943638816236,25-50%
6.333333333333332,10.079127697214956,3.7457943638816236,3.7457943638816236,25-50%
6.333333333333332,10.095788763004393,3.7624554296710606,3.7624554296710606,25-50%
4.5,10.090662978751851,5.590662978751851,5.590662978751851,0-25%
4.0,9.897935352720586,5.8979353527205856,5.8979353527205856,0-25%
10.0,9.703810814389337,-0.2961891856106629,0.2961891856106629,50-75%
7.5,10.615729909677547,3.1157299096775475,3.1157299096775475,25-50%
7.5,10.615729909677547,3.1157299096775475,3.1157299096775475,25-50%
6.333333333333332,10.393230409084232,4.0598970757509,4.0598970757509,25-50%
6.333333333333332,10.126570411716488,3.7932370783831555,3.7932370783831555,25-50%
6.333333333333332,10.033094252840566,3.6997609195072343,3.6997609195072343,25-50%
4.5,10.118635454060893,5.618635454060893,5.618635454060893,0-25%
4.5,10.133628987980604,5.633628987980604,5.633628987980604,0-25%
4.5,10.165948008147065,5.6659480081470655,5.6659480081470655,0-25%
4.0,9.812984288498004,5.812984288498004,5.812984288498004,0-25%
10.0,10.58687217160722,0.5868721716072205,0.5868721716072205,50-75%
7.5,10.527972440967057,3.0279724409670568,3.0279724409670568,25-50%
6.333333333333332,10.540227295304323,4.206893961970991,4.206893961970991,25-50%
6.333333333333332,10.079127697214956,3.7457943638816236,3.7457943638816236,25-50%
4.5,10.207873425211083,5.707873425211083,5.707873425211083,0-25%
4.5,10.196672169570572,5.696672169570572,5.696672169570572,0-25%
4.0,9.655135994210738,5.655135994210738,5.655135994210738,0-25%
5.0,10.527972440967057,5.527972440967057,5.527972440967057,0-25%
5.0,10.527972440967057,5.527972440967057,5.527972440967057,0-25%
4.5,10.121430407646535,5.621430407646535,5.621430407646535,0-25%
4.5,10.04682492096074,5.54682492096074,5.54682492096074,0-25%
4.5,10.135785064795245,5.635785064795245,5.635785064795245,0-25%
4.5,10.22549588390084,5.725495883900839,5.725495883900839,0-25%
4.0,9.838552276409585,5.838552276409585,5.838552276409585,0-25%
5.0,9.979315883110187,4.979315883110187,4.979315883110187,0-25%
4.5,10.018734346793558,5.518734346793558,5.518734346793558,0-25%
4.0,9.897341076316271,5.8973410763162715,5.8973410763162715,0-25%
5.0,9.753709886220182,4.753709886220182,4.753709886220182,0-25%
5.0,9.57444995238449,4.574449952384491,4.574449952384491,0-25%
5.0,9.668680584210291,4.668680584210291,4.668680584210291,0-25%
5.0,9.76399656430804,4.763996564308041,4.763996564308041,0-25%
5.0,9.758351620707394,4.758351620707394,4.758351620707394,0-25%
5.0,9.723065213956701,4.723065213956701,4.723065213956701,0-25%
5.0,9.643392361003045,4.643392361003045,4.643392361003045,0-25%
5.0,9.735883516781094,4.735883516781094,4.735883516781094,0-25%
5.0,9.626320303460332,4.626320303460332,4.626320303460332,0-25%
5.0,9.875043649631333,4.875043649631333,4.875043649631333,0-25%
5.0,9.906808044159405,4.906808044159405,4.906808044159405,0-25%
5.0,9.755673152974927,4.755673152974927,4.755673152974927,0-25%
5.0,9.67514994575739,4.67514994575739,4.67514994575739,0-25%
5.0,9.804089682498908,4.804089682498908,4.804089682498908,0-25%
5.0,9.83694401010813,4.83694401010813,4.83694401010813,0-25%
5.0,9.75902405399244,4.759024053992441,4.759024053992441,0-25%
5.0,9.03688081999688,4.036880819996879,4.036880819996879,0-25%
5.0,9.758351620707394,4.758351620707394,4.758351620707394,0-25%
5.0,9.723065213956701,4.723065213956701,4.723065213956701,0-25%
5.0,9.690434199151637,4.690434199151637,4.690434199151637,0-25%
5.0,9.76399656430804,4.763996564308041,4.763996564308041,0-25%
5.0,9.873408751229386,4.873408751229386,4.873408751229386,0-25%
5.0,9.860302377002778,4.860302377002778,4.860302377002778,0-25%
5.0,9.860302377002778,4.860302377002778,4.860302377002778,0-25%
5.0,9.226665517812755,4.226665517812755,4.226665517812755,0-25%
5.0,9.74297026488853,4.74297026488853,4.74297026488853,0-25%
5.0,9.76399656430804,4.763996564308041,4.763996564308041,0-25%
5.0,9.75902405399244,4.759024053992441,4.759024053992441,0-25%
5.0,9.860302377002778,4.860302377002778,4.860302377002778,0-25%
5.0,9.601430632766824,4.601430632766824,4.601430632766824,0-25%
5.0,9.67514994575739,4.67514994575739,4.67514994575739,0-25%
5.0,9.755673152974927,4.755673152974927,4.755673152974927,0-25%
5.0,9.75902405399244,4.759024053992441,4.759024053992441,0-25%
5.0,10.48034853215929,5.48034853215929,5.48034853215929,0-25%
5.0,10.410798712823992,5.410798712823992,5.410798712823992,0-25%
5.0,9.76399656430804,4.763996564308041,4.763996564308041,0-25%
5.0,9.695375009216448,4.695375009216448,4.695375009216448,0-25%
5.0,9.741416737093683,4.741416737093683,4.741416737093683,0-25%
5.0,9.810089833548389,4.810089833548389,4.810089833548389,0-25%
5.0,10.514424198959297,5.514424198959297,5.514424198959297,0-25%
5.0,10.301086908508397,5.301086908508397,5.301086908508397,0-25%
5.0,10.410798712823992,5.410798712823992,5.410798712823992,0-25%
5.0,10.410798712823992,5.410798712823992,5.410798712823992,0-25%
5.0,10.271332236302486,5.271332236302486,5.271332236302486,0-25%
5.0,10.217623807790185,5.217623807790185,5.217623807790185,0-25%
5.0,10.301086908508397,5.301086908508397,5.301086908508397,0-25%
5.0,10.301086908508397,5.301086908508397,5.301086908508397,0-25%
5.0,10.025546632745023,5.025546632745023,5.025546632745023,0-25%
5.0,9.733442257346006,4.733442257346006,4.733442257346006,0-25%
5.0,10.337940088745603,5.3379400887456026,5.3379400887456026,0-25%
5.0,10.249118984952421,5.249118984952421,5.249118984952421,0-25%
5.0,10.025546632745023,5.025546632745023,5.025546632745023,0-25%
5.0,9.86512733164081,4.86512733164081,4.86512733164081,0-25%
5.0,9.865460236657935,4.865460236657935,4.865460236657935,0-25%
5.0,10.411337115244848,5.411337115244848,5.411337115244848,0-25%
5.0,10.32194102121025,5.32194102121025,5.32194102121025,0-25%
5.0,9.980976511486691,4.980976511486691,4.980976511486691,0-25%
5.0,10.025546632745023,5.025546632745023,5.025546632745023,0-25%
5.0,10.025546632745023,5.025546632745023,5.025546632745023,0-25%
5.0,9.97887105451555,4.978871054515549,4.978871054515549,0-25%
5.0,9.967740479362279,4.967740479362279,4.967740479362279,0-25%
5.0,9.90129206410947,4.9012920641094695,4.9012920641094695,0-25%
5.0,9.82617207217653,4.826172072176529,4.826172072176529,0-25%
5.0,9.944151034314716,4.944151034314716,4.944151034314716,0-25%
5.0,10.025546632745023,5.025546632745023,5.025546632745023,0-25%
5.0,9.967740479362279,4.967740479362279,4.967740479362279,0-25%
5.0,9.825232254644739,4.825232254644739,4.825232254644739,0-25%
5.0,9.982291088618776,4.982291088618776,4.982291088618776,0-25%
5.0,10.014368737058636,5.014368737058636,5.014368737058636,0-25%
6.0,9.957752649193235,3.9577526491932353,3.9577526491932353,25-50%
6.0,10.402200272371799,4.402200272371799,4.402200272371799,25-50%
6.0,10.40552869914292,4.40552869914292,4.40552869914292,25-50%
6.5,9.978986909812651,3.478986909812651,3.478986909812651,25-50%
6.5,9.908216498667288,3.4082164986672883,3.4082164986672883,25-50%
6.0,10.250477167180183,4.250477167180183,4.250477167180183,25-50%
6.5,9.951174287614982,3.4511742876149825,3.4511742876149825,25-50%
6.5,9.928586835441468,3.428586835441468,3.428586835441468,25-50%
6.5,9.753617919282952,3.253617919282952,3.253617919282952,25-50%
6.5,9.852900424699829,3.352900424699829,3.352900424699829,25-50%
6.5,9.85829210785261,3.358292107852609,3.358292107852609,25-50%
6.5,9.908216498667288,3.4082164986672883,3.4082164986672883,25-50%
6.5,9.651704005485717,3.1517040054857173,3.1517040054857173,25-50%
6.5,9.852900424699829,3.352900424699829,3.352900424699829,25-50%
6.5,9.914079841116383,3.414079841116383,3.414079841116383,25-50%
6.5,9.914079841116383,3.414079841116383,3.414079841116383,25-50%
7.0,10.05603773836383,3.0560377383638304,3.0560377383638304,25-50%
7.0,10.232509034689372,3.2325090346893717,3.2325090346893717,25-50%
7.0,9.715809276596048,2.7158092765960475,2.7158092765960475,25-50%
7.0,9.68826402428724,2.688264024287241,2.688264024287241,25-50%
7.0,9.68826402428724,2.688264024287241,2.688264024287241,25-50%
7.0,9.68826402428724,2.688264024287241,2.688264024287241,25-50%
7.0,9.68826402428724,2.688264024287241,2.688264024287241,25-50%
7.0,9.68826402428724,2.688264024287241,2.688264024287241,25-50%
7.0,9.999551789938405,2.9995517899384048,2.9995517899384048,25-50%
7.0,9.68826402428724,2.688264024287241,2.688264024287241,25-50%
7.0,9.68826402428724,2.688264024287241,2.688264024287241,25-50%
7.0,9.68826402428724,2.688264024287241,2.688264024287241,25-50%
7.0,9.68826402428724,2.688264024287241,2.688264024287241,25-50%
13.0,9.695489334398605,-3.304510665601395,3.304510665601395,50-75%
13.0,9.11341326486323,-3.8865867351367704,3.8865867351367704,50-75%
13.0,9.684108158750965,-3.3158918412490355,3.3158918412490355,50-75%
13.0,10.188542678002602,-2.8114573219973984,2.8114573219973984,50-75%
13.0,9.12418651154459,-3.8758134884554103,3.8758134884554103,50-75%
13.0,9.695489334398605,-3.304510665601395,3.304510665601395,50-75%
13.0,9.653498300869462,-3.3465016991305383,3.3465016991305383,50-75%
13.0,9.100220883218272,-3.899779116781728,3.899779116781728,50-75%
13.0,9.074836860287533,-3.925163139712467,3.925163139712467,50-75%
13.0,9.684108158750965,-3.3158918412490355,3.3158918412490355,50-75%
13.0,10.06457919080064,-2.9354208091993605,2.9354208091993605,50-75%
13.0,9.059643809555705,-3.9403561904442945,3.9403561904442945,50-75%
13.0,9.12418651154459,-3.8758134884554103,3.8758134884554103,50-75%
13.0,9.139477040931155,-3.8605229590688452,3.8605229590688452,50-75%
13.0,9.074836860287533,-3.925163139712467,3.925163139712467,50-75%
13.0,9.139477040931155,-3.8605229590688452,3.8605229590688452,50-75%
13.0,9.684108158750965,-3.3158918412490355,3.3158918412490355,50-75%
13.0,9.059643809555705,-3.9403561904442945,3.9403561904442945,50-75%
13.0,9.059643809555705,-3.9403561904442945,3.9403561904442945,50-75%
13.0,9.139477040931155,-3.8605229590688452,3.8605229590688452,50-75%
13.0,9.11341326486323,-3.8865867351367704,3.8865867351367704,50-75%
13.0,9.139477040931155,-3.8605229590688452,3.8605229590688452,50-75%
13.0,9.139477040931155,-3.8605229590688452,3.8605229590688452,50-75%
13.0,8.207655387601038,-4.792344612398962,4.792344612398962,50-75%
13.0,9.12418651154459,-3.8758134884554103,3.8758134884554103,50-75%
13.0,8.994695770886853,-4.005304229113147,4.005304229113147,50-75%
13.0,9.139477040931155,-3.8605229590688452,3.8605229590688452,50-75%
13.0,9.129483500800049,-3.870516499199951,3.870516499199951,50-75%
13.0,8.994695770886853,-4.005304229113147,4.005304229113147,50-75%
13.0,8.994695770886853,-4.005304229113147,4.005304229113147,50-75%
14.0,10.53935925625169,-3.4606407437483107,3.4606407437483107,50-75%
14.0,10.53935925625169,-3.4606407437483107,3.4606407437483107,50-75%
14.0,10.465794686419866,-3.5342053135801343,3.5342053135801343,50-75%
14.0,10.542727721227976,-3.457272278772024,3.457272278772024,50-75%
14.0,10.53935925625169,-3.4606407437483107,3.4606407437483107,50-75%
14.0,10.53935925625169,-3.4606407437483107,3.4606407437483107,50-75%
13.5,10.704777127201694,-2.7952228727983055,2.7952228727983055,50-75%
13.5,10.601310510811212,-2.898689489188788,2.898689489188788,50-75%
13.5,10.052321542143035,-3.4476784578569646,3.4476784578569646,50-75%
29.0,10.262054692260627,-18.737945307739373,18.737945307739373,75-100%
44.0,10.279063740644787,-33.72093625935521,33.72093625935521,75-100%
44.0,10.765577400627564,-33.23442259937244,33.23442259937244,75-100%
44.0,10.765577400627564,-33.23442259937244,33.23442259937244,75-100%
44.0,10.6072914648312,-33.3927085351688,33.3927085351688,75-100%
14.0,10.374867126449185,-3.6251328735508146,3.6251328735508146,50-75%
13.5,10.335327894115423,-3.164672105884577,3.164672105884577,50-75%
13.5,10.052321542143035,-3.4476784578569646,3.4476784578569646,50-75%
13.5,10.178350302942746,-3.3216496970572535,3.3216496970572535,50-75%
23.66666666666667,10.262054692260627,-13.404611974406045,13.404611974406045,75-100%
23.66666666666667,10.279063740644787,-13.387602926021884,13.387602926021884,75-100%
44.0,10.9959144613536,-33.0040855386464,33.0040855386464,75-100%
44.0,10.854499053168656,-33.14550094683135,33.14550094683135,75-100%
44.0,10.9959144613536,-33.0040855386464,33.0040855386464,75-100%
44.0,10.9959144613536,-33.0040855386464,33.0040855386464,75-100%
44.0,10.854499053168656,-33.14550094683135,33.14550094683135,75-100%
44.0,10.854499053168656,-33.14550094683135,33.14550094683135,75-100%
14.0,10.570194605023136,-3.4298053949768637,3.4298053949768637,50-75%
13.5,10.152956648643201,-3.347043351356799,3.347043351356799,50-75%
13.5,10.052321542143035,-3.4476784578569646,3.4476784578569646,50-75%
13.5,10.262054692260627,-3.2379453077393734,3.2379453077393734,50-75%
23.66666666666667,10.279063740644787,-13.387602926021884,13.387602926021884,75-100%
28.5,10.9959144613536,-17.5040855386464,17.5040855386464,75-100%
44.0,10.854499053168656,-33.14550094683135,33.14550094683135,75-100%
44.0,10.965078667062773,-33.03492133293723,33.03492133293723,75-100%
44.0,10.965078667062773,-33.03492133293723,33.03492133293723,75-100%
44.0,10.965078667062773,-33.03492133293723,33.03492133293723,75-100%
13.5,10.152956648643201,-3.347043351356799,3.347043351356799,50-75%
13.5,10.35660951470004,-3.1433904852999603,3.1433904852999603,50-75%
13.5,10.953843169325282,-2.546156830674718,2.546156830674718,50-75%
13.5,10.89756685212533,-2.6024331478746703,2.6024331478746703,50-75%
23.66666666666667,10.9959144613536,-12.670752205313072,12.670752205313072,75-100%
28.5,10.965078667062773,-17.534921332937227,17.534921332937227,75-100%
44.0,10.941643270143466,-33.058356729856534,33.058356729856534,75-100%
44.0,10.965078667062773,-33.03492133293723,33.03492133293723,75-100%
44.0,10.375895235514058,-33.62410476448594,33.62410476448594,75-100%
44.0,10.373450064523205,-33.626549935476795,33.626549935476795,75-100%
13.0,10.35660951470004,-2.6433904852999603,2.6433904852999603,50-75%
13.5,10.284209992755676,-3.2157900072443244,3.2157900072443244,50-75%
13.5,10.389200855017695,-3.1107991449823054,3.1107991449823054,50-75%
13.5,10.389200855017695,-3.1107991449823054,3.1107991449823054,50-75%
13.5,10.965078667062773,-2.534921332937227,2.534921332937227,50-75%
44.0,10.713887673415817,-33.28611232658418,33.28611232658418,75-100%
44.0,10.182717259707438,-33.81728274029256,33.81728274029256,75-100%
44.0,10.375895235514058,-33.62410476448594,33.62410476448594,75-100%
13.0,10.284209992755676,-2.7157900072443244,2.7157900072443244,50-75%
13.0,10.359924633031147,-2.640075366968853,2.640075366968853,50-75%
13.0,10.359924633031147,-2.640075366968853,2.640075366968853,50-75%
13.0,10.9959144613536,-2.0040855386464003,2.0040855386464003,50-75%
44.0,10.854499053168656,-33.14550094683135,33.14550094683135,75-100%
44.0,9.604728835358177,-34.39527116464183,34.39527116464183,75-100%
8.0,11.032601560502988,3.0326015605029877,3.0326015605029877,25-50%
8.0,10.315551371212559,2.3155513712125586,2.3155513712125586,25-50%
8.0,10.317984094599165,2.317984094599165,2.317984094599165,25-50%
8.0,11.808173062087745,3.8081730620877448,3.8081730620877448,25-50%
8.0,10.821621295439428,2.821621295439428,2.821621295439428,25-50%
8.0,10.293364257315172,2.2933642573151722,2.2933642573151722,25-50%
8.0,10.167381609962689,2.167381609962689,2.167381609962689,25-50%
8.0,10.317984094599165,2.317984094599165,2.317984094599165,25-50%
8.0,10.317984094599165,2.317984094599165,2.317984094599165,25-50%
8.0,11.856230365003,3.8562303650030003,3.8562303650030003,25-50%
8.0,10.003904892065615,2.0039048920656146,2.0039048920656146,25-50%
8.0,9.724911288084575,1.7249112880845754,1.7249112880845754,25-50%
8.0,10.096188434844269,2.0961884348442688,2.0961884348442688,25-50%
8.0,10.821621295439428,2.821621295439428,2.821621295439428,25-50%
8.0,10.953685335371734,2.953685335371734,2.953685335371734,25-50%
8.0,9.325492811771909,1.325492811771909,1.325492811771909,25-50%
8.0,9.372868836390337,1.372868836390337,1.372868836390337,25-50%
8.0,10.226578438997482,2.226578438997482,2.226578438997482,25-50%
8.0,10.461985348682738,2.461985348682738,2.461985348682738,25-50%
8.0,10.461985348682738,2.461985348682738,2.461985348682738,25-50%
8.0,10.154962676477535,2.1549626764775347,2.1549626764775347,25-50%
8.0,10.057319100238463,2.0573191002384625,2.0573191002384625,25-50%
8.0,10.359666762850727,2.3596667628507273,2.3596667628507273,25-50%
8.0,9.943937042875358,1.9439370428753584,1.9439370428753584,25-50%
8.0,10.195033108613739,2.195033108613739,2.195033108613739,25-50%
10.0,10.050064431045678,0.05006443104567815,0.05006443104567815,50-75%
10.0,10.136743313537345,0.1367433135373446,0.1367433135373446,50-75%
10.0,10.494311091580823,0.49431109158082265,0.49431109158082265,50-75%
10.0,10.649322523090637,0.6493225230906372,0.6493225230906372,50-75%
10.0,10.696035656727421,0.6960356567274211,0.6960356567274211,50-75%
10.0,10.696035656727421,0.6960356567274211,0.6960356567274211,50-75%
10.0,10.298151482602826,0.298151482602826,0.298151482602826,50-75%
10.0,10.649322523090637,0.6493225230906372,0.6493225230906372,50-75%
10.0,10.649322523090637,0.6493225230906372,0.6493225230906372,50-75%
10.0,10.696035656727421,0.6960356567274211,0.6960356567274211,50-75%
10.0,10.621472259166271,0.6214722591662714,0.6214722591662714,50-75%
10.0,11.472287438351337,1.4722874383513371,1.4722874383513371,50-75%
10.0,10.496433456757657,0.49643345675765715,0.49643345675765715,50-75%
10.0,10.621472259166271,0.6214722591662714,0.6214722591662714,50-75%
10.0,10.696035656727421,0.6960356567274211,0.6960356567274211,50-75%
10.0,10.649322523090637,0.6493225230906372,0.6493225230906372,50-75%
10.0,10.621472259166271,0.6214722591662714,0.6214722591662714,50-75%
10.0,10.421033708306084,0.42103370830608355,0.42103370830608355,50-75%
10.0,10.649322523090637,0.6493225230906372,0.6493225230906372,50-75%
10.0,10.450517520095563,0.4505175200955627,0.4505175200955627,50-75%
10.0,10.649322523090637,0.6493225230906372,0.6493225230906372,50-75%
10.0,10.649322523090637,0.6493225230906372,0.6493225230906372,50-75%
10.0,10.494311091580823,0.49431109158082265,0.49431109158082265,50-75%
10.0,10.483379137317993,0.48337913731799276,0.48337913731799276,50-75%
10.0,10.04063320142637,0.04063320142637039,0.04063320142637039,50-75%
10.0,10.043097803773724,0.04309780377372441,0.04309780377372441,50-75%
10.0,10.124213225526013,0.1242132255260131,0.1242132255260131,50-75%
10.0,10.19918066690441,0.19918066690440916,0.19918066690440916,50-75%
10.0,10.421033708306084,0.42103370830608355,0.42103370830608355,50-75%
10.0,10.40619052267054,0.40619052267054023,0.40619052267054023,50-75%
10.0,10.494311091580823,0.49431109158082265,0.49431109158082265,50-75%
10.0,9.982040697169525,-0.017959302830474755,0.017959302830474755,50-75%
10.0,9.982040697169525,-0.017959302830474755,0.017959302830474755,50-75%
10.0,10.213663378779522,0.2136633787795219,0.2136633787795219,50-75%
10.0,10.494311091580823,0.49431109158082265,0.49431109158082265,50-75%
10.0,10.224240804010359,0.22424080401035873,0.22424080401035873,50-75%
10.0,10.538197969750428,0.5381979697504278,0.5381979697504278,50-75%
1.0,9.248174291424613,8.248174291424613,8.248174291424613,0-25%
10.0,9.741778984923707,-0.2582210150762929,0.2582210150762929,50-75%
10.0,10.27200122302537,0.2720012230253701,0.2720012230253701,50-75%
10.0,11.038224118552623,1.0382241185526233,1.0382241185526233,50-75%
1.0,9.248174291424613,8.248174291424613,8.248174291424613,0-25%
10.0,10.007518596671417,0.007518596671417299,0.007518596671417299,50-75%
10.0,10.351185363938725,0.35118536393872546,0.35118536393872546,50-75%
10.0,11.119429208248413,1.1194292082484125,1.1194292082484125,50-75%
1.0,9.243642473318245,8.243642473318245,8.243642473318245,0-25%
6.0,9.033515700040034,3.0335157000400343,3.0335157000400343,25-50%
10.0,10.210790370426265,0.21079037042626503,0.21079037042626503,50-75%
10.0,9.948651577810622,-0.05134842218937763,0.05134842218937763,50-75%
10.0,10.22631243411109,0.22631243411109025,0.22631243411109025,50-75%
3.5,10.04237939099441,6.542379390994411,6.542379390994411,0-25%
6.0,9.07080975908811,3.0708097590881103,3.0708097590881103,25-50%
6.0,8.824107063738499,2.8241070637384986,2.8241070637384986,25-50%
6.0,8.17856086905202,2.1785608690520206,2.1785608690520206,25-50%
16.5,10.287709296832135,-6.212290703167865,6.212290703167865,75-100%
16.5,10.396046106868617,-6.103953893131383,6.103953893131383,75-100%
16.5,11.629562608440171,-4.870437391559829,4.870437391559829,75-100%
3.5,10.236172578170601,6.736172578170601,6.736172578170601,0-25%
6.0,9.069095892992552,3.069095892992552,3.069095892992552,25-50%
6.0,8.68707945656742,2.687079456567419,2.687079456567419,25-50%
6.0,8.215411754174967,2.2154117541749674,2.2154117541749674,25-50%
16.5,10.385847973010907,-6.1141520269890925,6.1141520269890925,75-100%
16.5,10.259340860642551,-6.240659139357449,6.240659139357449,75-100%
16.5,11.597821806871117,-4.902178193128883,4.902178193128883,75-100%
1.0,9.376501442836851,8.376501442836851,8.376501442836851,0-25%
3.5,10.28393575086369,6.783935750863691,6.783935750863691,0-25%
3.5,10.158081893229964,6.658081893229964,6.658081893229964,0-25%
3.5,10.251758786180787,6.751758786180787,6.751758786180787,0-25%
6.0,9.069095892992552,3.069095892992552,3.069095892992552,25-50%
6.0,9.030688531728176,3.0306885317281758,3.0306885317281758,25-50%
6.0,8.687176871934888,2.687176871934888,2.687176871934888,25-50%
6.0,8.74932982504094,2.74932982504094,2.74932982504094,25-50%
23.0,10.341130642662208,-12.658869357337792,12.658869357337792,75-100%
23.0,10.964115993414302,-12.035884006585698,12.035884006585698,75-100%
23.0,10.986298464658407,-12.013701535341593,12.013701535341593,75-100%
23.0,11.10112889998962,-11.89887110001038,11.89887110001038,75-100%
23.0,11.10112889998962,-11.89887110001038,11.89887110001038,75-100%
6.0,8.527965591665291,2.527965591665291,2.527965591665291,25-50%
6.0,9.001846167801428,3.0018461678014283,3.0018461678014283,25-50%
6.0,9.09504545657592,3.095045456575919,3.095045456575919,25-50%
6.0,9.09504545657592,3.095045456575919,3.095045456575919,25-50%
6.0,9.066157471704484,3.066157471704484,3.066157471704484,25-50%
6.0,8.659456043918105,2.659456043918105,2.659456043918105,25-50%
6.0,9.068126871521603,3.068126871521603,3.068126871521603,25-50%
6.0,8.530542144826136,2.5305421448261356,2.5305421448261356,25-50%
23.0,9.898482393849015,-13.101517606150985,13.101517606150985,75-100%
23.0,9.746167390830045,-13.253832609169955,13.253832609169955,75-100%
23.0,10.040643926603988,-12.959356073396012,12.959356073396012,75-100%
23.0,10.040643926603988,-12.959356073396012,12.959356073396012,75-100%
23.0,10.472936173617931,-12.527063826382069,12.527063826382069,75-100%
6.0,8.589781200329039,2.589781200329039,2.589781200329039,25-50%
6.0,8.548223880938748,2.548223880938748,2.548223880938748,25-50%
6.0,8.585324873968185,2.585324873968185,2.585324873968185,25-50%
6.0,8.598924344504507,2.598924344504507,2.598924344504507,25-50%
6.0,8.598924344504507,2.598924344504507,2.598924344504507,25-50%
23.0,9.898482393849015,-13.101517606150985,13.101517606150985,75-100%
23.0,9.968407086471741,-13.031592913528259,13.031592913528259,75-100%
23.0,10.040643926603988,-12.959356073396012,12.959356073396012,75-100%
23.0,10.040643926603988,-12.959356073396012,12.959356073396012,75-100%
23.0,10.420385089923721,-12.579614910076279,12.579614910076279,75-100%
6.0,8.092424014951634,2.092424014951634,2.092424014951634,25-50%
23.0,10.040643926603988,-12.959356073396012,12.959356073396012,75-100%
23.0,10.440372916704014,-12.559627083295986,12.559627083295986,75-100%
18.0,9.070261002969,-8.929738997031,8.929738997031,75-100%
18.0,9.150178492283832,-8.849821507716168,8.849821507716168,75-100%
12.0,9.36316278658391,-2.63683721341609,2.63683721341609,50-75%
12.0,9.731640004532352,-2.268359995467648,2.268359995467648,50-75%
12.0,9.731640004532352,-2.268359995467648,2.268359995467648,50-75%
12.0,8.482282344126274,-3.517717655873726,3.517717655873726,50-75%
18.0,9.070261002969,-8.929738997031,8.929738997031,75-100%
18.0,8.253134171084284,-9.746865828915716,9.746865828915716,75-100%
18.0,9.134871824899644,-8.865128175100356,8.865128175100356,75-100%
18.0,9.00524441655617,-8.99475558344383,8.99475558344383,75-100%
18.0,9.150178492283832,-8.849821507716168,8.849821507716168,75-100%
15.0,9.19844579801281,-5.801554201987191,5.801554201987191,50-75%
15.0,9.798957426370684,-5.201042573629316,5.201042573629316,50-75%
15.0,9.262418599708568,-5.7375814002914325,5.7375814002914325,50-75%
15.0,9.388495092170782,-5.611504907829218,5.611504907829218,50-75%
15.0,9.429652867153306,-5.570347132846694,5.570347132846694,50-75%
12.0,8.42183184543055,-3.5781681545694504,3.5781681545694504,50-75%
12.0,8.42183184543055,-3.5781681545694504,3.5781681545694504,50-75%
18.0,9.134871824899644,-8.865128175100356,8.865128175100356,75-100%
18.0,9.070261002969,-8.929738997031,8.929738997031,75-100%
18.0,9.070261002969,-8.929738997031,8.929738997031,75-100%
18.0,9.140174404726746,-8.859825595273254,8.859825595273254,75-100%
18.0,9.00524441655617,-8.99475558344383,8.99475558344383,75-100%
18.0,9.00524441655617,-8.99475558344383,8.99475558344383,75-100%
18.0,9.155489080581795,-8.844510919418205,8.844510919418205,75-100%
15.0,9.429652867153306,-5.570347132846694,5.570347132846694,50-75%
15.0,9.19844579801281,-5.801554201987191,5.801554201987191,50-75%
15.0,9.196994654326794,-5.803005345673206,5.803005345673206,50-75%
15.0,9.36316278658391,-5.63683721341609,5.63683721341609,50-75%
15.0,9.36316278658391,-5.63683721341609,5.63683721341609,50-75%
15.0,9.449386091615944,-5.550613908384056,5.550613908384056,50-75%
15.0,9.36316278658391,-5.63683721341609,5.63683721341609,50-75%
12.0,8.42183184543055,-3.5781681545694504,3.5781681545694504,50-75%
18.0,9.054396880464132,-8.945603119535868,8.945603119535868,75-100%
18.0,9.124087207870994,-8.875912792129006,8.875912792129006,75-100%
18.0,8.994597737330736,-9.005402262669264,9.005402262669264,75-100%
18.0,8.769582358357916,-9.230417641642084,9.230417641642084,75-100%
18.0,8.760390733478433,-9.239609266521567,9.239609266521567,75-100%
18.0,8.763423024236562,-9.236576975763438,9.236576975763438,75-100%
18.0,8.807553435454448,-9.192446564545552,9.192446564545552,75-100%
18.0,8.797117121151043,-9.202882878848957,9.202882878848957,75-100%
18.0,9.242305352396516,-8.757694647603484,8.757694647603484,75-100%
15.0,9.396620273232344,-5.603379726767656,5.603379726767656,50-75%
15.0,9.429652867153306,-5.570347132846694,5.570347132846694,50-75%
15.0,9.36316278658391,-5.63683721341609,5.63683721341609,50-75%
15.0,9.36316278658391,-5.63683721341609,5.63683721341609,50-75%
15.0,9.429652867153306,-5.570347132846694,5.570347132846694,50-75%
15.0,9.316755329723224,-5.6832446702767765,5.6832446702767765,50-75%
15.0,9.36316278658391,-5.63683721341609,5.63683721341609,50-75%
12.0,9.070261002969,-2.9297389970310004,2.9297389970310004,50-75%
18.0,9.129384145170626,-8.870615854829374,8.870615854829374,75-100%
18.0,9.075529778319154,-8.924470221680846,8.924470221680846,75-100%
18.0,8.994597737330736,-9.005402262669264,9.005402262669264,75-100%
18.0,8.760390733478433,-9.239609266521567,9.239609266521567,75-100%
18.0,8.760390733478433,-9.239609266521567,9.239609266521567,75-100%
18.0,8.994819928147136,-9.005180071852864,9.005180071852864,75-100%
18.0,9.140174404726746,-8.859825595273254,8.859825595273254,75-100%
18.0,9.00524441655617,-8.99475558344383,8.99475558344383,75-100%
18.0,9.388495092170782,-8.611504907829218,8.611504907829218,75-100%
18.0,9.388495092170782,-8.611504907829218,8.611504907829218,75-100%
15.0,9.36316278658391,-5.63683721341609,5.63683721341609,50-75%
15.0,9.429652867153306,-5.570347132846694,5.570347132846694,50-75%
15.0,9.36316278658391,-5.63683721341609,5.63683721341609,50-75%
15.0,9.36316278658391,-5.63683721341609,5.63683721341609,50-75%
15.0,9.321773052287831,-5.678226947712169,5.678226947712169,50-75%
15.0,10.13478347538138,-4.865216524618621,4.865216524618621,50-75%
12.0,9.129384145170626,-2.8706158548293743,2.8706158548293743,50-75%
18.0,8.785544717771417,-9.214455282228583,9.214455282228583,75-100%
18.0,8.722602252235657,-9.277397747764343,9.277397747764343,75-100%
18.0,8.760390733478433,-9.239609266521567,9.239609266521567,75-100%
18.0,8.778168693579508,-9.221831306420492,9.221831306420492,75-100%
18.0,8.941459982323614,-9.058540017676386,9.058540017676386,75-100%
18.0,9.075529778319154,-8.924470221680846,8.924470221680846,75-100%
18.0,9.388495092170782,-8.611504907829218,8.611504907829218,75-100%
18.0,9.36316278658391,-8.63683721341609,8.63683721341609,75-100%
15.0,9.388495092170782,-5.611504907829218,5.611504907829218,50-75%
15.0,9.388495092170782,-5.611504907829218,5.611504907829218,50-75%
15.0,9.36316278658391,-5.63683721341609,5.63683721341609,50-75%
15.0,10.106161239550515,-4.893838760449485,4.893838760449485,50-75%
18.0,9.249769934935474,-8.750230065064526,8.750230065064526,75-100%
18.0,9.347004182449886,-8.652995817550114,8.652995817550114,75-100%
18.0,9.388495092170782,-8.611504907829218,8.611504907829218,75-100%
18.0,10.032137948881061,-7.967862051118939,7.967862051118939,75-100%
18.0,9.95517943416109,-8.04482056583891,8.04482056583891,75-100%
14.0,11.474007782148854,-2.5259922178511456,2.5259922178511456,50-75%
14.0,11.358724715263609,-2.641275284736391,2.641275284736391,50-75%
29.0,8.791906820568578,-20.208093179431422,20.208093179431422,75-100%
29.0,8.941459982323614,-20.058540017676386,20.058540017676386,75-100%
29.0,9.086448906415908,-19.91355109358409,19.91355109358409,75-100%
29.0,9.191869189846093,-19.808130810153905,19.808130810153905,75-100%
29.0,9.191869189846093,-19.808130810153905,19.808130810153905,75-100%
14.0,10.676885925093965,-3.3231140749060355,3.3231140749060355,50-75%
14.0,10.787536355052161,-3.2124636449478388,3.2124636449478388,50-75%
14.0,11.506155162760013,-2.493844837239987,2.493844837239987,50-75%
14.0,11.474007782148854,-2.5259922178511456,2.5259922178511456,50-75%
14.0,11.474007782148854,-2.5259922178511456,2.5259922178511456,50-75%
14.0,11.506155162760013,-2.493844837239987,2.493844837239987,50-75%
14.0,10.87155548063943,-3.1284445193605706,3.1284445193605706,50-75%
29.0,8.662521914774763,-20.337478085225236,20.337478085225236,75-100%
29.0,8.803624528882045,-20.196375471117953,20.196375471117953,75-100%
29.0,9.016087374477726,-19.983912625522272,19.983912625522272,75-100%
29.0,9.12689500401103,-19.873104995988967,19.873104995988967,75-100%
29.0,9.154126825481264,-19.845873174518736,19.845873174518736,75-100%
29.0,9.151163589979008,-19.848836410020994,19.848836410020994,75-100%
29.0,8.982539327815584,-20.017460672184416,20.017460672184416,75-100%
14.0,10.787536355052161,-3.2124636449478388,3.2124636449478388,50-75%
14.0,10.787536355052161,-3.2124636449478388,3.2124636449478388,50-75%
14.0,10.457030361581644,-3.5429696384183558,3.5429696384183558,50-75%
14.0,11.506155162760013,-2.493844837239987,2.493844837239987,50-75%
14.0,11.474007782148854,-2.5259922178511456,2.5259922178511456,50-75%
14.0,11.474007782148854,-2.5259922178511456,2.5259922178511456,50-75%
29.0,8.802053472608653,-20.197946527391345,20.197946527391345,75-100%
29.0,9.154126825481264,-19.845873174518736,19.845873174518736,75-100%
29.0,9.111104796827517,-19.88889520317248,19.88889520317248,75-100%
29.0,8.7740039136796,-20.2259960863204,20.2259960863204,75-100%
29.0,8.939299534766256,-20.060700465233744,20.060700465233744,75-100%
29.0,8.7740039136796,-20.2259960863204,20.2259960863204,75-100%
14.0,10.706861276926663,-3.293138723073337,3.293138723073337,50-75%
14.0,10.757236201828242,-3.242763798171758,3.242763798171758,50-75%
14.0,10.614138771946884,-3.385861228053116,3.385861228053116,50-75%
14.0,10.338855025526467,-3.661144974473533,3.661144974473533,50-75%
14.0,11.380405636487481,-2.619594363512519,2.619594363512519,50-75%
14.0,11.474007782148854,-2.5259922178511456,2.5259922178511456,50-75%
29.0,8.73313890308794,-20.26686109691206,20.26686109691206,75-100%
29.0,8.770968336744769,-20.22903166325523,20.22903166325523,75-100%
29.0,9.04483166755661,-19.955168332443392,19.955168332443392,75-100%
29.0,8.77971842792891,-20.220281572071087,20.220281572071087,75-100%
14.0,10.551084207365218,-3.448915792634782,3.448915792634782,50-75%
14.0,10.430138338989332,-3.569861661010668,3.569861661010668,50-75%
14.0,10.06663286356877,-3.9333671364312295,3.9333671364312295,50-75%
14.0,10.584284341491362,-3.4157156585086383,3.4157156585086383,50-75%
14.0,11.42685792136857,-2.573142078631429,2.573142078631429,50-75%
29.0,8.817728900514934,-20.182271099485064,20.182271099485064,75-100%
29.0,8.817728900514934,-20.182271099485064,20.182271099485064,75-100%
29.0,8.821048184818935,-20.178951815181065,20.178951815181065,75-100%
29.0,9.01901117975765,-19.980988820242352,19.980988820242352,75-100%
29.0,8.817728900514934,-20.182271099485064,20.182271099485064,75-100%
29.0,8.512404111684164,-20.487595888315838,20.487595888315838,75-100%
14.0,10.188991717779594,-3.8110082822204063,3.8110082822204063,50-75%
14.0,10.35727006343318,-3.6427299365668198,3.6427299365668198,50-75%
14.0,10.551084207365218,-3.448915792634782,3.448915792634782,50-75%
29.0,8.776857052153774,-20.223142947846227,20.223142947846227,75-100%
29.0,8.799488224236159,-20.200511775763843,20.200511775763843,75-100%
29.0,8.5393026591814,-20.460697340818598,20.460697340818598,75-100%
14.0,10.06860609938709,-3.9313939006129104,3.9313939006129104,50-75%
23.0,10.206315071312762,-12.793684928687238,12.793684928687238,75-100%
23.0,10.165626207956194,-12.834373792043806,12.834373792043806,75-100%
23.0,11.088708059254353,-11.911291940745647,11.911291940745647,75-100%
23.0,9.525485456357833,-13.474514543642167,13.474514543642167,75-100%
23.0,10.666713672127464,-12.333286327872536,12.333286327872536,75-100%
23.0,10.688760084994353,-12.311239915005647,12.311239915005647,75-100%
23.0,11.660328796358185,-11.339671203641815,11.339671203641815,75-100%
23.0,9.439270798960857,-13.560729201039143,13.560729201039143,75-100%
23.0,9.44666593539924,-13.55333406460076,13.55333406460076,75-100%
23.0,10.249870244700173,-12.750129755299827,12.750129755299827,75-100%
23.0,10.792339810758921,-12.207660189241079,12.207660189241079,75-100%
23.0,10.862516982104658,-12.137483017895342,12.137483017895342,75-100%
23.0,10.862516982104658,-12.137483017895342,12.137483017895342,75-100%
23.0,10.560151326483561,-12.439848673516439,12.439848673516439,75-100%
23.0,9.44666593539924,-13.55333406460076,13.55333406460076,75-100%
23.0,10.120909832611861,-12.879090167388139,12.879090167388139,75-100%
23.0,10.249870244700173,-12.750129755299827,12.750129755299827,75-100%
23.0,10.862516982104658,-12.137483017895342,12.137483017895342,75-100%
23.0,10.786892249436903,-12.213107750563097,12.213107750563097,75-100%
23.0,10.862516982104658,-12.137483017895342,12.137483017895342,75-100%
23.0,10.206315071312762,-12.793684928687238,12.793684928687238,75-100%
23.0,10.249870244700173,-12.750129755299827,12.750129755299827,75-100%
23.0,10.202519117561721,-12.797480882438279,12.797480882438279,75-100%
23.0,10.663309024860194,-12.336690975139806,12.336690975139806,75-100%
23.0,10.862516982104658,-12.137483017895342,12.137483017895342,75-100%
23.0,10.862516982104658,-12.137483017895342,12.137483017895342,75-100%
23.0,10.867999494994905,-12.132000505005095,12.132000505005095,75-100%
23.0,10.493398316002411,-12.506601683997589,12.506601683997589,75-100%
23.0,10.206315071312762,-12.793684928687238,12.793684928687238,75-100%
23.0,10.165626207956194,-12.834373792043806,12.834373792043806,75-100%
23.0,10.135367655114512,-12.864632344885488,12.864632344885488,75-100%
23.0,10.867999494994905,-12.132000505005095,12.132000505005095,75-100%
23.0,10.728449719240166,-12.271550280759834,12.271550280759834,75-100%
11.0,11.525763685822112,0.5257636858221115,0.5257636858221115,50-75%
11.0,10.936797999052676,-0.06320200094732442,0.06320200094732442,50-75%
11.0,10.997091622652363,-0.00290837734763727,0.00290837734763727,50-75%
11.0,10.979338853666686,-0.02066114633331395,0.02066114633331395,50-75%
11.0,10.085540799845322,-0.9144592001546776,0.9144592001546776,50-75%
11.0,10.129532071444176,-0.8704679285558239,0.8704679285558239,50-75%
10.0,9.722339519859865,-0.2776604801401348,0.2776604801401348,50-75%
10.0,9.948589220622504,-0.051410779377496496,0.051410779377496496,50-75%
10.0,10.024552505055812,0.02455250505581219,0.02455250505581219,50-75%
10.0,10.024552505055812,0.02455250505581219,0.02455250505581219,50-75%
10.0,10.964128276523738,0.9641282765237378,0.9641282765237378,50-75%
11.0,10.101969005717526,-0.8980309942824736,0.8980309942824736,50-75%
11.0,10.085540799845322,-0.9144592001546776,0.9144592001546776,50-75%
11.0,10.101969005717526,-0.8980309942824736,0.8980309942824736,50-75%
11.0,10.078174416289896,-0.9218255837101044,0.9218255837101044,50-75%
11.0,10.085540799845322,-0.9144592001546776,0.9144592001546776,50-75%
11.0,10.551066608417063,-0.448933391582937,0.448933391582937,50-75%
11.0,9.47595200798784,-1.5240479920121608,1.5240479920121608,50-75%
10.0,9.810174138355508,-0.18982586164449167,0.18982586164449167,50-75%
10.0,9.895916165883406,-0.10408383411659372,0.10408383411659372,50-75%
10.0,9.803346794586815,-0.19665320541318465,0.19665320541318465,50-75%
10.0,10.886918977128396,0.8869189771283956,0.8869189771283956,50-75%
10.0,10.964128276523738,0.9641282765237378,0.9641282765237378,50-75%
10.0,10.964128276523738,0.9641282765237378,0.9641282765237378,50-75%
11.0,9.99784359921093,-1.0021564007890706,1.0021564007890706,50-75%
11.0,9.372424700381629,-1.6275752996183712,1.6275752996183712,50-75%
11.0,9.797733372168768,-1.2022666278312322,1.2022666278312322,50-75%
11.0,9.367270869642875,-1.6327291303571254,1.6327291303571254,50-75%
10.0,9.424210181036084,-0.5757898189639157,0.5757898189639157,50-75%
10.0,9.810174138355508,-0.18982586164449167,0.18982586164449167,50-75%
10.0,9.895916165883406,-0.10408383411659372,0.10408383411659372,50-75%
10.0,9.895916165883406,-0.10408383411659372,0.10408383411659372,50-75%
10.0,9.807384877918745,-0.1926151220812553,0.1926151220812553,50-75%
10.0,10.879020074760096,0.8790200747600956,0.8790200747600956,50-75%
10.0,10.896960924163608,0.8969609241636078,0.8969609241636078,50-75%
10.0,10.074996884053913,0.07499688405391325,0.07499688405391325,50-75%
11.0,8.801993695334424,-2.198006304665576,2.198006304665576,50-75%
10.0,9.694880820102318,-0.305119179897682,0.305119179897682,50-75%
10.0,9.923996568766686,-0.07600343123331399,0.07600343123331399,50-75%
10.0,9.895916165883406,-0.10408383411659372,0.10408383411659372,50-75%
10.0,10.599301739278367,0.599301739278367,0.599301739278367,50-75%
10.0,10.01282117004404,0.012821170044039931,0.012821170044039931,50-75%
10.0,10.01282117004404,0.012821170044039931,0.012821170044039931,50-75%
10.0,10.086794451334363,0.08679445133436303,0.08679445133436303,50-75%
10.0,9.75762434167058,-0.24237565832942032,0.24237565832942032,50-75%
10.0,9.895916165883406,-0.10408383411659372,0.10408383411659372,50-75%
10.0,9.895916165883406,-0.10408383411659372,0.10408383411659372,50-75%
10.0,9.795884633120068,-0.20411536687993248,0.20411536687993248,50-75%
10.0,10.041202854578714,0.041202854578713755,0.041202854578713755,50-75%
10.0,10.018583094258247,0.018583094258247,0.018583094258247,50-75%
10.0,10.110607555562993,0.11060755556299284,0.11060755556299284,50-75%
10.0,9.895916165883406,-0.10408383411659372,0.10408383411659372,50-75%
10.0,9.923996568766686,-0.07600343123331399,0.07600343123331399,50-75%
10.0,10.041202854578714,0.041202854578713755,0.041202854578713755,50-75%
10.0,10.020144097244623,0.020144097244623183,0.020144097244623183,50-75%
9.0,9.422206190775942,0.4222061907759418,0.4222061907759418,50-75%
9.0,9.404865624011894,0.40486562401189374,0.40486562401189374,50-75%
9.0,9.945636603353114,0.9456366033531136,0.9456366033531136,50-75%
9.0,10.015974615422795,1.0159746154227953,1.0159746154227953,50-75%
9.0,10.015974615422795,1.0159746154227953,1.0159746154227953,50-75%
9.0,9.989527995696198,0.9895279956961982,0.9895279956961982,50-75%
9.0,9.808244710887205,0.8082447108872053,0.8082447108872053,50-75%
9.0,9.404865624011894,0.40486562401189374,0.40486562401189374,50-75%
9.0,9.47237039146985,0.47237039146985005,0.47237039146985005,50-75%
13.0,10.101566318915397,-2.8984336810846028,2.8984336810846028,50-75%
9.0,9.987657780699733,0.9876577806997329,0.9876577806997329,50-75%
13.0,9.397500077780357,-3.6024999222196428,3.6024999222196428,50-75%
13.0,9.422206190775942,-3.577793809224058,3.577793809224058,50-75%
13.0,9.989527995696198,-3.010472004303802,3.010472004303802,50-75%
13.0,10.077158887408915,-2.922841112591085,2.922841112591085,50-75%
13.0,10.077158887408915,-2.922841112591085,2.922841112591085,50-75%
13.0,11.21425879404744,-1.7857412059525597,1.7857412059525597,50-75%
13.0,9.05524255691673,-3.9447574430832706,3.9447574430832706,50-75%
13.0,9.05524255691673,-3.9447574430832706,3.9447574430832706,50-75%
13.0,9.71825677813895,-3.281743221861049,3.281743221861049,50-75%
13.0,10.077158887408915,-2.922841112591085,2.922841112591085,50-75%
13.0,10.82830351222943,-2.1716964877705696,2.1716964877705696,50-75%
13.0,10.935703760718907,-2.0642962392810933,2.0642962392810933,50-75%
17.0,10.888843582456811,-6.111156417543189,6.111156417543189,75-100%
13.0,9.801062591625833,-3.1989374083741673,3.1989374083741673,50-75%
13.0,9.945636603353114,-3.0543633966468864,3.0543633966468864,50-75%
13.0,10.077158887408915,-2.922841112591085,2.922841112591085,50-75%
13.0,10.828354894991804,-2.1716451050081957,2.1716451050081957,50-75%
17.0,10.935703760718907,-6.064296239281093,6.064296239281093,75-100%
17.0,10.935703760718907,-6.064296239281093,6.064296239281093,75-100%
13.0,9.404865624011894,-3.5951343759881063,3.5951343759881063,50-75%
13.0,9.801062591625833,-3.1989374083741673,3.1989374083741673,50-75%
13.0,9.992735958923392,-3.007264041076608,3.007264041076608,50-75%
13.0,10.077158887408915,-2.922841112591085,2.922841112591085,50-75%
17.0,10.828354894991804,-6.171645105008196,6.171645105008196,75-100%
17.0,10.927772440678424,-6.0722275593215755,6.0722275593215755,75-100%
17.0,10.935703760718907,-6.064296239281093,6.064296239281093,75-100%
17.0,9.05524255691673,-7.944757443083271,7.944757443083271,75-100%
17.0,10.077158887408915,-6.922841112591085,6.922841112591085,75-100%
17.0,10.918639129168957,-6.081360870831043,6.081360870831043,75-100%
17.0,10.927772440678424,-6.0722275593215755,6.0722275593215755,75-100%
17.0,9.999227003355042,-7.000772996644958,7.000772996644958,75-100%
17.0,10.788323147916014,-6.211676852083986,6.211676852083986,75-100%
19.0,9.795410364202919,-9.204589635797081,9.204589635797081,75-100%
19.0,10.03254483186752,-8.96745516813248,8.96745516813248,75-100%
19.0,10.054453345759356,-8.945546654240644,8.945546654240644,75-100%
19.0,9.795410364202919,-9.204589635797081,9.204589635797081,75-100%
19.0,9.795410364202919,-9.204589635797081,9.204589635797081,75-100%
19.0,10.011975749682863,-8.988024250317137,8.988024250317137,75-100%
19.0,10.103329669456484,-8.896670330543516,8.896670330543516,75-100%
19.0,9.823231748628245,-9.176768251371755,9.176768251371755,75-100%
19.0,9.823231748628245,-9.176768251371755,9.176768251371755,75-100%
19.0,9.753614684788516,-9.246385315211484,9.246385315211484,75-100%
19.0,9.795410364202919,-9.204589635797081,9.204589635797081,75-100%
19.0,9.815073549824294,-9.184926450175706,9.184926450175706,75-100%
19.0,9.995680711876295,-9.004319288123705,9.004319288123705,75-100%
19.0,10.03254483186752,-8.96745516813248,8.96745516813248,75-100%
19.0,10.015041906035451,-8.984958093964549,8.984958093964549,75-100%
19.0,9.714950046838743,-9.285049953161257,9.285049953161257,75-100%
19.0,9.75659544982426,-9.24340455017574,9.24340455017574,75-100%
19.0,9.75659544982426,-9.24340455017574,9.24340455017574,75-100%
19.0,9.87236211393595,-9.12763788606405,9.12763788606405,75-100%
19.0,9.753614684788516,-9.246385315211484,9.246385315211484,75-100%
19.0,9.981390330273022,-9.018609669726978,9.018609669726978,75-100%
19.0,10.103329669456484,-8.896670330543516,8.896670330543516,75-100%
19.0,10.103329669456484,-8.896670330543516,8.896670330543516,75-100%
19.0,9.71738371098358,-9.28261628901642,9.28261628901642,75-100%
19.0,9.714950046838743,-9.285049953161257,9.285049953161257,75-100%
19.0,9.714950046838743,-9.285049953161257,9.285049953161257,75-100%
19.0,9.830268506925123,-9.169731493074877,9.169731493074877,75-100%
19.0,9.87236211393595,-9.12763788606405,9.12763788606405,75-100%
19.0,9.81046712480262,-9.18953287519738,9.18953287519738,75-100%
19.0,10.078221805231365,-8.921778194768635,8.921778194768635,75-100%
8.0,11.66893092434318,3.6689309243431794,3.6689309243431794,25-50%
8.0,10.697427835643774,2.697427835643774,2.697427835643774,25-50%
8.0,10.694014225193225,2.694014225193225,2.694014225193225,25-50%
8.0,10.694014225193225,2.694014225193225,2.694014225193225,25-50%
19.0,9.753614684788516,-9.246385315211484,9.246385315211484,75-100%
19.0,9.756955543501615,-9.243044456498385,9.243044456498385,75-100%
19.0,9.795410364202919,-9.204589635797081,9.204589635797081,75-100%
19.0,9.836031322620165,-9.163968677379835,9.163968677379835,75-100%
19.0,10.081455659150096,-8.918544340849904,8.918544340849904,75-100%
19.0,10.147261659547416,-8.852738340452584,8.852738340452584,75-100%
8.0,11.106508648557814,3.1065086485578135,3.1065086485578135,25-50%
8.0,11.403414800676252,3.403414800676252,3.403414800676252,25-50%
8.0,10.415214605076521,2.415214605076521,2.415214605076521,25-50%
8.0,10.42819220978507,2.4281922097850703,2.4281922097850703,25-50%
8.0,10.33963588237549,2.3396358823754895,2.3396358823754895,25-50%
19.0,9.995680711876295,-9.004319288123705,9.004319288123705,75-100%
19.0,10.044501103438634,-8.955498896561366,8.955498896561366,75-100%
19.0,10.159934636833016,-8.840065363166984,8.840065363166984,75-100%
19.0,10.159934636833016,-8.840065363166984,8.840065363166984,75-100%
8.0,11.137708929028571,3.1377089290285713,3.1377089290285713,25-50%
8.0,10.74083948086191,2.7408394808619096,2.7408394808619096,25-50%
8.0,10.415214605076521,2.415214605076521,2.415214605076521,25-50%
8.0,10.42819220978507,2.4281922097850703,2.4281922097850703,25-50%
8.0,11.03965413917584,3.0396541391758394,3.0396541391758394,25-50%
8.0,10.062479816792997,2.0624798167929974,2.0624798167929974,25-50%
8.0,10.344515201277567,2.3445152012775665,2.3445152012775665,25-50%
8.0,10.382548823804498,2.3825488238044983,2.3825488238044983,25-50%
8.0,9.771696102286251,1.771696102286251,1.771696102286251,25-50%
16.0,10.028710635967126,-5.971289364032874,5.971289364032874,75-100%
16.0,9.81046712480262,-6.189532875197379,6.189532875197379,75-100%
8.0,11.121467074534806,3.121467074534806,3.121467074534806,25-50%
8.0,9.77932672744037,1.7793267274403703,1.7793267274403703,25-50%
8.0,9.793959289119243,1.7939592891192433,1.7939592891192433,25-50%
8.0,9.698421903342306,1.6984219033423056,1.6984219033423056,25-50%
16.0,9.807109646644374,-6.192890353355626,6.192890353355626,75-100%
16.0,10.110014225011355,-5.889985774988645,5.889985774988645,75-100%
16.0,10.56122040367971,-5.438779596320289,5.438779596320289,75-100%
8.0,9.915127915903392,1.9151279159033923,1.9151279159033923,25-50%
8.0,9.77932672744037,1.7793267274403703,1.7793267274403703,25-50%
8.0,9.729992235378756,1.7299922353787558,1.7299922353787558,25-50%
8.0,9.771696102286251,1.771696102286251,1.771696102286251,25-50%
16.0,10.606154974593336,-5.393845025406664,5.393845025406664,75-100%
16.0,10.606154974593336,-5.393845025406664,5.393845025406664,75-100%
16.0,10.610078909387953,-5.389921090612047,5.389921090612047,75-100%
16.0,10.844103419717726,-5.155896580282274,5.155896580282274,75-100%
16.0,10.606154974593336,-5.393845025406664,5.393845025406664,75-100%
16.0,10.318180219975527,-5.6818197800244725,5.6818197800244725,75-100%
16.0,10.350185021774827,-5.649814978225173,5.649814978225173,75-100%
16.0,10.482575035800656,-5.5174249641993445,5.5174249641993445,75-100%
16.0,10.557837791364449,-5.442162208635551,5.442162208635551,75-100%
16.0,10.584591523628433,-5.415408476371567,5.415408476371567,75-100%
16.0,10.350185021774827,-5.649814978225173,5.649814978225173,75-100%
16.0,10.379436143328897,-5.620563856671103,5.620563856671103,75-100%
16.0,10.379436143328897,-5.620563856671103,5.620563856671103,75-100%
16.0,10.606154974593336,-5.393845025406664,5.393845025406664,75-100%
16.0,10.379436143328897,-5.620563856671103,5.620563856671103,75-100%
16.0,10.350185021774827,-5.649814978225173,5.649814978225173,75-100%
16.0,10.350185021774827,-5.649814978225173,5.649814978225173,75-100%
16.0,10.350185021774827,-5.649814978225173,5.649814978225173,75-100%
12.0,10.192206374376081,-1.807793625623919,1.807793625623919,50-75%
12.0,10.197379089054627,-1.8026209109453735,1.8026209109453735,50-75%
12.0,9.908770884923985,-2.0912291150760147,2.0912291150760147,50-75%
12.0,10.192206374376081,-1.807793625623919,1.807793625623919,50-75%
12.0,10.192206374376081,-1.807793625623919,1.807793625623919,50-75%
12.0,10.197379089054627,-1.8026209109453735,1.8026209109453735,50-75%
12.0,10.054486781043243,-1.9455132189567568,1.9455132189567568,50-75%
12.0,10.197379089054627,-1.8026209109453735,1.8026209109453735,50-75%
12.0,10.192206374376081,-1.807793625623919,1.807793625623919,50-75%
12.0,10.197379089054627,-1.8026209109453735,1.8026209109453735,50-75%
12.0,10.01088965439594,-1.9891103456040593,1.9891103456040593,50-75%
12.0,10.197379089054627,-1.8026209109453735,1.8026209109453735,50-75%
12.0,10.197379089054627,-1.8026209109453735,1.8026209109453735,50-75%
12.0,10.197379089054627,-1.8026209109453735,1.8026209109453735,50-75%
8.0,10.649737553938824,2.6497375539388237,2.6497375539388237,25-50%
8.0,11.372640428548745,3.3726404285487455,3.3726404285487455,25-50%
8.0,11.372640428548745,3.3726404285487455,3.3726404285487455,25-50%
8.0,11.30669842117861,3.3066984211786092,3.3066984211786092,25-50%
8.0,11.30669842117861,3.3066984211786092,3.3066984211786092,25-50%
8.0,11.30669842117861,3.3066984211786092,3.3066984211786092,25-50%
8.0,10.92828897663953,2.9282889766395304,2.9282889766395304,25-50%
8.0,10.992203382655774,2.9922033826557737,2.9922033826557737,25-50%
8.0,10.992203382655774,2.9922033826557737,2.9922033826557737,25-50%
8.0,11.372640428548745,3.3726404285487455,3.3726404285487455,25-50%
8.0,11.372640428548745,3.3726404285487455,3.3726404285487455,25-50%
8.0,11.108420118619971,3.1084201186199714,3.1084201186199714,25-50%
8.0,11.108420118619971,3.1084201186199714,3.1084201186199714,25-50%
8.0,11.30664496047624,3.3066449604762393,3.3066449604762393,25-50%
8.0,10.992203382655774,2.9922033826557737,2.9922033826557737,25-50%
8.0,10.92828897663953,2.9282889766395304,2.9282889766395304,25-50%
8.0,10.928237159760222,2.928237159760222,2.928237159760222,25-50%
8.0,11.283842663839632,3.283842663839632,3.283842663839632,25-50%
8.0,11.30669842117861,3.3066984211786092,3.3066984211786092,25-50%
8.0,10.261214783864176,2.261214783864176,2.261214783864176,25-50%
8.0,10.427819710556236,2.4278197105562356,2.4278197105562356,25-50%
8.0,10.92828897663953,2.9282889766395304,2.9282889766395304,25-50%
8.0,10.92828897663953,2.9282889766395304,2.9282889766395304,25-50%
8.0,10.92828897663953,2.9282889766395304,2.9282889766395304,25-50%
8.0,11.30669842117861,3.3066984211786092,3.3066984211786092,25-50%
8.0,10.427819710556236,2.4278197105562356,2.4278197105562356,25-50%
8.0,10.440452402889619,2.440452402889619,2.440452402889619,25-50%
8.0,10.427819710556236,2.4278197105562356,2.4278197105562356,25-50%
8.0,10.398444217848063,2.3984442178480627,2.3984442178480627,25-50%
21.0,10.887590291377151,-10.112409708622849,10.112409708622849,75-100%
21.0,11.170344655646478,-9.829655344353522,9.829655344353522,75-100%
14.5,11.170344655646478,-3.3296553443535224,3.3296553443535224,50-75%
14.5,11.105480816628901,-3.3945191833710986,3.3945191833710986,50-75%
14.5,11.170344655646478,-3.3296553443535224,3.3296553443535224,50-75%
14.5,10.427819710556236,-4.072180289443764,4.072180289443764,50-75%
8.0,10.440452402889619,2.440452402889619,2.440452402889619,25-50%
8.0,10.427819710556236,2.4278197105562356,2.4278197105562356,25-50%
21.0,10.884121186628601,-10.115878813371399,10.115878813371399,75-100%
21.0,10.026482164303692,-10.973517835696308,10.973517835696308,75-100%
21.0,10.868456499038647,-10.131543500961353,10.131543500961353,75-100%
14.5,9.941752327712026,-4.558247672287974,4.558247672287974,50-75%
14.5,10.014748775922492,-4.485251224077508,4.485251224077508,50-75%
14.5,10.014748775922492,-4.485251224077508,4.485251224077508,50-75%
21.0,10.029286689801236,-10.970713310198764,10.970713310198764,75-100%
21.0,9.925251951525757,-11.074748048474243,11.074748048474243,75-100%
21.0,9.970756653578942,-11.029243346421058,11.029243346421058,75-100%
21.0,9.982443179642384,-11.017556820357616,11.017556820357616,75-100%
21.0,10.026482164303692,-10.973517835696308,10.973517835696308,75-100%
21.0,9.967925959354819,-11.032074040645181,11.032074040645181,75-100%
21.0,10.026482164303692,-10.973517835696308,10.973517835696308,75-100%
21.0,10.014748775922492,-10.985251224077508,10.985251224077508,75-100%
21.0,9.825850846948583,-11.174149153051417,11.174149153051417,75-100%
21.0,10.026482164303692,-10.973517835696308,10.973517835696308,75-100%
21.0,9.967925959354819,-11.032074040645181,11.032074040645181,75-100%
21.0,9.967925959354819,-11.032074040645181,11.032074040645181,75-100%
21.0,10.014748775922492,-10.985251224077508,10.985251224077508,75-100%
21.0,9.913626283212002,-11.086373716787998,11.086373716787998,75-100%
21.0,9.837383013058615,-11.162616986941385,11.162616986941385,75-100%
21.0,9.374420759931276,-11.625579240068724,11.625579240068724,75-100%
21.0,9.881617273126533,-11.118382726873467,11.118382726873467,75-100%
21.0,10.043135428185334,-10.956864571814666,10.956864571814666,75-100%
21.0,10.069551577100237,-10.930448422899763,10.930448422899763,75-100%
21.0,9.970756653578942,-11.029243346421058,11.029243346421058,75-100%
21.0,10.057772358132256,-10.942227641867744,10.942227641867744,75-100%
9.0,10.791643594781405,1.7916435947814051,1.7916435947814051,50-75%
9.0,10.213235070484075,1.2132350704840746,1.2132350704840746,50-75%
9.0,10.202513697526182,1.2025136975261823,1.2025136975261823,50-75%
9.0,10.205783833605537,1.2057838336055369,1.2057838336055369,50-75%
9.0,10.276292340556818,1.276292340556818,1.276292340556818,50-75%
9.0,10.276292340556818,1.276292340556818,1.276292340556818,50-75%
9.0,10.302932818382928,1.3029328183829278,1.3029328183829278,50-75%
9.0,10.213235070484075,1.2132350704840746,1.2132350704840746,50-75%
9.0,10.202513697526182,1.2025136975261823,1.2025136975261823,50-75%
9.0,10.276292340556818,1.276292340556818,1.276292340556818,50-75%
9.0,10.276292340556818,1.276292340556818,1.276292340556818,50-75%
9.0,10.276292340556818,1.276292340556818,1.276292340556818,50-75%
9.0,10.302932818382928,1.3029328183829278,1.3029328183829278,50-75%
9.0,10.273878350514426,1.2738783505144262,1.2738783505144262,50-75%
9.0,10.273878350514426,1.2738783505144262,1.2738783505144262,50-75%
9.0,10.188385764689373,1.1883857646893734,1.1883857646893734,50-75%
9.0,10.20440484863377,1.2044048486337697,1.2044048486337697,50-75%
9.0,10.276292340556818,1.276292340556818,1.276292340556818,50-75%
9.0,10.276292340556818,1.276292340556818,1.276292340556818,50-75%
9.0,10.20440484863377,1.2044048486337697,1.2044048486337697,50-75%
18.0,9.647172427519848,-8.352827572480152,8.352827572480152,75-100%
18.0,9.949234469667323,-8.050765530332677,8.050765530332677,75-100%
18.0,9.949234469667323,-8.050765530332677,8.050765530332677,75-100%
18.0,9.889736566612093,-8.110263433387907,8.110263433387907,75-100%
18.0,9.945143385495825,-8.054856614504175,8.054856614504175,75-100%
18.0,9.941958662180964,-8.058041337819036,8.058041337819036,75-100%
9.0,10.230557596804577,1.2305575968045765,1.2305575968045765,50-75%
9.0,10.04468961137186,1.0446896113718598,1.0446896113718598,50-75%
9.0,10.276292340556818,1.276292340556818,1.276292340556818,50-75%
9.0,10.276292340556818,1.276292340556818,1.276292340556818,50-75%
9.0,10.20440484863377,1.2044048486337697,1.2044048486337697,50-75%
9.0,10.279584013427733,1.2795840134277334,1.2795840134277334,50-75%
18.0,9.659176305988392,-8.340823694011608,8.340823694011608,75-100%
18.0,9.6673172056904,-8.3326827943096,8.3326827943096,75-100%
18.0,9.654252218190642,-8.345747781809358,8.345747781809358,75-100%
18.0,9.949234469667323,-8.050765530332677,8.050765530332677,75-100%
18.0,9.965460676512663,-8.034539323487337,8.034539323487337,75-100%
18.0,9.945143385495825,-8.054856614504175,8.054856614504175,75-100%
18.0,9.889736566612093,-8.110263433387907,8.110263433387907,75-100%
18.0,9.930315216091689,-8.069684783908311,8.069684783908311,75-100%
9.0,9.698693386422013,0.6986933864220131,0.6986933864220131,50-75%
9.0,9.687308801311026,0.6873088013110262,0.6873088013110262,50-75%
9.0,10.159475106831927,1.159475106831927,1.159475106831927,50-75%
9.0,10.273878350514426,1.2738783505144262,1.2738783505144262,50-75%
9.0,10.213939111185951,1.213939111185951,1.213939111185951,50-75%
9.0,10.865838421017148,1.8658384210171484,1.8658384210171484,50-75%
18.0,9.652093243242737,-8.347906756757263,8.347906756757263,75-100%
18.0,9.570432978235367,-8.429567021764633,8.429567021764633,75-100%
18.0,9.654252218190642,-8.345747781809358,8.345747781809358,75-100%
18.0,9.949234469667323,-8.050765530332677,8.050765530332677,75-100%
18.0,9.930315216091689,-8.069684783908311,8.069684783908311,75-100%
18.0,9.936033973069584,-8.063966026930416,8.063966026930416,75-100%
18.0,9.954963125226483,-8.045036874773517,8.045036874773517,75-100%
9.0,10.088018477253321,1.0880184772533212,1.0880184772533212,50-75%
9.0,10.291792568026453,1.2917925680264535,1.2917925680264535,50-75%
9.0,10.142646400442946,1.1426464004429455,1.1426464004429455,50-75%
9.0,10.130789400552803,1.1307894005528034,1.1307894005528034,50-75%
9.0,10.236433441037125,1.236433441037125,1.236433441037125,50-75%
9.0,10.285887774963413,1.2858877749634132,1.2858877749634132,50-75%
9.0,10.236446393956466,1.2364463939564665,1.2364463939564665,50-75%
18.0,9.659176305988392,-8.340823694011608,8.340823694011608,75-100%
18.0,9.616604314772438,-8.383395685227562,8.383395685227562,75-100%
18.0,9.639996959518085,-8.360003040481915,8.360003040481915,75-100%
18.0,9.936033973069584,-8.063966026930416,8.063966026930416,75-100%
18.0,9.520793321464595,-8.479206678535405,8.479206678535405,75-100%
18.0,9.555863642219013,-8.444136357780987,8.444136357780987,75-100%
18.0,9.555863642219013,-8.444136357780987,8.444136357780987,75-100%
9.0,10.071610914760099,1.0716109147600985,1.0716109147600985,50-75%
9.0,10.21980626060241,1.2198062606024092,1.2198062606024092,50-75%
9.0,10.202006248019432,1.2020062480194316,1.2020062480194316,50-75%
9.0,10.273878350514426,1.2738783505144262,1.2738783505144262,50-75%
9.0,10.230557596804577,1.2305575968045765,1.2305575968045765,50-75%
9.0,10.193556713592418,1.193556713592418,1.193556713592418,50-75%
9.0,10.281503917341455,1.281503917341455,1.281503917341455,50-75%
9.0,10.281503917341455,1.281503917341455,1.281503917341455,50-75%
13.0,10.744044426244894,-2.255955573755106,2.255955573755106,50-75%
13.0,10.85359371148967,-2.146406288510329,2.146406288510329,50-75%
13.0,10.85359371148967,-2.146406288510329,2.146406288510329,50-75%
13.0,10.85359371148967,-2.146406288510329,2.146406288510329,50-75%
18.0,9.612646584642063,-8.387353415357937,8.387353415357937,75-100%
18.0,9.46941469161894,-8.53058530838106,8.53058530838106,75-100%
18.0,9.791586796430433,-8.208413203569567,8.208413203569567,75-100%
18.0,9.50350897137779,-8.49649102862221,8.49649102862221,75-100%
18.0,9.387777894007288,-8.612222105992712,8.612222105992712,75-100%
9.0,9.895373717232161,0.895373717232161,0.895373717232161,50-75%
9.0,10.291792568026453,1.2917925680264535,1.2917925680264535,50-75%
9.0,10.291792568026453,1.2917925680264535,1.2917925680264535,50-75%
9.0,10.193556713592418,1.193556713592418,1.193556713592418,50-75%
9.0,10.281503917341455,1.281503917341455,1.281503917341455,50-75%
9.0,10.275317064947766,1.2753170649477656,1.2753170649477656,50-75%
9.0,10.20958320109496,1.2095832010949596,1.2095832010949596,50-75%
9.0,10.281503917341455,1.281503917341455,1.281503917341455,50-75%
13.0,10.85359371148967,-2.146406288510329,2.146406288510329,50-75%
13.0,10.83037667453749,-2.16962332546251,2.16962332546251,50-75%
13.0,10.85359371148967,-2.146406288510329,2.146406288510329,50-75%
13.0,10.85359371148967,-2.146406288510329,2.146406288510329,50-75%
13.0,10.884142192403608,-2.1158578075963916,2.1158578075963916,50-75%
13.0,10.85359371148967,-2.146406288510329,2.146406288510329,50-75%
18.0,9.142362760720117,-8.857637239279883,8.857637239279883,75-100%
18.0,9.09672582972634,-8.90327417027366,8.90327417027366,75-100%
18.0,9.52872953411228,-8.47127046588772,8.47127046588772,75-100%
18.0,9.499575200128163,-8.500424799871837,8.500424799871837,75-100%
9.0,9.58640366971951,0.5864036697195107,0.5864036697195107,50-75%
9.0,9.598350000405736,0.5983500004057358,0.5983500004057358,50-75%
9.0,10.088031259085719,1.088031259085719,1.088031259085719,50-75%
9.0,10.16481292392979,1.1648129239297909,1.1648129239297909,50-75%
9.0,10.281503917341455,1.281503917341455,1.281503917341455,50-75%
9.0,10.275317064947766,1.2753170649477656,1.2753170649477656,50-75%
9.0,10.36390665560413,1.3639066556041293,1.3639066556041293,50-75%
13.0,10.546993753752034,-2.4530062462479663,2.4530062462479663,50-75%
13.0,9.953315226910984,-3.046684773089016,3.046684773089016,50-75%
13.0,10.781699082266346,-2.2183009177336537,2.2183009177336537,50-75%
13.0,10.884142192403608,-2.1158578075963916,2.1158578075963916,50-75%
9.0,10.268692888644207,1.2686928886442068,1.2686928886442068,50-75%
9.0,10.193556713592418,1.193556713592418,1.193556713592418,50-75%
9.0,10.281503917341455,1.281503917341455,1.281503917341455,50-75%
9.0,10.281503917341455,1.281503917341455,1.281503917341455,50-75%
13.0,10.85359371148967,-2.146406288510329,2.146406288510329,50-75%
13.0,10.744044426244894,-2.255955573755106,2.255955573755106,50-75%
13.0,9.858895986549165,-3.1411040134508355,3.1411040134508355,50-75%
13.0,10.286345261795033,-2.7136547382049674,2.7136547382049674,50-75%
13.0,10.750024072655414,-2.249975927344586,2.249975927344586,50-75%
19.0,9.499575200128163,-9.500424799871837,9.500424799871837,75-100%
19.0,9.734211731380547,-9.265788268619453,9.265788268619453,75-100%
19.0,9.824573478006215,-9.175426521993785,9.175426521993785,75-100%
19.0,9.93770839938934,-9.06229160061066,9.06229160061066,75-100%
19.0,9.93770839938934,-9.06229160061066,9.06229160061066,75-100%
13.0,10.781699082266346,-2.2183009177336537,2.2183009177336537,50-75%
13.0,10.781699082266346,-2.2183009177336537,2.2183009177336537,50-75%
13.0,10.81206227998583,-2.1879377200141708,2.1879377200141708,50-75%
13.0,10.678757615863507,-2.321242384136493,2.321242384136493,50-75%
13.0,10.384481218470548,-2.6155187815294525,2.6155187815294525,50-75%
13.0,10.26838711914693,-2.7316128808530706,2.7316128808530706,50-75%
19.0,9.360839551082762,-9.639160448917238,9.639160448917238,75-100%
19.0,9.471513248795132,-9.528486751204868,9.528486751204868,75-100%
19.0,9.750131677813851,-9.249868322186149,9.249868322186149,75-100%
19.0,9.86797941396833,-9.13202058603167,9.13202058603167,75-100%
19.0,9.897204055383703,-9.102795944616297,9.102795944616297,75-100%
19.0,9.89402397082427,-9.10597602917573,9.10597602917573,75-100%
19.0,9.713059814568886,-9.286940185431114,9.286940185431114,75-100%
13.0,10.781699082266346,-2.2183009177336537,2.2183009177336537,50-75%
13.0,10.781699082266346,-2.2183009177336537,2.2183009177336537,50-75%
13.0,10.555177450642862,-2.444822549357138,2.444822549357138,50-75%
19.0,9.52872953411228,-9.47127046588772,9.47127046588772,75-100%
19.0,9.510455158248329,-9.489544841751671,9.489544841751671,75-100%
19.0,9.897204055383703,-9.102795944616297,9.102795944616297,75-100%
19.0,9.809097443933098,-9.190902556066902,9.190902556066902,75-100%
19.0,9.480378436859661,-9.519621563140339,9.519621563140339,75-100%
19.0,9.667716323665026,-9.332283676334974,9.332283676334974,75-100%
19.0,9.527263460973439,-9.472736539026561,9.472736539026561,75-100%
19.0,9.436560081597142,-9.563439918402858,9.563439918402858,75-100%
19.0,9.47712347652486,-9.52287652347514,9.52287652347514,75-100%
19.0,9.780982540434227,-9.219017459565773,9.219017459565773,75-100%
19.0,9.486505943298633,-9.513494056701367,9.513494056701367,75-100%
19.0,9.527263460973439,-9.472736539026561,9.472736539026561,75-100%
19.0,9.527263460973439,-9.472736539026561,9.472736539026561,75-100%
19.0,9.530822632419719,-9.469177367580281,9.469177367580281,75-100%
19.0,9.753269758641657,-9.246730241358343,9.246730241358343,75-100%
19.0,9.527263460973439,-9.472736539026561,9.472736539026561,75-100%
19.0,9.266058426351103,-9.733941573648897,9.733941573648897,75-100%
19.0,9.415171335975163,-9.584828664024837,9.584828664024837,75-100%
19.0,9.483437773770735,-9.516562226229265,9.516562226229265,75-100%
19.0,9.507704517470426,-9.492295482529574,9.492295482529574,75-100%
19.0,9.295088107696479,-9.704911892303521,9.704911892303521,75-100%
28.0,11.416000517635968,-16.58399948236403,16.58399948236403,75-100%
28.0,11.103224176581616,-16.896775823418384,16.896775823418384,75-100%
28.0,11.32106996795684,-16.678930032043162,16.678930032043162,75-100%
28.0,11.228920930254624,-16.771079069745376,16.771079069745376,75-100%
28.0,10.662624134998897,-17.337375865001103,17.337375865001103,75-100%
28.0,11.32106996795684,-16.678930032043162,16.678930032043162,75-100%
28.0,11.32106996795684,-16.678930032043162,16.678930032043162,75-100%
28.0,11.290104474606343,-16.709895525393655,16.709895525393655,75-100%
28.0,11.290104474606343,-16.709895525393655,16.709895525393655,75-100%
28.0,10.662624134998897,-17.337375865001103,17.337375865001103,75-100%
28.0,10.975296469024503,-17.024703530975497,17.024703530975497,75-100%
28.0,11.005468788873205,-16.994531211126795,16.994531211126795,75-100%
28.0,11.005468788873205,-16.994531211126795,16.994531211126795,75-100%
28.0,11.32106996795684,-16.678930032043162,16.678930032043162,75-100%
28.0,11.32106996795684,-16.678930032043162,16.678930032043162,75-100%
28.0,11.092093523976425,-16.907906476023577,16.907906476023577,75-100%
28.0,11.092093523976425,-16.907906476023577,16.907906476023577,75-100%
28.0,10.975296469024503,-17.024703530975497,17.024703530975497,75-100%
28.0,11.005468788873205,-16.994531211126795,16.994531211126795,75-100%
28.0,10.975296469024503,-17.024703530975497,17.024703530975497,75-100%
28.0,10.975244447943101,-17.0247555520569,17.0247555520569,75-100%
28.0,11.26727953521733,-16.73272046478267,16.73272046478267,75-100%
28.0,11.290104474606343,-16.709895525393655,16.709895525393655,75-100%
28.0,10.275511774992266,-17.724488225007732,17.724488225007732,75-100%
28.0,10.47900395227229,-17.52099604772771,17.52099604772771,75-100%
28.0,10.975296469024503,-17.024703530975497,17.024703530975497,75-100%
28.0,10.975296469024503,-17.024703530975497,17.024703530975497,75-100%
28.0,10.975296469024503,-17.024703530975497,17.024703530975497,75-100%
28.0,11.290104474606343,-16.709895525393655,16.709895525393655,75-100%
28.0,10.410020293066545,-17.589979706933455,17.589979706933455,75-100%
28.0,10.422633309331303,-17.577366690668697,17.577366690668697,75-100%
15.0,11.288226946179027,-3.7117730538209734,3.7117730538209734,50-75%
15.0,11.2279827013535,-3.7720172986464995,3.7720172986464995,50-75%
28.0,11.005468788873205,-16.994531211126795,16.994531211126795,75-100%
28.0,11.005468788873205,-16.994531211126795,16.994531211126795,75-100%
28.0,10.975296469024503,-17.024703530975497,17.024703530975497,75-100%
28.0,11.005468788873205,-16.994531211126795,16.994531211126795,75-100%
28.0,10.410020293066545,-17.589979706933455,17.589979706933455,75-100%
16.5,11.507616255380425,-4.992383744619575,4.992383744619575,75-100%
16.5,11.427878950299982,-5.0721210497000175,5.0721210497000175,75-100%
15.0,11.209888269895789,-3.7901117301042113,3.7901117301042113,50-75%
15.0,10.888886453805261,-4.111113546194739,4.111113546194739,50-75%
16.5,10.564167484177059,-5.935832515822941,5.935832515822941,75-100%
16.5,10.638363214146322,-5.861636785853678,5.861636785853678,75-100%
16.5,11.507616255380425,-4.992383744619575,4.992383744619575,75-100%
16.5,11.589079341174038,-4.910920658825962,4.910920658825962,75-100%
16.5,11.139972326061958,-5.360027673938042,5.360027673938042,75-100%
16.5,11.446296432823994,-5.053703567176006,5.053703567176006,75-100%
16.5,10.135150596421632,-6.3648494035783685,6.3648494035783685,75-100%
15.0,11.288226946179027,-3.7117730538209734,3.7117730538209734,50-75%
16.5,10.638363214146322,-5.861636785853678,5.861636785853678,75-100%
16.5,10.527541677603772,-5.972458322396228,5.972458322396228,75-100%
16.5,10.564167484177059,-5.935832515822941,5.935832515822941,75-100%
16.5,10.564167484177059,-5.935832515822941,5.935832515822941,75-100%
16.5,10.638363214146322,-5.861636785853678,5.861636785853678,75-100%
16.5,10.615567738328398,-5.884432261671602,5.884432261671602,75-100%
16.5,10.615567738328398,-5.884432261671602,5.884432261671602,75-100%
18.0,10.206593752874497,-7.793406247125503,7.793406247125503,75-100%
12.0,10.072134591998505,-1.9278654080014945,1.9278654080014945,50-75%
16.5,10.087091729817999,-6.412908270182001,6.412908270182001,75-100%
16.5,10.638363214146322,-5.861636785853678,5.861636785853678,75-100%
16.5,10.551861939545935,-5.948138060454065,5.948138060454065,75-100%
16.5,10.358035853649557,-6.141964146350443,6.141964146350443,75-100%
16.5,9.65562573468948,-6.84437426531052,6.84437426531052,75-100%
18.0,10.20052577308832,-7.799474226911681,7.799474226911681,75-100%
12.0,10.027913274791509,-1.9720867252084915,1.9720867252084915,50-75%
12.0,10.072134591998505,-1.9278654080014945,1.9278654080014945,50-75%
12.0,10.001548626149567,-1.9984513738504326,1.9984513738504326,50-75%
12.0,9.893844770015992,-2.106155229984008,2.106155229984008,50-75%
12.0,9.317768611885356,-2.6822313881146442,2.6822313881146442,50-75%
12.0,9.969281745115545,-2.030718254884455,2.030718254884455,50-75%
13.0,9.931329189197323,-3.0686708108026775,3.0686708108026775,50-75%
15.5,10.305180452788369,-5.194819547211631,5.194819547211631,75-100%
15.333333333333336,9.252951686622035,-6.0803816467113005,6.0803816467113005,75-100%
15.333333333333336,10.264074879177898,-5.069258454155438,5.069258454155438,75-100%
15.333333333333336,10.3492369981374,-4.984096335195936,4.984096335195936,75-100%
15.333333333333336,10.422053733524807,-4.911279599808529,4.911279599808529,75-100%
12.0,9.668181208198233,-2.3318187918017674,2.3318187918017674,50-75%
12.0,9.910297712027546,-2.089702287972454,2.089702287972454,50-75%
12.0,10.027913274791509,-1.9720867252084915,1.9720867252084915,50-75%
16.0,10.027913274791509,-5.9720867252084915,5.9720867252084915,75-100%
12.0,10.06806206219094,-1.9319379378090602,1.9319379378090602,50-75%
13.0,9.722965470777968,-3.277034529222032,3.277034529222032,50-75%
13.0,9.295483665851465,-3.7045163341485345,3.7045163341485345,50-75%
15.5,10.259348102518597,-5.240651897481403,5.240651897481403,75-100%
15.5,10.451490071480134,-5.0485099285198665,5.0485099285198665,75-100%
15.5,10.293150498810704,-5.206849501189296,5.206849501189296,75-100%
15.5,10.322254633882984,-5.177745366117016,5.177745366117016,75-100%
18.0,10.333292702900552,-7.666707297099448,7.666707297099448,75-100%
16.0,8.985615964182562,-7.014384035817438,7.014384035817438,75-100%
16.0,9.367286145265457,-6.6327138547345434,6.6327138547345434,75-100%
16.0,10.027913274791509,-5.9720867252084915,5.9720867252084915,75-100%
16.0,10.06806206219094,-5.93193793780906,5.93193793780906,75-100%
13.0,9.970019672568382,-3.029980327431618,3.029980327431618,50-75%
15.5,10.322254633882984,-5.177745366117016,5.177745366117016,75-100%
16.0,8.734120700809946,-7.265879299190054,7.265879299190054,75-100%
16.0,8.734120700809946,-7.265879299190054,7.265879299190054,75-100%
16.0,9.910297712027546,-6.089702287972454,6.089702287972454,75-100%
16.0,10.096586110752972,-5.9034138892470285,5.9034138892470285,75-100%
20.0,9.906055256214083,-10.093944743785917,10.093944743785917,75-100%
13.0,9.022755497802256,-3.9772445021977436,3.9772445021977436,50-75%
16.0,9.340636780270447,-6.659363219729553,6.659363219729553,75-100%
16.0,9.92758534873441,-6.072414651265589,6.072414651265589,75-100%
20.0,9.906055256214083,-10.093944743785917,10.093944743785917,75-100%
20.0,9.906055256214083,-10.093944743785917,10.093944743785917,75-100%
13.0,8.967324923643947,-4.032675076356053,4.032675076356053,50-75%
16.0,10.470341949688107,-5.529658050311893,5.529658050311893,75-100%
20.0,9.906055256214083,-10.093944743785917,10.093944743785917,75-100%
20.0,9.934161789047064,-10.065838210952936,10.065838210952936,75-100%
13.0,8.91738815183598,-4.082611848164021,4.082611848164021,50-75%
13.0,9.066162051027174,-3.933837948972826,3.933837948972826,50-75%
13.0,9.172114621093325,-3.827885378906675,3.827885378906675,50-75%
13.0,9.172114621093325,-3.827885378906675,3.827885378906675,50-75%
20.0,10.499902733586643,-9.500097266413357,9.500097266413357,75-100%
20.0,10.406612644090353,-9.593387355909647,9.593387355909647,75-100%
20.0,9.501728209355338,-10.498271790644662,10.498271790644662,75-100%
20.0,9.44338052893795,-10.55661947106205,10.55661947106205,75-100%
9.0,10.483389767617911,1.4833897676179113,1.4833897676179113,50-75%
9.0,10.225023306501528,1.2250233065015284,1.2250233065015284,50-75%
9.0,10.28166940141787,1.2816694014178704,1.2816694014178704,50-75%
9.0,10.121970358079498,1.1219703580794977,1.1219703580794977,50-75%
9.0,10.225023306501528,1.2250233065015284,1.2250233065015284,50-75%
9.0,10.121970358079498,1.1219703580794977,1.1219703580794977,50-75%
9.0,10.156395518184139,1.156395518184139,1.156395518184139,50-75%
9.0,10.139886774350494,1.1398867743504937,1.1398867743504937,50-75%
9.0,9.898496491162826,0.8984964911628257,0.8984964911628257,50-75%
9.0,10.37796484856701,1.3779648485670108,1.3779648485670108,50-75%
9.0,10.121970358079498,1.1219703580794977,1.1219703580794977,50-75%
9.0,10.24310573108422,1.2431057310842206,1.2431057310842206,50-75%
9.0,9.506218264024294,0.5062182640242945,0.5062182640242945,50-75%
9.0,10.24310573108422,1.2431057310842206,1.2431057310842206,50-75%
9.0,10.139886774350494,1.1398867743504937,1.1398867743504937,50-75%
9.0,10.595534211139668,1.5955342111396682,1.5955342111396682,50-75%
9.0,10.110135359769881,1.110135359769881,1.110135359769881,50-75%
9.0,10.110135359769881,1.110135359769881,1.110135359769881,50-75%
9.0,10.128032711005684,1.1280327110056838,1.1280327110056838,50-75%
9.0,10.231141831429913,1.2311418314299125,1.2311418314299125,50-75%
9.0,10.24310573108422,1.2431057310842206,1.2431057310842206,50-75%
9.0,10.296850550038599,1.2968505500385987,1.2968505500385987,50-75%
9.0,10.225023306501528,1.2250233065015284,1.2250233065015284,50-75%
9.0,10.241976426491684,1.241976426491684,1.241976426491684,50-75%
9.0,10.241976426491684,1.241976426491684,1.241976426491684,50-75%
9.0,10.110135359769881,1.110135359769881,1.110135359769881,50-75%
9.0,10.139886774350494,1.1398867743504937,1.1398867743504937,50-75%
9.0,10.569809193143392,1.5698091931433922,1.5698091931433922,50-75%
9.0,10.213078648533497,1.2130786485334966,1.2130786485334966,50-75%
9.0,10.241976426491684,1.241976426491684,1.241976426491684,50-75%
9.0,10.121970358079498,1.1219703580794977,1.1219703580794977,50-75%
9.0,10.138767837501948,1.1387678375019483,1.1387678375019483,50-75%
9.0,10.493134273474013,1.4931342734740127,1.4931342734740127,50-75%
9.0,10.241976426491684,1.241976426491684,1.241976426491684,50-75%
9.0,10.225023306501528,1.2250233065015284,1.2250233065015284,50-75%
9.0,10.110135359769881,1.110135359769881,1.110135359769881,50-75%
8.0,9.711592235969075,1.711592235969075,1.711592235969075,25-50%
8.0,9.700193925065117,1.7001939250651166,1.7001939250651166,25-50%
8.0,9.354915840424281,1.3549158404242814,1.3549158404242814,25-50%
8.0,9.345173509731667,1.3451735097316675,1.3451735097316675,25-50%
8.0,9.348387476762436,1.3483874767624364,1.3483874767624364,25-50%
8.0,9.39516191167711,1.3951619116771106,1.3951619116771106,25-50%
8.0,9.38410031740092,1.3841003174009199,1.3841003174009199,25-50%
8.0,9.75531306378668,1.75531306378668,1.75531306378668,25-50%
8.0,9.700193925065117,1.7001939250651166,1.7001939250651166,25-50%
8.0,9.345173509731667,1.3451735097316675,1.3451735097316675,25-50%
8.0,9.345173509731667,1.3451735097316675,1.3451735097316675,25-50%
8.0,9.628981215002526,1.6289812150025256,1.6289812150025256,25-50%
8.0,9.85496867216726,1.85496867216726,1.85496867216726,25-50%
8.0,9.711592235969075,1.711592235969075,1.711592235969075,25-50%
8.0,9.700193925065117,1.7001939250651166,1.7001939250651166,25-50%
8.0,9.371834566555902,1.3718345665559024,1.3718345665559024,25-50%
8.0,9.30512097435674,1.3051209743567398,1.3051209743567398,25-50%
8.0,9.345173509731667,1.3451735097316675,1.3451735097316675,25-50%
8.0,9.364016616213448,1.3640166162134477,1.3640166162134477,25-50%
8.0,9.613252915678151,1.6132529156781512,1.6132529156781512,25-50%
8.0,9.75531306378668,1.75531306378668,1.75531306378668,25-50%
8.0,9.786950541533791,1.7869505415337912,1.7869505415337912,25-50%
8.0,9.886899293598225,1.8868992935982245,1.8868992935982245,25-50%
8.0,9.247860427529208,1.2478604275292078,1.2478604275292078,25-50%
8.0,9.247860427529208,1.2478604275292078,1.2478604275292078,25-50%
8.5,9.358151887453609,0.8581518874536087,0.8581518874536087,50-75%
8.5,9.30512097435674,0.8051209743567398,0.8051209743567398,50-75%
8.5,9.473885316224894,0.9738853162248944,0.9738853162248944,50-75%
8.5,9.85496867216726,1.35496867216726,1.35496867216726,50-75%
8.5,9.85496867216726,1.35496867216726,1.35496867216726,50-75%
8.5,9.790730054692457,1.2907300546924567,1.2907300546924567,50-75%
8.5,9.208184651003583,0.7081846510035827,0.7081846510035827,50-75%
8.5,9.318049104788741,0.8180491047887415,0.8180491047887415,50-75%
8.5,9.358151887453609,0.8581518874536087,0.8581518874536087,50-75%
8.5,9.355803474985317,0.8558034749853167,0.8558034749853167,50-75%
8.5,9.71926851878749,1.2192685187874908,1.2192685187874908,50-75%
9.0,9.763020678402645,0.7630206784026452,0.7630206784026452,50-75%
9.0,9.906306715779175,0.9063067157791753,0.9063067157791753,50-75%
9.0,9.308322498142541,0.308322498142541,0.308322498142541,50-75%
9.0,9.345173509731667,0.3451735097316675,0.3451735097316675,50-75%
8.5,9.38410031740092,0.8841003174009199,0.8841003174009199,50-75%
8.5,9.72239759032215,1.2223975903221493,1.2223975903221493,50-75%
9.0,9.893921752804332,0.8939217528043315,0.8939217528043315,50-75%
9.0,9.790730054692457,0.7907300546924567,0.7907300546924567,50-75%
9.0,9.906306715779175,0.9063067157791753,0.9063067157791753,50-75%
9.0,9.613252915678151,0.6132529156781512,0.6132529156781512,50-75%
9.0,9.763020678402645,0.7630206784026452,0.7630206784026452,50-75%
9.0,9.906306715779175,0.9063067157791753,0.9063067157791753,50-75%
9.0,9.906306715779175,0.9063067157791753,0.9063067157791753,50-75%
9.0,9.906306715779175,0.9063067157791753,0.9063067157791753,50-75%
9.0,9.76186043509382,0.7618604350938192,0.7618604350938192,50-75%
9.0,9.985968926092408,0.9859689260924078,0.9859689260924078,50-75%
9.0,9.806179791071138,0.8061797910711377,0.8061797910711377,50-75%
9.0,9.865918657978002,0.8659186579780016,0.8659186579780016,50-75%
9.0,9.862747703302594,0.8627477033025936,0.8627477033025936,50-75%
9.0,9.652141125694259,0.6521411256942589,0.6521411256942589,50-75%
9.0,9.750840772849218,0.7508407728492177,0.7508407728492177,50-75%
9.0,9.355803474985317,0.3558034749853167,0.3558034749853167,50-75%
9.0,9.481391250368373,0.4813912503683735,0.4813912503683735,50-75%
9.0,9.355803474985317,0.3558034749853167,0.3558034749853167,50-75%
13.0,10.413042828620139,-2.5869571713798614,2.5869571713798614,50-75%
13.0,10.536540583922257,-2.463459416077743,2.463459416077743,50-75%
13.0,10.490443850654083,-2.509556149345917,2.509556149345917,50-75%
13.0,10.413042828620139,-2.5869571713798614,2.5869571713798614,50-75%
13.0,10.536540583922257,-2.463459416077743,2.463459416077743,50-75%
13.0,10.262450162281615,-2.737549837718385,2.737549837718385,50-75%
13.0,10.290826432502183,-2.7091735674978175,2.7091735674978175,50-75%
13.0,10.290826432502183,-2.7091735674978175,2.7091735674978175,50-75%
13.0,10.490443850654083,-2.509556149345917,2.509556149345917,50-75%
13.0,10.490443850654083,-2.509556149345917,2.509556149345917,50-75%
13.0,10.317504846870829,-2.682495153129171,2.682495153129171,50-75%
13.0,10.262450162281615,-2.737549837718385,2.737549837718385,50-75%
13.0,10.290826432502183,-2.7091735674978175,2.7091735674978175,50-75%
13.0,10.262450162281615,-2.737549837718385,2.737549837718385,50-75%
13.0,10.262401237827998,-2.737598762172002,2.737598762172002,50-75%
13.0,10.440279705112896,-2.5597202948871036,2.5597202948871036,50-75%
13.0,10.461565899017009,-2.5384341009829914,2.5384341009829914,50-75%
13.0,10.317504846870829,-2.682495153129171,2.682495153129171,50-75%
13.0,10.317504846870829,-2.682495153129171,2.682495153129171,50-75%
13.0,10.317504846870829,-2.682495153129171,2.682495153129171,50-75%
13.0,10.262450162281615,-2.737549837718385,2.737549837718385,50-75%
13.0,10.262450162281615,-2.737549837718385,2.737549837718385,50-75%
13.0,10.262450162281615,-2.737549837718385,2.737549837718385,50-75%
13.0,10.461565899017009,-2.5384341009829914,2.5384341009829914,50-75%
13.0,9.879535838686094,-3.1204641613139064,3.1204641613139064,50-75%
13.0,10.28906152806886,-2.71093847193114,2.71093847193114,50-75%
13.0,10.231657042203128,-2.7683429577968717,2.7683429577968717,50-75%
13.0,10.290826432502183,-2.7091735674978175,2.7091735674978175,50-75%
13.0,10.290826432502183,-2.7091735674978175,2.7091735674978175,50-75%
13.0,10.262450162281615,-2.737549837718385,2.737549837718385,50-75%
13.0,10.290826432502183,-2.7091735674978175,2.7091735674978175,50-75%
13.0,9.879535838686094,-3.1204641613139064,3.1204641613139064,50-75%
13.0,9.482699189697815,-3.517300810302185,3.517300810302185,50-75%
13.0,10.209467030130142,-2.790532969869858,2.790532969869858,50-75%
13.0,9.431601993033736,-3.568398006966264,3.568398006966264,50-75%
13.0,9.471544446141053,-3.5284555538589473,3.5284555538589473,50-75%
13.0,9.987597120897162,-3.0124028791028383,3.0124028791028383,50-75%
13.0,9.993345847851801,-3.006654152148199,3.006654152148199,50-75%
13.0,10.004191656811058,-2.9958083431889424,2.9958083431889424,50-75%
13.0,10.15647609128651,-2.8435239087134896,2.8435239087134896,50-75%
13.0,9.987597120897162,-3.0124028791028383,3.0124028791028383,50-75%
13.0,9.987597120897162,-3.0124028791028383,3.0124028791028383,50-75%
13.0,9.993345847851801,-3.006654152148199,3.006654152148199,50-75%
13.0,9.886763204980703,-3.113236795019297,3.113236795019297,50-75%
13.0,10.149549220022516,-2.850450779977484,2.850450779977484,50-75%
13.0,10.149549220022516,-2.850450779977484,2.850450779977484,50-75%
13.0,10.137684874774006,-2.8623151252259937,2.8623151252259937,50-75%
13.0,9.911638617164396,-3.088361382835604,3.088361382835604,50-75%
13.0,9.463404460985384,-3.536595539014616,3.536595539014616,50-75%
13.0,9.981647720151626,-3.018352279848374,3.018352279848374,50-75%
13.0,10.056134955511851,-2.943865044488149,2.943865044488149,50-75%
13.0,10.093201754404888,-2.9067982455951125,2.9067982455951125,50-75%
13.0,10.137684874774006,-2.8623151252259937,2.8623151252259937,50-75%
13.0,10.066681019313725,-2.933318980686275,2.933318980686275,50-75%
13.0,9.59693374409306,-3.403066255906939,3.403066255906939,50-75%
13.0,9.83864309571732,-3.1613569042826803,3.1613569042826803,50-75%
13.0,10.084628266139074,-2.915371733860926,2.915371733860926,50-75%
13.0,10.093201754404888,-2.9067982455951125,2.9067982455951125,50-75%
13.0,9.9731604475001,-3.0268395524999008,3.0268395524999008,50-75%
13.0,9.436897942891742,-3.5631020571082583,3.5631020571082583,50-75%
13.0,9.242187587289425,-3.7578124127105745,3.7578124127105745,50-75%
13.0,9.215859791226258,-3.784140208773742,3.784140208773742,50-75%
13.0,8.867916130723488,-4.132083869276512,4.132083869276512,50-75%
13.0,8.867916130723488,-4.132083869276512,4.132083869276512,50-75%
7.0,9.518882708562753,2.518882708562753,2.518882708562753,25-50%
7.0,9.518882708562753,2.518882708562753,2.518882708562753,25-50%
7.0,9.52309059589056,2.52309059589056,2.52309059589056,25-50%
7.0,9.538983588953307,2.5389835889533074,2.5389835889533074,25-50%
7.0,9.538983588953307,2.5389835889533074,2.5389835889533074,25-50%
7.0,9.518882708562753,2.518882708562753,2.518882708562753,25-50%
7.0,10.412388302511616,3.4123883025116157,3.4123883025116157,25-50%
7.0,9.911535489149887,2.9115354891498875,2.9115354891498875,25-50%
7.0,9.511892871440248,2.5118928714402475,2.5118928714402475,25-50%
7.666666666666668,9.538983588953307,1.8723169222866396,1.8723169222866396,25-50%
7.666666666666668,9.530087878890892,1.8634212122242246,1.8634212122242246,25-50%
7.0,9.545991439929766,2.5459914399297663,2.5459914399297663,25-50%
7.0,10.451990224215038,3.451990224215038,3.451990224215038,25-50%
7.666666666666668,9.946930421799312,2.280263755132644,2.280263755132644,25-50%
7.666666666666668,9.538983588953307,1.8723169222866396,1.8723169222866396,25-50%
7.666666666666668,9.52309059589056,1.856423929223892,1.856423929223892,25-50%
7.666666666666668,9.518882708562753,1.8522160418960851,1.8522160418960851,25-50%
7.666666666666668,9.52309059589056,1.856423929223892,1.856423929223892,25-50%
8.0,9.16160004117746,1.1616000411774596,1.1616000411774596,25-50%
7.666666666666668,9.939656145361425,2.2729894786947575,2.2729894786947575,25-50%
7.666666666666668,9.511892871440248,1.8452262047735797,1.8452262047735797,25-50%
7.666666666666668,9.511892871440248,1.8452262047735797,1.8452262047735797,25-50%
7.666666666666668,9.518882708562753,1.8522160418960851,1.8522160418960851,25-50%
7.666666666666668,9.16160004117746,1.4949333745107918,1.4949333745107918,25-50%
7.666666666666668,9.16160004117746,1.4949333745107918,1.4949333745107918,25-50%
9.0,9.16160004117746,0.16160004117745963,0.16160004117745963,50-75%
7.666666666666668,9.939656145361425,2.2729894786947575,2.2729894786947575,25-50%
7.666666666666668,9.911535489149887,2.2448688224832196,2.2448688224832196,25-50%
7.666666666666668,9.52309059589056,1.856423929223892,1.856423929223892,25-50%
7.666666666666668,9.168356952616772,1.5016902859501045,1.5016902859501045,25-50%
7.666666666666668,9.16160004117746,1.4949333745107918,1.4949333745107918,25-50%
8.0,9.16160004117746,1.1616000411774596,1.1616000411774596,25-50%
9.0,9.168356952616772,0.1683569526167723,0.1683569526167723,50-75%
7.0,10.160525792785537,3.1605257927855366,3.1605257927855366,25-50%
8.0,10.135725668955002,2.1357256689550024,2.1357256689550024,25-50%
7.666666666666668,9.939656145361425,2.2729894786947575,2.2729894786947575,25-50%
7.666666666666668,10.456260967276316,2.7895943006096484,2.7895943006096484,25-50%
7.666666666666668,10.05164929070665,2.3849826240399814,2.3849826240399814,25-50%
8.0,9.168356952616772,1.1683569526167723,1.1683569526167723,25-50%
8.0,9.16160004117746,1.1616000411774596,1.1616000411774596,25-50%
8.0,9.168356952616772,1.1683569526167723,1.1683569526167723,25-50%
9.0,9.168356952616772,0.1683569526167723,0.1683569526167723,50-75%
7.0,10.160525792785537,3.1605257927855366,3.1605257927855366,25-50%
8.0,10.044305428186515,2.044305428186515,2.044305428186515,25-50%
8.0,10.301020986622941,2.301020986622941,2.301020986622941,25-50%
8.0,9.672001620073427,1.6720016200734271,1.6720016200734271,25-50%
8.0,9.135005674273568,1.1350056742735681,1.1350056742735681,25-50%
9.0,9.168356952616772,0.1683569526167723,0.1683569526167723,50-75%
9.0,10.032553073894496,1.032553073894496,1.032553073894496,50-75%
9.0,9.960822641315485,0.9608226413154846,0.9608226413154846,50-75%
9.0,9.672001620073427,0.6720016200734271,0.6720016200734271,50-75%
13.0,10.294077993056595,-2.705922006943405,2.705922006943405,50-75%
13.0,9.612962461257782,-3.3870375387422182,3.3870375387422182,50-75%
13.0,8.879820816041647,-4.120179183958353,4.120179183958353,50-75%
13.0,10.294077993056595,-2.705922006943405,2.705922006943405,50-75%
13.0,10.265046286735213,-2.7349537132647868,2.7349537132647868,50-75%
13.0,9.624267849421082,-3.3757321505789175,3.3757321505789175,50-75%
13.0,10.026756930244701,-2.9732430697552985,2.9732430697552985,50-75%
13.0,9.78811525491745,-3.21188474508255,3.21188474508255,50-75%
13.0,9.815917838756878,-3.184082161243122,3.184082161243122,50-75%
13.0,10.368468758800624,-2.631531241199376,2.631531241199376,50-75%
13.0,10.294077993056595,-2.705922006943405,2.705922006943405,50-75%
13.0,9.840474878783159,-3.1595251212168414,3.1595251212168414,50-75%
13.0,9.226831367660004,-3.7731686323399956,3.7731686323399956,50-75%
13.0,10.026756930244701,-2.9732430697552985,2.9732430697552985,50-75%
13.0,8.879820816041647,-4.120179183958353,4.120179183958353,50-75%
13.0,9.815917838756878,-3.184082161243122,3.184082161243122,50-75%
13.0,8.729768376924486,-4.270231623075514,4.270231623075514,50-75%
13.0,9.042516413924112,-3.957483586075888,3.957483586075888,50-75%
13.0,9.09837029718466,-3.90162970281534,3.90162970281534,50-75%
13.0,8.729768376924486,-4.270231623075514,4.270231623075514,50-75%
13.0,9.612962461257782,-3.3870375387422182,3.3870375387422182,50-75%
13.0,8.719414834468743,-4.280585165531257,4.280585165531257,50-75%
13.0,8.740203244982647,-4.259796755017353,4.259796755017353,50-75%
13.0,9.09837029718466,-3.90162970281534,3.90162970281534,50-75%
13.0,8.729768376924486,-4.270231623075514,4.270231623075514,50-75%
13.0,8.729768376924486,-4.270231623075514,4.270231623075514,50-75%
13.0,10.13319080620132,-2.86680919379868,2.86680919379868,50-75%
13.0,10.183893509492922,-2.816106490507078,2.816106490507078,50-75%
13.0,8.719414834468743,-4.280585165531257,4.280585165531257,50-75%
25.0,9.140452288876913,-15.859547711123087,15.859547711123087,75-100%
25.0,8.52534906756718,-16.47465093243282,16.47465093243282,75-100%
25.0,8.23215994004248,-16.76784005995752,16.76784005995752,75-100%
25.0,9.140452288876913,-15.859547711123087,15.859547711123087,75-100%
25.0,7.916721512479805,-17.083278487520197,17.083278487520197,75-100%
25.0,9.174522885799638,-15.825477114200362,15.825477114200362,75-100%
25.0,10.971720777694529,-14.028279222305471,14.028279222305471,75-100%
25.0,9.319002331303603,-15.680997668696397,15.680997668696397,75-100%
25.0,8.23215994004248,-16.76784005995752,16.76784005995752,75-100%
25.0,9.238046220858195,-15.761953779141805,15.761953779141805,75-100%
25.0,7.941733997264738,-17.058266002735262,17.058266002735262,75-100%
25.0,7.916721512479805,-17.083278487520197,17.083278487520197,75-100%
25.0,8.966429380819493,-16.03357061918051,16.03357061918051,75-100%
25.0,9.784506576259565,-15.215493423740435,15.215493423740435,75-100%
25.0,10.97166877214605,-14.02833122785395,14.02833122785395,75-100%
25.0,10.94948713422163,-14.05051286577837,14.05051286577837,75-100%
25.0,10.97166877214605,-14.02833122785395,14.02833122785395,75-100%
25.0,8.957823185494416,-16.042176814505584,16.042176814505584,75-100%
25.0,10.55851537774701,-14.44148462225299,14.44148462225299,75-100%
25.0,9.860923528538448,-15.139076471461552,15.139076471461552,75-100%
25.0,9.835666384940682,-15.164333615059318,15.164333615059318,75-100%
25.0,10.594691376002377,-14.405308623997623,14.405308623997623,75-100%
25.0,10.971720777694529,-14.028279222305471,14.028279222305471,75-100%
25.0,10.971720777694529,-14.028279222305471,14.028279222305471,75-100%
25.0,10.558565588535771,-14.441434411464229,14.441434411464229,75-100%
25.0,10.023251968807116,-14.976748031192884,14.976748031192884,75-100%
25.0,9.973180904860339,-15.026819095139661,15.026819095139661,75-100%
25.0,10.594691376002377,-14.405308623997623,14.405308623997623,75-100%
25.0,11.094482634430895,-13.905517365569105,13.905517365569105,75-100%
25.0,10.99228030927392,-14.00771969072608,14.00771969072608,75-100%
25.0,9.973180904860339,-15.026819095139661,15.026819095139661,75-100%
25.0,10.001460430512747,-14.998539569487253,14.998539569487253,75-100%
25.0,10.99228030927392,-14.00771969072608,14.00771969072608,75-100%
25.0,10.594691376002377,-14.405308623997623,14.405308623997623,75-100%
33.0,12.04655074401176,-20.95344925598824,20.95344925598824,75-100%
33.0,11.977601735793614,-21.022398264206387,21.022398264206387,75-100%
33.0,10.094966969767292,-22.90503303023271,22.90503303023271,75-100%
33.0,10.193070889506814,-22.806929110493186,22.806929110493186,75-100%
33.0,10.773313617505208,-22.22668638249479,22.22668638249479,75-100%
33.0,10.773313617505208,-22.22668638249479,22.22668638249479,75-100%
33.0,10.773313617505208,-22.22668638249479,22.22668638249479,75-100%
33.0,10.773313617505208,-22.22668638249479,22.22668638249479,75-100%
33.0,10.597482065292834,-22.402517934707166,22.402517934707166,75-100%
33.0,10.773313617505208,-22.22668638249479,22.22668638249479,75-100%
33.0,10.597482065292834,-22.402517934707166,22.402517934707166,75-100%
33.0,10.597482065292834,-22.402517934707166,22.402517934707166,75-100%
33.0,10.597482065292834,-22.402517934707166,22.402517934707166,75-100%
33.0,12.622507564877719,-20.37749243512228,20.37749243512228,75-100%
33.0,10.597482065292834,-22.402517934707166,22.402517934707166,75-100%
33.0,10.597482065292834,-22.402517934707166,22.402517934707166,75-100%
33.0,10.597482065292834,-22.402517934707166,22.402517934707166,75-100%
33.0,12.622507564877719,-20.37749243512228,20.37749243512228,75-100%
33.0,10.597482065292834,-22.402517934707166,22.402517934707166,75-100%
33.0,10.597482065292834,-22.402517934707166,22.402517934707166,75-100%
33.0,10.597482065292834,-22.402517934707166,22.402517934707166,75-100%
33.0,12.622507564877719,-20.37749243512228,20.37749243512228,75-100%
33.0,10.597482065292834,-22.402517934707166,22.402517934707166,75-100%
33.0,10.597482065292834,-22.402517934707166,22.402517934707166,75-100%
11.0,9.674504102088415,-1.3254958979115852,1.3254958979115852,50-75%
11.0,9.768890204953257,-1.2311097950467431,1.2311097950467431,50-75%
11.0,9.768890204953257,-1.2311097950467431,1.2311097950467431,50-75%
11.0,9.659242624161989,-1.3407573758380114,1.3407573758380114,50-75%
11.0,11.336681248448603,0.3366812484486026,0.3366812484486026,50-75%
11.0,9.674504102088415,-1.3254958979115852,1.3254958979115852,50-75%
11.0,11.222904852080353,0.2229048520803527,0.2229048520803527,50-75%
11.0,11.205429605379166,0.205429605379166,0.205429605379166,50-75%
11.0,11.205429605379166,0.205429605379166,0.205429605379166,50-75%
11.0,11.222904852080353,0.2229048520803527,0.2229048520803527,50-75%
11.0,11.336681248448603,0.3366812484486026,0.3366812484486026,50-75%
11.0,11.222904852080353,0.2229048520803527,0.2229048520803527,50-75%
11.0,9.674504102088415,-1.3254958979115852,1.3254958979115852,50-75%
11.0,11.205429605379166,0.205429605379166,0.205429605379166,50-75%
11.0,11.21107060258435,0.21107060258434984,0.21107060258434984,50-75%
11.0,11.02957058765599,0.0295705876559893,0.0295705876559893,50-75%
11.0,11.222904852080353,0.2229048520803527,0.2229048520803527,50-75%
11.0,11.222904852080353,0.2229048520803527,0.2229048520803527,50-75%
11.0,9.674504102088415,-1.3254958979115852,1.3254958979115852,50-75%
11.0,9.639492707509783,-1.360507292490217,1.360507292490217,50-75%
11.0,11.21107060258435,0.21107060258434984,0.21107060258434984,50-75%
11.0,9.674504102088415,-1.3254958979115852,1.3254958979115852,50-75%
11.0,9.639492707509783,-1.360507292490217,1.360507292490217,50-75%
11.0,11.182814845033606,0.18281484503360623,0.18281484503360623,50-75%
11.0,10.867559717184372,-0.1324402828156277,0.1324402828156277,50-75%
11.0,9.639492707509783,-1.360507292490217,1.360507292490217,50-75%
11.0,11.205429605379166,0.205429605379166,0.205429605379166,50-75%
11.0,10.754505561598435,-0.2454944384015647,0.2454944384015647,50-75%
13.0,10.40916911787123,-2.5908308821287704,2.5908308821287704,50-75%
13.0,11.014220904213282,-1.985779095786718,1.985779095786718,50-75%
13.0,11.743761359040969,-1.2562386409590314,1.2562386409590314,50-75%
13.0,10.405247943898898,-2.594752056101102,2.594752056101102,50-75%
13.0,10.40916911787123,-2.5908308821287704,2.5908308821287704,50-75%
13.0,11.014220904213282,-1.985779095786718,1.985779095786718,50-75%
13.0,11.660381344424405,-1.3396186555755953,1.3396186555755953,50-75%
13.0,10.50759174487208,-2.49240825512792,2.49240825512792,50-75%
13.0,10.38178320649834,-2.6182167935016594,2.6182167935016594,50-75%
13.0,11.638621497557137,-1.3613785024428626,1.3613785024428626,50-75%
13.0,11.06632638880225,-1.9336736111977508,1.9336736111977508,50-75%
13.0,10.780486423866867,-2.2195135761331333,2.2195135761331333,50-75%
13.0,11.260352710859731,-1.7396472891402688,1.7396472891402688,50-75%
13.0,11.07919481484997,-1.92080518515003,1.92080518515003,50-75%
13.0,10.50759174487208,-2.49240825512792,2.49240825512792,50-75%
13.0,11.660381344424405,-1.3396186555755953,1.3396186555755953,50-75%
13.0,9.960892766982482,-3.0391072330175177,3.0391072330175177,50-75%
13.0,10.437922877622297,-2.562077122377703,2.562077122377703,50-75%
13.0,11.239280407406213,-1.7607195925937873,1.7607195925937873,50-75%
13.0,11.260352710859731,-1.7396472891402688,1.7396472891402688,50-75%
13.0,11.260352710859731,-1.7396472891402688,1.7396472891402688,50-75%
13.0,11.260352710859731,-1.7396472891402688,1.7396472891402688,50-75%
13.0,10.38178320649834,-2.6182167935016594,2.6182167935016594,50-75%
13.0,10.780486423866867,-2.2195135761331333,2.2195135761331333,50-75%
13.0,10.780486423866867,-2.2195135761331333,2.2195135761331333,50-75%
13.0,11.260352710859731,-1.7396472891402688,1.7396472891402688,50-75%
13.0,11.011748252937732,-1.988251747062268,1.988251747062268,50-75%
13.0,10.911744042340482,-2.088255957659518,2.088255957659518,50-75%
13.0,11.260352710859731,-1.7396472891402688,1.7396472891402688,50-75%
13.0,10.573013059826419,-2.426986940173581,2.426986940173581,50-75%
7.0,8.973432725153994,1.9734327251539945,1.9734327251539945,25-50%
7.0,9.629363288216167,2.629363288216167,2.629363288216167,25-50%
7.0,10.004247988521142,3.0042479885211417,3.0042479885211417,25-50%
6.0,9.86927154097705,3.8692715409770493,3.8692715409770493,25-50%
6.0,10.23197169598797,4.231971695987969,4.231971695987969,25-50%
7.0,11.096849906767511,4.0968499067675115,4.0968499067675115,25-50%
7.0,10.26293486124937,3.26293486124937,3.26293486124937,25-50%
7.0,10.304212164480115,3.3042121644801146,3.3042121644801146,25-50%
7.0,10.223136114685264,3.223136114685264,3.223136114685264,25-50%
7.0,10.297179944556987,3.297179944556987,3.297179944556987,25-50%
4.0,10.233359393994455,6.233359393994455,6.233359393994455,0-25%
4.0,10.233359393994455,6.233359393994455,6.233359393994455,0-25%
4.0,10.014271880205664,6.014271880205664,6.014271880205664,0-25%
6.0,9.108113732245796,3.108113732245796,3.108113732245796,25-50%
6.0,10.187112000768293,4.187112000768293,4.187112000768293,25-50%
7.0,10.291961126112007,3.2919611261120068,3.2919611261120068,25-50%
7.0,10.291961126112007,3.2919611261120068,3.2919611261120068,25-50%
7.0,10.26293486124937,3.26293486124937,3.26293486124937,25-50%
7.0,10.291961126112007,3.2919611261120068,3.2919611261120068,25-50%
7.0,10.413115395503619,3.4131153955036186,3.4131153955036186,25-50%
7.0,10.472227153289815,3.472227153289815,3.472227153289815,25-50%
7.0,10.472227153289815,3.472227153289815,3.472227153289815,25-50%
7.0,10.501792795639522,3.5017927956395223,3.5017927956395223,25-50%
4.0,10.278404538681759,6.278404538681759,6.278404538681759,0-25%
4.0,10.278404538681759,6.278404538681759,6.278404538681759,0-25%
4.0,10.249413121361808,6.249413121361808,6.249413121361808,0-25%
4.0,10.278404538681759,6.278404538681759,6.278404538681759,0-25%
4.0,10.014271880205664,6.014271880205664,6.014271880205664,0-25%
4.0,9.45888449038004,5.45888449038004,5.45888449038004,0-25%
6.0,9.108113732245796,3.108113732245796,3.108113732245796,25-50%
6.0,9.198635755901178,3.1986357559011775,3.1986357559011775,25-50%
6.0,9.629414479082321,3.629414479082321,3.629414479082321,25-50%
6.0,10.249928189243974,4.249928189243974,4.249928189243974,25-50%
7.0,10.26293486124937,3.26293486124937,3.26293486124937,25-50%
7.0,10.26293486124937,3.26293486124937,3.26293486124937,25-50%
7.0,10.413115395503619,3.4131153955036186,3.4131153955036186,25-50%
7.0,10.413115395503619,3.4131153955036186,3.4131153955036186,25-50%
7.0,10.413115395503619,3.4131153955036186,3.4131153955036186,25-50%
7.0,10.413115395503619,3.4131153955036186,3.4131153955036186,25-50%
7.0,10.501792795639522,3.5017927956395223,3.5017927956395223,25-50%
4.0,10.278404538681759,6.278404538681759,6.278404538681759,0-25%
4.0,10.278404538681759,6.278404538681759,6.278404538681759,0-25%
4.0,10.278404538681759,6.278404538681759,6.278404538681759,0-25%
4.0,10.278404538681759,6.278404538681759,6.278404538681759,0-25%
4.0,10.233359393994455,6.233359393994455,6.233359393994455,0-25%
13.0,8.765715550278527,-4.234284449721473,4.234284449721473,50-75%
13.0,8.765715550278527,-4.234284449721473,4.234284449721473,50-75%
6.0,9.364173598049756,3.3641735980497565,3.3641735980497565,25-50%
6.0,9.371515535940313,3.371515535940313,3.371515535940313,25-50%
6.0,9.629414479082321,3.629414479082321,3.629414479082321,25-50%
6.0,10.0305175293659,4.0305175293659,4.0305175293659,25-50%
6.0,10.0305175293659,4.0305175293659,4.0305175293659,25-50%
6.0,10.249928189243974,4.249928189243974,4.249928189243974,25-50%
7.0,9.406888104302618,2.4068881043026185,2.4068881043026185,25-50%
7.0,9.385423274946657,2.385423274946657,2.385423274946657,25-50%
7.0,9.392780266020807,2.3927802660208073,2.3927802660208073,25-50%
7.0,10.157920392633907,3.1579203926339066,3.1579203926339066,25-50%
7.0,10.41839020795431,3.4183902079543103,3.4183902079543103,25-50%
7.0,10.354633378637168,3.3546333786371676,3.3546333786371676,25-50%
4.0,10.278404538681759,6.278404538681759,6.278404538681759,0-25%
4.0,10.278404538681759,6.278404538681759,6.278404538681759,0-25%
4.0,10.233359393994455,6.233359393994455,6.233359393994455,0-25%
4.0,9.985959422405516,5.985959422405516,5.985959422405516,0-25%
4.0,9.924617155498975,5.924617155498975,5.924617155498975,0-25%
13.0,9.185297780210163,-3.8147022197898366,3.8147022197898366,50-75%
13.0,8.90325122271263,-4.09674877728737,4.09674877728737,50-75%
13.0,8.90325122271263,-4.09674877728737,4.09674877728737,50-75%
13.0,8.765715550278527,-4.234284449721473,4.234284449721473,50-75%
13.0,9.108113732245796,-3.891886267754204,3.891886267754204,50-75%
13.0,9.108113732245796,-3.891886267754204,3.891886267754204,50-75%
6.0,9.108113732245796,3.108113732245796,3.108113732245796,25-50%
6.0,9.670727434116776,3.6707274341167757,3.6707274341167757,25-50%
6.0,10.0305175293659,4.0305175293659,4.0305175293659,25-50%
6.0,10.0305175293659,4.0305175293659,4.0305175293659,25-50%
7.0,8.577469597040613,1.5774695970406132,1.5774695970406132,25-50%
7.0,8.577469597040613,1.5774695970406132,1.5774695970406132,25-50%
7.0,8.913267640818365,1.9132676408183649,1.9132676408183649,25-50%
4.0,10.186599808869033,6.186599808869033,6.186599808869033,0-25%
4.0,10.278404538681759,6.278404538681759,6.278404538681759,0-25%
4.0,9.417857789428513,5.417857789428513,5.417857789428513,0-25%
4.0,9.45888449038004,5.45888449038004,5.45888449038004,0-25%
4.0,9.627622710055673,5.6276227100556735,5.6276227100556735,0-25%
13.0,9.108113732245796,-3.891886267754204,3.891886267754204,50-75%
13.0,9.108113732245796,-3.891886267754204,3.891886267754204,50-75%
6.0,9.527017080736368,3.5270170807363677,3.5270170807363677,25-50%
6.0,10.0305175293659,4.0305175293659,4.0305175293659,25-50%
4.0,10.233359393994455,6.233359393994455,6.233359393994455,0-25%
4.0,10.233359393994455,6.233359393994455,6.233359393994455,0-25%
4.0,9.41048304611568,5.410483046115679,5.410483046115679,0-25%
13.0,9.446204561935732,-3.5537954380642685,3.5537954380642685,50-75%
13.0,9.108113732245796,-3.891886267754204,3.891886267754204,50-75%
13.0,9.108113732245796,-3.891886267754204,3.891886267754204,50-75%
13.0,9.33497553533685,-3.6650244646631496,3.6650244646631496,50-75%
13.0,9.15911622080065,-3.84088377919935,3.84088377919935,50-75%
13.0,9.108113732245796,-3.891886267754204,3.891886267754204,50-75%
13.0,9.108113732245796,-3.891886267754204,3.891886267754204,50-75%
13.0,9.108113732245796,-3.891886267754204,3.891886267754204,50-75%
13.0,8.765715550278527,-4.234284449721473,4.234284449721473,50-75%
13.0,8.663996025909288,-4.336003974090712,4.336003974090712,50-75%
13.0,8.765715550278527,-4.234284449721473,4.234284449721473,50-75%
13.0,8.765715550278527,-4.234284449721473,4.234284449721473,50-75%
13.0,8.765715550278527,-4.234284449721473,4.234284449721473,50-75%
10.0,10.26293486124937,0.26293486124937004,0.26293486124937004,50-75%
10.0,10.200046047460319,0.20004604746031873,0.20004604746031873,50-75%
10.0,10.200046047460319,0.20004604746031873,0.20004604746031873,50-75%
10.0,10.205222385409439,0.2052223854094386,0.2052223854094386,50-75%
10.0,10.241092870743469,0.24109287074346852,0.24109287074346852,50-75%
10.0,10.298990097447504,0.29899009744750416,0.29899009744750416,50-75%
10.0,10.26293486124937,0.26293486124937004,0.26293486124937004,50-75%
10.0,10.200046047460319,0.20004604746031873,0.20004604746031873,50-75%
10.0,10.291961126112007,0.29196112611200675,0.29196112611200675,50-75%
10.0,10.268140264592688,0.268140264592688,0.268140264592688,50-75%
10.0,10.304212164480115,0.30421216448011457,0.30421216448011457,50-75%
10.0,10.304212164480115,0.30421216448011457,0.30421216448011457,50-75%
10.0,10.26293486124937,0.26293486124937004,0.26293486124937004,50-75%
10.0,10.291961126112007,0.29196112611200675,0.29196112611200675,50-75%
10.0,10.304212164480115,0.30421216448011457,0.30421216448011457,50-75%
10.0,10.259063945972915,0.2590639459729154,0.2590639459729154,50-75%
10.0,10.280366441742913,0.28036644174291325,0.28036644174291325,50-75%
10.0,9.49273742636311,-0.5072625736368899,0.5072625736368899,50-75%
10.0,10.235899962150043,0.23589996215004305,0.23589996215004305,50-75%
10.0,10.304212164480115,0.30421216448011457,0.30421216448011457,50-75%
10.0,10.004247988521142,0.004247988521141721,0.004247988521141721,50-75%
10.0,9.385423274946657,-0.6145767250533432,0.6145767250533432,50-75%
10.0,9.109702196769476,-0.8902978032305242,0.8902978032305242,50-75%
10.0,10.241092870743469,0.24109287074346852,0.24109287074346852,50-75%
10.0,10.304212164480115,0.30421216448011457,0.30421216448011457,50-75%
8.0,9.787776828364894,1.787776828364894,1.787776828364894,25-50%
8.0,8.973432725153994,0.9734327251539945,0.9734327251539945,25-50%
8.0,10.004247988521142,2.0042479885211417,2.0042479885211417,25-50%
8.0,9.942803603805782,1.9428036038057819,1.9428036038057819,25-50%
8.0,9.629363288216167,1.629363288216167,1.629363288216167,25-50%
8.0,9.629363288216167,1.629363288216167,1.629363288216167,25-50%
6.0,9.385423274946657,3.385423274946657,3.385423274946657,25-50%
6.0,8.973432725153994,2.9734327251539945,2.9734327251539945,25-50%
6.0,10.032607578686926,4.032607578686926,4.032607578686926,25-50%
6.0,9.385423274946657,3.385423274946657,3.385423274946657,25-50%
6.0,9.433708208851977,3.433708208851977,3.433708208851977,25-50%
6.0,9.977834026467859,3.9778340264678587,3.9778340264678587,25-50%
6.0,10.223136114685264,4.223136114685264,4.223136114685264,25-50%
6.0,8.973432725153994,2.9734327251539945,2.9734327251539945,25-50%
6.0,8.973432725153994,2.9734327251539945,2.9734327251539945,25-50%
6.0,9.392780266020807,3.3927802660208073,3.3927802660208073,25-50%
6.0,10.223136114685264,4.223136114685264,4.223136114685264,25-50%
6.0,10.268140264592688,4.268140264592688,4.268140264592688,25-50%
6.0,10.004247988521142,4.004247988521142,4.004247988521142,25-50%
6.0,9.817928184102264,3.8179281841022643,3.8179281841022643,25-50%
6.0,10.235899962150043,4.235899962150043,4.235899962150043,25-50%
6.0,10.297179944556987,4.297179944556987,4.297179944556987,25-50%
6.0,10.223264637893239,4.223264637893239,4.223264637893239,25-50%
6.0,10.230250847334574,4.230250847334574,4.230250847334574,25-50%
6.0,10.223136114685264,4.223136114685264,4.223136114685264,25-50%
6.0,10.298990097447504,4.298990097447504,4.298990097447504,25-50%
6.0,10.218079965187965,4.218079965187965,4.218079965187965,25-50%
6.0,10.218079965187965,4.218079965187965,4.218079965187965,25-50%
11.0,8.061533703701922,-2.9384662962980777,2.9384662962980777,50-75%
11.0,7.648579116128221,-3.3514208838717794,3.3514208838717794,50-75%
11.0,7.3979734153415375,-3.6020265846584625,3.6020265846584625,50-75%
11.0,7.134142312781101,-3.8658576872188988,3.8658576872188988,50-75%
11.0,8.335637971784637,-2.664362028215363,2.664362028215363,50-75%
11.0,8.061533703701922,-2.9384662962980777,2.9384662962980777,50-75%
11.0,7.710803646847441,-3.289196353152559,3.289196353152559,50-75%
11.0,7.440702180097964,-3.559297819902036,3.559297819902036,50-75%
11.0,7.3979734153415375,-3.6020265846584625,3.6020265846584625,50-75%
11.0,7.982653294039965,-3.017346705960035,3.017346705960035,50-75%
11.0,8.335637971784637,-2.664362028215363,2.664362028215363,50-75%
13.0,8.077134897693943,-4.922865102306057,4.922865102306057,50-75%
13.0,7.710803646847441,-5.289196353152559,5.289196353152559,50-75%
13.0,7.3979734153415375,-5.6020265846584625,5.6020265846584625,50-75%
13.0,8.062954109621142,-4.937045890378858,4.937045890378858,50-75%
11.0,10.008547345770094,-0.9914526542299065,0.9914526542299065,50-75%
11.0,11.659091694475997,0.6590916944759968,0.6590916944759968,50-75%
11.0,8.731089078729623,-2.2689109212703773,2.2689109212703773,50-75%
13.0,8.289972876973422,-4.7100271230265776,4.7100271230265776,50-75%
13.0,8.061533703701922,-4.938466296298078,4.938466296298078,50-75%
13.0,7.3979734153415375,-5.6020265846584625,5.6020265846584625,50-75%
13.0,8.01229352573988,-4.98770647426012,4.98770647426012,50-75%
13.0,8.062954109621142,-4.937045890378858,4.937045890378858,50-75%
19.33333333333333,9.165302100363242,-10.168031232970087,10.168031232970087,75-100%
21.5,10.075577576937196,-11.424422423062804,11.424422423062804,75-100%
21.66666666666667,11.32156683337774,-10.34509983328893,10.34509983328893,75-100%
27.0,11.322841810151749,-15.677158189848251,15.677158189848251,75-100%
27.0,11.345716500267098,-15.654283499732902,15.654283499732902,75-100%
22.0,10.691736749598604,-11.308263250401396,11.308263250401396,75-100%
15.0,8.077134897693943,-6.922865102306057,6.922865102306057,50-75%
13.0,8.061533703701922,-4.938466296298078,4.938466296298078,50-75%
13.0,7.3979734153415375,-5.6020265846584625,5.6020265846584625,50-75%
13.0,9.594865074894443,-3.405134925105557,3.405134925105557,50-75%
13.0,11.6221886360617,-1.3778113639382994,1.3778113639382994,50-75%
19.33333333333333,11.017359311820051,-8.315974021513277,8.315974021513277,75-100%
19.33333333333333,10.832641814011925,-8.500691519321403,8.500691519321403,75-100%
20.0,11.690273845688017,-8.309726154311983,8.309726154311983,75-100%
27.0,11.3670257769374,-15.6329742230626,15.6329742230626,75-100%
27.0,11.34577013069826,-15.65422986930174,15.65422986930174,75-100%
27.0,10.862892720961462,-16.13710727903854,16.13710727903854,75-100%
22.0,10.248054612228366,-11.751945387771634,11.751945387771634,75-100%
22.0,9.840984130101667,-12.159015869898333,12.159015869898333,75-100%
18.5,8.061533703701922,-10.438466296298078,10.438466296298078,75-100%
16.0,9.129876994445551,-6.870123005554449,6.870123005554449,75-100%
13.0,11.622243467502122,-1.3777565324978784,1.3777565324978784,50-75%
13.0,11.643975116402856,-1.3560248835971436,1.3560248835971436,50-75%
20.0,10.998980597446284,-9.001019402553716,9.001019402553716,75-100%
21.4,10.960691681724914,-10.439308318275085,10.439308318275085,75-100%
27.0,11.841262144954468,-15.158737855045532,15.158737855045532,75-100%
27.0,10.951528273487993,-16.048471726512005,16.048471726512005,75-100%
27.0,10.801844138511498,-16.1981558614885,16.1981558614885,75-100%
27.0,10.801844138511498,-16.1981558614885,16.1981558614885,75-100%
27.0,10.617295959121732,-16.382704040878266,16.382704040878266,75-100%
22.0,10.501954444244209,-11.498045555755791,11.498045555755791,75-100%
22.0,11.208599947922606,-10.791400052077394,10.791400052077394,75-100%
18.5,10.735517085245906,-7.764482914754094,7.764482914754094,75-100%
18.5,11.51557765968389,-6.98442234031611,6.98442234031611,75-100%
18.5,11.598801686132859,-6.901198313867141,6.901198313867141,75-100%
18.5,11.643975116402856,-6.856024883597144,6.856024883597144,75-100%
24.0,10.984134051010088,-13.015865948989912,13.015865948989912,75-100%
27.0,11.134190682420165,-15.865809317579835,15.865809317579835,75-100%
27.0,10.918901479116514,-16.081098520883486,16.081098520883486,75-100%
27.0,10.951528273487993,-16.048471726512005,16.048471726512005,75-100%
27.0,10.869064622867882,-16.13093537713212,16.13093537713212,75-100%
22.0,10.421378344149579,-11.578621655850421,11.578621655850421,75-100%
22.0,10.27340994673812,-11.72659005326188,11.72659005326188,75-100%
22.0,10.336710702458568,-11.663289297541432,11.663289297541432,75-100%
22.0,11.18761659378,-10.81238340622,10.81238340622,75-100%
22.0,11.18761659378,-10.81238340622,10.81238340622,75-100%
18.5,11.6221886360617,-6.877811363938299,6.877811363938299,75-100%
18.5,11.598801686132859,-6.901198313867141,6.901198313867141,75-100%
18.5,11.646049454649809,-6.853950545350191,6.853950545350191,75-100%
18.5,11.646049454649809,-6.853950545350191,6.853950545350191,75-100%
24.66666666666667,11.715146160244469,-12.951520506422202,12.951520506422202,75-100%
24.66666666666667,11.69329218714407,-12.973374479522601,12.973374479522601,75-100%
27.0,11.841262144954468,-15.158737855045532,15.158737855045532,75-100%
27.0,11.81919141183396,-15.18080858816604,15.18080858816604,75-100%
27.0,11.841262144954468,-15.158737855045532,15.158737855045532,75-100%
27.0,11.070070265691987,-15.929929734308013,15.929929734308013,75-100%
27.0,11.04932500743211,-15.95067499256789,15.95067499256789,75-100%
22.0,10.656623141234402,-11.343376858765598,11.343376858765598,75-100%
22.0,10.501954444244209,-11.498045555755791,11.498045555755791,75-100%
22.0,10.62805087313783,-11.37194912686217,11.37194912686217,75-100%
22.0,10.563123362227122,-11.436876637772878,11.436876637772878,75-100%
22.0,11.164981992859856,-10.835018007140144,10.835018007140144,75-100%
22.0,11.210602859631983,-10.789397140368017,10.789397140368017,75-100%
18.5,11.646049454649809,-6.853950545350191,6.853950545350191,75-100%
21.33333333333333,11.690273845688017,-9.643059487645312,9.643059487645312,75-100%
27.0,11.81919141183396,-15.18080858816604,15.18080858816604,75-100%
29.5,11.841262144954468,-17.65873785504553,17.65873785504553,75-100%
27.0,11.841262144954468,-15.158737855045532,15.158737855045532,75-100%
27.0,11.990599603408224,-15.009400396591776,15.009400396591776,75-100%
27.0,11.841262144954468,-15.158737855045532,15.158737855045532,75-100%
27.0,11.070070265691987,-15.929929734308013,15.929929734308013,75-100%
24.5,10.839624546835761,-13.660375453164239,13.660375453164239,75-100%
22.0,10.501954444244209,-11.498045555755791,11.498045555755791,75-100%
22.0,9.973369057057653,-12.026630942942347,12.026630942942347,75-100%
22.0,9.956994520731289,-12.043005479268711,12.043005479268711,75-100%
22.0,10.166545168495661,-11.833454831504339,11.833454831504339,75-100%
22.0,10.166545168495661,-11.833454831504339,11.833454831504339,75-100%
22.0,10.545439332314329,-11.454560667685671,11.454560667685671,75-100%
22.0,11.189616063013915,-10.810383936986085,10.810383936986085,75-100%
22.0,11.189616063013915,-10.810383936986085,10.810383936986085,75-100%
27.0,11.990599603408224,-15.009400396591776,15.009400396591776,75-100%
27.0,11.990599603408224,-15.009400396591776,15.009400396591776,75-100%
27.0,12.01296544909312,-14.98703455090688,14.98703455090688,75-100%
27.0,11.841262144954468,-15.158737855045532,15.158737855045532,75-100%
27.0,11.841262144954468,-15.158737855045532,15.158737855045532,75-100%
27.0,10.95705661482012,-16.042943385179882,16.042943385179882,75-100%
22.0,9.910337120631468,-12.089662879368532,12.089662879368532,75-100%
22.0,10.256168989215473,-11.743831010784527,11.743831010784527,75-100%
22.0,11.210602859631983,-10.789397140368017,10.789397140368017,75-100%
22.0,11.210602859631983,-10.789397140368017,10.789397140368017,75-100%
27.0,11.990599603408224,-15.009400396591776,15.009400396591776,75-100%
27.0,12.01296544909312,-14.98703455090688,14.98703455090688,75-100%
27.0,12.01296544909312,-14.98703455090688,14.98703455090688,75-100%
27.0,11.841262144954468,-15.158737855045532,15.158737855045532,75-100%
27.0,11.841262144954468,-15.158737855045532,15.158737855045532,75-100%
27.0,11.841262144954468,-15.158737855045532,15.158737855045532,75-100%
27.0,10.95705661482012,-16.042943385179882,16.042943385179882,75-100%
27.0,12.01296544909312,-14.98703455090688,14.98703455090688,75-100%
27.0,11.795383862630791,-15.204616137369209,15.204616137369209,75-100%
27.0,11.990599603408224,-15.009400396591776,15.009400396591776,75-100%
32.0,9.572155267521069,-22.42784473247893,22.42784473247893,75-100%
32.0,9.192908123340494,-22.807091876659506,22.807091876659506,75-100%
32.0,9.825685551411269,-22.17431444858873,22.17431444858873,75-100%
32.0,9.825685551411269,-22.17431444858873,22.17431444858873,75-100%
32.0,9.782448534124818,-22.217551465875182,22.217551465875182,75-100%
32.0,9.192908123340494,-22.807091876659506,22.807091876659506,75-100%
32.0,9.544979281389272,-22.455020718610726,22.455020718610726,75-100%
32.0,9.486099313902438,-22.513900686097564,22.513900686097564,75-100%
32.0,9.192908123340494,-22.807091876659506,22.807091876659506,75-100%
32.0,8.819080835498594,-23.180919164501404,23.180919164501404,75-100%
32.0,9.152924758595685,-22.847075241404315,22.847075241404315,75-100%
32.0,9.192908123340494,-22.807091876659506,22.807091876659506,75-100%
32.0,9.357355218212966,-22.642644781787034,22.642644781787034,75-100%
32.0,9.244198238115986,-22.755801761884015,22.755801761884015,75-100%
32.0,9.782448534124818,-22.217551465875182,22.217551465875182,75-100%
32.0,9.145737559894897,-22.854262440105103,22.854262440105103,75-100%
32.0,9.192908123340494,-22.807091876659506,22.807091876659506,75-100%
32.0,9.171884640497623,-22.828115359502377,22.828115359502377,75-100%
32.0,9.572155267521069,-22.42784473247893,22.42784473247893,75-100%
32.0,9.572155267521069,-22.42784473247893,22.42784473247893,75-100%
32.0,9.145737559894897,-22.854262440105103,22.854262440105103,75-100%
32.0,9.013649049901208,-22.986350950098792,22.986350950098792,75-100%
32.0,9.145737559894897,-22.854262440105103,22.854262440105103,75-100%
5.0,10.571228251993864,5.571228251993864,5.571228251993864,0-25%
5.0,10.604137791844398,5.604137791844398,5.604137791844398,0-25%
5.0,9.760308473811458,4.760308473811458,4.760308473811458,0-25%
5.0,9.685989746382608,4.685989746382608,4.685989746382608,0-25%
5.0,10.60290787694676,5.602907876946761,5.602907876946761,0-25%
5.0,10.595689841868221,5.5956898418682215,5.5956898418682215,0-25%
5.0,10.601049034957281,5.601049034957281,5.601049034957281,0-25%
5.0,10.53934380433013,5.53934380433013,5.53934380433013,0-25%
5.0,10.012108476391386,5.012108476391386,5.012108476391386,0-25%
7.0,10.10694287249833,3.1069428724983297,3.1069428724983297,25-50%
6.0,10.595689841868221,4.5956898418682215,4.5956898418682215,25-50%
6.0,10.543453343224371,4.543453343224371,4.543453343224371,25-50%
5.0,10.567108825064865,5.5671088250648655,5.5671088250648655,0-25%
5.0,10.341512097912819,5.341512097912819,5.341512097912819,0-25%
5.0,9.863800499228947,4.863800499228947,4.863800499228947,0-25%
7.0,10.229073510757841,3.229073510757841,3.229073510757841,25-50%
7.0,10.044925070683867,3.044925070683867,3.044925070683867,25-50%
6.0,10.565882834842952,4.565882834842952,4.565882834842952,25-50%
6.0,10.500276778893596,4.500276778893596,4.500276778893596,25-50%
6.0,10.543453343224371,4.543453343224371,4.543453343224371,25-50%
6.0,10.571228251993864,4.571228251993864,4.571228251993864,25-50%
5.0,10.601049034957281,5.601049034957281,5.601049034957281,0-25%
5.0,10.543453343224371,5.543453343224371,5.543453343224371,0-25%
5.0,9.863800499228947,4.863800499228947,4.863800499228947,0-25%
5.0,10.341512097912819,5.341512097912819,5.341512097912819,0-25%
7.0,10.193241379370448,3.1932413793704484,3.1932413793704484,25-50%
7.0,10.150409058072102,3.1504090580721016,3.1504090580721016,25-50%
7.0,10.080282407569861,3.080282407569861,3.080282407569861,25-50%
6.0,10.60290787694676,4.602907876946761,4.602907876946761,25-50%
6.0,10.501302451411192,4.501302451411192,4.501302451411192,25-50%
6.0,10.595689841868221,4.5956898418682215,4.5956898418682215,25-50%
6.0,10.565882834842952,4.565882834842952,4.565882834842952,25-50%
5.0,10.501302451411192,5.501302451411192,5.501302451411192,0-25%
5.0,10.501302451411192,5.501302451411192,5.501302451411192,0-25%
5.0,10.506618021373253,5.506618021373253,5.506618021373253,0-25%
7.0,10.229073510757841,3.229073510757841,3.229073510757841,25-50%
7.0,10.166373768484513,3.1663737684845135,3.1663737684845135,25-50%
7.0,10.229073510757841,3.229073510757841,3.229073510757841,25-50%
6.0,10.60290787694676,4.602907876946761,4.602907876946761,25-50%
6.0,10.60290787694676,4.602907876946761,4.602907876946761,25-50%
6.0,10.495133617615394,4.495133617615394,4.495133617615394,25-50%
6.0,10.430948276364271,4.430948276364271,4.430948276364271,25-50%
5.0,10.524758293343947,5.524758293343947,5.524758293343947,0-25%
8.0,10.731906303109795,2.7319063031097954,2.7319063031097954,25-50%
8.0,10.731906303109795,2.7319063031097954,2.7319063031097954,25-50%
7.5,10.1837524402353,2.683752440235301,2.683752440235301,25-50%
7.5,10.572441273089616,3.0724412730896162,3.0724412730896162,25-50%
7.5,10.148064929020892,2.648064929020892,2.648064929020892,25-50%
7.5,10.090623448385626,2.5906234483856263,2.5906234483856263,25-50%
7.0,10.080282407569861,3.080282407569861,3.080282407569861,25-50%
7.0,10.039001019270044,3.039001019270044,3.039001019270044,25-50%
8.0,10.731906303109795,2.7319063031097954,2.7319063031097954,25-50%
8.0,10.666398894962978,2.6663988949629776,2.6663988949629776,25-50%
8.0,10.881028200106197,2.881028200106197,2.881028200106197,25-50%
7.5,10.63468860988869,3.1346886098886895,3.1346886098886895,25-50%
7.5,10.121305757080215,2.621305757080215,2.621305757080215,25-50%
7.5,9.943684926685979,2.443684926685979,2.443684926685979,25-50%
7.5,9.943684926685979,2.443684926685979,2.443684926685979,25-50%
7.0,10.027452729283656,3.027452729283656,3.027452729283656,25-50%
7.0,10.08937242303498,3.0893724230349804,3.0893724230349804,25-50%
8.0,10.274157795303623,2.2741577953036227,2.2741577953036227,25-50%
8.0,10.39181625185885,2.3918162518588506,2.3918162518588506,25-50%
8.0,10.481193496861728,2.481193496861728,2.481193496861728,25-50%
8.0,10.25803898466038,2.2580389846603808,2.2580389846603808,25-50%
8.0,10.346366647812406,2.346366647812406,2.346366647812406,25-50%
7.5,9.773250962328822,2.273250962328822,2.273250962328822,25-50%
7.5,10.095749214368375,2.595749214368375,2.595749214368375,25-50%
7.5,9.923264322174647,2.4232643221746475,2.4232643221746475,25-50%
8.0,10.964099496935145,2.9640994969351446,2.9640994969351446,25-50%
8.0,10.984698022890557,2.984698022890557,2.984698022890557,25-50%
8.0,10.417085993018798,2.417085993018798,2.417085993018798,25-50%
8.0,10.351610610918883,2.3516106109188826,2.3516106109188826,25-50%
8.0,10.275352862503828,2.275352862503828,2.275352862503828,25-50%
8.0,10.33866452779262,2.33866452779262,2.33866452779262,25-50%
8.0,10.33866452779262,2.33866452779262,2.33866452779262,25-50%
8.0,11.193879677427947,3.1938796774279474,3.1938796774279474,25-50%
8.0,10.417085993018798,2.417085993018798,2.417085993018798,25-50%
8.0,10.3392389255976,2.3392389255976003,2.3392389255976003,25-50%
8.0,10.33746275023084,2.3374627502308396,2.3374627502308396,25-50%
8.0,10.279368385563066,2.2793683855630658,2.2793683855630658,25-50%
8.0,10.279368385563066,2.2793683855630658,2.2793683855630658,25-50%
8.0,11.196311591722948,3.1963115917229477,3.1963115917229477,25-50%
8.0,10.481193496861728,2.481193496861728,2.481193496861728,25-50%
8.0,10.3392389255976,2.3392389255976003,2.3392389255976003,25-50%
8.0,10.275924053045602,2.2759240530456015,2.2759240530456015,25-50%
8.0,11.198222318019633,3.198222318019633,3.198222318019633,25-50%
9.0,9.601007855738596,0.6010078557385956,0.6010078557385956,50-75%
9.0,9.854852406238635,0.8548524062386349,0.8548524062386349,50-75%
9.0,10.074711533165583,1.0747115331655834,1.0747115331655834,50-75%
9.0,10.074711533165583,1.0747115331655834,1.0747115331655834,50-75%
9.0,10.062709218105109,1.062709218105109,1.062709218105109,50-75%
9.0,10.062709218105109,1.062709218105109,1.062709218105109,50-75%
9.0,10.034272250932018,1.034272250932018,1.034272250932018,50-75%
9.0,10.062709218105109,1.062709218105109,1.062709218105109,50-75%
9.0,10.062709218105109,1.062709218105109,1.062709218105109,50-75%
9.0,10.063881871634713,1.0638818716347131,1.0638818716347131,50-75%
9.0,10.063881871634713,1.0638818716347131,1.0638818716347131,50-75%
9.0,10.034272250932018,1.034272250932018,1.034272250932018,50-75%
9.0,10.06959548570013,1.0695954857001304,1.0695954857001304,50-75%
9.0,10.062709218105109,1.062709218105109,1.062709218105109,50-75%
9.0,10.062709218105109,1.062709218105109,1.062709218105109,50-75%
9.0,10.062709218105109,1.062709218105109,1.062709218105109,50-75%
9.0,10.067822082936479,1.0678220829364786,1.0678220829364786,50-75%
9.0,10.034272250932018,1.034272250932018,1.034272250932018,50-75%
9.0,10.06959548570013,1.0695954857001304,1.0695954857001304,50-75%
9.0,10.034272250932018,1.034272250932018,1.034272250932018,50-75%
9.0,10.034272250932018,1.034272250932018,1.034272250932018,50-75%
9.0,10.469796077072854,1.4697960770728535,1.4697960770728535,50-75%
9.0,10.506513523439883,1.5065135234398834,1.5065135234398834,50-75%
9.0,10.034272250932018,1.034272250932018,1.034272250932018,50-75%
9.0,10.034272250932018,1.034272250932018,1.034272250932018,50-75%
9.0,10.012873701378686,1.0128737013786857,1.0128737013786857,50-75%
9.0,9.997128452016964,0.9971284520169643,0.9971284520169643,50-75%
9.0,9.997128452016964,0.9971284520169643,0.9971284520169643,50-75%
9.0,9.997128452016964,0.9971284520169643,0.9971284520169643,50-75%
9.0,10.06959548570013,1.0695954857001304,1.0695954857001304,50-75%
9.0,10.470070317370874,1.4700703173708742,1.4700703173708742,50-75%
9.0,10.06959548570013,1.0695954857001304,1.0695954857001304,50-75%
9.0,10.06959548570013,1.0695954857001304,1.0695954857001304,50-75%
9.0,10.06959548570013,1.0695954857001304,1.0695954857001304,50-75%
9.0,10.06959548570013,1.0695954857001304,1.0695954857001304,50-75%
9.0,10.142498742583749,1.142498742583749,1.142498742583749,50-75%
9.0,10.034272250932018,1.034272250932018,1.034272250932018,50-75%
9.0,10.06959548570013,1.0695954857001304,1.0695954857001304,50-75%
9.0,10.06959548570013,1.0695954857001304,1.0695954857001304,50-75%
9.0,10.142498742583749,1.142498742583749,1.142498742583749,50-75%
9.0,10.10694287249833,1.1069428724983297,1.1069428724983297,50-75%
9.0,10.142498742583749,1.142498742583749,1.142498742583749,50-75%
9.0,10.062709218105109,1.062709218105109,1.062709218105109,50-75%
9.0,10.135567122714011,1.1355671227140114,1.1355671227140114,50-75%
9.0,10.135567122714011,1.1355671227140114,1.1355671227140114,50-75%
9.0,10.10694287249833,1.1069428724983297,1.1069428724983297,50-75%
8.0,10.880587257069298,2.8805872570692976,2.8805872570692976,25-50%
8.0,10.012180668052151,2.0121806680521512,2.0121806680521512,25-50%
8.0,10.012180668052151,2.0121806680521512,2.0121806680521512,25-50%
8.0,10.612990984639753,2.6129909846397528,2.6129909846397528,25-50%
10.0,10.948388472179989,0.9483884721799889,0.9483884721799889,50-75%
10.0,10.948388472179989,0.9483884721799889,0.9483884721799889,50-75%
10.0,10.968959948548319,0.9689599485483189,0.9689599485483189,50-75%
12.0,11.108152968585943,-0.8918470314140574,0.8918470314140574,50-75%
12.0,11.108152968585943,-0.8918470314140574,0.8918470314140574,50-75%
8.0,9.744527196724315,1.7445271967243148,1.7445271967243148,25-50%
10.0,10.100565543681562,0.10056554368156156,0.10056554368156156,50-75%
10.0,10.968959948548319,0.9689599485483189,0.9689599485483189,50-75%
10.0,10.968959948548319,0.9689599485483189,0.9689599485483189,50-75%
10.0,11.128999510631116,1.1289995106311164,1.1289995106311164,50-75%
12.0,11.108152968585943,-0.8918470314140574,0.8918470314140574,50-75%
12.0,11.128999510631116,-0.8710004893688836,0.8710004893688836,50-75%
12.0,11.293568139180948,-0.7064318608190518,0.7064318608190518,50-75%
12.0,11.131357129138028,-0.8686428708619722,0.8686428708619722,50-75%
10.0,10.020072362526069,0.020072362526068588,0.020072362526068588,50-75%
10.0,10.612990984639753,0.6129909846397528,0.6129909846397528,50-75%
10.0,10.968959948548319,0.9689599485483189,0.9689599485483189,50-75%
10.0,11.128999510631116,1.1289995106311164,1.1289995106311164,50-75%
10.0,11.085665945941674,1.085665945941674,1.085665945941674,50-75%
12.0,11.272438747191607,-0.7275612528083926,0.7275612528083926,50-75%
12.0,11.293568139180948,-0.7064318608190518,0.7064318608190518,50-75%
12.0,11.088015141328938,-0.9119848586710617,0.9119848586710617,50-75%
8.0,9.49195194363337,1.4919519436333708,1.4919519436333708,25-50%
8.0,9.340494396472291,1.340494396472291,1.340494396472291,25-50%
8.0,9.327623154118584,1.3276231541185837,1.3276231541185837,25-50%
10.0,10.612990984639753,0.6129909846397528,0.6129909846397528,50-75%
10.0,10.968959948548319,0.9689599485483189,0.9689599485483189,50-75%
10.0,11.128999510631116,1.1289995106311164,1.1289995106311164,50-75%
10.0,11.108152968585943,1.1081529685859426,1.1081529685859426,50-75%
12.0,11.128999510631116,-0.8710004893688836,0.8710004893688836,50-75%
12.0,11.293568139180948,-0.7064318608190518,0.7064318608190518,50-75%
12.0,11.293568139180948,-0.7064318608190518,0.7064318608190518,50-75%
8.0,9.991833664203078,1.991833664203078,1.991833664203078,25-50%
8.0,9.99971077733814,1.9997107773381408,1.9997107773381408,25-50%
10.0,10.968959948548319,0.9689599485483189,0.9689599485483189,50-75%
10.0,10.968959948548319,0.9689599485483189,0.9689599485483189,50-75%
10.0,11.128999510631116,1.1289995106311164,1.1289995106311164,50-75%
12.0,11.085665945941674,-0.914334054058326,0.914334054058326,50-75%
12.0,11.128999510631116,-0.8710004893688836,0.8710004893688836,50-75%
12.0,11.272438747191607,-0.7275612528083926,0.7275612528083926,50-75%
8.0,9.95853961930359,1.9585396193035898,1.9585396193035898,25-50%
8.0,9.984907156740007,1.9849071567400074,1.9849071567400074,25-50%
8.0,10.612990984639753,2.6129909846397528,2.6129909846397528,25-50%
10.0,10.968959948548319,0.9689599485483189,0.9689599485483189,50-75%
12.0,10.948388472179989,-1.051611527820011,1.051611527820011,50-75%
12.0,10.948388472179989,-1.051611527820011,1.051611527820011,50-75%
12.0,11.128999510631116,-0.8710004893688836,0.8710004893688836,50-75%
7.0,9.59861445673363,2.59861445673363,2.59861445673363,25-50%
7.0,9.979832595091231,2.9798325950912314,2.9798325950912314,25-50%
7.0,9.533833886845617,2.533833886845617,2.533833886845617,25-50%
7.0,9.732576252705654,2.7325762527056536,2.7325762527056536,25-50%
7.0,9.751833465310265,2.7518334653102645,2.7518334653102645,25-50%
7.0,9.979832595091231,2.9798325950912314,2.9798325950912314,25-50%
7.0,10.44974397653202,3.4497439765320195,3.4497439765320195,25-50%
7.0,9.979832595091231,2.9798325950912314,2.9798325950912314,25-50%
7.0,10.020072362526069,3.0200723625260686,3.0200723625260686,25-50%
7.0,9.964610545656578,2.964610545656578,2.964610545656578,25-50%
7.0,10.013216902694417,3.013216902694417,3.013216902694417,25-50%
7.0,10.013216902694417,3.013216902694417,3.013216902694417,25-50%
7.0,10.008129263142564,3.008129263142564,3.008129263142564,25-50%
7.0,10.008129263142564,3.008129263142564,3.008129263142564,25-50%
7.0,9.979832595091231,2.9798325950912314,2.9798325950912314,25-50%
9.0,9.96369993402844,0.9636999340284405,0.9636999340284405,50-75%
9.0,9.96369993402844,0.9636999340284405,0.9636999340284405,50-75%
9.0,10.020484041827451,1.0204840418274514,1.0204840418274514,50-75%
11.0,10.020484041827451,-0.9795159581725486,0.9795159581725486,50-75%
7.0,9.979832595091231,2.9798325950912314,2.9798325950912314,25-50%
7.0,9.979832595091231,2.9798325950912314,2.9798325950912314,25-50%
9.0,9.96369993402844,0.9636999340284405,0.9636999340284405,50-75%
9.0,9.96369993402844,0.9636999340284405,0.9636999340284405,50-75%
9.5,9.96369993402844,0.46369993402844045,0.46369993402844045,50-75%
9.5,9.96369993402844,0.46369993402844045,0.46369993402844045,50-75%
10.75,10.048885474726895,-0.7011145252731055,0.7011145252731055,50-75%
7.0,9.613001707780947,2.6130017077809473,2.6130017077809473,25-50%
9.0,9.457669957712353,0.4576699577123531,0.4576699577123531,50-75%
9.5,9.530400770821284,0.03040077082128434,0.03040077082128434,50-75%
9.5,9.904750168053967,0.40475016805396713,0.40475016805396713,50-75%
9.5,10.117593407952922,0.6175934079529224,0.6175934079529224,50-75%
10.75,10.0555161367773,-0.6944838632227004,0.6944838632227004,50-75%
10.75,10.117593407952922,-0.6324065920470776,0.6324065920470776,50-75%
10.75,9.968767039627007,-0.7812329603729928,0.7812329603729928,50-75%
9.0,9.162113498938838,0.16211349893883842,0.16211349893883842,50-75%
9.5,9.260494926528763,-0.2395050734712374,0.2395050734712374,50-75%
9.5,9.260494926528763,-0.2395050734712374,0.2395050734712374,50-75%
10.75,9.259681316109976,-1.490318683890024,1.490318683890024,50-75%
10.75,10.089015359614788,-0.6609846403852124,0.6609846403852124,50-75%
10.75,10.117593407952922,-0.6324065920470776,0.6324065920470776,50-75%
10.75,10.027097659597352,-0.7229023404026478,0.7229023404026478,50-75%
10.5,10.117593407952922,-0.3824065920470776,0.3824065920470776,50-75%
10.75,9.320312269130172,-1.4296877308698281,1.4296877308698281,50-75%
10.75,9.897966448828537,-0.8520335511714627,0.8520335511714627,50-75%
10.75,10.085067603378919,-0.6649323966210812,0.6649323966210812,50-75%
10.5,10.113635477759773,-0.38636452224022655,0.38636452224022655,50-75%
10.75,9.259681316109976,-1.490318683890024,1.490318683890024,50-75%
10.75,9.625067710836023,-1.1249322891639775,1.1249322891639775,50-75%
10.75,9.597755711962327,-1.1522442880376733,1.1522442880376733,50-75%
10.5,9.897966448828537,-0.6020335511714627,0.6020335511714627,50-75%
10.5,9.530400770821284,-0.9695992291787157,0.9695992291787157,50-75%
10.5,9.259681316109976,-1.240318683890024,1.240318683890024,50-75%
7.0,10.750980491226183,3.7509804912261835,3.7509804912261835,25-50%
7.0,10.605690247836321,3.6056902478363213,3.6056902478363213,25-50%
7.0,10.518727123314473,3.5187271233144735,3.5187271233144735,25-50%
7.0,10.61458237642832,3.61458237642832,3.61458237642832,25-50%
7.0,10.952640173962148,3.9526401739621484,3.9526401739621484,25-50%
7.0,10.750980491226183,3.7509804912261835,3.7509804912261835,25-50%
7.0,10.743598592924034,3.743598592924034,3.743598592924034,25-50%
7.0,10.598837357529764,3.5988373575297636,3.5988373575297636,25-50%
7.0,10.366668340322788,3.3666683403227875,3.3666683403227875,25-50%
7.0,10.184303465332627,3.1843034653326274,3.1843034653326274,25-50%
7.0,10.750980491226183,3.7509804912261835,3.7509804912261835,25-50%
7.0,10.750980491226183,3.7509804912261835,3.7509804912261835,25-50%
7.0,10.743598592924034,3.743598592924034,3.743598592924034,25-50%
7.0,11.35879030108826,4.358790301088259,4.358790301088259,25-50%
7.0,11.357603945816948,4.3576039458169475,4.3576039458169475,25-50%
7.0,11.189181028770891,4.189181028770891,4.189181028770891,25-50%
7.0,10.741759078766624,3.7417590787666235,3.7417590787666235,25-50%
7.0,11.366558902204718,4.3665589022047175,4.3665589022047175,25-50%
7.0,11.366558902204718,4.3665589022047175,4.3665589022047175,25-50%
7.0,11.35879030108826,4.358790301088259,4.358790301088259,25-50%
7.0,11.35879030108826,4.358790301088259,4.358790301088259,25-50%
7.0,11.366558902204718,4.3665589022047175,4.3665589022047175,25-50%
7.0,11.35685442346545,4.35685442346545,4.35685442346545,25-50%
7.0,11.366558902204718,4.3665589022047175,4.3665589022047175,25-50%
7.0,11.312532710825806,4.312532710825806,4.312532710825806,25-50%
7.0,11.35685442346545,4.35685442346545,4.35685442346545,25-50%
7.0,11.35685442346545,4.35685442346545,4.35685442346545,25-50%
7.0,11.35685442346545,4.35685442346545,4.35685442346545,25-50%
7.0,11.366558902204718,4.3665589022047175,4.3665589022047175,25-50%
7.0,11.35685442346545,4.35685442346545,4.35685442346545,25-50%
15.0,10.491688844762319,-4.508311155237681,4.508311155237681,50-75%
15.0,10.039144802759203,-4.960855197240797,4.960855197240797,50-75%
15.0,9.989001548581506,-5.010998451418494,5.010998451418494,50-75%
15.0,9.989001548581506,-5.010998451418494,5.010998451418494,50-75%
15.0,9.977505564812471,-5.022494435187529,5.022494435187529,50-75%
15.0,9.804920317044921,-5.195079682955079,5.195079682955079,50-75%
15.0,10.52847637489702,-4.47152362510298,4.47152362510298,50-75%
15.0,10.945266949477661,-4.054733050522339,4.054733050522339,50-75%
15.0,10.525904583292693,-4.474095416707307,4.474095416707307,50-75%
15.0,10.525904583292693,-4.474095416707307,4.474095416707307,50-75%
15.0,10.496276960997527,-4.503723039002473,4.503723039002473,50-75%
15.0,9.989001548581506,-5.010998451418494,5.010998451418494,50-75%
15.0,10.976051686014085,-4.023948313985915,4.023948313985915,50-75%
15.0,10.94797231468999,-4.05202768531001,4.05202768531001,50-75%
15.5,11.151801825308361,-4.348198174691639,4.348198174691639,75-100%
15.5,10.51325334719261,-4.9867466528073905,4.9867466528073905,75-100%
15.5,10.506960222999428,-4.993039777000572,4.993039777000572,75-100%
15.5,9.972855415581172,-5.527144584418828,5.527144584418828,75-100%
15.0,9.989001548581506,-5.010998451418494,5.010998451418494,50-75%
15.0,11.16690661952936,-3.8330933804706397,3.8330933804706397,50-75%
15.5,10.542924720169829,-4.957075279830171,4.957075279830171,75-100%
15.5,10.007150591709104,-5.492849408290896,5.492849408290896,75-100%
15.5,9.927334787451407,-5.572665212548593,5.572665212548593,75-100%
15.5,9.972855415581172,-5.527144584418828,5.527144584418828,75-100%
15.5,9.740037433531578,-5.759962566468422,5.759962566468422,75-100%
15.0,11.171807813643216,-3.828192186356784,3.828192186356784,50-75%
15.5,9.927334787451407,-5.572665212548593,5.572665212548593,75-100%
15.5,9.121676106661003,-6.378323893338997,6.378323893338997,75-100%
15.5,9.375445722198602,-6.124554277801398,6.124554277801398,75-100%
15.5,9.907144551776703,-5.592855448223297,5.592855448223297,75-100%
16.0,9.695482645229408,-6.304517354770592,6.304517354770592,75-100%
16.0,9.927334787451407,-6.072665212548593,6.072665212548593,75-100%
15.5,9.879107467419155,-5.620892532580845,5.620892532580845,75-100%
15.5,9.348775382809631,-6.151224617190369,6.151224617190369,75-100%
16.0,9.89924580359458,-6.10075419640542,6.10075419640542,75-100%
16.0,9.927334787451407,-6.072665212548593,6.072665212548593,75-100%
16.0,10.542924720169829,-5.457075279830171,5.457075279830171,75-100%
16.0,9.121676106661003,-6.878323893338997,6.878323893338997,75-100%
13.0,10.997224688061394,-2.0027753119386063,2.0027753119386063,50-75%
13.0,10.997224688061394,-2.0027753119386063,2.0027753119386063,50-75%
13.0,10.57221724209624,-2.42778275790376,2.42778275790376,50-75%
16.0,11.176343505271241,-4.823656494728759,4.823656494728759,75-100%
16.0,11.176343505271241,-4.823656494728759,4.823656494728759,75-100%
16.0,11.155415591421741,-4.844584408578259,4.844584408578259,75-100%
16.0,11.150231574629974,-4.849768425370026,4.849768425370026,75-100%
16.0,11.155415591421741,-4.844584408578259,4.844584408578259,75-100%
13.0,10.997224688061394,-2.0027753119386063,2.0027753119386063,50-75%
13.0,10.997224688061394,-2.0027753119386063,2.0027753119386063,50-75%
13.0,10.997224688061394,-2.0027753119386063,2.0027753119386063,50-75%
13.0,10.997224688061394,-2.0027753119386063,2.0027753119386063,50-75%
16.0,11.176343505271241,-4.823656494728759,4.823656494728759,75-100%
16.0,11.155415591421741,-4.844584408578259,4.844584408578259,75-100%
16.0,11.176343505271241,-4.823656494728759,4.823656494728759,75-100%
16.0,11.129348540282653,-4.870651459717347,4.870651459717347,75-100%
16.0,10.684225232990928,-5.3157747670090725,5.3157747670090725,75-100%
13.0,10.997224688061394,-2.0027753119386063,2.0027753119386063,50-75%
13.0,10.997224688061394,-2.0027753119386063,2.0027753119386063,50-75%
13.0,10.997224688061394,-2.0027753119386063,2.0027753119386063,50-75%
13.0,10.997224688061394,-2.0027753119386063,2.0027753119386063,50-75%
13.0,10.200076078262601,-2.799923921737399,2.799923921737399,50-75%
13.0,9.424913337482414,-3.5750866625175863,3.5750866625175863,50-75%
16.0,10.73430138766013,-5.26569861233987,5.26569861233987,75-100%
16.0,11.176343505271241,-4.823656494728759,4.823656494728759,75-100%
16.0,11.176343505271241,-4.823656494728759,4.823656494728759,75-100%
16.0,11.176343505271241,-4.823656494728759,4.823656494728759,75-100%
16.0,10.684225232990928,-5.3157747670090725,5.3157747670090725,75-100%
16.0,10.704341900926721,-5.295658099073279,5.295658099073279,75-100%
13.0,10.976604632081852,-2.0233953679181482,2.0233953679181482,50-75%
13.0,10.997224688061394,-2.0027753119386063,2.0027753119386063,50-75%
13.0,10.976604632081852,-2.0233953679181482,2.0233953679181482,50-75%
13.0,10.954361918411005,-2.0456380815889954,2.0456380815889954,50-75%
13.0,10.478020915514662,-2.521979084485338,2.521979084485338,50-75%
13.0,10.176449052072332,-2.823550947927668,2.823550947927668,50-75%
13.0,10.176449052072332,-2.823550947927668,2.823550947927668,50-75%
13.0,10.642144198003017,-2.3578558019969833,2.3578558019969833,50-75%
13.0,10.171286006184015,-2.8287139938159847,2.8287139938159847,50-75%
13.0,9.991458201418453,-3.008541798581547,3.008541798581547,50-75%
16.0,11.176343505271241,-4.823656494728759,4.823656494728759,75-100%
16.0,11.176343505271241,-4.823656494728759,4.823656494728759,75-100%
16.0,11.176343505271241,-4.823656494728759,4.823656494728759,75-100%
16.0,11.176343505271241,-4.823656494728759,4.823656494728759,75-100%
16.0,11.158149504628941,-4.841850495371059,4.841850495371059,75-100%
13.0,10.997224688061394,-2.0027753119386063,2.0027753119386063,50-75%
13.0,10.997224688061394,-2.0027753119386063,2.0027753119386063,50-75%
13.0,10.976604632081852,-2.0233953679181482,2.0233953679181482,50-75%
13.0,10.976604632081852,-2.0233953679181482,2.0233953679181482,50-75%
13.0,11.155674518441462,-1.8443254815585384,1.8443254815585384,50-75%
13.0,10.176449052072332,-2.823550947927668,2.823550947927668,50-75%
16.0,10.73430138766013,-5.26569861233987,5.26569861233987,75-100%
16.0,10.73430138766013,-5.26569861233987,5.26569861233987,75-100%
13.0,10.976604632081852,-2.0233953679181482,2.0233953679181482,50-75%
13.0,10.976552605317746,-2.023447394682254,2.023447394682254,50-75%
13.0,10.976552605317746,-2.023447394682254,2.023447394682254,50-75%
13.0,11.155621713791886,-1.844378286208114,1.844378286208114,50-75%
13.0,11.155674518441462,-1.8443254815585384,1.8443254815585384,50-75%
13.0,11.069719818788286,-1.9302801812117139,1.9302801812117139,50-75%
13.0,10.171286006184015,-2.8287139938159847,2.8287139938159847,50-75%
16.0,10.165556107169841,-5.8344438928301585,5.8344438928301585,75-100%
16.0,10.704341900926721,-5.295658099073279,5.295658099073279,75-100%
13.0,10.081646082880445,-2.918353917119555,2.918353917119555,50-75%
13.0,10.18886523729304,-2.81113476270696,2.81113476270696,50-75%
13.0,10.70017120469267,-2.299828795307331,2.299828795307331,50-75%
13.0,10.696005873296134,-2.3039941267038664,2.3039941267038664,50-75%
13.0,10.696005873296134,-2.3039941267038664,2.3039941267038664,50-75%
13.0,10.469035478764509,-2.530964521235491,2.530964521235491,50-75%
13.0,10.785631986559416,-2.214368013440584,2.214368013440584,50-75%
13.0,10.70017120469267,-2.299828795307331,2.299828795307331,50-75%
13.0,10.70017120469267,-2.299828795307331,2.299828795307331,50-75%
13.0,10.707525805011077,-2.292474194988923,2.292474194988923,50-75%
13.0,10.70017120469267,-2.299828795307331,2.299828795307331,50-75%
13.0,10.469035478764509,-2.530964521235491,2.530964521235491,50-75%
13.0,10.081646082880445,-2.918353917119555,2.918353917119555,50-75%
3.0,10.702117424165936,7.702117424165936,7.702117424165936,0-25%
3.0,10.702117424165936,7.702117424165936,7.702117424165936,0-25%
3.0,10.694766221361242,7.694766221361242,7.694766221361242,0-25%
3.0,10.694766221361242,7.694766221361242,7.694766221361242,0-25%
3.0,10.694766221361242,7.694766221361242,7.694766221361242,0-25%
3.0,10.694766221361242,7.694766221361242,7.694766221361242,0-25%
16.0,10.70017120469267,-5.299828795307331,5.299828795307331,75-100%
16.0,10.70017120469267,-5.299828795307331,5.299828795307331,75-100%
13.0,10.70017120469267,-2.299828795307331,2.299828795307331,50-75%
13.0,10.70017120469267,-2.299828795307331,2.299828795307331,50-75%
13.0,10.696005873296134,-2.3039941267038664,2.3039941267038664,50-75%
3.0,10.300975306716275,7.300975306716275,7.300975306716275,0-25%
3.0,9.997097471132745,6.997097471132745,6.997097471132745,0-25%
3.0,10.073579884915922,7.073579884915922,7.073579884915922,0-25%
3.0,10.467238972100212,7.467238972100212,7.467238972100212,0-25%
3.0,10.70017120469267,7.700171204692669,7.700171204692669,0-25%
11.0,10.634840995714587,-0.36515900428541315,0.36515900428541315,50-75%
16.0,10.70017120469267,-5.299828795307331,5.299828795307331,75-100%
16.0,10.70017120469267,-5.299828795307331,5.299828795307331,75-100%
16.0,10.696005873296134,-5.303994126703866,5.303994126703866,75-100%
16.0,10.476244789680415,-5.523755210319585,5.523755210319585,75-100%
3.0,10.218081133911491,7.218081133911491,7.218081133911491,0-25%
3.0,9.49233387450929,6.49233387450929,6.49233387450929,0-25%
3.0,9.477293418133286,6.477293418133286,6.477293418133286,0-25%
3.0,9.604628954222033,6.604628954222033,6.604628954222033,0-25%
3.0,9.722917638175204,6.722917638175204,6.722917638175204,0-25%
3.0,10.098876520634281,7.098876520634281,7.098876520634281,0-25%
11.0,10.707525805011077,-0.29247419498892313,0.29247419498892313,50-75%
19.0,10.70017120469267,-8.29982879530733,8.29982879530733,75-100%
16.0,10.642154530174441,-5.357845469825559,5.357845469825559,75-100%
16.0,10.70017120469267,-5.299828795307331,5.299828795307331,75-100%
16.0,10.073579884915922,-5.926420115084078,5.926420115084078,75-100%
3.0,9.49233387450929,6.49233387450929,6.49233387450929,0-25%
11.0,9.973709869305388,-1.026290130694612,1.026290130694612,50-75%
11.0,10.469035478764509,-0.5309645212354912,0.5309645212354912,50-75%
19.0,10.703357855332547,-8.296642144667453,8.296642144667453,75-100%
19.0,10.696005873296134,-8.303994126703866,8.303994126703866,75-100%
19.0,10.696005873296134,-8.303994126703866,8.303994126703866,75-100%
19.0,10.11976392111232,-8.88023607888768,8.88023607888768,75-100%
3.0,10.098876520634281,7.098876520634281,7.098876520634281,0-25%
19.0,10.181836456557694,-8.818163543442306,8.818163543442306,75-100%
19.0,10.18886523729304,-8.81113476270696,8.81113476270696,75-100%
19.0,10.469035478764509,-8.530964521235491,8.530964521235491,75-100%
19.0,10.469035478764509,-8.530964521235491,8.530964521235491,75-100%
19.0,10.469035478764509,-8.530964521235491,8.530964521235491,75-100%
19.0,10.11976392111232,-8.88023607888768,8.88023607888768,75-100%
19.0,10.073579884915922,-8.926420115084078,8.926420115084078,75-100%
19.0,10.18886523729304,-8.81113476270696,8.81113476270696,75-100%
19.0,10.088611885036993,-8.911388114963007,8.911388114963007,75-100%
19.0,10.088611885036993,-8.911388114963007,8.911388114963007,75-100%
6.0,10.110043531421354,4.110043531421354,4.110043531421354,25-50%
6.0,10.464404558030957,4.464404558030957,4.464404558030957,25-50%
6.0,10.485626338745242,4.4856263387452415,4.4856263387452415,25-50%
6.0,10.536406149921476,4.536406149921476,4.536406149921476,25-50%
6.0,10.545466288074183,4.5454662880741825,4.5454662880741825,25-50%
6.0,10.545466288074183,4.5454662880741825,4.5454662880741825,25-50%
6.0,10.110043531421354,4.110043531421354,4.110043531421354,25-50%
6.0,10.464404558030957,4.464404558030957,4.464404558030957,25-50%
6.0,10.421494083257098,4.421494083257098,4.421494083257098,25-50%
6.0,10.545466288074183,4.5454662880741825,4.5454662880741825,25-50%
6.0,10.536406149921476,4.536406149921476,4.536406149921476,25-50%
6.0,10.536406149921476,4.536406149921476,4.536406149921476,25-50%
6.0,10.538213492611447,4.5382134926114475,4.5382134926114475,25-50%
6.0,10.228447554140178,4.228447554140178,4.228447554140178,25-50%
6.0,10.45065675177145,4.450656751771451,4.450656751771451,25-50%
6.0,10.479064165927696,4.479064165927696,4.479064165927696,25-50%
6.0,10.485626338745242,4.4856263387452415,4.4856263387452415,25-50%
6.0,10.545466288074183,4.5454662880741825,4.5454662880741825,25-50%
6.0,10.545466288074183,4.5454662880741825,4.5454662880741825,25-50%
6.0,10.538213492611447,4.5382134926114475,4.5382134926114475,25-50%
6.0,10.47729237811963,4.47729237811963,4.47729237811963,25-50%
6.0,10.45065675177145,4.450656751771451,4.450656751771451,25-50%
6.0,10.471853083895862,4.471853083895862,4.471853083895862,25-50%
6.0,10.569520034825928,4.569520034825928,4.569520034825928,25-50%
6.0,10.48099990445009,4.4809999044500906,4.4809999044500906,25-50%
6.0,10.545466288074183,4.5454662880741825,4.5454662880741825,25-50%
6.0,10.434363279004081,4.4343632790040814,4.4343632790040814,25-50%
6.0,10.442401859749289,4.442401859749289,4.442401859749289,25-50%
6.0,10.479064165927696,4.479064165927696,4.479064165927696,25-50%
6.0,10.562909930366192,4.562909930366192,4.562909930366192,25-50%
6.0,10.521969045847317,4.521969045847317,4.521969045847317,25-50%
6.0,10.471990355362154,4.471990355362154,4.471990355362154,25-50%
6.0,10.536406149921476,4.536406149921476,4.536406149921476,25-50%
6.0,10.48099990445009,4.4809999044500906,4.4809999044500906,25-50%
6.0,10.504919342372116,4.504919342372116,4.504919342372116,25-50%
6.0,10.569520034825928,4.569520034825928,4.569520034825928,25-50%
6.0,10.504919342372116,4.504919342372116,4.504919342372116,25-50%
6.0,10.569520034825928,4.569520034825928,4.569520034825928,25-50%
6.0,10.376479917138752,4.376479917138752,4.376479917138752,25-50%
6.0,10.6610203296045,4.661020329604501,4.661020329604501,25-50%
6.0,10.641465554745405,4.641465554745405,4.641465554745405,25-50%
6.0,10.469926490934798,4.469926490934798,4.469926490934798,25-50%
6.0,10.627505421690676,4.627505421690676,4.627505421690676,25-50%
6.0,10.513556890247465,4.5135568902474645,4.5135568902474645,25-50%
6.0,10.576463140319401,4.576463140319401,4.576463140319401,25-50%
6.0,10.641465554745405,4.641465554745405,4.641465554745405,25-50%
6.0,10.379901077216854,4.379901077216854,4.379901077216854,25-50%
8.0,10.551567081717934,2.551567081717934,2.551567081717934,25-50%
8.0,10.753664609826622,2.7536646098266218,2.7536646098266218,25-50%
8.0,11.226102086906728,3.226102086906728,3.226102086906728,25-50%
8.0,11.2471517013165,3.2471517013165005,3.2471517013165005,25-50%
6.0,10.617661051759711,4.617661051759711,4.617661051759711,25-50%
6.0,10.617661051759711,4.617661051759711,4.617661051759711,25-50%
6.0,11.341088179242163,5.341088179242163,5.341088179242163,25-50%
6.0,10.630672281127515,4.630672281127515,4.630672281127515,25-50%
6.0,10.404969737463212,4.404969737463212,4.404969737463212,25-50%
6.0,10.341287843984738,4.3412878439847375,4.3412878439847375,25-50%
8.0,10.535051655394872,2.535051655394872,2.535051655394872,25-50%
8.0,10.551567081717934,2.551567081717934,2.551567081717934,25-50%
8.0,10.858556998787991,2.858556998787991,2.858556998787991,25-50%
8.0,10.801603549726583,2.8016035497265825,2.8016035497265825,25-50%
8.0,10.618249583062564,2.618249583062564,2.618249583062564,25-50%
6.0,10.556905882541031,4.556905882541031,4.556905882541031,25-50%
6.0,10.556905882541031,4.556905882541031,4.556905882541031,25-50%
6.0,11.343549452401557,5.343549452401557,5.343549452401557,25-50%
6.0,10.397805201124829,4.397805201124829,4.397805201124829,25-50%
6.0,9.965125021421159,3.9651250214211586,3.9651250214211586,25-50%
6.0,10.012821748990312,4.012821748990312,4.012821748990312,25-50%
6.0,10.347771254978001,4.347771254978001,4.347771254978001,25-50%
8.0,11.2471517013165,3.2471517013165005,3.2471517013165005,25-50%
8.0,10.717897411153073,2.717897411153073,2.717897411153073,25-50%
8.0,10.513679000994781,2.513679000994781,2.513679000994781,25-50%
8.0,10.801603549726583,2.8016035497265825,2.8016035497265825,25-50%
8.0,10.867870138712549,2.867870138712549,2.867870138712549,25-50%
8.0,10.618249583062564,2.618249583062564,2.618249583062564,25-50%
6.0,11.34548324561074,5.34548324561074,5.34548324561074,25-50%
6.0,11.284266715467698,5.284266715467698,5.284266715467698,25-50%
6.0,11.353243482056907,5.353243482056907,5.353243482056907,25-50%
6.0,10.019744288919405,4.019744288919405,4.019744288919405,25-50%
6.0,10.630672281127515,4.630672281127515,4.630672281127515,25-50%
8.0,11.2471517013165,3.2471517013165005,3.2471517013165005,25-50%
8.0,11.2471517013165,3.2471517013165005,3.2471517013165005,25-50%
8.0,10.858556998787991,2.858556998787991,2.858556998787991,25-50%
8.0,10.867870138712549,2.867870138712549,2.867870138712549,25-50%
8.0,10.618249583062564,2.618249583062564,2.618249583062564,25-50%
6.0,10.644527377814478,4.644527377814478,4.644527377814478,25-50%
6.0,11.099703852769075,5.099703852769075,5.099703852769075,25-50%
6.0,11.109206377826556,5.109206377826556,5.109206377826556,25-50%
6.0,10.628741764721703,4.628741764721703,4.628741764721703,25-50%
4.0,10.6610203296045,6.661020329604501,6.661020329604501,0-25%
4.0,10.627505421690676,6.627505421690676,6.627505421690676,0-25%
8.0,11.2471517013165,3.2471517013165005,3.2471517013165005,25-50%
8.0,10.867870138712549,2.867870138712549,2.867870138712549,25-50%
8.0,10.860414811006702,2.8604148110067023,2.8604148110067023,25-50%
6.0,10.213139111068138,4.213139111068138,4.213139111068138,25-50%
4.0,10.630672281127515,6.630672281127515,6.630672281127515,0-25%
4.0,10.72649753684019,6.72649753684019,6.72649753684019,0-25%
4.0,12.00539250371391,8.00539250371391,8.00539250371391,0-25%
4.0,12.00539250371391,8.00539250371391,8.00539250371391,0-25%
4.0,12.00539250371391,8.00539250371391,8.00539250371391,0-25%
8.0,10.858556998787991,2.858556998787991,2.858556998787991,25-50%
8.0,10.69416487160302,2.6941648716030198,2.6941648716030198,25-50%
8.0,10.867870138712549,2.867870138712549,2.867870138712549,25-50%
8.0,10.867870138712549,2.867870138712549,2.867870138712549,25-50%
8.0,10.860414811006702,2.8604148110067023,2.8604148110067023,25-50%
4.0,12.00335534249421,8.00335534249421,8.00335534249421,0-25%
4.0,12.00539250371391,8.00539250371391,8.00539250371391,0-25%
4.0,12.00539250371391,8.00539250371391,8.00539250371391,0-25%
4.0,12.00539250371391,8.00539250371391,8.00539250371391,0-25%
7.0,11.492182418805342,4.492182418805342,4.492182418805342,25-50%
7.0,11.500034868755657,4.500034868755657,4.500034868755657,25-50%
5.5,11.343549452401557,5.843549452401557,5.843549452401557,25-50%
4.0,11.343549452401557,7.343549452401557,7.343549452401557,0-25%
4.0,11.343549452401557,7.343549452401557,7.343549452401557,0-25%
4.0,11.274626814335095,7.274626814335095,7.274626814335095,0-25%
4.0,12.00335534249421,8.00335534249421,8.00335534249421,0-25%
4.0,11.930748548364507,7.930748548364507,7.930748548364507,0-25%
4.0,12.168205451663953,8.168205451663953,8.168205451663953,0-25%
4.0,12.157871892356908,8.157871892356908,8.157871892356908,0-25%
9.0,11.43023846356446,2.4302384635644607,2.4302384635644607,50-75%
9.0,11.490225646676723,2.4902256466767234,2.4902256466767234,50-75%
9.0,11.490225646676723,2.4902256466767234,2.4902256466767234,50-75%
9.0,11.500034868755657,2.500034868755657,2.500034868755657,50-75%
5.5,11.343549452401557,5.843549452401557,5.843549452401557,25-50%
4.0,11.490225646676723,7.490225646676723,7.490225646676723,0-25%
4.0,11.630447835637728,7.630447835637728,7.630447835637728,0-25%
4.0,12.084402324656077,8.084402324656077,8.084402324656077,0-25%
4.0,12.190589885009421,8.190589885009421,8.190589885009421,0-25%
4.0,12.00335534249421,8.00335534249421,8.00335534249421,0-25%
9.0,11.500034868755657,2.500034868755657,2.500034868755657,50-75%
9.0,11.490225646676723,2.4902256466767234,2.4902256466767234,50-75%
9.0,11.490225646676723,2.4902256466767234,2.4902256466767234,50-75%
9.0,11.490225646676723,2.4902256466767234,2.4902256466767234,50-75%
7.333333333333332,11.490225646676723,4.156892313343391,4.156892313343391,25-50%
5.5,11.450666846683744,5.950666846683744,5.950666846683744,25-50%
4.0,11.490225646676723,7.490225646676723,7.490225646676723,0-25%
4.0,11.492182418805342,7.492182418805342,7.492182418805342,0-25%
4.0,12.013567551939742,8.013567551939742,8.013567551939742,0-25%
4.0,12.013567551939742,8.013567551939742,8.013567551939742,0-25%
9.0,11.413374780001874,2.413374780001874,2.413374780001874,50-75%
9.0,11.490225646676723,2.4902256466767234,2.4902256466767234,50-75%
9.0,11.490225646676723,2.4902256466767234,2.4902256466767234,50-75%
9.0,11.413374780001874,2.413374780001874,2.413374780001874,50-75%
9.0,11.490225646676723,2.4902256466767234,2.4902256466767234,50-75%
9.0,10.966488437524077,1.9664884375240774,1.9664884375240774,50-75%
9.0,11.490225646676723,2.4902256466767234,2.4902256466767234,50-75%
7.0,11.500034868755657,4.500034868755657,4.500034868755657,25-50%
4.0,11.500034868755657,7.500034868755657,7.500034868755657,0-25%
4.0,11.492182418805342,7.492182418805342,7.492182418805342,0-25%
11.0,10.64761031802533,-0.35238968197466924,0.35238968197466924,50-75%
9.0,11.274626814335095,2.274626814335095,2.274626814335095,50-75%
9.0,11.343549452401557,2.3435494524015574,2.3435494524015574,50-75%
9.0,11.274626814335095,2.274626814335095,2.274626814335095,50-75%
9.0,11.274626814335095,2.274626814335095,2.274626814335095,50-75%
9.0,11.317076859409662,2.317076859409662,2.317076859409662,50-75%
9.0,11.500034868755657,2.500034868755657,2.500034868755657,50-75%
7.0,11.500034868755657,4.500034868755657,4.500034868755657,25-50%
9.0,11.34548324561074,2.3454832456107404,2.3454832456107404,50-75%
9.0,11.243975447136062,2.2439754471360622,2.2439754471360622,50-75%
9.0,11.274626814335095,2.274626814335095,2.274626814335095,50-75%
9.0,11.353243482056907,2.3532434820569073,2.3532434820569073,50-75%
11.0,10.008843985561024,-0.9911560144389764,0.9911560144389764,50-75%
11.0,10.008843985561024,-0.9911560144389764,0.9911560144389764,50-75%
11.0,10.677627948977898,-0.32237205102210176,0.32237205102210176,50-75%
7.0,11.073853313272622,4.073853313272622,4.073853313272622,25-50%
7.0,11.411166726452961,4.4111667264529615,4.4111667264529615,25-50%
7.0,11.867688718620188,4.8676887186201885,4.8676887186201885,25-50%
7.0,11.480856042894814,4.480856042894814,4.480856042894814,25-50%
7.0,11.88984294929376,4.88984294929376,4.88984294929376,25-50%
7.0,11.867688718620188,4.8676887186201885,4.8676887186201885,25-50%
7.0,11.88984294929376,4.88984294929376,4.88984294929376,25-50%
7.0,11.88984294929376,4.88984294929376,4.88984294929376,25-50%
7.0,11.223459573293685,4.223459573293685,4.223459573293685,25-50%
7.0,11.24450463810194,4.24450463810194,4.24450463810194,25-50%
7.0,11.867688718620188,4.8676887186201885,4.8676887186201885,25-50%
7.0,11.24450463810194,4.24450463810194,4.24450463810194,25-50%
7.0,11.24450463810194,4.24450463810194,4.24450463810194,25-50%
7.0,11.223459573293685,4.223459573293685,4.223459573293685,25-50%
7.0,11.24450463810194,4.24450463810194,4.24450463810194,25-50%
7.0,11.794085105535736,4.794085105535736,4.794085105535736,25-50%
7.0,11.24450463810194,4.24450463810194,4.24450463810194,25-50%
7.0,11.24450463810194,4.24450463810194,4.24450463810194,25-50%
7.0,11.223459573293685,4.223459573293685,4.223459573293685,25-50%
7.0,11.976175864542009,4.976175864542009,4.976175864542009,25-50%
7.0,11.693856602632849,4.693856602632849,4.693856602632849,25-50%
7.0,11.24450463810194,4.24450463810194,4.24450463810194,25-50%
7.0,11.223459573293685,4.223459573293685,4.223459573293685,25-50%
7.0,11.24450463810194,4.24450463810194,4.24450463810194,25-50%
7.0,11.953873250422134,4.953873250422134,4.953873250422134,25-50%
7.0,11.794085105535736,4.794085105535736,4.794085105535736,25-50%
7.0,11.24450463810194,4.24450463810194,4.24450463810194,25-50%
7.0,11.24450463810194,4.24450463810194,4.24450463810194,25-50%
7.0,11.24450463810194,4.24450463810194,4.24450463810194,25-50%
14.0,10.125244624962257,-3.8747553750377435,3.8747553750377435,50-75%
14.0,10.125244624962257,-3.8747553750377435,3.8747553750377435,50-75%
14.0,10.118255810329355,-3.881744189670645,3.881744189670645,50-75%
14.0,10.059552048641802,-3.9404479513581983,3.9404479513581983,50-75%
9.0,10.306122337724881,1.3061223377248812,1.3061223377248812,50-75%
9.0,10.253937898849204,1.2539378988492036,1.2539378988492036,50-75%
9.0,9.963514972624374,0.9635149726243739,0.9635149726243739,50-75%
14.0,10.202887124069896,-3.797112875930104,3.797112875930104,50-75%
14.0,10.063124631710402,-3.9368753682895985,3.9368753682895985,50-75%
14.0,10.125244624962257,-3.8747553750377435,3.8747553750377435,50-75%
11.5,10.105081190840902,-1.3949188091590976,1.3949188091590976,50-75%
11.5,10.146774035426592,-1.353225964573408,1.353225964573408,50-75%
9.0,10.32705112192519,1.3270511219251908,1.3270511219251908,50-75%
9.0,10.319935533612561,1.3199355336125613,1.3199355336125613,50-75%
9.0,10.407674755054453,1.4076747550544528,1.4076747550544528,50-75%
9.0,9.963514972624374,0.9635149726243739,0.9635149726243739,50-75%
9.0,10.253937898849204,1.2539378988492036,1.2539378988492036,50-75%
14.0,10.13038639185334,-3.8696136081466594,3.8696136081466594,50-75%
14.0,10.211685332431687,-3.7883146675683133,3.7883146675683133,50-75%
14.0,10.124406118199662,-3.875593881800338,3.875593881800338,50-75%
14.0,10.054443004215855,-3.9455569957841448,3.9455569957841448,50-75%
14.0,10.116514249698945,-3.8834857503010554,3.8834857503010554,50-75%
11.5,10.150374793939534,-1.349625206060466,1.349625206060466,50-75%
11.5,10.205940768733937,-1.294059231266063,1.294059231266063,50-75%
11.5,10.212984701177655,-1.2870152988223449,1.2870152988223449,50-75%
9.0,10.500023552191308,1.5000235521913083,1.5000235521913083,50-75%
9.0,10.500023552191308,1.5000235521913083,1.5000235521913083,50-75%
9.0,10.416633793765364,1.4166337937653637,1.4166337937653637,50-75%
9.0,10.3522149149887,1.3522149149887,1.3522149149887,50-75%
14.0,10.140333598641158,-3.859666401358842,3.859666401358842,50-75%
14.0,10.202887124069896,-3.797112875930104,3.797112875930104,50-75%
14.0,10.140333598641158,-3.859666401358842,3.859666401358842,50-75%
14.0,10.202887124069896,-3.797112875930104,3.797112875930104,50-75%
11.5,10.204185473154983,-1.2958145268450174,1.2958145268450174,50-75%
11.5,10.204185473154983,-1.2958145268450174,1.2958145268450174,50-75%
11.5,10.382295832738595,-1.1177041672614045,1.1177041672614045,50-75%
9.0,10.428600818169588,1.4286008181695884,1.4286008181695884,50-75%
9.0,10.485553284497705,1.4855532844977049,1.4855532844977049,50-75%
9.0,10.409435795758437,1.4094357957584371,1.4094357957584371,50-75%
9.0,10.415958164512563,1.4159581645125634,1.4159581645125634,50-75%
14.0,10.202887124069896,-3.797112875930104,3.797112875930104,50-75%
14.0,10.202887124069896,-3.797112875930104,3.797112875930104,50-75%
14.0,10.450542866302438,-3.5494571336975618,3.5494571336975618,50-75%
14.0,10.211685332431687,-3.7883146675683133,3.7883146675683133,50-75%
14.0,10.118255810329355,-3.881744189670645,3.881744189670645,50-75%
11.5,10.14162469813856,-1.3583753018614395,1.3583753018614395,50-75%
11.5,10.382295832738595,-1.1177041672614045,1.1177041672614045,50-75%
9.0,10.485553284497705,1.4855532844977049,1.4855532844977049,50-75%
9.0,10.415958164512563,1.4159581645125634,1.4159581645125634,50-75%
9.0,10.411894014669603,1.4118940146696026,1.4118940146696026,50-75%
9.0,10.433485669636807,1.4334856696368075,1.4334856696368075,50-75%
14.0,10.539787921444901,-3.4602120785550987,3.4602120785550987,50-75%
14.0,10.539787921444901,-3.4602120785550987,3.4602120785550987,50-75%
14.0,10.140333598641158,-3.859666401358842,3.859666401358842,50-75%
14.0,9.96240887038704,-4.037591129612959,4.037591129612959,50-75%
11.5,10.048864730210024,-1.451135269789976,1.451135269789976,50-75%
10.666666666666666,10.325211064973555,-0.3414556016931112,0.3414556016931112,50-75%
9.0,10.415958164512563,1.4159581645125634,1.4159581645125634,50-75%
9.0,10.18404351910306,1.18404351910306,1.18404351910306,50-75%
9.0,9.752719056250427,0.7527190562504273,0.7527190562504273,50-75%
14.0,9.834732356331546,-4.165267643668454,4.165267643668454,50-75%
14.0,10.123394347192077,-3.876605652807923,3.876605652807923,50-75%
9.0,10.181994217057984,1.1819942170579836,1.1819942170579836,50-75%
9.0,10.243088918827947,1.2430889188279473,1.2430889188279473,50-75%
9.0,10.306219420473541,1.306219420473541,1.306219420473541,50-75%
9.0,10.159460465082327,1.1594604650823275,1.1594604650823275,50-75%
9.0,10.060835036900906,1.0608350369009063,1.0608350369009063,50-75%
9.0,10.895663077797485,1.8956630777974848,1.8956630777974848,50-75%
9.0,10.295736967107578,1.2957369671075778,1.2957369671075778,50-75%
9.0,10.076534112413102,1.0765341124131016,1.0765341124131016,50-75%
9.0,10.01468610389622,1.0146861038962207,1.0146861038962207,50-75%
9.0,10.045894228773225,1.045894228773225,1.045894228773225,50-75%
9.0,10.045894228773225,1.045894228773225,1.045894228773225,50-75%
9.0,10.89803551658257,1.8980355165825706,1.8980355165825706,50-75%
9.0,10.06957589744379,1.0695758974437908,1.0695758974437908,50-75%
9.0,9.752719056250427,0.7527190562504273,0.7527190562504273,50-75%
9.0,9.799491848211458,0.7994918482114581,0.7994918482114581,50-75%
9.0,10.020982808287798,1.0209828082877976,1.0209828082877976,50-75%
9.0,10.295736967107578,1.2957369671075778,1.2957369671075778,50-75%
9.0,10.840892462854043,1.8408924628540433,1.8408924628540433,50-75%
9.0,10.907379661034936,1.9073796610349358,1.9073796610349358,50-75%
9.0,9.806280291286004,0.8062802912860043,0.8062802912860043,50-75%
9.0,10.295736967107578,1.2957369671075778,1.2957369671075778,50-75%
9.0,10.299759749615195,1.2997597496151947,1.2997597496151947,50-75%
9.0,10.672150552528244,1.6721505525282438,1.6721505525282438,50-75%
9.0,10.403480847638537,1.4034808476385372,1.4034808476385372,50-75%
9.0,10.325211064973555,1.325211064973555,1.325211064973555,50-75%
11.0,11.202489179623687,0.2024891796236865,0.2024891796236865,50-75%
11.0,11.210159531555789,0.2101595315557887,0.2101595315557887,50-75%
11.0,11.210159531555789,0.2101595315557887,0.2101595315557887,50-75%
11.0,11.202489179623687,0.2024891796236865,0.2024891796236865,50-75%
11.0,12.00498661365516,1.0049866136551593,1.0049866136551593,50-75%
11.0,11.940499858523259,0.9404998585232587,0.9404998585232587,50-75%
11.0,11.132453457348078,0.13245345734807756,0.13245345734807756,50-75%
11.0,11.200577784966935,0.200577784966935,0.200577784966935,50-75%
11.0,12.013161406742915,1.013161406742915,1.013161406742915,50-75%
11.0,12.013161406742915,1.013161406742915,1.013161406742915,50-75%
11.0,12.00498661365516,1.0049866136551593,1.0049866136551593,50-75%
11.0,12.00498661365516,1.0049866136551593,1.0049866136551593,50-75%
11.0,11.154250584047748,0.15425058404774816,0.15425058404774816,50-75%
11.0,11.200577784966935,0.200577784966935,0.200577784966935,50-75%
11.0,12.002949516013969,1.0029495160139685,1.0029495160139685,50-75%
11.0,12.013161406742915,1.013161406742915,1.013161406742915,50-75%
11.0,11.940499858523259,0.9404998585232587,0.9404998585232587,50-75%
11.0,12.002949516013969,1.0029495160139685,1.0029495160139685,50-75%
11.0,12.002949516013969,1.0029495160139685,1.0029495160139685,50-75%
11.0,11.132453457348078,0.13245345734807756,0.13245345734807756,50-75%
11.0,10.563037163067154,-0.436962836932846,0.436962836932846,50-75%
11.0,12.002949516013969,1.0029495160139685,1.0029495160139685,50-75%
11.0,12.002949516013969,1.0029495160139685,1.0029495160139685,50-75%
11.0,12.013161406742915,1.013161406742915,1.013161406742915,50-75%
11.0,12.002949516013969,1.0029495160139685,1.0029495160139685,50-75%
11.0,11.772847803455484,0.772847803455484,0.772847803455484,50-75%
11.0,11.770847067975728,0.770847067975728,0.770847067975728,50-75%
11.0,12.002949516013969,1.0029495160139685,1.0029495160139685,50-75%
11.0,11.782366983984097,0.7823669839840974,0.7823669839840974,50-75%
11.0,12.002949516013969,1.0029495160139685,1.0029495160139685,50-75%
11.0,12.002949516013969,1.0029495160139685,1.0029495160139685,50-75%
11.0,11.772847803455484,0.772847803455484,0.772847803455484,50-75%
11.0,11.780876676612879,0.7808766766128787,0.7808766766128787,50-75%
6.0,12.02968299633261,6.02968299633261,6.02968299633261,25-50%
6.0,12.02968299633261,6.02968299633261,6.02968299633261,25-50%
6.0,11.501425162558743,5.501425162558743,5.501425162558743,25-50%
6.0,11.501425162558743,5.501425162558743,5.501425162558743,25-50%
6.0,11.92558384897389,5.92558384897389,5.92558384897389,25-50%
6.0,12.125985446021657,6.125985446021657,6.125985446021657,25-50%
6.0,12.125985446021657,6.125985446021657,6.125985446021657,25-50%
6.0,11.744161185274763,5.744161185274763,5.744161185274763,25-50%
6.0,11.551555180258168,5.551555180258168,5.551555180258168,25-50%
6.0,11.658612162961063,5.658612162961063,5.658612162961063,25-50%
6.0,12.027642030256612,6.027642030256612,6.027642030256612,25-50%
6.0,12.050649352069094,6.050649352069094,6.050649352069094,25-50%
6.0,12.288519800883886,6.288519800883886,6.288519800883886,25-50%
6.0,12.27809182662655,6.27809182662655,6.27809182662655,25-50%
6.0,11.658612162961063,5.658612162961063,5.658612162961063,25-50%
6.0,11.55944495128034,5.559444951280341,5.559444951280341,25-50%
6.0,11.47951600695577,5.47951600695577,5.47951600695577,25-50%
6.0,11.461673879935052,5.461673879935052,5.461673879935052,25-50%
6.0,11.93560678511504,5.93560678511504,5.93560678511504,25-50%
6.0,12.203950987258684,6.203950987258684,6.203950987258684,25-50%
6.0,12.27809182662655,6.27809182662655,6.27809182662655,25-50%
6.0,11.74216494325924,5.74216494325924,5.74216494325924,25-50%
6.0,12.23603771217605,6.236037712176049,6.236037712176049,25-50%
6.0,11.74216494325924,5.74216494325924,5.74216494325924,25-50%
6.0,11.648678499637615,5.648678499637615,5.648678499637615,25-50%
6.0,11.74216494325924,5.74216494325924,5.74216494325924,25-50%
6.0,11.578376013582858,5.578376013582858,5.578376013582858,25-50%
6.0,12.13423629765894,6.134236297658941,6.134236297658941,25-50%
6.0,11.752172026336085,5.752172026336085,5.752172026336085,25-50%
6.0,11.752172026336085,5.752172026336085,5.752172026336085,25-50%
6.0,11.74216494325924,5.74216494325924,5.74216494325924,25-50%
6.0,11.74216494325924,5.74216494325924,5.74216494325924,25-50%
6.0,11.565523586289903,5.565523586289903,5.565523586289903,25-50%
6.0,11.744161185274763,5.744161185274763,5.744161185274763,25-50%
6.0,11.744161185274763,5.744161185274763,5.744161185274763,25-50%
6.0,10.553436675883123,4.553436675883123,4.553436675883123,25-50%
6.0,10.468671668425946,4.468671668425946,4.468671668425946,25-50%
3.0,11.033232913014906,8.033232913014906,8.033232913014906,0-25%
3.0,10.392902587846445,7.392902587846445,7.392902587846445,0-25%
3.0,10.400064042455465,7.400064042455465,7.400064042455465,0-25%
3.0,10.371858137410616,7.371858137410616,7.371858137410616,0-25%
3.0,10.369403167941826,7.369403167941826,7.369403167941826,0-25%
3.0,10.345622692365051,7.345622692365051,7.345622692365051,0-25%
3.0,10.474482656479273,7.474482656479273,7.474482656479273,0-25%
3.0,10.649557260455818,7.649557260455818,7.649557260455818,0-25%
3.0,9.960585200620297,6.960585200620297,6.960585200620297,0-25%
3.0,9.37988332736845,6.37988332736845,6.37988332736845,0-25%
3.0,9.660074746269714,6.660074746269714,6.660074746269714,0-25%
3.0,10.345622692365051,7.345622692365051,7.345622692365051,0-25%
3.0,10.327513457005182,7.327513457005182,7.327513457005182,0-25%
3.0,10.474482656479273,7.474482656479273,7.474482656479273,0-25%
3.0,10.649557260455818,7.649557260455818,7.649557260455818,0-25%
3.0,9.37988332736845,6.37988332736845,6.37988332736845,0-25%
3.0,9.660074746269714,6.660074746269714,6.660074746269714,0-25%
3.0,10.345622692365051,7.345622692365051,7.345622692365051,0-25%
3.0,10.410412623934578,7.410412623934578,7.410412623934578,0-25%
3.0,10.391118006617914,7.391118006617914,7.391118006617914,0-25%
3.0,9.260628880195409,6.260628880195409,6.260628880195409,0-25%
3.0,9.652528538926672,6.652528538926672,6.652528538926672,0-25%
3.0,10.345622692365051,7.345622692365051,7.345622692365051,0-25%
3.0,10.124345674433545,7.124345674433545,7.124345674433545,0-25%
3.0,10.345622692365051,7.345622692365051,7.345622692365051,0-25%
3.0,9.652528538926672,6.652528538926672,6.652528538926672,0-25%
3.0,10.106871111582574,7.106871111582574,7.106871111582574,0-25%
3.0,9.660074746269714,6.660074746269714,6.660074746269714,0-25%
16.0,11.229898626093298,-4.7701013739067015,4.7701013739067015,75-100%
16.0,11.220301389534699,-4.779698610465301,4.779698610465301,75-100%
16.0,11.222215874175633,-4.7777841258243665,4.7777841258243665,75-100%
16.0,10.557714640462367,-5.4422853595376335,5.4422853595376335,75-100%
16.0,10.40514118303262,-5.594858816967379,5.594858816967379,75-100%
16.0,10.75899835209742,-5.24100164790258,5.24100164790258,75-100%
16.0,11.222215874175633,-4.7777841258243665,4.7777841258243665,75-100%
16.0,11.222215874175633,-4.7777841258243665,4.7777841258243665,75-100%
16.0,10.708381871906958,-5.291618128093042,5.291618128093042,75-100%
16.0,10.023441008682486,-5.976558991317514,5.976558991317514,75-100%
16.0,10.40514118303262,-5.594858816967379,5.594858816967379,75-100%
16.0,10.935979788190012,-5.0640202118099875,5.0640202118099875,75-100%
16.0,11.229898626093298,-4.7701013739067015,4.7701013739067015,75-100%
16.0,10.713793147998995,-5.286206852001005,5.286206852001005,75-100%
16.0,10.721156310922757,-5.278843689077243,5.278843689077243,75-100%
16.0,10.063038993692093,-5.936961006307907,5.936961006307907,75-100%
16.0,10.557714640462367,-5.4422853595376335,5.4422853595376335,75-100%
16.0,10.555219548083578,-5.444780451916422,5.444780451916422,75-100%
16.0,10.665181575008031,-5.334818424991969,5.334818424991969,75-100%
16.0,10.139720044915137,-5.860279955084863,5.860279955084863,75-100%
16.0,9.672241359007426,-6.327758640992574,6.327758640992574,75-100%
16.0,9.960324601846262,-6.039675398153738,6.039675398153738,75-100%
16.0,9.672241359007426,-6.327758640992574,6.327758640992574,75-100%
16.0,9.960324601846262,-6.039675398153738,6.039675398153738,75-100%
2.0,10.239035532687563,8.239035532687563,8.239035532687563,0-25%
2.0,10.233843574497147,8.233843574497147,8.233843574497147,0-25%
2.0,10.305213331377658,8.305213331377658,8.305213331377658,0-25%
2.0,10.037454670648698,8.037454670648698,8.037454670648698,0-25%
2.0,10.302143274369035,8.302143274369035,8.302143274369035,0-25%
2.0,10.302143274369035,8.302143274369035,8.302143274369035,0-25%
2.0,10.296922163075992,8.296922163075992,8.296922163075992,0-25%
2.0,10.217782401621905,8.217782401621905,8.217782401621905,0-25%
2.0,10.144386578029438,8.144386578029438,8.144386578029438,0-25%
2.0,10.209803418123888,8.209803418123888,8.209803418123888,0-25%
2.0,10.871564396278288,8.871564396278288,8.871564396278288,0-25%
2.0,10.805277179678026,8.805277179678026,8.805277179678026,0-25%
2.0,10.815076308686546,8.815076308686546,8.815076308686546,0-25%
2.0,10.91916870743216,8.91916870743216,8.91916870743216,0-25%
2.0,10.29439445980401,8.29439445980401,8.29439445980401,0-25%
2.0,10.112996023150636,8.112996023150636,8.112996023150636,0-25%
2.0,10.158498733543183,8.158498733543183,8.158498733543183,0-25%
2.0,10.575035385022552,8.575035385022552,8.575035385022552,0-25%
2.0,10.91916870743216,8.91916870743216,8.91916870743216,0-25%
2.0,10.91916870743216,8.91916870743216,8.91916870743216,0-25%
2.0,10.91916870743216,8.91916870743216,8.91916870743216,0-25%
2.0,10.994892404956168,8.994892404956168,8.994892404956168,0-25%
2.0,10.164216776082267,8.164216776082267,8.164216776082267,0-25%
2.0,10.201918028006514,8.201918028006514,8.201918028006514,0-25%
2.0,10.91916870743216,8.91916870743216,8.91916870743216,0-25%
2.0,10.852615682790159,8.852615682790159,8.852615682790159,0-25%
2.0,10.91916870743216,8.91916870743216,8.91916870743216,0-25%
2.0,10.91916870743216,8.91916870743216,8.91916870743216,0-25%
2.0,10.201918028006514,8.201918028006514,8.201918028006514,0-25%
2.0,10.237132382847523,8.237132382847523,8.237132382847523,0-25%
2.0,10.91916870743216,8.91916870743216,8.91916870743216,0-25%
2.0,10.91916870743216,8.91916870743216,8.91916870743216,0-25%
2.0,10.91916870743216,8.91916870743216,8.91916870743216,0-25%
2.0,9.785493841047579,7.785493841047579,7.785493841047579,0-25%
2.0,10.201918028006514,8.201918028006514,8.201918028006514,0-25%
2.0,10.346437147155187,8.346437147155187,8.346437147155187,0-25%
2.0,10.91916870743216,8.91916870743216,8.91916870743216,0-25%
2.0,10.91916870743216,8.91916870743216,8.91916870743216,0-25%
2.0,10.92791656214362,8.92791656214362,8.92791656214362,0-25%
2.0,9.582649293382305,7.582649293382305,7.582649293382305,0-25%
2.0,9.785493841047579,7.785493841047579,7.785493841047579,0-25%
2.0,9.748492737746362,7.748492737746362,7.748492737746362,0-25%
2.0,10.88113447257351,8.88113447257351,8.88113447257351,0-25%
2.0,10.88113447257351,8.88113447257351,8.88113447257351,0-25%
2.0,10.91916870743216,8.91916870743216,8.91916870743216,0-25%
2.0,11.523920274392468,9.523920274392468,9.523920274392468,0-25%
2.0,10.355586734511988,8.355586734511988,8.355586734511988,0-25%
2.0,10.91916870743216,8.91916870743216,8.91916870743216,0-25%
2.0,10.994892404956168,8.994892404956168,8.994892404956168,0-25%
12.0,9.123895240022502,-2.8761047599774976,2.8761047599774976,50-75%
12.0,10.118567103691444,-1.8814328963085565,1.8814328963085565,50-75%
12.0,10.384068945426371,-1.615931054573629,1.615931054573629,50-75%
12.0,10.209803418123888,-1.7901965818761116,1.7901965818761116,50-75%
12.0,10.884774539013218,-1.1152254609867818,1.1152254609867818,50-75%
12.0,10.80410350090034,-1.1958964990996606,1.1958964990996606,50-75%
12.0,9.53121587081366,-2.4687841291863393,2.4687841291863393,50-75%
12.0,10.158498733543183,-1.8415012664568167,1.8415012664568167,50-75%
12.0,10.575035385022552,-1.4249646149774478,1.4249646149774478,50-75%
12.0,10.917983705576917,-1.0820162944230827,1.0820162944230827,50-75%
12.0,9.579755149066337,-2.4202448509336634,2.4202448509336634,50-75%
12.0,9.615482690207092,-2.3845173097929084,2.3845173097929084,50-75%
12.0,10.917983705576917,-1.0820162944230827,1.0820162944230827,50-75%
12.0,10.86580474024926,-1.13419525975074,1.13419525975074,50-75%
12.0,9.579755149066337,-2.4202448509336634,2.4202448509336634,50-75%
12.0,9.615482690207092,-2.3845173097929084,2.3845173097929084,50-75%
12.0,10.237132382847523,-1.7628676171524766,1.7628676171524766,50-75%
12.0,10.917983705576917,-1.0820162944230827,1.0820162944230827,50-75%
12.0,9.220858864412788,-2.7791411355872118,2.7791411355872118,50-75%
12.0,9.220858864412788,-2.7791411355872118,2.7791411355872118,50-75%
12.0,9.615482690207092,-2.3845173097929084,2.3845173097929084,50-75%
12.0,10.346437147155187,-1.6535628528448125,1.6535628528448125,50-75%
12.0,9.220858864412788,-2.7791411355872118,2.7791411355872118,50-75%
12.0,9.582649293382305,-2.417350706617695,2.417350706617695,50-75%
12.0,9.220858864412788,-2.7791411355872118,2.7791411355872118,50-75%
7.0,9.281978771679416,2.281978771679416,2.281978771679416,25-50%
7.0,9.717851163653004,2.7178511636530036,2.7178511636530036,25-50%
7.0,9.13951221183277,2.13951221183277,2.13951221183277,25-50%
7.0,9.717851163653004,2.7178511636530036,2.7178511636530036,25-50%
7.0,9.401481358565515,2.4014813585655155,2.4014813585655155,25-50%
7.0,9.401481358565515,2.4014813585655155,2.4014813585655155,25-50%
7.0,9.401481358565515,2.4014813585655155,2.4014813585655155,25-50%
7.0,9.281978771679416,2.281978771679416,2.281978771679416,25-50%
7.0,9.877665498780015,2.877665498780015,2.877665498780015,25-50%
7.0,9.401481358565515,2.4014813585655155,2.4014813585655155,25-50%
7.0,9.103721315566059,2.103721315566059,2.103721315566059,25-50%
7.0,9.401481358565515,2.4014813585655155,2.4014813585655155,25-50%
7.0,9.281978771679416,2.281978771679416,2.281978771679416,25-50%
7.0,9.97578506829248,2.9757850682924794,2.9757850682924794,25-50%
7.0,9.89391918747484,2.8939191874748396,2.8939191874748396,25-50%
7.0,10.182671715217328,3.182671715217328,3.182671715217328,25-50%
7.0,10.453107446999699,3.4531074469996987,3.4531074469996987,25-50%
7.0,10.182671715217328,3.182671715217328,3.182671715217328,25-50%
11.0,10.413577320527006,-0.5864226794729941,0.5864226794729941,50-75%
11.0,10.254223387935099,-0.7457766120649012,0.7457766120649012,50-75%
11.0,10.161947530113684,-0.8380524698863159,0.8380524698863159,50-75%
11.0,10.35016339963311,-0.6498366003668892,0.6498366003668892,50-75%
10.0,10.413577320527006,0.4135773205270059,0.4135773205270059,50-75%
10.0,10.413577320527006,0.4135773205270059,0.4135773205270059,50-75%
11.0,10.24269204873805,-0.75730795126195,0.75730795126195,50-75%
11.0,10.168343413721,-0.8316565862789993,0.8316565862789993,50-75%
10.5,9.704745473951853,-0.7952545260481472,0.7952545260481472,50-75%
10.5,9.628463113291948,-0.8715368867080517,0.8715368867080517,50-75%
10.5,10.091895087557004,-0.4081049124429956,0.4081049124429956,50-75%
10.0,10.40021727475727,0.40021727475727076,0.40021727475727076,50-75%
10.0,10.451252253665569,0.45125225366556876,0.45125225366556876,50-75%
10.0,10.451252253665569,0.45125225366556876,0.45125225366556876,50-75%
10.5,10.078796885556542,-0.4212031144434576,0.4212031144434576,50-75%
10.0,10.451252253665569,0.45125225366556876,0.45125225366556876,50-75%
10.0,10.006456597455188,0.006456597455187563,0.006456597455187563,50-75%
10.0,9.990720522710756,-0.009279477289243943,0.009279477289243943,50-75%
10.5,10.354885226490019,-0.14511477350998092,0.14511477350998092,50-75%
10.0,10.068258396885431,0.06825839688543134,0.06825839688543134,50-75%
10.0,10.006456597455188,0.006456597455187563,0.006456597455187563,50-75%
10.0,9.752099513593674,-0.24790048640632634,0.24790048640632634,50-75%
10.5,9.42499104294009,-1.0750089570599108,1.0750089570599108,50-75%
10.0,9.752099513593674,-0.24790048640632634,0.24790048640632634,50-75%
10.0,9.819545273822179,-0.1804547261778211,0.1804547261778211,50-75%
10.0,9.819545273822179,-0.1804547261778211,0.1804547261778211,50-75%
10.0,9.995800116445354,-0.004199883554646178,0.004199883554646178,50-75%
10.0,9.990720522710756,-0.009279477289243943,0.009279477289243943,50-75%
10.0,10.006456597455188,0.006456597455187563,0.006456597455187563,50-75%
10.0,10.068258396885431,0.06825839688543134,0.06825839688543134,50-75%
10.0,9.752099513593674,-0.24790048640632634,0.24790048640632634,50-75%
10.0,9.759132213071144,-0.24086778692885602,0.24086778692885602,50-75%
10.0,10.006456597455188,0.006456597455187563,0.006456597455187563,50-75%
10.0,10.033203223938296,0.03320322393829578,0.03320322393829578,50-75%
10.0,10.073373826387034,0.0733738263870336,0.0733738263870336,50-75%
10.0,10.006456597455188,0.006456597455187563,0.006456597455187563,50-75%
4.0,10.38956929707874,6.38956929707874,6.38956929707874,0-25%
4.0,10.289177019394794,6.289177019394794,6.289177019394794,0-25%
4.0,10.21325503078598,6.21325503078598,6.21325503078598,0-25%
4.0,9.80502016172278,5.80502016172278,5.80502016172278,0-25%
4.0,9.728023240411598,5.7280232404115985,5.7280232404115985,0-25%
4.0,10.130404319971412,6.1304043199714116,6.1304043199714116,0-25%
4.0,10.124604201625022,6.124604201625022,6.124604201625022,0-25%
4.0,10.400546990121178,6.400546990121178,6.400546990121178,0-25%
4.0,9.50096023148927,5.50096023148927,5.50096023148927,0-25%
4.0,10.528994779418415,6.528994779418415,6.528994779418415,0-25%
4.0,9.848470256807946,5.848470256807946,5.848470256807946,0-25%
4.0,10.13762466200618,6.13762466200618,6.13762466200618,0-25%
4.0,10.153571068230832,6.153571068230832,6.153571068230832,0-25%
5.0,11.626823752984153,6.626823752984153,6.626823752984153,0-25%
5.0,11.580647599194215,6.580647599194215,6.580647599194215,0-25%
5.0,11.626823752984153,6.626823752984153,6.626823752984153,0-25%
5.0,11.626823752984153,6.626823752984153,6.626823752984153,0-25%
5.0,11.712815184905441,6.712815184905441,6.712815184905441,0-25%
5.0,11.626823752984153,6.626823752984153,6.626823752984153,0-25%
5.0,11.580647599194215,6.580647599194215,6.580647599194215,0-25%
5.0,11.626823752984153,6.626823752984153,6.626823752984153,0-25%
5.0,11.430404282666423,6.430404282666423,6.430404282666423,0-25%
5.0,11.268012988119441,6.268012988119441,6.268012988119441,0-25%
5.0,11.362245118492751,6.362245118492751,6.362245118492751,0-25%
5.0,11.626823752984153,6.626823752984153,6.626823752984153,0-25%
5.0,11.630509660722112,6.630509660722112,6.630509660722112,0-25%
5.0,11.562660883015273,6.562660883015273,6.562660883015273,0-25%
5.0,11.626823752984153,6.626823752984153,6.626823752984153,0-25%
5.0,10.512495652789825,5.512495652789825,5.512495652789825,0-25%
5.0,10.83539174520988,5.835391745209879,5.835391745209879,0-25%
5.0,11.149261944568071,6.149261944568071,6.149261944568071,0-25%
5.0,11.180561243893518,6.180561243893518,6.180561243893518,0-25%
5.0,11.418990143534627,6.418990143534627,6.418990143534627,0-25%
5.0,11.580647599194215,6.580647599194215,6.580647599194215,0-25%
5.0,11.534762868888066,6.534762868888066,6.534762868888066,0-25%
5.0,10.83539174520988,5.835391745209879,5.835391745209879,0-25%
5.0,10.69841520397085,5.69841520397085,5.69841520397085,0-25%
5.0,11.191712728234247,6.191712728234247,6.191712728234247,0-25%
5.0,11.15805544472584,6.158055444725839,6.158055444725839,0-25%
5.0,11.239913611575117,6.239913611575117,6.239913611575117,0-25%
5.0,11.415365962634784,6.415365962634784,6.415365962634784,0-25%
5.0,11.614397499063825,6.614397499063825,6.614397499063825,0-25%
5.0,10.927848230233497,5.927848230233497,5.927848230233497,0-25%
5.0,10.69841520397085,5.69841520397085,5.69841520397085,0-25%
5.0,10.70195858161224,5.7019585816122405,5.7019585816122405,0-25%
5.0,11.154507411285701,6.154507411285701,6.154507411285701,0-25%
5.0,10.83539174520988,5.835391745209879,5.835391745209879,0-25%
3.0,10.336929700908023,7.336929700908023,7.336929700908023,0-25%
3.0,10.389237547663114,7.3892375476631145,7.3892375476631145,0-25%
3.0,10.311698666026604,7.311698666026604,7.311698666026604,0-25%
3.0,10.336929700908023,7.336929700908023,7.336929700908023,0-25%
3.0,10.41856045210221,7.418560452102209,7.418560452102209,0-25%
3.0,10.41856045210221,7.418560452102209,7.418560452102209,0-25%
3.0,10.487143976200922,7.487143976200922,7.487143976200922,0-25%
3.0,10.328385640285942,7.328385640285942,7.328385640285942,0-25%
3.0,10.333621293089834,7.333621293089834,7.333621293089834,0-25%
3.0,10.336929700908023,7.336929700908023,7.336929700908023,0-25%
3.0,10.36280421704965,7.36280421704965,7.36280421704965,0-25%
3.0,10.37984471371045,7.379844713710449,7.379844713710449,0-25%
3.0,10.276957482996288,7.276957482996288,7.276957482996288,0-25%
3.0,10.410320186583952,7.410320186583952,7.410320186583952,0-25%
3.0,10.477112735201178,7.477112735201178,7.477112735201178,0-25%
3.0,10.400356032577264,7.400356032577264,7.400356032577264,0-25%
5.5,10.404657778218803,4.904657778218803,4.904657778218803,25-50%
5.5,10.389237547663114,4.8892375476631145,4.8892375476631145,25-50%
3.0,10.345116965539486,7.345116965539486,7.345116965539486,0-25%
3.0,10.280244398085637,7.280244398085637,7.280244398085637,0-25%
3.0,10.336929700908023,7.336929700908023,7.336929700908023,0-25%
3.0,10.363062173361307,7.363062173361307,7.363062173361307,0-25%
5.5,10.477112735201178,4.977112735201178,4.977112735201178,25-50%
5.5,10.477112735201178,4.977112735201178,4.977112735201178,25-50%
5.5,10.477112735201178,4.977112735201178,4.977112735201178,25-50%
5.5,10.404657778218803,4.904657778218803,4.904657778218803,25-50%
5.5,10.341806168466796,4.841806168466796,4.841806168466796,25-50%
5.5,10.189108014184454,4.689108014184454,4.689108014184454,25-50%
3.0,10.347308828068112,7.347308828068112,7.347308828068112,0-25%
3.0,10.273666576614541,7.273666576614541,7.273666576614541,0-25%
8.0,10.439080244097418,2.4390802440974184,2.4390802440974184,25-50%
5.5,10.477112735201178,4.977112735201178,4.977112735201178,25-50%
5.5,10.400356032577264,4.900356032577264,4.900356032577264,25-50%
5.5,10.404657778218803,4.904657778218803,4.904657778218803,25-50%
5.5,10.409928681802947,4.909928681802947,4.909928681802947,25-50%
5.5,10.267342397358652,4.767342397358652,4.767342397358652,25-50%
5.5,10.341806168466796,4.841806168466796,4.841806168466796,25-50%
8.0,10.290845996298419,2.290845996298419,2.290845996298419,25-50%
8.0,10.350614030150245,2.350614030150245,2.350614030150245,25-50%
8.0,10.350614030150245,2.350614030150245,2.350614030150245,25-50%
8.0,10.350614030150245,2.350614030150245,2.350614030150245,25-50%
5.5,10.388352390045625,4.888352390045625,4.888352390045625,25-50%
5.5,10.54713585124944,5.04713585124944,5.04713585124944,25-50%
5.5,10.661145890639247,5.161145890639247,5.161145890639247,25-50%
8.0,10.639419292423113,2.6394192924231135,2.6394192924231135,25-50%
8.0,11.146988469938856,3.146988469938856,3.146988469938856,25-50%
8.0,11.13093086208649,3.1309308620864904,3.1309308620864904,25-50%
8.0,11.088086704062816,3.0880867040628157,3.0880867040628157,25-50%
8.0,10.363975021084915,2.363975021084915,2.363975021084915,25-50%
8.0,10.176529888161097,2.176529888161097,2.176529888161097,25-50%
8.0,10.157587190501204,2.1575871905012036,2.1575871905012036,25-50%
8.0,10.359688620653777,2.3596886206537775,2.3596886206537775,25-50%
8.0,11.088086704062816,3.0880867040628157,3.0880867040628157,25-50%
8.0,11.088086704062816,3.0880867040628157,3.0880867040628157,25-50%
8.0,11.164883554891151,3.1648835548911514,3.1648835548911514,25-50%
8.0,10.144686558032465,2.1446865580324648,2.1446865580324648,25-50%
8.0,10.087062125757928,2.087062125757928,2.087062125757928,25-50%
8.0,10.363975021084915,2.363975021084915,2.363975021084915,25-50%
8.0,11.088086704062816,3.0880867040628157,3.0880867040628157,25-50%
8.0,10.287974961536513,2.287974961536513,2.287974961536513,25-50%
7.0,11.675764031990065,4.675764031990065,4.675764031990065,25-50%
7.0,11.693912684741086,4.693912684741086,4.693912684741086,25-50%
7.0,11.413326987605862,4.413326987605862,4.413326987605862,25-50%
7.0,11.416950573306627,4.416950573306627,4.416950573306627,25-50%
7.0,11.647614848681638,4.647614848681638,4.647614848681638,25-50%
7.0,11.67946422592989,4.679464225929889,4.679464225929889,25-50%
7.0,11.413326987605862,4.413326987605862,4.413326987605862,25-50%
7.0,11.439935613730922,4.439935613730922,4.439935613730922,25-50%
7.0,11.439935613730922,4.439935613730922,4.439935613730922,25-50%
7.0,11.648119748675857,4.648119748675857,4.648119748675857,25-50%
7.0,11.740504568005043,4.7405045680050435,4.7405045680050435,25-50%
7.0,11.514525881734963,4.514525881734963,4.514525881734963,25-50%
7.0,11.510873821048307,4.510873821048307,4.510873821048307,25-50%
7.0,11.43630532040389,4.436305320403889,4.436305320403889,25-50%
7.0,11.412249771296219,4.412249771296219,4.412249771296219,25-50%
7.0,11.439935613730922,4.439935613730922,4.439935613730922,25-50%
7.0,11.601865715666932,4.601865715666932,4.601865715666932,25-50%
7.0,11.43630532040389,4.436305320403889,4.436305320403889,25-50%
7.0,11.156125986136491,4.156125986136491,4.156125986136491,25-50%
7.0,11.510873821048307,4.510873821048307,4.510873821048307,25-50%
7.0,11.527142997701214,4.527142997701214,4.527142997701214,25-50%
7.0,11.43630532040389,4.436305320403889,4.436305320403889,25-50%
7.0,11.439935613730922,4.439935613730922,4.439935613730922,25-50%
7.0,11.413326987605862,4.413326987605862,4.413326987605862,25-50%
7.0,11.527142997701214,4.527142997701214,4.527142997701214,25-50%
12.0,11.606729218056197,-0.39327078194380327,0.39327078194380327,50-75%
12.0,11.590356681660504,-0.4096433183394961,0.4096433183394961,50-75%
12.0,11.606729218056197,-0.39327078194380327,0.39327078194380327,50-75%
12.0,11.414416530990056,-0.5855834690099435,0.5855834690099435,50-75%
7.0,11.497332657100973,4.497332657100973,4.497332657100973,25-50%
12.0,11.527142997701214,-0.47285700229878636,0.47285700229878636,50-75%
12.0,11.527142997701214,-0.47285700229878636,0.47285700229878636,50-75%
12.0,11.590356681660504,-0.4096433183394961,0.4096433183394961,50-75%
12.0,11.593757500851261,-0.406242499148739,0.406242499148739,50-75%
17.0,11.552024707842703,-5.447975292157297,5.447975292157297,75-100%
17.0,11.472783836795138,-5.527216163204862,5.527216163204862,75-100%
17.0,11.37219209949274,-5.6278079005072605,5.6278079005072605,75-100%
17.0,11.378996604285256,-5.6210033957147445,5.6210033957147445,75-100%
17.0,11.469415685341414,-5.5305843146585865,5.5305843146585865,75-100%
17.0,11.64955118321433,-5.35044881678567,5.35044881678567,75-100%
17.0,11.552024707842703,-5.447975292157297,5.447975292157297,75-100%
17.0,11.468079202552602,-5.531920797447398,5.531920797447398,75-100%
17.0,11.472783836795138,-5.527216163204862,5.527216163204862,75-100%
17.0,11.478548397407835,-5.521451602592165,5.521451602592165,75-100%
17.0,11.395094287422467,-5.6049057125775334,5.6049057125775334,75-100%
17.0,11.395094287422467,-5.6049057125775334,5.6049057125775334,75-100%
17.0,11.485630949714238,-5.514369050285762,5.514369050285762,75-100%
17.0,11.551723571428198,-5.448276428571802,5.448276428571802,75-100%
17.0,11.454951334846022,-5.545048665153978,5.545048665153978,75-100%
17.0,10.348267013071101,-6.651732986928899,6.651732986928899,75-100%
17.0,10.348267013071101,-6.651732986928899,6.651732986928899,75-100%
17.0,10.454542437609486,-6.545457562390514,6.545457562390514,75-100%
17.0,11.299389599607572,-5.700610400392428,5.700610400392428,75-100%
17.0,11.144476782965501,-5.855523217034499,5.855523217034499,75-100%
17.0,11.128422495416316,-5.8715775045836835,5.8715775045836835,75-100%
17.0,11.085587196470254,-5.914412803529746,5.914412803529746,75-100%
17.0,10.31033013770287,-6.68966986229713,6.68966986229713,75-100%
17.0,10.174218867236291,-6.825781132763709,6.825781132763709,75-100%
17.0,11.175744137841491,-5.824255862158509,5.824255862158509,75-100%
17.0,11.085587196470254,-5.914412803529746,5.914412803529746,75-100%
17.0,11.085587196470254,-5.914412803529746,5.914412803529746,75-100%
17.0,11.085587196470254,-5.914412803529746,5.914412803529746,75-100%
17.0,11.162368167671282,-5.837631832328718,5.837631832328718,75-100%
17.0,10.142382121495029,-6.857617878504971,6.857617878504971,75-100%
7.0,11.034448189343564,4.034448189343564,4.034448189343564,25-50%
7.0,11.034448189343564,4.034448189343564,4.034448189343564,25-50%
7.0,11.199273694711794,4.199273694711794,4.199273694711794,25-50%
7.0,11.00918877512417,4.009188775124169,4.009188775124169,25-50%
7.0,11.21953388561635,4.21953388561635,4.21953388561635,25-50%
7.0,11.030107910789743,4.030107910789743,4.030107910789743,25-50%
7.0,11.375365842236594,4.375365842236594,4.375365842236594,25-50%
7.0,11.222418370030393,4.222418370030393,4.222418370030393,25-50%
7.0,11.199273694711794,4.199273694711794,4.199273694711794,25-50%
7.0,11.202968779293538,4.202968779293538,4.202968779293538,25-50%
7.0,11.378978346664493,4.378978346664493,4.378978346664493,25-50%
7.0,11.378978346664493,4.378978346664493,4.378978346664493,25-50%
7.0,11.404742937653412,4.4047429376534115,4.4047429376534115,25-50%
7.0,11.408364017576258,4.4083640175762575,4.4083640175762575,25-50%
7.0,11.375365842236594,4.375365842236594,4.375365842236594,25-50%
7.0,11.305376266503117,4.305376266503117,4.305376266503117,25-50%
7.0,11.40238906875469,4.40238906875469,4.40238906875469,25-50%
7.0,11.404742937653412,4.4047429376534115,4.4047429376534115,25-50%
7.0,11.404742937653412,4.4047429376534115,4.4047429376534115,25-50%
7.0,11.431333163411185,4.431333163411185,4.431333163411185,25-50%
7.0,11.431333163411185,4.431333163411185,4.431333163411185,25-50%
7.0,11.488690515642196,4.488690515642196,4.488690515642196,25-50%
7.0,11.482676887530248,4.482676887530248,4.482676887530248,25-50%
7.0,11.427705380500521,4.427705380500521,4.427705380500521,25-50%
7.0,11.427705380500521,4.427705380500521,4.427705380500521,25-50%
7.0,11.342514693860483,4.342514693860483,4.342514693860483,25-50%
7.0,11.431333163411185,4.431333163411185,4.431333163411185,25-50%
4.5,10.663931123223145,6.163931123223145,6.163931123223145,0-25%
4.5,10.663931123223145,6.163931123223145,6.163931123223145,0-25%
2.0,10.43176970150462,8.43176970150462,8.43176970150462,0-25%
2.0,10.426103425562847,8.426103425562847,8.426103425562847,0-25%
2.0,10.426103425562847,8.426103425562847,8.426103425562847,0-25%
7.0,11.427705380500521,4.427705380500521,4.427705380500521,25-50%
8.5,11.431333163411185,2.9313331634111854,2.9313331634111854,50-75%
4.5,10.770294105254155,6.270294105254155,6.270294105254155,0-25%
2.0,10.377343853708215,8.377343853708215,8.377343853708215,0-25%
2.0,10.300896269993054,8.300896269993054,8.300896269993054,0-25%
2.0,10.420391324197475,8.420391324197475,8.420391324197475,0-25%
2.0,10.377383528719061,8.377383528719061,8.377383528719061,0-25%
2.0,10.397293403375059,8.397293403375059,8.397293403375059,0-25%
10.0,11.591945157846727,1.5919451578467267,1.5919451578467267,50-75%
10.0,11.598011426810316,1.5980114268103165,1.5980114268103165,50-75%
10.0,11.41598280949383,1.4159828094938298,1.4159828094938298,50-75%
6.0,10.691619388920524,4.6916193889205235,4.6916193889205235,25-50%
6.0,10.669765035127146,4.669765035127146,4.669765035127146,25-50%
6.0,10.528008315523048,4.5280083155230475,4.5280083155230475,25-50%
2.0,10.426103425562847,8.426103425562847,8.426103425562847,0-25%
2.0,10.341939666965683,8.341939666965683,8.341939666965683,0-25%
2.0,10.372127659616623,8.372127659616623,8.372127659616623,0-25%
2.0,10.304739144939607,8.304739144939607,8.304739144939607,0-25%
2.0,10.685056023224465,8.685056023224465,8.685056023224465,0-25%
10.0,11.518480241829147,1.5184802418291472,1.5184802418291472,50-75%
10.0,11.591945157846727,1.5919451578467267,1.5919451578467267,50-75%
10.0,11.494862817807089,1.494862817807089,1.494862817807089,50-75%
10.0,11.494862817807089,1.494862817807089,1.494862817807089,50-75%
6.0,10.65814400149862,4.65814400149862,4.65814400149862,25-50%
6.0,10.620006186679245,4.620006186679245,4.620006186679245,25-50%
6.0,10.514651053357182,4.514651053357182,4.514651053357182,25-50%
6.0,10.59952038190449,4.59952038190449,4.59952038190449,25-50%
2.0,10.20731686759097,8.20731686759097,8.20731686759097,0-25%
2.0,10.326252552532466,8.326252552532466,8.326252552532466,0-25%
2.0,10.664643457491813,8.664643457491813,8.664643457491813,0-25%
2.0,10.664643457491813,8.664643457491813,8.664643457491813,0-25%
10.0,11.512452269192078,1.512452269192078,1.512452269192078,50-75%
10.0,11.591945157846727,1.5919451578467267,1.5919451578467267,50-75%
10.0,11.494862817807089,1.494862817807089,1.494862817807089,50-75%
10.0,11.500882316587127,1.500882316587127,1.500882316587127,50-75%
6.0,10.65814400149862,4.65814400149862,4.65814400149862,25-50%
6.0,10.663532059097271,4.663532059097271,4.663532059097271,25-50%
6.0,10.548386812477904,4.548386812477904,4.548386812477904,25-50%
6.0,10.573131138835254,4.5731311388352545,4.5731311388352545,25-50%
2.0,10.296186338095502,8.296186338095502,8.296186338095502,0-25%
2.0,10.323372514596326,8.323372514596326,8.323372514596326,0-25%
2.0,10.676265188362933,8.676265188362933,8.676265188362933,0-25%
10.0,11.518480241829147,1.5184802418291472,1.5184802418291472,50-75%
10.0,11.494563052767086,1.4945630527670861,1.4945630527670861,50-75%
10.0,11.398231516715285,1.3982315167152848,1.3982315167152848,50-75%
10.0,11.219456204092607,1.219456204092607,1.219456204092607,50-75%
10.0,11.219456204092607,1.219456204092607,1.219456204092607,50-75%
6.0,10.487009745601249,4.487009745601249,4.487009745601249,25-50%
6.0,10.691808519978656,4.691808519978656,4.691808519978656,25-50%
6.0,10.822913311391115,4.822913311391115,4.822913311391115,25-50%
2.0,10.551957157480931,8.551957157480931,8.551957157480931,0-25%
2.0,10.640961898601741,8.640961898601741,8.640961898601741,0-25%
10.0,11.156041934299859,1.156041934299859,1.156041934299859,50-75%
10.0,11.171729874704777,1.171729874704777,1.171729874704777,50-75%
10.0,11.17860697252727,1.1786069725272696,1.1786069725272696,50-75%
10.0,11.032046646934466,1.0320466469344662,1.0320466469344662,50-75%
10.0,11.069783763750795,1.0697837637507952,1.0697837637507952,50-75%
10.0,11.171729874704777,1.171729874704777,1.171729874704777,50-75%
10.0,11.24905811914865,1.2490581191486498,1.2490581191486498,50-75%
10.0,11.150798250502206,1.1507982505022056,1.1507982505022056,50-75%
10.0,10.993492871567534,0.9934928715675344,0.9934928715675344,50-75%
8.0,10.035682611220754,2.0356826112207536,2.0356826112207536,25-50%
8.0,10.348084507562824,2.348084507562824,2.348084507562824,25-50%
8.0,10.329269194255751,2.329269194255751,2.329269194255751,25-50%
8.0,10.220000684544805,2.2200006845448055,2.2200006845448055,25-50%
8.0,10.299194971963011,2.2991949719630114,2.2991949719630114,25-50%
8.0,10.329269194255751,2.329269194255751,2.329269194255751,25-50%
8.0,10.284582950611954,2.284582950611954,2.284582950611954,25-50%
8.0,10.220000684544805,2.2200006845448055,2.2200006845448055,25-50%
8.0,10.214391617407685,2.214391617407685,2.214391617407685,25-50%
8.0,10.214391617407685,2.214391617407685,2.214391617407685,25-50%
8.0,10.220000684544805,2.2200006845448055,2.2200006845448055,25-50%
8.0,10.219951944493115,2.219951944493115,2.219951944493115,25-50%
8.0,10.128326629836984,2.128326629836984,2.128326629836984,25-50%
8.0,10.317960338896208,2.3179603388962082,2.3179603388962082,25-50%
8.0,10.316543026086137,2.316543026086137,2.316543026086137,25-50%
8.0,10.220000684544805,2.2200006845448055,2.2200006845448055,25-50%
8.0,10.065465839523776,2.0654658395237764,2.0654658395237764,25-50%
8.0,10.220000684544805,2.2200006845448055,2.2200006845448055,25-50%
8.0,10.329269194255751,2.329269194255751,2.329269194255751,25-50%
8.0,10.096395987223016,2.0963959872230156,2.0963959872230156,25-50%
8.0,10.248087566714293,2.248087566714293,2.248087566714293,25-50%
8.0,10.220000684544805,2.2200006845448055,2.2200006845448055,25-50%
8.0,10.220000684544805,2.2200006845448055,2.2200006845448055,25-50%
8.0,10.220000684544805,2.2200006845448055,2.2200006845448055,25-50%
8.0,10.214391617407685,2.214391617407685,2.214391617407685,25-50%
8.0,10.81550415483484,2.8155041548348407,2.8155041548348407,25-50%
8.0,10.243266691431879,2.243266691431879,2.243266691431879,25-50%
23.5,10.329269194255751,-13.170730805744249,13.170730805744249,75-100%
23.5,10.220000684544805,-13.279999315455195,13.279999315455195,75-100%
23.5,10.214391617407685,-13.285608382592315,13.285608382592315,75-100%
23.5,10.220000684544805,-13.279999315455195,13.279999315455195,75-100%
8.0,10.220000684544805,2.2200006845448055,2.2200006845448055,25-50%
39.0,10.035682611220754,-28.964317388779246,28.964317388779246,75-100%
39.0,10.035682611220754,-28.964317388779246,28.964317388779246,75-100%
39.0,10.332700759852994,-28.667299240147006,28.667299240147006,75-100%
39.0,10.329269194255751,-28.67073080574425,28.67073080574425,75-100%
23.5,10.220000684544805,-13.279999315455195,13.279999315455195,75-100%
39.0,10.332700759852994,-28.667299240147006,28.667299240147006,75-100%
39.0,10.096395987223016,-28.903604012776984,28.903604012776984,75-100%
39.0,9.804293272417084,-29.195706727582916,29.195706727582916,75-100%
39.0,9.747516741066768,-29.252483258933232,29.252483258933232,75-100%
39.0,10.329269194255751,-28.67073080574425,28.67073080574425,75-100%
39.0,10.351388077144406,-28.648611922855594,28.648611922855594,75-100%
39.0,10.172167652600775,-28.827832347399223,28.827832347399223,75-100%
39.0,9.788143568907621,-29.21185643109238,29.21185643109238,75-100%
39.0,9.798892024410245,-29.201107975589757,29.201107975589757,75-100%
39.0,9.677858479312604,-29.322141520687396,29.322141520687396,75-100%
39.0,10.340556784658485,-28.659443215341515,28.659443215341515,75-100%
39.0,10.220000684544805,-28.779999315455193,28.779999315455193,75-100%
39.0,10.18175424814398,-28.81824575185602,28.81824575185602,75-100%
39.0,10.03016568778994,-28.96983431221006,28.96983431221006,75-100%
39.0,9.7289007822085,-29.2710992177915,29.2710992177915,75-100%
39.0,9.723582890580934,-29.276417109419064,29.276417109419064,75-100%
39.0,9.723582890580934,-29.276417109419064,29.276417109419064,75-100%
39.0,10.332700759852994,-28.667299240147006,28.667299240147006,75-100%
39.0,9.606073949760155,-29.393926050239845,29.393926050239845,75-100%
39.0,9.718221991052058,-29.281778008947942,29.281778008947942,75-100%
39.0,9.677858479312604,-29.322141520687396,29.322141520687396,75-100%
39.0,9.75822471920195,-29.241775280798052,29.241775280798052,75-100%
9.0,10.46439165608279,1.4643916560827908,1.4643916560827908,50-75%
9.0,10.419172446442031,1.4191724464420314,1.4191724464420314,50-75%
9.0,9.813313949635688,0.8133139496356883,0.8133139496356883,50-75%
9.0,10.188574382402038,1.188574382402038,1.188574382402038,50-75%
9.0,10.434570861896416,1.4345708618964164,1.4345708618964164,50-75%
9.0,10.434521189744824,1.4345211897448245,1.4345211897448245,50-75%
9.0,10.341143641682615,1.3411436416826152,1.3411436416826152,50-75%
9.0,10.452947921734106,1.452947921734106,1.452947921734106,50-75%
9.0,10.304870617505795,1.3048706175057951,1.3048706175057951,50-75%
9.0,10.188574382402038,1.188574382402038,1.188574382402038,50-75%
9.0,10.236485766277223,1.236485766277223,1.236485766277223,50-75%
9.0,10.183709407067091,1.1837094070670915,1.1837094070670915,50-75%
9.0,10.434570861896416,1.4345708618964164,1.4345708618964164,50-75%
9.0,10.46439165608279,1.4643916560827908,1.4643916560827908,50-75%
9.0,10.122285567754071,1.122285567754071,1.122285567754071,50-75%
9.0,10.236485766277223,1.236485766277223,1.236485766277223,50-75%
9.0,10.236485766277223,1.236485766277223,1.236485766277223,50-75%
9.0,10.199721795589388,1.1997217955893884,1.1997217955893884,50-75%
9.0,10.434570861896416,1.4345708618964164,1.4345708618964164,50-75%
9.0,10.428854527517142,1.4288545275171423,1.4288545275171423,50-75%
9.0,10.916290933003694,1.916290933003694,1.916290933003694,50-75%
9.0,10.231669863469698,1.2316698634696976,1.2316698634696976,50-75%
9.0,10.309788298636189,1.3097882986361888,1.3097882986361888,50-75%
9.0,10.321056479810785,1.3210564798107853,1.3210564798107853,50-75%
9.0,10.188574382402038,1.188574382402038,1.188574382402038,50-75%
9.0,10.434570861896416,1.4345708618964164,1.4345708618964164,50-75%
9.0,10.434570861896416,1.4345708618964164,1.4345708618964164,50-75%
9.0,10.290743877708223,1.2907438777082234,1.2907438777082234,50-75%
9.0,10.916290933003694,1.916290933003694,1.916290933003694,50-75%
9.0,10.919900303856421,1.919900303856421,1.919900303856421,50-75%
9.0,10.467864149438345,1.4678641494383449,1.4678641494383449,50-75%
9.0,9.79000346567345,0.7900034656734505,0.7900034656734505,50-75%
18.0,8.121454981481449,-9.878545018518551,9.878545018518551,75-100%
18.0,8.121454981481449,-9.878545018518551,9.878545018518551,75-100%
18.0,8.013203801729343,-9.986796198270657,9.986796198270657,75-100%
18.0,8.121454981481449,-9.878545018518551,9.878545018518551,75-100%
18.0,8.24088545404751,-9.75911454595249,9.75911454595249,75-100%
18.0,8.013203801729343,-9.986796198270657,9.986796198270657,75-100%
18.0,8.013203801729343,-9.986796198270657,9.986796198270657,75-100%
18.0,8.013203801729343,-9.986796198270657,9.986796198270657,75-100%
18.0,8.013203801729343,-9.986796198270657,9.986796198270657,75-100%
9.0,7.82113042018928,-1.17886957981072,1.17886957981072,50-75%
9.0,7.82113042018928,-1.17886957981072,1.17886957981072,50-75%
9.0,7.82113042018928,-1.17886957981072,1.17886957981072,50-75%
9.0,7.82113042018928,-1.17886957981072,1.17886957981072,50-75%
18.0,8.24088545404751,-9.75911454595249,9.75911454595249,75-100%
18.0,8.24088545404751,-9.75911454595249,9.75911454595249,75-100%
18.0,8.24088545404751,-9.75911454595249,9.75911454595249,75-100%
18.0,8.013203801729343,-9.986796198270657,9.986796198270657,75-100%
18.0,8.106530363650712,-9.893469636349288,9.893469636349288,75-100%
18.0,8.080010010769684,-9.919989989230316,9.919989989230316,75-100%
18.0,8.537358669791097,-9.462641330208903,9.462641330208903,75-100%
9.0,7.111102915251523,-1.8888970847484767,1.8888970847484767,50-75%
9.0,7.217105899765623,-1.782894100234377,1.782894100234377,50-75%
9.0,8.818825702026189,-0.18117429797381135,0.18117429797381135,50-75%
9.0,8.837094960575051,-0.16290503942494894,0.16290503942494894,50-75%
9.0,8.837094960575051,-0.16290503942494894,0.16290503942494894,50-75%
9.0,7.936628635856508,-1.0633713641434923,1.0633713641434923,50-75%
18.0,8.24088545404751,-9.75911454595249,9.75911454595249,75-100%
18.0,8.24088545404751,-9.75911454595249,9.75911454595249,75-100%
18.0,8.24088545404751,-9.75911454595249,9.75911454595249,75-100%
18.0,8.221040546073734,-9.778959453926266,9.778959453926266,75-100%
18.0,8.06310161072391,-9.93689838927609,9.93689838927609,75-100%
18.0,8.228829041033794,-9.771170958966206,9.771170958966206,75-100%
18.0,8.582301351064768,-9.417698648935232,9.417698648935232,75-100%
18.0,8.538410204747672,-9.461589795252328,9.461589795252328,75-100%
9.0,7.214595878059807,-1.7854041219401928,1.7854041219401928,50-75%
9.0,7.080469977952227,-1.9195300220477733,1.9195300220477733,50-75%
9.0,7.1412550718306935,-1.8587449281693065,1.8587449281693065,50-75%
9.0,7.217105899765623,-1.782894100234377,1.782894100234377,50-75%
9.0,8.837094960575051,-0.16290503942494894,0.16290503942494894,50-75%
9.0,8.837094960575051,-0.16290503942494894,0.16290503942494894,50-75%
9.0,8.837094960575051,-0.16290503942494894,0.16290503942494894,50-75%
13.5,8.153744195354909,-5.346255804645091,5.346255804645091,50-75%
18.0,8.24088545404751,-9.75911454595249,9.75911454595249,75-100%
18.0,8.183934900244711,-9.816065099755289,9.816065099755289,75-100%
18.0,8.128316781527118,-9.871683218472882,9.871683218472882,75-100%
18.0,8.080010010769684,-9.919989989230316,9.919989989230316,75-100%
18.0,8.538410204747672,-9.461589795252328,9.461589795252328,75-100%
18.0,8.45993105079,-9.54006894921,9.54006894921,75-100%
9.0,7.210489263356314,-1.7895107366436864,1.7895107366436864,50-75%
9.0,7.140192770420366,-1.8598072295796344,1.8598072295796344,50-75%
9.0,7.194316838504782,-1.8056831614952182,1.8056831614952182,50-75%
9.0,8.837094960575051,-0.16290503942494894,0.16290503942494894,50-75%
9.0,8.837094960575051,-0.16290503942494894,0.16290503942494894,50-75%
9.0,8.837094960575051,-0.16290503942494894,0.16290503942494894,50-75%
9.0,7.936628635856508,-1.0633713641434923,1.0633713641434923,50-75%
18.0,8.162250321734497,-9.837749678265503,9.837749678265503,75-100%
18.0,8.106285366769008,-9.893714633230992,9.893714633230992,75-100%
18.0,8.221040546073734,-9.778959453926266,9.778959453926266,75-100%
18.0,8.538410204747672,-9.461589795252328,9.461589795252328,75-100%
18.0,8.45993105079,-9.54006894921,9.54006894921,75-100%
9.0,7.480940946795706,-1.5190590532042938,1.5190590532042938,50-75%
9.0,7.210489263356314,-1.7895107366436864,1.7895107366436864,50-75%
9.0,7.217105899765623,-1.782894100234377,1.782894100234377,50-75%
9.0,7.217105899765623,-1.782894100234377,1.782894100234377,50-75%
9.0,8.837094960575051,-0.16290503942494894,0.16290503942494894,50-75%
9.0,8.716896230966189,-0.2831037690338114,0.2831037690338114,50-75%
18.0,8.818720605135331,-9.181279394864669,9.181279394864669,75-100%
18.0,8.709934065091348,-9.290065934908652,9.290065934908652,75-100%
9.0,7.080469977952227,-1.9195300220477733,1.9195300220477733,50-75%
9.0,7.217105899765623,-1.782894100234377,1.782894100234377,50-75%
9.0,7.1978670284209025,-1.8021329715790975,1.8021329715790975,50-75%
9.0,8.837094960575051,-0.16290503942494894,0.16290503942494894,50-75%
25.0,9.156797262782442,-15.843202737217558,15.843202737217558,75-100%
25.0,9.146687903120226,-15.853312096879774,15.853312096879774,75-100%
25.0,9.26365815200622,-15.73634184799378,15.73634184799378,75-100%
25.0,9.263702737868206,-15.736297262131794,15.736297262131794,75-100%
25.0,9.244641191777792,-15.755358808222208,15.755358808222208,75-100%
25.0,9.263702737868206,-15.736297262131794,15.736297262131794,75-100%
25.0,9.241661317993884,-15.758338682006116,15.758338682006116,75-100%
25.0,9.263702737868206,-15.736297262131794,15.736297262131794,75-100%
25.0,9.187658550368019,-15.812341449631981,15.812341449631981,75-100%
25.0,9.263702737868206,-15.736297262131794,15.736297262131794,75-100%
25.0,9.263702737868206,-15.736297262131794,15.736297262131794,75-100%
25.0,9.156797262782442,-15.843202737217558,15.843202737217558,75-100%
25.0,9.263702737868206,-15.736297262131794,15.736297262131794,75-100%
25.0,9.263702737868206,-15.736297262131794,15.736297262131794,75-100%
25.0,9.263702737868206,-15.736297262131794,15.736297262131794,75-100%
25.0,9.263702737868206,-15.736297262131794,15.736297262131794,75-100%
25.0,9.263702737868206,-15.736297262131794,15.736297262131794,75-100%
25.0,10.139369629316601,-14.860630370683399,14.860630370683399,75-100%
25.0,9.263702737868206,-15.736297262131794,15.736297262131794,75-100%
25.0,9.263702737868206,-15.736297262131794,15.736297262131794,75-100%
25.0,9.263702737868206,-15.736297262131794,15.736297262131794,75-100%
25.0,9.263702737868206,-15.736297262131794,15.736297262131794,75-100%
25.0,9.263702737868206,-15.736297262131794,15.736297262131794,75-100%
25.0,9.19013775138264,-15.80986224861736,15.80986224861736,75-100%
25.0,9.156797262782442,-15.843202737217558,15.843202737217558,75-100%
25.0,9.014213686915161,-15.985786313084839,15.985786313084839,75-100%
25.0,9.263702737868206,-15.736297262131794,15.736297262131794,75-100%
25.0,9.19013775138264,-15.80986224861736,15.80986224861736,75-100%
25.0,9.19013775138264,-15.80986224861736,15.80986224861736,75-100%
25.0,9.263702737868206,-15.736297262131794,15.736297262131794,75-100%
25.0,9.263702737868206,-15.736297262131794,15.736297262131794,75-100%
25.0,9.146972694547944,-15.853027305452056,15.853027305452056,75-100%
25.0,9.156797262782442,-15.843202737217558,15.843202737217558,75-100%
25.0,9.035765609179636,-15.964234390820364,15.964234390820364,75-100%
25.0,9.241661317993884,-15.758338682006116,15.758338682006116,75-100%
17.0,9.263702737868206,-7.736297262131794,7.736297262131794,75-100%
17.0,9.263702737868206,-7.736297262131794,7.736297262131794,75-100%
17.0,9.1751916394891,-7.8248083605109,7.8248083605109,75-100%
17.0,8.95812810481793,-8.04187189518207,8.04187189518207,75-100%
9.0,9.19013775138264,0.19013775138263966,0.19013775138263966,50-75%
9.0,9.146687903120226,0.14668790312022573,0.14668790312022573,50-75%
17.0,9.096742170218834,-7.903257829781166,7.903257829781166,75-100%
9.0,9.106460982870285,0.10646098287028494,0.10646098287028494,50-75%
9.0,9.058719075394142,0.05871907539414245,0.05871907539414245,50-75%
9.0,9.097999141759843,0.0979991417598427,0.0979991417598427,50-75%
18.0,9.986539454099454,-8.013460545900546,8.013460545900546,75-100%
13.5,9.156778819081145,-4.343221180918855,4.343221180918855,50-75%
13.5,9.190462853076223,-4.309537146923777,4.309537146923777,50-75%
13.5,9.20027187836685,-4.29972812163315,4.29972812163315,50-75%
9.0,9.30578130782678,0.3057813078267806,0.3057813078267806,50-75%
9.0,9.200003004720386,0.20000300472038646,0.20000300472038646,50-75%
18.0,10.007362182124343,-7.992637817875657,7.992637817875657,75-100%
18.0,10.007362182124343,-7.992637817875657,7.992637817875657,75-100%
13.5,10.146370236040791,-3.3536297639592085,3.3536297639592085,50-75%
13.5,9.156778819081145,-4.343221180918855,4.343221180918855,50-75%
13.5,9.125137496327591,-4.374862503672409,4.374862503672409,50-75%
13.5,9.401442348315399,-4.098557651684601,4.098557651684601,50-75%
13.5,9.664440696547144,-3.8355593034528557,3.8355593034528557,50-75%
9.0,9.450535452667003,0.4505354526670029,0.4505354526670029,50-75%
18.0,9.946468830081535,-8.053531169918465,8.053531169918465,75-100%
18.0,10.007362182124343,-7.992637817875657,7.992637817875657,75-100%
13.5,10.384455579919498,-3.115544420080502,3.115544420080502,50-75%
13.5,9.647232176635997,-3.852767823364003,3.852767823364003,50-75%
13.5,9.68208733746029,-3.81791266253971,3.81791266253971,50-75%
13.5,9.195172590818547,-4.304827409181453,4.304827409181453,50-75%
9.0,9.222059922665451,0.22205992266545138,0.22205992266545138,50-75%
18.0,10.007362182124343,-7.992637817875657,7.992637817875657,75-100%
18.0,10.007362182124343,-7.992637817875657,7.992637817875657,75-100%
18.0,9.233042345257465,-8.766957654742535,8.766957654742535,75-100%
13.5,9.938141733750605,-3.561858266249395,3.561858266249395,50-75%
13.5,9.938141733750605,-3.561858266249395,3.561858266249395,50-75%
13.5,9.190462853076223,-4.309537146923777,4.309537146923777,50-75%
13.5,9.371154665907145,-4.128845334092855,4.128845334092855,50-75%
18.0,9.89768352752349,-8.10231647247651,8.10231647247651,75-100%
18.0,10.007362182124343,-7.992637817875657,7.992637817875657,75-100%
18.0,9.03011210805309,-8.96988789194691,8.96988789194691,75-100%
18.0,9.857538059443103,-8.142461940556897,8.142461940556897,75-100%
18.0,9.832200204110908,-8.167799795889092,8.167799795889092,75-100%
18.0,9.233042345257465,-8.766957654742535,8.766957654742535,75-100%
18.0,9.063376063411397,-8.936623936588603,8.936623936588603,75-100%
18.0,9.073062758877374,-8.926937241122626,8.926937241122626,75-100%
18.0,9.03011210805309,-8.96988789194691,8.96988789194691,75-100%
18.0,9.524924716039086,-8.475075283960914,8.475075283960914,75-100%
18.0,9.832200204110908,-8.167799795889092,8.167799795889092,75-100%
18.0,9.67112901958853,-8.32887098041147,8.32887098041147,75-100%
10.0,10.03687328345127,0.0368732834512695,0.0368732834512695,50-75%
8.0,9.447276209762826,1.4472762097628262,1.4472762097628262,25-50%
8.0,9.42484056374272,1.4248405637427197,1.4248405637427197,25-50%
8.0,9.427873734644667,1.4278737346446668,1.4278737346446668,25-50%
8.0,9.447276209762826,1.4472762097628262,1.4472762097628262,25-50%
10.0,9.51218926481306,-0.4878107351869403,0.4878107351869403,50-75%
10.0,9.303723298478577,-0.6962767015214233,0.6962767015214233,50-75%
10.0,10.294329098639123,0.29432909863912293,0.29432909863912293,50-75%
10.0,10.174364234041521,0.17436423404152102,0.17436423404152102,50-75%
10.0,10.153225586702892,0.15322558670289155,0.15322558670289155,50-75%
10.0,10.235920833582071,0.23592083358207105,0.23592083358207105,50-75%
8.0,9.447276209762826,1.4472762097628262,1.4472762097628262,25-50%
8.0,9.323677626434975,1.323677626434975,1.323677626434975,25-50%
8.0,9.589691802251027,1.5896918022510267,1.5896918022510267,25-50%
8.0,9.479390864855933,1.479390864855933,1.479390864855933,25-50%
8.0,9.589691802251027,1.5896918022510267,1.5896918022510267,25-50%
8.0,9.589691802251027,1.5896918022510267,1.5896918022510267,25-50%
10.0,9.832820065374626,-0.1671799346253735,0.1671799346253735,50-75%
10.0,9.303723298478577,-0.6962767015214233,0.6962767015214233,50-75%
10.0,10.101797961776866,0.10179796177686562,0.10179796177686562,50-75%
10.0,10.101797961776866,0.10179796177686562,0.10179796177686562,50-75%
10.0,10.174364234041521,0.17436423404152102,0.17436423404152102,50-75%
10.0,10.174364234041521,0.17436423404152102,0.17436423404152102,50-75%
9.0,10.152458984540786,1.152458984540786,1.152458984540786,50-75%
8.0,9.589691802251027,1.5896918022510267,1.5896918022510267,25-50%
8.0,9.589691802251027,1.5896918022510267,1.5896918022510267,25-50%
8.0,9.589691802251027,1.5896918022510267,1.5896918022510267,25-50%
8.0,9.589691802251027,1.5896918022510267,1.5896918022510267,25-50%
8.0,9.589691802251027,1.5896918022510267,1.5896918022510267,25-50%
10.0,9.343286015188324,-0.6567139848116756,0.6567139848116756,50-75%
10.0,9.189746758561135,-0.8102532414388648,0.8102532414388648,50-75%
10.0,10.163555383470412,0.16355538347041154,0.16355538347041154,50-75%
10.0,10.163555383470412,0.16355538347041154,0.16355538347041154,50-75%
10.0,10.168777981333914,0.16877798133391408,0.16877798133391408,50-75%
9.0,10.152458984540786,1.152458984540786,1.152458984540786,50-75%
8.0,10.252269469794443,2.2522694697944434,2.2522694697944434,25-50%
8.0,9.447276209762826,1.4472762097628262,1.4472762097628262,25-50%
8.0,9.513790292414361,1.5137902924143614,1.5137902924143614,25-50%
8.0,9.513790292414361,1.5137902924143614,1.5137902924143614,25-50%
8.0,9.589691802251027,1.5896918022510267,1.5896918022510267,25-50%
8.0,9.589691802251027,1.5896918022510267,1.5896918022510267,25-50%
10.0,9.401106428193044,-0.5988935718069559,0.5988935718069559,50-75%
10.0,10.163555383470412,0.16355538347041154,0.16355538347041154,50-75%
10.0,10.057844696442427,0.057844696442426624,0.057844696442426624,50-75%
10.0,10.112547017173426,0.11254701717342641,0.11254701717342641,50-75%
10.0,10.168777981333914,0.16877798133391408,0.16877798133391408,50-75%
9.0,10.208891908558284,1.208891908558284,1.208891908558284,50-75%
9.0,10.203650553144854,1.203650553144854,1.203650553144854,50-75%
8.0,10.252269469794443,2.2522694697944434,2.2522694697944434,25-50%
8.0,9.42484056374272,1.4248405637427197,1.4248405637427197,25-50%
8.0,9.589691802251027,1.5896918022510267,1.5896918022510267,25-50%
8.0,9.589691802251027,1.5896918022510267,1.5896918022510267,25-50%
8.0,9.4983694718161,1.4983694718160994,1.4983694718160994,25-50%
10.0,10.163555383470412,0.16355538347041154,0.16355538347041154,50-75%
10.0,10.163555383470412,0.16355538347041154,0.16355538347041154,50-75%
10.0,10.101797961776866,0.10179796177686562,0.10179796177686562,50-75%
10.0,10.174364234041521,0.17436423404152102,0.17436423404152102,50-75%
10.0,10.168777981333914,0.16877798133391408,0.16877798133391408,50-75%
10.0,10.163555383470412,0.16355538347041154,0.16355538347041154,50-75%
8.0,10.241385262269299,2.241385262269299,2.241385262269299,25-50%
8.0,10.2466442709486,2.2466442709486003,2.2466442709486003,25-50%
8.0,10.190021276742574,2.1900212767425735,2.1900212767425735,25-50%
8.0,9.37239546225768,1.3723954622576802,1.3723954622576802,25-50%
8.0,9.328168483197295,1.3281684831972953,1.3281684831972953,25-50%
10.0,10.163555383470412,0.16355538347041154,0.16355538347041154,50-75%
10.0,10.082815327716695,0.08281532771669475,0.08281532771669475,50-75%
10.0,10.163555383470412,0.16355538347041154,0.16355538347041154,50-75%
10.0,10.163555383470412,0.16355538347041154,0.16355538347041154,50-75%
20.0,10.163555383470412,-9.836444616529588,9.836444616529588,75-100%
20.0,10.14243718333357,-9.85756281666643,9.85756281666643,75-100%
20.0,10.069370769427751,-9.930629230572249,9.930629230572249,75-100%
20.0,10.113802587800867,-9.886197412199133,9.886197412199133,75-100%
20.0,10.163555383470412,-9.836444616529588,9.836444616529588,75-100%
20.0,10.163555383470412,-9.836444616529588,9.836444616529588,75-100%
20.0,10.163555383470412,-9.836444616529588,9.836444616529588,75-100%
20.0,9.172438243424647,-10.827561756575353,10.827561756575353,75-100%
20.0,10.19251653159111,-9.80748346840889,9.80748346840889,75-100%
20.0,10.338658159811295,-9.661341840188705,9.661341840188705,75-100%
20.0,10.101797961776866,-9.898202038223134,9.898202038223134,75-100%
20.0,10.163555383470412,-9.836444616529588,9.836444616529588,75-100%
20.0,10.402007800364704,-9.597992199635296,9.597992199635296,75-100%
20.0,9.66364776761298,-10.33635223238702,10.33635223238702,75-100%
20.0,9.797863554367982,-10.202136445632018,10.202136445632018,75-100%
20.0,10.163555383470412,-9.836444616529588,9.836444616529588,75-100%
20.0,10.402007800364704,-9.597992199635296,9.597992199635296,75-100%
20.0,10.163555383470412,-9.836444616529588,9.836444616529588,75-100%
20.0,10.163555383470412,-9.836444616529588,9.836444616529588,75-100%
20.0,9.378248037317938,-10.621751962682062,10.621751962682062,75-100%
20.0,10.056693158198598,-9.943306841801402,9.943306841801402,75-100%
20.0,10.056693158198598,-9.943306841801402,9.943306841801402,75-100%
20.0,10.14243718333357,-9.85756281666643,9.85756281666643,75-100%
20.0,10.128198387758909,-9.871801612241091,9.871801612241091,75-100%
20.0,10.161624240200915,-9.838375759799085,9.838375759799085,75-100%
20.0,10.052320401395459,-9.947679598604541,9.947679598604541,75-100%
20.0,10.163555383470412,-9.836444616529588,9.836444616529588,75-100%
20.0,9.172438243424647,-10.827561756575353,10.827561756575353,75-100%
20.0,9.91469190265937,-10.08530809734063,10.08530809734063,75-100%
20.0,10.03766077783946,-9.96233922216054,9.96233922216054,75-100%
20.0,10.19704108857796,-9.80295891142204,9.80295891142204,75-100%
20.0,10.223984783542377,-9.776015216457623,9.776015216457623,75-100%
20.0,9.215998359036329,-10.784001640963671,10.784001640963671,75-100%
20.0,9.172438243424647,-10.827561756575353,10.827561756575353,75-100%
20.0,9.674272185316894,-10.325727814683106,10.325727814683106,75-100%
20.0,9.215998359036329,-10.784001640963671,10.784001640963671,75-100%
7.0,9.856565376452801,2.856565376452801,2.856565376452801,25-50%
7.0,9.776128645754335,2.7761286457543353,2.7761286457543353,25-50%
7.0,9.856565376452801,2.856565376452801,2.856565376452801,25-50%
7.0,10.758493064377646,3.758493064377646,3.758493064377646,25-50%
7.0,10.43692190622749,3.4369219062274894,3.4369219062274894,25-50%
7.0,9.856565376452801,2.856565376452801,2.856565376452801,25-50%
7.0,9.856565376452801,2.856565376452801,2.856565376452801,25-50%
7.0,9.856565376452801,2.856565376452801,2.856565376452801,25-50%
7.0,9.856565376452801,2.856565376452801,2.856565376452801,25-50%
7.0,10.758493064377646,3.758493064377646,3.758493064377646,25-50%
7.0,9.856565376452801,2.856565376452801,2.856565376452801,25-50%
7.0,9.856565376452801,2.856565376452801,2.856565376452801,25-50%
7.0,9.856565376452801,2.856565376452801,2.856565376452801,25-50%
7.0,9.856565376452801,2.856565376452801,2.856565376452801,25-50%
7.0,9.850378281656658,2.850378281656658,2.850378281656658,25-50%
7.0,9.814877592437977,2.814877592437977,2.814877592437977,25-50%
7.0,9.748578819716876,2.748578819716876,2.748578819716876,25-50%
7.0,9.856565376452801,2.856565376452801,2.856565376452801,25-50%
7.0,9.559660128261152,2.559660128261152,2.559660128261152,25-50%
7.0,9.856565376452801,2.856565376452801,2.856565376452801,25-50%
7.0,9.856565376452801,2.856565376452801,2.856565376452801,25-50%
7.0,9.804416469693704,2.804416469693704,2.804416469693704,25-50%
7.0,9.814877592437977,2.814877592437977,2.814877592437977,25-50%
7.0,9.856565376452801,2.856565376452801,2.856565376452801,25-50%
7.0,9.559660128261152,2.559660128261152,2.559660128261152,25-50%
7.0,9.559660128261152,2.559660128261152,2.559660128261152,25-50%
7.0,9.50136712486316,2.50136712486316,2.50136712486316,25-50%
7.0,9.834463779631122,2.834463779631122,2.834463779631122,25-50%
7.0,9.603336240455697,2.603336240455697,2.603336240455697,25-50%
7.0,9.767195400070847,2.7671954000708467,2.7671954000708467,25-50%
7.0,10.415681480660245,3.415681480660245,3.415681480660245,25-50%
7.0,10.43692190622749,3.4369219062274894,3.4369219062274894,25-50%
7.0,9.39918921772465,2.3991892177246505,2.3991892177246505,25-50%
7.0,9.40919915657722,2.4091991565772197,2.4091991565772197,25-50%
7.0,9.710444712303666,2.7104447123036657,2.7104447123036657,25-50%
7.0,9.313356300302596,2.313356300302596,2.313356300302596,25-50%
7.0,9.472734241155914,2.472734241155914,2.472734241155914,25-50%
5.0,10.533977086846566,5.533977086846566,5.533977086846566,0-25%
5.0,10.533977086846566,5.533977086846566,5.533977086846566,0-25%
5.0,10.533977086846566,5.533977086846566,5.533977086846566,0-25%
5.0,9.649270753342574,4.649270753342574,4.649270753342574,0-25%
5.0,10.533977086846566,5.533977086846566,5.533977086846566,0-25%
5.0,10.509089345226037,5.509089345226037,5.509089345226037,0-25%
5.0,10.509089345226037,5.509089345226037,5.509089345226037,0-25%
5.0,10.509089345226037,5.509089345226037,5.509089345226037,0-25%
5.0,9.412770899426476,4.4127708994264765,4.4127708994264765,0-25%
5.0,9.509228856544436,4.509228856544436,4.509228856544436,0-25%
5.0,9.62629201002094,4.62629201002094,4.62629201002094,0-25%
5.0,10.509089345226037,5.509089345226037,5.509089345226037,0-25%
5.0,10.509089345226037,5.509089345226037,5.509089345226037,0-25%
5.0,9.390302469868539,4.390302469868539,4.390302469868539,0-25%
5.0,9.412770899426476,4.4127708994264765,4.4127708994264765,0-25%
5.0,9.412770899426476,4.4127708994264765,4.4127708994264765,0-25%
5.0,9.509228856544436,4.509228856544436,4.509228856544436,0-25%
5.0,9.431365556129382,4.431365556129382,4.431365556129382,0-25%
5.0,9.474661528652497,4.474661528652497,4.474661528652497,0-25%
5.0,10.344861902964585,5.344861902964585,5.344861902964585,0-25%
5.0,10.509089345226037,5.509089345226037,5.509089345226037,0-25%
5.0,9.390302469868539,4.390302469868539,4.390302469868539,0-25%
5.0,9.393432506889441,4.393432506889441,4.393432506889441,0-25%
5.0,9.412770899426476,4.4127708994264765,4.4127708994264765,0-25%
5.0,9.474661528652497,4.474661528652497,4.474661528652497,0-25%
5.0,9.474661528652497,4.474661528652497,4.474661528652497,0-25%
5.0,10.344861902964585,5.344861902964585,5.344861902964585,0-25%
5.0,9.242039410319247,4.242039410319247,4.242039410319247,0-25%
5.0,9.275839064237442,4.2758390642374415,4.2758390642374415,0-25%
5.0,9.412770899426476,4.4127708994264765,4.4127708994264765,0-25%
5.0,9.412770899426476,4.4127708994264765,4.4127708994264765,0-25%
5.0,9.462354520839913,4.462354520839913,4.462354520839913,0-25%
5.0,9.393822829943002,4.3938228299430016,4.3938228299430016,0-25%
5.0,9.220044512690412,4.2200445126904125,4.2200445126904125,0-25%
5.0,9.242039410319247,4.242039410319247,4.242039410319247,0-25%
5.0,9.390302469868539,4.390302469868539,4.390302469868539,0-25%
5.0,9.412770899426476,4.4127708994264765,4.4127708994264765,0-25%
7.0,9.377817655506604,2.377817655506604,2.377817655506604,25-50%
7.0,9.377817655506604,2.377817655506604,2.377817655506604,25-50%
7.0,9.464456694536866,2.4644566945368656,2.4644566945368656,25-50%
7.0,9.800446088478937,2.800446088478937,2.800446088478937,25-50%
7.0,9.800446088478937,2.800446088478937,2.800446088478937,25-50%
7.0,9.428123382837294,2.4281233828372937,2.4281233828372937,25-50%
6.0,9.275839064237442,3.2758390642374415,3.2758390642374415,25-50%
6.0,9.390302469868539,3.390302469868539,3.390302469868539,25-50%
6.0,9.390302469868539,3.390302469868539,3.390302469868539,25-50%
7.0,9.390302469868539,2.390302469868539,2.390302469868539,25-50%
7.0,9.499701745035416,2.4997017450354164,2.4997017450354164,25-50%
7.0,9.464456694536866,2.4644566945368656,2.4644566945368656,25-50%
7.0,9.464456694536866,2.4644566945368656,2.4644566945368656,25-50%
7.0,9.464456694536866,2.4644566945368656,2.4644566945368656,25-50%
7.0,9.800446088478937,2.800446088478937,2.800446088478937,25-50%
7.0,10.013586615268279,3.013586615268279,3.013586615268279,25-50%
7.0,9.966625653705869,2.9666256537058686,2.9666256537058686,25-50%
7.0,9.224147027100646,2.2241470271006456,2.2241470271006456,25-50%
7.0,9.275839064237442,2.2758390642374415,2.2758390642374415,25-50%
7.0,10.512556412314018,3.5125564123140176,3.5125564123140176,25-50%
7.0,10.533977086846566,3.5339770868465656,3.5339770868465656,25-50%
7.0,10.533977086846566,3.5339770868465656,3.5339770868465656,25-50%
7.0,9.499701745035416,2.4997017450354164,2.4997017450354164,25-50%
7.0,9.499701745035416,2.4997017450354164,2.4997017450354164,25-50%
7.0,9.464456694536866,2.4644566945368656,2.4644566945368656,25-50%
7.0,9.464456694536866,2.4644566945368656,2.4644566945368656,25-50%
7.0,9.441984153227777,2.441984153227777,2.441984153227777,25-50%
7.0,10.00262446791178,3.0026244679117795,3.0026244679117795,25-50%
7.0,9.374642303789969,2.374642303789969,2.374642303789969,25-50%
7.0,9.772000274618186,2.772000274618186,2.772000274618186,25-50%
7.0,9.342311870160186,2.342311870160186,2.342311870160186,25-50%
7.0,9.327425159491046,2.327425159491046,2.327425159491046,25-50%
7.0,9.360390034305365,2.3603900343053645,2.3603900343053645,25-50%
7.0,9.412770899426476,2.4127708994264765,2.4127708994264765,25-50%
7.0,10.533977086846566,3.5339770868465656,3.5339770868465656,25-50%
7.0,10.533977086846566,3.5339770868465656,3.5339770868465656,25-50%
7.0,10.533977086846566,3.5339770868465656,3.5339770868465656,25-50%
7.0,9.480201906248176,2.480201906248176,2.480201906248176,25-50%
7.0,9.464456694536866,2.4644566945368656,2.4644566945368656,25-50%
7.0,9.493201865154965,2.4932018651549654,2.4932018651549654,25-50%
7.0,9.560901899403913,2.5609018994039126,2.5609018994039126,25-50%
7.0,9.966625653705869,2.9666256537058686,2.9666256537058686,25-50%
7.0,9.7226597850156,2.7226597850155994,2.7226597850155994,25-50%
7.0,9.404577129506498,2.4045771295064977,2.4045771295064977,25-50%
7.0,9.465044410924065,2.4650444109240652,2.4650444109240652,25-50%
7.0,9.520033439001708,2.5200334390017076,2.5200334390017076,25-50%
7.0,10.533977086846566,3.5339770868465656,3.5339770868465656,25-50%
7.0,10.533977086846566,3.5339770868465656,3.5339770868465656,25-50%
7.0,10.533977086846566,3.5339770868465656,3.5339770868465656,25-50%
7.0,9.499701745035416,2.4997017450354164,2.4997017450354164,25-50%
7.0,9.560901899403913,2.5609018994039126,2.5609018994039126,25-50%
7.0,9.521130835868217,2.5211308358682167,2.5211308358682167,25-50%
7.0,9.441984153227777,2.441984153227777,2.441984153227777,25-50%
7.0,9.7226597850156,2.7226597850155994,2.7226597850155994,25-50%
7.0,9.555193073923093,2.5551930739230926,2.5551930739230926,25-50%
7.0,9.412770899426476,2.4127708994264765,2.4127708994264765,25-50%
7.0,9.412770899426476,2.4127708994264765,2.4127708994264765,25-50%
7.0,10.533977086846566,3.5339770868465656,3.5339770868465656,25-50%
7.0,10.477364512087664,3.4773645120876644,3.4773645120876644,25-50%
7.0,9.551976600916126,2.5519766009161255,2.5519766009161255,25-50%
7.0,9.464456694536866,2.4644566945368656,2.4644566945368656,25-50%
7.0,9.43090593962189,2.4309059396218906,2.4309059396218906,25-50%
7.0,9.315336690599548,2.3153366905995476,2.3153366905995476,25-50%
7.0,9.465044410924065,2.4650444109240652,2.4650444109240652,25-50%
7.0,9.412770899426476,2.4127708994264765,2.4127708994264765,25-50%
7.0,9.47062216618671,2.4706221661867094,2.4706221661867094,25-50%
7.0,10.533977086846566,3.5339770868465656,3.5339770868465656,25-50%
10.0,10.395501197762819,0.3955011977628189,0.3955011977628189,50-75%
10.0,9.584708926702096,-0.4152910732979045,0.4152910732979045,50-75%
10.0,9.56236788814704,-0.4376321118529596,0.4376321118529596,50-75%
10.0,9.510376025345643,-0.48962397465435714,0.48962397465435714,50-75%
10.0,10.472563594002562,0.47256359400256187,0.47256359400256187,50-75%
10.0,10.426152444839916,0.4261524448399161,0.4261524448399161,50-75%
10.0,9.475634535342376,-0.5243654646576239,0.5243654646576239,50-75%
10.0,9.510376025345643,-0.48962397465435714,0.48962397465435714,50-75%
10.0,9.520492989190469,-0.47950701080953095,0.47950701080953095,50-75%
10.0,10.421433636503231,0.42143363650323096,0.42143363650323096,50-75%
10.0,10.472563594002562,0.47256359400256187,0.47256359400256187,50-75%
10.0,10.447808368957228,0.44780836895722764,0.44780836895722764,50-75%
10.0,10.447808368957228,0.44780836895722764,0.44780836895722764,50-75%
10.0,9.475634535342376,-0.5243654646576239,0.5243654646576239,50-75%
10.0,9.442999884210826,-0.5570001157891742,0.5570001157891742,50-75%
10.0,9.583830977122645,-0.41616902287735513,0.41616902287735513,50-75%
10.0,9.797941896190075,-0.20205810380992517,0.20205810380992517,50-75%
7.0,9.522414625840774,2.5224146258407742,2.5224146258407742,25-50%
7.0,9.522414625840774,2.5224146258407742,2.5224146258407742,25-50%
7.0,10.491176188521715,3.491176188521715,3.491176188521715,25-50%
7.0,10.483671634523303,3.4836716345233025,3.4836716345233025,25-50%
7.0,9.47637605645567,2.4763760564556705,2.4763760564556705,25-50%
7.0,9.522414625840774,2.5224146258407742,2.5224146258407742,25-50%
10.0,10.495942697978501,0.4959426979785011,0.4959426979785011,50-75%
10.0,10.409096721358214,0.40909672135821395,0.40909672135821395,50-75%
10.0,10.472563594002562,0.47256359400256187,0.47256359400256187,50-75%
10.0,10.53522683255014,0.5352268325501406,0.5352268325501406,50-75%
10.0,9.757256008594435,-0.24274399140556469,0.24274399140556469,50-75%
10.0,9.916204703076989,-0.08379529692301091,0.08379529692301091,50-75%
10.0,9.51523361772062,-0.4847663822793802,0.4847663822793802,50-75%
7.0,9.522414625840774,2.5224146258407742,2.5224146258407742,25-50%
7.0,9.47637605645567,2.4763760564556705,2.4763760564556705,25-50%
7.0,10.491176188521715,3.491176188521715,3.491176188521715,25-50%
7.0,10.40608714914141,3.4060871491414098,3.4060871491414098,25-50%
7.0,10.383915123324073,3.3839151233240727,3.3839151233240727,25-50%
7.0,9.4147672565951,2.4147672565951,2.4147672565951,25-50%
7.0,9.481227510715314,2.481227510715314,2.481227510715314,25-50%
10.0,10.472563594002562,0.47256359400256187,0.47256359400256187,50-75%
10.0,10.472563594002562,0.47256359400256187,0.47256359400256187,50-75%
10.0,9.521222029935204,-0.4787779700647956,0.4787779700647956,50-75%
10.0,10.15375165264307,0.15375165264307,0.15375165264307,50-75%
10.0,10.15375165264307,0.15375165264307,0.15375165264307,50-75%
10.0,9.510376025345643,-0.48962397465435714,0.48962397465435714,50-75%
7.0,9.466242362855814,2.466242362855814,2.466242362855814,25-50%
7.0,9.521872386212888,2.5218723862128876,2.5218723862128876,25-50%
7.0,9.391053158862437,2.3910531588624373,2.3910531588624373,25-50%
7.0,10.483671634523303,3.4836716345233025,3.4836716345233025,25-50%
7.0,10.4619478675375,3.4619478675375,3.4619478675375,25-50%
7.0,9.466242362855814,2.466242362855814,2.466242362855814,25-50%
7.0,9.470795236065548,2.4707952360655483,2.4707952360655483,25-50%
10.0,10.472563594002562,0.47256359400256187,0.47256359400256187,50-75%
10.0,9.475634535342376,-0.5243654646576239,0.5243654646576239,50-75%
10.0,10.010503873584137,0.010503873584136514,0.010503873584136514,50-75%
10.0,10.008563063030401,0.008563063030400997,0.008563063030400997,50-75%
10.0,9.543973565487567,-0.45602643451243274,0.45602643451243274,50-75%
7.0,9.522368916125846,2.5223689161258456,2.5223689161258456,25-50%
7.0,9.409239460722556,2.4092394607225565,2.4092394607225565,25-50%
7.0,9.466242362855814,2.466242362855814,2.466242362855814,25-50%
7.0,10.35536517303544,3.3553651730354392,3.3553651730354392,25-50%
7.0,10.416568728266013,3.4165687282660127,3.4165687282660127,25-50%
7.0,9.410238745268202,2.4102387452682024,2.4102387452682024,25-50%
7.0,9.470795236065548,2.4707952360655483,2.4707952360655483,25-50%
7.0,9.391053158862437,2.3910531588624373,2.3910531588624373,25-50%
7.0,9.480933337878067,2.480933337878067,2.480933337878067,25-50%
7.0,9.49137571333299,2.4913757133329906,2.4913757133329906,25-50%
7.0,9.099745739809777,2.0997457398097765,2.0997457398097765,25-50%
7.0,10.483671634523303,3.4836716345233025,3.4836716345233025,25-50%
7.0,10.4619478675375,3.4619478675375,3.4619478675375,25-50%
7.0,9.557775197648839,2.557775197648839,2.557775197648839,25-50%
7.0,9.366083349034412,2.3660833490344118,2.3660833490344118,25-50%
7.0,9.499817619206496,2.499817619206496,2.499817619206496,25-50%
7.0,9.695599823247619,2.695599823247619,2.695599823247619,25-50%
5.0,9.09404842301117,4.09404842301117,4.09404842301117,0-25%
5.0,8.933906368419068,3.933906368419068,3.933906368419068,0-25%
5.0,8.871193665738787,3.8711936657387866,3.8711936657387866,0-25%
5.0,8.933906368419068,3.933906368419068,3.933906368419068,0-25%
5.0,8.776821160779507,3.776821160779507,3.776821160779507,0-25%
5.0,8.9606262654429,3.960626265442899,3.960626265442899,0-25%
5.0,9.094092272079719,4.094092272079719,4.094092272079719,0-25%
5.0,8.933906368419068,3.933906368419068,3.933906368419068,0-25%
5.0,8.970270408119635,3.970270408119635,3.970270408119635,0-25%
5.0,8.970270408119635,3.970270408119635,3.970270408119635,0-25%
5.0,8.970270408119635,3.970270408119635,3.970270408119635,0-25%
5.0,9.426885615958504,4.426885615958504,4.426885615958504,0-25%
5.0,8.920858540472931,3.9208585404729313,3.9208585404729313,0-25%
5.0,8.9606262654429,3.960626265442899,3.960626265442899,0-25%
5.0,9.072415092634703,4.072415092634703,4.072415092634703,0-25%
5.0,8.960346704133284,3.9603467041332845,3.9603467041332845,0-25%
5.0,8.970270408119635,3.970270408119635,3.970270408119635,0-25%
5.0,8.938854504750815,3.9388545047508146,3.9388545047508146,0-25%
5.0,8.938854504750815,3.9388545047508146,3.9388545047508146,0-25%
5.0,9.404386730000711,4.404386730000711,4.404386730000711,0-25%
5.0,8.9606262654429,3.960626265442899,3.960626265442899,0-25%
5.0,8.956015782302945,3.956015782302945,3.956015782302945,0-25%
5.0,8.960346704133284,3.9603467041332845,3.9603467041332845,0-25%
5.0,8.938854504750815,3.9388545047508146,3.9388545047508146,0-25%
5.0,9.404386730000711,4.404386730000711,4.404386730000711,0-25%
5.0,8.93913346282968,3.9391334628296804,3.9391334628296804,0-25%
5.0,8.87181626993228,3.87181626993228,3.87181626993228,0-25%
5.0,8.907376357867427,3.9073763578674274,3.9073763578674274,0-25%
5.0,8.876110564509892,3.876110564509892,3.876110564509892,0-25%
5.0,8.872053110979587,3.8720531109795875,3.8720531109795875,0-25%
5.0,8.738973845163645,3.7389738451636454,3.7389738451636454,0-25%
5.0,8.885950342249556,3.885950342249556,3.885950342249556,0-25%
5.0,8.783787888263163,3.783787888263163,3.783787888263163,0-25%
5.0,9.014445828998374,4.014445828998374,4.014445828998374,0-25%
5.0,8.738973845163645,3.7389738451636454,3.7389738451636454,0-25%
5.0,8.658844514239725,3.658844514239725,3.658844514239725,0-25%
7.0,10.15757454544422,3.15757454544422,3.15757454544422,25-50%
7.0,10.217712041643189,3.217712041643189,3.217712041643189,25-50%
7.0,9.271683960123601,2.2716839601236014,2.2716839601236014,25-50%
7.0,9.255635028163509,2.2556350281635087,2.2556350281635087,25-50%
7.0,8.913299914381854,1.913299914381854,1.913299914381854,25-50%
7.0,8.841789674188865,1.841789674188865,1.841789674188865,25-50%
7.0,9.212876916974007,2.2128769169740075,2.2128769169740075,25-50%
7.0,8.747387453010884,1.7473874530108837,1.7473874530108837,25-50%
7.0,9.30863427305215,2.3086342730521494,2.3086342730521494,25-50%
7.0,8.923825809631545,1.9238258096315448,1.9238258096315448,25-50%
7.0,10.283646132478026,3.283646132478026,3.283646132478026,25-50%
7.0,10.26230075556954,3.262300755569539,3.262300755569539,25-50%
7.0,9.351492688681649,2.351492688681649,2.351492688681649,25-50%
7.0,9.523519269023106,2.5235192690231063,2.5235192690231063,25-50%
7.0,8.732421970079011,1.7324219700790113,1.7324219700790113,25-50%
7.0,8.813277296283145,1.813277296283145,1.813277296283145,25-50%
7.0,8.832909497475464,1.8329094974754643,1.8329094974754643,25-50%
7.0,9.172111584021017,2.1721115840210174,2.1721115840210174,25-50%
7.0,9.378389888178635,2.378389888178635,2.378389888178635,25-50%
7.0,9.185524282899127,2.1855242828991273,2.1855242828991273,25-50%
7.0,9.786357016513053,2.786357016513053,2.786357016513053,25-50%
7.0,9.623062943268868,2.6230629432688684,2.6230629432688684,25-50%
7.0,9.373877194327141,2.3738771943271413,2.3738771943271413,25-50%
7.0,9.242514722605053,2.242514722605053,2.242514722605053,25-50%
7.0,9.523519269023106,2.5235192690231063,2.5235192690231063,25-50%
7.0,9.137752463933817,2.1377524639338166,2.1377524639338166,25-50%
7.0,8.880798255617382,1.880798255617382,1.880798255617382,25-50%
7.0,8.813277296283145,1.813277296283145,1.813277296283145,25-50%
7.0,9.093817233277253,2.093817233277253,2.093817233277253,25-50%
7.0,8.797046446956081,1.797046446956081,1.797046446956081,25-50%
7.0,9.350839831843487,2.350839831843487,2.350839831843487,25-50%
6.5,9.350839831843487,2.850839831843487,2.850839831843487,25-50%
6.5,9.264663569687068,2.764663569687068,2.764663569687068,25-50%
6.5,9.373877194327141,2.8738771943271413,2.8738771943271413,25-50%
7.0,9.14783246628564,2.1478324662856405,2.1478324662856405,25-50%
7.0,9.373355289814999,2.3733552898149988,2.3733552898149988,25-50%
7.0,9.210795168194936,2.2107951681949363,2.2107951681949363,25-50%
7.0,8.63219124682539,1.6321912468253892,1.6321912468253892,25-50%
7.0,8.813277296283145,1.813277296283145,1.813277296283145,25-50%
7.0,9.093861081341501,2.093861081341501,2.093861081341501,25-50%
6.333333333333332,9.389317970586962,3.05598463725363,3.05598463725363,25-50%
6.5,9.388730097426823,2.888730097426823,2.888730097426823,25-50%
6.5,9.388730097426823,2.888730097426823,2.888730097426823,25-50%
6.5,9.388730097426823,2.888730097426823,2.888730097426823,25-50%
6.5,9.72281167522959,3.2228116752295897,3.2228116752295897,25-50%
6.333333333333332,9.605311185380842,3.2719778520475096,3.2719778520475096,25-50%
6.0,9.137752463933817,3.1377524639338166,3.1377524639338166,25-50%
7.0,8.813277296283145,1.813277296283145,1.813277296283145,25-50%
7.0,9.07218439838126,2.0721843983812605,2.0721843983812605,25-50%
6.333333333333332,9.416970441306574,3.0836371079732423,3.0836371079732423,25-50%
6.333333333333332,9.388730097426823,3.0553967640934907,3.0553967640934907,25-50%
6.5,9.208222122340079,2.7082221223400786,2.7082221223400786,25-50%
6.5,9.208222122340079,2.7082221223400786,2.7082221223400786,25-50%
6.333333333333332,9.72281167522959,3.3894783418962575,3.3894783418962575,25-50%
6.333333333333332,10.19867801261704,3.8653446792837087,3.8653446792837087,25-50%
6.0,10.106538677339017,4.106538677339017,4.106538677339017,25-50%
7.0,8.818851258346688,1.8188512583466885,1.8188512583466885,25-50%
6.333333333333332,9.378389888178635,3.045056554845303,3.045056554845303,25-50%
6.333333333333332,9.208222122340079,2.8748887890067465,2.8748887890067465,25-50%
6.0,9.72281167522959,3.7228116752295897,3.7228116752295897,25-50%
6.0,10.106538677339017,4.106538677339017,4.106538677339017,25-50%
5.0,10.106538677339017,5.106538677339017,5.106538677339017,0-25%
6.0,9.17589083957186,3.17589083957186,3.17589083957186,25-50%
6.0,9.208222122340079,3.2082221223400786,3.2082221223400786,25-50%
6.0,9.177303160420806,3.1773031604208057,3.1773031604208057,25-50%
6.0,9.564642844528542,3.5646428445285423,3.5646428445285423,25-50%
5.0,9.613256216665365,4.613256216665365,4.613256216665365,0-25%
5.0,9.632333134672805,4.632333134672805,4.632333134672805,0-25%
5.0,9.564642844528542,4.564642844528542,4.564642844528542,0-25%
5.0,9.477720158828689,4.477720158828689,4.477720158828689,0-25%
5.0,9.477720158828689,4.477720158828689,4.477720158828689,0-25%
7.0,8.610983251561393,1.610983251561393,1.610983251561393,25-50%
7.0,8.610983251561393,1.610983251561393,1.610983251561393,25-50%
7.0,8.610983251561393,1.610983251561393,1.610983251561393,25-50%
7.0,8.325532906327311,1.325532906327311,1.325532906327311,25-50%
7.0,8.342884326643944,1.3428843266439436,1.3428843266439436,25-50%
7.0,8.023797714771469,1.0237977147714687,1.0237977147714687,25-50%
7.0,8.610983251561393,1.610983251561393,1.610983251561393,25-50%
7.0,8.610983251561393,1.610983251561393,1.610983251561393,25-50%
7.0,8.610983251561393,1.610983251561393,1.610983251561393,25-50%
7.0,8.342884326643944,1.3428843266439436,1.3428843266439436,25-50%
7.0,7.890587038680314,0.8905870386803141,0.8905870386803141,25-50%
7.0,7.824302775712633,0.8243027757126331,0.8243027757126331,25-50%
7.0,8.373716687679394,1.3737166876793943,1.3737166876793943,25-50%
7.0,8.373716687679394,1.3737166876793943,1.3737166876793943,25-50%
7.0,8.610983251561393,1.610983251561393,1.610983251561393,25-50%
7.0,8.315274994267718,1.3152749942677175,1.3152749942677175,25-50%
7.0,7.9302526729048175,0.9302526729048175,0.9302526729048175,25-50%
7.0,8.342884326643944,1.3428843266439436,1.3428843266439436,25-50%
7.0,8.504928069919119,1.504928069919119,1.504928069919119,25-50%
7.0,8.373716687679394,1.3737166876793943,1.3737166876793943,25-50%
7.0,7.959723312262257,0.9597233122622573,0.9597233122622573,25-50%
7.0,8.610983251561393,1.610983251561393,1.610983251561393,25-50%
7.0,8.539816530334681,1.5398165303346811,1.5398165303346811,25-50%
7.0,8.623783936830671,1.6237839368306712,1.6237839368306712,25-50%
7.0,7.824302775712633,0.8243027757126331,0.8243027757126331,25-50%
7.0,7.892127617894982,0.8921276178949817,0.8921276178949817,25-50%
7.0,7.974561667841304,0.9745616678413036,0.9745616678413036,25-50%
7.0,8.552944005724113,1.5529440057241128,1.5529440057241128,25-50%
7.0,8.504928069919119,1.504928069919119,1.504928069919119,25-50%
7.0,8.280774708043172,1.2807747080431717,1.2807747080431717,25-50%
7.0,8.370817655570345,1.3708176555703453,1.3708176555703453,25-50%
7.0,7.945042221638976,0.9450422216389764,0.9450422216389764,25-50%
7.0,7.806684339631307,0.8066843396313068,0.8066843396313068,25-50%
7.0,8.521563485828896,1.5215634858288958,1.5215634858288958,25-50%
7.0,7.945042221638976,0.9450422216389764,0.9450422216389764,25-50%
7.0,8.17708109849453,1.1770810984945292,1.1770810984945292,25-50%
7.0,8.333717535730838,1.3337175357308375,1.3337175357308375,25-50%
7.0,7.897178365011351,0.8971783650113512,0.8971783650113512,25-50%
5.0,7.8928656703338955,2.8928656703338955,2.8928656703338955,0-25%
5.0,7.8035110620242385,2.8035110620242385,2.8035110620242385,0-25%
5.0,8.322820374916173,3.322820374916173,3.322820374916173,0-25%
5.0,8.008405157588841,3.0084051575888413,3.0084051575888413,0-25%
5.0,7.966307486956919,2.966307486956919,2.966307486956919,0-25%
5.0,7.94639592719507,2.94639592719507,2.94639592719507,0-25%
5.0,7.94639592719507,2.94639592719507,2.94639592719507,0-25%
5.0,7.94639592719507,2.94639592719507,2.94639592719507,0-25%
5.0,7.871912409596307,2.871912409596307,2.871912409596307,0-25%
5.0,7.966307486956919,2.966307486956919,2.966307486956919,0-25%
5.0,7.939096054897009,2.939096054897009,2.939096054897009,0-25%
5.0,8.29007967588533,3.2900796758853303,3.2900796758853303,0-25%
5.0,8.009286861645998,3.0092868616459985,3.0092868616459985,0-25%
5.0,8.008777076696402,3.0087770766964024,3.0087770766964024,0-25%
5.0,8.008777076696402,3.0087770766964024,3.0087770766964024,0-25%
5.0,7.979145087959035,2.9791450879590347,2.9791450879590347,0-25%
5.0,8.918980433312841,3.918980433312841,3.918980433312841,0-25%
5.0,8.895609453588772,3.895609453588772,3.895609453588772,0-25%
5.0,8.079080537887142,3.079080537887142,3.079080537887142,0-25%
5.0,7.95538030041569,2.9553803004156904,2.9553803004156904,0-25%
5.0,8.008777076696402,3.0087770766964024,3.0087770766964024,0-25%
5.0,7.8928656703338955,2.8928656703338955,2.8928656703338955,0-25%
5.0,7.8928656703338955,2.8928656703338955,2.8928656703338955,0-25%
5.0,8.918980433312841,3.918980433312841,3.918980433312841,0-25%
5.0,9.547216196270181,4.547216196270181,4.547216196270181,0-25%
5.0,9.460436891760931,4.460436891760931,4.460436891760931,0-25%
5.0,7.8928656703338955,2.8928656703338955,2.8928656703338955,0-25%
5.0,7.8928656703338955,2.8928656703338955,2.8928656703338955,0-25%
5.0,8.918980433312841,3.918980433312841,3.918980433312841,0-25%
5.0,9.460436891760931,4.460436891760931,4.460436891760931,0-25%
5.0,7.8928656703338955,2.8928656703338955,2.8928656703338955,0-25%
5.0,7.943038652063975,2.943038652063975,2.943038652063975,0-25%
5.0,8.461391327192494,3.4613913271924943,3.4613913271924943,0-25%
13.0,8.871686612582751,-4.128313387417249,4.128313387417249,50-75%
13.0,8.833467236475746,-4.166532763524254,4.166532763524254,50-75%
13.0,8.909002703561779,-4.090997296438221,4.090997296438221,50-75%
13.0,8.899417824521837,-4.100582175478163,4.100582175478163,50-75%
13.0,10.037783170917045,-2.962216829082955,2.962216829082955,50-75%
13.0,9.72686895218522,-3.273131047814781,3.273131047814781,50-75%
13.0,9.72686895218522,-3.273131047814781,3.273131047814781,50-75%
13.0,8.798275623218593,-4.2017243767814065,4.2017243767814065,50-75%
13.0,8.851372084267268,-4.148627915732732,4.148627915732732,50-75%
13.0,8.908946698843176,-4.091053301156824,4.091053301156824,50-75%
13.0,9.79971955315764,-3.20028044684236,3.20028044684236,50-75%
13.0,9.72686895218522,-3.273131047814781,3.273131047814781,50-75%
13.0,10.085399394502556,-2.9146006054974443,2.9146006054974443,50-75%
13.0,10.017284017928898,-2.9827159820711024,2.9827159820711024,50-75%
13.0,9.79971955315764,-3.20028044684236,3.20028044684236,50-75%
13.0,8.588394574556169,-4.411605425443831,4.411605425443831,50-75%
13.0,9.713814936415929,-3.286185063584071,3.286185063584071,50-75%
13.0,9.713814936415929,-3.286185063584071,3.286185063584071,50-75%
13.0,9.713814936415929,-3.286185063584071,3.286185063584071,50-75%
13.0,9.716492959316934,-3.283507040683066,3.283507040683066,50-75%
13.0,9.72686895218522,-3.273131047814781,3.273131047814781,50-75%
13.0,9.704233350381845,-3.2957666496181552,3.2957666496181552,50-75%
13.0,8.764366392607505,-4.235633607392495,4.235633607392495,50-75%
13.0,8.855050399111995,-4.144949600888005,4.144949600888005,50-75%
13.0,8.616399786816748,-4.383600213183252,4.383600213183252,50-75%
13.0,9.713814936415929,-3.286185063584071,3.286185063584071,50-75%
13.0,8.826400410698579,-4.173599589301421,4.173599589301421,50-75%
13.0,8.826400410698579,-4.173599589301421,4.173599589301421,50-75%
13.0,8.816895432028957,-4.183104567971043,4.183104567971043,50-75%
13.0,8.7986175293292,-4.201382470670801,4.201382470670801,50-75%
13.0,9.713814936415929,-3.286185063584071,3.286185063584071,50-75%
13.0,9.33344052640141,-3.666559473598589,3.666559473598589,50-75%
13.0,8.521665045141258,-4.478334954858742,4.478334954858742,50-75%
13.0,8.56823867651926,-4.431761323480741,4.431761323480741,50-75%
13.0,8.591213509449599,-4.408786490550401,4.408786490550401,50-75%
10.0,9.781023339435968,-0.21897666056403153,0.21897666056403153,50-75%
10.0,9.752294812493064,-0.24770518750693604,0.24770518750693604,50-75%
10.0,9.752294812493064,-0.24770518750693604,0.24770518750693604,50-75%
10.0,9.896421621054078,-0.10357837894592237,0.10357837894592237,50-75%
13.0,9.713814936415929,-3.286185063584071,3.286185063584071,50-75%
13.0,8.521665045141258,-4.478334954858742,4.478334954858742,50-75%
10.0,8.793768313483497,-1.206231686516503,1.206231686516503,50-75%
10.0,8.793768313483497,-1.206231686516503,1.206231686516503,50-75%
10.0,9.799892162625921,-0.20010783737407856,0.20010783737407856,50-75%
10.0,9.752294812493064,-0.24770518750693604,0.24770518750693604,50-75%
10.0,9.752294812493064,-0.24770518750693604,0.24770518750693604,50-75%
10.0,9.951237960971142,-0.04876203902885834,0.04876203902885834,50-75%
10.0,8.83883449420079,-1.1611655057992092,1.1611655057992092,50-75%
10.0,9.84958803824288,-0.15041196175712024,0.15041196175712024,50-75%
10.0,9.4239228465423,-0.5760771534576996,0.5760771534576996,50-75%
10.0,9.710666059922225,-0.2893339400777748,0.2893339400777748,50-75%
10.0,8.937819683633597,-1.062180316366403,1.062180316366403,50-75%
10.0,9.464437124792461,-0.535562875207539,0.535562875207539,50-75%
10.0,9.409019627909583,-0.5909803720904172,0.5909803720904172,50-75%
10.0,8.358691701746036,-1.6413082982539642,1.6413082982539642,50-75%
10.0,8.35921002341422,-1.6407899765857792,1.6407899765857792,50-75%
10.0,8.61288409317995,-1.3871159068200498,1.3871159068200498,50-75%
10.0,8.372610166577989,-1.6273898334220114,1.6273898334220114,50-75%
8.0,9.353705193112052,1.3537051931120523,1.3537051931120523,25-50%
8.0,8.13893174947866,0.13893174947865994,0.13893174947865994,25-50%
8.0,8.340829354180084,0.34082935418008375,0.34082935418008375,25-50%
8.0,8.387155218162633,0.38715521816263276,0.38715521816263276,25-50%
8.0,8.35420318063565,0.3542031806356505,0.3542031806356505,25-50%
8.0,8.831248414037894,0.8312484140378942,0.8312484140378942,25-50%
8.0,9.018697130288409,1.018697130288409,1.018697130288409,25-50%
8.0,8.657259025163507,0.6572590251635066,0.6572590251635066,25-50%
8.0,9.298229251024303,1.2982292510243028,1.2982292510243028,25-50%
8.0,8.342738407409655,0.3427384074096551,0.3427384074096551,25-50%
6.5,8.342738407409655,1.842738407409655,1.842738407409655,25-50%
6.5,8.349873393039697,1.8498733930396973,1.8498733930396973,25-50%
6.5,9.737981680912139,3.2379816809121387,3.2379816809121387,25-50%
6.5,9.526979619817807,3.0269796198178067,3.0269796198178067,25-50%
6.0,8.629770689924065,2.629770689924065,2.629770689924065,25-50%
6.5,8.141305793357686,1.6413057933576862,1.6413057933576862,25-50%
6.5,8.882930317146055,2.382930317146055,2.382930317146055,25-50%
6.5,9.50121478816472,3.00121478816472,3.00121478816472,25-50%
6.5,9.341915753043674,2.841915753043674,2.841915753043674,25-50%
6.0,8.645087147514786,2.6450871475147864,2.6450871475147864,25-50%
6.5,8.349895326124543,1.8498953261245425,1.8498953261245425,25-50%
6.5,9.298229251024303,2.7982292510243028,2.7982292510243028,25-50%
6.5,8.439566567759876,1.9395665677598757,1.9395665677598757,25-50%
5.5,9.462256468136031,3.9622564681360313,3.9622564681360313,25-50%
5.5,9.278330431694304,3.778330431694304,3.778330431694304,25-50%
5.5,9.15485009940604,3.6548500994060404,3.6548500994060404,25-50%
6.0,8.452514596599917,2.452514596599917,2.452514596599917,25-50%
6.0,8.645087147514786,2.6450871475147864,2.6450871475147864,25-50%
6.0,8.308695053385406,2.3086950533854065,2.3086950533854065,25-50%
5.0,8.513408725694633,3.5134087256946334,3.5134087256946334,0-25%
6.5,8.608072600205045,2.1080726002050447,2.1080726002050447,25-50%
5.0,8.363282132876702,3.3632821328767015,3.3632821328767015,0-25%
5.0,8.399674057802734,3.3996740578027342,3.3996740578027342,0-25%
5.5,9.298229251024303,3.7982292510243028,3.7982292510243028,25-50%
5.5,9.278285782289135,3.778285782289135,3.778285782289135,25-50%
5.5,9.15485009940604,3.6548500994060404,3.6548500994060404,25-50%
6.0,8.452514596599917,2.452514596599917,2.452514596599917,25-50%
6.0,8.452514596599917,2.452514596599917,2.452514596599917,25-50%
6.0,8.283231111940138,2.283231111940138,2.283231111940138,25-50%
5.0,8.04587843422247,3.0458784342224696,3.0458784342224696,0-25%
5.0,8.591286041565425,3.591286041565425,3.591286041565425,0-25%
5.0,8.363282132876702,3.3632821328767015,3.3632821328767015,0-25%
5.0,8.40337730400999,3.4033773040099895,3.4033773040099895,0-25%
5.0,8.40337730400999,3.4033773040099895,3.4033773040099895,0-25%
5.333333333333333,8.802690616529187,3.469357283195854,3.469357283195854,25-50%
5.5,9.15485009940604,3.6548500994060404,3.6548500994060404,25-50%
6.0,8.645087147514786,2.6450871475147864,2.6450871475147864,25-50%
6.0,8.097883331394762,2.097883331394762,2.097883331394762,25-50%
5.0,8.294318116068755,3.294318116068755,3.294318116068755,0-25%
5.0,8.882351230253326,3.8823512302533256,3.8823512302533256,0-25%
5.0,8.674957360434842,3.674957360434842,3.674957360434842,0-25%
5.0,9.25835846577476,4.25835846577476,4.25835846577476,0-25%
5.0,9.452375018891722,4.452375018891722,4.452375018891722,0-25%
5.333333333333333,9.361731069312626,4.028397735979293,4.028397735979293,25-50%
5.333333333333333,9.361731069312626,4.028397735979293,4.028397735979293,25-50%
6.0,8.645087147514786,2.6450871475147864,2.6450871475147864,25-50%
6.0,8.452514596599917,2.452514596599917,2.452514596599917,25-50%
5.0,9.146368563070151,4.146368563070151,4.146368563070151,0-25%
5.0,9.61616642699753,4.61616642699753,4.61616642699753,0-25%
5.0,10.053400471293592,5.0534004712935925,5.0534004712935925,0-25%
5.0,9.278330431694304,4.278330431694304,4.278330431694304,0-25%
5.0,9.15485009940604,4.15485009940604,4.15485009940604,0-25%
5.333333333333333,9.278330431694304,3.944997098360971,3.944997098360971,25-50%
5.333333333333333,9.278330431694304,3.944997098360971,3.944997098360971,25-50%
5.5,9.15485009940604,3.6548500994060404,3.6548500994060404,25-50%
5.0,8.608072600205045,3.6080726002050447,3.6080726002050447,0-25%
5.0,8.404018315793158,3.4040183157931576,3.4040183157931576,0-25%
5.0,9.278330431694304,4.278330431694304,4.278330431694304,0-25%
5.0,9.222047478335067,4.222047478335067,4.222047478335067,0-25%
5.0,9.298229251024303,4.298229251024303,4.298229251024303,0-25%
5.0,9.278330431694304,4.278330431694304,4.278330431694304,0-25%
5.0,8.608072600205045,3.6080726002050447,3.6080726002050447,0-25%
5.0,8.358948142898779,3.358948142898779,3.358948142898779,0-25%
5.0,9.25835846577476,4.25835846577476,4.25835846577476,0-25%
5.0,8.351806232232736,3.351806232232736,3.351806232232736,0-25%
5.0,8.351806232232736,3.351806232232736,3.351806232232736,0-25%
5.0,8.39483871740136,3.3948387174013597,3.3948387174013597,0-25%
5.0,9.449267091051311,4.449267091051311,4.449267091051311,0-25%
7.0,10.233689738028904,3.233689738028904,3.233689738028904,25-50%
7.0,9.527903177727406,2.5279031777274064,2.5279031777274064,25-50%
7.0,9.182893735295913,2.182893735295913,2.182893735295913,25-50%
7.0,9.543560521168486,2.5435605211684855,2.5435605211684855,25-50%
7.0,9.483593718561668,2.483593718561668,2.483593718561668,25-50%
7.0,9.109997925643883,2.109997925643883,2.109997925643883,25-50%
7.0,9.182893735295913,2.182893735295913,2.182893735295913,25-50%
7.0,9.185114085259245,2.1851140852592454,2.1851140852592454,25-50%
7.0,9.6839661076505,2.6839661076505,2.6839661076505,25-50%
7.0,10.280541536532379,3.280541536532379,3.280541536532379,25-50%
7.0,10.190197209343896,3.1901972093438964,3.1901972093438964,25-50%
7.0,10.093055866430763,3.0930558664307632,3.0930558664307632,25-50%
7.0,9.104384883819424,2.1043848838194243,2.1043848838194243,25-50%
7.0,9.109997925643883,2.109997925643883,2.109997925643883,25-50%
7.0,9.57023218083432,2.5702321808343207,2.5702321808343207,25-50%
7.0,9.489879841548365,2.4898798415483654,2.4898798415483654,25-50%
7.0,9.66623903399819,2.66623903399819,2.66623903399819,25-50%
4.5,9.109997925643883,4.609997925643883,4.609997925643883,0-25%
4.5,9.187657554459204,4.687657554459204,4.687657554459204,0-25%
4.5,9.177803135373747,4.677803135373747,4.677803135373747,0-25%
7.0,9.065950720931928,2.0659507209319283,2.0659507209319283,25-50%
7.0,9.697723983441533,2.6977239834415325,2.6977239834415325,25-50%
7.0,9.489879841548365,2.4898798415483654,2.4898798415483654,25-50%
7.0,9.489879841548365,2.4898798415483654,2.4898798415483654,25-50%
2.0,9.960130469169464,7.960130469169464,7.960130469169464,0-25%
4.5,9.109997925643883,4.609997925643883,4.609997925643883,0-25%
4.5,9.128406282500944,4.6284062825009435,4.6284062825009435,0-25%
4.5,9.10905483880934,4.609054838809341,4.609054838809341,0-25%
7.0,9.489879841548365,2.4898798415483654,2.4898798415483654,25-50%
2.0,10.36391986472367,8.36391986472367,8.36391986472367,0-25%
2.0,10.205819220520732,8.205819220520732,8.205819220520732,0-25%
2.0,10.034565245521653,8.034565245521653,8.034565245521653,0-25%
4.5,9.019798708272017,4.519798708272017,4.519798708272017,0-25%
2.0,9.641677502252891,7.641677502252891,7.641677502252891,0-25%
2.0,9.949528844772773,7.949528844772773,7.949528844772773,0-25%
2.0,9.66670865840528,7.66670865840528,7.66670865840528,0-25%
2.0,9.937002644067936,7.937002644067936,7.937002644067936,0-25%
2.0,8.966183957561256,6.966183957561256,6.966183957561256,0-25%
2.0,9.058742292069951,7.058742292069951,7.058742292069951,0-25%
2.0,9.04906394005316,7.049063940053159,7.049063940053159,0-25%
2.0,10.570677435589252,8.570677435589252,8.570677435589252,0-25%
2.0,9.10400115219399,7.104001152193989,7.104001152193989,0-25%
2.0,8.7609929296662,6.7609929296662,6.7609929296662,0-25%
2.0,9.029500143278169,7.0295001432781685,7.0295001432781685,0-25%
2.0,9.019798708272017,7.019798708272017,7.019798708272017,0-25%
2.0,8.965351339021755,6.965351339021755,6.965351339021755,0-25%
2.0,8.965351339021755,6.965351339021755,6.965351339021755,0-25%
2.0,10.492626260214585,8.492626260214585,8.492626260214585,0-25%
2.0,8.789452215126817,6.789452215126817,6.789452215126817,0-25%
2.0,8.76600252037229,6.7660025203722896,6.7660025203722896,0-25%
2.0,8.789452215126817,6.789452215126817,6.789452215126817,0-25%
2.0,8.789452215126817,6.789452215126817,6.789452215126817,0-25%
4.0,10.31414734189903,6.31414734189903,6.31414734189903,0-25%
4.0,10.401319821976688,6.4013198219766885,6.4013198219766885,0-25%
4.0,10.31414734189903,6.31414734189903,6.31414734189903,0-25%
4.0,9.31670780484046,5.31670780484046,5.31670780484046,0-25%
4.0,9.392602406724006,5.392602406724006,5.392602406724006,0-25%
4.0,10.31414734189903,6.31414734189903,6.31414734189903,0-25%
4.0,10.31414734189903,6.31414734189903,6.31414734189903,0-25%
4.0,10.31414734189903,6.31414734189903,6.31414734189903,0-25%
4.0,10.31414734189903,6.31414734189903,6.31414734189903,0-25%
4.0,10.31414734189903,6.31414734189903,6.31414734189903,0-25%
4.0,9.244391304039503,5.244391304039503,5.244391304039503,0-25%
4.0,9.431125363901284,5.431125363901284,5.431125363901284,0-25%
4.0,10.31414734189903,6.31414734189903,6.31414734189903,0-25%
4.0,10.31414734189903,6.31414734189903,6.31414734189903,0-25%
4.0,10.31414734189903,6.31414734189903,6.31414734189903,0-25%
4.0,10.31414734189903,6.31414734189903,6.31414734189903,0-25%
4.0,9.244391304039503,5.244391304039503,5.244391304039503,0-25%
4.0,9.470130882868968,5.470130882868968,5.470130882868968,0-25%
4.0,9.470130882868968,5.470130882868968,5.470130882868968,0-25%
4.0,9.243852108128857,5.243852108128857,5.243852108128857,0-25%
4.0,9.446302908343622,5.446302908343622,5.446302908343622,0-25%
4.0,10.31414734189903,6.31414734189903,6.31414734189903,0-25%
4.0,10.31414734189903,6.31414734189903,6.31414734189903,0-25%
4.0,9.244391304039503,5.244391304039503,5.244391304039503,0-25%
4.0,9.470130882868968,5.470130882868968,5.470130882868968,0-25%
4.0,9.470130882868968,5.470130882868968,5.470130882868968,0-25%
4.0,9.470130882868968,5.470130882868968,5.470130882868968,0-25%
4.0,9.446302908343622,5.446302908343622,5.446302908343622,0-25%
4.0,10.31414734189903,6.31414734189903,6.31414734189903,0-25%
4.0,10.31414734189903,6.31414734189903,6.31414734189903,0-25%
4.0,9.244391304039503,5.244391304039503,5.244391304039503,0-25%
4.0,9.450685962503133,5.450685962503133,5.450685962503133,0-25%
4.0,9.470130882868968,5.470130882868968,5.470130882868968,0-25%
4.0,9.470130882868968,5.470130882868968,5.470130882868968,0-25%
4.0,9.244391304039503,5.244391304039503,5.244391304039503,0-25%
4.0,9.244391304039503,5.244391304039503,5.244391304039503,0-25%
4.0,9.470130882868968,5.470130882868968,5.470130882868968,0-25%
5.0,8.542952793431901,3.542952793431901,3.542952793431901,0-25%
5.0,9.04858896732194,4.04858896732194,4.04858896732194,0-25%
5.0,9.309992217224037,4.309992217224037,4.309992217224037,0-25%
5.0,8.53372199080269,3.5337219908026896,3.5337219908026896,0-25%
5.0,8.542952793431901,3.542952793431901,3.542952793431901,0-25%
5.0,9.110715297225862,4.1107152972258625,4.1107152972258625,0-25%
5.0,9.110715297225862,4.1107152972258625,4.1107152972258625,0-25%
5.0,9.110715297225862,4.1107152972258625,4.1107152972258625,0-25%
5.0,9.309992217224037,4.309992217224037,4.309992217224037,0-25%
5.0,8.606954974278999,3.606954974278999,3.606954974278999,0-25%
5.0,8.390540186800413,3.390540186800413,3.390540186800413,0-25%
5.0,8.869885582256863,3.869885582256863,3.869885582256863,0-25%
5.0,10.334287276532232,5.334287276532232,5.334287276532232,0-25%
5.0,10.355376257129912,5.355376257129912,5.355376257129912,0-25%
5.0,10.355376257129912,5.355376257129912,5.355376257129912,0-25%
5.0,8.532886539429024,3.5328865394290236,3.5328865394290236,0-25%
5.0,8.54206260203836,3.54206260203836,3.54206260203836,0-25%
5.0,8.496986855874573,3.4969868558745727,3.4969868558745727,0-25%
5.0,8.390540186800413,3.390540186800413,3.390540186800413,0-25%
5.0,8.869885582256863,3.869885582256863,3.869885582256863,0-25%
5.0,10.355376257129912,5.355376257129912,5.355376257129912,0-25%
5.0,10.355376257129912,5.355376257129912,5.355376257129912,0-25%
5.0,8.532886539429024,3.5328865394290236,3.5328865394290236,0-25%
5.0,8.54206260203836,3.54206260203836,3.54206260203836,0-25%
5.0,8.467134907001482,3.4671349070014816,3.4671349070014816,0-25%
5.0,8.496986855874573,3.4969868558745727,3.4969868558745727,0-25%
5.0,8.546889183697047,3.546889183697047,3.546889183697047,0-25%
5.0,10.355376257129912,5.355376257129912,5.355376257129912,0-25%
5.0,10.355376257129912,5.355376257129912,5.355376257129912,0-25%
5.0,8.467134907001482,3.4671349070014816,3.4671349070014816,0-25%
5.0,8.825104875272478,3.825104875272478,3.825104875272478,0-25%
5.0,8.467134907001482,3.4671349070014816,3.4671349070014816,0-25%
5.0,8.869885582256863,3.869885582256863,3.869885582256863,0-25%
5.0,8.869885582256863,3.869885582256863,3.869885582256863,0-25%
5.0,8.537292364382743,3.5372923643827434,3.5372923643827434,0-25%
5.0,8.496986855874573,3.4969868558745727,3.4969868558745727,0-25%
5.0,8.869885582256863,3.869885582256863,3.869885582256863,0-25%
11.0,9.682458062822452,-1.3175419371775483,1.3175419371775483,50-75%
11.0,9.515411019777726,-1.4845889802222736,1.4845889802222736,50-75%
11.0,9.880066310121567,-1.1199336898784331,1.1199336898784331,50-75%
11.0,8.818703895959372,-2.1812961040406282,2.1812961040406282,50-75%
11.0,9.750395910328605,-1.2496040896713954,1.2496040896713954,50-75%
11.0,10.097121949247835,-0.9028780507521645,0.9028780507521645,50-75%
11.0,9.60148467701093,-1.3985153229890699,1.3985153229890699,50-75%
11.0,9.859907241567457,-1.1400927584325427,1.1400927584325427,50-75%
11.0,9.0350632692343,-1.9649367307657002,1.9649367307657002,50-75%
11.0,9.098883842560259,-1.9011161574397413,1.9011161574397413,50-75%
11.0,8.796509894910098,-2.2034901050899016,2.2034901050899016,50-75%
11.0,10.329620374294148,-0.6703796257058521,0.6703796257058521,50-75%
11.0,9.544757393891695,-1.455242606108305,1.455242606108305,50-75%
11.0,9.061587879159072,-1.938412120840928,1.938412120840928,50-75%
11.0,9.220740156092072,-1.7792598439079281,1.7792598439079281,50-75%
11.0,8.764378240816955,-2.2356217591830454,2.2356217591830454,50-75%
11.0,8.876699003371026,-2.1233009966289735,2.1233009966289735,50-75%
11.0,8.631865429934994,-2.3681345700650063,2.3681345700650063,50-75%
11.0,8.844107737063409,-2.1558922629365913,2.1558922629365913,50-75%
11.0,8.805995135761707,-2.194004864238293,2.194004864238293,50-75%
11.0,8.876699003371026,-2.1233009966289735,2.1233009966289735,50-75%
11.0,8.970308543486858,-2.0296914565131416,2.0296914565131416,50-75%
11.0,9.435265869089893,-1.5647341309101073,1.5647341309101073,50-75%
11.0,10.321600199342532,-0.6783998006574681,0.6783998006574681,50-75%
11.0,8.805995135761707,-2.194004864238293,2.194004864238293,50-75%
7.0,9.432632105808331,2.432632105808331,2.432632105808331,25-50%
7.0,9.452043434522196,2.4520434345221958,2.4520434345221958,25-50%
7.0,9.387819778777343,2.3878197787773434,2.3878197787773434,25-50%
7.0,9.452043434522196,2.4520434345221958,2.4520434345221958,25-50%
7.0,9.374603823205083,2.3746038232050832,2.3746038232050832,25-50%
7.0,9.452043434522196,2.4520434345221958,2.4520434345221958,25-50%
7.0,9.452043434522196,2.4520434345221958,2.4520434345221958,25-50%
7.0,8.674435730796413,1.6744357307964126,1.6744357307964126,25-50%
7.0,9.452043434522196,2.4520434345221958,2.4520434345221958,25-50%
7.0,9.452043434522196,2.4520434345221958,2.4520434345221958,25-50%
7.0,9.452043434522196,2.4520434345221958,2.4520434345221958,25-50%
7.0,9.452043434522196,2.4520434345221958,2.4520434345221958,25-50%
7.0,9.452043434522196,2.4520434345221958,2.4520434345221958,25-50%
7.0,9.452043434522196,2.4520434345221958,2.4520434345221958,25-50%
7.0,9.452043434522196,2.4520434345221958,2.4520434345221958,25-50%
7.0,9.452043434522196,2.4520434345221958,2.4520434345221958,25-50%
7.0,9.452043434522196,2.4520434345221958,2.4520434345221958,25-50%
7.0,9.452043434522196,2.4520434345221958,2.4520434345221958,25-50%
7.0,8.753625603969324,1.7536256039693239,1.7536256039693239,25-50%
7.0,8.674435730796413,1.6744357307964126,1.6744357307964126,25-50%
7.0,8.944390888516349,1.9443908885163488,1.9443908885163488,25-50%
7.0,9.452043434522196,2.4520434345221958,2.4520434345221958,25-50%
7.0,8.753625603969324,1.7536256039693239,1.7536256039693239,25-50%
7.0,8.753625603969324,1.7536256039693239,1.7536256039693239,25-50%
7.0,9.452043434522196,2.4520434345221958,2.4520434345221958,25-50%
7.0,9.452043434522196,2.4520434345221958,2.4520434345221958,25-50%
7.0,8.665077746039175,1.6650777460391755,1.6650777460391755,25-50%
7.0,8.674435730796413,1.6744357307964126,1.6744357307964126,25-50%
4.0,9.005873004168869,5.005873004168869,5.005873004168869,0-25%
1.0,8.875309351513948,7.875309351513948,7.875309351513948,0-25%
1.0,8.875309351513948,7.875309351513948,7.875309351513948,0-25%
1.0,8.875309351513948,7.875309351513948,7.875309351513948,0-25%
7.0,9.387819778777343,2.3878197787773434,2.3878197787773434,25-50%
7.0,9.452043434522196,2.4520434345221958,2.4520434345221958,25-50%
7.0,9.452043434522196,2.4520434345221958,2.4520434345221958,25-50%
7.0,8.739319734588427,1.7393197345884275,1.7393197345884275,25-50%
4.0,8.51992318113418,4.51992318113418,4.51992318113418,0-25%
1.0,8.875309351513948,7.875309351513948,7.875309351513948,0-25%
1.0,10.340515774154529,9.340515774154529,9.340515774154529,0-25%
1.0,10.361616343717824,9.361616343717824,9.361616343717824,0-25%
1.0,10.361616343717824,9.361616343717824,9.361616343717824,0-25%
1.0,8.875309351513948,7.875309351513948,7.875309351513948,0-25%
7.0,8.712037004988575,1.7120370049885754,1.7120370049885754,25-50%
7.0,8.66423078380477,1.6642307838047703,1.6642307838047703,25-50%
4.0,8.673533274333371,4.673533274333371,4.673533274333371,0-25%
1.0,8.502205707188963,7.502205707188963,7.502205707188963,0-25%
1.0,8.395700542789156,7.395700542789156,7.395700542789156,0-25%
1.0,8.875309351513948,7.875309351513948,7.875309351513948,0-25%
3.0,10.569813890141335,7.569813890141335,7.569813890141335,0-25%
3.0,10.569813890141335,7.569813890141335,7.569813890141335,0-25%
3.0,10.569813890141335,7.569813890141335,7.569813890141335,0-25%
1.0,8.856969121952694,7.8569691219526945,7.8569691219526945,0-25%
1.0,8.472337353862018,7.472337353862018,7.472337353862018,0-25%
3.0,8.62783647390705,5.627836473907051,5.627836473907051,0-25%
3.0,8.678426356701813,5.678426356701813,5.678426356701813,0-25%
3.0,10.320364772082158,7.320364772082158,7.320364772082158,0-25%
3.0,10.569813890141335,7.569813890141335,7.569813890141335,0-25%
3.0,10.569813890141335,7.569813890141335,7.569813890141335,0-25%
3.0,9.2263567294334,6.2263567294334,6.2263567294334,0-25%
5.0,9.183590545787663,4.183590545787663,4.183590545787663,0-25%
1.0,8.823933147288223,7.823933147288223,7.823933147288223,0-25%
1.0,8.472337353862018,7.472337353862018,7.472337353862018,0-25%
3.0,9.005873004168869,6.005873004168869,6.005873004168869,0-25%
3.0,9.005873004168869,6.005873004168869,6.005873004168869,0-25%
3.0,10.320364772082158,7.320364772082158,7.320364772082158,0-25%
3.0,9.79184641794561,6.79184641794561,6.79184641794561,0-25%
3.0,8.797356331937726,5.797356331937726,5.797356331937726,0-25%
5.0,9.2263567294334,4.2263567294334,4.2263567294334,0-25%
3.0,8.62783647390705,5.627836473907051,5.627836473907051,0-25%
3.0,9.005873004168869,6.005873004168869,6.005873004168869,0-25%
3.0,8.586122000986574,5.586122000986574,5.586122000986574,0-25%
3.0,10.320364772082158,7.320364772082158,7.320364772082158,0-25%
3.0,10.484142559933694,7.484142559933694,7.484142559933694,0-25%
5.0,9.72173179283872,4.721731792838719,4.721731792838719,0-25%
5.0,9.081193537277318,4.0811935372773185,4.0811935372773185,0-25%
5.0,8.576849441215392,3.5768494412153924,3.5768494412153924,0-25%
5.0,9.07646200035964,4.076462000359641,4.076462000359641,0-25%
5.0,8.951180593692849,3.9511805936928486,3.9511805936928486,0-25%
5.0,9.559170542884171,4.559170542884171,4.559170542884171,0-25%
5.0,9.719048926003374,4.719048926003374,4.719048926003374,0-25%
5.0,8.787879447314507,3.7878794473145074,3.7878794473145074,0-25%
5.0,8.678426356701813,3.678426356701813,3.678426356701813,0-25%
5.0,9.00582953832772,4.0058295383277205,4.0058295383277205,0-25%
5.0,8.968597035642922,3.9685970356429223,3.9685970356429223,0-25%
5.0,8.576849441215392,3.5768494412153924,3.5768494412153924,0-25%
5.0,9.441193483654144,4.4411934836541445,4.4411934836541445,0-25%
5.0,9.676611007100547,4.676611007100547,4.676611007100547,0-25%
5.0,8.599847027658399,3.5998470276583987,3.5998470276583987,0-25%
9.0,9.833856146080675,0.8338561460806755,0.8338561460806755,50-75%
9.0,9.791529721755428,0.7915297217554276,0.7915297217554276,50-75%
9.0,9.81369122101638,0.8136912210163807,0.8136912210163807,50-75%
9.0,9.728993982460446,0.7289939824604463,0.7289939824604463,50-75%
9.0,9.452422667603281,0.4524226676032814,0.4524226676032814,50-75%
9.0,9.825736124029412,0.8257361240294117,0.8257361240294117,50-75%
9.0,9.807795992934686,0.8077959929346861,0.8077959929346861,50-75%
9.0,9.886891664509728,0.8868916645097276,0.8868916645097276,50-75%
9.0,9.780825816760334,0.7808258167603341,0.7808258167603341,50-75%
9.0,9.256637061492746,0.25663706149274645,0.25663706149274645,50-75%
9.0,9.711652017204097,0.7116520172040968,0.7116520172040968,50-75%
9.0,9.780003587321547,0.7800035873215467,0.7800035873215467,50-75%
9.0,9.854964645505234,0.854964645505234,0.854964645505234,50-75%
9.0,9.469801233639274,0.4698012336392736,0.4698012336392736,50-75%
9.0,9.237786922653669,0.23778692265366885,0.23778692265366885,50-75%
9.0,9.838733642519054,0.8387336425190544,0.8387336425190544,50-75%
9.0,9.791529721755428,0.7915297217554276,0.7915297217554276,50-75%
9.0,9.878659953104377,0.8786599531043766,0.8786599531043766,50-75%
5.5,9.598165501852138,4.098165501852138,4.098165501852138,25-50%
2.0,8.51374136655136,6.5137413665513595,6.5137413665513595,0-25%
9.0,9.452422667603281,0.4524226676032814,0.4524226676032814,50-75%
9.0,9.795389025055911,0.7953890250559112,0.7953890250559112,50-75%
9.0,9.795389025055911,0.7953890250559112,0.7953890250559112,50-75%
9.0,9.808105591711083,0.8081055917110831,0.8081055917110831,50-75%
5.5,9.748527456215559,4.248527456215559,4.248527456215559,25-50%
5.5,9.715321983782978,4.215321983782978,4.215321983782978,25-50%
5.5,9.700764389846126,4.200764389846126,4.200764389846126,25-50%
5.5,8.99536814838554,3.4953681483855394,3.4953681483855394,25-50%
2.0,8.520020166772166,6.5200201667721664,6.5200201667721664,0-25%
2.0,8.683078697795652,6.6830786977956524,6.6830786977956524,0-25%
2.0,8.800008149121503,6.800008149121503,6.800008149121503,0-25%
9.0,9.802174889140462,0.8021748891404616,0.8021748891404616,50-75%
9.0,9.808105591711083,0.8081055917110831,0.8081055917110831,50-75%
5.5,9.748527456215559,4.248527456215559,4.248527456215559,25-50%
5.5,9.700764389846126,4.200764389846126,4.200764389846126,25-50%
2.0,8.683078697795652,6.6830786977956524,6.6830786977956524,0-25%
2.0,8.520020166772166,6.5200201667721664,6.5200201667721664,0-25%
2.0,8.564755163683827,6.564755163683827,6.564755163683827,0-25%
2.0,9.18816121025698,7.188161210256981,7.188161210256981,0-25%
2.0,9.306750305482634,7.306750305482634,7.306750305482634,0-25%
2.0,9.319611954572986,7.319611954572986,7.319611954572986,0-25%
2.0,9.18816121025698,7.188161210256981,7.188161210256981,0-25%
2.0,9.225947856360781,7.225947856360781,7.225947856360781,0-25%
2.0,9.266846529985534,7.266846529985534,7.266846529985534,0-25%
2.0,9.314844731117411,7.314844731117411,7.314844731117411,0-25%
2.0,9.27965838371434,7.27965838371434,7.27965838371434,0-25%
2.0,9.244637695335923,7.244637695335923,7.244637695335923,0-25%
2.0,9.265692672484555,7.265692672484555,7.265692672484555,0-25%
2.0,8.520020166772166,6.5200201667721664,6.5200201667721664,0-25%
1.0,8.714806849399988,7.714806849399988,7.714806849399988,0-25%
1.0,9.162425271303162,8.162425271303162,8.162425271303162,0-25%
1.0,9.14568218729723,8.14568218729723,8.14568218729723,0-25%
1.0,8.886129576134724,7.886129576134724,7.886129576134724,0-25%
1.0,8.394888415620978,7.3948884156209775,7.3948884156209775,0-25%
1.0,8.363641483825342,7.363641483825342,7.363641483825342,0-25%
1.0,9.183311283890937,8.183311283890937,8.183311283890937,0-25%
1.0,9.154450454641175,8.154450454641175,8.154450454641175,0-25%
1.0,9.089141824754623,8.089141824754623,8.089141824754623,0-25%
1.0,8.751924976634918,7.751924976634918,7.751924976634918,0-25%
7.666666666666668,8.549456761632086,0.8827900949654186,0.8827900949654186,25-50%
7.666666666666668,8.661965610853581,0.9952989441869136,0.9952989441869136,25-50%
7.0,8.808938241551616,1.8089382415516155,1.8089382415516155,25-50%
1.0,9.183311283890937,8.183311283890937,8.183311283890937,0-25%
1.0,9.015128528759218,8.015128528759218,8.015128528759218,0-25%
1.0,9.050080545651038,8.050080545651038,8.050080545651038,0-25%
1.0,9.091007450023366,8.091007450023366,8.091007450023366,0-25%
8.0,8.986684519500848,0.986684519500848,0.986684519500848,25-50%
7.666666666666668,8.632326100541286,0.9656594338746185,0.9656594338746185,25-50%
7.666666666666668,8.686788643613895,1.0201219769472267,1.0201219769472267,25-50%
7.666666666666668,8.686788643613895,1.0201219769472267,1.0201219769472267,25-50%
1.0,9.02080744379431,8.02080744379431,8.02080744379431,0-25%
1.0,9.142133795334185,8.142133795334185,8.142133795334185,0-25%
1.0,9.091007450023366,8.091007450023366,8.091007450023366,0-25%
1.0,9.019771452534947,8.019771452534947,8.019771452534947,0-25%
7.666666666666668,9.019771452534947,1.353104785868279,1.353104785868279,25-50%
7.666666666666668,9.07529301081511,1.408626344148443,1.408626344148443,25-50%
7.666666666666668,8.94364391129532,1.276977244628652,1.276977244628652,25-50%
11.0,8.62144543069928,-2.3785545693007197,2.3785545693007197,50-75%
11.0,8.686788643613895,-2.3132113563861054,2.3132113563861054,50-75%
11.0,8.808938241551616,-2.1910617584483845,2.1910617584483845,50-75%
7.0,8.808938241551616,1.8089382415516155,1.8089382415516155,25-50%
1.0,9.05006431774705,8.05006431774705,8.05006431774705,0-25%
1.0,8.971348116440288,7.9713481164402875,7.9713481164402875,0-25%
1.0,8.976021856929929,7.976021856929929,7.976021856929929,0-25%
7.666666666666668,9.057685284011182,1.391018617344514,1.391018617344514,25-50%
7.666666666666668,9.025499399596956,1.3588327329302885,1.3588327329302885,25-50%
7.666666666666668,9.01931460754784,1.3526479408811714,1.3526479408811714,25-50%
11.0,8.751924976634918,-2.2480750233650824,2.2480750233650824,50-75%
11.0,8.808938241551616,-2.1910617584483845,2.1910617584483845,50-75%
11.0,8.808938241551616,-2.1910617584483845,2.1910617584483845,50-75%
11.0,8.808938241551616,-2.1910617584483845,2.1910617584483845,50-75%
11.0,8.808938241551616,-2.1910617584483845,2.1910617584483845,50-75%
1.0,8.976021856929929,7.976021856929929,7.976021856929929,0-25%
1.0,8.805578207129946,7.805578207129946,7.805578207129946,0-25%
7.666666666666668,8.265904935855044,0.5992382691883762,0.5992382691883762,25-50%
11.0,8.808938241551616,-2.1910617584483845,2.1910617584483845,50-75%
11.0,8.808938241551616,-2.1910617584483845,2.1910617584483845,50-75%
11.0,8.73485640908006,-2.2651435909199407,2.2651435909199407,50-75%
11.0,8.808938241551616,-2.1910617584483845,2.1910617584483845,50-75%
15.0,8.263049159795782,-6.7369508402042175,6.7369508402042175,50-75%
5.0,8.173800386210303,3.173800386210303,3.173800386210303,0-25%
5.0,8.173800386210303,3.173800386210303,3.173800386210303,0-25%
5.0,8.173800386210303,3.173800386210303,3.173800386210303,0-25%
5.0,8.048189132525644,3.0481891325256445,3.0481891325256445,0-25%
5.0,8.048189132525644,3.0481891325256445,3.0481891325256445,0-25%
5.0,8.278290585990565,3.2782905859905647,3.2782905859905647,0-25%
5.0,8.311081265964159,3.311081265964159,3.311081265964159,0-25%
5.0,8.207944477506668,3.2079444775066683,3.2079444775066683,0-25%
5.0,8.224044177010327,3.2240441770103274,3.2240441770103274,0-25%
5.0,8.224044177010327,3.2240441770103274,3.2240441770103274,0-25%
5.0,8.45592799268614,3.4559279926861404,3.4559279926861404,0-25%
5.0,8.278290585990565,3.2782905859905647,3.2782905859905647,0-25%
5.0,8.224044177010327,3.2240441770103274,3.2240441770103274,0-25%
5.0,8.45592799268614,3.4559279926861404,3.4559279926861404,0-25%
5.0,8.509481780581888,3.509481780581888,3.509481780581888,0-25%
5.0,8.455886915824195,3.4558869158241947,3.4558869158241947,0-25%
5.0,8.224044177010327,3.2240441770103274,3.2240441770103274,0-25%
4.0,8.619149282869708,4.619149282869708,4.619149282869708,0-25%
4.0,8.071001451528822,4.071001451528822,4.071001451528822,0-25%
4.5,8.45592799268614,3.9559279926861404,3.9559279926861404,0-25%
4.5,8.106257379860713,3.606257379860713,3.606257379860713,0-25%
4.5,8.45592799268614,3.9559279926861404,3.9559279926861404,0-25%
4.5,8.278290585990565,3.7782905859905647,3.7782905859905647,0-25%
5.0,8.311081265964159,3.311081265964159,3.311081265964159,0-25%
4.0,8.619149282869708,4.619149282869708,4.619149282869708,0-25%
4.0,8.331088386065742,4.331088386065742,4.331088386065742,0-25%
4.0,8.45763030582911,4.45763030582911,4.45763030582911,0-25%
4.0,7.962097890876869,3.962097890876869,3.962097890876869,0-25%
4.5,8.075913121259264,3.575913121259264,3.575913121259264,0-25%
4.5,8.45592799268614,3.9559279926861404,3.9559279926861404,0-25%
4.5,8.45592799268614,3.9559279926861404,3.9559279926861404,0-25%
5.0,8.45592799268614,3.4559279926861404,3.4559279926861404,0-25%
4.0,8.716950622878876,4.716950622878876,4.716950622878876,0-25%
4.0,8.389541070032898,4.389541070032898,4.389541070032898,0-25%
4.0,8.271568219495757,4.271568219495757,4.271568219495757,0-25%
4.0,8.099847065739933,4.099847065739933,4.099847065739933,0-25%
4.0,8.094922443524265,4.094922443524265,4.094922443524265,0-25%
4.5,8.230382759806693,3.7303827598066928,3.7303827598066928,0-25%
6.333333333333332,8.45592799268614,2.122594659352808,2.122594659352808,25-50%
6.333333333333332,8.45592799268614,2.122594659352808,2.122594659352808,25-50%
10.0,8.45592799268614,-1.5440720073138596,1.5440720073138596,50-75%
10.0,8.45592799268614,-1.5440720073138596,1.5440720073138596,50-75%
4.0,8.452687873313044,4.452687873313044,4.452687873313044,0-25%
4.0,8.138967397416199,4.138967397416199,4.138967397416199,0-25%
4.0,8.331088386065742,4.331088386065742,4.331088386065742,0-25%
4.0,8.099847065739933,4.099847065739933,4.099847065739933,0-25%
7.0,8.064615955680337,1.0646159556803365,1.0646159556803365,25-50%
7.0,8.099847065739933,1.099847065739933,1.099847065739933,25-50%
7.0,8.064615955680337,1.0646159556803365,1.0646159556803365,25-50%
10.0,8.064615955680337,-1.9353840443196635,1.9353840443196635,50-75%
10.0,8.11118813959758,-1.88881186040242,1.88881186040242,50-75%
10.0,8.106257379860713,-1.893742620139287,1.893742620139287,50-75%
4.0,8.138967397416199,4.138967397416199,4.138967397416199,0-25%
4.0,8.341640697849522,4.341640697849522,4.341640697849522,0-25%
4.0,8.159705918114131,4.159705918114131,4.159705918114131,0-25%
7.0,8.099847065739933,1.099847065739933,1.099847065739933,25-50%
7.0,8.094865024593327,1.094865024593327,1.094865024593327,25-50%
7.0,8.333674255201284,1.3336742552012844,1.3336742552012844,25-50%
7.0,8.130213702598581,1.1302137025985814,1.1302137025985814,25-50%
10.0,8.094865024593327,-1.905134975406673,1.905134975406673,50-75%
10.0,8.099847065739933,-1.900152934260067,1.900152934260067,50-75%
10.0,8.106257379860713,-1.893742620139287,1.893742620139287,50-75%
10.0,8.511538105488656,-1.4884618945113441,1.4884618945113441,50-75%
4.0,8.405083641166932,4.405083641166932,4.405083641166932,0-25%
4.0,8.42248552813439,4.4224855281343896,4.4224855281343896,0-25%
7.0,8.42248552813439,1.4224855281343896,1.4224855281343896,25-50%
7.0,8.42248552813439,1.4224855281343896,1.4224855281343896,25-50%
10.0,8.267278771562612,-1.7327212284373879,1.7327212284373879,50-75%
10.0,8.320329779218524,-1.6796702207814764,1.6796702207814764,50-75%
10.0,8.130213702598581,-1.8697862974014186,1.8697862974014186,50-75%
10.0,8.511538105488656,-1.4884618945113441,1.4884618945113441,50-75%
10.0,8.717667253045418,-1.282332746954582,1.282332746954582,50-75%
10.0,8.516277134548677,-1.4837228654513233,1.4837228654513233,50-75%
10.0,8.600076079214979,-1.399923920785021,1.399923920785021,50-75%
10.0,8.130213702598581,-1.8697862974014186,1.8697862974014186,50-75%
10.0,8.064615955680337,-1.9353840443196635,1.9353840443196635,50-75%
10.0,8.099847065739933,-1.900152934260067,1.900152934260067,50-75%
10.0,8.35906296589931,-1.6409370341006895,1.6409370341006895,50-75%
10.0,8.531249198348132,-1.4687508016518684,1.4687508016518684,50-75%
10.0,8.562908274692122,-1.4370917253078783,1.4370917253078783,50-75%
10.0,8.441119328997118,-1.558880671002882,1.558880671002882,50-75%
10.0,8.130213702598581,-1.8697862974014186,1.8697862974014186,50-75%
10.0,8.099847065739933,-1.900152934260067,1.900152934260067,50-75%
2.0,8.64851068509262,6.648510685092621,6.648510685092621,0-25%
2.0,8.710775558976428,6.710775558976428,6.710775558976428,0-25%
2.0,8.656088161010057,6.656088161010057,6.656088161010057,0-25%
2.0,8.64851068509262,6.648510685092621,6.648510685092621,0-25%
2.0,8.618703499236288,6.618703499236288,6.618703499236288,0-25%
2.0,8.61821169797654,6.618211697976539,6.618211697976539,0-25%
2.0,8.195906098479682,6.195906098479682,6.195906098479682,0-25%
2.0,7.918712347259862,5.918712347259862,5.918712347259862,0-25%
2.0,8.514726558984883,6.514726558984883,6.514726558984883,0-25%
2.0,8.552195498128864,6.552195498128864,6.552195498128864,0-25%
2.0,8.54469955048021,6.54469955048021,6.54469955048021,0-25%
2.0,8.514726558984883,6.514726558984883,6.514726558984883,0-25%
2.0,8.172768490473686,6.172768490473686,6.172768490473686,0-25%
2.0,8.568613353429598,6.568613353429598,6.568613353429598,0-25%
2.0,8.568613353429598,6.568613353429598,6.568613353429598,0-25%
2.0,8.568613353429598,6.568613353429598,6.568613353429598,0-25%
2.0,8.644053481987328,6.644053481987328,6.644053481987328,0-25%
2.0,8.552195498128864,6.552195498128864,6.552195498128864,0-25%
2.0,8.414367066532849,6.414367066532849,6.414367066532849,0-25%
2.0,8.552195498128864,6.552195498128864,6.552195498128864,0-25%
2.0,8.552195498128864,6.552195498128864,6.552195498128864,0-25%
2.0,8.60671541386487,6.606715413864871,6.606715413864871,0-25%
2.0,8.651627457431967,6.651627457431967,6.651627457431967,0-25%
2.0,8.51521306881174,6.51521306881174,6.51521306881174,0-25%
2.0,8.552195498128864,6.552195498128864,6.552195498128864,0-25%
2.0,8.514726558984883,6.514726558984883,6.514726558984883,0-25%
2.0,8.3525932858061,6.352593285806099,6.352593285806099,0-25%
2.0,8.54469955048021,6.54469955048021,6.54469955048021,0-25%
2.0,8.644053481987328,6.644053481987328,6.644053481987328,0-25%
2.0,8.651627457431967,6.651627457431967,6.651627457431967,0-25%
2.0,8.651627457431967,6.651627457431967,6.651627457431967,0-25%
2.0,8.552195498128864,6.552195498128864,6.552195498128864,0-25%
2.0,8.651627457431967,6.651627457431967,6.651627457431967,0-25%
2.0,8.644053481987328,6.644053481987328,6.644053481987328,0-25%
7.0,8.402234630371957,1.4022346303719573,1.4022346303719573,25-50%
7.0,8.27245446813065,1.2724544681306504,1.2724544681306504,25-50%
7.0,8.306965741384115,1.306965741384115,1.306965741384115,25-50%
7.0,8.306965741384115,1.306965741384115,1.306965741384115,25-50%
7.0,8.306965741384115,1.306965741384115,1.306965741384115,25-50%
7.0,8.279407504703405,1.2794075047034053,1.2794075047034053,25-50%
7.0,8.306965741384115,1.306965741384115,1.306965741384115,25-50%
7.0,8.306965741384115,1.306965741384115,1.306965741384115,25-50%
5.0,8.34573630481707,3.34573630481707,3.34573630481707,0-25%
5.0,8.34573630481707,3.34573630481707,3.34573630481707,0-25%
7.0,8.306965741384115,1.306965741384115,1.306965741384115,25-50%
5.0,8.34573630481707,3.34573630481707,3.34573630481707,0-25%
7.0,8.121708274166208,1.1217082741662079,1.1217082741662079,25-50%
5.0,8.45592799268614,3.4559279926861404,3.4559279926861404,0-25%
5.0,8.45592799268614,3.4559279926861404,3.4559279926861404,0-25%
5.0,8.45592799268614,3.4559279926861404,3.4559279926861404,0-25%
5.0,8.45592799268614,3.4559279926861404,3.4559279926861404,0-25%
5.0,8.45592799268614,3.4559279926861404,3.4559279926861404,0-25%
4.0,8.45592799268614,4.45592799268614,4.45592799268614,0-25%
3.0,8.45592799268614,5.45592799268614,5.45592799268614,0-25%
3.0,8.45592799268614,5.45592799268614,5.45592799268614,0-25%
3.0,8.34573630481707,5.34573630481707,5.34573630481707,0-25%
3.0,8.34573630481707,5.34573630481707,5.34573630481707,0-25%
5.0,8.34573630481707,3.34573630481707,3.34573630481707,0-25%
5.0,8.34573630481707,3.34573630481707,3.34573630481707,0-25%
5.0,8.064615955680337,3.0646159556803365,3.0646159556803365,0-25%
5.0,8.099847065739933,3.099847065739933,3.099847065739933,0-25%
5.0,8.064615955680337,3.0646159556803365,3.0646159556803365,0-25%
5.0,8.064615955680337,3.0646159556803365,3.0646159556803365,0-25%
5.0,8.11118813959758,3.11118813959758,3.11118813959758,0-25%
5.0,8.106257379860713,3.106257379860713,3.106257379860713,0-25%
5.0,8.45592799268614,3.4559279926861404,3.4559279926861404,0-25%
4.0,8.45592799268614,4.45592799268614,4.45592799268614,0-25%
3.0,8.278290585990565,5.278290585990565,5.278290585990565,0-25%
3.0,8.311081265964159,5.311081265964159,5.311081265964159,0-25%
3.0,8.311081265964159,5.311081265964159,5.311081265964159,0-25%
5.0,8.094865024593327,3.094865024593327,3.094865024593327,0-25%
5.0,8.333674255201284,3.3336742552012844,3.3336742552012844,0-25%
5.0,8.130213702598581,3.1302137025985814,3.1302137025985814,0-25%
5.0,8.094865024593327,3.094865024593327,3.094865024593327,0-25%
5.0,8.099847065739933,3.099847065739933,3.099847065739933,0-25%
5.0,8.106257379860713,3.106257379860713,3.106257379860713,0-25%
5.0,8.511538105488656,3.511538105488656,3.511538105488656,0-25%
5.0,8.511538105488656,3.511538105488656,3.511538105488656,0-25%
5.0,8.42248552813439,3.4224855281343896,3.4224855281343896,0-25%
5.0,8.267278771562612,3.267278771562612,3.267278771562612,0-25%
5.0,8.320329779218524,3.3203297792185236,3.3203297792185236,0-25%
5.0,8.130213702598581,3.1302137025985814,3.1302137025985814,0-25%
5.0,8.511538105488656,3.511538105488656,3.511538105488656,0-25%
3.0,8.516277134548677,5.516277134548677,5.516277134548677,0-25%
4.0,8.600076079214979,4.600076079214979,4.600076079214979,0-25%
5.0,8.130213702598581,3.1302137025985814,3.1302137025985814,0-25%
5.0,8.064615955680337,3.0646159556803365,3.0646159556803365,0-25%
5.0,8.099847065739933,3.099847065739933,3.099847065739933,0-25%
5.0,8.230382759806693,3.2303827598066928,3.2303827598066928,0-25%
5.0,8.230382759806693,3.2303827598066928,3.2303827598066928,0-25%
3.0,8.523750760599805,5.523750760599805,5.523750760599805,0-25%
3.0,8.587267523472445,5.587267523472445,5.587267523472445,0-25%
3.0,8.531249198348132,5.531249198348132,5.531249198348132,0-25%
3.0,8.562908274692122,5.562908274692122,5.562908274692122,0-25%
4.0,8.441119328997118,4.441119328997118,4.441119328997118,0-25%
4.0,8.130213702598581,4.1302137025985814,4.1302137025985814,0-25%
5.0,8.099847065739933,3.099847065739933,3.099847065739933,0-25%
3.0,8.323570046499931,5.323570046499931,5.323570046499931,0-25%
3.0,8.700909711729892,5.700909711729892,5.700909711729892,0-25%
3.0,8.8309226245552,5.8309226245552,5.8309226245552,0-25%
3.0,8.710041453823644,5.710041453823644,5.710041453823644,0-25%
3.0,8.70240235638112,5.7024023563811195,5.7024023563811195,0-25%
3.0,8.094865024593327,5.094865024593327,5.094865024593327,0-25%
3.0,8.099847065739933,5.099847065739933,5.099847065739933,0-25%
3.0,8.075913121259264,5.075913121259264,5.075913121259264,0-25%
3.0,8.552555907729506,5.552555907729506,5.552555907729506,0-25%
3.0,8.816000023777022,5.816000023777022,5.816000023777022,0-25%
3.0,8.775558603969976,5.7755586039699764,5.7755586039699764,0-25%
3.0,8.717667253045418,5.717667253045418,5.717667253045418,0-25%
3.0,8.441119328997118,5.441119328997118,5.441119328997118,0-25%
3.0,8.099847065739933,5.099847065739933,5.099847065739933,0-25%
3.0,8.478892094332119,5.478892094332119,5.478892094332119,0-25%
3.0,8.74889014373501,5.748890143735011,5.748890143735011,0-25%
3.0,8.632854683371178,5.632854683371178,5.632854683371178,0-25%
3.0,8.814054698225538,5.814054698225538,5.814054698225538,0-25%
3.0,8.86913211061247,5.869132110612471,5.869132110612471,0-25%
3.0,8.607615516924076,5.607615516924076,5.607615516924076,0-25%
3.0,8.130213702598581,5.1302137025985814,5.1302137025985814,0-25%
3.0,8.099847065739933,5.099847065739933,5.099847065739933,0-25%
3.0,8.74889014373501,5.748890143735011,5.748890143735011,0-25%
3.0,8.775558603969976,5.7755586039699764,5.7755586039699764,0-25%
3.0,8.806353260346327,5.806353260346327,5.806353260346327,0-25%
3.0,8.805851864613798,5.805851864613798,5.805851864613798,0-25%
3.0,8.792332989016606,5.7923329890166055,5.7923329890166055,0-25%
3.0,8.767887375345515,5.767887375345515,5.767887375345515,0-25%
3.0,8.749028021138257,5.7490280211382565,5.7490280211382565,0-25%
4.0,7.030615124991502,3.0306151249915017,3.0306151249915017,0-25%
3.0,6.793889364035186,3.793889364035186,3.793889364035186,0-25%
3.0,6.793889364035186,3.793889364035186,3.793889364035186,0-25%
3.0,6.793889364035186,3.793889364035186,3.793889364035186,0-25%
4.0,6.793889364035186,2.793889364035186,2.793889364035186,0-25%
2.0,6.793889364035186,4.793889364035186,4.793889364035186,0-25%
3.0,7.006836205152768,4.006836205152768,4.006836205152768,0-25%
3.0,6.793889364035186,3.793889364035186,3.793889364035186,0-25%
3.0,6.793889364035186,3.793889364035186,3.793889364035186,0-25%
2.0,6.911478720170563,4.911478720170563,4.911478720170563,0-25%
2.0,6.911478720170563,4.911478720170563,4.911478720170563,0-25%
3.0,6.793889364035186,3.793889364035186,3.793889364035186,0-25%
2.0,6.793889364035186,4.793889364035186,4.793889364035186,0-25%
2.0,6.911478720170563,4.911478720170563,4.911478720170563,0-25%
2.0,6.793889364035186,4.793889364035186,4.793889364035186,0-25%
2.0,6.673333456880162,4.673333456880162,4.673333456880162,0-25%
2.0,6.673333456880162,4.673333456880162,4.673333456880162,0-25%
7.0,9.650589958768602,2.6505899587686024,2.6505899587686024,25-50%
7.0,9.60444246309067,2.6044424630906704,2.6044424630906704,25-50%
7.0,9.60444246309067,2.6044424630906704,2.6044424630906704,25-50%
7.0,9.60444246309067,2.6044424630906704,2.6044424630906704,25-50%
7.0,10.346268704870177,3.3462687048701767,3.3462687048701767,25-50%
7.0,10.395644415836696,3.3956444158366956,3.3956444158366956,25-50%
7.0,10.395644415836696,3.3956444158366956,3.3956444158366956,25-50%
18.0,11.435664305359326,-6.564335694640674,6.564335694640674,75-100%
18.0,11.382639730000975,-6.6173602699990255,6.6173602699990255,75-100%
18.0,11.382639730000975,-6.6173602699990255,6.6173602699990255,75-100%
18.0,11.485530625688854,-6.514469374311146,6.514469374311146,75-100%
18.0,11.382639730000975,-6.6173602699990255,6.6173602699990255,75-100%
18.0,11.485530625688854,-6.514469374311146,6.514469374311146,75-100%
18.0,11.432293424740488,-6.567706575259512,6.567706575259512,75-100%
18.0,11.318156958553796,-6.681843041446204,6.681843041446204,75-100%
18.0,10.039969921833091,-7.960030078166909,7.960030078166909,75-100%
18.0,11.370905407686362,-6.629094592313638,6.629094592313638,75-100%
18.0,11.432293424740488,-6.567706575259512,6.567706575259512,75-100%
18.0,11.432293424740488,-6.567706575259512,6.567706575259512,75-100%
18.0,11.566356667722758,-6.433643332277242,6.433643332277242,75-100%
18.0,11.665578453124706,-6.334421546875294,6.334421546875294,75-100%
11.5,11.584114222599927,0.0841142225999274,0.0841142225999274,50-75%
11.5,11.432293424740488,-0.06770657525951229,0.06770657525951229,50-75%
11.5,11.485530625688854,-0.0144693743111457,0.0144693743111457,50-75%
18.0,10.039969921833091,-7.960030078166909,7.960030078166909,75-100%
18.0,10.087244956061525,-7.912755043938475,7.912755043938475,75-100%
11.5,11.665578453124706,0.16557845312470576,0.16557845312470576,50-75%
11.5,11.665578453124706,0.16557845312470576,0.16557845312470576,50-75%
11.5,11.485530625688854,-0.0144693743111457,0.0144693743111457,50-75%
11.5,10.055775218274833,-1.4442247817251666,1.4442247817251666,50-75%
18.0,9.93861460481026,-8.06138539518974,8.06138539518974,75-100%
5.0,11.53045666989269,6.53045666989269,6.53045666989269,0-25%
11.5,11.584114222599927,0.0841142225999274,0.0841142225999274,50-75%
11.5,11.584114222599927,0.0841142225999274,0.0841142225999274,50-75%
11.5,11.665578453124706,0.16557845312470576,0.16557845312470576,50-75%
11.5,11.215601732061108,-0.2843982679388919,0.2843982679388919,50-75%
11.5,10.050667918584484,-1.4493320814155162,1.4493320814155162,50-75%
11.5,10.055775218274833,-1.4442247817251666,1.4442247817251666,50-75%
5.0,11.30054552867197,6.30054552867197,6.30054552867197,0-25%
5.0,11.30054552867197,6.30054552867197,6.30054552867197,0-25%
5.0,11.30054552867197,6.30054552867197,6.30054552867197,0-25%
5.0,11.318156958553796,6.318156958553796,6.318156958553796,0-25%
11.5,11.318156958553796,-0.18184304144620356,0.18184304144620356,50-75%
5.0,10.137922086977007,5.137922086977007,5.137922086977007,0-25%
5.0,11.53045666989269,6.53045666989269,6.53045666989269,0-25%
5.0,11.53045666989269,6.53045666989269,6.53045666989269,0-25%
5.0,10.137922086977007,5.137922086977007,5.137922086977007,0-25%
5.0,10.137922086977007,5.137922086977007,5.137922086977007,0-25%
5.0,10.035668783886488,5.0356687838864875,5.0356687838864875,0-25%
5.0,10.035668783886488,5.0356687838864875,5.0356687838864875,0-25%
5.0,10.035668783886488,5.0356687838864875,5.0356687838864875,0-25%
5.0,10.137922086977007,5.137922086977007,5.137922086977007,0-25%
5.0,10.185616569083715,5.185616569083715,5.185616569083715,0-25%
5.0,10.137922086977007,5.137922086977007,5.137922086977007,0-25%
5.0,10.185616569083715,5.185616569083715,5.185616569083715,0-25%
5.0,10.137922086977007,5.137922086977007,5.137922086977007,0-25%
5.0,10.082925399908614,5.082925399908614,5.082925399908614,0-25%
5.0,10.097988763459702,5.097988763459702,5.097988763459702,0-25%
7.0,9.954100922849536,2.954100922849536,2.954100922849536,25-50%
7.0,9.739581157003741,2.739581157003741,2.739581157003741,25-50%
7.0,9.731919322467972,2.731919322467972,2.731919322467972,25-50%
7.0,9.677591892553918,2.6775918925539184,2.6775918925539184,25-50%
7.0,9.885792285462067,2.885792285462067,2.885792285462067,25-50%
7.0,9.771932425512782,2.771932425512782,2.771932425512782,25-50%
7.0,9.53894377096285,2.5389437709628506,2.5389437709628506,25-50%
7.0,9.647603769943366,2.647603769943366,2.647603769943366,25-50%
7.0,9.723059796324035,2.7230597963240353,2.7230597963240353,25-50%
7.0,9.976098500418795,2.9760985004187948,2.9760985004187948,25-50%
7.0,9.959722200481242,2.9597222004812416,2.9597222004812416,25-50%
7.0,9.76271053364247,2.762710533642471,2.762710533642471,25-50%
7.0,9.593426279423092,2.593426279423092,2.593426279423092,25-50%
7.0,9.593426279423092,2.593426279423092,2.593426279423092,25-50%
7.0,9.647603769943366,2.647603769943366,2.647603769943366,25-50%
7.0,9.954100922849536,2.954100922849536,2.954100922849536,25-50%
7.0,9.729719909828598,2.7297199098285976,2.7297199098285976,25-50%
7.0,9.876942430876996,2.876942430876996,2.876942430876996,25-50%
7.0,9.92215246855218,2.9221524685521807,2.9221524685521807,25-50%
7.0,9.593426279423092,2.593426279423092,2.593426279423092,25-50%
7.0,9.547526465860024,2.547526465860024,2.547526465860024,25-50%
7.0,9.53894377096285,2.5389437709628506,2.5389437709628506,25-50%
7.0,9.954100922849536,2.954100922849536,2.954100922849536,25-50%
7.0,9.966634868029839,2.966634868029839,2.966634868029839,25-50%
7.0,10.004822249783848,3.0048222497838477,3.0048222497838477,25-50%
7.0,9.727763149241687,2.727763149241687,2.727763149241687,25-50%
7.0,9.593426279423092,2.593426279423092,2.593426279423092,25-50%
7.0,9.647603769943366,2.647603769943366,2.647603769943366,25-50%
7.0,9.92775303122047,2.9277530312204707,2.9277530312204707,25-50%
7.0,9.704521358049226,2.7045213580492256,2.7045213580492256,25-50%
7.0,9.593426279423092,2.593426279423092,2.593426279423092,25-50%
7.0,9.702648011101152,2.702648011101152,2.702648011101152,25-50%
7.0,9.984245542226674,2.984245542226674,2.984245542226674,25-50%
7.0,9.770275598359076,2.770275598359076,2.770275598359076,25-50%
13.0,10.129667256402524,-2.8703327435974764,2.8703327435974764,50-75%
8.0,9.35521257906721,1.35521257906721,1.35521257906721,25-50%
13.0,10.129667256402524,-2.8703327435974764,2.8703327435974764,50-75%
13.0,10.129667256402524,-2.8703327435974764,2.8703327435974764,50-75%
8.0,10.268028518770294,2.2680285187702935,2.2680285187702935,25-50%
8.0,9.871706429917307,1.8717064299173067,1.8717064299173067,25-50%
8.0,9.94554068206913,1.9455406820691294,1.9455406820691294,25-50%
8.0,9.622754660668402,1.6227546606684022,1.6227546606684022,25-50%
8.0,9.622754660668402,1.6227546606684022,1.6227546606684022,25-50%
8.0,9.35521257906721,1.35521257906721,1.35521257906721,25-50%
13.0,10.216871136544253,-2.7831288634557474,2.7831288634557474,50-75%
13.0,10.129667256402524,-2.8703327435974764,2.8703327435974764,50-75%
13.0,10.129667256402524,-2.8703327435974764,2.8703327435974764,50-75%
8.0,9.990272007700103,1.9902720077001028,1.9902720077001028,25-50%
8.0,9.622754660668402,1.6227546606684022,1.6227546606684022,25-50%
8.0,9.622754660668402,1.6227546606684022,1.6227546606684022,25-50%
8.0,9.622754660668402,1.6227546606684022,1.6227546606684022,25-50%
8.0,9.622754660668402,1.6227546606684022,1.6227546606684022,25-50%
8.0,10.072812812368833,2.0728128123688325,2.0728128123688325,25-50%
13.0,10.216871136544253,-2.7831288634557474,2.7831288634557474,50-75%
10.5,10.072812812368833,-0.4271871876311675,0.4271871876311675,50-75%
10.0,9.656564410053408,-0.3434355899465924,0.3434355899465924,50-75%
10.0,9.601757179105324,-0.39824282089467644,0.39824282089467644,50-75%
10.0,9.722291837707083,-0.2777081622929174,0.2777081622929174,50-75%
8.0,9.622754660668402,1.6227546606684022,1.6227546606684022,25-50%
8.0,9.622754660668402,1.6227546606684022,1.6227546606684022,25-50%
8.0,10.024835884951715,2.024835884951715,2.024835884951715,25-50%
8.0,10.197256786956808,2.1972567869568085,2.1972567869568085,25-50%
10.5,10.159571222937318,-0.34042877706268193,0.34042877706268193,50-75%
10.5,10.159571222937318,-0.34042877706268193,0.34042877706268193,50-75%
10.5,10.072812812368833,-0.4271871876311675,0.4271871876311675,50-75%
10.5,10.072812812368833,-0.4271871876311675,0.4271871876311675,50-75%
10.0,10.09948005002381,0.09948005002381066,0.09948005002381066,50-75%
10.0,10.177099736799345,0.1770997367993452,0.1770997367993452,50-75%
10.0,10.176213443802487,0.17621344380248694,0.17621344380248694,50-75%
10.0,9.875669101499073,-0.12433089850092749,0.12433089850092749,50-75%
10.0,9.976078441368358,-0.023921558631641915,0.023921558631641915,50-75%
10.0,9.976078441368358,-0.023921558631641915,0.023921558631641915,50-75%
8.0,9.691521879336104,1.6915218793361042,1.6915218793361042,25-50%
8.0,9.622754660668402,1.6227546606684022,1.6227546606684022,25-50%
13.0,10.287605015459173,-2.7123949845408273,2.7123949845408273,50-75%
8.0,10.197256786956808,2.1972567869568085,2.1972567869568085,25-50%
10.5,10.159571222937318,-0.34042877706268193,0.34042877706268193,50-75%
10.5,10.072812812368833,-0.4271871876311675,0.4271871876311675,50-75%
10.5,10.182035282544488,-0.3179647174555118,0.3179647174555118,50-75%
10.0,10.177099736799345,0.1770997367993452,0.1770997367993452,50-75%
10.0,10.09948005002381,0.09948005002381066,0.09948005002381066,50-75%
10.0,10.09948005002381,0.09948005002381066,0.09948005002381066,50-75%
10.0,10.176213443802487,0.17621344380248694,0.17621344380248694,50-75%
10.0,9.955601301486018,-0.04439869851398193,0.04439869851398193,50-75%
10.0,9.863521949346742,-0.1364780506532579,0.1364780506532579,50-75%
10.0,9.959739591808175,-0.04026040819182519,0.04026040819182519,50-75%
10.0,10.030688308325319,0.03068830832531866,0.03068830832531866,50-75%
8.0,9.789246412344422,1.789246412344422,1.789246412344422,25-50%
8.0,9.73844555720861,1.7384455572086104,1.7384455572086104,25-50%
8.0,9.62273675158924,1.6227367515892404,1.6227367515892404,25-50%
10.5,9.144578768262143,-1.3554212317378571,1.3554212317378571,50-75%
13.0,9.226433166893317,-3.773566833106683,3.773566833106683,50-75%
13.0,9.584984683812545,-3.4150153161874552,3.4150153161874552,50-75%
13.0,10.287605015459173,-2.7123949845408273,2.7123949845408273,50-75%
13.0,10.287605015459173,-2.7123949845408273,2.7123949845408273,50-75%
10.5,10.159571222937318,-0.34042877706268193,0.34042877706268193,50-75%
8.0,10.072812812368833,2.0728128123688325,2.0728128123688325,25-50%
8.0,10.072812812368833,2.0728128123688325,2.0728128123688325,25-50%
8.0,10.072812812368833,2.0728128123688325,2.0728128123688325,25-50%
10.0,10.176213443802487,0.17621344380248694,0.17621344380248694,50-75%
10.0,10.177099736799345,0.1770997367993452,0.1770997367993452,50-75%
10.0,10.042394882318973,0.04239488231897326,0.04239488231897326,50-75%
10.0,9.937104211663046,-0.06289578833695408,0.06289578833695408,50-75%
13.0,9.584984683812545,-3.4150153161874552,3.4150153161874552,50-75%
13.0,9.584984683812545,-3.4150153161874552,3.4150153161874552,50-75%
13.0,9.584984683812545,-3.4150153161874552,3.4150153161874552,50-75%
13.0,9.584984683812545,-3.4150153161874552,3.4150153161874552,50-75%
13.0,9.584984683812545,-3.4150153161874552,3.4150153161874552,50-75%
10.5,10.072812812368833,-0.4271871876311675,0.4271871876311675,50-75%
8.0,10.072812812368833,2.0728128123688325,2.0728128123688325,25-50%
8.0,10.072812812368833,2.0728128123688325,2.0728128123688325,25-50%
8.0,10.072812812368833,2.0728128123688325,2.0728128123688325,25-50%
8.0,10.159571222937318,2.159571222937318,2.159571222937318,25-50%
10.0,10.055038638222904,0.05503863822290356,0.05503863822290356,50-75%
10.0,9.976078441368358,-0.023921558631641915,0.023921558631641915,50-75%
6.0,10.000005591019772,4.000005591019772,4.000005591019772,25-50%
6.0,10.04411499997125,4.044114999971249,4.044114999971249,25-50%
6.0,9.997023868070087,3.9970238680700874,3.9970238680700874,25-50%
13.0,9.872696863514316,-3.1273031364856845,3.1273031364856845,50-75%
13.0,9.226433166893317,-3.773566833106683,3.773566833106683,50-75%
13.0,9.584984683812545,-3.4150153161874552,3.4150153161874552,50-75%
13.0,9.226433166893317,-3.773566833106683,3.773566833106683,50-75%
10.5,9.065711264104616,-1.4342887358953842,1.4342887358953842,50-75%
8.0,10.072812812368833,2.0728128123688325,2.0728128123688325,25-50%
8.0,10.072812812368833,2.0728128123688325,2.0728128123688325,25-50%
8.0,10.159571222937318,2.159571222937318,2.159571222937318,25-50%
10.0,10.119615367256511,0.11961536725651101,0.11961536725651101,50-75%
10.0,10.119615367256511,0.11961536725651101,0.11961536725651101,50-75%
10.0,9.601757179105324,-0.39824282089467644,0.39824282089467644,50-75%
6.0,10.071214972577305,4.071214972577305,4.071214972577305,25-50%
6.0,10.071214972577305,4.071214972577305,4.071214972577305,25-50%
6.0,10.071214972577305,4.071214972577305,4.071214972577305,25-50%
6.0,9.991943709014091,3.991943709014091,3.991943709014091,25-50%
6.0,10.04411499997125,4.044114999971249,4.044114999971249,25-50%
13.0,9.226433166893317,-3.773566833106683,3.773566833106683,50-75%
13.0,9.226433166893317,-3.773566833106683,3.773566833106683,50-75%
13.0,9.584984683812545,-3.4150153161874552,3.4150153161874552,50-75%
13.0,9.584984683812545,-3.4150153161874552,3.4150153161874552,50-75%
13.0,9.584984683812545,-3.4150153161874552,3.4150153161874552,50-75%
6.0,9.943669960860122,3.943669960860122,3.943669960860122,25-50%
6.0,9.890715061919954,3.8907150619199538,3.8907150619199538,25-50%
6.0,9.98130256234704,3.9813025623470395,3.9813025623470395,25-50%
6.0,10.04411499997125,4.044114999971249,4.044114999971249,25-50%
6.0,10.04411499997125,4.044114999971249,4.044114999971249,25-50%
6.0,9.891030581515567,3.891030581515567,3.891030581515567,25-50%
6.0,10.039013086807683,4.0390130868076835,4.0390130868076835,25-50%
6.0,9.942722906397618,3.942722906397618,3.942722906397618,25-50%
13.0,9.226433166893317,-3.773566833106683,3.773566833106683,50-75%
13.0,9.49849908614926,-3.501500913850739,3.501500913850739,50-75%
13.0,9.802764338364083,-3.1972356616359168,3.1972356616359168,50-75%
13.0,9.584984683812545,-3.4150153161874552,3.4150153161874552,50-75%
6.0,9.943669960860122,3.943669960860122,3.943669960860122,25-50%
6.0,10.004029415193731,4.004029415193731,4.004029415193731,25-50%
6.0,9.95310253774646,3.95310253774646,3.95310253774646,25-50%
6.0,9.997023868070087,3.9970238680700874,3.9970238680700874,25-50%
6.0,9.991943709014091,3.991943709014091,3.991943709014091,25-50%
6.0,10.039013086807683,4.0390130868076835,4.0390130868076835,25-50%
6.0,10.039013086807683,4.0390130868076835,4.0390130868076835,25-50%
6.0,10.004029415193731,4.004029415193731,4.004029415193731,25-50%
6.0,9.95310253774646,3.95310253774646,3.95310253774646,25-50%
6.0,9.896064101437293,3.896064101437293,3.896064101437293,25-50%
6.0,10.039013086807683,4.0390130868076835,4.0390130868076835,25-50%
6.0,10.0787342011738,4.0787342011738,4.0787342011738,25-50%
6.0,10.0787342011738,4.0787342011738,4.0787342011738,25-50%
6.0,10.099719091251359,4.099719091251359,4.099719091251359,25-50%
6.0,10.071214972577305,4.071214972577305,4.071214972577305,25-50%
6.0,10.04411499997125,4.044114999971249,4.044114999971249,25-50%
6.0,9.997023868070087,3.9970238680700874,3.9970238680700874,25-50%
6.0,10.039013086807683,4.0390130868076835,4.0390130868076835,25-50%
6.0,10.126175230658166,4.126175230658166,4.126175230658166,25-50%
6.0,9.390380230349688,3.390380230349688,3.390380230349688,25-50%
6.0,9.390380230349688,3.390380230349688,3.390380230349688,25-50%
5.5,9.406333771331921,3.906333771331921,3.906333771331921,25-50%
5.5,9.411451792520165,3.9114517925201646,3.9114517925201646,25-50%
5.0,9.487873000614963,4.487873000614963,4.487873000614963,0-25%
6.0,9.58374967969447,3.5837496796944706,3.5837496796944706,25-50%
6.0,9.784448505189912,3.7844485051899124,3.7844485051899124,25-50%
5.5,9.775377565829405,4.275377565829405,4.275377565829405,25-50%
5.5,9.775377565829405,4.275377565829405,4.275377565829405,25-50%
5.5,9.729432306635832,4.229432306635832,4.229432306635832,25-50%
5.5,9.661031102145238,4.1610311021452375,4.1610311021452375,25-50%
5.5,9.775377565829405,4.275377565829405,4.275377565829405,25-50%
6.0,9.731037619668987,3.731037619668987,3.731037619668987,25-50%
6.0,9.685281422093581,3.6852814220935812,3.6852814220935812,25-50%
5.5,9.74479302405252,4.24479302405252,4.24479302405252,25-50%
5.5,9.63365353580999,4.133653535809991,4.133653535809991,25-50%
5.5,9.661031102145238,4.1610311021452375,4.1610311021452375,25-50%
5.5,9.762348706115143,4.262348706115143,4.262348706115143,25-50%
5.0,9.575868250876516,4.575868250876516,4.575868250876516,0-25%
5.0,9.575868250876516,4.575868250876516,4.575868250876516,0-25%
6.0,9.799887986166047,3.7998879861660466,3.7998879861660466,25-50%
6.0,9.753838216702793,3.7538382167027926,3.7538382167027926,25-50%
5.5,9.74479302405252,4.24479302405252,4.24479302405252,25-50%
5.5,9.74479302405252,4.24479302405252,4.24479302405252,25-50%
5.5,9.63365353580999,4.133653535809991,4.133653535809991,25-50%
5.5,9.478423117649223,3.978423117649223,3.978423117649223,25-50%
5.5,9.419552198161652,3.919552198161652,3.919552198161652,25-50%
5.0,9.365352963700195,4.365352963700195,4.365352963700195,0-25%
5.0,9.050076698538179,4.050076698538179,4.050076698538179,0-25%
6.0,9.731153482840316,3.731153482840316,3.731153482840316,25-50%
5.5,9.716459000829811,4.216459000829811,4.216459000829811,25-50%
5.5,9.716459000829811,4.216459000829811,4.216459000829811,25-50%
5.5,9.810956329372729,4.310956329372729,4.310956329372729,25-50%
5.5,9.775377565829405,4.275377565829405,4.275377565829405,25-50%
6.0,9.727440872197159,3.7274408721971586,3.7274408721971586,25-50%
6.0,9.658442624751302,3.658442624751302,3.658442624751302,25-50%
5.5,9.586847730541935,4.086847730541935,4.086847730541935,25-50%
5.0,9.519896340685657,4.519896340685657,4.519896340685657,0-25%
5.0,9.331805154578817,4.3318051545788165,4.3318051545788165,0-25%
6.0,9.721593995688615,3.7215939956886146,3.7215939956886146,25-50%
6.0,9.867580514025104,3.8675805140251036,3.8675805140251036,25-50%
6.0,9.750087889147725,3.750087889147725,3.750087889147725,25-50%
6.0,9.658442624751302,3.658442624751302,3.658442624751302,25-50%
6.0,9.91411734740585,3.914117347405851,3.914117347405851,25-50%
6.0,9.762674027410782,3.7626740274107817,3.7626740274107817,25-50%
6.0,9.805831750028132,3.8058317500281316,3.8058317500281316,25-50%
6.0,9.805831750028132,3.8058317500281316,3.8058317500281316,25-50%
6.0,9.48885552158394,3.4888555215839396,3.4888555215839396,25-50%
6.0,9.836590035632417,3.836590035632417,3.836590035632417,25-50%
6.0,9.808761633322561,3.808761633322561,3.808761633322561,25-50%
6.0,9.762674027410782,3.7626740274107817,3.7626740274107817,25-50%
6.0,9.805831750028132,3.8058317500281316,3.8058317500281316,25-50%
6.0,9.530915247263735,3.530915247263735,3.530915247263735,25-50%
6.0,9.515860288746602,3.5158602887466017,3.5158602887466017,25-50%
6.0,9.852104164669317,3.852104164669317,3.852104164669317,25-50%
6.0,9.762674027410782,3.7626740274107817,3.7626740274107817,25-50%
6.0,9.852104164669317,3.852104164669317,3.852104164669317,25-50%
6.0,9.805831750028132,3.8058317500281316,3.8058317500281316,25-50%
6.0,9.736943491441746,3.736943491441746,3.736943491441746,25-50%
6.0,9.515860288746602,3.5158602887466017,3.5158602887466017,25-50%
6.0,9.805831750028132,3.8058317500281316,3.8058317500281316,25-50%
6.0,9.805831750028132,3.8058317500281316,3.8058317500281316,25-50%
10.0,8.855381096721922,-1.1446189032780776,1.1446189032780776,50-75%
10.0,8.855381096721922,-1.1446189032780776,1.1446189032780776,50-75%
10.0,8.855381096721922,-1.1446189032780776,1.1446189032780776,50-75%
10.0,9.402824255807849,-0.5971757441921515,0.5971757441921515,50-75%
10.0,8.855381096721922,-1.1446189032780776,1.1446189032780776,50-75%
10.0,8.965320603512211,-1.034679396487789,1.034679396487789,50-75%
10.0,9.222789254950275,-0.7772107450497252,0.7772107450497252,50-75%
10.0,9.326920038220095,-0.673079961779905,0.673079961779905,50-75%
10.0,9.223640567649598,-0.776359432350402,0.776359432350402,50-75%
10.0,9.476830652371802,-0.5231693476281976,0.5231693476281976,50-75%
10.0,9.485297059453977,-0.5147029405460231,0.5147029405460231,50-75%
10.0,8.965320603512211,-1.034679396487789,1.034679396487789,50-75%
10.0,8.965320603512211,-1.034679396487789,1.034679396487789,50-75%
10.0,9.12760851695556,-0.8723914830444404,0.8723914830444404,50-75%
10.0,9.268478598315488,-0.7315214016845122,0.7315214016845122,50-75%
10.0,9.517550565448555,-0.4824494345514445,0.4824494345514445,50-75%
10.0,9.444702019554903,-0.555297980445097,0.555297980445097,50-75%
10.0,9.14315982160946,-0.8568401783905397,0.8568401783905397,50-75%
10.0,9.23706834959896,-0.7629316504010397,0.7629316504010397,50-75%
10.0,9.222789254950275,-0.7772107450497252,0.7772107450497252,50-75%
10.0,9.198200386787269,-0.8017996132127312,0.8017996132127312,50-75%
10.0,9.198200386787269,-0.8017996132127312,0.8017996132127312,50-75%
10.0,9.297327344876612,-0.7026726551233882,0.7026726551233882,50-75%
10.0,9.23706834959896,-0.7629316504010397,0.7629316504010397,50-75%
10.0,9.254144621204555,-0.7458553787954454,0.7458553787954454,50-75%
10.0,9.263345213080193,-0.7366547869198072,0.7366547869198072,50-75%
10.0,9.474102682283789,-0.5258973177162112,0.5258973177162112,50-75%
10.0,9.468866502108956,-0.5311334978910445,0.5311334978910445,50-75%
10.0,9.419493476980726,-0.5805065230192739,0.5805065230192739,50-75%
10.0,9.517550565448555,-0.4824494345514445,0.4824494345514445,50-75%
19.0,9.53763867262846,-9.46236132737154,9.46236132737154,75-100%
19.0,9.18644138418645,-9.81355861581355,9.81355861581355,75-100%
19.0,9.293304427564287,-9.706695572435713,9.706695572435713,75-100%
19.0,9.502552557496294,-9.497447442503706,9.497447442503706,75-100%
19.0,9.552401041056182,-9.447598958943818,9.447598958943818,75-100%
19.0,9.532370729742956,-9.467629270257044,9.467629270257044,75-100%
19.0,9.496840986122127,-9.503159013877873,9.503159013877873,75-100%
19.0,9.552401041056182,-9.447598958943818,9.447598958943818,75-100%
19.0,9.461890710941429,-9.538109289058571,9.538109289058571,75-100%
19.0,9.5475262789065,-9.4524737210935,9.4524737210935,75-100%
19.0,9.511546200333623,-9.488453799666377,9.488453799666377,75-100%
19.0,9.552401041056182,-9.447598958943818,9.447598958943818,75-100%
19.0,9.53763867262846,-9.46236132737154,9.46236132737154,75-100%
19.0,9.293304427564287,-9.706695572435713,9.706695572435713,75-100%
19.0,9.293304427564287,-9.706695572435713,9.706695572435713,75-100%
19.0,9.507406534090286,-9.492593465909714,9.492593465909714,75-100%
19.0,9.502552557496294,-9.497447442503706,9.497447442503706,75-100%
19.0,9.5475262789065,-9.4524737210935,9.4524737210935,75-100%
19.0,9.5475262789065,-9.4524737210935,9.4524737210935,75-100%
11.5,9.467937530931563,-2.0320624690684372,2.0320624690684372,50-75%
11.5,9.408721403025098,-2.0912785969749024,2.0912785969749024,50-75%
11.5,9.345670266494214,-2.1543297335057865,2.1543297335057865,50-75%
11.5,9.210914778104343,-2.2890852218956574,2.2890852218956574,50-75%
19.0,9.5475262789065,-9.4524737210935,9.4524737210935,75-100%
19.0,9.502552557496294,-9.497447442503706,9.497447442503706,75-100%
11.5,9.418488044517394,-2.081511955482606,2.081511955482606,50-75%
11.5,9.457871106702285,-2.042128893297715,2.042128893297715,50-75%
11.5,9.46270443281963,-2.0372955671803705,2.0372955671803705,50-75%
11.5,9.368422834633737,-2.131577165366263,2.131577165366263,50-75%
11.5,9.392410840441032,-2.1075891595589678,2.1075891595589678,50-75%
19.0,9.5475262789065,-9.4524737210935,9.4524737210935,75-100%
11.5,9.457871106702285,-2.042128893297715,2.042128893297715,50-75%
11.5,9.382948145536343,-2.117051854463657,2.117051854463657,50-75%
11.5,9.453293323427626,-2.0467066765723736,2.0467066765723736,50-75%
4.0,9.480206531613332,5.480206531613332,5.480206531613332,0-25%
4.0,9.36987006815847,5.36987006815847,5.36987006815847,0-25%
4.0,9.46310178734463,5.46310178734463,5.46310178734463,0-25%
4.0,9.344112277688184,5.344112277688184,5.344112277688184,0-25%
4.0,9.382948145536343,5.382948145536343,5.382948145536343,0-25%
4.0,9.467937530931563,5.467937530931563,5.467937530931563,0-25%
4.0,9.46270443281963,5.4627044328196295,5.4627044328196295,0-25%
4.0,9.382948145536343,5.382948145536343,5.382948145536343,0-25%
4.0,9.36987006815847,5.36987006815847,5.36987006815847,0-25%
4.0,9.480206531613332,5.480206531613332,5.480206531613332,0-25%
4.0,9.418488044517394,5.418488044517394,5.418488044517394,0-25%
4.0,9.422592679007796,5.422592679007796,5.422592679007796,0-25%
4.0,9.457871106702285,5.457871106702285,5.457871106702285,0-25%
4.0,9.46310178734463,5.46310178734463,5.46310178734463,0-25%
4.0,9.422592679007796,5.422592679007796,5.422592679007796,0-25%
4.0,9.422592679007796,5.422592679007796,5.422592679007796,0-25%
4.0,9.42740970045431,5.4274097004543105,5.4274097004543105,0-25%
4.0,9.418488044517394,5.418488044517394,5.418488044517394,0-25%
4.0,9.418488044517394,5.418488044517394,5.418488044517394,0-25%
4.0,9.46310178734463,5.46310178734463,5.46310178734463,0-25%
4.0,9.422592679007796,5.422592679007796,5.422592679007796,0-25%
4.0,9.457871106702285,5.457871106702285,5.457871106702285,0-25%
7.0,8.28145205989803,1.2814520598980295,1.2814520598980295,25-50%
7.0,8.28145205989803,1.2814520598980295,1.2814520598980295,25-50%
7.0,8.245517845105976,1.2455178451059759,1.2455178451059759,25-50%
7.0,8.245517845105976,1.2455178451059759,1.2455178451059759,25-50%
7.0,8.095109210187038,1.0951092101870383,1.0951092101870383,25-50%
7.0,8.130458837259475,1.130458837259475,1.130458837259475,25-50%
7.0,8.321196820701545,1.3211968207015445,1.3211968207015445,25-50%
7.0,8.28145205989803,1.2814520598980295,1.2814520598980295,25-50%
7.0,8.321196820701545,1.3211968207015445,1.3211968207015445,25-50%
7.0,8.28145205989803,1.2814520598980295,1.2814520598980295,25-50%
7.0,8.285108729472661,1.285108729472661,1.285108729472661,25-50%
7.0,8.321196820701545,1.3211968207015445,1.3211968207015445,25-50%
7.0,8.225168988398659,1.225168988398659,1.225168988398659,25-50%
7.0,8.225168988398659,1.225168988398659,1.225168988398659,25-50%
7.0,8.316536997566448,1.3165369975664483,1.3165369975664483,25-50%
7.0,8.316536997566448,1.3165369975664483,1.3165369975664483,25-50%
7.0,8.285108729472661,1.285108729472661,1.285108729472661,25-50%
7.0,8.285108729472661,1.285108729472661,1.285108729472661,25-50%
7.0,8.168543978005783,1.1685439780057827,1.1685439780057827,25-50%
7.0,8.225168988398659,1.225168988398659,1.225168988398659,25-50%
7.0,8.466307767012694,1.4663077670126938,1.4663077670126938,25-50%
7.0,8.461575400473809,1.4615754004738086,1.4615754004738086,25-50%
7.0,8.320842832007711,1.3208428320077115,1.3208428320077115,25-50%
7.0,8.321196820701545,1.3211968207015445,1.3211968207015445,25-50%
7.0,8.289400038675716,1.2894000386757156,1.2894000386757156,25-50%
7.0,8.359775556995205,1.3597755569952046,1.3597755569952046,25-50%
7.0,8.617167499255904,1.6171674992559044,1.6171674992559044,25-50%
7.0,8.54107910988606,1.5410791098860592,1.5410791098860592,25-50%
7.0,8.641135361329592,1.6411353613295923,1.6411353613295923,25-50%
7.0,8.325504808778536,1.3255048087785362,1.3255048087785362,25-50%
7.0,8.249790856545225,1.249790856545225,1.249790856545225,25-50%
7.0,8.711812370090172,1.711812370090172,1.711812370090172,25-50%
7.0,8.68515583436445,1.6851558343644495,1.6851558343644495,25-50%
7.0,8.249790856545225,1.249790856545225,1.249790856545225,25-50%
8.0,9.32351394601176,1.3235139460117598,1.3235139460117598,25-50%
8.0,9.442918978999078,1.442918978999078,1.442918978999078,25-50%
8.0,9.61776734561075,1.6177673456107495,1.6177673456107495,25-50%
8.0,9.46873013509601,1.4687301350960098,1.4687301350960098,25-50%
8.0,9.32351394601176,1.3235139460117598,1.3235139460117598,25-50%
8.0,9.150724762637923,1.150724762637923,1.150724762637923,25-50%
8.0,9.439348027971459,1.4393480279714588,1.4393480279714588,25-50%
8.0,9.4705923779406,1.4705923779405996,1.4705923779405996,25-50%
8.0,9.672313925326053,1.672313925326053,1.672313925326053,25-50%
8.0,9.32351394601176,1.3235139460117598,1.3235139460117598,25-50%
8.0,9.150724762637923,1.150724762637923,1.150724762637923,25-50%
8.0,9.439348027971459,1.4393480279714588,1.4393480279714588,25-50%
8.0,9.42487180330658,1.42487180330658,1.42487180330658,25-50%
8.0,9.270916364806105,1.270916364806105,1.270916364806105,25-50%
8.0,8.998178625578737,0.9981786255787366,0.9981786255787366,25-50%
8.0,9.626072302782221,1.6260723027822213,1.6260723027822213,25-50%
8.0,9.103287116102438,1.1032871161024378,1.1032871161024378,25-50%
8.0,9.436977499148728,1.4369774991487283,1.4369774991487283,25-50%
8.0,9.561365359451422,1.5613653594514219,1.5613653594514219,25-50%
8.0,9.287037953398894,1.2870379533988938,1.2870379533988938,25-50%
8.0,8.868701391387063,0.8687013913870629,0.8687013913870629,25-50%
8.0,9.493686723628057,1.4936867236280573,1.4936867236280573,25-50%
8.0,9.792061686833502,1.7920616868335024,1.7920616868335024,25-50%
8.0,9.777096354788126,1.7770963547881262,1.7770963547881262,25-50%
8.0,9.68499608539856,1.6849960853985593,1.6849960853985593,25-50%
8.0,9.287037953398894,1.2870379533988938,1.2870379533988938,25-50%
8.0,8.985782361768772,0.9857823617687718,0.9857823617687718,25-50%
8.0,9.626072302782221,1.6260723027822213,1.6260723027822213,25-50%
8.0,9.831546650312319,1.831546650312319,1.831546650312319,25-50%
8.0,9.881370311153374,1.8813703111533737,1.8813703111533737,25-50%
8.0,9.608938641126386,1.608938641126386,1.608938641126386,25-50%
8.0,9.532873393545122,1.5328733935451222,1.5328733935451222,25-50%
10.0,9.013701857550998,-0.9862981424490016,0.9862981424490016,50-75%
10.0,10.028698542248641,0.02869854224864099,0.02869854224864099,50-75%
8.0,9.650764485367263,1.6507644853672634,1.6507644853672634,25-50%
8.0,9.798911410387836,1.798911410387836,1.798911410387836,25-50%
9.0,9.674617113628127,0.6746171136281269,0.6746171136281269,50-75%
9.0,9.394776059957456,0.3947760599574561,0.3947760599574561,50-75%
9.0,10.292140379487712,1.2921403794877122,1.2921403794877122,50-75%
9.0,10.342691534102348,1.3426915341023484,1.3426915341023484,50-75%
10.0,10.07848873630515,0.0784887363051503,0.0784887363051503,50-75%
10.0,9.937858509311802,-0.062141490688198076,0.062141490688198076,50-75%
8.0,9.72500287826135,1.7250028782613498,1.7250028782613498,25-50%
8.0,9.72500287826135,1.7250028782613498,1.7250028782613498,25-50%
9.0,9.248105840230576,0.24810584023057558,0.24810584023057558,50-75%
9.0,9.136491050579902,0.1364910505799024,0.1364910505799024,50-75%
9.0,9.206977306847445,0.20697730684744542,0.20697730684744542,50-75%
9.0,10.090965323042877,1.0909653230428766,1.0909653230428766,50-75%
8.0,9.793512852864383,1.7935128528643833,1.7935128528643833,25-50%
8.0,9.623913625274923,1.6239136252749233,1.6239136252749233,25-50%
9.0,9.764342145676256,0.764342145676256,0.764342145676256,50-75%
9.0,9.36968801490209,0.36968801490209025,0.36968801490209025,50-75%
9.0,9.22159124935316,0.22159124935316044,0.22159124935316044,50-75%
9.0,9.261319132812414,0.2613191328124138,0.2613191328124138,50-75%
9.0,9.300108078749656,0.3001080787496555,0.3001080787496555,50-75%
9.0,9.674617113628127,0.6746171136281269,0.6746171136281269,50-75%
9.0,9.398125499295126,0.3981254992951264,0.3981254992951264,50-75%
9.0,9.398125499295126,0.3981254992951264,0.3981254992951264,50-75%
9.0,9.305259851552348,0.30525985155234814,0.30525985155234814,50-75%
9.0,8.925951570884838,-0.0740484291151624,0.0740484291151624,50-75%
9.0,8.92986215781394,-0.07013784218606034,0.07013784218606034,50-75%
10.0,8.85119293504548,-1.1488070649545197,1.1488070649545197,50-75%
10.0,9.282339100746668,-0.7176608992533318,0.7176608992533318,50-75%
5.0,9.685418395267442,4.685418395267442,4.685418395267442,0-25%
8.0,9.72500287826135,1.7250028782613498,1.7250028782613498,25-50%
9.0,9.063317558418184,0.0633175584181842,0.0633175584181842,50-75%
9.0,8.968456188522913,-0.0315438114770874,0.0315438114770874,50-75%
9.0,8.925951570884838,-0.0740484291151624,0.0740484291151624,50-75%
10.0,8.85119293504548,-1.1488070649545197,1.1488070649545197,50-75%
5.0,9.849053403350458,4.849053403350458,4.849053403350458,0-25%
5.0,9.814423599499216,4.814423599499216,4.814423599499216,0-25%
5.0,9.792118203801692,4.792118203801692,4.792118203801692,0-25%
5.0,9.293871874115869,4.293871874115869,4.293871874115869,0-25%
9.0,9.058286736638905,0.05828673663890527,0.05828673663890527,50-75%
9.0,9.058286736638905,0.05828673663890527,0.05828673663890527,50-75%
10.0,8.84626815793477,-1.1537318420652305,1.1537318420652305,50-75%
5.0,9.849053403350458,4.849053403350458,4.849053403350458,0-25%
5.0,9.814423599499216,4.814423599499216,4.814423599499216,0-25%
5.0,9.804650357955023,4.804650357955023,4.804650357955023,0-25%
5.0,9.680076574811954,4.680076574811954,4.680076574811954,0-25%
5.0,9.293871874115869,4.293871874115869,4.293871874115869,0-25%
5.0,9.293871874115869,4.293871874115869,4.293871874115869,0-25%
5.0,9.685418395267442,4.685418395267442,4.685418395267442,0-25%
5.0,9.685418395267442,4.685418395267442,4.685418395267442,0-25%
5.0,9.213843713127185,4.213843713127185,4.213843713127185,0-25%
5.0,9.213843713127185,4.213843713127185,4.213843713127185,0-25%
5.0,9.293871874115869,4.293871874115869,4.293871874115869,0-25%
5.0,9.598112194663278,4.598112194663278,4.598112194663278,0-25%
5.0,9.79751606376789,4.79751606376789,4.79751606376789,0-25%
5.0,9.213843713127185,4.213843713127185,4.213843713127185,0-25%
5.0,9.213843713127185,4.213843713127185,4.213843713127185,0-25%
5.0,9.293871874115869,4.293871874115869,4.293871874115869,0-25%
5.0,9.740334649643952,4.740334649643952,4.740334649643952,0-25%
5.0,9.213843713127185,4.213843713127185,4.213843713127185,0-25%
5.0,9.685418395267442,4.685418395267442,4.685418395267442,0-25%
5.0,9.685418395267442,4.685418395267442,4.685418395267442,0-25%
23.0,9.26029789559566,-13.73970210440434,13.73970210440434,75-100%
23.0,9.245628486703904,-13.754371513296096,13.754371513296096,75-100%
23.0,9.220573965974367,-13.779426034025633,13.779426034025633,75-100%
23.0,9.277961917991227,-13.722038082008773,13.722038082008773,75-100%
23.0,9.173658062550375,-13.826341937449625,13.826341937449625,75-100%
23.0,9.15775231541293,-13.84224768458707,13.84224768458707,75-100%
23.0,9.172373621078824,-13.827626378921176,13.827626378921176,75-100%
23.0,9.25563935350355,-13.74436064649645,13.74436064649645,75-100%
23.0,9.507536608223928,-13.492463391776072,13.492463391776072,75-100%
23.0,9.173658062550375,-13.826341937449625,13.826341937449625,75-100%
23.0,9.172496022797816,-13.827503977202184,13.827503977202184,75-100%
23.0,9.19328208195341,-13.80671791804659,13.80671791804659,75-100%
23.0,9.172373621078824,-13.827626378921176,13.827626378921176,75-100%
23.0,9.507536608223928,-13.492463391776072,13.492463391776072,75-100%
23.0,9.553665053563208,-13.446334946436792,13.446334946436792,75-100%
23.0,9.553665053563208,-13.446334946436792,13.446334946436792,75-100%
23.0,9.19328208195341,-13.80671791804659,13.80671791804659,75-100%
23.0,9.231468199991092,-13.768531800008908,13.768531800008908,75-100%
23.0,9.164948025317042,-13.835051974682958,13.835051974682958,75-100%
23.0,9.19328208195341,-13.80671791804659,13.80671791804659,75-100%
23.0,9.275992618524299,-13.724007381475701,13.724007381475701,75-100%
23.0,9.070823491333833,-13.929176508666167,13.929176508666167,75-100%
23.0,9.25563935350355,-13.74436064649645,13.74436064649645,75-100%
23.0,10.083443312858746,-12.916556687141254,12.916556687141254,75-100%
23.0,10.088986883992447,-12.911013116007553,12.911013116007553,75-100%
7.0,9.366257535081157,2.366257535081157,2.366257535081157,25-50%
7.0,9.402037563698443,2.4020375636984426,2.4020375636984426,25-50%
7.0,8.582085634179403,1.5820856341794034,1.5820856341794034,25-50%
7.0,8.582085634179403,1.5820856341794034,1.5820856341794034,25-50%
7.0,9.178208894511542,2.178208894511542,2.178208894511542,25-50%
7.0,9.08226450706588,2.0822645070658794,2.0822645070658794,25-50%
7.0,8.982449567010281,1.9824495670102813,1.9824495670102813,25-50%
6.5,8.582085634179403,2.0820856341794034,2.0820856341794034,25-50%
6.5,8.582085634179403,2.0820856341794034,2.0820856341794034,25-50%
23.0,9.325660321831393,-13.674339678168607,13.674339678168607,75-100%
7.0,9.178208894511542,2.178208894511542,2.178208894511542,25-50%
7.0,9.08226450706588,2.0822645070658794,2.0822645070658794,25-50%
6.5,8.491760573439201,1.9917605734392012,1.9917605734392012,25-50%
6.5,8.895012079398912,2.395012079398912,2.395012079398912,25-50%
6.5,8.895012079398912,2.395012079398912,2.395012079398912,25-50%
6.5,9.044378857020359,2.5443788570203587,2.5443788570203587,25-50%
6.5,8.949417936339495,2.4494179363394952,2.4494179363394952,25-50%
6.0,8.949417936339495,2.9494179363394952,2.9494179363394952,25-50%
23.0,9.223937793044065,-13.776062206955935,13.776062206955935,75-100%
23.0,9.277595008644814,-13.722404991355186,13.722404991355186,75-100%
23.0,9.343732173899411,-13.656267826100589,13.656267826100589,75-100%
23.0,9.371754522577545,-13.628245477422455,13.628245477422455,75-100%
7.0,9.08226450706588,2.0822645070658794,2.0822645070658794,25-50%
7.0,9.043229854292898,2.043229854292898,2.043229854292898,25-50%
6.5,8.895012079398912,2.395012079398912,2.395012079398912,25-50%
6.5,8.971910482119618,2.4719104821196183,2.4719104821196183,25-50%
6.5,9.044378857020359,2.5443788570203587,2.5443788570203587,25-50%
6.5,8.97897454243444,2.4789745424344396,2.4789745424344396,25-50%
6.5,8.862484230142913,2.362484230142913,2.362484230142913,25-50%
6.0,8.853416450097775,2.8534164500977752,2.8534164500977752,25-50%
23.0,9.559801744045677,-13.440198255954323,13.440198255954323,75-100%
23.0,9.187456607165498,-13.812543392834502,13.812543392834502,75-100%
23.0,9.325660321831393,-13.674339678168607,13.674339678168607,75-100%
23.0,9.325660321831393,-13.674339678168607,13.674339678168607,75-100%
23.0,9.287546048870164,-13.712453951129836,13.712453951129836,75-100%
23.0,9.371754522577545,-13.628245477422455,13.628245477422455,75-100%
7.0,9.08226450706588,2.0822645070658794,2.0822645070658794,25-50%
7.0,9.08226450706588,2.0822645070658794,2.0822645070658794,25-50%
6.5,8.544987481744597,2.044987481744597,2.044987481744597,25-50%
6.5,8.491760573439201,1.9917605734392012,1.9917605734392012,25-50%
6.0,8.820065234139294,2.820065234139294,2.820065234139294,25-50%
23.0,8.9341645795453,-14.0658354204547,14.0658354204547,75-100%
23.0,9.137492216611548,-13.862507783388452,13.862507783388452,75-100%
23.0,9.371754522577545,-13.628245477422455,13.628245477422455,75-100%
23.0,9.327530276427405,-13.672469723572595,13.672469723572595,75-100%
7.0,8.895012079398912,1.8950120793989118,1.8950120793989118,25-50%
6.5,8.937384208857274,2.4373842088572744,2.4373842088572744,25-50%
6.5,8.895012079398912,2.395012079398912,2.395012079398912,25-50%
6.5,8.491760573439201,1.9917605734392012,1.9917605734392012,25-50%
6.0,8.455012124920634,2.455012124920634,2.455012124920634,25-50%
6.0,8.491760573439201,2.491760573439201,2.491760573439201,25-50%
6.0,8.491760573439201,2.491760573439201,2.491760573439201,25-50%
23.0,8.941982629913916,-14.058017370086084,14.058017370086084,75-100%
23.0,9.156143453722322,-13.843856546277678,13.843856546277678,75-100%
23.0,9.361722028339237,-13.638277971660763,13.638277971660763,75-100%
23.0,9.301125404989996,-13.698874595010004,13.698874595010004,75-100%
23.0,9.301125404989996,-13.698874595010004,13.698874595010004,75-100%
6.0,8.487375782243603,2.4873757822436033,2.4873757822436033,25-50%
6.0,8.491760573439201,2.491760573439201,2.491760573439201,25-50%
6.0,8.455012124920634,2.455012124920634,2.455012124920634,25-50%
6.0,8.450644309951128,2.4506443099511284,2.4506443099511284,25-50%
8.0,9.120113039068297,1.120113039068297,1.120113039068297,25-50%
23.0,8.941982629913916,-14.058017370086084,14.058017370086084,75-100%
23.0,9.16989410072541,-13.83010589927459,13.83010589927459,75-100%
23.0,9.055613427395851,-13.944386572604149,13.944386572604149,75-100%
23.0,9.3565420291443,-13.6434579708557,13.6434579708557,75-100%
5.0,8.802117815395285,3.8021178153952846,3.8021178153952846,0-25%
5.0,8.80664807127232,3.8066480712723205,3.8066480712723205,0-25%
8.0,9.11650060069502,1.1165006006950193,1.1165006006950193,25-50%
8.0,8.99214453758235,0.9921445375823499,0.9921445375823499,25-50%
8.0,8.939571320659434,0.939571320659434,0.939571320659434,25-50%
8.0,8.845012597051651,0.8450125970516513,0.8450125970516513,25-50%
23.0,9.245761180146706,-13.754238819853294,13.754238819853294,75-100%
23.0,8.863246313357909,-14.136753686642091,14.136753686642091,75-100%
23.0,9.317540559859328,-13.682459440140672,13.682459440140672,75-100%
5.0,9.707351737581845,4.707351737581845,4.707351737581845,0-25%
5.0,9.707351737581845,4.707351737581845,4.707351737581845,0-25%
5.0,8.802117815395285,3.8021178153952846,3.8021178153952846,0-25%
5.0,8.764167782930288,3.764167782930288,3.764167782930288,0-25%
5.0,8.70507634207588,3.7050763420758805,3.7050763420758805,0-25%
8.0,9.236990980462553,1.2369909804625525,1.2369909804625525,25-50%
8.0,9.002643795955567,1.0026437959555672,1.0026437959555672,25-50%
8.0,8.845012597051651,0.8450125970516513,0.8450125970516513,25-50%
5.0,8.802117815395285,3.8021178153952846,3.8021178153952846,0-25%
5.0,8.764167782930288,3.764167782930288,3.764167782930288,0-25%
5.0,8.764167782930288,3.764167782930288,3.764167782930288,0-25%
5.0,8.764167782930288,3.764167782930288,3.764167782930288,0-25%
5.0,8.802117815395285,3.8021178153952846,3.8021178153952846,0-25%
5.0,8.764167782930288,3.764167782930288,3.764167782930288,0-25%
5.0,8.802117815395285,3.8021178153952846,3.8021178153952846,0-25%
8.0,9.115053824272563,1.1150538242725627,1.1150538242725627,25-50%
8.0,9.042947990486379,1.042947990486379,1.042947990486379,25-50%
8.0,9.042947990486379,1.042947990486379,1.042947990486379,25-50%
8.0,8.845012597051651,0.8450125970516513,0.8450125970516513,25-50%
5.0,8.844092155770753,3.8440921557707526,3.8440921557707526,0-25%
5.0,8.802117815395285,3.8021178153952846,3.8021178153952846,0-25%
5.0,8.805979614793827,3.805979614793827,3.805979614793827,0-25%
5.0,8.844092155770753,3.8440921557707526,3.8440921557707526,0-25%
5.0,8.848641810976154,3.8486418109761544,3.8486418109761544,0-25%
5.0,8.848641810976154,3.8486418109761544,3.8486418109761544,0-25%
5.0,8.768680499397899,3.768680499397899,3.768680499397899,0-25%
5.0,8.80664807127232,3.8066480712723205,3.8066480712723205,0-25%
8.0,9.173369455862499,1.173369455862499,1.173369455862499,25-50%
8.0,8.924741515588753,0.9247415155887531,0.9247415155887531,25-50%
8.0,8.924741515588753,0.9247415155887531,0.9247415155887531,25-50%
8.0,9.007075057989121,1.0070750579891214,1.0070750579891214,25-50%
5.0,8.805979614793827,3.805979614793827,3.805979614793827,0-25%
5.0,8.805979614793827,3.805979614793827,3.805979614793827,0-25%
5.0,8.682875878478974,3.682875878478974,3.682875878478974,0-25%
5.0,8.848641810976154,3.8486418109761544,3.8486418109761544,0-25%
5.0,9.083658455502883,4.083658455502883,4.083658455502883,0-25%
8.0,8.924741515588753,0.9247415155887531,0.9247415155887531,25-50%
8.0,9.002643795955567,1.0026437959555672,1.0026437959555672,25-50%
8.0,8.935169950152288,0.9351699501522877,0.9351699501522877,25-50%
8.0,8.935169950152288,0.9351699501522877,0.9351699501522877,25-50%
8.0,8.845012597051651,0.8450125970516513,0.8450125970516513,25-50%
8.0,8.845012597051651,0.8450125970516513,0.8450125970516513,25-50%
5.0,8.843718309215292,3.8437183092152925,3.8437183092152925,0-25%
5.0,8.844092155770753,3.8440921557707526,3.8440921557707526,0-25%
5.0,8.81051165548306,3.81051165548306,3.81051165548306,0-25%
5.0,8.829947358337481,3.8299473583374812,3.8299473583374812,0-25%
5.0,9.050473222956413,4.050473222956413,4.050473222956413,0-25%
5.0,9.173822975543402,4.173822975543402,4.173822975543402,0-25%
8.0,8.845012597051651,0.8450125970516513,0.8450125970516513,25-50%
5.0,8.901203069501559,3.901203069501559,3.901203069501559,0-25%
8.0,8.753823212013458,0.753823212013458,0.753823212013458,25-50%
8.0,8.673923299673516,0.6739232996735165,0.6739232996735165,25-50%
8.0,8.67463173445705,0.6746317344570496,0.6746317344570496,25-50%
8.0,8.95386525913241,0.9538652591324102,0.9538652591324102,25-50%
8.0,8.763267122485903,0.7632671224859031,0.7632671224859031,25-50%
8.0,8.741192992253605,0.7411929922536054,0.7411929922536054,25-50%
8.0,8.741192992253605,0.7411929922536054,0.7411929922536054,25-50%
8.0,8.712233770449444,0.7122337704494441,0.7122337704494441,25-50%
8.0,8.95386525913241,0.9538652591324102,0.9538652591324102,25-50%
8.0,8.763267122485903,0.7632671224859031,0.7632671224859031,25-50%
8.0,8.79310292872859,0.7931029287285902,0.7931029287285902,25-50%
8.0,9.273919535024053,1.2739195350240529,1.2739195350240529,25-50%
8.0,8.741192992253605,0.7411929922536054,0.7411929922536054,25-50%
8.0,8.764583115462846,0.7645831154628464,0.7645831154628464,25-50%
8.0,8.763267122485903,0.7632671224859031,0.7632671224859031,25-50%
8.0,8.758386300968388,0.7583863009683878,0.7583863009683878,25-50%
8.0,8.758386300968388,0.7583863009683878,0.7583863009683878,25-50%
8.0,8.788207191789496,0.7882071917894962,0.7882071917894962,25-50%
8.0,9.273919535024053,1.2739195350240529,1.2739195350240529,25-50%
8.0,9.189596999093848,1.1895969990938475,1.1895969990938475,25-50%
8.0,9.068950973822606,1.0689509738226057,1.0689509738226057,25-50%
8.0,8.720550640201427,0.7205506402014272,0.7205506402014272,25-50%
8.0,8.84626815793477,0.8462681579347695,0.8462681579347695,25-50%
8.0,8.753452793578454,0.7534527935784538,0.7534527935784538,25-50%
8.0,8.79310292872859,0.7931029287285902,0.7931029287285902,25-50%
8.0,9.078648479236623,1.078648479236623,1.078648479236623,25-50%
8.0,9.285849940245752,1.2858499402457522,1.2858499402457522,25-50%
8.0,9.340633672943987,1.3406336729439872,1.3406336729439872,25-50%
8.0,8.673923299673516,0.6739232996735165,0.6739232996735165,25-50%
8.0,8.79310292872859,0.7931029287285902,0.7931029287285902,25-50%
8.0,9.31897807519104,1.3189780751910405,1.3189780751910405,25-50%
8.0,9.944426315378816,1.9444263153788164,1.9444263153788164,25-50%
8.0,9.870599580300254,1.8705995803002544,1.8705995803002544,25-50%
8.0,9.267911047199405,1.267911047199405,1.267911047199405,25-50%
8.0,9.621595603220033,1.6215956032200332,1.6215956032200332,25-50%
8.0,9.193082518666284,1.1930825186662837,1.1930825186662837,25-50%
8.0,8.902925643295307,0.9029256432953066,0.9029256432953066,25-50%
8.0,8.90449076431661,0.9044907643166091,0.9044907643166091,25-50%
8.0,9.616285688852214,1.616285688852214,1.616285688852214,25-50%
8.0,9.583365909227167,1.583365909227167,1.583365909227167,25-50%
8.0,9.287241969691786,1.2872419696917863,1.2872419696917863,25-50%
8.0,9.193082518666284,1.1930825186662837,1.1930825186662837,25-50%
8.0,9.193082518666284,1.1930825186662837,1.1930825186662837,25-50%
8.0,9.246027082929213,1.2460270829292135,1.2460270829292135,25-50%
8.0,9.189596999093848,1.1895969990938475,1.1895969990938475,25-50%
7.5,10.013462122392308,2.5134621223923084,2.5134621223923084,25-50%
7.5,9.860659183331592,2.3606591833315917,2.3606591833315917,25-50%
7.5,10.172087337802708,2.672087337802708,2.672087337802708,25-50%
8.0,10.00557336323673,2.0055733632367296,2.0055733632367296,25-50%
8.0,9.079326718329988,1.0793267183299875,1.0793267183299875,25-50%
7.0,9.648317985499823,2.6483179854998227,2.6483179854998227,25-50%
7.333333333333332,9.644722682854503,2.3113893495211713,2.3113893495211713,25-50%
7.333333333333332,9.686095135722574,2.3527618023892423,2.3527618023892423,25-50%
6.75,9.722220333924607,2.972220333924607,2.972220333924607,25-50%
6.75,9.998850168783683,3.248850168783683,3.248850168783683,25-50%
6.75,9.646781066084984,2.8967810660849835,2.8967810660849835,25-50%
6.75,9.789058245279909,3.039058245279909,3.039058245279909,25-50%
8.0,9.654020069226593,1.6540200692265934,1.6540200692265934,25-50%
7.0,9.690713305557587,2.690713305557587,2.690713305557587,25-50%
6.333333333333332,9.265680288956666,2.932346955623334,2.932346955623334,25-50%
6.75,9.265680288956666,2.5156802889566663,2.5156802889566663,25-50%
6.75,9.265680288956666,2.5156802889566663,2.5156802889566663,25-50%
6.75,9.699724805233751,2.9497248052337515,2.9497248052337515,25-50%
6.75,9.66268976129808,2.912689761298081,2.912689761298081,25-50%
6.75,9.886842710917216,3.1368427109172163,3.1368427109172163,25-50%
6.0,9.654020069226593,3.6540200692265934,3.6540200692265934,25-50%
6.333333333333332,9.583365909227167,3.250032575893835,3.250032575893835,25-50%
6.333333333333332,9.583365909227167,3.250032575893835,3.250032575893835,25-50%
6.333333333333332,9.621595603220033,3.288262269886701,3.288262269886701,25-50%
6.333333333333332,9.716941369388309,3.3836080360549765,3.3836080360549765,25-50%
6.333333333333332,9.66268976129808,3.3293564279647487,3.3293564279647487,25-50%
6.333333333333332,9.870599580300254,3.5372662469669223,3.5372662469669223,25-50%
6.0,9.33178068184149,3.33178068184149,3.33178068184149,25-50%
5.0,9.261131161162268,4.261131161162268,4.261131161162268,0-25%
7.0,9.860659183331592,2.8606591833315917,2.8606591833315917,25-50%
6.333333333333332,9.282099204331416,2.948765870998084,2.948765870998084,25-50%
6.333333333333332,9.46235499666053,3.1290216633271974,3.1290216633271974,25-50%
6.333333333333332,9.287241969691786,2.953908636358454,2.953908636358454,25-50%
6.333333333333332,9.583365909227167,3.250032575893835,3.250032575893835,25-50%
6.333333333333332,9.960779759809846,3.6274464264765136,3.6274464264765136,25-50%
6.333333333333332,9.944426315378816,3.6110929820454842,3.6110929820454842,25-50%
6.0,9.244627727087463,3.2446277270874635,3.2446277270874635,25-50%
5.0,9.244627727087463,4.2446277270874635,4.2446277270874635,0-25%
6.333333333333332,9.46235499666053,3.1290216633271974,3.1290216633271974,25-50%
6.333333333333332,9.46235499666053,3.1290216633271974,3.1290216633271974,25-50%
6.333333333333332,9.287241969691786,2.953908636358454,2.953908636358454,25-50%
6.333333333333332,9.583365909227167,3.250032575893835,3.250032575893835,25-50%
6.333333333333332,9.66268976129808,3.3293564279647487,3.3293564279647487,25-50%
6.0,9.291779998348247,3.2917799983482467,3.2917799983482467,25-50%
5.0,9.013006192030325,4.013006192030325,4.013006192030325,0-25%
5.0,9.072195424716618,4.072195424716618,4.072195424716618,0-25%
6.0,9.417023096375337,3.4170230963753365,3.4170230963753365,25-50%
6.0,9.46235499666053,3.4623549966605296,3.4623549966605296,25-50%
6.0,9.583365909227167,3.583365909227167,3.583365909227167,25-50%
6.0,9.822615487690705,3.8226154876907046,3.8226154876907046,25-50%
5.0,9.736566656222994,4.736566656222994,4.736566656222994,0-25%
5.0,8.919379372608532,3.9193793726085318,3.9193793726085318,0-25%
9.0,9.410018647008169,0.4100186470081688,0.4100186470081688,50-75%
9.0,9.388051655716513,0.388051655716513,0.388051655716513,50-75%
9.0,9.410018647008169,0.4100186470081688,0.4100186470081688,50-75%
9.0,9.410018647008169,0.4100186470081688,0.4100186470081688,50-75%
9.0,9.410018647008169,0.4100186470081688,0.4100186470081688,50-75%
9.0,9.410018647008169,0.4100186470081688,0.4100186470081688,50-75%
9.0,9.480717386589038,0.4807173865890384,0.4807173865890384,50-75%
9.0,9.410018647008169,0.4100186470081688,0.4100186470081688,50-75%
9.0,9.539273669865622,0.5392736698656222,0.5392736698656222,50-75%
9.0,9.410018647008169,0.4100186470081688,0.4100186470081688,50-75%
9.0,9.397564618901793,0.39756461890179295,0.39756461890179295,50-75%
9.0,9.19336220908515,0.19336220908514967,0.19336220908514967,50-75%
9.0,9.480717386589038,0.4807173865890384,0.4807173865890384,50-75%
9.0,9.539273669865622,0.5392736698656222,0.5392736698656222,50-75%
9.0,9.480717386589038,0.4807173865890384,0.4807173865890384,50-75%
9.0,9.453341840197858,0.45334184019785795,0.45334184019785795,50-75%
9.0,9.368866461963727,0.3688664619637265,0.3688664619637265,50-75%
9.0,9.189723623957232,0.18972362395723152,0.18972362395723152,50-75%
9.0,9.064467474217624,0.06446747421762389,0.06446747421762389,50-75%
9.0,9.011513733431995,0.011513733431995021,0.011513733431995021,50-75%
9.0,9.368866461963727,0.3688664619637265,0.3688664619637265,50-75%
9.0,9.43128342926136,0.43128342926135943,0.43128342926135943,50-75%
9.0,9.298922224112108,0.29892222411210767,0.29892222411210767,50-75%
9.0,9.368866461963727,0.3688664619637265,0.3688664619637265,50-75%
9.0,9.311086110615163,0.3110861106151628,0.3110861106151628,50-75%
9.0,9.002643795955567,0.0026437959555671853,0.0026437959555671853,50-75%
9.0,9.258926248978295,0.25892624897829464,0.25892624897829464,50-75%
9.0,9.426797828625778,0.4267978286257783,0.4267978286257783,50-75%
9.0,9.316243374265676,0.3162433742656763,0.3162433742656763,50-75%
9.0,9.188266375796788,0.18826637579678795,0.18826637579678795,50-75%
9.0,9.1156386414688,0.11563864146880043,0.11563864146880043,50-75%
9.0,9.1156386414688,0.11563864146880043,0.11563864146880043,50-75%
9.0,9.250313024858485,0.2503130248584853,0.2503130248584853,50-75%
9.0,9.19336220908515,0.19336220908514967,0.19336220908514967,50-75%
9.0,9.24700409472868,0.24700409472868046,0.24700409472868046,50-75%
9.0,8.996576590537245,-0.0034234094627549894,0.0034234094627549894,50-75%
9.0,8.996576590537245,-0.0034234094627549894,0.0034234094627549894,50-75%
5.0,8.265787399336954,3.265787399336954,3.265787399336954,0-25%
5.0,8.437980220250353,3.4379802202503527,3.4379802202503527,0-25%
5.0,8.202583152633052,3.2025831526330517,3.2025831526330517,0-25%
5.0,8.202583152633052,3.2025831526330517,3.2025831526330517,0-25%
5.0,8.230893578441973,3.2308935784419734,3.2308935784419734,0-25%
5.0,8.29866646433364,3.2986664643336407,3.2986664643336407,0-25%
5.0,8.310479175903986,3.3104791759039855,3.3104791759039855,0-25%
5.0,8.310479175903986,3.3104791759039855,3.3104791759039855,0-25%
5.0,8.409034675971142,3.4090346759711423,3.4090346759711423,0-25%
5.0,8.449686497223357,3.4496864972233574,3.4496864972233574,0-25%
5.0,8.449686497223357,3.4496864972233574,3.4496864972233574,0-25%
27.0,8.285231554617733,-18.71476844538227,18.71476844538227,75-100%
16.0,8.202583152633052,-7.797416847366948,7.797416847366948,75-100%
12.333333333333336,8.270780114192235,-4.062553219141101,4.062553219141101,50-75%
5.0,8.305824710699866,3.3058247106998664,3.3058247106998664,0-25%
5.0,8.305824710699866,3.3058247106998664,3.3058247106998664,0-25%
5.0,8.166954287934473,3.166954287934473,3.166954287934473,0-25%
5.0,8.241990183323448,3.2419901833234483,3.2419901833234483,0-25%
27.0,8.591317144075143,-18.40868285592486,18.40868285592486,75-100%
27.0,8.133167713550367,-18.866832286449633,18.866832286449633,75-100%
15.5,8.305824710699866,-7.194175289300134,7.194175289300134,75-100%
5.0,8.241990183323448,3.2419901833234483,3.2419901833234483,0-25%
5.0,8.23736995691916,3.23736995691916,3.23736995691916,0-25%
5.0,8.618546704414142,3.6185467044141415,3.6185467044141415,0-25%
27.0,8.421771723635487,-18.578228276364513,18.578228276364513,75-100%
27.0,8.492057834441242,-18.50794216555876,18.50794216555876,75-100%
26.0,8.270780114192235,-17.729219885807765,17.729219885807765,75-100%
26.0,8.270780114192235,-17.729219885807765,17.729219885807765,75-100%
15.5,8.270780114192235,-7.229219885807765,7.229219885807765,75-100%
15.5,8.270780114192235,-7.229219885807765,7.229219885807765,75-100%
11.666666666666664,9.284218108627487,-2.3824485580391777,2.3824485580391777,50-75%
5.0,8.927817159011598,3.927817159011598,3.927817159011598,0-25%
5.0,8.641651617460067,3.6416516174600666,3.6416516174600666,0-25%
26.0,8.46883170806654,-17.53116829193346,17.53116829193346,75-100%
26.0,8.200345499774672,-17.79965450022533,17.79965450022533,75-100%
26.0,8.221683978207732,-17.778316021792268,17.778316021792268,75-100%
15.5,8.310479175903986,-7.1895208240960145,7.1895208240960145,75-100%
15.5,8.301525813994292,-7.198474186005708,7.198474186005708,75-100%
11.666666666666664,8.270421839204428,-3.3962448274622368,3.3962448274622368,50-75%
11.666666666666664,8.971297378415576,-2.6953692882510882,2.6953692882510882,50-75%
5.0,8.88784050928269,3.8878405092826895,3.8878405092826895,0-25%
5.0,8.88784050928269,3.8878405092826895,3.8878405092826895,0-25%
26.0,8.351064392821177,-17.64893560717882,17.64893560717882,75-100%
26.0,8.351064392821177,-17.64893560717882,17.64893560717882,75-100%
26.0,8.234887217071897,-17.765112782928103,17.765112782928103,75-100%
26.0,8.244013290902597,-17.755986709097403,17.755986709097403,75-100%
19.0,8.221683978207732,-10.778316021792268,10.778316021792268,75-100%
15.0,8.230893578441973,-6.7691064215580266,6.7691064215580266,50-75%
15.0,8.962463071570442,-6.037536928429558,6.037536928429558,50-75%
5.0,8.88784050928269,3.8878405092826895,3.8878405092826895,0-25%
27.0,8.351064392821177,-18.64893560717882,18.64893560717882,75-100%
26.0,8.45168514687724,-17.54831485312276,17.54831485312276,75-100%
26.0,8.217423950955318,-17.782576049044682,17.782576049044682,75-100%
25.0,8.679103069947871,-16.32089693005213,16.32089693005213,75-100%
25.0,9.95738974484227,-15.04261025515773,15.04261025515773,75-100%
25.0,9.535430591088305,-15.464569408911695,15.464569408911695,75-100%
26.0,8.351064392821177,-17.64893560717882,17.64893560717882,75-100%
25.0,8.800868591499015,-16.199131408500985,16.199131408500985,75-100%
25.0,8.845967444258566,-16.154032555741434,16.154032555741434,75-100%
25.0,8.712233770449444,-16.287766229550556,16.287766229550556,75-100%
25.0,10.129482312169863,-14.870517687830137,14.870517687830137,75-100%
12.0,8.679948206440201,-3.3200517935597986,3.3200517935597986,50-75%
12.0,8.763693614594992,-3.2363063854050083,3.2363063854050083,50-75%
12.0,8.684421999050892,-3.315578000949108,3.315578000949108,50-75%
12.0,8.814578732041074,-3.185421267958926,3.185421267958926,50-75%
12.0,8.814578732041074,-3.185421267958926,3.185421267958926,50-75%
12.0,8.721399395712368,-3.2786006042876323,3.2786006042876323,50-75%
12.0,8.717570905769076,-3.282429094230924,3.282429094230924,50-75%
12.0,8.679948206440201,-3.3200517935597986,3.3200517935597986,50-75%
12.0,8.722062086505268,-3.277937913494732,3.277937913494732,50-75%
12.0,8.722062086505268,-3.277937913494732,3.277937913494732,50-75%
12.0,9.034759815606915,-2.9652401843930853,2.9652401843930853,50-75%
12.0,8.717570905769076,-3.282429094230924,3.282429094230924,50-75%
12.0,8.759183201856853,-3.240816798143147,3.240816798143147,50-75%
12.0,8.679239382352579,-3.320760617647421,3.320760617647421,50-75%
12.0,8.679948206440201,-3.3200517935597986,3.3200517935597986,50-75%
12.0,8.722062086505268,-3.277937913494732,3.277937913494732,50-75%
12.0,8.814578732041074,-3.185421267958926,3.185421267958926,50-75%
12.0,9.330140446011221,-2.669859553988779,2.669859553988779,50-75%
12.0,8.959335177494857,-3.0406648225051427,3.0406648225051427,50-75%
12.0,8.768632302013703,-3.231367697986297,3.231367697986297,50-75%
12.0,8.746546041449403,-3.2534539585505975,3.2534539585505975,50-75%
12.0,8.746546041449403,-3.2534539585505975,3.2534539585505975,50-75%
12.0,8.717570905769076,-3.282429094230924,3.282429094230924,50-75%
12.0,8.722062086505268,-3.277937913494732,3.277937913494732,50-75%
12.0,9.337458274957044,-2.6625417250429564,2.6625417250429564,50-75%
12.0,8.768632302013703,-3.231367697986297,3.231367697986297,50-75%
12.0,8.798484503839429,-3.201515496160571,3.201515496160571,50-75%
12.0,9.27956533187341,-2.7204346681265896,2.7204346681265896,50-75%
12.0,8.746546041449403,-3.2534539585505975,3.2534539585505975,50-75%
12.0,8.769949018164406,-3.2300509818355945,3.2300509818355945,50-75%
12.0,8.793586076560384,-3.206413923439616,3.206413923439616,50-75%
12.0,9.27956533187341,-2.7204346681265896,2.7204346681265896,50-75%
12.0,9.195196458427514,-2.804803541572486,2.804803541572486,50-75%
8.0,9.349532931268293,1.3495329312682927,1.3495329312682927,25-50%
8.0,9.129335401607623,1.129335401607623,1.129335401607623,25-50%
8.0,8.970294284274694,0.9702942842746936,0.9702942842746936,25-50%
8.0,9.349532931268293,1.3495329312682927,1.3495329312682927,25-50%
8.0,8.970294284274694,0.9702942842746936,0.9702942842746936,25-50%
8.0,9.349532931268293,1.3495329312682927,1.3495329312682927,25-50%
8.0,9.452878737799775,1.4528787377997752,1.4528787377997752,25-50%
8.0,9.41761715128869,1.41761715128869,1.41761715128869,25-50%
7.5,9.173415367460892,1.6734153674608923,1.6734153674608923,25-50%
8.0,9.349532931268293,1.3495329312682927,1.3495329312682927,25-50%
8.0,9.344359025608082,1.3443590256080817,1.3443590256080817,25-50%
8.0,9.349532931268293,1.3495329312682927,1.3495329312682927,25-50%
8.0,9.470251210952965,1.4702512109529646,1.4702512109529646,25-50%
7.5,9.349532931268293,1.8495329312682927,1.8495329312682927,25-50%
7.5,9.349532931268293,1.8495329312682927,1.8495329312682927,25-50%
8.0,9.349532931268293,1.3495329312682927,1.3495329312682927,25-50%
8.0,9.349532931268293,1.3495329312682927,1.3495329312682927,25-50%
8.0,9.110711145864984,1.1107111458649843,1.1107111458649843,25-50%
7.0,9.129335401607623,2.129335401607623,2.129335401607623,25-50%
7.0,9.129335401607623,2.129335401607623,2.129335401607623,25-50%
7.5,9.173415367460892,1.6734153674608923,1.6734153674608923,25-50%
7.5,9.173415367460892,1.6734153674608923,1.6734153674608923,25-50%
8.0,8.970294284274694,0.9702942842746936,0.9702942842746936,25-50%
8.0,9.282819203474139,1.2828192034741388,1.2828192034741388,25-50%
7.0,8.970294284274694,1.9702942842746936,1.9702942842746936,25-50%
7.0,8.970294284274694,1.9702942842746936,1.9702942842746936,25-50%
7.0,9.152829917839183,2.152829917839183,2.152829917839183,25-50%
7.0,9.28091533758975,2.28091533758975,2.28091533758975,25-50%
8.0,8.970294284274694,0.9702942842746936,0.9702942842746936,25-50%
7.0,9.152829917839183,2.152829917839183,2.152829917839183,25-50%
7.0,9.445084732255033,2.445084732255033,2.445084732255033,25-50%
7.0,9.152829917839183,2.152829917839183,2.152829917839183,25-50%
8.0,9.238265206316584,1.2382652063165835,1.2382652063165835,25-50%
8.0,9.282819203474139,1.2828192034741388,1.2828192034741388,25-50%
8.0,9.282819203474139,1.2828192034741388,1.2828192034741388,25-50%
7.0,9.152829917839183,2.152829917839183,2.152829917839183,25-50%
8.0,9.282819203474139,1.2828192034741388,1.2828192034741388,25-50%
8.0,9.110711145864984,1.1107111458649843,1.1107111458649843,25-50%
8.0,9.325654935900356,1.3256549359003564,1.3256549359003564,25-50%
8.0,9.325654935900356,1.3256549359003564,1.3256549359003564,25-50%
6.0,9.767925215970315,3.7679252159703154,3.7679252159703154,25-50%
6.0,9.458809437301452,3.4588094373014524,3.4588094373014524,25-50%
6.0,9.512023705313108,3.5120237053131085,3.5120237053131085,25-50%
6.0,9.693118360263123,3.6931183602631226,3.6931183602631226,25-50%
6.0,9.635865980816652,3.635865980816652,3.635865980816652,25-50%
6.0,9.756035136668217,3.756035136668217,3.756035136668217,25-50%
6.0,9.756035136668217,3.756035136668217,3.756035136668217,25-50%
6.0,9.635865980816652,3.635865980816652,3.635865980816652,25-50%
6.0,9.635865980816652,3.635865980816652,3.635865980816652,25-50%
6.0,9.620986848423389,3.6209868484233887,3.6209868484233887,25-50%
6.0,9.620986848423389,3.6209868484233887,3.6209868484233887,25-50%
6.0,9.927364959757378,3.9273649597573783,3.9273649597573783,25-50%
6.0,9.756035136668217,3.756035136668217,3.756035136668217,25-50%
6.0,9.767925215970315,3.7679252159703154,3.7679252159703154,25-50%
6.0,9.708098542994712,3.708098542994712,3.708098542994712,25-50%
6.0,9.620986848423389,3.6209868484233887,3.6209868484233887,25-50%
6.0,9.598574676695419,3.598574676695419,3.598574676695419,25-50%
6.0,9.598574676695419,3.598574676695419,3.598574676695419,25-50%
6.0,9.598574676695419,3.598574676695419,3.598574676695419,25-50%
6.0,9.708098542994712,3.708098542994712,3.708098542994712,25-50%
6.0,9.767925215970315,3.7679252159703154,3.7679252159703154,25-50%
6.0,9.75286133822137,3.7528613382213702,3.7528613382213702,25-50%
6.0,9.693118360263123,3.6931183602631226,3.6931183602631226,25-50%
6.0,9.620986848423389,3.6209868484233887,3.6209868484233887,25-50%
6.0,9.598574676695419,3.598574676695419,3.598574676695419,25-50%
6.0,9.620986848423389,3.6209868484233887,3.6209868484233887,25-50%
6.0,9.620986848423389,3.6209868484233887,3.6209868484233887,25-50%
6.0,9.708098542994712,3.708098542994712,3.708098542994712,25-50%
6.0,9.693118360263123,3.6931183602631226,3.6931183602631226,25-50%
6.0,9.693118360263123,3.6931183602631226,3.6931183602631226,25-50%
6.0,9.693118360263123,3.6931183602631226,3.6931183602631226,25-50%
6.0,9.620986848423389,3.6209868484233887,3.6209868484233887,25-50%
6.0,9.693118360263123,3.6931183602631226,3.6931183602631226,25-50%
6.0,9.620986848423389,3.6209868484233887,3.6209868484233887,25-50%
6.0,9.75286133822137,3.7528613382213702,3.7528613382213702,25-50%
6.0,9.620986848423389,3.6209868484233887,3.6209868484233887,25-50%
4.0,8.904038043520412,4.904038043520412,4.904038043520412,0-25%
4.0,8.91858586394886,4.918585863948859,4.918585863948859,0-25%
4.0,8.344306441491907,4.3443064414919075,4.3443064414919075,0-25%
4.0,8.348980153982811,4.3489801539828115,4.3489801539828115,0-25%
6.0,8.835161556449727,2.8351615564497266,2.8351615564497266,25-50%
6.0,9.708098542994712,3.708098542994712,3.708098542994712,25-50%
6.0,9.620986848423389,3.6209868484233887,3.6209868484233887,25-50%
6.0,9.620986848423389,3.6209868484233887,3.6209868484233887,25-50%
6.0,9.693118360263123,3.6931183602631226,3.6931183602631226,25-50%
6.0,9.75286133822137,3.7528613382213702,3.7528613382213702,25-50%
6.0,9.693118360263123,3.6931183602631226,3.6931183602631226,25-50%
6.0,9.55960211127648,3.5596021112764795,3.5596021112764795,25-50%
6.0,9.474268024245884,3.474268024245884,3.474268024245884,25-50%
4.0,8.796303710323294,4.7963037103232935,4.7963037103232935,0-25%
4.0,8.866740648843257,4.8667406488432565,4.8667406488432565,0-25%
4.0,8.908991715213888,4.908991715213888,4.908991715213888,0-25%
4.0,8.855969879538927,4.855969879538927,4.855969879538927,0-25%
4.0,8.344306441491907,4.3443064414919075,4.3443064414919075,0-25%
4.0,8.335267787488752,4.3352677874887515,4.3352677874887515,0-25%
7.0,8.372578174891403,1.3725781748914034,1.3725781748914034,25-50%
7.0,8.57606292628613,1.5760629262861308,1.5760629262861308,25-50%
6.0,8.835161556449727,2.8351615564497266,2.8351615564497266,25-50%
6.0,9.620986848423389,3.6209868484233887,3.6209868484233887,25-50%
6.0,9.75286133822137,3.7528613382213702,3.7528613382213702,25-50%
6.0,9.631316733993057,3.6313167339930565,3.6313167339930565,25-50%
6.0,9.474268024245884,3.474268024245884,3.474268024245884,25-50%
6.0,9.537319472264258,3.537319472264258,3.537319472264258,25-50%
6.0,9.403612789491252,3.403612789491252,3.403612789491252,25-50%
4.0,8.908991715213888,4.908991715213888,4.908991715213888,0-25%
4.0,8.866740648843257,4.8667406488432565,4.8667406488432565,0-25%
4.0,8.866740648843257,4.8667406488432565,4.8667406488432565,0-25%
4.0,8.82854042160673,4.82854042160673,4.82854042160673,0-25%
4.0,8.26410585184333,4.264105851843331,4.264105851843331,0-25%
4.0,8.335267787488752,4.3352677874887515,4.3352677874887515,0-25%
4.0,8.339936979144387,4.339936979144387,4.339936979144387,0-25%
7.0,8.300801329873078,1.300801329873078,1.300801329873078,25-50%
7.0,8.300801329873078,1.300801329873078,1.300801329873078,25-50%
7.0,8.286042299990504,1.2860422999905037,1.2860422999905037,25-50%
7.0,8.255400090742302,1.2554000907423024,1.2554000907423024,25-50%
7.0,8.57606292628613,1.5760629262861308,1.5760629262861308,25-50%
7.0,8.255400090742302,1.2554000907423024,1.2554000907423024,25-50%
6.0,8.755159278145959,2.7551592781459586,2.7551592781459586,25-50%
6.0,8.793074297586124,2.7930742975861236,2.7930742975861236,25-50%
6.0,8.684421999050892,2.684421999050892,2.684421999050892,25-50%
6.0,8.684421999050892,2.684421999050892,2.684421999050892,25-50%
6.0,9.080765595933796,3.080765595933796,3.080765595933796,25-50%
6.0,9.532788274618003,3.532788274618003,3.532788274618003,25-50%
6.0,9.367521870483511,3.367521870483511,3.367521870483511,25-50%
6.0,9.297586702709769,3.2975867027097685,3.2975867027097685,25-50%
6.0,9.397921603315464,3.3979216033154636,3.3979216033154636,25-50%
6.0,9.367521870483511,3.367521870483511,3.367521870483511,25-50%
6.0,9.532788274618003,3.532788274618003,3.532788274618003,25-50%
7.0,9.035687087323232,2.0356870873232324,2.0356870873232324,25-50%
7.0,8.850422697930176,1.8504226979301759,1.8504226979301759,25-50%
4.0,8.771477528730586,4.7714775287305855,4.7714775287305855,0-25%
4.0,8.734679340722163,4.734679340722163,4.734679340722163,0-25%
4.0,8.866740648843257,4.8667406488432565,4.8667406488432565,0-25%
4.0,8.26410585184333,4.264105851843331,4.264105851843331,0-25%
4.0,8.26410585184333,4.264105851843331,4.264105851843331,0-25%
4.0,8.27551618691015,4.275516186910149,4.275516186910149,0-25%
4.0,8.268387454122676,4.268387454122676,4.268387454122676,0-25%
7.0,8.270058024814825,1.2700580248148245,1.2700580248148245,25-50%
7.0,8.265775650802606,1.2657756508026061,1.2657756508026061,25-50%
7.0,8.173078378214484,1.173078378214484,1.173078378214484,25-50%
7.0,8.219566739161023,1.2195667391610225,1.2195667391610225,25-50%
7.0,8.473430424837513,1.4734304248375132,1.4734304248375132,25-50%
7.0,8.582701158728089,1.5827011587280886,1.5827011587280886,25-50%
6.0,8.763693614594992,2.7636936145949917,2.7636936145949917,25-50%
6.0,8.763693614594992,2.7636936145949917,2.7636936145949917,25-50%
6.0,8.684421999050892,2.684421999050892,2.684421999050892,25-50%
6.0,8.722062086505268,2.722062086505268,2.722062086505268,25-50%
6.0,8.814578732041074,2.814578732041074,2.814578732041074,25-50%
6.0,9.034759815606915,3.0347598156069147,3.0347598156069147,25-50%
6.0,9.465515401294557,3.4655154012945566,3.4655154012945566,25-50%
6.0,9.227830559985968,3.227830559985968,3.227830559985968,25-50%
6.0,9.186202434771541,3.186202434771541,3.186202434771541,25-50%
6.0,9.17100465695549,3.171004656955491,3.171004656955491,25-50%
6.0,9.17100465695549,3.171004656955491,3.171004656955491,25-50%
6.0,9.459564783459818,3.459564783459818,3.459564783459818,25-50%
6.0,9.592854498117463,3.592854498117463,3.592854498117463,25-50%
7.0,8.917566073962227,1.9175660739622273,1.9175660739622273,25-50%
7.0,8.917566073962227,1.9175660739622273,1.9175660739622273,25-50%
7.0,8.999840090426684,1.9998400904266838,1.9998400904266838,25-50%
4.0,8.771477528730586,4.7714775287305855,4.7714775287305855,0-25%
4.0,8.771477528730586,4.7714775287305855,4.7714775287305855,0-25%
4.0,8.219185543438677,4.219185543438677,4.219185543438677,0-25%
4.0,8.26410585184333,4.264105851843331,4.264105851843331,0-25%
4.0,8.304410555384518,4.304410555384518,4.304410555384518,0-25%
7.0,8.234167923346998,1.2341679233469982,1.2341679233469982,25-50%
7.0,8.270058024814825,1.2700580248148245,1.2700580248148245,25-50%
7.0,8.305099891743007,1.3050998917430068,1.3050998917430068,25-50%
7.0,8.286042299990504,1.2860422999905037,1.2860422999905037,25-50%
7.0,8.609620562393406,1.6096205623934061,1.6096205623934061,25-50%
7.0,8.573431907903352,1.5734319079033519,1.5734319079033519,25-50%
6.0,8.763693614594992,2.7636936145949917,2.7636936145949917,25-50%
6.0,9.105950938637191,3.105950938637191,3.105950938637191,25-50%
6.0,8.814578732041074,2.814578732041074,2.814578732041074,25-50%
6.0,8.995909082739514,2.995909082739514,2.995909082739514,25-50%
6.0,9.078115088106308,3.0781150881063084,3.0781150881063084,25-50%
6.0,9.274042867987674,3.2740428679876743,3.2740428679876743,25-50%
9.0,9.429714422795996,0.42971442279599614,0.42971442279599614,50-75%
7.5,9.448657645616892,1.9486576456168923,1.9486576456168923,25-50%
7.5,9.448657645616892,1.9486576456168923,1.9486576456168923,25-50%
6.0,9.546335105813883,3.546335105813883,3.546335105813883,25-50%
6.0,9.437493241005972,3.4374932410059724,3.4374932410059724,25-50%
6.0,9.459564783459818,3.459564783459818,3.459564783459818,25-50%
7.0,9.268201120077432,2.268201120077432,2.268201120077432,25-50%
7.0,9.361977820490864,2.361977820490864,2.361977820490864,25-50%
7.0,9.292080050667298,2.2920800506672983,2.2920800506672983,25-50%
7.0,8.94062959493646,1.9406295949364605,1.9406295949364605,25-50%
7.0,8.850422697930176,1.8504226979301759,1.8504226979301759,25-50%
7.0,8.850422697930176,1.8504226979301759,1.8504226979301759,25-50%
4.0,8.146793194771877,4.1467931947718775,4.1467931947718775,0-25%
4.0,8.443166645821444,4.443166645821444,4.443166645821444,0-25%
4.0,8.235966204298567,4.235966204298567,4.235966204298567,0-25%
7.0,8.26942614424792,1.2694261442479196,1.2694261442479196,25-50%
7.0,8.285689646350862,1.2856896463508622,1.2856896463508622,25-50%
7.0,8.609620562393406,1.6096205623934061,1.6096205623934061,25-50%
22.0,9.112547885628308,-12.887452114371692,12.887452114371692,75-100%
22.0,9.117605847036558,-12.882394152963442,12.882394152963442,75-100%
6.0,8.725892345866086,2.725892345866086,2.725892345866086,25-50%
6.0,8.851678948777982,2.851678948777982,2.851678948777982,25-50%
6.0,9.072692341722014,3.072692341722014,3.072692341722014,25-50%
6.0,9.34631613101776,3.34631613101776,3.34631613101776,25-50%
6.0,9.057447179556151,3.057447179556151,3.057447179556151,25-50%
6.0,9.078115088106308,3.0781150881063084,3.0781150881063084,25-50%
6.0,9.266769930454071,3.266769930454071,3.266769930454071,25-50%
9.0,9.349532931268293,0.34953293126829266,0.34953293126829266,50-75%
9.0,9.448657645616892,0.44865764561689225,0.44865764561689225,50-75%
7.0,9.19868389338729,2.1986838933872903,2.1986838933872903,25-50%
7.0,9.19868389338729,2.1986838933872903,2.1986838933872903,25-50%
7.0,9.19868389338729,2.1986838933872903,2.1986838933872903,25-50%
7.0,8.850422697930176,1.8504226979301759,1.8504226979301759,25-50%
7.0,8.954885410777703,1.9548854107777025,1.9548854107777025,25-50%
7.0,8.305099891743007,1.3050998917430068,1.3050998917430068,25-50%
14.5,8.635750235007034,-5.864249764992966,5.864249764992966,50-75%
14.5,8.635750235007034,-5.864249764992966,5.864249764992966,50-75%
22.0,9.112547885628308,-12.887452114371692,12.887452114371692,75-100%
6.0,8.684421999050892,2.684421999050892,2.684421999050892,25-50%
6.0,9.337458274957044,3.3374582749570436,3.3374582749570436,25-50%
6.0,9.350308663645642,3.3503086636456416,3.3503086636456416,25-50%
6.0,9.330140446011221,3.330140446011221,3.330140446011221,25-50%
6.0,9.330140446011221,3.330140446011221,3.330140446011221,25-50%
7.5,9.366609895992278,1.8666098959922781,1.8666098959922781,25-50%
9.0,9.349532931268293,0.34953293126829266,0.34953293126829266,50-75%
9.0,9.059951668535394,0.05995166853539402,0.05995166853539402,50-75%
9.0,9.016363324796583,0.016363324796582646,0.016363324796582646,50-75%
9.0,9.448657645616892,0.44865764561689225,0.44865764561689225,50-75%
9.0,9.555089156393603,0.5550891563936027,0.5550891563936027,50-75%
9.0,9.555089156393603,0.5550891563936027,0.5550891563936027,50-75%
7.0,9.306839880155398,2.3068398801553975,2.3068398801553975,25-50%
22.0,9.112547885628308,-12.887452114371692,12.887452114371692,75-100%
22.0,9.486561275216003,-12.513438724783997,12.513438724783997,75-100%
22.0,9.793150874820661,-12.206849125179339,12.206849125179339,75-100%
22.0,9.78775519708587,-12.21224480291413,12.21224480291413,75-100%
22.0,9.76879276887282,-12.23120723112718,12.23120723112718,75-100%
22.0,9.76879276887282,-12.23120723112718,12.23120723112718,75-100%
6.0,8.776580455696525,2.776580455696525,2.776580455696525,25-50%
6.0,9.297435610005598,3.297435610005598,3.297435610005598,25-50%
6.0,9.306839880155398,3.3068398801553975,3.3068398801553975,25-50%
6.0,9.306839880155398,3.3068398801553975,3.3068398801553975,25-50%
6.0,9.306839880155398,3.3068398801553975,3.3068398801553975,25-50%
7.5,9.366609895992278,1.8666098959922781,1.8666098959922781,25-50%
9.0,9.349532931268293,0.34953293126829266,0.34953293126829266,50-75%
9.0,9.448657645616892,0.44865764561689225,0.44865764561689225,50-75%
4.0,8.186316334180134,4.186316334180134,4.186316334180134,0-25%
22.0,9.208780454385215,-12.791219545614785,12.791219545614785,75-100%
22.0,9.755941417646195,-12.244058582353805,12.244058582353805,75-100%
22.0,9.898337413543917,-12.101662586456083,12.101662586456083,75-100%
22.0,9.861657894611875,-12.138342105388125,12.138342105388125,75-100%
4.0,8.151721791586542,4.151721791586542,4.151721791586542,0-25%
4.0,8.151721791586542,4.151721791586542,4.151721791586542,0-25%
4.0,8.275874658779758,4.275874658779758,4.275874658779758,0-25%
4.0,9.171642545366547,5.171642545366547,5.171642545366547,0-25%
4.0,8.347229943564304,4.3472299435643045,4.3472299435643045,0-25%
4.0,8.082191721009156,4.082191721009156,4.082191721009156,0-25%
4.0,8.103256163879092,4.103256163879092,4.103256163879092,0-25%
4.0,8.31559553620038,4.31559553620038,4.31559553620038,0-25%
4.0,8.306637254175993,4.3066372541759925,4.3066372541759925,0-25%
4.0,8.247068907064756,4.247068907064756,4.247068907064756,0-25%
4.0,8.86214718275065,4.86214718275065,4.86214718275065,0-25%
4.0,8.893274145258127,4.893274145258127,4.893274145258127,0-25%
4.0,8.356203055792712,4.356203055792712,4.356203055792712,0-25%
4.0,8.356203055792712,4.356203055792712,4.356203055792712,0-25%
4.0,8.239962037541005,4.239962037541005,4.239962037541005,0-25%
4.0,8.249093126396275,4.249093126396275,4.249093126396275,0-25%
4.0,8.226751543139738,4.226751543139738,4.226751543139738,0-25%
4.0,8.20764022114444,4.207640221144439,4.207640221144439,0-25%
4.0,8.937366832360432,4.937366832360432,4.937366832360432,0-25%
4.0,8.893274145258127,4.893274145258127,4.893274145258127,0-25%
4.0,8.45687910367644,4.456879103676441,4.456879103676441,0-25%
4.0,8.222489174887052,4.222489174887052,4.222489174887052,0-25%
4.0,8.239962037541005,4.239962037541005,4.239962037541005,0-25%
4.0,9.5473017676009,5.547301767600899,5.547301767600899,0-25%
4.0,8.971643634592825,4.971643634592825,4.971643634592825,0-25%
4.0,8.893274145258127,4.893274145258127,4.893274145258127,0-25%
4.0,8.356203055792712,4.356203055792712,4.356203055792712,0-25%
4.0,8.356203055792712,4.356203055792712,4.356203055792712,0-25%
4.0,8.3992557730149,4.3992557730149,4.3992557730149,0-25%
4.0,8.271589597729113,4.271589597729113,4.271589597729113,0-25%
4.0,9.712953650196358,5.712953650196358,5.712953650196358,0-25%
4.0,9.712953650196358,5.712953650196358,5.712953650196358,0-25%
4.0,8.663397503337077,4.663397503337077,4.663397503337077,0-25%
4.0,8.285474340043057,4.2854743400430575,4.2854743400430575,0-25%
9.0,9.348145246794902,0.34814524679490155,0.34814524679490155,50-75%
9.0,9.319103850727089,0.3191038507270889,0.3191038507270889,50-75%
9.0,9.364413056941052,0.36441305694105175,0.36441305694105175,50-75%
9.0,9.403570640102298,0.4035706401022985,0.4035706401022985,50-75%
9.0,9.382197903848446,0.38219790384844643,0.38219790384844643,50-75%
9.0,9.46718114815743,0.4671811481574295,0.4671811481574295,50-75%
9.0,9.319103850727089,0.3191038507270889,0.3191038507270889,50-75%
9.0,9.344718629580852,0.34471862958085175,0.34471862958085175,50-75%
9.0,9.319103850727089,0.3191038507270889,0.3191038507270889,50-75%
9.0,9.39356611387609,0.39356611387609064,0.39356611387609064,50-75%
9.0,9.422550011295623,0.4225500112956233,0.4225500112956233,50-75%
9.0,9.475621950691801,0.47562195069180113,0.47562195069180113,50-75%
9.0,9.359210732834274,0.3592107328342742,0.3592107328342742,50-75%
9.0,9.359210732834274,0.3592107328342742,0.3592107328342742,50-75%
9.0,9.320220114152622,0.3202201141526224,0.3202201141526224,50-75%
9.0,9.71833238533118,0.7183323853311805,0.7183323853311805,50-75%
9.0,9.733755523918427,0.7337555239184272,0.7337555239184272,50-75%
9.0,9.813088762617145,0.813088762617145,0.813088762617145,50-75%
9.0,9.758307137793695,0.758307137793695,0.758307137793695,50-75%
9.0,9.359210732834274,0.3592107328342742,0.3592107328342742,50-75%
9.0,9.848054779036495,0.8480547790364952,0.8480547790364952,50-75%
9.0,9.746859240424122,0.7468592404241221,0.7468592404241221,50-75%
9.0,9.741486704656298,0.7414867046562978,0.7414867046562978,50-75%
9.0,9.733347890846096,0.7333478908460958,0.7333478908460958,50-75%
9.0,9.807683117596756,0.8076831175967563,0.8076831175967563,50-75%
9.0,9.692927416819948,0.6929274168199484,0.6929274168199484,50-75%
9.0,9.754472271247591,0.7544722712475913,0.7544722712475913,50-75%
9.0,9.708289796442385,0.7082897964423847,0.7082897964423847,50-75%
10.0,9.081153531579096,-0.9188464684209041,0.9188464684209041,50-75%
10.0,9.533736983756116,-0.4662630162438841,0.4662630162438841,50-75%
10.0,9.550249958100455,-0.44975004189954504,0.44975004189954504,50-75%
11.0,8.970533617354533,-2.0294663826454666,2.0294663826454666,50-75%
11.0,8.798477232118639,-2.201522767881361,2.201522767881361,50-75%
11.0,8.763686368693461,-2.2363136313065386,2.2363136313065386,50-75%
11.0,9.276008830981208,-1.7239911690187917,1.7239911690187917,50-75%
11.0,9.223121117463231,-1.776878882536769,1.776878882536769,50-75%
11.0,9.174388137649274,-1.8256118623507263,1.8256118623507263,50-75%
11.0,9.221567474792936,-1.778432525207064,1.778432525207064,50-75%
11.0,8.736983990582422,-2.263016009417578,2.263016009417578,50-75%
11.0,9.05168578023649,-1.9483142197635104,1.9483142197635104,50-75%
11.0,9.152384532731219,-1.8476154672687812,1.8476154672687812,50-75%
11.0,9.174388137649274,-1.8256118623507263,1.8256118623507263,50-75%
11.0,9.278475088498517,-1.7215249115014828,1.7215249115014828,50-75%
10.5,9.308495846856994,-1.191504153143006,1.191504153143006,50-75%
10.5,9.18430610931409,-1.3156938906859104,1.3156938906859104,50-75%
11.0,9.336684857430434,-1.6633151425695658,1.6633151425695658,50-75%
10.5,8.988603453576168,-1.511396546423832,1.511396546423832,50-75%
10.5,9.152384532731219,-1.3476154672687812,1.3476154672687812,50-75%
10.0,9.322419976799022,-0.6775800232009779,0.6775800232009779,50-75%
10.0,9.322419976799022,-0.6775800232009779,0.6775800232009779,50-75%
10.5,9.18430610931409,-1.3156938906859104,1.3156938906859104,50-75%
10.5,9.254488572089171,-1.245511427910829,1.245511427910829,50-75%
10.5,9.164719849808861,-1.3352801501911387,1.3352801501911387,50-75%
10.5,9.152384532731219,-1.3476154672687812,1.3476154672687812,50-75%
10.5,9.152384532731219,-1.3476154672687812,1.3476154672687812,50-75%
10.0,9.325472925956378,-0.6745270740436222,0.6745270740436222,50-75%
10.0,9.11144420324243,-0.8885557967575703,0.8885557967575703,50-75%
10.0,9.273481562830636,-0.7265184371693643,0.7265184371693643,50-75%
10.0,9.325472925956378,-0.6745270740436222,0.6745270740436222,50-75%
10.0,9.601753868792436,-0.39824613120756425,0.39824613120756425,50-75%
10.0,9.555817972965764,-0.4441820270342358,0.4441820270342358,50-75%
10.0,9.482779367252203,-0.5172206327477973,0.5172206327477973,50-75%
10.0,9.318188811483088,-0.681811188516912,0.681811188516912,50-75%
10.0,9.318188811483088,-0.681811188516912,0.681811188516912,50-75%
10.0,9.528397419990636,-0.47160258000936395,0.47160258000936395,50-75%
16.0,8.770923464265923,-7.229076535734077,7.229076535734077,75-100%
16.0,8.565612757089385,-7.434387242910615,7.434387242910615,75-100%
16.0,8.204857688627277,-7.795142311372723,7.795142311372723,75-100%
16.0,8.153527488656472,-7.846472511343528,7.846472511343528,75-100%
16.0,8.65042735885876,-7.34957264114124,7.34957264114124,75-100%
16.0,8.542409373748827,-7.457590626251173,7.457590626251173,75-100%
16.0,8.153527488656472,-7.846472511343528,7.846472511343528,75-100%
16.0,8.118088548632903,-7.881911451367097,7.881911451367097,75-100%
16.0,8.153527488656472,-7.846472511343528,7.846472511343528,75-100%
16.0,8.153527488656472,-7.846472511343528,7.846472511343528,75-100%
16.0,8.153527488656472,-7.846472511343528,7.846472511343528,75-100%
16.0,8.153527488656472,-7.846472511343528,7.846472511343528,75-100%
16.0,8.105052298350426,-7.894947701649574,7.894947701649574,75-100%
16.0,8.220386990311079,-7.779613009688921,7.779613009688921,75-100%
16.0,8.153527488656472,-7.846472511343528,7.846472511343528,75-100%
16.0,8.118088548632903,-7.881911451367097,7.881911451367097,75-100%
16.0,8.18468919599641,-7.815310804003589,7.815310804003589,75-100%
16.0,8.153527488656472,-7.846472511343528,7.846472511343528,75-100%
16.0,8.153527488656472,-7.846472511343528,7.846472511343528,75-100%
16.0,8.118088548632903,-7.881911451367097,7.881911451367097,75-100%
16.0,8.220386990311079,-7.779613009688921,7.779613009688921,75-100%
16.0,8.171557725898577,-7.828442274101423,7.828442274101423,75-100%
16.0,8.18468919599641,-7.815310804003589,7.815310804003589,75-100%
16.0,8.220386990311079,-7.779613009688921,7.779613009688921,75-100%
16.0,8.153527488656472,-7.846472511343528,7.846472511343528,75-100%
16.0,8.118088548632903,-7.881911451367097,7.881911451367097,75-100%
16.0,8.118088548632903,-7.881911451367097,7.881911451367097,75-100%
16.0,8.118088548632903,-7.881911451367097,7.881911451367097,75-100%
16.0,8.220386990311079,-7.779613009688921,7.779613009688921,75-100%
16.0,8.153527488656472,-7.846472511343528,7.846472511343528,75-100%
16.0,8.153527488656472,-7.846472511343528,7.846472511343528,75-100%
16.0,8.153527488656472,-7.846472511343528,7.846472511343528,75-100%
16.0,8.118088548632903,-7.881911451367097,7.881911451367097,75-100%
16.0,8.118088548632903,-7.881911451367097,7.881911451367097,75-100%
6.0,8.477349486514864,2.477349486514864,2.477349486514864,25-50%
6.0,7.861499682988626,1.861499682988626,1.861499682988626,25-50%
6.0,8.401404649643446,2.401404649643446,2.401404649643446,25-50%
16.0,8.118088548632903,-7.881911451367097,7.881911451367097,75-100%
16.0,8.118088548632903,-7.881911451367097,7.881911451367097,75-100%
16.0,8.153527488656472,-7.846472511343528,7.846472511343528,75-100%
16.0,8.153527488656472,-7.846472511343528,7.846472511343528,75-100%
6.0,7.77363281004946,1.7736328100494596,1.7736328100494596,25-50%
6.0,7.827191362379606,1.8271913623796063,1.8271913623796063,25-50%
6.0,8.559611990898995,2.559611990898995,2.559611990898995,25-50%
6.0,8.401404649643446,2.401404649643446,2.401404649643446,25-50%
6.0,8.401404649643446,2.401404649643446,2.401404649643446,25-50%
6.0,7.793414643984504,1.7934146439845042,1.7934146439845042,25-50%
6.0,7.881677670191477,1.8816776701914772,1.8816776701914772,25-50%
6.0,8.418101399643533,2.4181013996435325,2.4181013996435325,25-50%
6.0,8.451981075762813,2.451981075762813,2.451981075762813,25-50%
6.0,8.401404649643446,2.401404649643446,2.401404649643446,25-50%
6.0,9.04687039881377,3.0468703988137698,3.0468703988137698,25-50%
6.0,7.75970258744791,1.7597025874479097,1.7597025874479097,25-50%
6.0,7.88134037300336,1.8813403730033604,1.8813403730033604,25-50%
6.0,8.418101399643533,2.4181013996435325,2.4181013996435325,25-50%
6.0,8.418101399643533,2.4181013996435325,2.4181013996435325,25-50%
6.0,8.422812021927564,2.422812021927564,2.422812021927564,25-50%
6.0,7.793414643984504,1.7934146439845042,1.7934146439845042,25-50%
6.0,8.418101399643533,2.4181013996435325,2.4181013996435325,25-50%
6.0,8.418101399643533,2.4181013996435325,2.4181013996435325,25-50%
6.0,8.418101399643533,2.4181013996435325,2.4181013996435325,25-50%
6.0,8.518429605851413,2.518429605851413,2.518429605851413,25-50%
6.0,8.827497462407283,2.8274974624072833,2.8274974624072833,25-50%
6.0,8.793617101593213,2.793617101593213,2.793617101593213,25-50%
6.0,8.944726641033508,2.9447266410335082,2.9447266410335082,25-50%
5.0,8.714135572671486,3.714135572671486,3.714135572671486,0-25%
5.0,8.624181092935961,3.6241810929359612,3.6241810929359612,0-25%
5.0,8.7061407195276,3.7061407195275997,3.7061407195275997,0-25%
5.0,8.775344960192239,3.775344960192239,3.775344960192239,0-25%
5.0,8.607239563486889,3.607239563486889,3.607239563486889,0-25%
5.0,8.607239563486889,3.607239563486889,3.607239563486889,0-25%
5.0,8.639233970891542,3.639233970891542,3.639233970891542,0-25%
5.0,8.565612757089385,3.5656127570893847,3.5656127570893847,0-25%
5.0,8.607239563486889,3.607239563486889,3.607239563486889,0-25%
5.0,8.607239563486889,3.607239563486889,3.607239563486889,0-25%
5.0,8.607239563486889,3.607239563486889,3.607239563486889,0-25%
5.0,8.607239563486889,3.607239563486889,3.607239563486889,0-25%
5.0,8.775344960192239,3.775344960192239,3.775344960192239,0-25%
5.0,8.607239563486889,3.607239563486889,3.607239563486889,0-25%
15.0,9.278343315014723,-5.721656684985277,5.721656684985277,50-75%
15.0,8.990753946902101,-6.009246053097899,6.009246053097899,50-75%
15.0,9.278343315014723,-5.721656684985277,5.721656684985277,50-75%
15.0,9.336554864239476,-5.663445135760524,5.663445135760524,50-75%
15.0,9.336554864239476,-5.663445135760524,5.663445135760524,50-75%
15.0,9.278343315014723,-5.721656684985277,5.721656684985277,50-75%
15.0,9.278343315014723,-5.721656684985277,5.721656684985277,50-75%
15.0,9.336554864239476,-5.663445135760524,5.663445135760524,50-75%
15.0,9.569555842841645,-5.430444157158355,5.430444157158355,50-75%
15.0,9.569555842841645,-5.430444157158355,5.430444157158355,50-75%
15.0,9.278343315014723,-5.721656684985277,5.721656684985277,50-75%
15.0,9.278343315014723,-5.721656684985277,5.721656684985277,50-75%
15.0,9.278343315014723,-5.721656684985277,5.721656684985277,50-75%
15.0,9.5388339531037,-5.461166046896301,5.461166046896301,50-75%
15.0,9.5388339531037,-5.461166046896301,5.461166046896301,50-75%
15.0,9.5388339531037,-5.461166046896301,5.461166046896301,50-75%
15.0,9.278343315014723,-5.721656684985277,5.721656684985277,50-75%
15.0,9.278343315014723,-5.721656684985277,5.721656684985277,50-75%
15.0,8.990753946902101,-6.009246053097899,6.009246053097899,50-75%
15.0,9.530493301722816,-5.4695066982771845,5.4695066982771845,50-75%
15.0,9.590132906122749,-5.409867093877251,5.409867093877251,50-75%
15.0,9.278343315014723,-5.721656684985277,5.721656684985277,50-75%
9.0,9.294179486809217,0.2941794868092167,0.2941794868092167,50-75%
9.0,9.294179486809217,0.2941794868092167,0.2941794868092167,50-75%
2.0,9.702364973068642,7.702364973068642,7.702364973068642,0-25%
2.0,9.926632647413635,7.926632647413635,7.926632647413635,0-25%
2.0,9.351195157154272,7.351195157154272,7.351195157154272,0-25%
2.0,9.279702071865902,7.279702071865902,7.279702071865902,0-25%
9.0,9.294179486809217,0.2941794868092167,0.2941794868092167,50-75%
9.0,9.294179486809217,0.2941794868092167,0.2941794868092167,50-75%
9.0,9.453235026378026,0.45323502637802626,0.45323502637802626,50-75%
2.0,9.689026287144557,7.689026287144557,7.689026287144557,0-25%
2.0,9.758005935448006,7.758005935448006,7.758005935448006,0-25%
2.0,9.762977975218607,7.762977975218607,7.762977975218607,0-25%
2.0,9.884328925757572,7.884328925757572,7.884328925757572,0-25%
2.0,9.605419378776993,7.605419378776993,7.605419378776993,0-25%
9.0,9.351195157154272,0.3511951571542724,0.3511951571542724,50-75%
9.0,9.351195157154272,0.3511951571542724,0.3511951571542724,50-75%
9.0,9.351195157154272,0.3511951571542724,0.3511951571542724,50-75%
9.0,9.383592743328709,0.38359274332870896,0.38359274332870896,50-75%
9.0,9.325116294642772,0.3251162946427719,0.3251162946427719,50-75%
9.0,9.552420261315635,0.5524202613156355,0.5524202613156355,50-75%
9.0,9.278343315014723,0.2783433150147232,0.2783433150147232,50-75%
4.0,9.697420933936712,5.697420933936712,5.697420933936712,0-25%
3.0,9.758005935448006,6.758005935448006,6.758005935448006,0-25%
3.0,9.65256351895519,6.652563518955191,6.652563518955191,0-25%
2.0,9.935213898805353,7.935213898805353,7.935213898805353,0-25%
2.0,9.720101479545187,7.720101479545187,7.720101479545187,0-25%
2.0,9.429816291339192,7.429816291339192,7.429816291339192,0-25%
9.0,9.694862689067435,0.6948626890674348,0.6948626890674348,50-75%
9.0,9.564359271429849,0.5643592714298489,0.5643592714298489,50-75%
9.0,9.770592811809312,0.7705928118093119,0.7705928118093119,50-75%
9.0,9.623584434568004,0.6235844345680039,0.6235844345680039,50-75%
9.0,9.593433965750467,0.5934339657504673,0.5934339657504673,50-75%
9.0,8.990753946902101,-0.00924605309789861,0.00924605309789861,50-75%
4.0,9.772077673929076,5.772077673929076,5.772077673929076,0-25%
4.0,9.656004631931342,5.656004631931342,5.656004631931342,0-25%
3.0,9.697420933936712,6.697420933936712,6.697420933936712,0-25%
3.0,9.612719195043768,6.612719195043768,6.612719195043768,0-25%
3.0,9.65256351895519,6.652563518955191,6.652563518955191,0-25%
3.0,9.702364973068642,6.702364973068642,6.702364973068642,0-25%
2.0,9.762977975218607,7.762977975218607,7.762977975218607,0-25%
2.0,9.65256351895519,7.652563518955191,7.652563518955191,0-25%
2.0,9.429816291339192,7.429816291339192,7.429816291339192,0-25%
2.0,9.720101479545187,7.720101479545187,7.720101479545187,0-25%
9.0,9.532603251068675,0.5326032510686751,0.5326032510686751,50-75%
9.0,9.623584434568004,0.6235844345680039,0.6235844345680039,50-75%
9.0,9.674229432851215,0.6742294328512148,0.6742294328512148,50-75%
9.0,9.49961876667903,0.4996187666790295,0.4996187666790295,50-75%
9.0,9.470351106765008,0.47035110676500835,0.47035110676500835,50-75%
4.0,9.780537545283217,5.780537545283217,5.780537545283217,0-25%
4.0,9.715030976261719,5.715030976261719,5.715030976261719,0-25%
4.0,9.647642485984852,5.647642485984852,5.647642485984852,0-25%
3.0,9.689026287144557,6.689026287144557,6.689026287144557,0-25%
3.0,9.656004631931342,6.656004631931342,6.656004631931342,0-25%
3.0,9.758005935448006,6.758005935448006,6.758005935448006,0-25%
3.0,9.697420933936712,6.697420933936712,6.697420933936712,0-25%
2.5,10.308319962532984,7.808319962532984,7.808319962532984,0-25%
2.5,10.308319962532984,7.808319962532984,7.808319962532984,0-25%
2.5,10.313546341559892,7.813546341559892,7.813546341559892,0-25%
3.0,10.19421889812636,7.19421889812636,7.19421889812636,0-25%
9.0,9.49961876667903,0.4996187666790295,0.4996187666790295,50-75%
9.0,9.49961876667903,0.4996187666790295,0.4996187666790295,50-75%
9.0,9.33335316816855,0.33335316816855,0.33335316816855,50-75%
9.0,9.722343934224254,0.7223439342242539,0.7223439342242539,50-75%
4.0,9.772077673929076,5.772077673929076,5.772077673929076,0-25%
4.0,9.730372329722847,5.730372329722847,5.730372329722847,0-25%
4.0,9.772077673929076,5.772077673929076,5.772077673929076,0-25%
3.0,9.689026287144557,6.689026287144557,6.689026287144557,0-25%
3.0,9.689026287144557,6.689026287144557,6.689026287144557,0-25%
3.0,9.697420933936712,6.697420933936712,6.697420933936712,0-25%
3.0,9.656004631931342,6.656004631931342,6.656004631931342,0-25%
2.5,10.266533764279783,7.766533764279783,7.766533764279783,0-25%
3.0,10.24655262773041,7.246552627730409,7.246552627730409,0-25%
3.0,10.237727057761514,7.237727057761514,7.237727057761514,0-25%
3.0,10.156082489596272,7.1560824895962725,7.1560824895962725,0-25%
9.0,9.470351106765008,0.47035110676500835,0.47035110676500835,50-75%
4.0,9.772077673929076,5.772077673929076,5.772077673929076,0-25%
4.0,9.657696120405177,5.657696120405177,5.657696120405177,0-25%
4.0,9.780537545283217,5.780537545283217,5.780537545283217,0-25%
4.0,9.758005935448006,5.758005935448006,5.758005935448006,0-25%
4.0,9.647642485984852,5.647642485984852,5.647642485984852,0-25%
3.5,9.697420933936712,6.197420933936712,6.197420933936712,0-25%
3.0,10.156457045679147,7.156457045679147,7.156457045679147,0-25%
3.0,10.156082489596272,7.1560824895962725,7.1560824895962725,0-25%
3.0,10.18116630173208,7.18116630173208,7.18116630173208,0-25%
3.0,10.202321412759893,7.202321412759893,7.202321412759893,0-25%
3.0,9.760695155384397,6.760695155384397,6.760695155384397,0-25%
4.0,9.740761760965878,5.740761760965878,5.740761760965878,0-25%
4.0,9.730372329722847,5.730372329722847,5.730372329722847,0-25%
4.0,9.558995183434847,5.558995183434847,5.558995183434847,0-25%
4.0,9.558995183434847,5.558995183434847,5.558995183434847,0-25%
3.5,9.647642485984852,6.147642485984852,6.147642485984852,0-25%
3.5,9.693966446513084,6.193966446513084,6.193966446513084,0-25%
3.0,9.910996556826023,6.9109965568260225,6.9109965568260225,0-25%
3.0,9.711858181953055,6.711858181953055,6.711858181953055,0-25%
3.0,9.732771652414735,6.732771652414735,6.732771652414735,0-25%
4.0,9.456631962747004,5.456631962747004,5.456631962747004,0-25%
4.0,9.762977975218607,5.762977975218607,5.762977975218607,0-25%
4.0,9.563875246181107,5.563875246181107,5.563875246181107,0-25%
3.0,10.19421889812636,7.19421889812636,7.19421889812636,0-25%
3.0,10.156082489596272,7.1560824895962725,7.1560824895962725,0-25%
2.5,10.061611046962783,7.561611046962783,7.561611046962783,0-25%
2.5,9.671598931661503,7.171598931661503,7.171598931661503,0-25%
2.5,10.163325217794583,7.663325217794583,7.663325217794583,0-25%
2.5,10.120105113485366,7.620105113485366,7.620105113485366,0-25%
2.5,10.11908792576427,7.619087925764269,7.619087925764269,0-25%
2.5,10.11908792576427,7.619087925764269,7.619087925764269,0-25%
2.0,9.476573666656844,7.476573666656844,7.476573666656844,0-25%
2.0,9.27383678327007,7.27383678327007,7.27383678327007,0-25%
2.0,9.780814932661634,7.7808149326616345,7.7808149326616345,0-25%
2.0,9.476573666656844,7.476573666656844,7.476573666656844,0-25%
2.0,9.623584434568004,7.623584434568004,7.623584434568004,0-25%
2.0,9.670217491915487,7.670217491915487,7.670217491915487,0-25%
2.0,9.935213898805353,7.935213898805353,7.935213898805353,0-25%
2.0,9.27383678327007,7.27383678327007,7.27383678327007,0-25%
2.0,9.27383678327007,7.27383678327007,7.27383678327007,0-25%
2.0,9.549435950937447,7.549435950937447,7.549435950937447,0-25%
2.0,9.935213898805353,7.935213898805353,7.935213898805353,0-25%
2.0,9.702364973068642,7.702364973068642,7.702364973068642,0-25%
2.0,9.720101479545187,7.720101479545187,7.720101479545187,0-25%
2.0,10.085887717185075,8.085887717185075,8.085887717185075,0-25%
2.0,9.647642485984852,7.647642485984852,7.647642485984852,0-25%
2.0,9.762977975218607,7.762977975218607,7.762977975218607,0-25%
2.0,9.87474555855405,7.87474555855405,7.87474555855405,0-25%
2.0,9.805017383228655,7.805017383228655,7.805017383228655,0-25%
2.0,9.935213898805353,7.935213898805353,7.935213898805353,0-25%
2.0,9.689026287144557,7.689026287144557,7.689026287144557,0-25%
2.0,9.87474555855405,7.87474555855405,7.87474555855405,0-25%
2.0,9.87474555855405,7.87474555855405,7.87474555855405,0-25%
6.0,9.740257132170392,3.7402571321703917,3.7402571321703917,25-50%
6.0,9.740257132170392,3.7402571321703917,3.7402571321703917,25-50%
6.0,9.855205631257192,3.855205631257192,3.855205631257192,25-50%
6.0,9.740257132170392,3.7402571321703917,3.7402571321703917,25-50%
6.0,9.740257132170392,3.7402571321703917,3.7402571321703917,25-50%
6.0,9.740257132170392,3.7402571321703917,3.7402571321703917,25-50%
6.0,9.84423568244501,3.84423568244501,3.84423568244501,25-50%
6.0,8.598491625876608,2.5984916258766084,2.5984916258766084,25-50%
6.0,9.740257132170392,3.7402571321703917,3.7402571321703917,25-50%
6.0,9.740257132170392,3.7402571321703917,3.7402571321703917,25-50%
6.0,9.960297020651415,3.9602970206514154,3.9602970206514154,25-50%
6.0,10.106060707831602,4.1060607078316025,4.1060607078316025,25-50%
6.0,9.060047532424065,3.060047532424065,3.060047532424065,25-50%
6.0,8.691416518809785,2.6914165188097847,2.6914165188097847,25-50%
6.0,8.691416518809785,2.6914165188097847,2.6914165188097847,25-50%
6.0,9.867237901956752,3.867237901956752,3.867237901956752,25-50%
6.0,10.106060707831602,4.1060607078316025,4.1060607078316025,25-50%
6.0,10.16896004673991,4.16896004673991,4.16896004673991,25-50%
6.0,10.16896004673991,4.16896004673991,4.16896004673991,25-50%
6.0,9.060047532424065,3.060047532424065,3.060047532424065,25-50%
6.0,8.691416518809785,2.6914165188097847,2.6914165188097847,25-50%
6.0,9.060047532424065,3.060047532424065,3.060047532424065,25-50%
6.0,9.060047532424065,3.060047532424065,3.060047532424065,25-50%
6.0,9.351027593834765,3.3510275938347647,3.3510275938347647,25-50%
6.0,9.585097863199572,3.5850978631995716,3.5850978631995716,25-50%
7.0,9.545977882504442,2.5459778825044417,2.5459778825044417,25-50%
7.0,9.41664063831134,2.416640638311341,2.416640638311341,25-50%
7.0,9.545977882504442,2.5459778825044417,2.5459778825044417,25-50%
7.0,9.545977882504442,2.5459778825044417,2.5459778825044417,25-50%
7.0,9.48738435057233,2.4873843505723308,2.4873843505723308,25-50%
6.0,9.060047532424065,3.060047532424065,3.060047532424065,25-50%
6.0,9.40965079154651,3.4096507915465093,3.4096507915465093,25-50%
6.0,9.554330798409538,3.554330798409538,3.554330798409538,25-50%
7.0,9.454485879312283,2.4544858793122835,2.4544858793122835,25-50%
7.0,9.55791440007842,2.5579144000784204,2.5579144000784204,25-50%
7.0,9.55791440007842,2.5579144000784204,2.5579144000784204,25-50%
7.0,9.55791440007842,2.5579144000784204,2.5579144000784204,25-50%
7.0,9.545977882504442,2.5459778825044417,2.5459778825044417,25-50%
7.0,9.545977882504442,2.5459778825044417,2.5459778825044417,25-50%
6.0,9.340298878474616,3.3402988784746164,3.3402988784746164,25-50%
6.0,9.282066244384373,3.2820662443843727,3.2820662443843727,25-50%
7.0,9.11004591220102,2.11004591220102,2.11004591220102,25-50%
7.0,9.616901986864416,2.6169019868644163,2.6169019868644163,25-50%
7.0,9.743859787392005,2.7438597873920045,2.7438597873920045,25-50%
7.0,9.68416682211744,2.68416682211744,2.68416682211744,25-50%
7.0,9.616901986864416,2.6169019868644163,2.6169019868644163,25-50%
7.0,9.48658694241913,2.4865869424191303,2.4865869424191303,25-50%
7.0,9.83447066758065,2.83447066758065,2.83447066758065,25-50%
7.0,9.917957077716864,2.9179570777168635,2.9179570777168635,25-50%
7.0,9.49845623806187,2.49845623806187,2.49845623806187,25-50%
7.0,9.428323386994002,2.428323386994002,2.428323386994002,25-50%
7.0,9.723326116405037,2.723326116405037,2.723326116405037,25-50%
7.0,9.83447066758065,2.83447066758065,2.83447066758065,25-50%
7.0,9.48658694241913,2.4865869424191303,2.4865869424191303,25-50%
7.0,9.48658694241913,2.4865869424191303,2.4865869424191303,25-50%
7.0,9.856471292151886,2.8564712921518858,2.8564712921518858,25-50%
7.0,9.856471292151886,2.8564712921518858,2.8564712921518858,25-50%
7.0,9.796152656515256,2.7961526565152557,2.7961526565152557,25-50%
7.0,9.494892817875861,2.4948928178758614,2.4948928178758614,25-50%
18.0,9.727164040802187,-8.272835959197813,8.272835959197813,75-100%
18.0,9.727164040802187,-8.272835959197813,8.272835959197813,75-100%
18.0,9.727164040802187,-8.272835959197813,8.272835959197813,75-100%
18.0,9.613259395381531,-8.386740604618469,8.386740604618469,75-100%
18.0,9.735588639150526,-8.264411360849474,8.264411360849474,75-100%
18.0,9.713150973723119,-8.286849026276881,8.286849026276881,75-100%
18.0,9.727164040802187,-8.272835959197813,8.272835959197813,75-100%
18.0,9.685632584919624,-8.314367415080376,8.314367415080376,75-100%
18.0,9.695978697954473,-8.304021302045527,8.304021302045527,75-100%
18.0,9.695978697954473,-8.304021302045527,8.304021302045527,75-100%
18.0,9.685632584919624,-8.314367415080376,8.314367415080376,75-100%
18.0,9.514969986976679,-8.485030013023321,8.485030013023321,75-100%
18.0,9.514969986976679,-8.485030013023321,8.485030013023321,75-100%
18.0,9.364578460053588,-8.635421539946412,8.635421539946412,75-100%
18.0,9.359780999234424,-8.640219000765576,8.640219000765576,75-100%
18.0,9.423115739990415,-8.576884260009585,8.576884260009585,75-100%
18.0,9.349760086865286,-8.650239913134714,8.650239913134714,75-100%
18.0,9.413033564561076,-8.586966435438924,8.586966435438924,75-100%
18.0,9.413033564561076,-8.586966435438924,8.586966435438924,75-100%
18.0,9.718102282825328,-8.281897717174672,8.281897717174672,75-100%
18.0,9.5198297025481,-8.4801702974519,8.4801702974519,75-100%
18.0,9.96197848287265,-8.03802151712735,8.03802151712735,75-100%
18.0,9.96197848287265,-8.03802151712735,8.03802151712735,75-100%
18.0,9.382761442259186,-8.617238557740814,8.617238557740814,75-100%
18.0,9.417846168060855,-8.582153831939145,8.582153831939145,75-100%
18.0,9.594972669728088,-8.405027330271912,8.405027330271912,75-100%
18.0,9.636151761046536,-8.363848238953464,8.363848238953464,75-100%
18.0,9.636151761046536,-8.363848238953464,8.363848238953464,75-100%
18.0,10.860086175715086,-7.139913824284914,7.139913824284914,75-100%
18.0,9.382761442259186,-8.617238557740814,8.617238557740814,75-100%
18.0,9.472007934004152,-8.527992065995848,8.527992065995848,75-100%
18.0,9.404862086655402,-8.595137913344598,8.595137913344598,75-100%
18.0,9.369368669002917,-8.630631330997083,8.630631330997083,75-100%
18.0,9.369368669002917,-8.630631330997083,8.630631330997083,75-100%
18.0,10.533116657570602,-7.466883342429398,7.466883342429398,75-100%
18.0,9.423115739990415,-8.576884260009585,8.576884260009585,75-100%
18.0,9.472007934004152,-8.527992065995848,8.527992065995848,75-100%
18.0,9.431464344490774,-8.568535655509226,8.568535655509226,75-100%
18.0,10.607543486498756,-7.392456513501244,7.392456513501244,75-100%
9.0,9.683568451500781,0.6835684515007809,0.6835684515007809,50-75%
9.0,9.936237238869118,0.9362372388691185,0.9362372388691185,50-75%
2.0,9.423115739990415,7.423115739990415,7.423115739990415,0-25%
2.0,9.472007934004152,7.472007934004152,7.472007934004152,0-25%
2.0,10.234111356290422,8.234111356290422,8.234111356290422,0-25%
2.0,10.327598125795255,8.327598125795255,8.327598125795255,0-25%
2.0,10.552229928217463,8.552229928217463,8.552229928217463,0-25%
9.0,9.918143133791256,0.918143133791256,0.918143133791256,50-75%
9.0,9.918143133791256,0.918143133791256,0.918143133791256,50-75%
9.0,9.988601345162802,0.9886013451628024,0.9886013451628024,50-75%
9.0,9.988601345162802,0.9886013451628024,0.9886013451628024,50-75%
9.0,9.926717717927568,0.9267177179275681,0.9267177179275681,50-75%
2.0,9.423115739990415,7.423115739990415,7.423115739990415,0-25%
2.0,9.482147209982998,7.4821472099829975,7.4821472099829975,0-25%
2.0,10.312242149937882,8.312242149937882,8.312242149937882,0-25%
2.0,10.065615028228018,8.065615028228018,8.065615028228018,0-25%
2.0,10.123326046652883,8.123326046652883,8.123326046652883,0-25%
9.0,9.988601345162802,0.9886013451628024,0.9886013451628024,50-75%
5.0,9.988601345162802,4.988601345162802,4.988601345162802,0-25%
5.0,10.227677850683666,5.227677850683666,5.227677850683666,0-25%
5.0,10.227677850683666,5.227677850683666,5.227677850683666,0-25%
5.0,9.926717717927568,4.926717717927568,4.926717717927568,0-25%
5.0,9.918143133791256,4.918143133791256,4.918143133791256,0-25%
9.0,9.988601345162802,0.9886013451628024,0.9886013451628024,50-75%
2.0,9.423115739990415,7.423115739990415,7.423115739990415,0-25%
2.0,9.423115739990415,7.423115739990415,7.423115739990415,0-25%
2.0,9.482147209982998,7.4821472099829975,7.4821472099829975,0-25%
2.0,10.618782218133394,8.618782218133394,8.618782218133394,0-25%
2.0,10.508619522682483,8.508619522682483,8.508619522682483,0-25%
2.0,10.784040059161669,8.784040059161669,8.784040059161669,0-25%
9.0,9.988601345162802,0.9886013451628024,0.9886013451628024,50-75%
5.0,9.988601345162802,4.988601345162802,4.988601345162802,0-25%
5.0,9.988601345162802,4.988601345162802,4.988601345162802,0-25%
5.0,9.926717717927568,4.926717717927568,4.926717717927568,0-25%
5.0,9.918143133791256,4.918143133791256,4.918143133791256,0-25%
5.0,9.926717717927568,4.926717717927568,4.926717717927568,0-25%
5.0,9.926717717927568,4.926717717927568,4.926717717927568,0-25%
2.0,9.414936350242986,7.414936350242986,7.414936350242986,0-25%
2.0,10.553349651682993,8.553349651682993,8.553349651682993,0-25%
2.0,10.553349651682993,8.553349651682993,8.553349651682993,0-25%
2.0,10.618782218133394,8.618782218133394,8.618782218133394,0-25%
2.0,10.618782218133394,8.618782218133394,8.618782218133394,0-25%
2.0,10.553349651682993,8.553349651682993,8.553349651682993,0-25%
1.0,9.94988337994098,8.94988337994098,8.94988337994098,0-25%
5.0,9.928714369709688,4.928714369709688,4.928714369709688,0-25%
5.0,9.926717717927568,4.926717717927568,4.926717717927568,0-25%
5.0,9.926717717927568,4.926717717927568,4.926717717927568,0-25%
5.0,9.875872280268759,4.875872280268759,4.875872280268759,0-25%
5.0,9.86032290362807,4.86032290362807,4.86032290362807,0-25%
5.0,9.86032290362807,4.86032290362807,4.86032290362807,0-25%
5.0,9.86032290362807,4.86032290362807,4.86032290362807,0-25%
2.0,10.544283327174394,8.544283327174394,8.544283327174394,0-25%
2.0,10.553349651682993,8.553349651682993,8.553349651682993,0-25%
2.0,10.508619522682483,8.508619522682483,8.508619522682483,0-25%
2.0,10.544283327174394,8.544283327174394,8.544283327174394,0-25%
2.0,10.544283327174394,8.544283327174394,8.544283327174394,0-25%
1.0,9.930707216089187,8.930707216089187,8.930707216089187,0-25%
5.0,9.894101157894193,4.894101157894193,4.894101157894193,0-25%
5.0,9.918143133791256,4.918143133791256,4.918143133791256,0-25%
5.0,9.918143133791256,4.918143133791256,4.918143133791256,0-25%
5.0,9.918143133791256,4.918143133791256,4.918143133791256,0-25%
5.0,9.918143133791256,4.918143133791256,4.918143133791256,0-25%
1.0,9.64445893257503,8.64445893257503,8.64445893257503,0-25%
2.0,10.544283327174394,8.544283327174394,8.544283327174394,0-25%
2.0,10.553349651682993,8.553349651682993,8.553349651682993,0-25%
2.0,10.544283327174394,8.544283327174394,8.544283327174394,0-25%
1.0,9.939291667451037,8.939291667451037,8.939291667451037,0-25%
1.0,9.87221830233495,8.87221830233495,8.87221830233495,0-25%
1.0,9.930707216089187,8.930707216089187,8.930707216089187,0-25%
1.0,9.64445893257503,8.64445893257503,8.64445893257503,0-25%
1.0,9.652818578311896,8.652818578311896,8.652818578311896,0-25%
1.0,9.64445893257503,8.64445893257503,8.64445893257503,0-25%
1.0,10.001246507435173,9.001246507435173,9.001246507435173,0-25%
1.0,9.713150973723119,8.713150973723119,8.713150973723119,0-25%
1.0,9.713150973723119,8.713150973723119,8.713150973723119,0-25%
1.0,9.652818578311896,8.652818578311896,8.652818578311896,0-25%
6.0,9.001361178389006,3.001361178389006,3.001361178389006,25-50%
6.0,9.39937750204578,3.3993775020457804,3.3993775020457804,25-50%
6.0,9.108401581810753,3.108401581810753,3.108401581810753,25-50%
6.0,9.16003021392956,3.1600302139295593,3.1600302139295593,25-50%
6.0,9.289255881516077,3.289255881516077,3.289255881516077,25-50%
6.0,9.347529234222442,3.347529234222442,3.347529234222442,25-50%
6.0,9.458274530177036,3.458274530177036,3.458274530177036,25-50%
6.0,9.217571695158266,3.2175716951582665,3.2175716951582665,25-50%
6.0,9.217571695158266,3.2175716951582665,3.2175716951582665,25-50%
6.0,9.217571695158266,3.2175716951582665,3.2175716951582665,25-50%
6.0,9.16003021392956,3.1600302139295593,3.1600302139295593,25-50%
6.0,9.347529234222442,3.347529234222442,3.347529234222442,25-50%
6.0,9.382370626511591,3.382370626511591,3.382370626511591,25-50%
6.0,9.009064411306941,3.009064411306941,3.009064411306941,25-50%
6.0,9.217571695158266,3.2175716951582665,3.2175716951582665,25-50%
6.0,9.217571695158266,3.2175716951582665,3.2175716951582665,25-50%
6.0,9.35219281673899,3.35219281673899,3.35219281673899,25-50%
6.0,9.35219281673899,3.35219281673899,3.35219281673899,25-50%
6.0,9.35219281673899,3.35219281673899,3.35219281673899,25-50%
6.0,9.459381389897068,3.459381389897068,3.459381389897068,25-50%
6.0,9.459381389897068,3.459381389897068,3.459381389897068,25-50%
6.0,9.518618250933713,3.518618250933713,3.518618250933713,25-50%
3.0,9.740192857400197,6.7401928574001975,6.7401928574001975,0-25%
3.0,9.679708172375706,6.679708172375706,6.679708172375706,0-25%
3.0,9.661005157311823,6.661005157311823,6.661005157311823,0-25%
3.0,9.651358248643604,6.651358248643604,6.651358248643604,0-25%
3.0,9.67132742541772,6.67132742541772,6.67132742541772,0-25%
3.0,9.67132742541772,6.67132742541772,6.67132742541772,0-25%
3.0,9.679708172375706,6.679708172375706,6.679708172375706,0-25%
3.0,9.661005157311823,6.661005157311823,6.661005157311823,0-25%
3.0,9.679708172375706,6.679708172375706,6.679708172375706,0-25%
3.0,9.67132742541772,6.67132742541772,6.67132742541772,0-25%
3.0,9.67132742541772,6.67132742541772,6.67132742541772,0-25%
3.0,9.67132742541772,6.67132742541772,6.67132742541772,0-25%
3.0,9.67132742541772,6.67132742541772,6.67132742541772,0-25%
3.0,9.637529404531364,6.637529404531364,6.637529404531364,0-25%
3.0,9.82860441222376,6.8286044122237595,6.8286044122237595,0-25%
3.0,9.67132742541772,6.67132742541772,6.67132742541772,0-25%
3.0,9.67132742541772,6.67132742541772,6.67132742541772,0-25%
3.0,9.82860441222376,6.8286044122237595,6.8286044122237595,0-25%
3.0,9.67132742541772,6.67132742541772,6.67132742541772,0-25%
3.0,9.524191707418229,6.524191707418229,6.524191707418229,0-25%
3.0,9.67132742541772,6.67132742541772,6.67132742541772,0-25%
3.0,9.679708172375706,6.679708172375706,6.679708172375706,0-25%
3.0,9.671626942127228,6.671626942127228,6.671626942127228,0-25%
3.0,9.661005157311823,6.661005157311823,6.661005157311823,0-25%
3.0,9.671626942127228,6.671626942127228,6.671626942127228,0-25%
3.0,9.671626942127228,6.671626942127228,6.671626942127228,0-25%
3.0,9.554391099591957,6.554391099591957,6.554391099591957,0-25%
3.0,9.679708172375706,6.679708172375706,6.679708172375706,0-25%
3.0,9.679708172375706,6.679708172375706,6.679708172375706,0-25%
3.0,9.729803976451885,6.729803976451885,6.729803976451885,0-25%
3.0,9.644978477700413,6.644978477700413,6.644978477700413,0-25%
3.0,9.632704881851195,6.632704881851195,6.632704881851195,0-25%
3.0,9.66937779765724,6.669377797657241,6.669377797657241,0-25%
6.0,8.766540845725318,2.766540845725318,2.766540845725318,25-50%
6.0,8.766540845725318,2.766540845725318,2.766540845725318,25-50%
6.0,8.766540845725318,2.766540845725318,2.766540845725318,25-50%
6.0,8.748425707068067,2.7484257070680673,2.7484257070680673,25-50%
6.0,8.748425707068067,2.7484257070680673,2.7484257070680673,25-50%
6.0,8.803636060090803,2.8036360600908026,2.8036360600908026,25-50%
6.0,9.030523825321522,3.030523825321522,3.030523825321522,25-50%
6.0,8.803636060090803,2.8036360600908026,2.8036360600908026,25-50%
6.0,8.803636060090803,2.8036360600908026,2.8036360600908026,25-50%
6.0,8.749166984872023,2.749166984872023,2.749166984872023,25-50%
6.0,8.749166984872023,2.749166984872023,2.749166984872023,25-50%
6.0,8.814732354377016,2.814732354377016,2.814732354377016,25-50%
6.0,8.814732354377016,2.814732354377016,2.814732354377016,25-50%
6.0,8.803636060090803,2.8036360600908026,2.8036360600908026,25-50%
6.0,8.803636060090803,2.8036360600908026,2.8036360600908026,25-50%
6.0,8.694263380983305,2.6942633809833048,2.6942633809833048,25-50%
6.0,8.766540845725318,2.766540845725318,2.766540845725318,25-50%
6.0,9.030523825321522,3.030523825321522,3.030523825321522,25-50%
6.0,8.987588861813775,2.9875888618137747,2.9875888618137747,25-50%
6.0,8.932097743453824,2.9320977434538236,2.9320977434538236,25-50%
6.0,8.869567746538449,2.869567746538449,2.869567746538449,25-50%
6.0,8.748425707068067,2.7484257070680673,2.7484257070680673,25-50%
6.0,8.971879413113093,2.9718794131130934,2.9718794131130934,25-50%
6.0,9.030523825321522,3.030523825321522,3.030523825321522,25-50%
6.0,8.759459511241323,2.7594595112413227,2.7594595112413227,25-50%
6.0,8.694263380983305,2.6942633809833048,2.6942633809833048,25-50%
6.0,9.02206820034336,3.0220682003433605,3.0220682003433605,25-50%
6.0,8.748425707068067,2.7484257070680673,2.7484257070680673,25-50%
6.0,8.748425707068067,2.7484257070680673,2.7484257070680673,25-50%
6.0,8.77835564468506,2.7783556446850604,2.7783556446850604,25-50%
4.0,9.050556599033579,5.050556599033579,5.050556599033579,0-25%
4.0,9.134935341153682,5.134935341153682,5.134935341153682,0-25%
4.0,9.179028702225654,5.179028702225654,5.179028702225654,0-25%
4.0,9.161076746795018,5.161076746795018,5.161076746795018,0-25%
4.0,9.244717175720634,5.244717175720634,5.244717175720634,0-25%
4.0,9.055201676144236,5.055201676144236,5.055201676144236,0-25%
4.0,9.139619415683018,5.139619415683018,5.139619415683018,0-25%
4.0,9.179028702225654,5.179028702225654,5.179028702225654,0-25%
4.0,8.92512968671897,4.92512968671897,4.92512968671897,0-25%
12.0,9.215683785345163,-2.7843162146548366,2.7843162146548366,50-75%
12.0,9.090382084610209,-2.9096179153897914,2.9096179153897914,50-75%
12.0,9.481207258445188,-2.5187927415548117,2.5187927415548117,50-75%
12.0,9.481207258445188,-2.5187927415548117,2.5187927415548117,50-75%
4.0,9.053183967202667,5.053183967202667,5.053183967202667,0-25%
4.0,9.053183967202667,5.053183967202667,5.053183967202667,0-25%
4.0,9.590512704513566,5.590512704513566,5.590512704513566,0-25%
4.0,9.082110327084843,5.082110327084843,5.082110327084843,0-25%
4.0,8.884762504261234,4.884762504261234,4.884762504261234,0-25%
4.0,8.846492503327731,4.846492503327731,4.846492503327731,0-25%
12.0,9.146493532640665,-2.8535064673593347,2.8535064673593347,50-75%
12.0,9.215683785345163,-2.7843162146548366,2.7843162146548366,50-75%
12.0,9.162933492115844,-2.837066507884156,2.837066507884156,50-75%
12.0,9.131537097653322,-2.8684629023466783,2.8684629023466783,50-75%
12.0,9.32156995711131,-2.6784300428886905,2.6784300428886905,50-75%
4.0,9.118468379871356,5.118468379871356,5.118468379871356,0-25%
4.0,9.118468379871356,5.118468379871356,5.118468379871356,0-25%
4.0,9.632103230001437,5.632103230001437,5.632103230001437,0-25%
4.0,8.94074500274922,4.940745002749219,4.940745002749219,0-25%
4.0,8.907624422205497,4.907624422205497,4.907624422205497,0-25%
4.0,8.925248897905234,4.9252488979052345,4.9252488979052345,0-25%
4.0,8.838765610348807,4.838765610348807,4.838765610348807,0-25%
12.0,9.481207258445188,-2.5187927415548117,2.5187927415548117,50-75%
12.0,9.161020876893812,-2.8389791231061885,2.8389791231061885,50-75%
12.0,9.080621759112166,-2.919378240887834,2.919378240887834,50-75%
12.0,9.233605555844838,-2.7663944441551624,2.7663944441551624,50-75%
12.0,9.27338013486807,-2.72661986513193,2.72661986513193,50-75%
12.0,9.32156995711131,-2.6784300428886905,2.6784300428886905,50-75%
4.0,9.80851808608773,5.80851808608773,5.80851808608773,0-25%
4.0,9.706037855041226,5.706037855041226,5.706037855041226,0-25%
4.0,9.64045317216417,5.64045317216417,5.64045317216417,0-25%
4.0,9.004631286329124,5.004631286329124,5.004631286329124,0-25%
4.0,9.234177874570971,5.234177874570971,5.234177874570971,0-25%
12.0,9.586798409574964,-2.413201590425036,2.413201590425036,50-75%
12.0,9.481207258445188,-2.5187927415548117,2.5187927415548117,50-75%
12.0,9.26531824797717,-2.73468175202283,2.73468175202283,50-75%
12.0,9.27338013486807,-2.72661986513193,2.72661986513193,50-75%
12.0,9.32156995711131,-2.6784300428886905,2.6784300428886905,50-75%
4.0,9.404342942063987,5.4043429420639875,5.4043429420639875,0-25%
4.0,9.472241771226116,5.472241771226116,5.472241771226116,0-25%
4.0,9.480466165893123,5.480466165893123,5.480466165893123,0-25%
4.0,9.390238554067883,5.390238554067883,5.390238554067883,0-25%
9.0,8.844215640814165,-0.15578435918583544,0.15578435918583544,50-75%
9.0,8.950848393421172,-0.04915160657882822,0.04915160657882822,50-75%
12.0,9.481207258445188,-2.5187927415548117,2.5187927415548117,50-75%
12.0,9.27338013486807,-2.72661986513193,2.72661986513193,50-75%
12.0,9.331563575048733,-2.668436424951267,2.668436424951267,50-75%
4.0,9.661877522576946,5.661877522576946,5.661877522576946,0-25%
9.0,8.841465232953643,-0.1585347670463566,0.1585347670463566,50-75%
9.0,8.882476792349724,-0.11752320765027591,0.11752320765027591,50-75%
9.0,8.999306194605698,-0.0006938053943024158,0.0006938053943024158,50-75%
9.0,8.999306194605698,-0.0006938053943024158,0.0006938053943024158,50-75%
9.0,8.999306194605698,-0.0006938053943024158,0.0006938053943024158,50-75%
12.0,9.162933492115844,-2.837066507884156,2.837066507884156,50-75%
12.0,9.039302262908603,-2.9606977370913974,2.9606977370913974,50-75%
12.0,9.27338013486807,-2.72661986513193,2.72661986513193,50-75%
12.0,9.27338013486807,-2.72661986513193,2.72661986513193,50-75%
12.0,9.331563575048733,-2.668436424951267,2.668436424951267,50-75%
9.0,8.935191280678234,-0.0648087193217659,0.0648087193217659,50-75%
9.0,8.999306194605698,-0.0006938053943024158,0.0006938053943024158,50-75%
9.0,8.999306194605698,-0.0006938053943024158,0.0006938053943024158,50-75%
9.0,8.999306194605698,-0.0006938053943024158,0.0006938053943024158,50-75%
9.0,9.228504444107195,0.22850444410719462,0.22850444410719462,50-75%
9.0,9.228504444107195,0.22850444410719462,0.22850444410719462,50-75%
9.0,9.228504444107195,0.22850444410719462,0.22850444410719462,50-75%
9.0,9.18890360650937,0.18890360650937055,0.18890360650937055,50-75%
9.0,8.935191280678234,-0.0648087193217659,0.0648087193217659,50-75%
9.0,8.896726038906145,-0.1032739610938549,0.1032739610938549,50-75%
9.0,8.952620972292035,-0.04737902770796509,0.04737902770796509,50-75%
9.0,8.94481079652775,-0.055189203472249204,0.055189203472249204,50-75%
4.0,9.753471943023236,5.753471943023236,5.753471943023236,0-25%
4.0,9.786795637514079,5.7867956375140785,5.7867956375140785,0-25%
4.0,9.786795637514079,5.7867956375140785,5.7867956375140785,0-25%
4.0,9.795267067648457,5.795267067648457,5.795267067648457,0-25%
9.0,9.228504444107195,0.22850444410719462,0.22850444410719462,50-75%
9.0,9.238407953545234,0.23840795354523436,0.23840795354523436,50-75%
9.0,8.742672683009589,-0.2573273169904109,0.2573273169904109,50-75%
9.0,8.90630831168782,-0.09369168831218033,0.09369168831218033,50-75%
9.0,8.882029254245754,-0.1179707457542456,0.1179707457542456,50-75%
9.0,8.935191280678234,-0.0648087193217659,0.0648087193217659,50-75%
4.0,9.795267067648457,5.795267067648457,5.795267067648457,0-25%
4.0,9.786795637514079,5.7867956375140785,5.7867956375140785,0-25%
4.0,9.786795637514079,5.7867956375140785,5.7867956375140785,0-25%
4.0,9.786795637514079,5.7867956375140785,5.7867956375140785,0-25%
6.5,9.74961254961643,3.2496125496164296,3.2496125496164296,25-50%
9.0,9.20598106679891,0.20598106679891082,0.20598106679891082,50-75%
9.0,9.238407953545234,0.23840795354523436,0.23840795354523436,50-75%
9.0,9.30447962002361,0.30447962002360995,0.30447962002360995,50-75%
9.0,8.942993901737749,-0.057006098262251115,0.057006098262251115,50-75%
9.0,8.942993901737749,-0.057006098262251115,0.057006098262251115,50-75%
4.0,9.91903835798627,5.91903835798627,5.91903835798627,0-25%
4.0,9.786795637514079,5.7867956375140785,5.7867956375140785,0-25%
4.0,9.786795637514079,5.7867956375140785,5.7867956375140785,0-25%
4.0,9.91903835798627,5.91903835798627,5.91903835798627,0-25%
4.0,9.786795637514079,5.7867956375140785,5.7867956375140785,0-25%
4.0,9.612083382636188,5.612083382636188,5.612083382636188,0-25%
4.0,9.786795637514079,5.7867956375140785,5.7867956375140785,0-25%
9.0,9.24644870638606,0.24644870638605987,0.24644870638605987,50-75%
9.0,9.30447962002361,0.30447962002360995,0.30447962002360995,50-75%
4.0,9.784824913968343,5.784824913968343,5.784824913968343,0-25%
4.0,9.734639747939513,5.734639747939513,5.734639747939513,0-25%
4.0,9.776361678163461,5.776361678163461,5.776361678163461,0-25%
4.0,9.734639747939513,5.734639747939513,5.734639747939513,0-25%
4.0,9.734639747939513,5.734639747939513,5.734639747939513,0-25%
4.0,9.655575177898974,5.6555751778989745,5.6555751778989745,0-25%
4.0,9.795267067648457,5.795267067648457,5.795267067648457,0-25%
4.0,9.845904929211919,5.845904929211919,5.845904929211919,0-25%
4.0,9.707833932199422,5.7078339321994225,5.7078339321994225,0-25%
4.0,9.734639747939513,5.734639747939513,5.734639747939513,0-25%
4.0,9.784824913968343,5.784824913968343,5.784824913968343,0-25%
4.0,9.444688244205127,5.4446882442051265,5.4446882442051265,0-25%
4.0,9.444688244205127,5.4446882442051265,5.4446882442051265,0-25%
4.0,9.845904929211919,5.845904929211919,5.845904929211919,0-25%
2.0,8.89080064182138,6.8908006418213805,6.8908006418213805,0-25%
2.0,9.06590595579243,7.065905955792431,7.065905955792431,0-25%
2.0,9.170649830607474,7.1706498306074735,7.1706498306074735,0-25%
2.0,9.165951421341276,7.165951421341276,7.165951421341276,0-25%
2.0,9.173935270308979,7.173935270308979,7.173935270308979,0-25%
2.0,9.173935270308979,7.173935270308979,7.173935270308979,0-25%
2.0,8.83429975906187,6.834299759061871,6.834299759061871,0-25%
2.0,9.06590595579243,7.065905955792431,7.065905955792431,0-25%
2.0,9.13127298383509,7.131272983835091,7.131272983835091,0-25%
2.0,9.173935270308979,7.173935270308979,7.173935270308979,0-25%
2.0,9.165951421341276,7.165951421341276,7.165951421341276,0-25%
2.0,9.165951421341276,7.165951421341276,7.165951421341276,0-25%
2.0,9.231555503029936,7.231555503029936,7.231555503029936,0-25%
6.0,9.150016369079408,3.150016369079408,3.150016369079408,25-50%
6.0,9.271391112402053,3.2713911124020534,3.2713911124020534,25-50%
2.0,8.932562274455222,6.932562274455222,6.932562274455222,0-25%
2.0,9.13086441262785,7.130864412627851,7.130864412627851,0-25%
2.0,9.178637369479683,7.178637369479683,7.178637369479683,0-25%
2.0,9.170649830607474,7.1706498306074735,7.1706498306074735,0-25%
2.5,9.173935270308979,6.673935270308979,6.673935270308979,0-25%
2.5,9.173935270308979,6.673935270308979,6.673935270308979,0-25%
2.5,9.231555503029936,6.731555503029936,6.731555503029936,0-25%
2.5,9.13127298383509,6.631272983835091,6.631272983835091,0-25%
7.0,9.040247916267205,2.040247916267205,2.040247916267205,25-50%
7.0,8.843719510744636,1.843719510744636,1.843719510744636,25-50%
7.0,8.639241961237413,1.6392419612374134,1.6392419612374134,25-50%
6.0,9.291311968450705,3.291311968450705,3.291311968450705,25-50%
6.0,9.370612999225441,3.3706129992254414,3.3706129992254414,25-50%
6.0,9.036779354112035,3.036779354112035,3.036779354112035,25-50%
2.0,9.13086441262785,7.130864412627851,7.130864412627851,0-25%
2.0,9.236284232608766,7.2362842326087655,7.2362842326087655,0-25%
2.5,9.244938631293397,6.744938631293397,6.744938631293397,0-25%
2.5,9.134545703576922,6.634545703576922,6.634545703576922,0-25%
2.5,9.173935270308979,6.673935270308979,6.673935270308979,0-25%
4.0,9.059749958829665,5.059749958829665,5.059749958829665,0-25%
5.0,9.097518218637642,4.097518218637642,4.097518218637642,0-25%
7.0,9.144724798474543,2.1447247984745434,2.1447247984745434,25-50%
7.0,9.202179597256688,2.2021795972566878,2.2021795972566878,25-50%
7.0,9.097518218637642,2.097518218637642,2.097518218637642,25-50%
7.0,8.639241961237413,1.6392419612374134,1.6392419612374134,25-50%
7.0,9.099136022876078,2.0991360228760776,2.0991360228760776,25-50%
6.0,9.185739367366994,3.1857393673669936,3.1857393673669936,25-50%
6.0,9.291311968450705,3.291311968450705,3.291311968450705,25-50%
6.0,9.025432018965462,3.0254320189654624,3.0254320189654624,25-50%
2.0,9.120309816481006,7.120309816481006,7.120309816481006,0-25%
2.5,9.178637369479683,6.678637369479683,6.678637369479683,0-25%
2.5,9.25298451301421,6.75298451301421,6.75298451301421,0-25%
2.5,9.293347872240542,6.793347872240542,6.793347872240542,0-25%
2.5,9.228611412351473,6.728611412351473,6.728611412351473,0-25%
2.5,9.268366580820532,6.7683665808205316,6.7683665808205316,0-25%
4.0,9.10078003452893,5.100780034528929,5.100780034528929,0-25%
5.0,9.197466622574293,4.197466622574293,4.197466622574293,0-25%
5.0,9.140038365474684,4.140038365474684,4.140038365474684,0-25%
7.0,9.10078003452893,2.1007800345289294,2.1007800345289294,25-50%
7.0,9.10078003452893,2.1007800345289294,2.1007800345289294,25-50%
7.0,9.207253954706676,2.207253954706676,2.207253954706676,25-50%
7.0,9.199243959381938,2.1992439593819384,2.1992439593819384,25-50%
6.0,9.315546094018377,3.3155460940183765,3.3155460940183765,25-50%
6.0,9.312209647526142,3.312209647526142,3.312209647526142,25-50%
6.0,9.312209647526142,3.312209647526142,3.312209647526142,25-50%
6.0,9.254914933654673,3.254914933654673,3.254914933654673,25-50%
6.0,9.044061908198831,3.044061908198831,3.044061908198831,25-50%
2.5,9.205274166839725,6.705274166839725,6.705274166839725,0-25%
2.5,9.34814953406994,6.84814953406994,6.84814953406994,0-25%
2.5,9.30808547667269,6.808085476672691,6.808085476672691,0-25%
2.5,9.34814953406994,6.84814953406994,6.84814953406994,0-25%
5.0,9.23415505543276,4.23415505543276,4.23415505543276,0-25%
5.0,9.132081116614165,4.132081116614165,4.132081116614165,0-25%
5.0,9.242192468252094,4.242192468252094,4.242192468252094,0-25%
7.0,9.202538635886153,2.202538635886153,2.202538635886153,25-50%
7.0,9.300199276622088,2.300199276622088,2.300199276622088,25-50%
7.0,9.24692611392917,2.2469261139291703,2.2469261139291703,25-50%
7.0,9.238884986449664,2.238884986449664,2.238884986449664,25-50%
6.0,9.233355210023259,3.2333552100232588,3.2333552100232588,25-50%
6.0,9.297985421754747,3.2979854217547473,3.2979854217547473,25-50%
6.0,9.57283410484341,3.5728341048434107,3.5728341048434107,25-50%
6.0,9.150016369079408,3.150016369079408,3.150016369079408,25-50%
6.0,9.100946601214629,3.1009466012146287,3.1009466012146287,25-50%
3.0,9.313672192643256,6.313672192643256,6.313672192643256,0-25%
3.0,9.313672192643256,6.313672192643256,6.313672192643256,0-25%
3.0,9.204158143112597,6.204158143112597,6.204158143112597,0-25%
3.0,9.321772054395064,6.321772054395064,6.321772054395064,0-25%
3.0,9.300199276622088,6.300199276622088,6.300199276622088,0-25%
5.0,9.194532340839851,4.194532340839851,4.194532340839851,0-25%
5.0,9.242192468252094,4.242192468252094,4.242192468252094,0-25%
7.0,9.300199276622088,2.300199276622088,2.300199276622088,25-50%
7.0,9.238884986449664,2.238884986449664,2.238884986449664,25-50%
7.0,9.292680405510458,2.292680405510458,2.292680405510458,25-50%
7.0,9.312154473856854,2.312154473856854,2.312154473856854,25-50%
6.0,9.51409135953927,3.51409135953927,3.51409135953927,25-50%
3.0,9.21248312391976,6.21248312391976,6.21248312391976,0-25%
3.0,9.21248312391976,6.21248312391976,6.21248312391976,0-25%
3.0,9.273741618259688,6.273741618259688,6.273741618259688,0-25%
3.0,9.109657421911669,6.109657421911669,6.109657421911669,0-25%
5.0,9.109657421911669,4.109657421911669,4.109657421911669,0-25%
5.666666666666668,9.194532340839851,3.5278656741731833,3.5278656741731833,25-50%
7.0,9.238884986449664,2.238884986449664,2.238884986449664,25-50%
7.0,8.992191431362183,1.9921914313621834,1.9921914313621834,25-50%
7.0,9.122493753419771,2.1224937534197714,2.1224937534197714,25-50%
3.0,9.220827467180074,6.220827467180074,6.220827467180074,0-25%
3.0,9.304959731371394,6.304959731371394,6.304959731371394,0-25%
7.0,9.11432981371648,2.1143298137164805,2.1143298137164805,25-50%
7.0,9.199243959381938,2.1992439593819384,2.1992439593819384,25-50%
7.0,9.238884986449664,2.238884986449664,2.238884986449664,25-50%
7.0,9.032997329782964,2.0329973297829635,2.0329973297829635,25-50%
7.0,9.162443321393472,2.1624433213934715,2.1624433213934715,25-50%
7.0,9.603379600388081,2.603379600388081,2.603379600388081,25-50%
7.0,9.191684056841648,2.1916840568416482,2.1916840568416482,25-50%
7.0,8.992191431362183,1.9921914313621834,1.9921914313621834,25-50%
7.0,8.953505506916237,1.9535055069162368,1.9535055069162368,25-50%
7.0,9.104325913010825,2.1043259130108254,2.1043259130108254,25-50%
7.0,9.104325913010825,2.1043259130108254,2.1043259130108254,25-50%
7.0,9.592496462750272,2.5924964627502725,2.5924964627502725,25-50%
7.0,9.048782355166043,2.0487823551660433,2.0487823551660433,25-50%
7.0,9.015301815702596,2.015301815702596,2.015301815702596,25-50%
7.0,9.03311783657242,2.033117836572419,2.033117836572419,25-50%
7.0,8.945694637026163,1.945694637026163,1.945694637026163,25-50%
7.0,9.191684056841648,2.1916840568416482,2.1916840568416482,25-50%
7.0,9.55977301754172,2.559773017541721,2.559773017541721,25-50%
7.0,9.600815299664246,2.600815299664246,2.600815299664246,25-50%
7.0,8.963090579929375,1.963090579929375,1.963090579929375,25-50%
7.0,9.191684056841648,2.1916840568416482,2.1916840568416482,25-50%
7.0,9.24692611392917,2.2469261139291703,2.2469261139291703,25-50%
7.0,9.337283066652391,2.3372830666523914,2.3372830666523914,25-50%
7.0,9.248288135596663,2.2482881355966633,2.2482881355966633,25-50%
7.0,9.194532340839851,2.194532340839851,2.194532340839851,25-50%
3.0,9.494296248344753,6.494296248344753,6.494296248344753,0-25%
14.0,9.05793617078872,-4.94206382921128,4.94206382921128,50-75%
14.0,9.05793617078872,-4.94206382921128,4.94206382921128,50-75%
14.0,8.902063503183962,-5.097936496816038,5.097936496816038,50-75%
14.0,9.051415420900625,-4.948584579099375,4.948584579099375,50-75%
3.0,8.910757686478473,5.9107576864784726,5.9107576864784726,0-25%
3.0,9.435196359584609,6.435196359584609,6.435196359584609,0-25%
3.0,9.494296248344753,6.494296248344753,6.494296248344753,0-25%
3.0,9.884451047225777,6.884451047225777,6.884451047225777,0-25%
3.0,9.23942062784316,6.23942062784316,6.23942062784316,0-25%
14.0,8.940950385812048,-5.059049614187952,5.059049614187952,50-75%
14.0,9.373292761018014,-4.626707238981986,4.626707238981986,50-75%
14.0,9.368243549740857,-4.631756450259143,4.631756450259143,50-75%
14.0,9.477796745781744,-4.522203254218256,4.522203254218256,50-75%
14.0,9.105897178909895,-4.8941028210901045,4.8941028210901045,50-75%
14.0,9.04434240103394,-4.955657598966059,4.955657598966059,50-75%
3.0,8.864639828846567,5.864639828846567,5.864639828846567,0-25%
3.0,8.902980362323948,5.902980362323948,5.902980362323948,0-25%
3.0,9.279217808093248,6.279217808093248,6.279217808093248,0-25%
3.0,9.823153954892623,6.823153954892623,6.823153954892623,0-25%
3.0,9.884451047225777,6.884451047225777,6.884451047225777,0-25%
3.0,9.884451047225777,6.884451047225777,6.884451047225777,0-25%
14.0,8.936358087956416,-5.063641912043584,5.063641912043584,50-75%
14.0,9.266875979110054,-4.733124020889946,4.733124020889946,50-75%
14.0,9.259680652729328,-4.740319347270672,4.740319347270672,50-75%
14.0,9.354907825276282,-4.645092174723718,4.645092174723718,50-75%
14.0,9.04434240103394,-4.955657598966059,4.955657598966059,50-75%
14.0,9.04434240103394,-4.955657598966059,4.955657598966059,50-75%
14.0,9.002223535366959,-4.997776464633041,4.997776464633041,50-75%
14.0,8.987923225746925,-5.0120767742530745,5.0120767742530745,50-75%
3.0,9.76690182568462,6.76690182568462,6.76690182568462,0-25%
3.0,8.89816007610675,5.89816007610675,5.89816007610675,0-25%
3.0,9.271151340172478,6.271151340172478,6.271151340172478,0-25%
3.0,9.279217808093248,6.279217808093248,6.279217808093248,0-25%
3.0,9.23942062784316,6.23942062784316,6.23942062784316,0-25%
3.0,9.271151340172478,6.271151340172478,6.271151340172478,0-25%
3.0,9.271151340172478,6.271151340172478,6.271151340172478,0-25%
14.0,9.04325500890933,-4.95674499109067,4.95674499109067,50-75%
14.0,9.211939147320823,-4.788060852679177,4.788060852679177,50-75%
14.0,9.251629516309452,-4.7483704836905485,4.7483704836905485,50-75%
14.0,9.410613780940876,-4.589386219059124,4.589386219059124,50-75%
14.0,9.322111962399712,-4.6778880376002885,4.6778880376002885,50-75%
14.0,9.410613780940876,-4.589386219059124,4.589386219059124,50-75%
14.0,9.036460248201323,-4.9635397517986775,4.9635397517986775,50-75%
14.0,9.410613780940876,-4.589386219059124,4.589386219059124,50-75%
3.0,8.964019475610947,5.964019475610947,5.964019475610947,0-25%
3.0,9.357712193812413,6.357712193812413,6.357712193812413,0-25%
3.0,9.271151340172478,6.271151340172478,6.271151340172478,0-25%
3.0,9.271151340172478,6.271151340172478,6.271151340172478,0-25%
3.0,9.279217808093248,6.279217808093248,6.279217808093248,0-25%
3.0,9.271151340172478,6.271151340172478,6.271151340172478,0-25%
14.0,9.701379061471446,-4.298620938528554,4.298620938528554,50-75%
14.0,9.314874317918576,-4.6851256820814235,4.6851256820814235,50-75%
14.0,9.418789775950417,-4.581210224049583,4.581210224049583,50-75%
14.0,9.418789775950417,-4.581210224049583,4.581210224049583,50-75%
14.0,9.354907825276282,-4.645092174723718,4.645092174723718,50-75%
14.0,9.410613780940876,-4.589386219059124,4.589386219059124,50-75%
3.0,9.019524101187717,6.0195241011877165,6.0195241011877165,0-25%
3.0,9.326406713840154,6.326406713840154,6.326406713840154,0-25%
3.0,9.374626318454496,6.374626318454496,6.374626318454496,0-25%
3.0,10.076650643007365,7.0766506430073655,7.0766506430073655,0-25%
3.0,9.814660640925684,6.814660640925684,6.814660640925684,0-25%
3.0,9.814660640925684,6.814660640925684,6.814660640925684,0-25%
14.0,9.28396954189926,-4.7160304581007395,4.7160304581007395,50-75%
14.0,9.477796745781744,-4.522203254218256,4.522203254218256,50-75%
14.0,9.477796745781744,-4.522203254218256,4.522203254218256,50-75%
14.0,9.499698899929719,-4.500301100070281,4.500301100070281,50-75%
14.0,9.122343681613739,-4.877656318386261,4.877656318386261,50-75%
3.0,9.120464103377302,6.1204641033773015,6.1204641033773015,0-25%
3.0,9.063469495205748,6.063469495205748,6.063469495205748,0-25%
10.5,9.095232657128683,-1.4047673428713168,1.4047673428713168,50-75%
10.5,9.13446942728635,-1.3655305727136504,1.3655305727136504,50-75%
10.5,9.13446942728635,-1.3655305727136504,1.3655305727136504,50-75%
10.5,9.080799371152546,-1.4192006288474541,1.4192006288474541,50-75%
10.5,9.129345785090752,-1.3706542149092478,1.3706542149092478,50-75%
10.5,9.031501502370928,-1.4684984976290725,1.4684984976290725,50-75%
10.5,9.085467639720438,-1.414532360279562,1.414532360279562,50-75%
10.5,9.071048314917222,-1.4289516850827777,1.4289516850827777,50-75%
10.5,9.071048314917222,-1.4289516850827777,1.4289516850827777,50-75%
10.5,9.085467639720438,-1.414532360279562,1.414532360279562,50-75%
10.5,9.129345785090752,-1.3706542149092478,1.3706542149092478,50-75%
10.5,9.085467639720438,-1.414532360279562,1.414532360279562,50-75%
10.5,9.095232657128683,-1.4047673428713168,1.4047673428713168,50-75%
10.5,9.071048314917222,-1.4289516850827777,1.4289516850827777,50-75%
10.5,9.075702862707386,-1.4242971372926139,1.4242971372926139,50-75%
10.5,9.483052808674435,-1.0169471913255652,1.0169471913255652,50-75%
10.5,9.085467639720438,-1.414532360279562,1.414532360279562,50-75%
10.5,9.085467639720438,-1.414532360279562,1.414532360279562,50-75%
10.5,9.095232657128683,-1.4047673428713168,1.4047673428713168,50-75%
10.5,9.062121219769015,-1.4378787802309851,1.4378787802309851,50-75%
10.5,9.075702862707386,-1.4242971372926139,1.4242971372926139,50-75%
10.5,9.095232657128683,-1.4047673428713168,1.4047673428713168,50-75%
10.5,9.062121219769015,-1.4378787802309851,1.4378787802309851,50-75%
10.5,9.052388230722395,-1.4476117692776054,1.4476117692776054,50-75%
10.5,9.711850818539153,-0.788149181460847,0.788149181460847,50-75%
10.5,9.062121219769015,-1.4378787802309851,1.4378787802309851,50-75%
10.5,9.071048314917222,-1.4289516850827777,1.4289516850827777,50-75%
10.5,9.686852948405587,-0.813147051594413,0.813147051594413,50-75%
12.0,9.722227422195221,-2.277772577804779,2.277772577804779,50-75%
12.0,9.75212167084144,-2.24787832915856,2.24787832915856,50-75%
12.0,9.597714435520883,-2.402285564479117,2.402285564479117,50-75%
16.0,9.639541285889102,-6.360458714110898,6.360458714110898,75-100%
16.0,9.115407379990934,-6.884592620009066,6.884592620009066,75-100%
12.0,9.159859040821814,-2.8401409591781857,2.8401409591781857,50-75%
12.0,9.193495677121577,-2.806504322878423,2.806504322878423,50-75%
12.0,9.154722562503304,-2.845277437496696,2.845277437496696,50-75%
12.0,9.378536893613717,-2.621463106386283,2.621463106386283,50-75%
12.0,9.104488129540655,-2.8955118704593445,2.8955118704593445,50-75%
13.0,9.308923149894031,-3.6910768501059685,3.6910768501059685,50-75%
13.0,9.308923149894031,-3.6910768501059685,3.6910768501059685,50-75%
13.0,9.592416459750636,-3.407583540249364,3.407583540249364,50-75%
16.0,9.531265950194125,-6.4687340498058745,6.4687340498058745,75-100%
16.0,9.335486002589501,-6.6645139974104985,6.6645139974104985,75-100%
12.0,9.188399777110298,-2.8116002228897017,2.8116002228897017,50-75%
12.0,9.188399777110298,-2.8116002228897017,2.8116002228897017,50-75%
12.0,9.193495677121577,-2.806504322878423,2.806504322878423,50-75%
12.0,9.188399777110298,-2.8116002228897017,2.8116002228897017,50-75%
12.0,9.188399777110298,-2.8116002228897017,2.8116002228897017,50-75%
12.0,9.208896674176199,-2.7911033258238014,2.7911033258238014,50-75%
12.0,9.208896674176199,-2.7911033258238014,2.7911033258238014,50-75%
12.0,9.203793074947345,-2.7962069250526547,2.7962069250526547,50-75%
13.0,9.129802631737682,-3.8701973682623176,3.8701973682623176,50-75%
13.0,9.104488129540655,-3.8955118704593445,3.8955118704593445,50-75%
13.0,9.109542059725943,-3.8904579402740573,3.8904579402740573,50-75%
13.0,9.129802631737682,-3.8701973682623176,3.8701973682623176,50-75%
13.0,9.634822710817115,-3.365177289182885,3.365177289182885,50-75%
13.0,9.888203751978995,-3.1117962480210046,3.1117962480210046,50-75%
16.0,9.531265950194125,-6.4687340498058745,6.4687340498058745,75-100%
16.0,9.543722906378587,-6.456277093621413,6.456277093621413,75-100%
16.0,9.484272390796374,-6.515727609203626,6.515727609203626,75-100%
16.0,9.375656556604916,-6.624343443395084,6.624343443395084,75-100%
12.0,9.193495677121577,-2.806504322878423,2.806504322878423,50-75%
12.0,9.193495677121577,-2.806504322878423,2.806504322878423,50-75%
12.0,9.188399777110298,-2.8116002228897017,2.8116002228897017,50-75%
12.0,9.188399777110298,-2.8116002228897017,2.8116002228897017,50-75%
12.0,9.188399777110298,-2.8116002228897017,2.8116002228897017,50-75%
12.0,9.188399777110298,-2.8116002228897017,2.8116002228897017,50-75%
12.0,9.203793074947345,-2.7962069250526547,2.7962069250526547,50-75%
13.0,9.129802631737682,-3.8701973682623176,3.8701973682623176,50-75%
13.0,9.129802631737682,-3.8701973682623176,3.8701973682623176,50-75%
13.0,9.129802631737682,-3.8701973682623176,3.8701973682623176,50-75%
13.0,9.129802631737682,-3.8701973682623176,3.8701973682623176,50-75%
13.0,9.350194448561393,-3.6498055514386074,3.6498055514386074,50-75%
16.0,9.717327916668623,-6.282672083331377,6.282672083331377,75-100%
16.0,9.672815329536055,-6.327184670463945,6.327184670463945,75-100%
16.0,9.484272390796374,-6.515727609203626,6.515727609203626,75-100%
16.0,9.660985021702412,-6.3390149782975875,6.3390149782975875,75-100%
16.0,9.660985021702412,-6.3390149782975875,6.3390149782975875,75-100%
16.0,9.375656556604916,-6.624343443395084,6.624343443395084,75-100%
12.0,10.068937596798305,-1.931062403201695,1.931062403201695,50-75%
12.0,9.65553038240419,-2.3444696175958093,2.3444696175958093,50-75%
12.0,9.729637271601591,-2.2703627283984087,2.2703627283984087,50-75%
12.0,9.660985021702412,-2.3390149782975875,2.3390149782975875,50-75%
12.0,9.19310856135847,-2.8068914386415305,2.8068914386415305,50-75%
12.0,9.153644763013256,-2.846355236986744,2.846355236986744,50-75%
13.0,9.129802631737682,-3.8701973682623176,3.8701973682623176,50-75%
13.0,9.129802631737682,-3.8701973682623176,3.8701973682623176,50-75%
13.0,9.350194448561393,-3.6498055514386074,3.6498055514386074,50-75%
13.0,9.640141896789162,-3.359858103210838,3.359858103210838,50-75%
13.0,9.598947357198838,-3.4010526428011616,3.4010526428011616,50-75%
16.0,9.531265950194125,-6.4687340498058745,6.4687340498058745,75-100%
16.0,9.525021227404666,-6.474978772595334,6.474978772595334,75-100%
16.0,9.660985021702412,-6.3390149782975875,6.3390149782975875,75-100%
16.0,9.591514805328659,-6.408485194671341,6.408485194671341,75-100%
12.0,9.145368047689269,-2.854631952310731,2.854631952310731,50-75%
12.0,9.145368047689269,-2.854631952310731,2.854631952310731,50-75%
12.0,9.531265950194125,-2.4687340498058745,2.4687340498058745,50-75%
13.0,9.095630905383722,-3.9043690946162783,3.9043690946162783,50-75%
13.0,9.129802631737682,-3.8701973682623176,3.8701973682623176,50-75%
13.0,9.89364967075293,-3.1063503292470696,3.1063503292470696,50-75%
13.0,9.888203751978995,-3.1117962480210046,3.1117962480210046,50-75%
13.0,9.717116639623148,-3.282883360376852,3.282883360376852,50-75%
16.0,9.712821065754945,-6.2871789342450555,6.2871789342450555,75-100%
16.0,9.591514805328659,-6.408485194671341,6.408485194671341,75-100%
13.0,9.350194448561393,-3.6498055514386074,3.6498055514386074,50-75%
13.0,9.350194448561393,-3.6498055514386074,3.6498055514386074,50-75%
13.0,9.83965539014178,-3.1603446098582193,3.1603446098582193,50-75%
4.0,10.030288628377255,6.030288628377255,6.030288628377255,0-25%
4.0,10.067860899869451,6.067860899869451,6.067860899869451,0-25%
4.0,10.110877948511568,6.110877948511568,6.110877948511568,0-25%
4.0,10.089211571836607,6.089211571836607,6.089211571836607,0-25%
4.0,9.407464717204553,5.407464717204553,5.407464717204553,0-25%
4.0,10.110877948511568,6.110877948511568,6.110877948511568,0-25%
4.0,10.067860899869451,6.067860899869451,6.067860899869451,0-25%
4.0,10.033112762349653,6.033112762349653,6.033112762349653,0-25%
4.0,9.898895875675194,5.898895875675194,5.898895875675194,0-25%
4.0,10.031696820643447,6.031696820643447,6.031696820643447,0-25%
4.0,10.296729609577877,6.296729609577877,6.296729609577877,0-25%
4.0,10.110877948511568,6.110877948511568,6.110877948511568,0-25%
4.0,10.158456623004607,6.158456623004607,6.158456623004607,0-25%
4.0,10.052037034591901,6.052037034591901,6.052037034591901,0-25%
4.0,10.033112762349653,6.033112762349653,6.033112762349653,0-25%
4.0,9.501827002537548,5.5018270025375475,5.5018270025375475,0-25%
4.0,9.746187539130219,5.746187539130219,5.746187539130219,0-25%
4.0,9.74685927949837,5.74685927949837,5.74685927949837,0-25%
4.0,10.158456623004607,6.158456623004607,6.158456623004607,0-25%
4.0,10.158456623004607,6.158456623004607,6.158456623004607,0-25%
4.0,10.067860899869451,6.067860899869451,6.067860899869451,0-25%
4.0,10.067860899869451,6.067860899869451,6.067860899869451,0-25%
4.0,9.82193037730396,5.821930377303961,5.821930377303961,0-25%
4.0,10.838282215893852,6.838282215893852,6.838282215893852,0-25%
4.0,10.291786975027895,6.291786975027895,6.291786975027895,0-25%
4.0,10.384215639947495,6.384215639947495,6.384215639947495,0-25%
4.0,10.340140332829073,6.340140332829073,6.340140332829073,0-25%
4.0,10.089211571836607,6.089211571836607,6.089211571836607,0-25%
4.0,10.056973706967273,6.056973706967273,6.056973706967273,0-25%
4.0,10.63743899519551,6.6374389951955095,6.6374389951955095,0-25%
4.0,10.92477488598433,6.9247748859843306,6.9247748859843306,0-25%
4.0,11.007709093805545,7.007709093805545,7.007709093805545,0-25%
4.0,10.335674348925675,6.335674348925675,6.335674348925675,0-25%
4.0,9.800827452675374,5.8008274526753745,5.8008274526753745,0-25%
3.0,10.23430849892755,7.23430849892755,7.23430849892755,0-25%
3.0,10.46853601348711,7.46853601348711,7.46853601348711,0-25%
3.0,9.682030230472696,6.682030230472696,6.682030230472696,0-25%
3.0,10.23430849892755,7.23430849892755,7.23430849892755,0-25%
3.0,10.289474271432244,7.289474271432244,7.289474271432244,0-25%
3.0,10.289474271432244,7.289474271432244,7.289474271432244,0-25%
3.0,10.152947999174286,7.152947999174286,7.152947999174286,0-25%
3.0,9.174841675671232,6.174841675671232,6.174841675671232,0-25%
3.0,9.229578935417345,6.229578935417345,6.229578935417345,0-25%
3.0,10.23430849892755,7.23430849892755,7.23430849892755,0-25%
3.0,10.33508792299077,7.33508792299077,7.33508792299077,0-25%
3.0,10.156596060936916,7.156596060936916,7.156596060936916,0-25%
3.0,10.058085101173006,7.058085101173006,7.058085101173006,0-25%
3.0,10.228692279073268,7.228692279073268,7.228692279073268,0-25%
3.0,9.199840140981525,6.199840140981525,6.199840140981525,0-25%
3.0,9.239483485206385,6.239483485206385,6.239483485206385,0-25%
3.0,10.158526334249286,7.158526334249286,7.158526334249286,0-25%
3.0,10.404816741684385,7.404816741684385,7.404816741684385,0-25%
3.0,10.232365116331245,7.232365116331245,7.232365116331245,0-25%
3.0,10.226093246420351,7.226093246420351,7.226093246420351,0-25%
3.0,10.184240376717725,7.1842403767177245,7.1842403767177245,0-25%
3.0,10.158526334249286,7.158526334249286,7.158526334249286,0-25%
3.0,9.199840140981525,6.199840140981525,6.199840140981525,0-25%
3.0,10.169330315561485,7.169330315561485,7.169330315561485,0-25%
3.0,10.169330315561485,7.169330315561485,7.169330315561485,0-25%
3.0,10.158526334249286,7.158526334249286,7.158526334249286,0-25%
3.0,10.295120892425306,7.295120892425306,7.295120892425306,0-25%
3.0,10.116604726876544,7.1166047268765436,7.1166047268765436,0-25%
3.0,10.333550228867395,7.333550228867395,7.333550228867395,0-25%
3.0,10.058085101173006,7.058085101173006,7.058085101173006,0-25%
3.0,10.169330315561485,7.169330315561485,7.169330315561485,0-25%
3.0,10.245185854542632,7.2451858545426315,7.2451858545426315,0-25%
3.0,10.158526334249286,7.158526334249286,7.158526334249286,0-25%
3.0,10.108795951623769,7.108795951623769,7.108795951623769,0-25%
3.0,10.097543463540418,7.097543463540418,7.097543463540418,0-25%
3.0,10.232365116331245,7.232365116331245,7.232365116331245,0-25%
3.0,10.134979858577736,7.134979858577736,7.134979858577736,0-25%
3.0,9.385817423154098,6.385817423154098,6.385817423154098,0-25%
3.0,9.488361246034732,6.4883612460347315,6.4883612460347315,0-25%
20.0,9.789275645208328,-10.210724354791672,10.210724354791672,75-100%
20.0,9.10719375932759,-10.89280624067241,10.89280624067241,75-100%
20.0,9.605021511367067,-10.394978488632933,10.394978488632933,75-100%
20.0,9.62352919715166,-10.37647080284834,10.37647080284834,75-100%
20.0,9.611017572010944,-10.388982427989056,10.388982427989056,75-100%
20.0,9.117556359002599,-10.882443640997401,10.882443640997401,75-100%
20.0,9.084170308302255,-10.915829691697745,10.915829691697745,75-100%
20.0,9.117556359002599,-10.882443640997401,10.882443640997401,75-100%
20.0,9.079072095626207,-10.920927904373793,10.920927904373793,75-100%
20.0,9.327026425716191,-10.672973574283809,10.672973574283809,75-100%
20.0,9.11717212716744,-10.88282787283256,10.88282787283256,75-100%
20.0,9.11717212716744,-10.88282787283256,10.88282787283256,75-100%
20.0,9.11249842233425,-10.88750157766575,10.88750157766575,75-100%
20.0,9.11249842233425,-10.88750157766575,10.88750157766575,75-100%
20.0,9.117556359002599,-10.882443640997401,10.882443640997401,75-100%
20.0,9.11249842233425,-10.88750157766575,10.88750157766575,75-100%
20.0,9.11249842233425,-10.88750157766575,10.88750157766575,75-100%
20.0,9.482852501949964,-10.517147498050036,10.517147498050036,75-100%
14.0,9.757271657246122,-4.242728342753878,4.242728342753878,50-75%
14.0,9.952834639374103,-4.047165360625897,4.047165360625897,50-75%
20.0,9.117556359002599,-10.882443640997401,10.882443640997401,75-100%
20.0,9.117556359002599,-10.882443640997401,10.882443640997401,75-100%
20.0,9.11249842233425,-10.88750157766575,10.88750157766575,75-100%
20.0,9.11249842233425,-10.88750157766575,10.88750157766575,75-100%
11.5,9.396830855144778,-2.1031691448552223,2.1031691448552223,50-75%
11.5,9.396830855144778,-2.1031691448552223,2.1031691448552223,50-75%
3.0,9.477611947593049,6.477611947593049,6.477611947593049,0-25%
14.0,9.261749448760485,-4.738250551239515,4.738250551239515,50-75%
14.0,9.261749448760485,-4.738250551239515,4.738250551239515,50-75%
14.0,9.469366195944882,-4.5306338040551175,4.5306338040551175,50-75%
14.0,9.952834639374103,-4.047165360625897,4.047165360625897,50-75%
10.5,9.122472541510854,-1.377527458489146,1.377527458489146,50-75%
10.5,9.122472541510854,-1.377527458489146,1.377527458489146,50-75%
20.0,9.803921712197557,-10.196078287802443,10.196078287802443,75-100%
20.0,9.7860086298774,-10.2139913701226,10.2139913701226,75-100%
11.5,10.092636977328796,-1.4073630226712037,1.4073630226712037,50-75%
11.5,9.86285025635738,-1.6371497436426203,1.6371497436426203,50-75%
11.5,9.40163597022002,-2.0983640297799795,2.0983640297799795,50-75%
3.0,9.374024205770539,6.374024205770539,6.374024205770539,0-25%
3.0,9.261749448760485,6.261749448760485,6.261749448760485,0-25%
3.0,9.261749448760485,6.261749448760485,6.261749448760485,0-25%
14.0,9.762652088124252,-4.237347911875748,4.237347911875748,50-75%
14.0,9.734081984809752,-4.265918015190248,4.265918015190248,50-75%
14.0,9.952834639374103,-4.047165360625897,4.047165360625897,50-75%
12.25,9.610869091789922,-2.6391309082100776,2.6391309082100776,50-75%
10.5,9.213498381315205,-1.2865016186847953,1.2865016186847953,50-75%
10.5,9.213498381315205,-1.2865016186847953,1.2865016186847953,50-75%
10.5,9.122472541510854,-1.377527458489146,1.377527458489146,50-75%
10.5,9.507499570946393,-0.9925004290536066,0.9925004290536066,50-75%
10.5,9.507499570946393,-0.9925004290536066,0.9925004290536066,50-75%
20.0,8.9027472080282,-11.0972527919718,11.0972527919718,75-100%
11.5,9.252380024614776,-2.2476199753852235,2.2476199753852235,50-75%
11.5,9.252380024614776,-2.2476199753852235,2.2476199753852235,50-75%
3.0,9.760894308323447,6.760894308323447,6.760894308323447,0-25%
3.0,9.266882035847336,6.2668820358473365,6.2668820358473365,0-25%
3.0,9.261749448760485,6.261749448760485,6.261749448760485,0-25%
3.0,9.239627983771676,6.239627983771676,6.239627983771676,0-25%
3.0,9.261749448760485,6.261749448760485,6.261749448760485,0-25%
14.0,9.943457520845747,-4.056542479154253,4.056542479154253,50-75%
14.0,9.952834639374103,-4.047165360625897,4.047165360625897,50-75%
14.0,9.78073197733299,-4.219268022667009,4.219268022667009,50-75%
14.0,10.01051989063717,-3.9894801093628303,3.9894801093628303,50-75%
10.5,9.507499570946393,-0.9925004290536066,0.9925004290536066,50-75%
10.5,9.507499570946393,-0.9925004290536066,0.9925004290536066,50-75%
3.0,9.95284786516914,6.95284786516914,6.95284786516914,0-25%
3.0,9.757271657246122,6.757271657246122,6.757271657246122,0-25%
3.0,9.474602626050016,6.474602626050016,6.474602626050016,0-25%
3.0,9.469366195944882,6.4693661959448825,6.4693661959448825,0-25%
14.0,9.469366195944882,-4.5306338040551175,4.5306338040551175,50-75%
14.0,9.94014381891898,-4.05985618108102,4.05985618108102,50-75%
14.0,9.952834639374103,-4.047165360625897,4.047165360625897,50-75%
12.25,9.822737495341542,-2.427262504658458,2.427262504658458,50-75%
10.5,9.507499570946393,-0.9925004290536066,0.9925004290536066,50-75%
10.5,9.507499570946393,-0.9925004290536066,0.9925004290536066,50-75%
3.0,9.616176296955352,6.616176296955352,6.616176296955352,0-25%
3.0,10.01051989063717,7.01051989063717,7.01051989063717,0-25%
3.0,10.016026987891141,7.016026987891141,7.016026987891141,0-25%
3.0,9.757271657246122,6.757271657246122,6.757271657246122,0-25%
14.0,9.757271657246122,-4.242728342753878,4.242728342753878,50-75%
14.0,9.757271657246122,-4.242728342753878,4.242728342753878,50-75%
14.0,9.94014381891898,-4.05985618108102,4.05985618108102,50-75%
12.25,9.83530520559928,-2.41469479440072,2.41469479440072,50-75%
10.5,9.507499570946393,-0.9925004290536066,0.9925004290536066,50-75%
10.5,9.507499570946393,-0.9925004290536066,0.9925004290536066,50-75%
10.5,9.507499570946393,-0.9925004290536066,0.9925004290536066,50-75%
10.5,9.507499570946393,-0.9925004290536066,0.9925004290536066,50-75%
10.5,9.122472541510854,-1.377527458489146,1.377527458489146,50-75%
10.5,9.05217674326552,-1.4478232567344804,1.4478232567344804,50-75%
3.0,9.943457520845747,6.943457520845747,6.943457520845747,0-25%
14.0,9.94014381891898,-4.05985618108102,4.05985618108102,50-75%
10.5,9.122472541510854,-1.377527458489146,1.377527458489146,50-75%
10.5,9.122472541510854,-1.377527458489146,1.377527458489146,50-75%
10.5,9.122472541510854,-1.377527458489146,1.377527458489146,50-75%
3.0,9.616176296955352,6.616176296955352,6.616176296955352,0-25%
15.0,9.241116542347328,-5.758883457652672,5.758883457652672,50-75%
15.0,9.225962188121308,-5.774037811878692,5.774037811878692,50-75%
15.0,9.422470755899656,-5.577529244100344,5.577529244100344,50-75%
15.0,9.452912088234184,-5.547087911765816,5.547087911765816,50-75%
15.0,9.18866557732101,-5.811334422678989,5.811334422678989,50-75%
15.0,9.27102818608744,-5.72897181391256,5.72897181391256,50-75%
15.0,9.422470755899656,-5.577529244100344,5.577529244100344,50-75%
15.0,10.219158636743437,-4.780841363256563,4.780841363256563,50-75%
15.0,10.219158636743437,-4.780841363256563,4.780841363256563,50-75%
15.0,9.215783986570436,-5.784216013429564,5.784216013429564,50-75%
15.0,9.215783986570436,-5.784216013429564,5.784216013429564,50-75%
15.0,9.255829569925446,-5.744170430074554,5.744170430074554,50-75%
15.0,9.225962188121308,-5.774037811878692,5.774037811878692,50-75%
15.0,9.215783986570436,-5.784216013429564,5.784216013429564,50-75%
15.0,9.680658691517102,-5.3193413084828975,5.3193413084828975,50-75%
15.0,10.219158636743437,-4.780841363256563,4.780841363256563,50-75%
15.0,9.225962188121308,-5.774037811878692,5.774037811878692,50-75%
15.0,9.215783986570436,-5.784216013429564,5.784216013429564,50-75%
15.0,9.523722369335928,-5.476277630664072,5.476277630664072,50-75%
15.0,9.171244281159648,-5.828755718840352,5.828755718840352,50-75%
15.0,9.16112054195425,-5.838879458045749,5.838879458045749,50-75%
15.0,9.215783986570436,-5.784216013429564,5.784216013429564,50-75%
15.0,10.219158636743437,-4.780841363256563,4.780841363256563,50-75%
15.0,9.422470755899656,-5.577529244100344,5.577529244100344,50-75%
15.0,9.215783986570436,-5.784216013429564,5.784216013429564,50-75%
15.0,9.225675179723925,-5.774324820276075,5.774324820276075,50-75%
15.0,9.23586323607964,-5.7641367639203605,5.7641367639203605,50-75%
15.0,9.225675179723925,-5.774324820276075,5.774324820276075,50-75%
10.5,10.197935251422258,-0.3020647485777417,0.3020647485777417,50-75%
10.5,10.389436943106833,-0.11056305689316659,0.11056305689316659,50-75%
15.0,9.215783986570436,-5.784216013429564,5.784216013429564,50-75%
15.0,9.215783986570436,-5.784216013429564,5.784216013429564,50-75%
10.5,9.23586323607964,-1.2641367639203605,1.2641367639203605,50-75%
10.5,10.20877738949386,-0.2912226105061393,0.2912226105061393,50-75%
6.0,9.78851820622911,3.78851820622911,3.78851820622911,25-50%
6.0,9.778082580655033,3.778082580655033,3.778082580655033,25-50%
6.0,9.532065807876615,3.5320658078766147,3.5320658078766147,25-50%
6.0,9.376997151496212,3.3769971514962123,3.3769971514962123,25-50%
6.0,8.688221359590132,2.6882213595901323,2.6882213595901323,25-50%
6.0,9.78851820622911,3.78851820622911,3.78851820622911,25-50%
6.0,9.808965625668,3.808965625668,3.808965625668,25-50%
6.0,9.778082580655033,3.778082580655033,3.778082580655033,25-50%
6.0,9.730047727785596,3.730047727785596,3.730047727785596,25-50%
6.0,9.38003540691372,3.38003540691372,3.38003540691372,25-50%
6.0,9.55150700088347,3.55150700088347,3.55150700088347,25-50%
6.0,8.669216395427082,2.669216395427082,2.669216395427082,25-50%
6.0,8.693193602069075,2.6931936020690745,2.6931936020690745,25-50%
6.0,9.755338908984662,3.755338908984662,3.755338908984662,25-50%
6.0,9.835393771702224,3.8353937717022237,3.8353937717022237,25-50%
6.0,9.835393771702224,3.8353937717022237,3.8353937717022237,25-50%
6.0,9.034458717575927,3.0344587175759266,3.0344587175759266,25-50%
6.0,9.133533418729844,3.1335334187298436,3.1335334187298436,25-50%
6.0,9.09045565049439,3.0904556504943894,3.0904556504943894,25-50%
6.0,9.225973604354357,3.2259736043543565,3.2259736043543565,25-50%
6.0,9.299658589186757,3.299658589186757,3.299658589186757,25-50%
6.0,9.322098986796673,3.3220989867966733,3.3220989867966733,25-50%
6.0,8.750892308421879,2.7508923084218786,2.7508923084218786,25-50%
6.0,8.954754653134758,2.954754653134758,2.954754653134758,25-50%
6.0,8.981124251825984,2.9811242518259835,2.9811242518259835,25-50%
6.0,8.750618633639691,2.750618633639691,2.750618633639691,25-50%
6.0,9.322098986796673,3.3220989867966733,3.3220989867966733,25-50%
6.0,9.322098986796673,3.3220989867966733,3.3220989867966733,25-50%
6.0,9.332093116954677,3.3320931169546775,3.3320931169546775,25-50%
6.0,9.113238502869796,3.1132385028697964,3.1132385028697964,25-50%
6.0,8.88354352920723,2.8835435292072304,2.8835435292072304,25-50%
6.0,8.750892308421879,2.7508923084218786,2.7508923084218786,25-50%
6.0,9.322098986796673,3.3220989867966733,3.3220989867966733,25-50%
6.0,8.741186957923786,2.7411869579237855,2.7411869579237855,25-50%
10.5,9.431327675041528,-1.068672324958472,1.068672324958472,50-75%
10.5,9.456915032392144,-1.0430849676078555,1.0430849676078555,50-75%
10.5,9.54343380567229,-0.95656619432771,0.95656619432771,50-75%
10.5,9.54343380567229,-0.95656619432771,0.95656619432771,50-75%
10.5,9.456915032392144,-1.0430849676078555,1.0430849676078555,50-75%
10.5,9.456915032392144,-1.0430849676078555,1.0430849676078555,50-75%
10.5,9.456915032392144,-1.0430849676078555,1.0430849676078555,50-75%
10.5,9.456915032392144,-1.0430849676078555,1.0430849676078555,50-75%
10.5,9.538162965702265,-0.9618370342977354,0.9618370342977354,50-75%
10.5,9.949251582742331,-0.5507484172576689,0.5507484172576689,50-75%
10.5,9.952568043354455,-0.5474319566455446,0.5474319566455446,50-75%
10.5,9.72568288502443,-0.7743171149755703,0.7743171149755703,50-75%
10.5,9.461747916639544,-1.0382520833604563,1.0382520833604563,50-75%
10.5,9.433976581435049,-1.066023418564951,1.066023418564951,50-75%
10.5,9.461747916639544,-1.0382520833604563,1.0382520833604563,50-75%
10.5,9.461747916639544,-1.0382520833604563,1.0382520833604563,50-75%
10.5,9.687117061417219,-0.8128829385827814,0.8128829385827814,50-75%
10.5,9.761853055815342,-0.738146944184658,0.738146944184658,50-75%
10.5,9.761853055815342,-0.738146944184658,0.738146944184658,50-75%
10.5,9.912147794260001,-0.5878522057399991,0.5878522057399991,50-75%
10.5,9.466980536333775,-1.0330194636662249,1.0330194636662249,50-75%
10.5,9.461747916639544,-1.0382520833604563,1.0382520833604563,50-75%
10.5,9.439195310827518,-1.0608046891724818,1.0608046891724818,50-75%
10.5,9.96196620522026,-0.5380337947797393,0.5380337947797393,50-75%
10.5,9.766227178422033,-0.7337728215779666,0.7337728215779666,50-75%
10.5,9.535263111101763,-0.964736888898237,0.964736888898237,50-75%
10.5,9.912147794260001,-0.5878522057399991,0.5878522057399991,50-75%
10.5,10.019686243145522,-0.4803137568544784,0.4803137568544784,50-75%
10.5,10.025197925105322,-0.4748020748946775,0.4748020748946775,50-75%
2.0,8.942954057373404,6.942954057373404,6.942954057373404,0-25%
2.0,8.942954057373404,6.942954057373404,6.942954057373404,0-25%
2.0,9.254667819381321,7.254667819381321,7.254667819381321,0-25%
2.0,9.023174607305506,7.023174607305506,7.023174607305506,0-25%
2.0,9.235218745881255,7.235218745881255,7.235218745881255,0-25%
2.0,8.952860432698102,6.9528604326981025,6.9528604326981025,0-25%
2.0,8.727010493407324,6.727010493407324,6.727010493407324,0-25%
2.0,8.781827174172378,6.781827174172378,6.781827174172378,0-25%
2.0,9.254667819381321,7.254667819381321,7.254667819381321,0-25%
2.0,9.29240341618336,7.29240341618336,7.29240341618336,0-25%
2.0,9.339481273246603,7.339481273246603,7.339481273246603,0-25%
2.0,9.3972484634147,7.3972484634147,7.3972484634147,0-25%
2.0,8.513581995899713,6.513581995899713,6.513581995899713,0-25%
2.0,8.541368700032708,6.541368700032708,6.541368700032708,0-25%
2.0,9.3972484634147,7.3972484634147,7.3972484634147,0-25%
2.0,9.334592974506208,7.334592974506208,7.334592974506208,0-25%
2.0,9.535547397028106,7.535547397028106,7.535547397028106,0-25%
2.0,9.55551536227851,7.555515362278509,7.555515362278509,0-25%
2.0,8.513581995899713,6.513581995899713,6.513581995899713,0-25%
2.0,9.713099258750841,7.713099258750841,7.713099258750841,0-25%
2.0,9.713099258750841,7.713099258750841,7.713099258750841,0-25%
2.0,9.609183183592373,7.609183183592373,7.609183183592373,0-25%
2.0,9.530280499606464,7.530280499606464,7.530280499606464,0-25%
2.0,9.713099258750841,7.713099258750841,7.713099258750841,0-25%
2.0,8.612578494177917,6.612578494177917,6.612578494177917,0-25%
2.0,8.701189562612347,6.701189562612347,6.701189562612347,0-25%
2.0,9.713099258750841,7.713099258750841,7.713099258750841,0-25%
2.0,9.392050703957077,7.392050703957077,7.392050703957077,0-25%
2.0,9.392050703957077,7.392050703957077,7.392050703957077,0-25%
2.0,8.612578494177917,6.612578494177917,6.612578494177917,0-25%
2.5,10.28262249615238,7.7826224961523796,7.7826224961523796,0-25%
2.0,9.387137551447413,7.387137551447413,7.387137551447413,0-25%
9.0,9.410123632128622,0.4101236321286219,0.4101236321286219,50-75%
6.0,9.420495458376767,3.4204954583767666,3.4204954583767666,25-50%
6.0,9.410123632128622,3.410123632128622,3.410123632128622,25-50%
6.0,10.364739120405364,4.364739120405364,4.364739120405364,25-50%
3.0,10.40377812634381,7.403778126343809,7.403778126343809,0-25%
3.0,10.175970152407348,7.1759701524073485,7.1759701524073485,0-25%
3.0,10.11952196710575,7.119521967105751,7.119521967105751,0-25%
9.0,9.389402084510637,0.3894020845106372,0.3894020845106372,50-75%
6.0,9.389402084510637,3.389402084510637,3.389402084510637,25-50%
6.0,9.420495458376767,3.4204954583767666,3.4204954583767666,25-50%
6.0,10.387405966960522,4.387405966960522,4.387405966960522,25-50%
6.0,10.387405966960522,4.387405966960522,4.387405966960522,25-50%
6.0,10.364739120405364,4.364739120405364,4.364739120405364,25-50%
3.0,10.238410847065559,7.238410847065559,7.238410847065559,0-25%
3.0,10.084295086330911,7.084295086330911,7.084295086330911,0-25%
3.0,10.34636401710211,7.346364017102109,7.346364017102109,0-25%
9.0,9.45717856715219,0.45717856715219085,0.45717856715219085,50-75%
9.0,9.39975326544283,0.39975326544283085,0.39975326544283085,50-75%
6.0,9.39975326544283,3.399753265442831,3.399753265442831,25-50%
6.0,9.420495458376767,3.4204954583767666,3.4204954583767666,25-50%
6.0,10.387405966960522,4.387405966960522,4.387405966960522,25-50%
6.0,10.408988455090626,4.4089884550906255,4.4089884550906255,25-50%
6.0,10.364739120405364,4.364739120405364,4.364739120405364,25-50%
6.0,10.314089705960534,4.314089705960534,4.314089705960534,25-50%
3.0,9.905431827222355,6.905431827222355,6.905431827222355,0-25%
3.0,10.074228565271762,7.074228565271762,7.074228565271762,0-25%
9.0,9.389402084510637,0.3894020845106372,0.3894020845106372,50-75%
9.0,9.389402084510637,0.3894020845106372,0.3894020845106372,50-75%
6.0,9.389402084510637,3.389402084510637,3.389402084510637,25-50%
6.0,9.41516516917848,3.4151651691784792,3.4151651691784792,25-50%
6.0,10.340757499069687,4.340757499069687,4.340757499069687,25-50%
6.0,10.23751575347263,4.23751575347263,4.23751575347263,25-50%
6.0,10.23751575347263,4.23751575347263,4.23751575347263,25-50%
6.0,9.615633513178071,3.6156335131780715,3.6156335131780715,25-50%
3.0,9.804896757563418,6.804896757563418,6.804896757563418,0-25%
3.0,9.758965015978589,6.758965015978589,6.758965015978589,0-25%
9.0,9.95050057636413,0.9505005763641297,0.9505005763641297,50-75%
9.0,9.977043977025701,0.9770439770257013,0.9770439770257013,50-75%
6.0,9.8713571237682,3.8713571237682007,3.8713571237682007,25-50%
6.0,9.895043110473903,3.895043110473903,3.895043110473903,25-50%
6.0,9.305078048113558,3.3050780481135575,3.3050780481135575,25-50%
6.0,9.531313156551741,3.5313131565517413,3.5313131565517413,25-50%
3.0,9.55921002707305,6.55921002707305,6.55921002707305,0-25%
9.0,10.22330390352881,1.2233039035288105,1.2233039035288105,50-75%
9.0,9.895043110473903,0.8950431104739032,0.8950431104739032,50-75%
9.0,9.895043110473903,0.8950431104739032,0.8950431104739032,50-75%
6.0,9.780483824345374,3.7804838243453744,3.7804838243453744,25-50%
6.0,9.801985380170626,3.801985380170626,3.801985380170626,25-50%
6.0,9.783257269981924,3.783257269981924,3.783257269981924,25-50%
3.0,9.455977633734548,6.455977633734548,6.455977633734548,0-25%
32.0,9.284336740246149,-22.715663259753853,22.715663259753853,75-100%
32.0,9.34367219202225,-22.65632780797775,22.65632780797775,75-100%
32.0,8.965465717476569,-23.03453428252343,23.03453428252343,75-100%
32.0,8.862834960251629,-23.13716503974837,23.13716503974837,75-100%
32.0,8.862834960251629,-23.13716503974837,23.13716503974837,75-100%
32.0,9.084098628094013,-22.91590137190599,22.91590137190599,75-100%
32.0,8.982841135646078,-23.017158864353924,23.017158864353924,75-100%
32.0,8.910452874271824,-23.089547125728174,23.089547125728174,75-100%
32.0,8.965465717476569,-23.03453428252343,23.03453428252343,75-100%
32.0,8.970450113257366,-23.029549886742636,23.029549886742636,75-100%
32.0,8.910452874271824,-23.089547125728174,23.089547125728174,75-100%
32.0,9.028430889885287,-22.971569110114714,22.971569110114714,75-100%
32.0,9.227563617885819,-22.77243638211418,22.77243638211418,75-100%
5.0,8.910829255284945,3.910829255284945,3.910829255284945,0-25%
5.0,8.910829255284945,3.910829255284945,3.910829255284945,0-25%
5.0,8.905874664974267,3.9058746649742666,3.9058746649742666,0-25%
5.0,8.905874664974267,3.9058746649742666,3.9058746649742666,0-25%
5.0,8.905874664974267,3.9058746649742666,3.9058746649742666,0-25%
5.0,8.905874664974267,3.9058746649742666,3.9058746649742666,0-25%
22.0,8.910452874271824,-13.089547125728176,13.089547125728176,75-100%
22.0,8.910452874271824,-13.089547125728176,13.089547125728176,75-100%
32.0,8.910452874271824,-23.089547125728174,23.089547125728174,75-100%
32.0,8.910452874271824,-23.089547125728174,23.089547125728174,75-100%
32.0,8.808388674588224,-23.191611325411777,23.191611325411777,75-100%
5.0,9.459596091934717,4.459596091934717,4.459596091934717,0-25%
5.0,9.272358741343393,4.2723587413433926,4.2723587413433926,0-25%
5.0,9.2188074301537,4.218807430153699,4.218807430153699,0-25%
5.0,8.990665046978682,3.990665046978682,3.990665046978682,0-25%
5.0,8.910452874271824,3.910452874271824,3.910452874271824,0-25%
8.5,8.88414498471142,0.3841449847114191,0.3841449847114191,50-75%
22.0,8.910452874271824,-13.089547125728176,13.089547125728176,75-100%
22.0,8.910452874271824,-13.089547125728176,13.089547125728176,75-100%
22.0,8.808388674588224,-13.191611325411776,13.191611325411776,75-100%
22.0,9.03344677875919,-12.96655322124081,12.96655322124081,75-100%
5.0,9.650853131261377,4.650853131261377,4.650853131261377,0-25%
5.0,9.162213881774633,4.162213881774633,4.162213881774633,0-25%
5.0,9.066992327160554,4.066992327160554,4.066992327160554,0-25%
5.0,9.162213881774633,4.162213881774633,4.162213881774633,0-25%
5.0,9.162213881774633,4.162213881774633,4.162213881774633,0-25%
5.0,9.275668523577473,4.2756685235774725,4.2756685235774725,0-25%
8.5,8.915409754451108,0.41540975445110817,0.41540975445110817,50-75%
12.0,8.910452874271824,-3.089547125728176,3.089547125728176,50-75%
22.0,8.889088706555967,-13.110911293444033,13.110911293444033,75-100%
22.0,8.910452874271824,-13.089547125728176,13.089547125728176,75-100%
22.0,9.2188074301537,-12.7811925698463,12.7811925698463,75-100%
5.0,9.162213881774633,4.162213881774633,4.162213881774633,0-25%
8.5,9.284287334121359,0.784287334121359,0.784287334121359,50-75%
8.5,9.028430889885287,0.5284308898852874,0.5284308898852874,50-75%
12.0,8.81329450563637,-3.186705494363631,3.186705494363631,50-75%
12.0,8.808388674588224,-3.1916113254117757,3.1916113254117757,50-75%
12.0,8.808388674588224,-3.1916113254117757,3.1916113254117757,50-75%
12.0,9.272358741343393,-2.7276412586566074,2.7276412586566074,50-75%
5.0,9.275668523577473,4.2756685235774725,4.2756685235774725,0-25%
12.0,9.281429087102879,-2.718570912897121,2.718570912897121,50-75%
12.0,9.286571517292813,-2.7134284827071866,2.7134284827071866,50-75%
12.0,9.028430889885287,-2.9715691101147126,2.9715691101147126,50-75%
12.0,9.028430889885287,-2.9715691101147126,2.9715691101147126,50-75%
12.0,9.028430889885287,-2.9715691101147126,2.9715691101147126,50-75%
12.0,9.272358741343393,-2.7276412586566074,2.7276412586566074,50-75%
12.0,9.2188074301537,-2.7811925698463007,2.7811925698463007,50-75%
12.0,9.286571517292813,-2.7134284827071866,2.7134284827071866,50-75%
12.0,9.232679106352697,-2.7673208936473035,2.7673208936473035,50-75%
12.0,9.232679106352697,-2.7673208936473035,2.7673208936473035,50-75%
4.0,9.705613638366522,5.705613638366522,5.705613638366522,0-25%
4.0,9.705613638366522,5.705613638366522,5.705613638366522,0-25%
4.0,10.009964919165338,6.009964919165338,6.009964919165338,0-25%
4.0,10.036349302066586,6.036349302066586,6.036349302066586,0-25%
4.0,9.987163427772769,5.987163427772769,5.987163427772769,0-25%
4.0,9.689592524118432,5.6895925241184315,5.6895925241184315,0-25%
4.0,9.59253354208676,5.592533542086761,5.592533542086761,0-25%
4.0,9.876503673274579,5.876503673274579,5.876503673274579,0-25%
4.0,10.030832045345802,6.030832045345802,6.030832045345802,0-25%
4.0,10.036349302066586,6.036349302066586,6.036349302066586,0-25%
4.0,9.853440106708977,5.853440106708977,5.853440106708977,0-25%
4.0,9.86857447141195,5.86857447141195,5.86857447141195,0-25%
4.0,9.651458012070268,5.651458012070268,5.651458012070268,0-25%
4.0,9.586804730344667,5.586804730344667,5.586804730344667,0-25%
4.0,9.987163427772769,5.987163427772769,5.987163427772769,0-25%
4.0,9.97529559163181,5.975295591631809,5.975295591631809,0-25%
4.0,10.036349302066586,6.036349302066586,6.036349302066586,0-25%
4.0,9.931843163392369,5.931843163392369,5.931843163392369,0-25%
4.0,9.373986113640159,5.373986113640159,5.373986113640159,0-25%
4.0,10.015471738840965,6.015471738840965,6.015471738840965,0-25%
4.0,9.710968231615116,5.710968231615116,5.710968231615116,0-25%
4.0,9.553265509043104,5.553265509043104,5.553265509043104,0-25%
4.0,9.813854928898081,5.813854928898081,5.813854928898081,0-25%
4.0,9.876503673274579,5.876503673274579,5.876503673274579,0-25%
4.0,10.036349302066586,6.036349302066586,6.036349302066586,0-25%
4.0,9.47150283148112,5.47150283148112,5.47150283148112,0-25%
4.0,9.47150283148112,5.47150283148112,5.47150283148112,0-25%
4.0,10.015471738840965,6.015471738840965,6.015471738840965,0-25%
4.0,9.966378909916797,5.966378909916797,5.966378909916797,0-25%
4.0,9.478362123181729,5.4783621231817285,5.4783621231817285,0-25%
4.0,9.651458012070268,5.651458012070268,5.651458012070268,0-25%
4.0,9.97529559163181,5.975295591631809,5.975295591631809,0-25%
4.0,8.93357235363353,4.933572353633529,4.933572353633529,0-25%
4.0,9.481935811123156,5.481935811123156,5.481935811123156,0-25%
4.0,9.207641976295875,5.207641976295875,5.207641976295875,0-25%
4.0,9.308426593259451,5.308426593259451,5.308426593259451,0-25%
4.0,9.264605352108179,5.264605352108179,5.264605352108179,0-25%
4.0,9.229610182013731,5.229610182013731,5.229610182013731,0-25%
4.0,9.308426593259451,5.308426593259451,5.308426593259451,0-25%
2.0,9.132095016052187,7.132095016052187,7.132095016052187,0-25%
2.0,9.474953581925268,7.474953581925268,7.474953581925268,0-25%
2.0,9.751621169245867,7.751621169245867,7.751621169245867,0-25%
2.0,9.607672456747954,7.607672456747954,7.607672456747954,0-25%
2.0,9.429825647276155,7.4298256472761555,7.4298256472761555,0-25%
2.0,9.45758593424961,7.457585934249609,7.457585934249609,0-25%
2.0,9.416337886827383,7.4163378868273835,7.4163378868273835,0-25%
2.0,9.905927664325842,7.9059276643258425,7.9059276643258425,0-25%
2.0,9.900475607576322,7.900475607576322,7.900475607576322,0-25%
2.0,9.900475607576322,7.900475607576322,7.900475607576322,0-25%
2.0,9.905927664325842,7.9059276643258425,7.9059276643258425,0-25%
2.0,9.905880288617672,7.905880288617672,7.905880288617672,0-25%
2.0,9.816819772316874,7.816819772316874,7.816819772316874,0-25%
2.0,9.740888921066501,7.740888921066501,7.740888921066501,0-25%
2.0,9.467012524611771,7.467012524611771,7.467012524611771,0-25%
2.0,9.549114408566927,7.549114408566927,7.549114408566927,0-25%
2.0,9.76615782708269,7.76615782708269,7.76615782708269,0-25%
2.0,9.905927664325842,7.9059276643258425,7.9059276643258425,0-25%
2.0,9.751621169245867,7.751621169245867,7.751621169245867,0-25%
2.0,9.463560016934187,7.463560016934187,7.463560016934187,0-25%
2.0,9.522122608098828,7.522122608098828,7.522122608098828,0-25%
2.0,9.518710880296819,7.518710880296819,7.518710880296819,0-25%
2.0,9.518710880296819,7.518710880296819,7.518710880296819,0-25%
2.0,9.549114408566927,7.549114408566927,7.549114408566927,0-25%
2.0,9.900475607576322,7.900475607576322,7.900475607576322,0-25%
2.0,10.296222223510508,8.296222223510508,8.296222223510508,0-25%
2.0,9.341829616975708,7.3418296169757085,7.3418296169757085,0-25%
2.5,9.595838732205035,7.095838732205035,7.095838732205035,0-25%
2.5,9.55534425831415,7.05534425831415,7.05534425831415,0-25%
2.5,9.550067464108437,7.050067464108437,7.050067464108437,0-25%
2.5,9.55534425831415,7.05534425831415,7.05534425831415,0-25%
2.0,9.518710880296819,7.518710880296819,7.518710880296819,0-25%
3.0,9.699017731001,6.699017731001,6.699017731001,0-25%
3.0,9.758793669033576,6.758793669033576,6.758793669033576,0-25%
3.0,9.576185398352674,6.576185398352674,6.576185398352674,0-25%
3.0,9.595838732205035,6.595838732205035,6.595838732205035,0-25%
2.5,9.55534425831415,7.05534425831415,7.05534425831415,0-25%
3.0,9.51742403323675,6.51742403323675,6.51742403323675,0-25%
3.0,9.700604213984258,6.700604213984258,6.700604213984258,0-25%
3.0,9.901901693875885,6.901901693875885,6.901901693875885,0-25%
3.0,9.92256400841761,6.922564008417609,6.922564008417609,0-25%
3.0,9.595838732205035,6.595838732205035,6.595838732205035,0-25%
3.0,9.548763931465563,6.5487639314655635,6.5487639314655635,0-25%
3.0,9.968550644114869,6.968550644114869,6.968550644114869,0-25%
3.0,9.978098029578511,6.978098029578511,6.978098029578511,0-25%
3.0,9.896451649776736,6.896451649776736,6.896451649776736,0-25%
3.0,10.085627595257328,7.085627595257328,7.085627595257328,0-25%
3.0,9.575794486865803,6.575794486865803,6.575794486865803,0-25%
3.0,9.7043239083277,6.7043239083277,6.7043239083277,0-25%
3.0,9.935721406654704,6.935721406654704,6.935721406654704,0-25%
3.0,9.753415167044075,6.753415167044075,6.753415167044075,0-25%
3.0,10.059125403711146,7.059125403711146,7.059125403711146,0-25%
3.0,10.085627595257328,7.085627595257328,7.085627595257328,0-25%
3.0,10.036222101606787,7.036222101606787,7.036222101606787,0-25%
3.0,9.51742403323675,6.51742403323675,6.51742403323675,0-25%
3.0,9.925068241342522,6.925068241342522,6.925068241342522,0-25%
3.0,10.080085703488589,7.080085703488589,7.080085703488589,0-25%
3.0,10.085627595257328,7.085627595257328,7.085627595257328,0-25%
3.0,9.901901693875885,6.901901693875885,6.901901693875885,0-25%
3.0,9.677706116849734,6.677706116849734,6.677706116849734,0-25%
3.0,9.50661920215928,6.50661920215928,6.50661920215928,0-25%
3.0,8.942999211559314,5.942999211559314,5.942999211559314,0-25%
3.0,8.978437891953519,5.978437891953519,5.978437891953519,0-25%
3.0,9.848085498539877,6.848085498539877,6.848085498539877,0-25%
3.0,9.848038374099975,6.848038374099975,6.848038374099975,0-25%
3.0,9.759450211303383,6.759450211303383,6.759450211303383,0-25%
3.0,9.625006977187997,6.625006977187997,6.625006977187997,0-25%
3.0,9.232782231039543,6.232782231039543,6.232782231039543,0-25%
3.0,8.978437891953519,5.978437891953519,5.978437891953519,0-25%
3.0,9.021167264970694,6.021167264970694,6.021167264970694,0-25%
3.0,8.974099103778501,5.974099103778501,5.974099103778501,0-25%
3.0,9.848085498539877,6.848085498539877,6.848085498539877,0-25%
3.0,9.69459740443825,6.69459740443825,6.69459740443825,0-25%
3.0,9.249646302239423,6.249646302239423,6.249646302239423,0-25%
3.0,9.021167264970694,6.021167264970694,6.021167264970694,0-25%
3.0,9.021167264970694,6.021167264970694,6.021167264970694,0-25%
3.0,8.988379620572749,5.988379620572749,5.988379620572749,0-25%
3.0,9.848085498539877,6.848085498539877,6.848085498539877,0-25%
3.0,9.842662358062324,6.842662358062324,6.842662358062324,0-25%
3.0,9.942689257835784,6.942689257835784,6.942689257835784,0-25%
3.0,8.849457973220376,5.849457973220376,5.849457973220376,0-25%
3.0,8.917962857485948,5.917962857485948,5.917962857485948,0-25%
3.0,8.927844333549874,5.927844333549874,5.927844333549874,0-25%
3.0,8.978437891953519,5.978437891953519,5.978437891953519,0-25%
3.0,9.540051771863208,6.540051771863208,6.540051771863208,0-25%
3.0,9.540051771863208,6.540051771863208,6.540051771863208,0-25%
3.0,9.846015683776274,6.846015683776274,6.846015683776274,0-25%
3.0,9.584673259470197,6.584673259470197,6.584673259470197,0-25%
3.0,9.529493806938248,6.529493806938248,6.529493806938248,0-25%
3.0,9.706302159315323,6.706302159315323,6.706302159315323,0-25%
3.0,9.135865894748086,6.135865894748086,6.135865894748086,0-25%
6.0,9.693634854186888,3.6936348541868878,3.6936348541868878,25-50%
6.0,9.648038138703328,3.6480381387033276,3.6480381387033276,25-50%
6.0,9.727857435575435,3.7278574355754355,3.7278574355754355,25-50%
6.0,10.46406729670121,4.464067296701209,4.464067296701209,25-50%
6.0,10.292121943580526,4.292121943580526,4.292121943580526,25-50%
6.0,10.383120149487583,4.383120149487583,4.383120149487583,25-50%
6.0,9.727857435575435,3.7278574355754355,3.7278574355754355,25-50%
6.0,9.727857435575435,3.7278574355754355,3.7278574355754355,25-50%
6.0,9.000298080538592,3.0002980805385917,3.0002980805385917,25-50%
6.0,10.170599718885308,4.170599718885308,4.170599718885308,25-50%
6.0,10.333925869002499,4.333925869002499,4.333925869002499,25-50%
6.0,10.453666997975033,4.4536669979750325,4.4536669979750325,25-50%
8.5,9.651995650179737,1.151995650179737,1.151995650179737,50-75%
8.5,8.924617248863207,0.42461724886320695,0.42461724886320695,50-75%
8.5,8.929581213593377,0.42958121359337653,0.42958121359337653,50-75%
6.0,10.180879660034261,4.180879660034261,4.180879660034261,25-50%
8.5,10.419428159174258,1.9194281591742577,1.9194281591742577,50-75%
8.5,10.431548367646169,1.9315483676461689,1.9315483676461689,50-75%
8.5,9.100975172460712,0.6009751724607124,0.6009751724607124,50-75%
11.0,8.90066394354325,-2.0993360564567496,2.0993360564567496,50-75%
11.0,8.90066394354325,-2.0993360564567496,2.0993360564567496,50-75%
8.5,10.089382941104319,1.5893829411043185,1.5893829411043185,50-75%
8.5,9.347628543339951,0.8476285433399511,0.8476285433399511,50-75%
8.5,9.631716146985905,1.1317161469859052,1.1317161469859052,50-75%
11.0,9.100975172460712,-1.8990248275392876,1.8990248275392876,50-75%
11.0,8.910528184333513,-2.089471815666487,2.089471815666487,50-75%
11.0,8.90066394354325,-2.0993360564567496,2.0993360564567496,50-75%
11.0,8.90066394354325,-2.0993360564567496,2.0993360564567496,50-75%
8.5,9.347628543339951,0.8476285433399511,0.8476285433399511,50-75%
8.5,9.631716146985905,1.1317161469859052,1.1317161469859052,50-75%
11.0,9.100975172460712,-1.8990248275392876,1.8990248275392876,50-75%
11.0,8.910528184333513,-2.089471815666487,2.089471815666487,50-75%
11.0,8.90066394354325,-2.0993360564567496,2.0993360564567496,50-75%
11.0,9.062922232560929,-1.937077767439071,1.937077767439071,50-75%
11.0,9.579020137625548,-1.4209798623744518,1.4209798623744518,50-75%
11.0,9.100975172460712,-1.8990248275392876,1.8990248275392876,50-75%
11.0,9.570508468182307,-1.4294915318176926,1.4294915318176926,50-75%
11.0,9.100975172460712,-1.8990248275392876,1.8990248275392876,50-75%
11.0,9.579020137625548,-1.4209798623744518,1.4209798623744518,50-75%
11.0,9.553903894753914,-1.4460961052460863,1.4460961052460863,50-75%
11.0,9.631716146985905,-1.3682838530140948,1.3682838530140948,50-75%
6.0,8.88566803822592,2.885668038225919,2.885668038225919,25-50%
6.0,8.88566803822592,2.885668038225919,2.885668038225919,25-50%
6.0,8.895239604357887,2.8952396043578865,2.8952396043578865,25-50%
8.0,9.320976548565305,1.320976548565305,1.320976548565305,25-50%
7.0,9.401616203578802,2.4016162035788025,2.4016162035788025,25-50%
7.0,8.924090301272718,1.9240903012727184,1.9240903012727184,25-50%
6.0,8.924090301272718,2.9240903012727184,2.9240903012727184,25-50%
6.0,8.924090301272718,2.9240903012727184,2.9240903012727184,25-50%
6.0,8.900318093883872,2.9003180938838717,2.9003180938838717,25-50%
6.0,9.780156132199386,3.7801561321993855,3.7801561321993855,25-50%
7.0,10.340016369473075,3.3400163694730747,3.3400163694730747,25-50%
7.0,9.724572630343005,2.7245726303430047,2.7245726303430047,25-50%
7.0,9.844182691199752,2.8441826911997516,2.8441826911997516,25-50%
6.0,9.723749059160703,3.7237490591607028,3.7237490591607028,25-50%
6.0,9.799633048908587,3.7996330489085874,3.7996330489085874,25-50%
6.0,9.019798708272017,3.019798708272017,3.019798708272017,25-50%
7.0,10.376177199733421,3.376177199733421,3.376177199733421,25-50%
9.0,10.387294264007753,1.3872942640077532,1.3872942640077532,50-75%
9.0,10.292314723284331,1.2923147232843313,1.2923147232843313,50-75%
9.0,9.799633048908587,0.7996330489085874,0.7996330489085874,50-75%
9.5,9.799633048908587,0.29963304890858744,0.29963304890858744,50-75%
9.5,9.799633048908587,0.29963304890858744,0.29963304890858744,50-75%
6.0,9.810089540217916,3.8100895402179162,3.8100895402179162,25-50%
7.0,10.058824740547905,3.058824740547905,3.058824740547905,25-50%
9.0,10.395469815216828,1.3954698152168277,1.3954698152168277,50-75%
9.0,9.799633048908587,0.7996330489085874,0.7996330489085874,50-75%
9.0,9.757821020882112,0.7578210208821119,0.7578210208821119,50-75%
9.5,9.799633048908587,0.29963304890858744,0.29963304890858744,50-75%
9.5,9.799633048908587,0.29963304890858744,0.29963304890858744,50-75%
8.0,10.058824740547905,2.058824740547905,2.058824740547905,25-50%
9.0,10.645901258798476,1.6459012587984763,1.6459012587984763,50-75%
9.0,10.443685919794692,1.4436859197946923,1.4436859197946923,50-75%
9.0,9.799633048908587,0.7996330489085874,0.7996330489085874,50-75%
9.5,9.799633048908587,0.29963304890858744,0.29963304890858744,50-75%
13.0,9.741845497427448,-3.258154502572552,3.258154502572552,50-75%
8.0,9.846776101750015,1.8467761017500148,1.8467761017500148,25-50%
10.5,9.846776101750015,-0.6532238982499852,0.6532238982499852,50-75%
10.5,10.645901258798476,0.14590125879847626,0.14590125879847626,50-75%
9.0,10.217151248356386,1.2171512483563856,1.2171512483563856,50-75%
13.0,9.799633048908587,-3.2003669510914126,3.2003669510914126,50-75%
13.0,9.799633048908587,-3.2003669510914126,3.2003669510914126,50-75%
13.0,9.768237028676335,-3.231762971323665,3.231762971323665,50-75%
8.0,9.846776101750015,1.8467761017500148,1.8467761017500148,25-50%
10.5,9.770535733867519,-0.7294642661324815,0.7294642661324815,50-75%
10.5,9.846776101750015,-0.6532238982499852,0.6532238982499852,50-75%
13.0,9.810038146883356,-3.1899618531166443,3.1899618531166443,50-75%
13.0,9.845878919654304,-3.1541210803456963,3.1541210803456963,50-75%
13.0,9.845878919654304,-3.1541210803456963,3.1541210803456963,50-75%
13.0,9.799633048908587,-3.2003669510914126,3.2003669510914126,50-75%
13.0,9.834564921352431,-3.165435078647569,3.165435078647569,50-75%
2.0,9.699113942654117,7.699113942654117,7.699113942654117,0-25%
2.0,9.559981399467063,7.559981399467063,7.559981399467063,0-25%
2.0,9.543281911143977,7.543281911143977,7.543281911143977,0-25%
13.0,9.949528844772773,-3.0504711552272266,3.0504711552272266,50-75%
13.0,9.799633048908587,-3.2003669510914126,3.2003669510914126,50-75%
13.0,9.810089540217916,-3.1899104597820838,3.1899104597820838,50-75%
2.0,9.677772065006153,7.6777720650061525,7.6777720650061525,0-25%
2.0,9.846776101750015,7.846776101750015,7.846776101750015,0-25%
2.0,9.846776101750015,7.846776101750015,7.846776101750015,0-25%
2.0,9.846776101750015,7.846776101750015,7.846776101750015,0-25%
2.0,9.818456553621914,7.818456553621914,7.818456553621914,0-25%
2.0,9.749977494148863,7.7499774941488635,7.7499774941488635,0-25%
2.0,9.846776101750015,7.846776101750015,7.846776101750015,0-25%
2.0,9.572202177157932,7.572202177157932,7.572202177157932,0-25%
2.0,9.846776101750015,7.846776101750015,7.846776101750015,0-25%
2.0,9.818456553621914,7.818456553621914,7.818456553621914,0-25%
2.0,9.840326747931211,7.840326747931211,7.840326747931211,0-25%
2.0,9.81860021107293,7.81860021107293,7.81860021107293,0-25%
2.0,9.942837971644172,7.942837971644172,7.942837971644172,0-25%
2.0,9.988238819314002,7.988238819314002,7.988238819314002,0-25%
2.0,9.942837971644172,7.942837971644172,7.942837971644172,0-25%
7.0,10.124673258858621,3.1246732588586212,3.1246732588586212,25-50%
7.0,9.988238819314002,2.9882388193140024,2.9882388193140024,25-50%
7.0,10.202142818693147,3.2021428186931473,3.2021428186931473,25-50%
7.0,10.062864491090522,3.0628644910905223,3.0628644910905223,25-50%
7.0,9.297750845686352,2.297750845686352,2.297750845686352,25-50%
7.0,9.973128779376633,2.9731287793766334,2.9731287793766334,25-50%
7.0,9.81860021107293,2.81860021107293,2.81860021107293,25-50%
7.0,9.747152710880503,2.7471527108805027,2.7471527108805027,25-50%
7.0,9.952267600782323,2.9522676007823225,2.9522676007823225,25-50%
7.0,9.381613892938532,2.3816138929385318,2.3816138929385318,25-50%
7.0,10.09670422682924,3.0967042268292406,3.0967042268292406,25-50%
7.0,8.65151743590103,1.6515174359010292,1.6515174359010292,25-50%
4.0,9.89005227706045,5.89005227706045,5.89005227706045,0-25%
4.0,9.89005227706045,5.89005227706045,5.89005227706045,0-25%
4.0,9.566765974023166,5.566765974023166,5.566765974023166,0-25%
4.0,9.496981621220332,5.496981621220332,5.496981621220332,0-25%
4.0,9.721282679461993,5.721282679461993,5.721282679461993,0-25%
4.0,9.727462870422253,5.7274628704222525,5.7274628704222525,0-25%
4.0,9.775486151745476,5.775486151745476,5.775486151745476,0-25%
4.0,9.775486151745476,5.775486151745476,5.775486151745476,0-25%
4.0,9.133117684499785,5.133117684499785,5.133117684499785,0-25%
4.0,9.775486151745476,5.775486151745476,5.775486151745476,0-25%
4.0,8.796509894910098,4.796509894910098,4.796509894910098,0-25%
4.0,8.571589593677448,4.571589593677448,4.571589593677448,0-25%
4.0,9.846658043809533,5.8466580438095335,5.8466580438095335,0-25%
4.0,8.8345856302744,4.8345856302744,4.8345856302744,0-25%
4.0,8.58529381342882,4.5852938134288195,4.5852938134288195,0-25%
4.0,8.713239851727792,4.713239851727792,4.713239851727792,0-25%
4.0,8.651277443507198,4.6512774435071975,4.6512774435071975,0-25%
4.0,8.98068071430099,4.9806807143009895,4.9806807143009895,0-25%
4.0,8.962951604132659,4.962951604132659,4.962951604132659,0-25%
4.0,8.800588767254105,4.800588767254105,4.800588767254105,0-25%
4.0,8.576013306065523,4.576013306065523,4.576013306065523,0-25%
4.0,8.782503696768499,4.782503696768499,4.782503696768499,0-25%
4.0,8.796509894910098,4.796509894910098,4.796509894910098,0-25%
4.0,8.8345856302744,4.8345856302744,4.8345856302744,0-25%
4.0,8.98068071430099,4.9806807143009895,4.9806807143009895,0-25%
4.0,8.76264465467578,4.76264465467578,4.76264465467578,0-25%
4.0,8.58529381342882,4.5852938134288195,4.5852938134288195,0-25%
4.0,8.803437721744391,4.803437721744391,4.803437721744391,0-25%
4.0,8.839130891838161,4.8391308918381615,4.8391308918381615,0-25%
4.0,8.58529381342882,4.5852938134288195,4.5852938134288195,0-25%
4.0,9.578267617468262,5.578267617468262,5.578267617468262,0-25%
4.0,8.835105489539002,4.835105489539002,4.835105489539002,0-25%
4.0,9.521835814474285,5.521835814474285,5.521835814474285,0-25%
4.0,9.290825454257423,5.290825454257423,5.290825454257423,0-25%
4.0,9.32973824088333,5.32973824088333,5.32973824088333,0-25%
4.0,9.472515304920087,5.472515304920087,5.472515304920087,0-25%
4.0,8.801281492724875,4.8012814927248755,4.8012814927248755,0-25%
4.0,9.588017568530532,5.588017568530532,5.588017568530532,0-25%
4.0,8.264447590163314,4.264447590163314,4.264447590163314,0-25%
4.0,8.499120452617932,4.499120452617932,4.499120452617932,0-25%
4.0,8.57103749676699,4.571037496766991,4.571037496766991,0-25%
4.0,8.431503282452834,4.431503282452834,4.431503282452834,0-25%
4.0,8.445006932217957,4.445006932217957,4.445006932217957,0-25%
3.0,7.453993450743457,4.453993450743457,4.453993450743457,0-25%
3.0,7.453993450743457,4.453993450743457,4.453993450743457,0-25%
3.0,7.516476956995367,4.516476956995367,4.516476956995367,0-25%
3.0,7.516476956995367,4.516476956995367,4.516476956995367,0-25%
3.0,7.269348731727532,4.269348731727532,4.269348731727532,0-25%
3.0,7.453993450743457,4.453993450743457,4.453993450743457,0-25%
3.0,7.453993450743457,4.453993450743457,4.453993450743457,0-25%
3.0,7.516476956995367,4.516476956995367,4.516476956995367,0-25%
3.0,7.453993450743457,4.453993450743457,4.453993450743457,0-25%
3.0,7.362096190252674,4.362096190252674,4.362096190252674,0-25%
3.0,7.362096190252674,4.362096190252674,4.362096190252674,0-25%
3.0,7.362096190252674,4.362096190252674,4.362096190252674,0-25%
3.0,7.453993450743457,4.453993450743457,4.453993450743457,0-25%
3.0,7.453993450743457,4.453993450743457,4.453993450743457,0-25%
3.0,7.453993450743457,4.453993450743457,4.453993450743457,0-25%
3.0,7.453993450743457,4.453993450743457,4.453993450743457,0-25%
3.0,7.217450254741536,4.217450254741536,4.217450254741536,0-25%
3.0,7.362096190252674,4.362096190252674,4.362096190252674,0-25%
3.0,7.384185774295568,4.384185774295568,4.384185774295568,0-25%
3.0,7.384185774295568,4.384185774295568,4.384185774295568,0-25%
3.0,7.453993450743457,4.453993450743457,4.453993450743457,0-25%
3.0,7.453993450743457,4.453993450743457,4.453993450743457,0-25%
3.0,7.453993450743457,4.453993450743457,4.453993450743457,0-25%
3.0,7.42664395151187,4.42664395151187,4.42664395151187,0-25%
3.0,7.3462557063198,4.3462557063198,4.3462557063198,0-25%
3.0,7.362096190252674,4.362096190252674,4.362096190252674,0-25%
3.0,7.453993450743457,4.453993450743457,4.453993450743457,0-25%
3.0,7.453993450743457,4.453993450743457,4.453993450743457,0-25%
3.0,7.444100736195753,4.444100736195753,4.444100736195753,0-25%
3.0,7.362096190252674,4.362096190252674,4.362096190252674,0-25%
3.0,7.362096190252674,4.362096190252674,4.362096190252674,0-25%
3.0,7.453993450743457,4.453993450743457,4.453993450743457,0-25%
3.0,7.453993450743457,4.453993450743457,4.453993450743457,0-25%
24.0,8.927668481605414,-15.072331518394586,15.072331518394586,75-100%
24.0,8.992904627272555,-15.007095372727445,15.007095372727445,75-100%
24.0,8.992904627272555,-15.007095372727445,15.007095372727445,75-100%
24.0,8.734908496372547,-15.265091503627453,15.265091503627453,75-100%
24.0,8.884278974207819,-15.115721025792181,15.115721025792181,75-100%
24.0,8.992904627272555,-15.007095372727445,15.007095372727445,75-100%
24.0,8.984852777453936,-15.015147222546064,15.015147222546064,75-100%
24.0,8.984852777453936,-15.015147222546064,15.015147222546064,75-100%
24.0,8.31622887457926,-15.68377112542074,15.68377112542074,75-100%
24.0,8.595459762259662,-15.404540237740338,15.404540237740338,75-100%
18.5,9.185889632602805,-9.314110367397195,9.314110367397195,75-100%
18.5,9.185889632602805,-9.314110367397195,9.314110367397195,75-100%
18.5,9.185889632602805,-9.314110367397195,9.314110367397195,75-100%
18.5,9.177682283823861,-9.322317716176139,9.322317716176139,75-100%
24.0,8.984852777453936,-15.015147222546064,15.015147222546064,75-100%
24.0,8.489032559548548,-15.510967440451452,15.510967440451452,75-100%
18.5,9.039980771147217,-9.460019228852783,9.460019228852783,75-100%
18.5,9.039980771147217,-9.460019228852783,9.460019228852783,75-100%
18.5,9.031890989410437,-9.468109010589563,9.468109010589563,75-100%
18.5,9.039980771147217,-9.460019228852783,9.460019228852783,75-100%
18.5,9.185889632602805,-9.314110367397195,9.314110367397195,75-100%
18.5,9.022997958678054,-9.477002041321946,9.477002041321946,75-100%
18.5,9.288181421914082,-9.211818578085918,9.211818578085918,75-100%
18.5,9.039980771147217,-9.460019228852783,9.460019228852783,75-100%
18.5,9.039980771147217,-9.460019228852783,9.460019228852783,75-100%
18.5,9.039980771147217,-9.460019228852783,9.460019228852783,75-100%
18.5,9.039980771147217,-9.460019228852783,9.460019228852783,75-100%
18.5,9.403571727811702,-9.096428272188298,9.096428272188298,75-100%
13.0,10.477184853401354,-2.5228151465986457,2.5228151465986457,50-75%
18.5,9.372519355739163,-9.127480644260837,9.127480644260837,75-100%
18.5,9.039980771147217,-9.460019228852783,9.460019228852783,75-100%
18.5,9.039980771147217,-9.460019228852783,9.460019228852783,75-100%
18.5,9.039980771147217,-9.460019228852783,9.460019228852783,75-100%
18.5,9.039980771147217,-9.460019228852783,9.460019228852783,75-100%
13.0,10.932425443698783,-2.067574556301217,2.067574556301217,50-75%
13.0,10.974397726750995,-2.025602273249005,2.025602273249005,50-75%
13.0,10.817293088912292,-2.182706911087708,2.182706911087708,50-75%
18.5,9.11472355064204,-9.38527644935796,9.38527644935796,75-100%
13.0,10.34388731037327,-2.6561126896267293,2.6561126896267293,50-75%
13.0,10.34388731037327,-2.6561126896267293,2.6561126896267293,50-75%
13.0,10.528564390545522,-2.4714356094544776,2.4714356094544776,50-75%
13.0,10.151042011588926,-2.8489579884110743,2.8489579884110743,50-75%
13.0,10.763831638722793,-2.2361683612772065,2.2361683612772065,50-75%
13.0,10.506860183599425,-2.493139816400575,2.493139816400575,50-75%
13.0,10.52944232155123,-2.4705576784487704,2.4705576784487704,50-75%
13.0,10.34388731037327,-2.6561126896267293,2.6561126896267293,50-75%
6.0,10.209974901382548,4.209974901382548,4.209974901382548,25-50%
6.0,9.450091334128668,3.4500913341286683,3.4500913341286683,25-50%
6.0,10.209974901382548,4.209974901382548,4.209974901382548,25-50%
11.0,10.370400685894527,-0.629599314105473,0.629599314105473,50-75%
11.0,10.544391271268863,-0.45560872873113745,0.45560872873113745,50-75%
11.0,10.361401915384999,-0.6385980846150012,0.6385980846150012,50-75%
6.0,9.878650231940112,3.878650231940112,3.878650231940112,25-50%
6.0,10.265554454406276,4.265554454406276,4.265554454406276,25-50%
11.0,10.370400685894527,-0.629599314105473,0.629599314105473,50-75%
11.0,10.380118602862797,-0.6198813971372026,0.6198813971372026,50-75%
11.0,10.34962359418406,-0.6503764058159405,0.6503764058159405,50-75%
11.0,10.209974901382548,-0.790025098617452,0.790025098617452,50-75%
10.0,9.450091334128668,-0.5499086658713317,0.5499086658713317,50-75%
11.0,9.000992266694393,-1.999007733305607,1.999007733305607,50-75%
6.0,9.878650231940112,3.878650231940112,3.878650231940112,25-50%
9.0,10.211682319202012,1.211682319202012,1.211682319202012,50-75%
11.0,10.288985605903607,-0.7110143940963933,0.7110143940963933,50-75%
11.0,10.196573227807658,-0.803426772192342,0.803426772192342,50-75%
10.0,10.196573227807658,0.19657322780765796,0.19657322780765796,50-75%
10.0,10.349785193430263,0.3497851934302627,0.3497851934302627,50-75%
10.0,10.265554454406276,0.265554454406276,0.265554454406276,50-75%
10.0,9.878650231940112,-0.12134976805988806,0.12134976805988806,50-75%
10.0,9.000992266694393,-0.9990077333056071,0.9990077333056071,50-75%
6.0,9.878650231940112,3.878650231940112,3.878650231940112,25-50%
6.0,9.878650231940112,3.878650231940112,3.878650231940112,25-50%
9.0,9.878650231940112,0.8786502319401119,0.8786502319401119,50-75%
9.0,9.878650231940112,0.8786502319401119,0.8786502319401119,50-75%
11.5,10.288985605903607,-1.2110143940963933,1.2110143940963933,50-75%
11.0,10.257359495012777,-0.7426405049872233,0.7426405049872233,50-75%
10.0,10.192667871872516,0.19266787187251566,0.19266787187251566,50-75%
10.0,9.878650231940112,-0.12134976805988806,0.12134976805988806,50-75%
10.0,9.000992266694393,-0.9990077333056071,0.9990077333056071,50-75%
9.0,9.000992266694393,0.000992266694392896,0.000992266694392896,50-75%
9.0,9.033937557648429,0.03393755764842865,0.03393755764842865,50-75%
9.0,9.878650231940112,0.8786502319401119,0.8786502319401119,50-75%
9.0,9.878650231940112,0.8786502319401119,0.8786502319401119,50-75%
9.0,9.878650231940112,0.8786502319401119,0.8786502319401119,50-75%
9.666666666666666,9.808266866328125,0.14160019966145931,0.14160019966145931,50-75%
11.5,10.192667871872516,-1.3073321281274843,1.3073321281274843,50-75%
11.333333333333336,10.288985605903607,-1.044347727429729,1.044347727429729,50-75%
10.0,10.257359495012777,0.25735949501277666,0.25735949501277666,50-75%
10.0,9.808266866328125,-0.1917331336718746,0.1917331336718746,50-75%
10.0,9.878650231940112,-0.12134976805988806,0.12134976805988806,50-75%
10.0,9.878650231940112,-0.12134976805988806,0.12134976805988806,50-75%
9.0,9.033937557648429,0.03393755764842865,0.03393755764842865,50-75%
12.0,9.878650231940112,-2.121349768059888,2.121349768059888,50-75%
11.5,10.288985605903607,-1.2110143940963933,1.2110143940963933,50-75%
10.333333333333334,10.192667871872516,-0.14066546146081826,0.14066546146081826,50-75%
10.333333333333334,10.192667871872516,-0.14066546146081826,0.14066546146081826,50-75%
10.0,10.265554454406276,0.265554454406276,0.265554454406276,50-75%
10.0,9.878650231940112,-0.12134976805988806,0.12134976805988806,50-75%
9.0,9.000992266694393,0.000992266694392896,0.000992266694392896,50-75%
9.0,9.000992266694393,0.000992266694392896,0.000992266694392896,50-75%
9.0,9.000992266694393,0.000992266694392896,0.000992266694392896,50-75%
12.0,9.878650231940112,-2.121349768059888,2.121349768059888,50-75%
12.0,9.878650231940112,-2.121349768059888,2.121349768059888,50-75%
11.5,9.878650231940112,-1.621349768059888,1.621349768059888,50-75%
11.5,10.265554454406276,-1.234445545593724,1.234445545593724,50-75%
11.5,10.265554454406276,-1.234445545593724,1.234445545593724,50-75%
11.5,10.192667871872516,-1.3073321281274843,1.3073321281274843,50-75%
11.5,10.192667871872516,-1.3073321281274843,1.3073321281274843,50-75%
9.0,9.894134264214825,0.8941342642148253,0.8941342642148253,50-75%
9.0,9.878650231940112,0.8786502319401119,0.8786502319401119,50-75%
9.0,9.878650231940112,0.8786502319401119,0.8786502319401119,50-75%
9.0,9.878650231940112,0.8786502319401119,0.8786502319401119,50-75%
9.0,9.000992266694393,0.000992266694392896,0.000992266694392896,50-75%
9.0,9.000992266694393,0.000992266694392896,0.000992266694392896,50-75%
11.5,10.265554454406276,-1.234445545593724,1.234445545593724,50-75%
9.0,9.878650231940112,0.8786502319401119,0.8786502319401119,50-75%
9.0,9.878650231940112,0.8786502319401119,0.8786502319401119,50-75%
11.0,9.894134264214825,-1.1058657357851747,1.1058657357851747,50-75%
11.0,9.878650231940112,-1.121349768059888,1.121349768059888,50-75%
11.0,9.878650231940112,-1.121349768059888,1.121349768059888,50-75%
11.0,9.878650231940112,-1.121349768059888,1.121349768059888,50-75%
10.0,10.165267918200403,0.16526791820040287,0.16526791820040287,50-75%
10.0,10.157657707634902,0.15765770763490217,0.15765770763490217,50-75%
10.0,10.157657707634902,0.15765770763490217,0.15765770763490217,50-75%
10.0,10.157657707634902,0.15765770763490217,0.15765770763490217,50-75%
10.0,10.157657707634902,0.15765770763490217,0.15765770763490217,50-75%
10.0,10.165267918200403,0.16526791820040287,0.16526791820040287,50-75%
10.0,10.157657707634902,0.15765770763490217,0.15765770763490217,50-75%
10.0,10.236187351570296,0.2361873515702957,0.2361873515702957,50-75%
10.0,10.157657707634902,0.15765770763490217,0.15765770763490217,50-75%
10.0,10.157657707634902,0.15765770763490217,0.15765770763490217,50-75%
10.0,10.336119549080827,0.3361195490808271,0.3361195490808271,50-75%
10.0,9.401320533317975,-0.5986794666820252,0.5986794666820252,50-75%
10.0,10.157657707634902,0.15765770763490217,0.15765770763490217,50-75%
10.0,10.157657707634902,0.15765770763490217,0.15765770763490217,50-75%
6.5,10.157657707634902,3.657657707634902,3.657657707634902,25-50%
6.5,10.165267918200403,3.665267918200403,3.665267918200403,25-50%
6.5,10.336119549080827,3.836119549080827,3.836119549080827,25-50%
3.0,10.156431494010187,7.156431494010187,7.156431494010187,0-25%
10.0,10.420950713350212,0.42095071335021217,0.42095071335021217,50-75%
6.5,9.401320533317975,2.901320533317975,2.901320533317975,25-50%
6.5,10.165267918200403,3.665267918200403,3.665267918200403,25-50%
6.5,10.174810514768012,3.674810514768012,3.674810514768012,25-50%
6.5,10.144865664848314,3.6448656648483144,3.6448656648483144,25-50%
3.0,10.157657707634902,7.157657707634902,7.157657707634902,0-25%
3.0,9.401320533317975,6.401320533317975,6.401320533317975,0-25%
6.5,10.290926781391574,3.7909267813915744,3.7909267813915744,25-50%
6.5,10.198498512705505,3.6984985127055054,3.6984985127055054,25-50%
3.0,10.198498512705505,7.1984985127055054,7.1984985127055054,0-25%
3.0,10.351736823592645,7.3517368235926455,7.3517368235926455,0-25%
3.0,10.420950713350212,7.420950713350212,7.420950713350212,0-25%
3.0,10.02870956148708,7.02870956148708,7.02870956148708,0-25%
3.0,8.974906182091045,5.974906182091045,5.974906182091045,0-25%
3.0,10.290926781391574,7.290926781391574,7.290926781391574,0-25%
3.0,10.25929523229457,7.259295232294569,7.259295232294569,0-25%
3.0,10.420950713350212,7.420950713350212,7.420950713350212,0-25%
3.0,10.02870956148708,7.02870956148708,7.02870956148708,0-25%
3.0,8.974906182091045,5.974906182091045,5.974906182091045,0-25%
3.0,10.420950713350212,7.420950713350212,7.420950713350212,0-25%
3.0,10.290926781391574,7.290926781391574,7.290926781391574,0-25%
3.0,10.25929523229457,7.259295232294569,7.259295232294569,0-25%
3.0,10.02870956148708,7.02870956148708,7.02870956148708,0-25%
3.0,10.02870956148708,7.02870956148708,7.02870956148708,0-25%
3.0,10.02870956148708,7.02870956148708,7.02870956148708,0-25%
3.0,10.420950713350212,7.420950713350212,7.420950713350212,0-25%
3.0,10.420950713350212,7.420950713350212,7.420950713350212,0-25%
3.0,10.420950713350212,7.420950713350212,7.420950713350212,0-25%
4.0,9.197438456860416,5.197438456860416,5.197438456860416,0-25%
4.0,9.197438456860416,5.197438456860416,5.197438456860416,0-25%
4.0,9.06936595021516,5.069365950215159,5.069365950215159,0-25%
4.0,8.757841637727596,4.757841637727596,4.757841637727596,0-25%
4.0,8.158454704251925,4.158454704251925,4.158454704251925,0-25%
4.0,8.231786206325197,4.2317862063251965,4.2317862063251965,0-25%
4.0,9.197438456860416,5.197438456860416,5.197438456860416,0-25%
4.0,9.197438456860416,5.197438456860416,5.197438456860416,0-25%
4.0,9.06936595021516,5.069365950215159,5.069365950215159,0-25%
4.0,8.9050182702448,4.905018270244801,4.905018270244801,0-25%
4.0,8.757841637727596,4.757841637727596,4.757841637727596,0-25%
22.0,11.302699696647014,-10.697300303352986,10.697300303352986,75-100%
4.0,8.757841637727596,4.757841637727596,4.757841637727596,0-25%
4.0,8.128383961516343,4.128383961516343,4.128383961516343,0-25%
22.0,10.93104582022368,-11.06895417977632,11.06895417977632,75-100%
22.0,11.222961772399145,-10.777038227600855,10.777038227600855,75-100%
22.0,11.3153735625962,-10.6846264374038,10.6846264374038,75-100%
4.0,8.9050182702448,4.905018270244801,4.905018270244801,0-25%
4.0,8.757841637727596,4.757841637727596,4.757841637727596,0-25%
4.0,8.128383961516343,4.128383961516343,4.128383961516343,0-25%
22.0,10.660953812401617,-11.339046187598383,11.339046187598383,75-100%
22.0,11.371435484659525,-10.628564515340475,10.628564515340475,75-100%
22.0,11.222961772399145,-10.777038227600855,10.777038227600855,75-100%
4.0,8.9050182702448,4.905018270244801,4.905018270244801,0-25%
4.0,8.158454704251925,4.158454704251925,4.158454704251925,0-25%
22.0,10.348948308650423,-11.651051691349577,11.651051691349577,75-100%
22.0,10.348948308650423,-11.651051691349577,11.651051691349577,75-100%
22.0,10.41125349274213,-11.58874650725787,11.58874650725787,75-100%
22.0,10.636416403928198,-11.363583596071802,11.363583596071802,75-100%
22.0,10.231949824498754,-11.768050175501246,11.768050175501246,75-100%
22.0,9.96596097328067,-12.03403902671933,12.03403902671933,75-100%
22.0,9.96596097328067,-12.03403902671933,12.03403902671933,75-100%
22.0,9.96596097328067,-12.03403902671933,12.03403902671933,75-100%
22.0,10.285196620717127,-11.714803379282873,11.714803379282873,75-100%
22.0,10.647254149176465,-11.352745850823535,11.352745850823535,75-100%
22.0,10.231949824498754,-11.768050175501246,11.768050175501246,75-100%
22.0,9.96596097328067,-12.03403902671933,12.03403902671933,75-100%
5.0,7.818860459664085,2.8188604596640854,2.8188604596640854,0-25%
5.0,7.375466388181257,2.375466388181257,2.375466388181257,0-25%
5.0,7.498942711614904,2.4989427116149043,2.4989427116149043,0-25%
5.0,7.594355104918266,2.5943551049182663,2.5943551049182663,0-25%
5.0,7.423985477566528,2.4239854775665277,2.4239854775665277,0-25%
5.0,7.495016560203324,2.4950165602033243,2.4950165602033243,0-25%
5.0,7.495016560203324,2.4950165602033243,2.4950165602033243,0-25%
5.0,7.495016560203324,2.4950165602033243,2.4950165602033243,0-25%
5.0,7.495016560203324,2.4950165602033243,2.4950165602033243,0-25%
5.0,7.931027757029993,2.9310277570299927,2.9310277570299927,0-25%
5.0,7.931027757029993,2.9310277570299927,2.9310277570299927,0-25%
5.0,7.637263867201994,2.6372638672019937,2.6372638672019937,0-25%
5.0,7.4874213319152165,2.4874213319152165,2.4874213319152165,0-25%
5.0,7.495016560203324,2.4950165602033243,2.4950165602033243,0-25%
5.0,7.495016560203324,2.4950165602033243,2.4950165602033243,0-25%
5.0,7.931027757029993,2.9310277570299927,2.9310277570299927,0-25%
5.0,7.656259787211317,2.656259787211317,2.656259787211317,0-25%
5.0,7.577608471574636,2.577608471574636,2.577608471574636,0-25%
5.0,7.4079108285808255,2.4079108285808255,2.4079108285808255,0-25%
5.0,7.648988652939474,2.648988652939474,2.648988652939474,0-25%
5.0,7.637263867201994,2.6372638672019937,2.6372638672019937,0-25%
4.0,7.865384323898411,3.865384323898411,3.865384323898411,0-25%
4.0,8.251030952081265,4.2510309520812655,4.2510309520812655,0-25%
4.0,8.251030952081265,4.2510309520812655,4.2510309520812655,0-25%
4.0,7.801983081730592,3.801983081730592,3.801983081730592,0-25%
4.0,8.024807165189529,4.024807165189529,4.024807165189529,0-25%
4.0,7.966417908366081,3.966417908366081,3.966417908366081,0-25%
4.0,7.966417908366081,3.966417908366081,3.966417908366081,0-25%
4.0,8.20679231365061,4.20679231365061,4.20679231365061,0-25%
4.0,8.251030952081265,4.2510309520812655,4.2510309520812655,0-25%
4.0,7.966417908366081,3.966417908366081,3.966417908366081,0-25%
4.0,7.848109573331293,3.8481095733312927,3.8481095733312927,0-25%
4.0,7.801983081730592,3.801983081730592,3.801983081730592,0-25%
4.0,8.251030952081265,4.2510309520812655,4.2510309520812655,0-25%
13.0,8.71517785259681,-4.28482214740319,4.28482214740319,50-75%
11.5,8.784114916206144,-2.7158850837938555,2.7158850837938555,50-75%
11.5,8.938561844311238,-2.561438155688762,2.561438155688762,50-75%
5.0,9.15067848177847,4.1506784817784705,4.1506784817784705,0-25%
13.0,9.295513117860256,-3.7044868821397436,3.7044868821397436,50-75%
13.0,9.313662359583505,-3.686337640416495,3.686337640416495,50-75%
13.0,9.295513117860256,-3.7044868821397436,3.7044868821397436,50-75%
13.0,9.29978240517808,-3.70021759482192,3.70021759482192,50-75%
13.0,9.29978240517808,-3.70021759482192,3.70021759482192,50-75%
11.5,8.871223616138252,-2.628776383861748,2.628776383861748,50-75%
11.5,9.027045596686103,-2.4729544033138975,2.4729544033138975,50-75%
5.0,9.347990411294095,4.347990411294095,4.347990411294095,0-25%
13.0,9.313662359583505,-3.686337640416495,3.686337640416495,50-75%
13.0,9.488898181664851,-3.511101818335149,3.511101818335149,50-75%
13.0,9.411943457496733,-3.588056542503267,3.588056542503267,50-75%
13.0,9.488898181664851,-3.511101818335149,3.511101818335149,50-75%
13.0,9.295513117860256,-3.7044868821397436,3.7044868821397436,50-75%
13.0,9.527889537540986,-3.472110462459014,3.472110462459014,50-75%
13.0,8.803290685342615,-4.196709314657385,4.196709314657385,50-75%
13.0,8.76698297195843,-4.233017028041569,4.233017028041569,50-75%
13.0,8.76698297195843,-4.233017028041569,4.233017028041569,50-75%
13.0,8.76698297195843,-4.233017028041569,4.233017028041569,50-75%
13.0,8.784492075451446,-4.215507924548554,4.215507924548554,50-75%
12.666666666666664,8.885067553938809,-3.7815991127278554,3.7815991127278554,50-75%
17.0,9.497097843528634,-7.502902156471366,7.502902156471366,75-100%
17.0,10.015396495450382,-6.984603504549618,6.984603504549618,75-100%
17.0,10.015396495450382,-6.984603504549618,6.984603504549618,75-100%
17.0,10.015396495450382,-6.984603504549618,6.984603504549618,75-100%
17.0,10.015396495450382,-6.984603504549618,6.984603504549618,75-100%
17.0,9.379834372697438,-7.620165627302562,7.620165627302562,75-100%
17.0,9.974599596571526,-7.025400403428474,7.025400403428474,75-100%
17.0,10.015396495450382,-6.984603504549618,6.984603504549618,75-100%
17.0,9.218529995040383,-7.781470004959617,7.781470004959617,75-100%
17.0,9.765059262837376,-7.234940737162624,7.234940737162624,75-100%
17.0,10.015396495450382,-6.984603504549618,6.984603504549618,75-100%
4.0,8.594720785706658,4.594720785706658,4.594720785706658,0-25%
4.0,8.506674213915531,4.506674213915531,4.506674213915531,0-25%
4.0,8.451510854740238,4.451510854740238,4.451510854740238,0-25%
4.0,8.49289787772257,4.492897877722569,4.492897877722569,0-25%
4.0,8.49289787772257,4.492897877722569,4.492897877722569,0-25%
4.0,8.49289787772257,4.492897877722569,4.492897877722569,0-25%
4.0,8.451510854740238,4.451510854740238,4.451510854740238,0-25%
4.0,8.49289787772257,4.492897877722569,4.492897877722569,0-25%
4.0,8.49289787772257,4.492897877722569,4.492897877722569,0-25%
4.0,8.49289787772257,4.492897877722569,4.492897877722569,0-25%
4.0,8.488963046196575,4.4889630461965755,4.4889630461965755,0-25%
4.0,9.702762395040995,5.702762395040995,5.702762395040995,0-25%
4.0,8.49289787772257,4.492897877722569,4.492897877722569,0-25%
4.0,8.49289787772257,4.492897877722569,4.492897877722569,0-25%
4.0,8.49289787772257,4.492897877722569,4.492897877722569,0-25%
4.0,8.49289787772257,4.492897877722569,4.492897877722569,0-25%
4.0,8.49289787772257,4.492897877722569,4.492897877722569,0-25%
4.0,8.451510854740238,4.451510854740238,4.451510854740238,0-25%
4.0,8.49289787772257,4.492897877722569,4.492897877722569,0-25%
4.0,8.49289787772257,4.492897877722569,4.492897877722569,0-25%
4.0,8.49289787772257,4.492897877722569,4.492897877722569,0-25%
4.0,8.49289787772257,4.492897877722569,4.492897877722569,0-25%
4.0,8.451510854740238,4.451510854740238,4.451510854740238,0-25%
4.0,8.648137240197903,4.648137240197903,4.648137240197903,0-25%
4.0,8.746049085863126,4.746049085863126,4.746049085863126,0-25%
4.0,8.678779322312657,4.678779322312657,4.678779322312657,0-25%
4.0,8.74759330277196,4.747593302771961,4.747593302771961,0-25%
4.0,8.832991142559239,4.832991142559239,4.832991142559239,0-25%
4.0,8.451510854740238,4.451510854740238,4.451510854740238,0-25%
4.0,8.684528553378355,4.684528553378355,4.684528553378355,0-25%
4.0,8.451510854740238,4.451510854740238,4.451510854740238,0-25%
4.0,8.455664095338982,4.455664095338982,4.455664095338982,0-25%
4.0,8.455664095338982,4.455664095338982,4.455664095338982,0-25%
4.0,8.594720785706658,4.594720785706658,4.594720785706658,0-25%
4.0,8.451510854740238,4.451510854740238,4.451510854740238,0-25%
7.0,9.569436354428321,2.569436354428321,2.569436354428321,25-50%
7.0,9.356327427835506,2.356327427835506,2.356327427835506,25-50%
7.0,9.779411911322367,2.7794119113223665,2.7794119113223665,25-50%
7.0,9.446207410826633,2.4462074108266325,2.4462074108266325,25-50%
7.0,9.844635877029939,2.8446358770299387,2.8446358770299387,25-50%
7.0,9.796443076583845,2.796443076583845,2.796443076583845,25-50%
7.0,9.868004478681051,2.8680044786810512,2.8680044786810512,25-50%
7.0,9.796443076583845,2.796443076583845,2.796443076583845,25-50%
7.0,9.800920086809253,2.8009200868092528,2.8009200868092528,25-50%
7.0,9.77377505638599,2.7737750563859898,2.7737750563859898,25-50%
5.0,9.551581727544699,4.551581727544699,4.551581727544699,0-25%
5.0,9.88814737100709,4.88814737100709,4.88814737100709,0-25%
5.0,9.56556784103881,4.56556784103881,4.56556784103881,0-25%
5.0,9.676053721874872,4.676053721874872,4.676053721874872,0-25%
5.0,9.882453655268126,4.882453655268126,4.882453655268126,0-25%
5.0,9.84681831476673,4.846818314766731,4.846818314766731,0-25%
5.0,9.840431444365835,4.840431444365835,4.840431444365835,0-25%
5.0,9.172790233976876,4.172790233976876,4.172790233976876,0-25%
5.0,9.551581727544699,4.551581727544699,4.551581727544699,0-25%
5.0,9.867990949817358,4.867990949817358,4.867990949817358,0-25%
5.0,9.877942849160815,4.877942849160815,4.877942849160815,0-25%
5.0,9.909872506506987,4.9098725065069875,4.9098725065069875,0-25%
5.0,9.551581727544699,4.551581727544699,4.551581727544699,0-25%
5.0,9.877942849160815,4.877942849160815,4.877942849160815,0-25%
5.0,9.877942849160815,4.877942849160815,4.877942849160815,0-25%
5.0,9.915580567829197,4.915580567829197,4.915580567829197,0-25%
5.0,9.551328706674317,4.551328706674317,4.551328706674317,0-25%
5.0,10.203653415991216,5.203653415991216,5.203653415991216,0-25%
5.0,10.72624407552216,5.72624407552216,5.72624407552216,0-25%
5.0,9.877942849160815,4.877942849160815,4.877942849160815,0-25%
5.0,9.915580567829197,4.915580567829197,4.915580567829197,0-25%
5.0,10.003353820589183,5.003353820589183,5.003353820589183,0-25%
5.0,10.471801561356383,5.471801561356383,5.471801561356383,0-25%
5.0,11.00033344643041,6.00033344643041,6.00033344643041,0-25%
5.0,10.113659056441598,5.113659056441598,5.113659056441598,0-25%
5.0,9.855146953575838,4.855146953575838,4.855146953575838,0-25%
17.0,10.4153179374083,-6.5846820625917,6.5846820625917,75-100%
17.0,10.126556526436067,-6.873443473563933,6.873443473563933,75-100%
17.0,10.4153179374083,-6.5846820625917,6.5846820625917,75-100%
17.0,9.902680329281468,-7.097319670718532,7.097319670718532,75-100%
17.0,10.552133588022674,-6.447866411977326,6.447866411977326,75-100%
25.0,9.860481081040959,-15.139518918959041,15.139518918959041,75-100%
25.0,9.887900382636305,-15.112099617363695,15.112099617363695,75-100%
17.0,10.745329999838544,-6.254670000161456,6.254670000161456,75-100%
17.0,10.4153179374083,-6.5846820625917,6.5846820625917,75-100%
25.0,10.4153179374083,-14.5846820625917,14.5846820625917,75-100%
25.0,9.902680329281468,-15.097319670718532,15.097319670718532,75-100%
25.0,10.126556526436067,-14.873443473563933,14.873443473563933,75-100%
25.0,9.776805802500462,-15.223194197499538,15.223194197499538,75-100%
33.0,10.126556526436067,-22.87344347356393,22.87344347356393,75-100%
17.0,10.552133588022674,-6.447866411977326,6.447866411977326,75-100%
25.0,10.77492290840664,-14.22507709159336,14.22507709159336,75-100%
25.0,10.552133588022674,-14.447866411977326,14.447866411977326,75-100%
25.0,10.126556526436067,-14.873443473563933,14.873443473563933,75-100%
25.0,10.4153179374083,-14.5846820625917,14.5846820625917,75-100%
25.0,10.287667480033422,-14.712332519966578,14.712332519966578,75-100%
25.0,10.126556526436067,-14.873443473563933,14.873443473563933,75-100%
33.0,10.138797215956949,-22.86120278404305,22.86120278404305,75-100%
33.0,10.222416535586351,-22.77758346441365,22.77758346441365,75-100%
17.0,10.38662879331579,-6.61337120668421,6.61337120668421,75-100%
25.0,10.77492290840664,-14.22507709159336,14.22507709159336,75-100%
25.0,10.552133588022674,-14.447866411977326,14.447866411977326,75-100%
25.0,10.126556526436067,-14.873443473563933,14.873443473563933,75-100%
25.0,10.126556526436067,-14.873443473563933,14.873443473563933,75-100%
25.0,10.4153179374083,-14.5846820625917,14.5846820625917,75-100%
33.0,10.4153179374083,-22.5846820625917,22.5846820625917,75-100%
33.0,10.250691939211048,-22.74930806078895,22.74930806078895,75-100%
33.0,10.16829019057893,-22.83170980942107,22.83170980942107,75-100%
33.0,10.523100596834873,-22.476899403165127,22.476899403165127,75-100%
25.0,10.141660440508184,-14.858339559491816,14.858339559491816,75-100%
25.0,9.84681831476673,-15.15318168523327,15.15318168523327,75-100%
33.0,9.927029095029795,-23.072970904970205,23.072970904970205,75-100%
33.0,10.745329999838544,-22.254670000161454,22.254670000161454,75-100%
33.0,10.16829019057893,-22.83170980942107,22.83170980942107,75-100%
33.0,9.840431444365835,-23.159568555634166,23.159568555634166,75-100%
33.0,10.118620102771883,-22.881379897228115,22.881379897228115,75-100%
11.0,10.614638853149376,-0.3853611468506237,0.3853611468506237,50-75%
11.0,10.0151825036486,-0.9848174963514005,0.9848174963514005,50-75%
11.0,10.558620797883947,-0.4413792021160532,0.4413792021160532,50-75%
11.0,10.643902479257576,-0.3560975207424235,0.3560975207424235,50-75%
11.0,9.878814051845662,-1.1211859481543378,1.1211859481543378,50-75%
11.0,9.829987536782209,-1.170012463217791,1.170012463217791,50-75%
11.0,10.558620797883947,-0.4413792021160532,0.4413792021160532,50-75%
11.0,9.987498985783812,-1.0125010142161877,1.0125010142161877,50-75%
11.0,9.921028552890224,-1.078971447109776,1.078971447109776,50-75%
11.0,10.490200896355498,-0.509799103644502,0.509799103644502,50-75%
11.0,11.300541136584034,0.3005411365840338,0.3005411365840338,50-75%
11.0,10.386509896192463,-0.6134901038075373,0.6134901038075373,50-75%
11.0,9.862665051884377,-1.1373349481156225,1.1373349481156225,50-75%
11.0,10.126838706194365,-0.8731612938056355,0.8731612938056355,50-75%
11.0,10.0151825036486,-0.9848174963514005,0.9848174963514005,50-75%
11.0,10.668132867041578,-0.33186713295842196,0.33186713295842196,50-75%
11.0,10.577022224057696,-0.4229777759423037,0.4229777759423037,50-75%
11.0,10.139751471253796,-0.8602485287462045,0.8602485287462045,50-75%
11.0,10.154873297005256,-0.8451267029947438,0.8451267029947438,50-75%
11.0,10.52869675102117,-0.47130324897882936,0.47130324897882936,50-75%
11.0,10.668132867041578,-0.33186713295842196,0.33186713295842196,50-75%
11.0,10.577022224057696,-0.4229777759423037,0.4229777759423037,50-75%
11.0,10.386509896192463,-0.6134901038075373,0.6134901038075373,50-75%
11.0,10.386509896192463,-0.6134901038075373,0.6134901038075373,50-75%
11.0,10.28856744867224,-0.7114325513277606,0.7114325513277606,50-75%
11.0,10.364145542316868,-0.6358544576831324,0.6358544576831324,50-75%
11.0,10.121095528299335,-0.8789044717006647,0.8789044717006647,50-75%
11.0,10.0151825036486,-0.9848174963514005,0.9848174963514005,50-75%
11.0,10.28856744867224,-0.7114325513277606,0.7114325513277606,50-75%
11.0,10.438462524393252,-0.5615374756067482,0.5615374756067482,50-75%
11.0,9.80493466652818,-1.1950653334718204,1.1950653334718204,50-75%
10.0,9.18479589744199,-0.8152041025580097,0.8152041025580097,50-75%
10.0,9.159199319347833,-0.8408006806521673,0.8408006806521673,50-75%
10.0,9.18479589744199,-0.8152041025580097,0.8152041025580097,50-75%
10.0,9.172990079606532,-0.8270099203934684,0.8270099203934684,50-75%
10.0,8.99201041751134,-1.0079895824886602,1.0079895824886602,50-75%
10.0,9.045595261468064,-0.9544047385319363,0.9544047385319363,50-75%
10.0,9.314114869235613,-0.6858851307643867,0.6858851307643867,50-75%
10.0,9.084576513435188,-0.9154234865648121,0.9154234865648121,50-75%
10.0,8.867035922287599,-1.1329640777124013,1.1329640777124013,50-75%
10.0,8.81070005211306,-1.1892999478869406,1.1892999478869406,50-75%
10.0,9.930107901143817,-0.06989209885618308,0.06989209885618308,50-75%
10.0,8.867035922287599,-1.1329640777124013,1.1329640777124013,50-75%
10.0,8.602221647321397,-1.3977783526786034,1.3977783526786034,50-75%
10.0,8.893172547897734,-1.1068274521022659,1.1068274521022659,50-75%
10.0,9.98999298014786,-0.010007019852139365,0.010007019852139365,50-75%
10.0,9.98999298014786,-0.010007019852139365,0.010007019852139365,50-75%
10.0,9.930107901143817,-0.06989209885618308,0.06989209885618308,50-75%
10.0,8.5911058581239,-1.4088941418761003,1.4088941418761003,50-75%
10.0,9.157498349776509,-0.8425016502234914,0.8425016502234914,50-75%
10.0,9.90263819401503,-0.09736180598497057,0.09736180598497057,50-75%
10.0,9.930107901143817,-0.06989209885618308,0.06989209885618308,50-75%
10.0,9.90263819401503,-0.09736180598497057,0.09736180598497057,50-75%
10.0,8.88378509851938,-1.1162149014806193,1.1162149014806193,50-75%
10.0,9.800659101717644,-0.19934089828235635,0.19934089828235635,50-75%
10.0,8.452161571083998,-1.5478384289160019,1.5478384289160019,50-75%
10.0,8.823641026156423,-1.176358973843577,1.176358973843577,50-75%
12.0,9.634197626490954,-2.3658023735090463,2.3658023735090463,50-75%
12.0,9.265107192396076,-2.7348928076039236,2.7348928076039236,50-75%
12.0,9.594319945939079,-2.4056800540609213,2.4056800540609213,50-75%
12.0,9.594319945939079,-2.4056800540609213,2.4056800540609213,50-75%
12.0,9.567694146013245,-2.4323058539867546,2.4323058539867546,50-75%
5.0,10.511366746791175,5.511366746791175,5.511366746791175,0-25%
5.0,10.302999677906572,5.302999677906572,5.302999677906572,0-25%
5.0,9.845992083743562,4.845992083743562,4.845992083743562,0-25%
5.0,10.43236165315859,5.4323616531585905,5.4323616531585905,0-25%
8.5,9.846033807092542,1.3460338070925424,1.3460338070925424,50-75%
12.0,9.46760865028427,-2.5323913497157307,2.5323913497157307,50-75%
12.0,9.42580176664528,-2.5741982333547195,2.5741982333547195,50-75%
12.0,9.463269798539583,-2.5367302014604167,2.5367302014604167,50-75%
12.0,9.30066882028595,-2.6993311797140507,2.6993311797140507,50-75%
12.0,9.422824733159446,-2.5771752668405536,2.5771752668405536,50-75%
5.0,10.425923099079608,5.425923099079608,5.425923099079608,0-25%
5.0,10.612289277770449,5.612289277770449,5.612289277770449,0-25%
5.0,10.641546984013534,5.641546984013534,5.641546984013534,0-25%
5.0,10.612289277770449,5.612289277770449,5.612289277770449,0-25%
8.5,10.100152592320356,1.600152592320356,1.600152592320356,50-75%
8.5,10.011253156854977,1.511253156854977,1.511253156854977,50-75%
12.0,9.354259439216964,-2.645740560783036,2.645740560783036,50-75%
12.0,8.93286478541761,-3.0671352145823896,3.0671352145823896,50-75%
12.0,8.93286478541761,-3.0671352145823896,3.0671352145823896,50-75%
12.0,9.46760865028427,-2.5323913497157307,2.5323913497157307,50-75%
5.0,10.421187023436222,5.421187023436222,5.421187023436222,0-25%
5.0,10.511366746791175,5.511366746791175,5.511366746791175,0-25%
5.0,10.612289277770449,5.612289277770449,5.612289277770449,0-25%
5.0,10.612289277770449,5.612289277770449,5.612289277770449,0-25%
5.0,10.612289277770449,5.612289277770449,5.612289277770449,0-25%
8.5,10.233694451826281,1.7336944518262811,1.7336944518262811,50-75%
8.5,9.545615260145224,1.0456152601452242,1.0456152601452242,50-75%
8.5,9.655661584463575,1.1556615844635747,1.1556615844635747,50-75%
12.0,9.655661584463575,-2.3443384155364253,2.3443384155364253,50-75%
12.0,9.380347480411151,-2.6196525195888487,2.6196525195888487,50-75%
12.0,9.381593085621487,-2.6184069143785127,2.6184069143785127,50-75%
5.0,10.511366746791175,5.511366746791175,5.511366746791175,0-25%
5.0,10.511366746791175,5.511366746791175,5.511366746791175,0-25%
5.0,10.628052557183562,5.628052557183562,5.628052557183562,0-25%
5.0,10.628052557183562,5.628052557183562,5.628052557183562,0-25%
5.0,10.407948029270687,5.4079480292706865,5.4079480292706865,0-25%
5.0,10.395737122554383,5.395737122554383,5.395737122554383,0-25%
8.5,9.324379510706557,0.8243795107065566,0.8243795107065566,50-75%
12.0,8.939901185921704,-3.0600988140782963,3.0600988140782963,50-75%
12.0,8.93286478541761,-3.0671352145823896,3.0671352145823896,50-75%
5.0,10.49802321981054,5.498023219810539,5.498023219810539,0-25%
5.0,10.407948029270687,5.4079480292706865,5.4079480292706865,0-25%
5.0,10.36709718925231,5.367097189252309,5.367097189252309,0-25%
8.5,8.95339425658025,0.4533942565802498,0.4533942565802498,50-75%
12.0,9.380347480411151,-2.6196525195888487,2.6196525195888487,50-75%
12.0,8.95339425658025,-3.04660574341975,3.04660574341975,50-75%
5.0,9.802480570335828,4.8024805703358275,4.8024805703358275,0-25%
5.0,9.76379785505275,4.763797855052751,4.763797855052751,0-25%
5.0,9.993118348468666,4.993118348468666,4.993118348468666,0-25%
6.0,10.752905282125148,4.752905282125148,4.752905282125148,25-50%
6.0,10.752905282125148,4.752905282125148,4.752905282125148,25-50%
6.0,10.723367708577628,4.723367708577628,4.723367708577628,25-50%
6.0,10.207678460087962,4.207678460087962,4.207678460087962,25-50%
6.0,10.192485050334273,4.192485050334273,4.192485050334273,25-50%
6.0,10.192485050334273,4.192485050334273,4.192485050334273,25-50%
6.0,10.752905282125148,4.752905282125148,4.752905282125148,25-50%
6.0,10.164355933114503,4.1643559331145035,4.1643559331145035,25-50%
6.0,10.164355933114503,4.1643559331145035,4.1643559331145035,25-50%
24.0,10.249817219357528,-13.750182780642472,13.750182780642472,75-100%
42.0,10.08924650949097,-31.91075349050903,31.91075349050903,75-100%
42.0,11.07629684732254,-30.92370315267746,30.92370315267746,75-100%
42.0,11.07629684732254,-30.92370315267746,30.92370315267746,75-100%
42.0,10.682163610954534,-31.317836389045468,31.317836389045468,75-100%
6.0,10.527456127183921,4.527456127183921,4.527456127183921,25-50%
6.0,10.554918426880814,4.554918426880814,4.554918426880814,25-50%
6.0,10.164355933114503,4.1643559331145035,4.1643559331145035,25-50%
6.0,10.348446691583167,4.348446691583167,4.348446691583167,25-50%
18.0,10.08924650949097,-7.91075349050903,7.91075349050903,75-100%
18.0,10.249817219357528,-7.750182780642472,7.750182780642472,75-100%
42.0,11.282027276168154,-30.717972723831846,30.717972723831846,75-100%
42.0,11.07629684732254,-30.92370315267746,30.92370315267746,75-100%
42.0,11.10672364235077,-30.893276357649228,30.893276357649228,75-100%
42.0,11.10672364235077,-30.893276357649228,30.893276357649228,75-100%
42.0,11.07629684732254,-30.92370315267746,30.92370315267746,75-100%
42.0,11.07629684732254,-30.92370315267746,30.92370315267746,75-100%
6.0,11.254764285311087,5.2547642853110865,5.2547642853110865,25-50%
6.0,11.206984265368574,5.206984265368574,5.206984265368574,25-50%
6.0,10.723367708577628,4.723367708577628,4.723367708577628,25-50%
6.0,10.377039634083594,4.377039634083594,4.377039634083594,25-50%
18.0,10.377039634083594,-7.622960365916406,7.622960365916406,75-100%
24.0,11.10672364235077,-12.89327635764923,12.89327635764923,75-100%
42.0,11.07629684732254,-30.92370315267746,30.92370315267746,75-100%
42.0,11.10672364235077,-30.893276357649228,30.893276357649228,75-100%
42.0,11.10672364235077,-30.893276357649228,30.893276357649228,75-100%
42.0,11.10672364235077,-30.893276357649228,30.893276357649228,75-100%
6.0,11.254764285311087,5.2547642853110865,5.2547642853110865,25-50%
6.0,11.43221152655111,5.432211526551111,5.432211526551111,25-50%
6.0,11.43221152655111,5.432211526551111,5.432211526551111,25-50%
6.0,10.63345924488366,4.63345924488366,4.63345924488366,25-50%
18.0,11.282027276168154,-6.717972723831846,6.717972723831846,75-100%
24.0,11.10672364235077,-12.89327635764923,12.89327635764923,75-100%
42.0,10.91019842406262,-31.08980157593738,31.08980157593738,75-100%
42.0,11.10672364235077,-30.893276357649228,30.893276357649228,75-100%
42.0,11.10672364235077,-30.893276357649228,30.893276357649228,75-100%
42.0,11.10672364235077,-30.893276357649228,30.893276357649228,75-100%
6.0,11.254764285311087,5.2547642853110865,5.2547642853110865,25-50%
6.0,11.223965432372536,5.223965432372536,5.223965432372536,25-50%
6.0,11.43221152655111,5.432211526551111,5.432211526551111,25-50%
6.0,11.43221152655111,5.432211526551111,5.432211526551111,25-50%
6.0,11.420922792187461,5.420922792187461,5.420922792187461,25-50%
42.0,10.762386926633594,-31.237613073366404,31.237613073366404,75-100%
42.0,10.322907852185132,-31.677092147814868,31.677092147814868,75-100%
42.0,11.10672364235077,-30.893276357649228,30.893276357649228,75-100%
6.0,11.223965432372536,5.223965432372536,5.223965432372536,25-50%
6.0,11.254764285311087,5.2547642853110865,5.2547642853110865,25-50%
6.0,11.254764285311087,5.2547642853110865,5.2547642853110865,25-50%
6.0,11.667116062593037,5.667116062593037,5.667116062593037,25-50%
42.0,11.635280881133449,-30.364719118866553,30.364719118866553,75-100%
42.0,10.419740282699275,-31.580259717300727,31.580259717300727,75-100%
6.0,10.665249763786179,4.6652497637861785,4.6652497637861785,25-50%
6.0,11.153388193352097,5.153388193352097,5.153388193352097,25-50%
6.0,11.0858638777197,5.085863877719699,5.085863877719699,25-50%
6.0,11.325200611723451,5.325200611723451,5.325200611723451,25-50%
6.0,10.921651558578503,4.921651558578503,4.921651558578503,25-50%
6.0,10.921651558578503,4.921651558578503,4.921651558578503,25-50%
6.0,10.921651558578503,4.921651558578503,4.921651558578503,25-50%
6.0,11.0858638777197,5.085863877719699,5.085863877719699,25-50%
6.0,11.153388193352097,5.153388193352097,5.153388193352097,25-50%
6.0,11.339644656106568,5.339644656106568,5.339644656106568,25-50%
6.0,9.729255038526826,3.7292550385268264,3.7292550385268264,25-50%
6.0,10.102888320848551,4.102888320848551,4.102888320848551,25-50%
6.0,10.825619571519654,4.825619571519654,4.825619571519654,25-50%
6.0,10.477198861403872,4.477198861403872,4.477198861403872,25-50%
6.0,9.881254749132973,3.8812547491329727,3.8812547491329727,25-50%
6.0,9.689001961351472,3.6890019613514724,3.6890019613514724,25-50%
6.0,9.662842092460284,3.6628420924602842,3.6628420924602842,25-50%
6.0,10.102888320848551,4.102888320848551,4.102888320848551,25-50%
6.0,9.771061601964497,3.7710616019644974,3.7710616019644974,25-50%
6.0,9.771061601964497,3.7710616019644974,3.7710616019644974,25-50%
6.0,9.250130610307853,3.2501306103078527,3.2501306103078527,25-50%
6.0,9.246462918329959,3.246462918329959,3.246462918329959,25-50%
6.0,9.45731109101609,3.4573110910160896,3.4573110910160896,25-50%
6.0,8.854910790599199,2.854910790599199,2.854910790599199,25-50%
6.0,9.250130610307853,3.2501306103078527,3.2501306103078527,25-50%
6.0,10.11030936632907,4.110309366329069,4.110309366329069,25-50%
6.0,10.11030936632907,4.110309366329069,4.110309366329069,25-50%
6.0,9.869215771833769,3.869215771833769,3.869215771833769,25-50%
6.0,9.651164909981755,3.6511649099817554,3.6511649099817554,25-50%
6.0,9.381441654005862,3.3814416540058616,3.3814416540058616,25-50%
6.0,10.11030936632907,4.110309366329069,4.110309366329069,25-50%
6.0,10.11030936632907,4.110309366329069,4.110309366329069,25-50%
6.0,10.015948654986826,4.0159486549868255,4.0159486549868255,25-50%
6.0,9.869215771833769,3.869215771833769,3.869215771833769,25-50%
6.0,9.752516097799038,3.752516097799038,3.752516097799038,25-50%
6.0,9.869215771833769,3.869215771833769,3.869215771833769,25-50%
6.0,9.869215771833769,3.869215771833769,3.869215771833769,25-50%
6.0,9.74594829267919,3.7459482926791896,3.7459482926791896,25-50%
6.0,9.74594829267919,3.7459482926791896,3.7459482926791896,25-50%
6.0,9.503210870410285,3.5032108704102853,3.5032108704102853,25-50%
6.0,9.503210870410285,3.5032108704102853,3.5032108704102853,25-50%
6.0,9.503210870410285,3.5032108704102853,3.5032108704102853,25-50%
6.0,9.752516097799038,3.752516097799038,3.752516097799038,25-50%
6.0,9.869215771833769,3.869215771833769,3.869215771833769,25-50%
6.0,9.74594829267919,3.7459482926791896,3.7459482926791896,25-50%
6.0,9.74594829267919,3.7459482926791896,3.7459482926791896,25-50%
6.0,9.655295867699913,3.6552958676999125,3.6552958676999125,25-50%
6.0,9.503210870410285,3.5032108704102853,3.5032108704102853,25-50%
6.0,9.752516097799038,3.752516097799038,3.752516097799038,25-50%
6.0,9.752516097799038,3.752516097799038,3.752516097799038,25-50%
6.0,9.767112264979275,3.767112264979275,3.767112264979275,25-50%
6.0,9.767112264979275,3.767112264979275,3.767112264979275,25-50%
6.0,9.869215771833769,3.869215771833769,3.869215771833769,25-50%
6.0,9.752516097799038,3.752516097799038,3.752516097799038,25-50%
6.0,9.869215771833769,3.869215771833769,3.869215771833769,25-50%
6.0,9.869215771833769,3.869215771833769,3.869215771833769,25-50%
6.0,9.869215771833769,3.869215771833769,3.869215771833769,25-50%
6.0,9.869215771833769,3.869215771833769,3.869215771833769,25-50%
6.0,9.869215771833769,3.869215771833769,3.869215771833769,25-50%
19.0,9.883294581458557,-9.116705418541443,9.116705418541443,75-100%
19.0,10.264584788539235,-8.735415211460765,8.735415211460765,75-100%
19.0,10.380794264568868,-8.619205735431132,8.619205735431132,75-100%
19.0,10.561887839189517,-8.438112160810483,8.438112160810483,75-100%
19.0,9.883294581458557,-9.116705418541443,9.116705418541443,75-100%
19.0,10.409468708293169,-8.590531291706831,8.590531291706831,75-100%
19.0,10.424956665826944,-8.575043334173056,8.575043334173056,75-100%
19.0,10.253529864126648,-8.746470135873352,8.746470135873352,75-100%
19.0,10.253529864126648,-8.746470135873352,8.746470135873352,75-100%
19.0,9.771019429458256,-9.228980570541744,9.228980570541744,75-100%
19.0,9.83344431507826,-9.16655568492174,9.16655568492174,75-100%
19.0,10.546214254326017,-8.453785745673983,8.453785745673983,75-100%
19.0,10.297198424499143,-8.702801575500857,8.702801575500857,75-100%
19.0,10.997017011145179,-8.002982988854821,8.002982988854821,75-100%
19.0,10.038224789398265,-8.961775210601735,8.961775210601735,75-100%
19.0,9.858167564031687,-9.141832435968313,9.141832435968313,75-100%
19.0,11.140804481350692,-7.859195518649308,7.859195518649308,75-100%
19.0,10.997017011145179,-8.002982988854821,8.002982988854821,75-100%
19.0,10.997017011145179,-8.002982988854821,8.002982988854821,75-100%
19.0,9.91592674962735,-9.08407325037265,9.08407325037265,75-100%
19.0,11.182666881927224,-7.817333118072776,7.817333118072776,75-100%
19.0,11.182666881927224,-7.817333118072776,7.817333118072776,75-100%
19.0,10.705145886479187,-8.294854113520813,8.294854113520813,75-100%
19.0,10.572596393783606,-8.427403606216394,8.427403606216394,75-100%
19.0,10.267782674155058,-8.732217325844942,8.732217325844942,75-100%
21.0,8.393631929331177,-12.606368070668823,12.606368070668823,75-100%
21.0,8.541914896943508,-12.458085103056492,12.458085103056492,75-100%
3.0,10.631328476139965,7.631328476139965,7.631328476139965,0-25%
3.0,9.232755943462207,6.232755943462207,6.232755943462207,0-25%
21.0,8.541914896943508,-12.458085103056492,12.458085103056492,75-100%
21.0,8.541914896943508,-12.458085103056492,12.458085103056492,75-100%
21.0,9.454493368054859,-11.545506631945141,11.545506631945141,75-100%
3.0,10.631328476139965,7.631328476139965,7.631328476139965,0-25%
3.0,10.814934552755599,7.814934552755599,7.814934552755599,0-25%
3.0,9.758442907287076,6.758442907287076,6.758442907287076,0-25%
3.0,9.394284884511245,6.394284884511245,6.394284884511245,0-25%
3.0,9.394284884511245,6.394284884511245,6.394284884511245,0-25%
3.0,9.232755943462207,6.232755943462207,6.232755943462207,0-25%
21.0,8.339061453855686,-12.660938546144314,12.660938546144314,75-100%
21.0,8.567643044269666,-12.432356955730334,12.432356955730334,75-100%
21.0,8.709356332353048,-12.290643667646952,12.290643667646952,75-100%
3.0,10.785241086337393,7.785241086337393,7.785241086337393,0-25%
3.0,10.645664668302697,7.645664668302697,7.645664668302697,0-25%
3.0,9.368161815629115,6.368161815629115,6.368161815629115,0-25%
3.0,9.394284884511245,6.394284884511245,6.394284884511245,0-25%
3.0,9.368161815629115,6.368161815629115,6.368161815629115,0-25%
21.0,8.339061453855686,-12.660938546144314,12.660938546144314,75-100%
21.0,8.541914896943508,-12.458085103056492,12.458085103056492,75-100%
21.0,8.567643044269666,-12.432356955730334,12.432356955730334,75-100%
21.0,8.46449634487799,-12.53550365512201,12.53550365512201,75-100%
3.0,10.785241086337393,7.785241086337393,7.785241086337393,0-25%
3.0,10.785241086337393,7.785241086337393,7.785241086337393,0-25%
3.0,10.814934552755599,7.814934552755599,7.814934552755599,0-25%
3.0,9.31504946552064,6.315049465520641,6.315049465520641,0-25%
21.0,8.30839770943161,-12.69160229056839,12.69160229056839,75-100%
21.0,8.339061453855686,-12.660938546144314,12.660938546144314,75-100%
21.0,8.723864303320797,-12.276135696679203,12.276135696679203,75-100%
21.0,8.60501062896273,-12.39498937103727,12.39498937103727,75-100%
7.0,8.778625442526709,1.7786254425267085,1.7786254425267085,25-50%
8.5,10.115411118274672,1.6154111182746718,1.6154111182746718,50-75%
8.5,10.310262550724255,1.8102625507242553,1.8102625507242553,50-75%
8.5,10.276973760616416,1.776973760616416,1.776973760616416,50-75%
3.0,10.631328476139965,7.631328476139965,7.631328476139965,0-25%
3.0,9.631139866401362,6.631139866401362,6.631139866401362,0-25%
21.0,8.30839770943161,-12.69160229056839,12.69160229056839,75-100%
21.0,8.541914896943508,-12.458085103056492,12.458085103056492,75-100%
21.0,8.611814778932704,-12.388185221067296,12.388185221067296,75-100%
7.0,8.107929897189166,1.107929897189166,1.107929897189166,25-50%
10.5,8.628425884020263,-1.8715741159797368,1.8715741159797368,50-75%
10.5,9.076728046081339,-1.4232719539186611,1.4232719539186611,50-75%
10.5,9.165730666772312,-1.334269333227688,1.334269333227688,50-75%
10.5,10.303494314403672,-0.1965056855963283,0.1965056855963283,50-75%
8.5,10.073826661004464,1.573826661004464,1.573826661004464,50-75%
8.5,10.073826661004464,1.573826661004464,1.573826661004464,50-75%
8.5,9.44238719913359,0.9423871991335897,0.9423871991335897,50-75%
3.0,9.218674755647601,6.218674755647601,6.218674755647601,0-25%
21.0,8.163743638317175,-12.836256361682825,12.836256361682825,75-100%
21.0,8.450023727689986,-12.549976272310014,12.549976272310014,75-100%
7.0,8.313490181588246,1.3134901815882465,1.3134901815882465,25-50%
7.0,8.251702921736069,1.2517029217360687,1.2517029217360687,25-50%
10.5,9.076728046081339,-1.4232719539186611,1.4232719539186611,50-75%
10.5,9.154849412005326,-1.3451505879946737,1.3451505879946737,50-75%
10.5,9.35135679723001,-1.1486432027699909,1.1486432027699909,50-75%
10.5,9.832142122197013,-0.6678578778029873,0.6678578778029873,50-75%
10.5,9.869466288751187,-0.6305337112488125,0.6305337112488125,50-75%
14.0,10.095084239659997,-3.9049157603400033,3.9049157603400033,50-75%
14.0,9.436138312867882,-4.563861687132118,4.563861687132118,50-75%
7.0,8.7255714385989,1.7255714385988998,1.7255714385988998,25-50%
10.5,8.628425884020263,-1.8715741159797368,1.8715741159797368,50-75%
10.5,9.143960105369693,-1.3560398946303067,1.3560398946303067,50-75%
10.5,9.165730666772312,-1.334269333227688,1.334269333227688,50-75%
10.5,9.703853563143966,-0.7961464368560343,0.7961464368560343,50-75%
10.5,9.537513872591994,-0.9624861274080061,0.9624861274080061,50-75%
14.0,9.567532958636878,-4.432467041363122,4.432467041363122,50-75%
14.0,9.46243265171583,-4.5375673482841705,4.5375673482841705,50-75%
10.0,9.064029185151934,-0.9359708148480657,0.9359708148480657,50-75%
10.0,9.559044899942062,-0.4409551000579377,0.4409551000579377,50-75%
10.0,9.559044899942062,-0.4409551000579377,0.4409551000579377,50-75%
7.0,8.820641418293775,1.820641418293775,1.820641418293775,25-50%
7.0,8.467209858381226,1.467209858381226,1.467209858381226,25-50%
10.5,9.076728046081339,-1.4232719539186611,1.4232719539186611,50-75%
10.5,9.191343700901948,-1.3086562990980521,1.3086562990980521,50-75%
10.5,9.584158972901193,-0.9158410270988071,0.9158410270988071,50-75%
10.5,9.377437525081877,-1.1225624749181229,1.1225624749181229,50-75%
10.5,9.017258689267932,-1.4827413107320684,1.4827413107320684,50-75%
14.0,9.338522681376006,-4.661477318623994,4.661477318623994,50-75%
12.0,9.338522681376006,-2.6614773186239944,2.6614773186239944,50-75%
10.0,8.919844124312643,-1.0801558756873568,1.0801558756873568,50-75%
10.0,8.944837635792064,-1.055162364207936,1.055162364207936,50-75%
10.0,9.559044899942062,-0.4409551000579377,0.4409551000579377,50-75%
10.0,9.559044899942062,-0.4409551000579377,0.4409551000579377,50-75%
10.0,9.148611892643848,-0.8513881073561524,0.8513881073561524,50-75%
10.0,9.174181795220976,-0.8258182047790239,0.8258182047790239,50-75%
7.0,9.46727612717596,2.4672761271759605,2.4672761271759605,25-50%
7.0,9.337069171945464,2.3370691719454637,2.3370691719454637,25-50%
10.5,9.154849412005326,-1.3451505879946737,1.3451505879946737,50-75%
10.5,9.703853563143966,-0.7961464368560343,0.7961464368560343,50-75%
10.5,9.584158972901193,-0.9158410270988071,0.9158410270988071,50-75%
10.5,9.214870798971235,-1.2851292010287647,1.2851292010287647,50-75%
10.5,9.0159665159459,-1.4840334840541,1.4840334840541,50-75%
12.0,9.051961690347962,-2.9480383096520377,2.9480383096520377,50-75%
10.0,8.669188723819444,-1.3308112761805564,1.3308112761805564,50-75%
10.0,8.631813125403513,-1.3681868745964874,1.3681868745964874,50-75%
10.0,9.440969615634607,-0.5590303843653928,0.5590303843653928,50-75%
10.0,9.440969615634607,-0.5590303843653928,0.5590303843653928,50-75%
10.0,9.559044899942062,-0.4409551000579377,0.4409551000579377,50-75%
10.0,9.345370408914036,-0.6546295910859641,0.6546295910859641,50-75%
7.0,9.559044899942062,2.5590448999420623,2.5590448999420623,25-50%
7.0,9.419660329916292,2.419660329916292,2.419660329916292,25-50%
7.0,9.336210853581036,2.3362108535810364,2.3362108535810364,25-50%
10.0,8.375989090707549,-1.6240109092924513,1.6240109092924513,50-75%
10.0,8.375989090707549,-1.6240109092924513,1.6240109092924513,50-75%
10.0,8.673198290348054,-1.3268017096519458,1.3268017096519458,50-75%
10.0,9.481485091002133,-0.5185149089978669,0.5185149089978669,50-75%
10.0,9.559044899942062,-0.4409551000579377,0.4409551000579377,50-75%
10.0,8.798288875534224,-1.2017111244657759,1.2017111244657759,50-75%
10.0,8.799559907213574,-1.200440092786426,1.200440092786426,50-75%
10.0,8.673198290348054,-1.3268017096519458,1.3268017096519458,50-75%
10.0,9.481485091002133,-0.5185149089978669,0.5185149089978669,50-75%
10.0,9.58564890768767,-0.41435109231233014,0.41435109231233014,50-75%
10.0,9.46727612717596,-0.5327238728240395,0.5327238728240395,50-75%
10.0,8.375989090707549,-1.6240109092924513,1.6240109092924513,50-75%
10.0,8.63456422512338,-1.3654357748766195,1.3654357748766195,50-75%
7.0,11.325808800506245,4.325808800506245,4.325808800506245,25-50%
7.0,11.198514034057936,4.198514034057936,4.198514034057936,25-50%
7.0,10.801416627095922,3.8014166270959215,3.8014166270959215,25-50%
7.0,10.831150848546018,3.8311508485460184,3.8311508485460184,25-50%
7.0,11.229248761007412,4.229248761007412,4.229248761007412,25-50%
7.0,11.229248761007412,4.229248761007412,4.229248761007412,25-50%
7.0,11.229248761007412,4.229248761007412,4.229248761007412,25-50%
7.0,11.229248761007412,4.229248761007412,4.229248761007412,25-50%
7.0,10.91309713878724,3.91309713878724,3.91309713878724,25-50%
7.0,10.831150848546018,3.8311508485460184,3.8311508485460184,25-50%
7.0,10.785022452248427,3.785022452248427,3.785022452248427,25-50%
7.0,10.801416627095922,3.8014166270959215,3.8014166270959215,25-50%
7.0,11.229248761007412,4.229248761007412,4.229248761007412,25-50%
7.0,11.229248761007412,4.229248761007412,4.229248761007412,25-50%
7.0,11.229248761007412,4.229248761007412,4.229248761007412,25-50%
7.0,10.73327904877256,3.7332790487725607,3.7332790487725607,25-50%
7.0,10.719544779426636,3.719544779426636,3.719544779426636,25-50%
7.0,10.73327904877256,3.7332790487725607,3.7332790487725607,25-50%
7.0,10.668088862687195,3.6680888626871955,3.6680888626871955,25-50%
7.0,10.899152385221921,3.899152385221921,3.899152385221921,25-50%
7.0,11.229248761007412,4.229248761007412,4.229248761007412,25-50%
7.0,10.509552910977558,3.5095529109775576,3.5095529109775576,25-50%
7.0,10.509552910977558,3.5095529109775576,3.5095529109775576,25-50%
7.0,10.668088862687195,3.6680888626871955,3.6680888626871955,25-50%
7.0,10.73327904877256,3.7332790487725607,3.7332790487725607,25-50%
7.0,10.91309713878724,3.91309713878724,3.91309713878724,25-50%
7.0,9.63588530162207,2.6358853016220696,2.6358853016220696,25-50%
7.0,10.41684048512203,3.41684048512203,3.41684048512203,25-50%
7.0,10.200900451176876,3.200900451176876,3.200900451176876,25-50%
7.0,9.63588530162207,2.6358853016220696,2.6358853016220696,25-50%
7.0,11.02016762330533,4.02016762330533,4.02016762330533,25-50%
7.0,10.712003964927142,3.712003964927142,3.712003964927142,25-50%
7.0,11.068739553947683,4.068739553947683,4.068739553947683,25-50%
7.0,11.206625159683654,4.206625159683654,4.206625159683654,25-50%
7.0,11.342809877912089,4.342809877912089,4.342809877912089,25-50%
7.0,11.27444676431741,4.27444676431741,4.27444676431741,25-50%
7.0,10.56514967334064,3.56514967334064,3.56514967334064,25-50%
7.0,10.703713102768523,3.703713102768523,3.703713102768523,25-50%
7.0,10.712003964927142,3.712003964927142,3.712003964927142,25-50%
7.0,11.02016762330533,4.02016762330533,4.02016762330533,25-50%
7.0,11.213089249064431,4.213089249064431,4.213089249064431,25-50%
7.0,11.305372807334116,4.305372807334116,4.305372807334116,25-50%
7.0,11.305372807334116,4.305372807334116,4.305372807334116,25-50%
7.0,11.068739553947683,4.068739553947683,4.068739553947683,25-50%
7.0,10.712003964927142,3.712003964927142,3.712003964927142,25-50%
7.0,10.368453486606281,3.368453486606281,3.368453486606281,25-50%
7.0,11.02016762330533,4.02016762330533,4.02016762330533,25-50%
7.0,11.305372807334116,4.305372807334116,4.305372807334116,25-50%
7.0,11.27444676431741,4.27444676431741,4.27444676431741,25-50%
7.0,11.305372807334116,4.305372807334116,4.305372807334116,25-50%
7.0,11.02016762330533,4.02016762330533,4.02016762330533,25-50%
7.0,11.02016762330533,4.02016762330533,4.02016762330533,25-50%
7.0,11.035308352692375,4.035308352692375,4.035308352692375,25-50%
7.0,11.326077655565168,4.326077655565168,4.326077655565168,25-50%
7.0,11.305372807334116,4.305372807334116,4.305372807334116,25-50%
7.0,11.305372807334116,4.305372807334116,4.305372807334116,25-50%
7.0,11.305372807334116,4.305372807334116,4.305372807334116,25-50%
7.0,11.068739553947683,4.068739553947683,4.068739553947683,25-50%
7.0,11.02016762330533,4.02016762330533,4.02016762330533,25-50%
7.0,10.712003964927142,3.712003964927142,3.712003964927142,25-50%
7.0,10.494881681015539,3.4948816810155385,3.4948816810155385,25-50%
7.0,11.305372807334116,4.305372807334116,4.305372807334116,25-50%
7.0,11.348938330918156,4.3489383309181555,4.3489383309181555,25-50%
2.0,9.984824476651529,7.984824476651529,7.984824476651529,0-25%
2.0,9.984824476651529,7.984824476651529,7.984824476651529,0-25%
2.0,9.672585053844255,7.672585053844255,7.672585053844255,0-25%
6.0,10.206973311928602,4.206973311928602,4.206973311928602,25-50%
10.0,10.206973311928602,0.2069733119286017,0.2069733119286017,50-75%
10.0,9.458478864581714,-0.5415211354182858,0.5415211354182858,50-75%
2.0,9.984824476651529,7.984824476651529,7.984824476651529,0-25%
2.0,9.984824476651529,7.984824476651529,7.984824476651529,0-25%
6.0,9.984824476651529,3.9848244766515286,3.9848244766515286,25-50%
6.0,9.672585053844255,3.672585053844255,3.672585053844255,25-50%
6.0,9.458478864581714,3.458478864581714,3.458478864581714,25-50%
6.0,9.690451140860612,3.6904511408606115,3.6904511408606115,25-50%
10.0,9.285418604059458,-0.7145813959405416,0.7145813959405416,50-75%
10.0,9.285418604059458,-0.7145813959405416,0.7145813959405416,50-75%
10.0,9.285418604059458,-0.7145813959405416,0.7145813959405416,50-75%
2.0,10.015948654986826,8.015948654986826,8.015948654986826,0-25%
2.5,9.484660480771323,6.984660480771323,6.984660480771323,0-25%
2.5,9.484660480771323,6.984660480771323,6.984660480771323,0-25%
5.0,10.015948654986826,5.0159486549868255,5.0159486549868255,0-25%
6.0,9.672585053844255,3.672585053844255,3.672585053844255,25-50%
6.0,9.678605578478116,3.678605578478116,3.678605578478116,25-50%
6.0,9.672585053844255,3.672585053844255,3.672585053844255,25-50%
6.0,9.672585053844255,3.672585053844255,3.672585053844255,25-50%
16.0,10.28365335499105,-5.716346645008951,5.716346645008951,75-100%
16.0,9.874319347530445,-6.125680652469555,6.125680652469555,75-100%
22.0,10.783115789786274,-11.216884210213726,11.216884210213726,75-100%
3.0,9.256660871745645,6.256660871745645,6.256660871745645,0-25%
2.5,9.256660871745645,6.756660871745645,6.756660871745645,0-25%
5.0,9.74594829267919,4.74594829267919,4.74594829267919,0-25%
5.0,9.431014022443875,4.431014022443875,4.431014022443875,0-25%
5.0,9.431014022443875,4.431014022443875,4.431014022443875,0-25%
5.0,9.431014022443875,4.431014022443875,4.431014022443875,0-25%
5.666666666666668,9.678605578478116,4.011938911811448,4.011938911811448,25-50%
9.75,10.255295112253854,0.5052951122538545,0.5052951122538545,50-75%
12.333333333333336,10.28365335499105,-2.0496799783422865,2.0496799783422865,50-75%
12.333333333333336,9.846989849011011,-2.486343484322324,2.486343484322324,50-75%
13.5,9.874319347530445,-3.625680652469555,3.625680652469555,50-75%
22.0,10.783115789786274,-11.216884210213726,11.216884210213726,75-100%
22.0,11.461739817671853,-10.538260182328147,10.538260182328147,75-100%
22.0,11.461739817671853,-10.538260182328147,10.538260182328147,75-100%
1.0,10.52129800338083,9.52129800338083,9.52129800338083,0-25%
1.0,10.52129800338083,9.52129800338083,9.52129800338083,0-25%
1.0,10.649861139951053,9.649861139951053,9.649861139951053,0-25%
1.0,10.717034770292834,9.717034770292834,9.717034770292834,0-25%
1.0,10.966270150423153,9.966270150423153,9.966270150423153,0-25%
8.5,10.303890095537579,1.8038900955375787,1.8038900955375787,50-75%
6.333333333333332,10.286727878175107,3.9533945448417747,3.9533945448417747,25-50%
6.333333333333332,10.286727878175107,3.9533945448417747,3.9533945448417747,25-50%
6.333333333333332,10.286727878175107,3.9533945448417747,3.9533945448417747,25-50%
5.0,9.582053619658918,4.582053619658918,4.582053619658918,0-25%
5.0,9.431014022443875,4.431014022443875,4.431014022443875,0-25%
9.75,10.036207471471092,0.2862074714710925,0.2862074714710925,50-75%
12.333333333333336,10.255295112253854,-2.078038221079481,2.078038221079481,50-75%
12.333333333333336,10.029498987570642,-2.3038343457626933,2.3038343457626933,50-75%
13.5,10.057288326405361,-3.442711673594639,3.442711673594639,50-75%
22.0,11.401636146896038,-10.598363853103962,10.598363853103962,75-100%
22.0,11.401636146896038,-10.598363853103962,10.598363853103962,75-100%
22.0,10.783115789786274,-11.216884210213726,11.216884210213726,75-100%
1.0,9.974562042770025,8.974562042770025,8.974562042770025,0-25%
1.0,10.63554693698375,9.63554693698375,9.63554693698375,0-25%
1.0,10.63554693698375,9.63554693698375,9.63554693698375,0-25%
1.0,10.52129800338083,9.52129800338083,9.52129800338083,0-25%
7.5,10.76538494737891,3.2653849473789105,3.2653849473789105,25-50%
7.5,10.663571875030605,3.1635718750306054,3.1635718750306054,25-50%
6.0,10.681307108652137,4.6813071086521365,4.6813071086521365,25-50%
8.5,10.286727878175107,1.7867278781751068,1.7867278781751068,50-75%
6.333333333333332,10.064013712644929,3.730680379311597,3.730680379311597,25-50%
5.0,9.693101414695201,4.693101414695201,4.693101414695201,0-25%
5.0,9.693101414695201,4.693101414695201,4.693101414695201,0-25%
8.4,10.28365335499105,1.8836533549910488,1.8836533549910488,50-75%
12.333333333333336,10.16847938135601,-2.164853951977326,2.164853951977326,50-75%
12.333333333333336,10.196618887796586,-2.13671444553675,2.13671444553675,50-75%
13.5,10.255295112253854,-3.2447048877461455,3.2447048877461455,50-75%
13.5,10.848638485658086,-2.6513615143419145,2.6513615143419145,50-75%
13.5,10.848638485658086,-2.6513615143419145,2.6513615143419145,50-75%
22.0,11.122300200396204,-10.877699799603796,10.877699799603796,75-100%
22.0,11.152842903025272,-10.847157096974728,10.847157096974728,75-100%
1.0,10.010087890222598,9.010087890222598,9.010087890222598,0-25%
1.0,10.431210170147963,9.431210170147963,9.431210170147963,0-25%
1.0,10.267437817790201,9.267437817790201,9.267437817790201,0-25%
7.5,10.132946567488432,2.632946567488432,2.632946567488432,25-50%
7.5,10.137563117149092,2.6375631171490923,2.6375631171490923,25-50%
6.0,10.936196345166236,4.936196345166236,4.936196345166236,25-50%
8.5,10.718431296380807,2.218431296380807,2.218431296380807,50-75%
8.5,10.848638485658086,2.3486384856580855,2.3486384856580855,50-75%
8.5,10.848638485658086,2.3486384856580855,2.3486384856580855,50-75%
4.0,9.186638027722152,5.186638027722152,5.186638027722152,0-25%
4.0,9.186638027722152,5.186638027722152,5.186638027722152,0-25%
7.5,9.672585053844255,2.172585053844255,2.172585053844255,25-50%
13.5,10.28365335499105,-3.216346645008951,3.216346645008951,50-75%
13.5,10.255295112253854,-3.2447048877461455,3.2447048877461455,50-75%
13.5,10.28365335499105,-3.216346645008951,3.216346645008951,50-75%
13.5,10.24212436373785,-3.257875636262151,3.257875636262151,50-75%
13.5,10.610939107174334,-2.8890608928256665,2.8890608928256665,50-75%
22.0,11.152842903025272,-10.847157096974728,10.847157096974728,75-100%
22.0,11.493137754301037,-10.506862245698963,10.506862245698963,75-100%
1.0,9.982417176214827,8.982417176214827,8.982417176214827,0-25%
1.0,10.143390306533274,9.143390306533274,9.143390306533274,0-25%
7.5,10.143390306533274,2.6433903065332736,2.6433903065332736,25-50%
7.5,10.132946567488432,2.632946567488432,2.632946567488432,25-50%
7.5,10.936196345166236,3.436196345166236,3.436196345166236,25-50%
6.0,11.10968911124705,5.10968911124705,5.10968911124705,25-50%
8.5,11.09327545570045,2.59327545570045,2.59327545570045,50-75%
8.5,11.059107425898432,2.559107425898432,2.559107425898432,50-75%
8.5,10.848638485658086,2.3486384856580855,2.3486384856580855,50-75%
7.333333333333332,10.727697622479699,3.394364289146367,3.394364289146367,25-50%
4.0,9.186638027722152,5.186638027722152,5.186638027722152,0-25%
5.0,9.678605578478116,4.678605578478116,4.678605578478116,0-25%
5.0,9.672585053844255,4.672585053844255,4.672585053844255,0-25%
13.5,10.255295112253854,-3.2447048877461455,3.2447048877461455,50-75%
13.5,10.28365335499105,-3.216346645008951,3.216346645008951,50-75%
13.5,10.255295112253854,-3.2447048877461455,3.2447048877461455,50-75%
22.0,11.244243689613194,-10.755756310386806,10.755756310386806,75-100%
22.0,11.461739817671853,-10.538260182328147,10.538260182328147,75-100%
1.0,9.838989266553494,8.838989266553494,8.838989266553494,0-25%
1.0,10.094807486338839,9.094807486338839,9.094807486338839,0-25%
7.5,10.137563117149092,2.6375631171490923,2.6375631171490923,25-50%
7.5,10.634258815509105,3.1342588155091047,3.1342588155091047,25-50%
7.5,10.936196345166236,3.436196345166236,3.436196345166236,25-50%
14.0,11.10968911124705,-2.89031088875295,2.89031088875295,50-75%
8.5,10.718431296380807,2.218431296380807,2.218431296380807,50-75%
8.5,11.09327545570045,2.59327545570045,2.59327545570045,50-75%
5.0,9.672585053844255,4.672585053844255,4.672585053844255,0-25%
5.0,9.672585053844255,4.672585053844255,4.672585053844255,0-25%
5.0,9.672585053844255,4.672585053844255,4.672585053844255,0-25%
5.0,9.672585053844255,4.672585053844255,4.672585053844255,0-25%
1.0,9.972369696484417,8.972369696484417,8.972369696484417,0-25%
1.0,10.056583506551267,9.056583506551267,9.056583506551267,0-25%
1.0,10.115384574942077,9.115384574942077,9.115384574942077,0-25%
1.0,10.132946567488432,9.132946567488432,9.132946567488432,0-25%
7.5,10.663571875030605,3.1635718750306054,3.1635718750306054,25-50%
14.0,10.966270150423153,-3.033729849576847,3.033729849576847,50-75%
14.0,11.10968911124705,-2.89031088875295,2.89031088875295,50-75%
0.0,9.339575948579276,9.339575948579276,9.339575948579276,0-25%
0.0,9.762070484174787,9.762070484174787,9.762070484174787,0-25%
0.0,9.74748115175894,9.74748115175894,9.74748115175894,0-25%
0.0,9.98302556954706,9.98302556954706,9.98302556954706,0-25%
0.0,9.498385352570416,9.498385352570416,9.498385352570416,0-25%
0.0,9.07682729790111,9.07682729790111,9.07682729790111,0-25%
0.0,9.304254990975052,9.304254990975052,9.304254990975052,0-25%
0.0,9.458857581151292,9.458857581151292,9.458857581151292,0-25%
0.0,9.458857581151292,9.458857581151292,9.458857581151292,0-25%
0.0,9.454972309792726,9.454972309792726,9.454972309792726,0-25%
0.0,9.548019769800094,9.548019769800094,9.548019769800094,0-25%
0.0,9.152845656125496,9.152845656125496,9.152845656125496,0-25%
0.0,9.07682729790111,9.07682729790111,9.07682729790111,0-25%
0.0,9.07682729790111,9.07682729790111,9.07682729790111,0-25%
0.0,9.07682729790111,9.07682729790111,9.07682729790111,0-25%
0.0,9.266138592588197,9.266138592588197,9.266138592588197,0-25%
0.0,9.07682729790111,9.07682729790111,9.07682729790111,0-25%
0.0,9.07682729790111,9.07682729790111,9.07682729790111,0-25%
0.0,9.27849071993141,9.27849071993141,9.27849071993141,0-25%
0.0,9.102945800720438,9.102945800720438,9.102945800720438,0-25%
0.0,9.440772181707159,9.440772181707159,9.440772181707159,0-25%
0.0,9.665722350343735,9.665722350343735,9.665722350343735,0-25%
0.0,9.69144842494785,9.69144842494785,9.69144842494785,0-25%
0.0,9.676491535036163,9.676491535036163,9.676491535036163,0-25%
0.0,9.629944294538802,9.629944294538802,9.629944294538802,0-25%
0.0,9.615534075696342,9.615534075696342,9.615534075696342,0-25%
0.0,9.498385352570416,9.498385352570416,9.498385352570416,0-25%
15.0,8.756440475604123,-6.243559524395877,6.243559524395877,50-75%
15.0,8.476385614637259,-6.523614385362741,6.523614385362741,50-75%
15.0,8.290459450611962,-6.709540549388038,6.709540549388038,50-75%
15.0,8.476385614637259,-6.523614385362741,6.523614385362741,50-75%
15.0,8.476385614637259,-6.523614385362741,6.523614385362741,50-75%
15.0,8.476385614637259,-6.523614385362741,6.523614385362741,50-75%
15.0,8.82998681480257,-6.17001318519743,6.17001318519743,50-75%
15.0,9.612411272832968,-5.3875887271670315,5.3875887271670315,50-75%
15.0,8.476385614637259,-6.523614385362741,6.523614385362741,50-75%
15.0,8.476385614637259,-6.523614385362741,6.523614385362741,50-75%
15.0,9.601051326480762,-5.398948673519238,5.398948673519238,50-75%
15.0,9.807117738285346,-5.192882261714654,5.192882261714654,50-75%
15.0,9.498617658574354,-5.501382341425646,5.501382341425646,50-75%
15.0,8.274925271433736,-6.725074728566264,6.725074728566264,50-75%
15.0,8.667174272709502,-6.332825727290498,6.332825727290498,50-75%
15.0,8.846574088179109,-6.153425911820891,6.153425911820891,50-75%
19.0,8.429376227579562,-10.570623772420438,10.570623772420438,75-100%
19.0,8.634191394862272,-10.365808605137728,10.365808605137728,75-100%
19.0,8.828157166474371,-10.171842833525629,10.171842833525629,75-100%
19.0,8.766995415390209,-10.233004584609791,10.233004584609791,75-100%
23.0,8.398415944884174,-14.601584055115826,14.601584055115826,75-100%
19.0,8.429376227579562,-10.570623772420438,10.570623772420438,75-100%
19.0,9.025502456479176,-9.974497543520824,9.974497543520824,75-100%
23.0,8.911888336470485,-14.088111663529515,14.088111663529515,75-100%
23.0,8.398415944884174,-14.601584055115826,14.601584055115826,75-100%
23.0,8.634191394862272,-14.365808605137728,14.365808605137728,75-100%
14.5,8.91890987734454,-5.581090122655461,5.581090122655461,50-75%
6.0,9.376169731919909,3.3761697319199087,3.3761697319199087,25-50%
23.0,8.398415944884174,-14.601584055115826,14.601584055115826,75-100%
14.5,8.502493215265481,-5.997506784734519,5.997506784734519,50-75%
14.5,8.91890987734454,-5.581090122655461,5.581090122655461,50-75%
6.0,9.511030096761168,3.511030096761168,3.511030096761168,25-50%
6.0,9.525298455081527,3.5252984550815274,3.5252984550815274,25-50%
6.0,9.608104006952793,3.608104006952793,3.608104006952793,25-50%
6.0,9.551412818400221,3.5514128184002214,3.5514128184002214,25-50%
23.0,8.453248198975414,-14.546751801024586,14.546751801024586,75-100%
14.5,8.502493215265481,-5.997506784734519,5.997506784734519,50-75%
14.5,8.63348182160557,-5.866518178394429,5.866518178394429,50-75%
14.5,8.932374453030695,-5.567625546969305,5.567625546969305,50-75%
6.0,9.571387464103601,3.5713874641036014,3.5713874641036014,25-50%
18.0,9.807580849719562,-8.192419150280438,8.192419150280438,75-100%
18.0,9.828786810727111,-8.171213189272889,8.171213189272889,75-100%
18.0,9.69723486997843,-8.30276513002157,8.30276513002157,75-100%
30.0,8.744321839989432,-21.255678160010568,21.255678160010568,75-100%
14.5,8.453248198975414,-6.046751801024586,6.046751801024586,50-75%
14.5,8.502493215265481,-5.997506784734519,5.997506784734519,50-75%
6.0,8.741042910112734,2.741042910112734,2.741042910112734,25-50%
18.0,9.717485568175077,-8.282514431824923,8.282514431824923,75-100%
18.0,9.792929822311821,-8.207070177688179,8.207070177688179,75-100%
18.0,10.461291328940803,-7.538708671059197,7.538708671059197,75-100%
18.0,10.113583842368463,-7.886416157631537,7.886416157631537,75-100%
18.0,9.80180311137183,-8.19819688862817,8.19819688862817,75-100%
30.0,8.751224677447524,-21.248775322552476,21.248775322552476,75-100%
30.0,9.377431253156134,-20.622568746843868,20.622568746843868,75-100%
6.0,8.332093476761901,2.3320934767619015,2.3320934767619015,25-50%
6.0,8.734147280270841,2.7341472802708413,2.7341472802708413,25-50%
18.0,8.911888336470485,-9.088111663529515,9.088111663529515,75-100%
18.0,10.081582696181536,-7.9184173038184635,7.9184173038184635,75-100%
30.0,10.319369924340041,-19.68063007565996,19.68063007565996,75-100%
30.0,10.235055486196742,-19.764944513803258,19.764944513803258,75-100%
30.0,9.524665824053944,-20.475334175946056,20.475334175946056,75-100%
30.0,9.941951966303591,-20.05804803369641,20.05804803369641,75-100%
6.0,8.297082147682778,2.2970821476827776,2.2970821476827776,25-50%
18.0,10.3242828959722,-7.6757171040278,7.6757171040278,75-100%
18.0,10.358451857302725,-7.641548142697275,7.641548142697275,75-100%
30.0,10.262786648032563,-19.737213351967437,19.737213351967437,75-100%
30.0,10.319369924340041,-19.68063007565996,19.68063007565996,75-100%
30.0,10.319369924340041,-19.68063007565996,19.68063007565996,75-100%
30.0,10.319369924340041,-19.68063007565996,19.68063007565996,75-100%
30.0,9.933135415236471,-20.06686458476353,20.06686458476353,75-100%
30.0,10.247030479803723,-19.752969520196277,19.752969520196277,75-100%
30.0,10.262786648032563,-19.737213351967437,19.737213351967437,75-100%
30.0,10.319369924340041,-19.68063007565996,19.68063007565996,75-100%
30.0,10.319369924340041,-19.68063007565996,19.68063007565996,75-100%
30.0,10.319369924340041,-19.68063007565996,19.68063007565996,75-100%
30.0,10.31024926622594,-19.689750733774062,19.689750733774062,75-100%
30.0,10.31024926622594,-19.689750733774062,19.689750733774062,75-100%
30.0,10.319369924340041,-19.68063007565996,19.68063007565996,75-100%
30.0,9.659080332784388,-20.340919667215612,20.340919667215612,75-100%
30.0,9.794255159678611,-20.205744840321387,20.205744840321387,75-100%
30.0,9.794255159678611,-20.205744840321387,20.205744840321387,75-100%
4.0,8.821746361532883,4.821746361532883,4.821746361532883,0-25%
4.0,8.821746361532883,4.821746361532883,4.821746361532883,0-25%
4.0,8.821746361532883,4.821746361532883,4.821746361532883,0-25%
4.0,8.821746361532883,4.821746361532883,4.821746361532883,0-25%
4.0,8.50167537416212,4.5016753741621205,4.5016753741621205,0-25%
4.0,9.112318474508982,5.112318474508982,5.112318474508982,0-25%
5.0,9.156879822128865,4.1568798221288645,4.1568798221288645,0-25%
5.0,9.156879822128865,4.1568798221288645,4.1568798221288645,0-25%
5.0,8.899673524101024,3.899673524101024,3.899673524101024,0-25%
5.0,8.899673524101024,3.899673524101024,3.899673524101024,0-25%
4.0,8.50167537416212,4.5016753741621205,4.5016753741621205,0-25%
4.0,8.50167537416212,4.5016753741621205,4.5016753741621205,0-25%
4.0,9.112318474508982,5.112318474508982,5.112318474508982,0-25%
5.0,9.486996403646094,4.486996403646094,4.486996403646094,0-25%
5.0,9.156879822128865,4.1568798221288645,4.1568798221288645,0-25%
5.0,9.162609431671797,4.162609431671797,4.162609431671797,0-25%
5.0,9.156879822128865,4.1568798221288645,4.1568798221288645,0-25%
5.0,9.156879822128865,4.1568798221288645,4.1568798221288645,0-25%
5.0,9.156879822128865,4.1568798221288645,4.1568798221288645,0-25%
5.0,8.899673524101024,3.899673524101024,3.899673524101024,0-25%
5.0,9.378089007932264,4.378089007932264,4.378089007932264,0-25%
5.0,9.070722917076676,4.070722917076676,4.070722917076676,0-25%
5.0,9.070722917076676,4.070722917076676,4.070722917076676,0-25%
5.0,9.070722917076676,4.070722917076676,4.070722917076676,0-25%
5.0,9.162609431671797,4.162609431671797,4.162609431671797,0-25%
5.0,9.156879822128865,4.1568798221288645,4.1568798221288645,0-25%
5.0,9.156879822128865,4.1568798221288645,4.1568798221288645,0-25%
5.0,8.899673524101024,3.899673524101024,3.899673524101024,0-25%
6.0,9.384303135794672,3.3843031357946725,3.3843031357946725,25-50%
5.0,9.070722917076676,4.070722917076676,4.070722917076676,0-25%
5.0,9.070722917076676,4.070722917076676,4.070722917076676,0-25%
5.0,9.162609431671797,4.162609431671797,4.162609431671797,0-25%
5.0,9.156879822128865,4.1568798221288645,4.1568798221288645,0-25%
5.0,9.156879822128865,4.1568798221288645,4.1568798221288645,0-25%
6.0,9.168694536008045,3.1686945360080454,3.1686945360080454,25-50%
5.0,9.176404821039547,4.176404821039547,4.176404821039547,0-25%
5.0,9.176404821039547,4.176404821039547,4.176404821039547,0-25%
5.0,9.156879822128865,4.1568798221288645,4.1568798221288645,0-25%
5.0,9.162609431671797,4.162609431671797,4.162609431671797,0-25%
6.0,9.168694536008045,3.1686945360080454,3.1686945360080454,25-50%
6.0,9.162961495724995,3.1629614957249945,3.1629614957249945,25-50%
6.0,9.162961495724995,3.1629614957249945,3.1629614957249945,25-50%
6.0,9.162961495724995,3.1629614957249945,3.1629614957249945,25-50%
6.0,9.162961495724995,3.1629614957249945,3.1629614957249945,25-50%
6.0,9.162961495724995,3.1629614957249945,3.1629614957249945,25-50%
6.0,9.162961495724995,3.1629614957249945,3.1629614957249945,25-50%
14.0,9.245202507596137,-4.754797492403863,4.754797492403863,50-75%
14.0,9.245202507596137,-4.754797492403863,4.754797492403863,50-75%
14.0,8.859676722095244,-5.140323277904756,5.140323277904756,50-75%
14.0,9.416533657109946,-4.583466342890054,4.583466342890054,50-75%
14.0,9.245202507596137,-4.754797492403863,4.754797492403863,50-75%
14.0,9.245202507596137,-4.754797492403863,4.754797492403863,50-75%
14.0,9.430814438867877,-4.569185561132123,4.569185561132123,50-75%
14.0,9.430814438867877,-4.569185561132123,4.569185561132123,50-75%
14.0,9.416533657109946,-4.583466342890054,4.583466342890054,50-75%
14.0,9.416533657109946,-4.583466342890054,4.583466342890054,50-75%
14.0,8.67525486212291,-5.324745137877089,5.324745137877089,50-75%
14.0,9.084869667121172,-4.915130332878828,4.915130332878828,50-75%
14.0,9.444973907218444,-4.5550260927815565,4.5550260927815565,50-75%
14.0,9.444973907218444,-4.5550260927815565,4.5550260927815565,50-75%
14.0,9.241345577552362,-4.758654422447638,4.758654422447638,50-75%
14.0,9.25538618126133,-4.744613818738671,4.744613818738671,50-75%
14.0,9.269307511844616,-4.730692488155384,4.730692488155384,50-75%
14.0,9.444973907218444,-4.5550260927815565,4.5550260927815565,50-75%
14.0,9.444973907218444,-4.5550260927815565,4.5550260927815565,50-75%
14.0,9.261032948550884,-4.738967051449116,4.738967051449116,50-75%
14.0,9.241345577552362,-4.758654422447638,4.758654422447638,50-75%
14.0,9.241345577552362,-4.758654422447638,4.758654422447638,50-75%
14.0,9.241345577552362,-4.758654422447638,4.758654422447638,50-75%
14.0,9.261032948550884,-4.738967051449116,4.738967051449116,50-75%
14.0,9.16351215545604,-4.83648784454396,4.83648784454396,50-75%
14.0,9.269307511844616,-4.730692488155384,4.730692488155384,50-75%
14.0,9.261032948550884,-4.738967051449116,4.738967051449116,50-75%
14.0,9.241345577552362,-4.758654422447638,4.758654422447638,50-75%
14.0,9.261032948550884,-4.738967051449116,4.738967051449116,50-75%
14.0,8.485002888076957,-5.5149971119230425,5.5149971119230425,50-75%
14.0,9.269307511844616,-4.730692488155384,4.730692488155384,50-75%
14.0,9.261032948550884,-4.738967051449116,4.738967051449116,50-75%
2.0,9.285639262975959,7.285639262975959,7.285639262975959,0-25%
2.0,9.400875792911052,7.400875792911052,7.400875792911052,0-25%
2.0,10.518236932595048,8.518236932595048,8.518236932595048,0-25%
2.0,10.507200566998382,8.507200566998382,8.507200566998382,0-25%
2.0,9.400875792911052,7.400875792911052,7.400875792911052,0-25%
2.0,9.949666526103746,7.949666526103746,7.949666526103746,0-25%
2.0,9.949666526103746,7.949666526103746,7.949666526103746,0-25%
0.0,9.246522397267823,9.246522397267823,9.246522397267823,0-25%
0.0,9.356969675569147,9.356969675569147,9.356969675569147,0-25%
2.0,9.670226781084361,7.670226781084361,7.670226781084361,0-25%
1.0,9.604433036114134,8.604433036114134,8.604433036114134,0-25%
0.6666666666666666,9.604433036114134,8.937766369447468,8.937766369447468,0-25%
0.6666666666666666,9.485757444732046,8.81909077806538,8.81909077806538,0-25%
0.6666666666666666,9.26168442483873,8.595017758172064,8.595017758172064,0-25%
0.6666666666666666,9.857601967732908,9.190935301066242,9.190935301066242,0-25%
0.0,9.912149630880215,9.912149630880215,9.912149630880215,0-25%
0.0,8.807988552987842,8.807988552987842,8.807988552987842,0-25%
2.0,9.400875792911052,7.400875792911052,7.400875792911052,0-25%
1.5,9.614603572314536,8.114603572314536,8.114603572314536,0-25%
1.0,9.595888443185132,8.595888443185132,8.595888443185132,0-25%
0.75,9.485850204283823,8.735850204283823,8.735850204283823,0-25%
0.75,9.26168442483873,8.51168442483873,8.51168442483873,0-25%
0.6666666666666666,9.26168442483873,8.595017758172064,8.595017758172064,0-25%
0.6666666666666666,9.912149630880215,9.245482964213549,9.245482964213549,0-25%
0.0,10.0257378021252,10.0257378021252,10.0257378021252,0-25%
0.0,9.331838518192264,9.331838518192264,9.331838518192264,0-25%
1.5,9.15577577992036,7.65577577992036,7.65577577992036,0-25%
1.0,9.761627100298977,8.761627100298977,8.761627100298977,0-25%
1.0,9.761627100298977,8.761627100298977,8.761627100298977,0-25%
0.75,9.595888443185132,8.845888443185132,8.845888443185132,0-25%
0.75,9.275614305068943,8.525614305068943,8.525614305068943,0-25%
0.75,8.991487638719654,8.241487638719654,8.241487638719654,0-25%
0.0,9.060945969782534,9.060945969782534,9.060945969782534,0-25%
0.0,9.60166377058409,9.60166377058409,9.60166377058409,0-25%
0.0,9.795142014617978,9.795142014617978,9.795142014617978,0-25%
0.0,9.211066990569478,9.211066990569478,9.211066990569478,0-25%
1.0,9.326654697924237,8.326654697924237,8.326654697924237,0-25%
1.0,9.761627100298977,8.761627100298977,8.761627100298977,0-25%
1.5,9.767697854547446,8.267697854547446,8.267697854547446,0-25%
1.0,9.791009558646625,8.791009558646625,8.791009558646625,0-25%
0.75,9.791009558646625,9.041009558646625,9.041009558646625,0-25%
0.75,9.265939684258338,8.515939684258338,8.515939684258338,0-25%
0.0,8.958716633797687,8.958716633797687,8.958716633797687,0-25%
0.0,9.246522397267823,9.246522397267823,9.246522397267823,0-25%
0.0,9.211066990569478,9.211066990569478,9.211066990569478,0-25%
1.0,9.761627100298977,8.761627100298977,8.761627100298977,0-25%
1.0,9.761627100298977,8.761627100298977,8.761627100298977,0-25%
1.0,9.767697854547446,8.767697854547446,8.767697854547446,0-25%
0.5,9.782314630435224,9.282314630435224,9.282314630435224,0-25%
0.5,9.791009558646625,9.291009558646625,9.291009558646625,0-25%
0.3333333333333333,9.382576569775118,9.049243236441784,9.049243236441784,0-25%
0.3333333333333333,9.206883355497618,8.873550022164284,8.873550022164284,0-25%
0.0,8.823305736994893,8.823305736994893,8.823305736994893,0-25%
0.0,9.183664838808058,9.183664838808058,9.183664838808058,0-25%
0.0,8.7277157273978,8.7277157273978,8.7277157273978,0-25%
1.0,9.791009558646625,8.791009558646625,8.791009558646625,0-25%
1.0,9.761627100298977,8.761627100298977,8.761627100298977,0-25%
1.0,9.761627100298977,8.761627100298977,8.761627100298977,0-25%
1.0,9.761627100298977,8.761627100298977,8.761627100298977,0-25%
1.0,9.670340356680388,8.670340356680388,8.670340356680388,0-25%
0.5,9.24223837436258,8.74223837436258,8.74223837436258,0-25%
0.3333333333333333,8.837916857974129,8.504583524640795,8.504583524640795,0-25%
0.0,8.26966858250358,8.26966858250358,8.26966858250358,0-25%
1.0,9.782314630435224,8.782314630435224,8.782314630435224,0-25%
1.0,9.761627100298977,8.761627100298977,8.761627100298977,0-25%
1.0,9.767697854547446,8.767697854547446,8.767697854547446,0-25%
9.0,10.960899493459605,1.9608994934596051,1.9608994934596051,50-75%
9.0,11.100139881480866,2.1001398814808656,2.1001398814808656,50-75%
9.0,10.379102331182377,1.3791023311823771,1.3791023311823771,50-75%
9.0,11.10863177058957,2.10863177058957,2.10863177058957,50-75%
9.0,10.960899493459605,1.9608994934596051,1.9608994934596051,50-75%
9.0,10.896519893033114,1.8965198930331137,1.8965198930331137,50-75%
9.0,11.053142697968664,2.0531426979686636,2.0531426979686636,50-75%
9.0,11.04343079752867,2.0434307975286696,2.0434307975286696,50-75%
9.0,9.461288350495854,0.46128835049585426,0.46128835049585426,50-75%
9.0,9.27200011851061,0.27200011851060957,0.27200011851060957,50-75%
9.0,9.27200011851061,0.27200011851060957,0.27200011851060957,50-75%
9.0,9.86752810381465,0.8675281038146494,0.8675281038146494,50-75%
9.0,9.548529157258999,0.548529157258999,0.548529157258999,50-75%
9.0,9.951966410513082,0.9519664105130818,0.9519664105130818,50-75%
9.0,9.951966410513082,0.9519664105130818,0.9519664105130818,50-75%
9.0,9.387083840473416,0.3870838404734158,0.3870838404734158,50-75%
9.0,9.86752810381465,0.8675281038146494,0.8675281038146494,50-75%
9.0,9.86752810381465,0.8675281038146494,0.8675281038146494,50-75%
9.0,9.951966410513082,0.9519664105130818,0.9519664105130818,50-75%
9.0,9.951966410513082,0.9519664105130818,0.9519664105130818,50-75%
9.0,9.27200011851061,0.27200011851060957,0.27200011851060957,50-75%
9.0,9.951966410513082,0.9519664105130818,0.9519664105130818,50-75%
9.0,9.739076791341441,0.7390767913414411,0.7390767913414411,50-75%
11.0,8.867363734993598,-2.1326362650064024,2.1326362650064024,50-75%
11.0,9.14662108889782,-1.8533789111021797,1.8533789111021797,50-75%
11.0,9.35090363925417,-1.6490963607458298,1.6490963607458298,50-75%
11.0,8.834965370210984,-2.165034629789016,2.165034629789016,50-75%
11.0,8.867363734993598,-2.1326362650064024,2.1326362650064024,50-75%
11.0,9.63516944250288,-1.36483055749712,1.36483055749712,50-75%
11.0,8.834965370210984,-2.165034629789016,2.165034629789016,50-75%
11.0,9.14662108889782,-1.8533789111021797,1.8533789111021797,50-75%
11.0,9.390060192706734,-1.6099398072932658,1.6099398072932658,50-75%
11.0,8.834965370210984,-2.165034629789016,2.165034629789016,50-75%
11.0,8.953863651176533,-2.0461363488234667,2.0461363488234667,50-75%
11.0,9.390060192706734,-1.6099398072932658,1.6099398072932658,50-75%
5.0,8.639937380335711,3.639937380335711,3.639937380335711,0-25%
5.0,8.186023438177061,3.1860234381770614,3.1860234381770614,0-25%
5.0,9.349685909479193,4.349685909479193,4.349685909479193,0-25%
5.0,9.312078380565518,4.312078380565518,4.312078380565518,0-25%
5.0,9.568818642098021,4.568818642098021,4.568818642098021,0-25%
5.0,9.652268211689808,4.652268211689808,4.652268211689808,0-25%
11.0,8.838914364319464,-2.1610856356805357,2.1610856356805357,50-75%
11.0,8.953863651176533,-2.0461363488234667,2.0461363488234667,50-75%
11.0,9.091074243999934,-1.908925756000066,1.908925756000066,50-75%
11.0,9.404164338583486,-1.5958356614165137,1.5958356614165137,50-75%
5.0,9.324650029656592,4.324650029656592,4.324650029656592,0-25%
5.0,9.199222521229999,4.1992225212299985,4.1992225212299985,0-25%
5.0,8.639937380335711,3.639937380335711,3.639937380335711,0-25%
5.0,9.301020473256337,4.301020473256337,4.301020473256337,0-25%
5.0,9.37929286818529,4.37929286818529,4.37929286818529,0-25%
5.0,9.652268211689808,4.652268211689808,4.652268211689808,0-25%
5.0,9.652268211689808,4.652268211689808,4.652268211689808,0-25%
11.0,8.838914364319464,-2.1610856356805357,2.1610856356805357,50-75%
11.0,8.953863651176533,-2.0461363488234667,2.0461363488234667,50-75%
5.0,9.596188266818043,4.596188266818043,4.596188266818043,0-25%
5.0,9.298922562931256,4.298922562931256,4.298922562931256,0-25%
5.0,8.710985891227786,3.7109858912277858,3.7109858912277858,0-25%
5.0,9.349685909479193,4.349685909479193,4.349685909479193,0-25%
5.0,9.405443982275225,4.405443982275225,4.405443982275225,0-25%
5.0,9.652268211689808,4.652268211689808,4.652268211689808,0-25%
5.0,9.59544727524436,4.595447275244361,4.595447275244361,0-25%
5.0,9.25911277073218,4.25911277073218,4.25911277073218,0-25%
14.0,8.34273694904968,-5.65726305095032,5.65726305095032,50-75%
14.0,8.377920206831735,-5.622079793168265,5.622079793168265,50-75%
5.0,10.456480102005784,5.456480102005784,5.456480102005784,0-25%
5.0,10.252745512094336,5.252745512094336,5.252745512094336,0-25%
5.0,9.312078380565518,4.312078380565518,4.312078380565518,0-25%
5.0,9.652268211689808,4.652268211689808,4.652268211689808,0-25%
5.0,9.652268211689808,4.652268211689808,4.652268211689808,0-25%
5.0,9.298922562931256,4.298922562931256,4.298922562931256,0-25%
5.0,9.257789399514438,4.257789399514438,4.257789399514438,0-25%
14.0,9.55269417518091,-4.4473058248190895,4.4473058248190895,50-75%
14.0,9.526172989751299,-4.473827010248701,4.473827010248701,50-75%
14.0,9.440150044013713,-4.559849955986287,4.559849955986287,50-75%
14.0,8.788877851452746,-5.211122148547254,5.211122148547254,50-75%
14.0,8.507191617022071,-5.492808382977929,5.492808382977929,50-75%
5.0,10.427687508558838,5.427687508558838,5.427687508558838,0-25%
5.0,10.456480102005784,5.456480102005784,5.456480102005784,0-25%
5.0,10.427687508558838,5.427687508558838,5.427687508558838,0-25%
5.0,9.652268211689808,4.652268211689808,4.652268211689808,0-25%
5.0,9.679107099931835,4.679107099931835,4.679107099931835,0-25%
14.0,9.526172989751299,-4.473827010248701,4.473827010248701,50-75%
14.0,9.526172989751299,-4.473827010248701,4.473827010248701,50-75%
14.0,9.347437382408057,-4.6525626175919435,4.6525626175919435,50-75%
14.0,8.781948359523186,-5.218051640476814,5.218051640476814,50-75%
14.0,8.781948359523186,-5.218051640476814,5.218051640476814,50-75%
5.0,10.427687508558838,5.427687508558838,5.427687508558838,0-25%
5.0,10.427687508558838,5.427687508558838,5.427687508558838,0-25%
5.0,10.456480102005784,5.456480102005784,5.456480102005784,0-25%
5.0,9.432122723423035,4.432122723423035,4.432122723423035,0-25%
14.0,9.568382356397258,-4.431617643602742,4.431617643602742,50-75%
14.0,9.55269417518091,-4.4473058248190895,4.4473058248190895,50-75%
14.0,9.55269417518091,-4.4473058248190895,4.4473058248190895,50-75%
14.0,9.506686664937,-4.493313335063,4.493313335063,50-75%
14.0,9.248335663023383,-4.751664336976617,4.751664336976617,50-75%
14.0,9.526172989751299,-4.473827010248701,4.473827010248701,50-75%
14.0,9.476796968809293,-4.523203031190707,4.523203031190707,50-75%
14.0,9.55269417518091,-4.4473058248190895,4.4473058248190895,50-75%
14.0,9.523845830692093,-4.476154169307907,4.476154169307907,50-75%
14.0,9.347437382408057,-4.6525626175919435,4.6525626175919435,50-75%
14.0,9.506686664937,-4.493313335063,4.493313335063,50-75%
19.0,9.31916595640065,-9.68083404359935,9.68083404359935,75-100%
19.0,8.797904791657766,-10.202095208342234,10.202095208342234,75-100%
19.0,9.316802414974042,-9.683197585025958,9.683197585025958,75-100%
19.0,9.149003599884725,-9.850996400115275,9.850996400115275,75-100%
19.0,9.383158752980801,-9.616841247019199,9.616841247019199,75-100%
19.0,9.383158752980801,-9.616841247019199,9.616841247019199,75-100%
11.0,9.697307251317136,-1.3026927486828637,1.3026927486828637,50-75%
3.0,9.585467671532172,6.585467671532172,6.585467671532172,0-25%
3.0,9.68219548247847,6.68219548247847,6.68219548247847,0-25%
19.0,9.271823342813715,-9.728176657186285,9.728176657186285,75-100%
19.0,9.316802414974042,-9.683197585025958,9.683197585025958,75-100%
19.0,9.316802414974042,-9.683197585025958,9.683197585025958,75-100%
19.0,9.331255409897985,-9.668744590102015,9.668744590102015,75-100%
11.0,9.58710260200209,-1.4128973979979094,1.4128973979979094,50-75%
11.0,9.572750460431527,-1.4272495395684732,1.4272495395684732,50-75%
3.0,9.599837076275152,6.599837076275152,6.599837076275152,0-25%
3.0,9.585467671532172,6.585467671532172,6.585467671532172,0-25%
3.0,9.301118774087847,6.301118774087847,6.301118774087847,0-25%
3.0,9.301118774087847,6.301118774087847,6.301118774087847,0-25%
19.0,9.238375798966914,-9.761624201033086,9.761624201033086,75-100%
19.0,9.316802414974042,-9.683197585025958,9.683197585025958,75-100%
19.0,9.316802414974042,-9.683197585025958,9.683197585025958,75-100%
19.0,8.67028411446749,-10.32971588553251,10.32971588553251,75-100%
19.0,8.495144031895755,-10.504855968104245,10.504855968104245,75-100%
11.0,9.415045168990204,-1.5849548310097958,1.5849548310097958,50-75%
11.0,9.534179784227883,-1.4658202157721174,1.4658202157721174,50-75%
3.0,9.490636573724037,6.4906365737240375,6.4906365737240375,0-25%
3.0,9.301118774087847,6.301118774087847,6.301118774087847,0-25%
3.0,9.301118774087847,6.301118774087847,6.301118774087847,0-25%
3.0,9.301118774087847,6.301118774087847,6.301118774087847,0-25%
19.0,9.43544029401982,-9.56455970598018,9.56455970598018,75-100%
19.0,9.214415735296722,-9.785584264703278,9.785584264703278,75-100%
11.0,8.486306786227397,-2.513693213772603,2.513693213772603,50-75%
11.0,8.668520998609365,-2.331479001390635,2.331479001390635,50-75%
11.0,9.473580364818101,-1.5264196351818988,1.5264196351818988,50-75%
3.0,9.438195970416608,6.438195970416608,6.438195970416608,0-25%
3.0,9.301118774087847,6.301118774087847,6.301118774087847,0-25%
3.0,9.24962553252349,6.24962553252349,6.24962553252349,0-25%
3.0,9.301118774087847,6.301118774087847,6.301118774087847,0-25%
19.0,8.236086450618668,-10.763913549381332,10.763913549381332,75-100%
19.0,8.677134503905759,-10.322865496094241,10.322865496094241,75-100%
11.0,8.486306786227397,-2.513693213772603,2.513693213772603,50-75%
11.0,8.846859058606642,-2.1531409413933584,2.1531409413933584,50-75%
3.0,9.20204189456811,6.20204189456811,6.20204189456811,0-25%
3.0,9.235286734389437,6.235286734389437,6.235286734389437,0-25%
3.0,9.301118774087847,6.301118774087847,6.301118774087847,0-25%
3.0,8.349178237131568,5.349178237131568,5.349178237131568,0-25%
3.0,8.579054246248237,5.579054246248237,5.579054246248237,0-25%
3.0,8.645895819606388,5.6458958196063875,5.6458958196063875,0-25%
3.0,9.235286734389437,6.235286734389437,6.235286734389437,0-25%
6.0,10.096295942855894,4.096295942855894,4.096295942855894,25-50%
6.0,10.179157945165406,4.1791579451654055,4.1791579451654055,25-50%
6.0,10.164003198536392,4.164003198536392,4.164003198536392,25-50%
6.0,10.164003198536392,4.164003198536392,4.164003198536392,25-50%
6.0,9.734376803945523,3.7343768039455227,3.7343768039455227,25-50%
6.0,9.84191415659586,3.8419141565958608,3.8419141565958608,25-50%
6.0,10.10771456257941,4.10771456257941,4.10771456257941,25-50%
6.0,10.164003198536392,4.164003198536392,4.164003198536392,25-50%
6.0,10.114385617482789,4.114385617482789,4.114385617482789,25-50%
6.0,9.734376803945523,3.7343768039455227,3.7343768039455227,25-50%
6.0,9.704281246946756,3.7042812469467563,3.7042812469467563,25-50%
6.0,10.10771456257941,4.10771456257941,4.10771456257941,25-50%
6.0,10.164003198536392,4.164003198536392,4.164003198536392,25-50%
6.0,9.89532552352166,3.8953255235216595,3.8953255235216595,25-50%
6.0,9.413566867992037,3.413566867992037,3.413566867992037,25-50%
6.0,10.147303285689235,4.147303285689235,4.147303285689235,25-50%
6.0,10.09265666639,4.092656666390001,4.092656666390001,25-50%
6.0,9.549817138737506,3.549817138737506,3.549817138737506,25-50%
6.0,9.84191415659586,3.8419141565958608,3.8419141565958608,25-50%
6.0,9.557290585747685,3.557290585747685,3.557290585747685,25-50%
6.0,9.703555197116389,3.7035551971163887,3.7035551971163887,25-50%
6.0,9.440440360109609,3.4404403601096085,3.4404403601096085,25-50%
6.0,10.353946498678148,4.353946498678148,4.353946498678148,25-50%
6.0,9.557290585747685,3.557290585747685,3.557290585747685,25-50%
6.0,9.549817138737506,3.549817138737506,3.549817138737506,25-50%
6.0,9.549817138737506,3.549817138737506,3.549817138737506,25-50%
6.0,10.014010034771966,4.014010034771966,4.014010034771966,25-50%
6.0,10.014010034771966,4.014010034771966,4.014010034771966,25-50%
6.0,9.723658624116,3.723658624116,3.723658624116,25-50%
6.0,10.014010034771966,4.014010034771966,4.014010034771966,25-50%
6.0,10.014010034771966,4.014010034771966,4.014010034771966,25-50%
6.0,10.014010034771966,4.014010034771966,4.014010034771966,25-50%
6.0,9.91831336361518,3.91831336361518,3.91831336361518,25-50%
6.0,9.787128097729845,3.7871280977298447,3.7871280977298447,25-50%
6.0,10.014010034771966,4.014010034771966,4.014010034771966,25-50%
6.0,10.014010034771966,4.014010034771966,4.014010034771966,25-50%
6.0,9.815166488388556,3.815166488388556,3.815166488388556,25-50%
6.0,9.841321706185052,3.8413217061850524,3.8413217061850524,25-50%
6.0,10.014010034771966,4.014010034771966,4.014010034771966,25-50%
6.0,10.014010034771966,4.014010034771966,4.014010034771966,25-50%
8.0,8.74752368711974,0.7475236871197399,0.7475236871197399,25-50%
8.0,8.281262888449744,0.2812628884497439,0.2812628884497439,25-50%
8.0,8.367692394078126,0.3676923940781265,0.3676923940781265,25-50%
8.0,8.82888285065188,0.8288828506518797,0.8288828506518797,25-50%
8.0,9.113385593337812,1.1133855933378118,1.1133855933378118,25-50%
8.0,9.113385593337812,1.1133855933378118,1.1133855933378118,25-50%
8.0,8.931194940034098,0.9311949400340982,0.9311949400340982,25-50%
8.0,8.931194940034098,0.9311949400340982,0.9311949400340982,25-50%
8.0,8.56703064379344,0.5670306437934407,0.5670306437934407,25-50%
8.0,8.94467619226621,0.9446761922662095,0.9446761922662095,25-50%
8.0,9.049035365182268,1.0490353651822684,1.0490353651822684,25-50%
8.0,9.113385593337812,1.1133855933378118,1.1133855933378118,25-50%
8.0,9.121541092849956,1.1215410928499558,1.1215410928499558,25-50%
8.0,9.035412641040402,1.035412641040402,1.035412641040402,25-50%
8.0,9.035412641040402,1.035412641040402,1.035412641040402,25-50%
8.0,9.20348540013449,1.2034854001344897,1.2034854001344897,25-50%
8.0,8.45970330042275,0.45970330042275087,0.45970330042275087,25-50%
8.0,9.035412641040402,1.035412641040402,1.035412641040402,25-50%
8.0,9.035412641040402,1.035412641040402,1.035412641040402,25-50%
8.0,9.04350526265982,1.0435052626598207,1.0435052626598207,25-50%
8.0,8.832958638271428,0.8329586382714282,0.8329586382714282,25-50%
8.0,9.035412641040402,1.035412641040402,1.035412641040402,25-50%
8.0,9.035412641040402,1.035412641040402,1.035412641040402,25-50%
8.0,9.035412641040402,1.035412641040402,1.035412641040402,25-50%
8.0,8.821393936178614,0.8213939361786142,0.8213939361786142,25-50%
8.0,9.035412641040402,1.035412641040402,1.035412641040402,25-50%
8.0,8.82888285065188,0.8288828506518797,0.8288828506518797,25-50%
8.0,9.035412641040402,1.035412641040402,1.035412641040402,25-50%
8.0,9.035412641040402,1.035412641040402,1.035412641040402,25-50%
8.0,9.04350526265982,1.0435052626598207,1.0435052626598207,25-50%
8.0,9.04350526265982,1.0435052626598207,1.0435052626598207,25-50%
8.0,9.035412641040402,1.035412641040402,1.035412641040402,25-50%
8.0,9.04350526265982,1.0435052626598207,1.0435052626598207,25-50%
8.0,8.82888285065188,0.8288828506518797,0.8288828506518797,25-50%
8.0,8.82888285065188,0.8288828506518797,0.8288828506518797,25-50%
8.0,8.78966421080074,0.7896642108007406,0.7896642108007406,25-50%
8.0,8.842225217775837,0.8422252177758374,0.8422252177758374,25-50%
3.0,9.563871424506123,6.563871424506123,6.563871424506123,0-25%
3.0,9.537117075615626,6.537117075615626,6.537117075615626,0-25%
3.0,9.584436821088358,6.584436821088358,6.584436821088358,0-25%
3.0,9.601835648296278,6.601835648296278,6.601835648296278,0-25%
3.0,9.314810665596012,6.314810665596012,6.314810665596012,0-25%
3.0,9.487463272359491,6.487463272359491,6.487463272359491,0-25%
3.0,9.544315311370339,6.5443153113703385,6.5443153113703385,0-25%
3.0,9.590487592906232,6.590487592906232,6.590487592906232,0-25%
3.0,9.557835859576532,6.557835859576532,6.557835859576532,0-25%
3.0,9.734887931578026,6.734887931578026,6.734887931578026,0-25%
12.0,9.644438390362197,-2.355561609637803,2.355561609637803,50-75%
12.0,9.365129295888087,-2.634870704111913,2.634870704111913,50-75%
3.0,9.378621666340587,6.378621666340587,6.378621666340587,0-25%
3.0,9.517815183823874,6.517815183823874,6.517815183823874,0-25%
3.0,9.590487592906232,6.590487592906232,6.590487592906232,0-25%
3.0,9.593820733550032,6.593820733550032,6.593820733550032,0-25%
3.0,9.628547469334796,6.628547469334796,6.628547469334796,0-25%
3.0,9.606857674183004,6.606857674183004,6.606857674183004,0-25%
12.0,9.728209640617973,-2.2717903593820274,2.2717903593820274,50-75%
12.0,9.755239866843933,-2.244760133156067,2.244760133156067,50-75%
12.0,9.826241798110713,-2.173758201889287,2.173758201889287,50-75%
12.0,9.648852368112028,-2.3511476318879723,2.3511476318879723,50-75%
12.0,9.493246930091,-2.5067530699089993,2.5067530699089993,50-75%
12.0,9.493246930091,-2.5067530699089993,2.5067530699089993,50-75%
3.0,9.183969845910095,6.183969845910095,6.183969845910095,0-25%
3.0,9.378621666340587,6.378621666340587,6.378621666340587,0-25%
3.0,9.563871424506123,6.563871424506123,6.563871424506123,0-25%
3.0,9.46683024577776,6.466830245777761,6.466830245777761,0-25%
3.0,9.601835648296278,6.601835648296278,6.601835648296278,0-25%
3.0,9.601835648296278,6.601835648296278,6.601835648296278,0-25%
7.5,9.769839731446055,2.269839731446055,2.269839731446055,25-50%
12.0,9.755239866843933,-2.244760133156067,2.244760133156067,50-75%
12.0,9.684853503924058,-2.3151464960759416,2.3151464960759416,50-75%
12.0,9.684853503924058,-2.3151464960759416,2.3151464960759416,50-75%
12.0,9.369847549594525,-2.6301524504054754,2.6301524504054754,50-75%
3.0,9.517815183823874,6.517815183823874,6.517815183823874,0-25%
3.0,9.590487592906232,6.590487592906232,6.590487592906232,0-25%
3.0,9.563871424506123,6.563871424506123,6.563871424506123,0-25%
3.0,9.606231959773012,6.606231959773012,6.606231959773012,0-25%
12.0,9.658887845808001,-2.3411121541919986,2.3411121541919986,50-75%
12.0,9.644438390362197,-2.355561609637803,2.355561609637803,50-75%
12.0,9.769839731446055,-2.230160268553945,2.230160268553945,50-75%
12.0,9.58810162446148,-2.41189837553852,2.41189837553852,50-75%
12.0,9.819120313183793,-2.1808796868162066,2.1808796868162066,50-75%
12.0,9.91397377663375,-2.0860262233662503,2.0860262233662503,50-75%
12.0,9.819120313183793,-2.1808796868162066,2.1808796868162066,50-75%
12.0,9.82926965402188,-2.1707303459781198,2.1707303459781198,50-75%
12.0,9.497598212589365,-2.5024017874106352,2.5024017874106352,50-75%
12.0,9.493246930091,-2.5067530699089993,2.5067530699089993,50-75%
12.0,9.819120313183793,-2.1808796868162066,2.1808796868162066,50-75%
12.0,9.941472044293404,-2.0585279557065963,2.0585279557065963,50-75%
12.0,9.941472044293404,-2.0585279557065963,2.0585279557065963,50-75%
12.0,9.91397377663375,-2.0860262233662503,2.0860262233662503,50-75%
12.0,9.410087040602281,-2.5899129593977186,2.5899129593977186,50-75%
12.0,9.497598212589365,-2.5024017874106352,2.5024017874106352,50-75%
12.0,9.819120313183793,-2.1808796868162066,2.1808796868162066,50-75%
12.0,9.82360672708219,-2.17639327291781,2.17639327291781,50-75%
12.0,9.941472044293404,-2.0585279557065963,2.0585279557065963,50-75%
4.0,8.97333794515357,4.97333794515357,4.97333794515357,0-25%
4.0,9.649039959975806,5.649039959975806,5.649039959975806,0-25%
4.0,9.60647978870558,5.606479788705579,5.606479788705579,0-25%
4.0,9.569306399372051,5.569306399372051,5.569306399372051,0-25%
4.0,9.649039959975806,5.649039959975806,5.649039959975806,0-25%
4.0,9.765953538902659,5.765953538902659,5.765953538902659,0-25%
4.0,9.993602459235689,5.993602459235689,5.993602459235689,0-25%
4.0,9.609108722144764,5.609108722144764,5.609108722144764,0-25%
4.0,9.609108722144764,5.609108722144764,5.609108722144764,0-25%
4.0,9.569306399372051,5.569306399372051,5.569306399372051,0-25%
4.0,10.009526349354651,6.009526349354651,6.009526349354651,0-25%
6.0,10.69680914433139,4.6968091443313895,4.6968091443313895,25-50%
6.0,10.69680914433139,4.6968091443313895,4.6968091443313895,25-50%
6.0,10.69680914433139,4.6968091443313895,4.6968091443313895,25-50%
6.0,10.69680914433139,4.6968091443313895,4.6968091443313895,25-50%
6.0,10.69680914433139,4.6968091443313895,4.6968091443313895,25-50%
6.0,10.44467125332324,4.444671253323239,4.444671253323239,25-50%
6.0,10.69680914433139,4.6968091443313895,4.6968091443313895,25-50%
6.0,10.69680914433139,4.6968091443313895,4.6968091443313895,25-50%
6.0,10.69680914433139,4.6968091443313895,4.6968091443313895,25-50%
6.0,10.69680914433139,4.6968091443313895,4.6968091443313895,25-50%
6.0,10.365162912218322,4.365162912218322,4.365162912218322,25-50%
6.0,9.859711133351672,3.859711133351672,3.859711133351672,25-50%
6.0,10.69680914433139,4.6968091443313895,4.6968091443313895,25-50%
6.0,10.69680914433139,4.6968091443313895,4.6968091443313895,25-50%
6.0,10.69680914433139,4.6968091443313895,4.6968091443313895,25-50%
6.0,10.69680914433139,4.6968091443313895,4.6968091443313895,25-50%
6.0,10.199986161020723,4.199986161020723,4.199986161020723,25-50%
6.0,10.315303539639864,4.315303539639864,4.315303539639864,25-50%
6.0,10.428660636126416,4.428660636126416,4.428660636126416,25-50%
6.0,10.69680914433139,4.6968091443313895,4.6968091443313895,25-50%
6.0,10.69680914433139,4.6968091443313895,4.6968091443313895,25-50%
6.0,10.69680914433139,4.6968091443313895,4.6968091443313895,25-50%
6.0,10.428660636126416,4.428660636126416,4.428660636126416,25-50%
6.0,10.315303539639864,4.315303539639864,4.315303539639864,25-50%
6.0,10.283579260824682,4.283579260824682,4.283579260824682,25-50%
6.0,10.69680914433139,4.6968091443313895,4.6968091443313895,25-50%
6.0,10.69680914433139,4.6968091443313895,4.6968091443313895,25-50%
6.0,10.484962537976028,4.484962537976028,4.484962537976028,25-50%
4.0,9.066258549925909,5.066258549925909,5.066258549925909,0-25%
4.0,9.066258549925909,5.066258549925909,5.066258549925909,0-25%
4.0,8.817268029388186,4.817268029388186,4.817268029388186,0-25%
4.0,9.163275611276527,5.163275611276527,5.163275611276527,0-25%
4.0,9.163275611276527,5.163275611276527,5.163275611276527,0-25%
4.0,9.066258549925909,5.066258549925909,5.066258549925909,0-25%
4.0,9.066258549925909,5.066258549925909,5.066258549925909,0-25%
4.0,9.066258549925909,5.066258549925909,5.066258549925909,0-25%
4.0,9.066258549925909,5.066258549925909,5.066258549925909,0-25%
4.0,8.817268029388186,4.817268029388186,4.817268029388186,0-25%
4.0,8.785034148148274,4.785034148148274,4.785034148148274,0-25%
4.0,9.066258549925909,5.066258549925909,5.066258549925909,0-25%
4.0,9.066258549925909,5.066258549925909,5.066258549925909,0-25%
4.0,8.817268029388186,4.817268029388186,4.817268029388186,0-25%
4.0,8.785034148148274,4.785034148148274,4.785034148148274,0-25%
4.0,9.278035080296874,5.278035080296874,5.278035080296874,0-25%
4.0,8.817268029388186,4.817268029388186,4.817268029388186,0-25%
4.0,9.066258549925909,5.066258549925909,5.066258549925909,0-25%
4.0,9.066258549925909,5.066258549925909,5.066258549925909,0-25%
4.0,9.409499767822787,5.409499767822787,5.409499767822787,0-25%
4.0,9.409499767822787,5.409499767822787,5.409499767822787,0-25%
4.0,9.409499767822787,5.409499767822787,5.409499767822787,0-25%
4.0,9.44771237739482,5.44771237739482,5.44771237739482,0-25%
4.0,9.39396883117975,5.39396883117975,5.39396883117975,0-25%
3.0,9.39396883117975,6.39396883117975,6.39396883117975,0-25%
2.0,9.447099188166879,7.447099188166879,7.447099188166879,0-25%
2.0,9.50546764491619,7.505467644916189,7.505467644916189,0-25%
4.0,9.278035080296874,5.278035080296874,5.278035080296874,0-25%
4.0,9.452040446012656,5.452040446012656,5.452040446012656,0-25%
4.0,9.509310707942873,5.509310707942873,5.509310707942873,0-25%
3.0,9.417809060306482,6.417809060306482,6.417809060306482,0-25%
3.0,9.44771237739482,6.44771237739482,6.44771237739482,0-25%
3.0,9.447099188166879,6.447099188166879,6.447099188166879,0-25%
2.0,9.412756620418943,7.412756620418943,7.412756620418943,0-25%
4.0,9.452040446012656,5.452040446012656,5.452040446012656,0-25%
4.0,9.506084260062492,5.506084260062492,5.506084260062492,0-25%
4.0,9.447099188166879,5.447099188166879,5.447099188166879,0-25%
4.0,9.551758583871901,5.5517585838719015,5.5517585838719015,0-25%
3.0,9.50546764491619,6.505467644916189,6.505467644916189,0-25%
3.0,9.50546764491619,6.505467644916189,6.505467644916189,0-25%
3.0,9.603740534779783,6.603740534779783,6.603740534779783,0-25%
3.0,9.551758583871901,6.5517585838719015,6.5517585838719015,0-25%
2.0,9.361710916152322,7.361710916152322,7.361710916152322,0-25%
2.0,9.361710916152322,7.361710916152322,7.361710916152322,0-25%
2.0,9.361710916152322,7.361710916152322,7.361710916152322,0-25%
4.0,9.452040446012656,5.452040446012656,5.452040446012656,0-25%
4.0,9.551758583871901,5.5517585838719015,5.5517585838719015,0-25%
4.0,9.551758583871901,5.5517585838719015,5.5517585838719015,0-25%
4.0,9.551758583871901,5.5517585838719015,5.5517585838719015,0-25%
3.0,9.61071177781013,6.610711777810129,6.610711777810129,0-25%
3.0,9.635485117282244,6.6354851172822436,6.6354851172822436,0-25%
3.0,9.583347547201692,6.583347547201692,6.583347547201692,0-25%
3.0,9.583347547201692,6.583347547201692,6.583347547201692,0-25%
2.0,9.347664321198785,7.347664321198785,7.347664321198785,0-25%
2.0,9.347664321198785,7.347664321198785,7.347664321198785,0-25%
2.0,9.347664321198785,7.347664321198785,7.347664321198785,0-25%
4.0,9.551758583871901,5.5517585838719015,5.5517585838719015,0-25%
4.0,9.583347547201692,5.583347547201692,5.583347547201692,0-25%
4.0,9.583347547201692,5.583347547201692,5.583347547201692,0-25%
3.0,9.583347547201692,6.583347547201692,6.583347547201692,0-25%
3.0,9.583347547201692,6.583347547201692,6.583347547201692,0-25%
3.0,9.583347547201692,6.583347547201692,6.583347547201692,0-25%
2.0,9.583347547201692,7.583347547201692,7.583347547201692,0-25%
2.0,9.642477230230973,7.642477230230973,7.642477230230973,0-25%
2.0,9.347664321198785,7.347664321198785,7.347664321198785,0-25%
2.0,9.347664321198785,7.347664321198785,7.347664321198785,0-25%
4.0,9.583347547201692,5.583347547201692,5.583347547201692,0-25%
4.0,9.583347547201692,5.583347547201692,5.583347547201692,0-25%
2.0,9.583347547201692,7.583347547201692,7.583347547201692,0-25%
2.0,9.583347547201692,7.583347547201692,7.583347547201692,0-25%
2.0,9.583347547201692,7.583347547201692,7.583347547201692,0-25%
2.0,9.642477230230973,7.642477230230973,7.642477230230973,0-25%
2.0,9.347664321198785,7.347664321198785,7.347664321198785,0-25%
4.0,8.780257671983543,4.780257671983543,4.780257671983543,0-25%
4.0,9.462387739896817,5.462387739896817,5.462387739896817,0-25%
4.0,9.462387739896817,5.462387739896817,5.462387739896817,0-25%
4.0,8.780257671983543,4.780257671983543,4.780257671983543,0-25%
4.0,8.792964983886824,4.792964983886824,4.792964983886824,0-25%
4.0,8.61326672097843,4.61326672097843,4.61326672097843,0-25%
4.0,9.461267084663614,5.461267084663614,5.461267084663614,0-25%
4.0,9.516485056153183,5.516485056153183,5.516485056153183,0-25%
4.0,9.462387739896817,5.462387739896817,5.462387739896817,0-25%
4.0,9.011009989875426,5.011009989875426,5.011009989875426,0-25%
4.0,8.61326672097843,4.61326672097843,4.61326672097843,0-25%
4.0,8.375481026020099,4.375481026020099,4.375481026020099,0-25%
4.0,8.61326672097843,4.61326672097843,4.61326672097843,0-25%
4.0,9.458055386584698,5.458055386584698,5.458055386584698,0-25%
4.0,9.404258635421758,5.404258635421758,5.404258635421758,0-25%
4.0,9.011009989875426,5.011009989875426,5.011009989875426,0-25%
4.0,8.608576821932278,4.608576821932278,4.608576821932278,0-25%
6.0,8.216889516684025,2.2168895166840255,2.2168895166840255,25-50%
6.0,8.25000026766677,2.2500002676667705,2.2500002676667705,25-50%
6.0,8.198607197048377,2.1986071970483767,2.1986071970483767,25-50%
6.0,8.25000026766677,2.2500002676667705,2.2500002676667705,25-50%
4.0,9.462387739896817,5.462387739896817,5.462387739896817,0-25%
4.0,9.462387739896817,5.462387739896817,5.462387739896817,0-25%
4.0,9.171356763089594,5.1713567630895945,5.1713567630895945,0-25%
4.0,9.171356763089594,5.1713567630895945,5.1713567630895945,0-25%
4.0,9.203120826428066,5.203120826428066,5.203120826428066,0-25%
5.0,8.245243953967915,3.2452439539679148,3.2452439539679148,0-25%
6.0,8.216889516684025,2.2168895166840255,2.2168895166840255,25-50%
6.0,8.204929717985745,2.2049297179857454,2.2049297179857454,25-50%
6.0,8.42135898231238,2.4213589823123804,2.4213589823123804,25-50%
6.0,8.371877126486714,2.371877126486714,2.371877126486714,25-50%
4.0,9.171356763089594,5.1713567630895945,5.1713567630895945,0-25%
4.0,9.115663847882557,5.115663847882557,5.115663847882557,0-25%
5.0,8.233247362666066,3.2332473626660665,3.2332473626660665,0-25%
6.0,8.204929717985745,2.2049297179857454,2.2049297179857454,25-50%
6.0,8.505744228197717,2.5057442281977167,2.5057442281977167,25-50%
6.0,8.558853288508164,2.558853288508164,2.558853288508164,25-50%
6.0,8.231089798527638,2.2310897985276377,2.2310897985276377,25-50%
6.0,8.473996578105641,2.473996578105641,2.473996578105641,25-50%
6.0,8.479093340823402,2.479093340823402,2.479093340823402,25-50%
6.0,8.418466544876324,2.418466544876324,2.418466544876324,25-50%
6.0,8.505744228197717,2.5057442281977167,2.5057442281977167,25-50%
6.0,8.444236729368534,2.4442367293685336,2.4442367293685336,25-50%
4.0,9.221624186863291,5.221624186863291,5.221624186863291,0-25%
4.0,9.221624186863291,5.221624186863291,5.221624186863291,0-25%
4.0,9.246812665707921,5.246812665707921,5.246812665707921,0-25%
6.0,8.600973097832318,2.600973097832318,2.600973097832318,25-50%
6.0,8.558853288508164,2.558853288508164,2.558853288508164,25-50%
6.0,8.558853288508164,2.558853288508164,2.558853288508164,25-50%
6.0,8.648271120078793,2.6482711200787925,2.6482711200787925,25-50%
6.0,8.600973097832318,2.600973097832318,2.600973097832318,25-50%
6.0,8.39793893017039,2.3979389301703904,2.3979389301703904,25-50%
6.0,8.39793893017039,2.3979389301703904,2.3979389301703904,25-50%
6.0,8.39793893017039,2.3979389301703904,2.3979389301703904,25-50%
4.0,9.334254126018504,5.334254126018504,5.334254126018504,0-25%
4.0,9.462387739896817,5.462387739896817,5.462387739896817,0-25%
4.0,9.51746483500867,5.517464835008671,5.517464835008671,0-25%
6.0,8.654614206518916,2.654614206518916,2.654614206518916,25-50%
6.0,8.67715529897518,2.6771552989751797,2.6771552989751797,25-50%
6.0,8.629715679905916,2.6297156799059156,2.6297156799059156,25-50%
6.0,8.629715679905916,2.6297156799059156,2.6297156799059156,25-50%
6.0,8.38519884867049,2.3851988486704894,2.3851988486704894,25-50%
6.0,8.38519884867049,2.3851988486704894,2.3851988486704894,25-50%
4.0,9.458055386584698,5.458055386584698,5.458055386584698,0-25%
4.0,9.566599011396839,5.566599011396839,5.566599011396839,0-25%
4.0,9.51746483500867,5.517464835008671,5.517464835008671,0-25%
4.0,9.548951132610595,5.548951132610595,5.548951132610595,0-25%
4.0,9.71911059644654,5.719110596446541,5.719110596446541,0-25%
4.0,9.488010434421524,5.488010434421524,5.488010434421524,0-25%
4.0,9.709947851555105,5.709947851555105,5.709947851555105,0-25%
4.0,9.657445248193632,5.657445248193632,5.657445248193632,0-25%
4.0,9.556983362740976,5.556983362740976,5.556983362740976,0-25%
4.0,9.548951132610595,5.548951132610595,5.548951132610595,0-25%
4.0,9.678895578298444,5.6788955782984445,5.6788955782984445,0-25%
4.0,9.866943808822068,5.866943808822068,5.866943808822068,0-25%
4.0,9.545326208102889,5.545326208102889,5.545326208102889,0-25%
4.0,9.545326208102889,5.545326208102889,5.545326208102889,0-25%
4.0,9.498328684278421,5.498328684278421,5.498328684278421,0-25%
4.0,9.545326208102889,5.545326208102889,5.545326208102889,0-25%
4.0,9.545326208102889,5.545326208102889,5.545326208102889,0-25%
4.0,9.656134318306318,5.656134318306318,5.656134318306318,0-25%
4.0,9.614840340956246,5.6148403409562455,5.6148403409562455,0-25%
4.0,9.545326208102889,5.545326208102889,5.545326208102889,0-25%
4.0,9.545326208102889,5.545326208102889,5.545326208102889,0-25%
4.0,9.545326208102889,5.545326208102889,5.545326208102889,0-25%
4.0,9.556983362740976,5.556983362740976,5.556983362740976,0-25%
8.0,9.024492556499766,1.0244925564997658,1.0244925564997658,25-50%
8.0,8.968796400936334,0.9687964009363341,0.9687964009363341,25-50%
8.0,9.024492556499766,1.0244925564997658,1.0244925564997658,25-50%
8.0,8.981748677800152,0.9817486778001516,0.9817486778001516,25-50%
8.0,8.968796400936334,0.9687964009363341,0.9687964009363341,25-50%
8.0,9.023418805428506,1.0234188054285056,1.0234188054285056,25-50%
8.0,9.024492556499766,1.0244925564997658,1.0244925564997658,25-50%
8.0,8.968796400936334,0.9687964009363341,0.9687964009363341,25-50%
8.0,9.023922151735883,1.0239221517358832,1.0239221517358832,25-50%
8.0,9.079926297579043,1.0799262975790427,1.0799262975790427,25-50%
8.0,8.863849269550625,0.8638492695506255,0.8638492695506255,25-50%
8.0,8.995818468962433,0.9958184689624332,0.9958184689624332,25-50%
8.0,9.020341530499854,1.020341530499854,1.020341530499854,25-50%
8.0,9.023922151735883,1.0239221517358832,1.0239221517358832,25-50%
8.0,8.826291134315715,0.8262911343157153,0.8262911343157153,25-50%
8.0,8.850477588320246,0.8504775883202456,0.8504775883202456,25-50%
8.0,9.079926297579043,1.0799262975790427,1.0799262975790427,25-50%
8.0,9.174218481454787,1.174218481454787,1.174218481454787,25-50%
8.0,9.124342145468034,1.1243421454680345,1.1243421454680345,25-50%
8.0,8.778120417418675,0.7781204174186751,0.7781204174186751,25-50%
8.0,8.778120417418675,0.7781204174186751,0.7781204174186751,25-50%
8.0,8.778120417418675,0.7781204174186751,0.7781204174186751,25-50%
8.0,8.778120417418675,0.7781204174186751,0.7781204174186751,25-50%
8.0,9.154651545576966,1.1546515455769661,1.1546515455769661,25-50%
8.0,9.154651545576966,1.1546515455769661,1.1546515455769661,25-50%
8.0,8.76486495236837,0.7648649523683702,0.7648649523683702,25-50%
8.0,8.76486495236837,0.7648649523683702,0.7648649523683702,25-50%
8.0,8.76486495236837,0.7648649523683702,0.7648649523683702,25-50%
13.0,9.754721546694636,-3.245278453305364,3.245278453305364,50-75%
13.0,9.866344254489906,-3.1336557455100937,3.1336557455100937,50-75%
13.0,9.866344254489906,-3.1336557455100937,3.1336557455100937,50-75%
13.0,9.976767986036519,-3.023232013963481,3.023232013963481,50-75%
13.0,9.862609235098551,-3.1373907649014487,3.1373907649014487,50-75%
13.0,10.092473559895263,-2.9075264401047374,2.9075264401047374,50-75%
13.0,10.03809572839833,-2.9619042716016697,2.9619042716016697,50-75%
13.0,9.934045659844635,-3.065954340155365,3.065954340155365,50-75%
13.0,9.976767986036519,-3.023232013963481,3.023232013963481,50-75%
13.0,9.976767986036519,-3.023232013963481,3.023232013963481,50-75%
13.0,9.972951176726628,-3.027048823273372,3.027048823273372,50-75%
13.0,9.921972148245993,-3.0780278517540065,3.0780278517540065,50-75%
13.0,9.921972148245993,-3.0780278517540065,3.0780278517540065,50-75%
13.0,9.873296020441341,-3.126703979558659,3.126703979558659,50-75%
13.0,9.921972148245993,-3.0780278517540065,3.0780278517540065,50-75%
13.0,9.921972148245993,-3.0780278517540065,3.0780278517540065,50-75%
13.0,9.873296020441341,-3.126703979558659,3.126703979558659,50-75%
13.0,9.873296020441341,-3.126703979558659,3.126703979558659,50-75%
13.0,9.718388431851722,-3.2816115681482785,3.2816115681482785,50-75%
13.0,9.921972148245993,-3.0780278517540065,3.0780278517540065,50-75%
13.0,9.921972148245993,-3.0780278517540065,3.0780278517540065,50-75%
13.0,9.921972148245993,-3.0780278517540065,3.0780278517540065,50-75%
13.0,9.934045659844635,-3.065954340155365,3.065954340155365,50-75%
13.0,9.873296020441341,-3.126703979558659,3.126703979558659,50-75%
13.0,9.976767986036519,-3.023232013963481,3.023232013963481,50-75%
13.0,9.976767986036519,-3.023232013963481,3.023232013963481,50-75%
13.0,9.718388431851722,-3.2816115681482785,3.2816115681482785,50-75%
13.0,9.873296020441341,-3.126703979558659,3.126703979558659,50-75%
13.0,9.934045659844635,-3.065954340155365,3.065954340155365,50-75%
13.0,10.03809572839833,-2.9619042716016697,2.9619042716016697,50-75%
13.0,9.976767986036519,-3.023232013963481,3.023232013963481,50-75%
13.0,9.976767986036519,-3.023232013963481,3.023232013963481,50-75%
13.0,9.976767986036519,-3.023232013963481,3.023232013963481,50-75%
13.0,9.873296020441341,-3.126703979558659,3.126703979558659,50-75%
13.0,9.976767986036519,-3.023232013963481,3.023232013963481,50-75%
13.0,9.976767986036519,-3.023232013963481,3.023232013963481,50-75%
13.0,9.976767986036519,-3.023232013963481,3.023232013963481,50-75%
13.0,9.976767986036519,-3.023232013963481,3.023232013963481,50-75%
13.0,9.976767986036519,-3.023232013963481,3.023232013963481,50-75%
2.0,7.102666015173255,5.102666015173255,5.102666015173255,0-25%
2.0,7.102666015173255,5.102666015173255,5.102666015173255,0-25%
2.0,8.068429939233647,6.068429939233647,6.068429939233647,0-25%
2.0,7.345256830647014,5.345256830647014,5.345256830647014,0-25%
2.0,7.912696493048286,5.912696493048286,5.912696493048286,0-25%
2.0,8.339935368422722,6.339935368422722,6.339935368422722,0-25%
2.0,8.408847170796754,6.408847170796754,6.408847170796754,0-25%
2.0,8.408847170796754,6.408847170796754,6.408847170796754,0-25%
2.0,8.408847170796754,6.408847170796754,6.408847170796754,0-25%
3.0,8.710973336748355,5.710973336748355,5.710973336748355,0-25%
3.0,8.710973336748355,5.710973336748355,5.710973336748355,0-25%
3.0,8.710973336748355,5.710973336748355,5.710973336748355,0-25%
3.0,8.710973336748355,5.710973336748355,5.710973336748355,0-25%
2.0,8.033823808892567,6.033823808892567,6.033823808892567,0-25%
2.0,7.912696493048286,5.912696493048286,5.912696493048286,0-25%
2.0,7.978456046527121,5.978456046527121,5.978456046527121,0-25%
2.0,8.408847170796754,6.408847170796754,6.408847170796754,0-25%
2.0,8.439263197856347,6.439263197856347,6.439263197856347,0-25%
2.0,8.439263197856347,6.439263197856347,6.439263197856347,0-25%
2.0,8.833240052592664,6.833240052592664,6.833240052592664,0-25%
3.0,8.849873649230064,5.849873649230064,5.849873649230064,0-25%
3.0,8.93011254885831,5.930112548858309,5.930112548858309,0-25%
3.0,8.045835824127941,5.045835824127941,5.045835824127941,0-25%
3.0,8.045835824127941,5.045835824127941,5.045835824127941,0-25%
3.0,7.979582771091322,4.979582771091322,4.979582771091322,0-25%
3.0,9.37127553518471,6.37127553518471,6.37127553518471,0-25%
2.0,9.37127553518471,7.37127553518471,7.37127553518471,0-25%
2.0,8.033823808892567,6.033823808892567,6.033823808892567,0-25%
2.0,7.978456046527121,5.978456046527121,5.978456046527121,0-25%
2.0,7.978456046527121,5.978456046527121,5.978456046527121,0-25%
2.0,8.439263197856347,6.439263197856347,6.439263197856347,0-25%
2.0,8.497467454952218,6.4974674549522184,6.4974674549522184,0-25%
2.0,8.467600069086542,6.467600069086542,6.467600069086542,0-25%
2.0,8.424234304988772,6.424234304988772,6.424234304988772,0-25%
3.0,8.78212623443135,5.782126234431351,5.782126234431351,0-25%
3.0,8.777607306603883,5.777607306603883,5.777607306603883,0-25%
3.0,8.972224770627866,5.972224770627866,5.972224770627866,0-25%
3.0,8.93011254885831,5.930112548858309,5.930112548858309,0-25%
3.0,8.045835824127941,5.045835824127941,5.045835824127941,0-25%
3.0,7.979582771091322,4.979582771091322,4.979582771091322,0-25%
3.0,7.979582771091322,4.979582771091322,4.979582771091322,0-25%
2.5,9.29531476368174,6.7953147636817395,6.7953147636817395,0-25%
2.0,9.37127553518471,7.37127553518471,7.37127553518471,0-25%
2.0,9.320841912852117,7.320841912852117,7.320841912852117,0-25%
2.0,7.879595252425717,5.879595252425717,5.879595252425717,0-25%
2.0,8.49747263597527,6.497472635975271,6.497472635975271,0-25%
2.0,8.482351063902653,6.482351063902653,6.482351063902653,0-25%
2.0,9.215360746124547,7.2153607461245475,7.2153607461245475,0-25%
3.0,8.746603023975945,5.746603023975945,5.746603023975945,0-25%
3.0,7.5796605041612475,4.5796605041612475,4.5796605041612475,0-25%
3.0,7.68623355487024,4.68623355487024,4.68623355487024,0-25%
3.0,8.045835824127941,5.045835824127941,5.045835824127941,0-25%
3.0,7.979582771091322,4.979582771091322,4.979582771091322,0-25%
3.0,8.045835824127941,5.045835824127941,5.045835824127941,0-25%
3.0,9.37127553518471,6.37127553518471,6.37127553518471,0-25%
2.0,9.320841912852117,7.320841912852117,7.320841912852117,0-25%
2.0,9.194213541465398,7.194213541465398,7.194213541465398,0-25%
2.0,8.033823808892567,6.033823808892567,6.033823808892567,0-25%
2.0,8.482351063902653,6.482351063902653,6.482351063902653,0-25%
2.0,9.215360746124547,7.2153607461245475,7.2153607461245475,0-25%
3.0,8.692129163503665,5.692129163503665,5.692129163503665,0-25%
3.0,7.489707380264877,4.489707380264877,4.489707380264877,0-25%
3.0,7.649552011662122,4.649552011662122,4.649552011662122,0-25%
3.0,7.586201400473367,4.586201400473367,4.586201400473367,0-25%
3.0,8.045835824127941,5.045835824127941,5.045835824127941,0-25%
3.0,8.084197951691184,5.084197951691184,5.084197951691184,0-25%
2.0,9.141824464862049,7.141824464862049,7.141824464862049,0-25%
2.0,8.956000845276858,6.956000845276858,6.956000845276858,0-25%
3.0,7.5167134342099,4.5167134342099,4.5167134342099,0-25%
3.0,7.649552011662122,4.649552011662122,4.649552011662122,0-25%
3.0,8.972224770627866,5.972224770627866,5.972224770627866,0-25%
3.0,8.045835824127941,5.045835824127941,5.045835824127941,0-25%
9.0,9.112977996417166,0.11297799641716644,0.11297799641716644,50-75%
9.0,8.872143810576146,-0.1278561894238539,0.1278561894238539,50-75%
9.0,8.872143810576146,-0.1278561894238539,0.1278561894238539,50-75%
9.0,9.112977996417166,0.11297799641716644,0.11297799641716644,50-75%
15.0,9.023764773015245,-5.976235226984755,5.976235226984755,50-75%
9.0,8.69431336469773,-0.30568663530226914,0.30568663530226914,50-75%
9.0,8.839521423946097,-0.1604785760539027,0.1604785760539027,50-75%
9.0,8.872143810576146,-0.1278561894238539,0.1278561894238539,50-75%
9.0,8.872143810576146,-0.1278561894238539,0.1278561894238539,50-75%
9.0,9.020015535929563,0.020015535929562844,0.020015535929562844,50-75%
12.0,9.06046330342137,-2.93953669657863,2.93953669657863,50-75%
15.0,8.56114529753406,-6.438854702465941,6.438854702465941,50-75%
15.0,8.704748225399179,-6.295251774600821,6.295251774600821,50-75%
15.0,9.374574141992552,-5.625425858007448,5.625425858007448,50-75%
9.0,8.839521423946097,-0.1604785760539027,0.1604785760539027,50-75%
9.0,8.669949474482607,-0.3300505255173931,0.3300505255173931,50-75%
9.0,8.69431336469773,-0.30568663530226914,0.30568663530226914,50-75%
9.0,8.706975520347799,-0.29302447965220146,0.29302447965220146,50-75%
9.0,8.99483308625136,-0.005166913748640312,0.005166913748640312,50-75%
12.0,9.035179199821993,-2.964820800178007,2.964820800178007,50-75%
12.0,8.98626314726877,-3.0137368527312294,3.0137368527312294,50-75%
12.0,8.98626314726877,-3.0137368527312294,3.0137368527312294,50-75%
15.0,9.11327419870888,-5.886725801291121,5.886725801291121,50-75%
15.0,9.11327419870888,-5.886725801291121,5.886725801291121,50-75%
15.0,8.889903285881598,-6.110096714118402,6.110096714118402,50-75%
9.0,8.69431336469773,-0.30568663530226914,0.30568663530226914,50-75%
9.0,8.69431336469773,-0.30568663530226914,0.30568663530226914,50-75%
9.0,8.69431336469773,-0.30568663530226914,0.30568663530226914,50-75%
9.0,8.706975520347799,-0.29302447965220146,0.29302447965220146,50-75%
9.0,8.706975520347799,-0.29302447965220146,0.29302447965220146,50-75%
12.0,9.08756191212285,-2.9124380878771507,2.9124380878771507,50-75%
12.0,8.98626314726877,-3.0137368527312294,3.0137368527312294,50-75%
15.0,8.576979570031819,-6.423020429968181,6.423020429968181,50-75%
15.0,8.876496285173838,-6.123503714826162,6.123503714826162,50-75%
9.0,9.640364579860062,0.6403645798600621,0.6403645798600621,50-75%
9.0,9.338099472404375,0.3380994724043749,0.3380994724043749,50-75%
9.0,9.45306636711759,0.4530663671175894,0.4530663671175894,50-75%
9.0,8.669949474482607,-0.3300505255173931,0.3300505255173931,50-75%
9.0,8.669949474482607,-0.3300505255173931,0.3300505255173931,50-75%
9.0,8.669949474482607,-0.3300505255173931,0.3300505255173931,50-75%
9.0,8.706975520347799,-0.29302447965220146,0.29302447965220146,50-75%
9.0,8.99483308625136,-0.005166913748640312,0.005166913748640312,50-75%
12.0,9.08756191212285,-2.9124380878771507,2.9124380878771507,50-75%
15.0,9.166064559720075,-5.833935440279925,5.833935440279925,50-75%
15.0,9.03404709305641,-5.96595290694359,5.96595290694359,50-75%
15.0,9.11327419870888,-5.886725801291121,5.886725801291121,50-75%
9.0,9.73908243795939,0.7390824379593894,0.7390824379593894,50-75%
9.0,9.73908243795939,0.7390824379593894,0.7390824379593894,50-75%
9.0,9.338099472404375,0.3380994724043749,0.3380994724043749,50-75%
9.0,9.338099472404375,0.3380994724043749,0.3380994724043749,50-75%
9.0,9.338099472404375,0.3380994724043749,0.3380994724043749,50-75%
9.0,8.746470948360784,-0.2535290516392159,0.2535290516392159,50-75%
9.0,8.669949474482607,-0.3300505255173931,0.3300505255173931,50-75%
9.0,8.706975520347799,-0.29302447965220146,0.29302447965220146,50-75%
9.0,8.706975520347799,-0.29302447965220146,0.29302447965220146,50-75%
15.0,8.899025093933716,-6.100974906066284,6.100974906066284,50-75%
15.0,9.140515057497995,-5.8594849425020055,5.8594849425020055,50-75%
15.0,8.716010645670064,-6.283989354329936,6.283989354329936,50-75%
9.0,8.866293562429354,-0.13370643757064649,0.13370643757064649,50-75%
9.0,9.338099472404375,0.3380994724043749,0.3380994724043749,50-75%
9.0,9.73908243795939,0.7390824379593894,0.7390824379593894,50-75%
9.0,9.71209281882015,0.7120928188201496,0.7120928188201496,50-75%
9.0,9.338099472404375,0.3380994724043749,0.3380994724043749,50-75%
9.0,9.338099472404375,0.3380994724043749,0.3380994724043749,50-75%
9.0,9.312117609522168,0.3121176095221685,0.3121176095221685,50-75%
9.0,8.577862649747633,-0.42213735025236687,0.42213735025236687,50-75%
9.0,9.338099472404375,0.3380994724043749,0.3380994724043749,50-75%
9.0,9.338099472404375,0.3380994724043749,0.3380994724043749,50-75%
9.0,9.338099472404375,0.3380994724043749,0.3380994724043749,50-75%
9.0,8.47985882592457,-0.5201411740754303,0.5201411740754303,50-75%
9.0,8.590758437673609,-0.4092415623263914,0.4092415623263914,50-75%
9.0,8.866293562429354,-0.13370643757064649,0.13370643757064649,50-75%
9.0,9.338099472404375,0.3380994724043749,0.3380994724043749,50-75%
9.0,9.71209281882015,0.7120928188201496,0.7120928188201496,50-75%
9.0,9.71209281882015,0.7120928188201496,0.7120928188201496,50-75%
9.0,9.73908243795939,0.7390824379593894,0.7390824379593894,50-75%
9.0,9.640364579860062,0.6403645798600621,0.6403645798600621,50-75%
9.0,8.721326430502016,-0.2786735694979843,0.2786735694979843,50-75%
9.0,8.480040210026843,-0.5199597899731572,0.5199597899731572,50-75%
9.0,9.73908243795939,0.7390824379593894,0.7390824379593894,50-75%
9.0,9.73908243795939,0.7390824379593894,0.7390824379593894,50-75%
9.0,9.338099472404375,0.3380994724043749,0.3380994724043749,50-75%
9.0,9.338099472404375,0.3380994724043749,0.3380994724043749,50-75%
9.0,8.60199452289855,-0.3980054771014494,0.3980054771014494,50-75%
9.0,8.60199452289855,-0.3980054771014494,0.3980054771014494,50-75%
3.0,8.979129601678004,5.979129601678004,5.979129601678004,0-25%
3.0,9.004272485691965,6.004272485691965,6.004272485691965,0-25%
3.0,9.136728587132428,6.136728587132428,6.136728587132428,0-25%
3.0,9.16226854916523,6.16226854916523,6.16226854916523,0-25%
9.0,9.640364579860062,0.6403645798600621,0.6403645798600621,50-75%
9.0,8.836238328270877,-0.16376167172912304,0.16376167172912304,50-75%
6.0,10.20992922917389,4.2099292291738895,4.2099292291738895,25-50%
3.0,9.136728587132428,6.136728587132428,6.136728587132428,0-25%
3.0,9.16226854916523,6.16226854916523,6.16226854916523,0-25%
3.0,9.136728587132428,6.136728587132428,6.136728587132428,0-25%
3.0,9.16226854916523,6.16226854916523,6.16226854916523,0-25%
3.0,9.124866765504066,6.124866765504066,6.124866765504066,0-25%
3.0,9.068852990582894,6.068852990582894,6.068852990582894,0-25%
6.0,9.566504082328166,3.5665040823281657,3.5665040823281657,25-50%
6.0,9.803805243642334,3.8038052436423335,3.8038052436423335,25-50%
6.0,10.20992922917389,4.2099292291738895,4.2099292291738895,25-50%
6.0,10.238173170445727,4.238173170445727,4.238173170445727,25-50%
6.0,10.20992922917389,4.2099292291738895,4.2099292291738895,25-50%
6.0,10.305951544572228,4.305951544572228,4.305951544572228,25-50%
3.0,9.136728587132428,6.136728587132428,6.136728587132428,0-25%
3.0,8.979129601678004,5.979129601678004,5.979129601678004,0-25%
3.0,9.136728587132428,6.136728587132428,6.136728587132428,0-25%
3.0,9.136728587132428,6.136728587132428,6.136728587132428,0-25%
3.0,9.16226854916523,6.16226854916523,6.16226854916523,0-25%
3.0,9.136728587132428,6.136728587132428,6.136728587132428,0-25%
3.0,9.16226854916523,6.16226854916523,6.16226854916523,0-25%
3.0,9.770686176953854,6.770686176953854,6.770686176953854,0-25%
6.0,9.547680597139689,3.5476805971396885,3.5476805971396885,25-50%
6.0,9.649496348262508,3.649496348262508,3.649496348262508,25-50%
6.0,10.122110958854485,4.122110958854485,4.122110958854485,25-50%
6.0,10.20992922917389,4.2099292291738895,4.2099292291738895,25-50%
6.0,10.238173170445727,4.238173170445727,4.238173170445727,25-50%
6.0,10.238173170445727,4.238173170445727,4.238173170445727,25-50%
6.0,10.20992922917389,4.2099292291738895,4.2099292291738895,25-50%
3.0,9.201179675059807,6.201179675059807,6.201179675059807,0-25%
3.0,9.16226854916523,6.16226854916523,6.16226854916523,0-25%
3.0,9.16226854916523,6.16226854916523,6.16226854916523,0-25%
3.0,9.16226854916523,6.16226854916523,6.16226854916523,0-25%
3.0,9.16226854916523,6.16226854916523,6.16226854916523,0-25%
3.0,9.017852938154409,6.017852938154409,6.017852938154409,0-25%
3.0,8.979129601678004,5.979129601678004,5.979129601678004,0-25%
3.0,8.78360036051263,5.783600360512629,5.783600360512629,0-25%
6.0,9.733290782928036,3.7332907829280355,3.7332907829280355,25-50%
6.0,9.845172800890207,3.8451728008902073,3.8451728008902073,25-50%
6.0,10.432195794826697,4.432195794826697,4.432195794826697,25-50%
6.0,10.432195794826697,4.432195794826697,4.432195794826697,25-50%
6.0,10.238173170445727,4.238173170445727,4.238173170445727,25-50%
6.0,10.20992922917389,4.2099292291738895,4.2099292291738895,25-50%
3.0,9.201179675059807,6.201179675059807,6.201179675059807,0-25%
3.0,9.05621109952202,6.05621109952202,6.05621109952202,0-25%
3.0,9.017852938154409,6.017852938154409,6.017852938154409,0-25%
3.0,9.16226854916523,6.16226854916523,6.16226854916523,0-25%
3.0,9.16226854916523,6.16226854916523,6.16226854916523,0-25%
3.0,8.979129601678004,5.979129601678004,5.979129601678004,0-25%
3.0,8.979129601678004,5.979129601678004,5.979129601678004,0-25%
3.0,8.759012072912993,5.759012072912993,5.759012072912993,0-25%
6.0,9.760333811329822,3.760333811329822,3.760333811329822,25-50%
6.0,10.38156408790097,4.381564087900969,4.381564087900969,25-50%
6.0,10.568351991400057,4.568351991400057,4.568351991400057,25-50%
6.0,10.403464233055931,4.4034642330559315,4.4034642330559315,25-50%
6.0,10.432195794826697,4.432195794826697,4.432195794826697,25-50%
6.0,10.238173170445727,4.238173170445727,4.238173170445727,25-50%
6.0,10.238173170445727,4.238173170445727,4.238173170445727,25-50%
3.0,9.201179675059807,6.201179675059807,6.201179675059807,0-25%
3.0,9.622295368460215,6.622295368460215,6.622295368460215,0-25%
3.0,9.595599260293108,6.595599260293108,6.595599260293108,0-25%
3.0,9.431400706237364,6.431400706237364,6.431400706237364,0-25%
3.0,9.109128086810514,6.1091280868105144,6.1091280868105144,0-25%
6.0,10.506644514624305,4.5066445146243055,4.5066445146243055,25-50%
6.0,10.597498995594044,4.597498995594044,4.597498995594044,25-50%
6.0,10.568351991400057,4.568351991400057,4.568351991400057,25-50%
6.0,10.597498995594044,4.597498995594044,4.597498995594044,25-50%
6.0,10.432195794826697,4.432195794826697,4.432195794826697,25-50%
6.0,10.432195794826697,4.432195794826697,4.432195794826697,25-50%
3.0,10.047808295700332,7.047808295700332,7.047808295700332,0-25%
3.0,10.032831609947388,7.032831609947388,7.032831609947388,0-25%
3.0,9.334515179790372,6.3345151797903725,6.3345151797903725,0-25%
3.0,9.75300533929508,6.753005339295081,6.753005339295081,0-25%
3.0,9.540121818653462,6.540121818653462,6.540121818653462,0-25%
3.0,9.513632230254261,6.513632230254261,6.513632230254261,0-25%
8.0,9.35222947369814,1.3522294736981397,1.3522294736981397,25-50%
8.0,9.329216333019776,1.329216333019776,1.329216333019776,25-50%
8.0,9.35222947369814,1.3522294736981397,1.3522294736981397,25-50%
8.0,9.35222947369814,1.3522294736981397,1.3522294736981397,25-50%
6.0,10.597498995594044,4.597498995594044,4.597498995594044,25-50%
6.0,10.568351991400057,4.568351991400057,4.568351991400057,25-50%
6.0,10.597498995594044,4.597498995594044,4.597498995594044,25-50%
6.0,10.597498995594044,4.597498995594044,4.597498995594044,25-50%
2.0,9.890953559648281,7.890953559648281,7.890953559648281,0-25%
3.0,10.475608494673825,7.475608494673825,7.475608494673825,0-25%
3.5,9.670596984317609,6.1705969843176085,6.1705969843176085,0-25%
3.5,9.680145894039047,6.180145894039047,6.180145894039047,0-25%
3.5,9.68508194914625,6.18508194914625,6.18508194914625,0-25%
3.0,9.671165659864421,6.671165659864421,6.671165659864421,0-25%
3.0,9.580479737266378,6.580479737266378,6.580479737266378,0-25%
8.0,9.54250279023906,1.5425027902390607,1.5425027902390607,25-50%
8.0,9.622583460334866,1.622583460334866,1.622583460334866,25-50%
8.0,9.35222947369814,1.3522294736981397,1.3522294736981397,25-50%
8.0,9.35222947369814,1.3522294736981397,1.3522294736981397,25-50%
8.0,9.35222947369814,1.3522294736981397,1.3522294736981397,25-50%
2.0,9.76726739128306,7.76726739128306,7.76726739128306,0-25%
2.0,9.794396025339562,7.794396025339562,7.794396025339562,0-25%
3.0,10.414395726839725,7.414395726839725,7.414395726839725,0-25%
3.0,10.504521827287792,7.5045218272877925,7.5045218272877925,0-25%
3.0,10.506644514624305,7.5066445146243055,7.5066445146243055,0-25%
3.0,9.214921073848505,6.214921073848505,6.214921073848505,0-25%
3.5,9.63886250870437,6.138862508704371,6.138862508704371,0-25%
3.5,9.603759225515407,6.103759225515407,6.103759225515407,0-25%
3.5,9.517994132159856,6.017994132159856,6.017994132159856,0-25%
3.0,9.671165659864421,6.671165659864421,6.671165659864421,0-25%
8.0,9.516007217947227,1.5160072179472266,1.5160072179472266,25-50%
8.0,9.556813871647806,1.5568138716478064,1.5568138716478064,25-50%
8.0,9.622583460334866,1.622583460334866,1.622583460334866,25-50%
8.0,9.35222947369814,1.3522294736981397,1.3522294736981397,25-50%
8.0,9.35222947369814,1.3522294736981397,1.3522294736981397,25-50%
2.0,9.506930531049104,7.506930531049104,7.506930531049104,0-25%
2.0,9.747002073305907,7.747002073305907,7.747002073305907,0-25%
3.0,10.385708900460312,7.385708900460312,7.385708900460312,0-25%
3.0,10.504521827287792,7.5045218272877925,7.5045218272877925,0-25%
3.0,10.344118430733939,7.344118430733939,7.344118430733939,0-25%
3.0,9.117260130289997,6.117260130289997,6.117260130289997,0-25%
3.0,8.977625313076713,5.977625313076713,5.977625313076713,0-25%
3.5,9.68508194914625,6.18508194914625,6.18508194914625,0-25%
3.0,9.733467596957833,6.7334675969578335,6.7334675969578335,0-25%
8.0,9.556813871647806,1.5568138716478064,1.5568138716478064,25-50%
8.0,9.516007217947227,1.5160072179472266,1.5160072179472266,25-50%
8.0,9.516007217947227,1.5160072179472266,1.5160072179472266,25-50%
8.0,9.622583460334866,1.622583460334866,1.622583460334866,25-50%
8.0,9.622583460334866,1.622583460334866,1.622583460334866,25-50%
8.0,8.68293878040727,0.6829387804072695,0.6829387804072695,25-50%
8.0,8.407131769866645,0.4071317698666448,0.4071317698666448,25-50%
2.0,9.96187760297668,7.96187760297668,7.96187760297668,0-25%
2.0,9.807046102217878,7.807046102217878,7.807046102217878,0-25%
3.0,10.414395726839725,7.414395726839725,7.414395726839725,0-25%
3.0,10.414395726839725,7.414395726839725,7.414395726839725,0-25%
3.0,9.092557442504916,6.092557442504916,6.092557442504916,0-25%
3.0,8.947625070125632,5.947625070125632,5.947625070125632,0-25%
3.0,8.947625070125632,5.947625070125632,5.947625070125632,0-25%
3.5,9.680145894039047,6.180145894039047,6.180145894039047,0-25%
3.5,9.680145894039047,6.180145894039047,6.180145894039047,0-25%
8.0,9.556813871647806,1.5568138716478064,1.5568138716478064,25-50%
8.0,9.4741120886714,1.4741120886714008,1.4741120886714008,25-50%
8.0,8.68293878040727,0.6829387804072695,0.6829387804072695,25-50%
8.0,8.619598924476877,0.6195989244768771,0.6195989244768771,25-50%
8.0,8.63265719593924,0.63265719593924,0.63265719593924,25-50%
2.0,9.934328051768325,7.9343280517683255,7.9343280517683255,0-25%
2.0,9.94905020647289,7.94905020647289,7.94905020647289,0-25%
2.0,9.529066625596275,7.5290666255962755,7.5290666255962755,0-25%
3.0,10.211751795826318,7.211751795826318,7.211751795826318,0-25%
3.0,10.414395726839725,7.414395726839725,7.414395726839725,0-25%
3.0,9.794977697436856,6.794977697436856,6.794977697436856,0-25%
3.0,9.436004846372079,6.436004846372079,6.436004846372079,0-25%
3.0,9.419598461040616,6.419598461040616,6.419598461040616,0-25%
4.0,9.67008407421056,5.6700840742105605,5.6700840742105605,0-25%
4.0,9.761537138749144,5.761537138749144,5.761537138749144,0-25%
8.0,9.4741120886714,1.4741120886714008,1.4741120886714008,25-50%
8.0,8.63265719593924,0.63265719593924,0.63265719593924,25-50%
8.0,8.68293878040727,0.6829387804072695,0.6829387804072695,25-50%
8.0,8.68293878040727,0.6829387804072695,0.6829387804072695,25-50%
8.0,8.68293878040727,0.6829387804072695,0.6829387804072695,25-50%
2.0,9.897029124037536,7.897029124037536,7.897029124037536,0-25%
2.0,9.465351966429052,7.465351966429052,7.465351966429052,0-25%
3.0,9.684524098794313,6.684524098794313,6.684524098794313,0-25%
3.0,9.554053588467383,6.554053588467383,6.554053588467383,0-25%
3.0,9.548969906051475,6.548969906051475,6.548969906051475,0-25%
4.0,10.01583936798725,6.015839367987249,6.015839367987249,0-25%
4.0,10.110329313122403,6.110329313122403,6.110329313122403,0-25%
2.0,9.149402090776308,7.149402090776308,7.149402090776308,0-25%
8.0,8.770781677470922,0.7707816774709215,0.7707816774709215,25-50%
8.0,8.79539961914001,0.7953996191400101,0.7953996191400101,25-50%
8.0,8.79539961914001,0.7953996191400101,0.7953996191400101,25-50%
8.0,8.770781677470922,0.7707816774709215,0.7707816774709215,25-50%
8.0,8.770781677470922,0.7707816774709215,0.7707816774709215,25-50%
8.0,9.110404762869633,1.1104047628696332,1.1104047628696332,25-50%
8.0,9.008876611312747,1.008876611312747,1.008876611312747,25-50%
8.0,9.504780335778378,1.5047803357783778,1.5047803357783778,25-50%
8.0,8.770781677470922,0.7707816774709215,0.7707816774709215,25-50%
8.0,8.770781677470922,0.7707816774709215,0.7707816774709215,25-50%
8.0,8.770781677470922,0.7707816774709215,0.7707816774709215,25-50%
8.0,8.770781677470922,0.7707816774709215,0.7707816774709215,25-50%
8.0,9.017465956554132,1.0174659565541315,1.0174659565541315,25-50%
8.0,9.110404762869633,1.1104047628696332,1.1104047628696332,25-50%
8.0,9.13587840079536,1.1358784007953595,1.1358784007953595,25-50%
12.0,9.004252934419133,-2.9957470655808667,2.9957470655808667,50-75%
8.0,9.531247621415215,1.5312476214152149,1.5312476214152149,25-50%
8.0,9.531247621415215,1.5312476214152149,1.5312476214152149,25-50%
8.0,8.79539961914001,0.7953996191400101,0.7953996191400101,25-50%
8.0,8.770781677470922,0.7707816774709215,0.7707816774709215,25-50%
8.0,8.770781677470922,0.7707816774709215,0.7707816774709215,25-50%
8.0,8.770781677470922,0.7707816774709215,0.7707816774709215,25-50%
8.0,8.770781677470922,0.7707816774709215,0.7707816774709215,25-50%
10.0,8.770781677470922,-1.2292183225290785,1.2292183225290785,50-75%
12.0,9.110404762869633,-2.889595237130367,2.889595237130367,50-75%
12.0,8.687160834640286,-3.312839165359714,3.312839165359714,50-75%
12.0,9.096954497755705,-2.9030455022442947,2.9030455022442947,50-75%
8.0,9.531247621415215,1.5312476214152149,1.5312476214152149,25-50%
8.0,9.531247621415215,1.5312476214152149,1.5312476214152149,25-50%
8.0,9.504780335778378,1.5047803357783778,1.5047803357783778,25-50%
8.0,8.770781677470922,0.7707816774709215,0.7707816774709215,25-50%
8.0,8.770781677470922,0.7707816774709215,0.7707816774709215,25-50%
8.0,8.770781677470922,0.7707816774709215,0.7707816774709215,25-50%
10.0,8.770781677470922,-1.2292183225290785,1.2292183225290785,50-75%
9.666666666666666,8.770781677470922,-0.8958849891957446,0.8958849891957446,50-75%
10.5,9.054262100837182,-1.4457378991628183,1.4457378991628183,50-75%
12.5,8.797652736801545,-3.7023472631984546,3.7023472631984546,50-75%
12.5,8.92807944259615,-3.5719205574038497,3.5719205574038497,50-75%
12.5,8.906631917322347,-3.593368082677653,3.593368082677653,50-75%
8.0,9.531247621415215,1.5312476214152149,1.5312476214152149,25-50%
8.0,8.670803843046901,0.670803843046901,0.670803843046901,25-50%
8.0,8.783937214670756,0.7839372146707557,0.7839372146707557,25-50%
8.0,8.770781677470922,0.7707816774709215,0.7707816774709215,25-50%
8.5,8.782025430516338,0.2820254305163381,0.2820254305163381,50-75%
9.666666666666666,8.79539961914001,-0.871267047526656,0.871267047526656,50-75%
10.5,8.806671701347387,-1.693328298652613,1.693328298652613,50-75%
10.5,8.806671701347387,-1.693328298652613,1.693328298652613,50-75%
11.333333333333336,9.419552283403823,-1.9137810499295131,1.9137810499295131,50-75%
12.5,8.914620689333761,-3.585379310666239,3.585379310666239,50-75%
12.5,8.891999679155198,-3.608000320844802,3.608000320844802,50-75%
13.0,8.238715166484607,-4.7612848335153934,4.7612848335153934,50-75%
13.0,8.238715166484607,-4.7612848335153934,4.7612848335153934,50-75%
8.0,9.017465956554132,1.0174659565541315,1.0174659565541315,25-50%
8.0,8.624557841194521,0.6245578411945214,0.6245578411945214,25-50%
8.0,8.624557841194521,0.6245578411945214,0.6245578411945214,25-50%
8.5,9.122039338085354,0.6220393380853544,0.6220393380853544,50-75%
10.5,8.806671701347387,-1.693328298652613,1.693328298652613,50-75%
10.5,8.806671701347387,-1.693328298652613,1.693328298652613,50-75%
10.5,8.782025430516338,-1.717974569483662,1.717974569483662,50-75%
11.333333333333336,9.327886732740055,-2.005446600593281,2.005446600593281,50-75%
11.333333333333336,9.525572561058691,-1.8077607722746443,1.8077607722746443,50-75%
11.333333333333336,9.53406045080585,-1.799272882527486,1.799272882527486,50-75%
12.5,8.720570710194368,-3.7794292898056323,3.7794292898056323,50-75%
13.0,8.550790199653617,-4.449209800346383,4.449209800346383,50-75%
13.0,8.54309458649557,-4.45690541350443,4.45690541350443,50-75%
9.0,8.592356006738376,-0.40764399326162426,0.40764399326162426,50-75%
9.0,9.000553728356394,0.00055372835639389,0.00055372835639389,50-75%
9.0,9.07535328979769,0.07535328979768963,0.07535328979768963,50-75%
10.5,8.806671701347387,-1.693328298652613,1.693328298652613,50-75%
10.5,9.670066947937258,-0.8299330520627421,0.8299330520627421,50-75%
11.333333333333336,9.588636320359385,-1.7446970129739512,1.7446970129739512,50-75%
11.333333333333336,9.327886732740055,-2.005446600593281,2.005446600593281,50-75%
11.333333333333336,9.327886732740055,-2.005446600593281,2.005446600593281,50-75%
12.5,9.510026138637395,-2.9899738613626052,2.9899738613626052,50-75%
13.0,8.805696662219036,-4.194303337780964,4.194303337780964,50-75%
13.0,8.238715166484607,-4.7612848335153934,4.7612848335153934,50-75%
13.0,8.238715166484607,-4.7612848335153934,4.7612848335153934,50-75%
13.0,8.238715166484607,-4.7612848335153934,4.7612848335153934,50-75%
9.0,8.8272435109792,-0.17275648902080043,0.17275648902080043,50-75%
9.0,8.592356006738376,-0.40764399326162426,0.40764399326162426,50-75%
9.0,8.8272435109792,-0.17275648902080043,0.17275648902080043,50-75%
9.0,8.8272435109792,-0.17275648902080043,0.17275648902080043,50-75%
9.0,9.455420607909431,0.4554206079094314,0.4554206079094314,50-75%
11.333333333333336,9.205518623732871,-2.1278147096004645,2.1278147096004645,50-75%
11.333333333333336,9.327886732740055,-2.005446600593281,2.005446600593281,50-75%
11.0,9.282122875674986,-1.717877124325014,1.717877124325014,50-75%
13.0,8.996555142737584,-4.003444857262416,4.003444857262416,50-75%
13.0,8.735696305837019,-4.264303694162981,4.264303694162981,50-75%
7.0,9.140018946383467,2.140018946383467,2.140018946383467,25-50%
7.0,9.286637987708602,2.286637987708602,2.286637987708602,25-50%
7.0,9.260785458582824,2.2607854585828235,2.2607854585828235,25-50%
7.0,9.286637987708602,2.286637987708602,2.286637987708602,25-50%
9.0,8.881790492951263,-0.11820950704873745,0.11820950704873745,50-75%
9.0,8.592356006738376,-0.40764399326162426,0.40764399326162426,50-75%
9.0,8.959609429408477,-0.040390570591522845,0.040390570591522845,50-75%
9.0,9.203489848404995,0.2034898484049954,0.2034898484049954,50-75%
9.0,9.455420607909431,0.4554206079094314,0.4554206079094314,50-75%
11.0,9.343728011012773,-1.6562719889872266,1.6562719889872266,50-75%
13.0,8.981790086670063,-4.018209913329937,4.018209913329937,50-75%
13.0,8.576279257262879,-4.423720742737121,4.423720742737121,50-75%
13.0,8.576279257262879,-4.423720742737121,4.423720742737121,50-75%
13.0,8.576279257262879,-4.423720742737121,4.423720742737121,50-75%
7.0,9.101341110450358,2.101341110450358,2.101341110450358,25-50%
7.0,8.957280969291357,1.9572809692913573,1.9572809692913573,25-50%
7.0,9.260785458582824,2.2607854585828235,2.2607854585828235,25-50%
7.0,9.101257720976148,2.1012577209761485,2.1012577209761485,25-50%
7.0,9.260785458582824,2.2607854585828235,2.2607854585828235,25-50%
7.0,9.260785458582824,2.2607854585828235,2.2607854585828235,25-50%
9.0,9.461098770646124,0.4610987706461245,0.4610987706461245,50-75%
9.0,9.383435429447882,0.3834354294478821,0.3834354294478821,50-75%
7.0,9.582926973717441,2.5829269737174414,2.5829269737174414,25-50%
7.0,9.286637987708602,2.286637987708602,2.286637987708602,25-50%
7.0,9.286637987708602,2.286637987708602,2.286637987708602,25-50%
7.0,9.286637987708602,2.286637987708602,2.286637987708602,25-50%
7.0,9.286637987708602,2.286637987708602,2.286637987708602,25-50%
7.0,9.286637987708602,2.286637987708602,2.286637987708602,25-50%
7.0,9.735950219088576,2.7359502190885756,2.7359502190885756,25-50%
7.0,9.762999948064218,2.762999948064218,2.762999948064218,25-50%
7.0,9.286637987708602,2.286637987708602,2.286637987708602,25-50%
7.0,9.140454967347061,2.140454967347061,2.140454967347061,25-50%
7.0,9.140454967347061,2.140454967347061,2.140454967347061,25-50%
7.0,9.286637987708602,2.286637987708602,2.286637987708602,25-50%
7.0,9.286637987708602,2.286637987708602,2.286637987708602,25-50%
7.0,9.762999948064218,2.762999948064218,2.762999948064218,25-50%
7.0,9.762999948064218,2.762999948064218,2.762999948064218,25-50%
7.0,9.762999948064218,2.762999948064218,2.762999948064218,25-50%
7.0,9.167583550540797,2.1675835505407974,2.1675835505407974,25-50%
7.0,9.167583550540797,2.1675835505407974,2.1675835505407974,25-50%
7.0,9.142030230768757,2.142030230768757,2.142030230768757,25-50%
7.0,9.140454967347061,2.140454967347061,2.140454967347061,25-50%
7.0,9.762999948064218,2.762999948064218,2.762999948064218,25-50%
7.0,9.762999948064218,2.762999948064218,2.762999948064218,25-50%
7.0,9.611695578036521,2.611695578036521,2.611695578036521,25-50%
7.0,9.023092408248012,2.0230924082480115,2.0230924082480115,25-50%
7.0,9.009504853028623,2.0095048530286235,2.0095048530286235,25-50%
16.0,9.362594412763729,-6.637405587236271,6.637405587236271,75-100%
16.0,9.402805758465309,-6.597194241534691,6.597194241534691,75-100%
16.0,9.467615867295889,-6.532384132704111,6.532384132704111,75-100%
16.0,9.38870345431381,-6.611296545686191,6.611296545686191,75-100%
16.0,9.402805758465309,-6.597194241534691,6.597194241534691,75-100%
16.0,9.362594412763729,-6.637405587236271,6.637405587236271,75-100%
16.0,9.362594412763729,-6.637405587236271,6.637405587236271,75-100%
16.0,9.467615867295889,-6.532384132704111,6.532384132704111,75-100%
16.0,9.467615867295889,-6.532384132704111,6.532384132704111,75-100%
16.0,9.042343771031177,-6.957656228968823,6.957656228968823,75-100%
16.0,9.38870345431381,-6.611296545686191,6.611296545686191,75-100%
16.0,9.402805758465309,-6.597194241534691,6.597194241534691,75-100%
16.0,9.321310470716336,-6.678689529283664,6.678689529283664,75-100%
16.0,8.828592709082077,-7.171407290917923,7.171407290917923,75-100%
16.0,8.692075269964658,-7.307924730035342,7.307924730035342,75-100%
16.0,8.528074225252807,-7.471925774747193,7.471925774747193,75-100%
16.0,9.402805758465309,-6.597194241534691,6.597194241534691,75-100%
16.0,9.402805758465309,-6.597194241534691,6.597194241534691,75-100%
16.0,9.321310470716336,-6.678689529283664,6.678689529283664,75-100%
16.0,8.777554772592842,-7.222445227407158,7.222445227407158,75-100%
16.0,8.828592709082077,-7.171407290917923,7.171407290917923,75-100%
16.0,8.828592709082077,-7.171407290917923,7.171407290917923,75-100%
16.0,8.23721616957575,-7.762783830424249,7.762783830424249,75-100%
16.0,9.130813057041738,-6.869186942958262,6.869186942958262,75-100%
16.0,9.14456528393518,-6.855434716064821,6.855434716064821,75-100%
16.0,8.705441186067432,-7.294558813932568,7.294558813932568,75-100%
16.0,8.700957683482974,-7.299042316517026,7.299042316517026,75-100%
16.0,8.752981678853237,-7.247018321146763,7.247018321146763,75-100%
16.0,8.828592709082077,-7.171407290917923,7.171407290917923,75-100%
16.0,8.98839585971194,-7.0116041402880604,7.0116041402880604,75-100%
16.0,8.730085714375273,-7.269914285624727,7.269914285624727,75-100%
16.0,8.844017394657147,-7.155982605342853,7.155982605342853,75-100%
16.0,8.39347874808559,-7.60652125191441,7.60652125191441,75-100%
16.0,8.561598862384095,-7.438401137615905,7.438401137615905,75-100%
16.0,8.777554772592842,-7.222445227407158,7.222445227407158,75-100%
11.0,8.095266683640679,-2.904733316359321,2.904733316359321,50-75%
11.0,8.502703559220791,-2.497296440779209,2.497296440779209,50-75%
11.0,8.358088824942731,-2.6419111750572686,2.6419111750572686,50-75%
11.0,8.403054443132554,-2.596945556867446,2.596945556867446,50-75%
11.0,8.99027987298902,-2.0097201270109792,2.0097201270109792,50-75%
11.0,8.358088824942731,-2.6419111750572686,2.6419111750572686,50-75%
11.0,8.403054443132554,-2.596945556867446,2.596945556867446,50-75%
11.0,8.502703559220791,-2.497296440779209,2.497296440779209,50-75%
11.0,9.153872012571801,-1.8461279874281988,1.8461279874281988,50-75%
11.0,9.105024671602092,-1.8949753283979085,1.8949753283979085,50-75%
11.0,8.403054443132554,-2.596945556867446,2.596945556867446,50-75%
11.0,8.502991547694627,-2.497008452305373,2.497008452305373,50-75%
11.0,8.564048665963922,-2.435951334036078,2.435951334036078,50-75%
11.0,8.348384787441349,-2.651615212558651,2.651615212558651,50-75%
11.0,8.348384787441349,-2.651615212558651,2.651615212558651,50-75%
11.0,9.161064973685361,-1.8389350263146387,1.8389350263146387,50-75%
11.0,8.403054443132554,-2.596945556867446,2.596945556867446,50-75%
11.0,8.510533268983988,-2.4894667310160123,2.4894667310160123,50-75%
11.0,8.624182128589938,-2.375817871410062,2.375817871410062,50-75%
11.0,8.50549664397624,-2.4945033560237597,2.4945033560237597,50-75%
11.0,8.335514857616179,-2.664485142383821,2.664485142383821,50-75%
11.0,8.732125143423143,-2.2678748565768565,2.2678748565768565,50-75%
11.0,8.50549664397624,-2.4945033560237597,2.4945033560237597,50-75%
6.0,8.9214837464797,2.9214837464796997,2.9214837464796997,25-50%
6.0,8.9214837464797,2.9214837464796997,2.9214837464796997,25-50%
6.0,8.9214837464797,2.9214837464796997,2.9214837464796997,25-50%
6.0,8.913489444514033,2.913489444514033,2.913489444514033,25-50%
6.0,8.360598209873725,2.360598209873725,2.360598209873725,25-50%
6.0,8.485512482045177,2.485512482045177,2.485512482045177,25-50%
6.0,8.9214837464797,2.9214837464796997,2.9214837464796997,25-50%
6.0,8.9214837464797,2.9214837464796997,2.9214837464796997,25-50%
6.0,8.913489444514033,2.913489444514033,2.913489444514033,25-50%
6.0,8.984085095016876,2.9840850950168765,2.9840850950168765,25-50%
6.0,8.984085095016876,2.9840850950168765,2.9840850950168765,25-50%
6.0,8.55860432102147,2.5586043210214697,2.5586043210214697,25-50%
6.0,8.769897876746015,2.7698978767460147,2.7698978767460147,25-50%
6.0,8.9214837464797,2.9214837464796997,2.9214837464796997,25-50%
6.0,8.748465386805965,2.7484653868059645,2.7484653868059645,25-50%
6.0,8.348384787441349,2.348384787441349,2.348384787441349,25-50%
6.0,8.348384787441349,2.348384787441349,2.348384787441349,25-50%
6.0,8.424638182132643,2.424638182132643,2.424638182132643,25-50%
6.0,8.810738735306122,2.8107387353061224,2.8107387353061224,25-50%
6.0,8.748465386805965,2.7484653868059645,2.7484653868059645,25-50%
6.0,8.348384787441349,2.348384787441349,2.348384787441349,25-50%
6.0,8.824482776476836,2.8244827764768363,2.8244827764768363,25-50%
6.0,8.810738735306122,2.8107387353061224,2.8107387353061224,25-50%
6.0,8.769897876746015,2.7698978767460147,2.7698978767460147,25-50%
6.0,8.3542605368222,2.354260536822199,2.354260536822199,25-50%
6.0,8.45917616189961,2.4591761618996095,2.4591761618996095,25-50%
6.0,8.906101356511186,2.9061013565111864,2.9061013565111864,25-50%
6.0,8.884701310264871,2.8847013102648713,2.8847013102648713,25-50%
6.0,8.89811944900924,2.89811944900924,2.89811944900924,25-50%
6.0,8.789233910992644,2.7892339109926443,2.7892339109926443,25-50%
7.0,9.058761478623744,2.058761478623744,2.058761478623744,25-50%
7.0,9.058761478623744,2.058761478623744,2.058761478623744,25-50%
7.0,9.05229839702113,2.0522983970211293,2.0522983970211293,25-50%
7.0,8.731677792443636,1.7316777924436355,1.7316777924436355,25-50%
7.0,8.731677792443636,1.7316777924436355,1.7316777924436355,25-50%
7.0,9.037330364937521,2.037330364937521,2.037330364937521,25-50%
7.0,8.984085095016876,1.9840850950168765,1.9840850950168765,25-50%
7.0,9.058761478623744,2.058761478623744,2.058761478623744,25-50%
7.0,8.799321583562886,1.799321583562886,1.799321583562886,25-50%
7.0,8.799321583562886,1.799321583562886,1.799321583562886,25-50%
7.0,8.731677792443636,1.7316777924436355,1.7316777924436355,25-50%
7.0,8.731677792443636,1.7316777924436355,1.7316777924436355,25-50%
7.0,8.824858900805822,1.8248589008058218,1.8248589008058218,25-50%
7.0,8.984085095016876,1.9840850950168765,1.9840850950168765,25-50%
7.0,8.984085095016876,1.9840850950168765,1.9840850950168765,25-50%
7.0,8.799321583562886,1.799321583562886,1.799321583562886,25-50%
7.0,8.799321583562886,1.799321583562886,1.799321583562886,25-50%
7.0,8.799321583562886,1.799321583562886,1.799321583562886,25-50%
7.0,8.731677792443636,1.7316777924436355,1.7316777924436355,25-50%
7.0,8.731677792443636,1.7316777924436355,1.7316777924436355,25-50%
7.0,8.824858900805822,1.8248589008058218,1.8248589008058218,25-50%
7.0,8.799321583562886,1.799321583562886,1.799321583562886,25-50%
7.0,8.984085095016876,1.9840850950168765,1.9840850950168765,25-50%
7.0,8.984085095016876,1.9840850950168765,1.9840850950168765,25-50%
7.0,8.799321583562886,1.799321583562886,1.799321583562886,25-50%
7.0,8.799321583562886,1.799321583562886,1.799321583562886,25-50%
7.0,8.799321583562886,1.799321583562886,1.799321583562886,25-50%
7.0,8.731677792443636,1.7316777924436355,1.7316777924436355,25-50%
7.0,8.799321583562886,1.799321583562886,1.799321583562886,25-50%
7.0,8.799321583562886,1.799321583562886,1.799321583562886,25-50%
7.0,8.799321583562886,1.799321583562886,1.799321583562886,25-50%
7.0,8.558408861234133,1.558408861234133,1.558408861234133,25-50%
7.0,8.799321583562886,1.799321583562886,1.799321583562886,25-50%
4.5,8.984085095016876,4.4840850950168765,4.4840850950168765,0-25%
4.5,8.984085095016876,4.4840850950168765,4.4840850950168765,0-25%
4.5,8.984085095016876,4.4840850950168765,4.4840850950168765,0-25%
7.0,9.058761478623744,2.058761478623744,2.058761478623744,25-50%
2.0,8.931447545138926,6.931447545138926,6.931447545138926,0-25%
2.0,8.885480126110352,6.885480126110352,6.885480126110352,0-25%
2.0,8.885480126110352,6.885480126110352,6.885480126110352,0-25%
2.0,8.541982156555049,6.541982156555049,6.541982156555049,0-25%
2.0,8.541982156555049,6.541982156555049,6.541982156555049,0-25%
2.0,8.476114755188785,6.476114755188785,6.476114755188785,0-25%
2.0,9.023588300478986,7.023588300478986,7.023588300478986,0-25%
2.0,9.023588300478986,7.023588300478986,7.023588300478986,0-25%
2.0,8.794608915281048,6.794608915281048,6.794608915281048,0-25%
2.0,8.794608915281048,6.794608915281048,6.794608915281048,0-25%
2.0,8.879128383416,6.879128383416001,6.879128383416001,0-25%
2.0,8.78831556029697,6.7883155602969705,6.7883155602969705,0-25%
2.0,8.476114755188785,6.476114755188785,6.476114755188785,0-25%
3.0,9.023588300478986,6.023588300478986,6.023588300478986,0-25%
3.0,9.0118588736255,6.011858873625499,6.011858873625499,0-25%
3.0,8.931447545138926,5.931447545138926,5.931447545138926,0-25%
3.0,8.794608915281048,5.794608915281048,5.794608915281048,0-25%
3.0,8.885480126110352,5.885480126110352,5.885480126110352,0-25%
2.0,8.879128383416,6.879128383416001,6.879128383416001,0-25%
2.0,8.879128383416,6.879128383416001,6.879128383416001,0-25%
2.0,8.78831556029697,6.7883155602969705,6.7883155602969705,0-25%
4.0,9.023588300478986,5.023588300478986,5.023588300478986,0-25%
4.0,9.023588300478986,5.023588300478986,5.023588300478986,0-25%
3.0,9.023588300478986,6.023588300478986,6.023588300478986,0-25%
3.0,9.023588300478986,6.023588300478986,6.023588300478986,0-25%
3.0,8.885480126110352,5.885480126110352,5.885480126110352,0-25%
3.0,8.879128383416,5.879128383416001,5.879128383416001,0-25%
3.0,8.879128383416,5.879128383416001,5.879128383416001,0-25%
2.0,8.879128383416,6.879128383416001,6.879128383416001,0-25%
2.0,8.879128383416,6.879128383416001,6.879128383416001,0-25%
4.0,9.023588300478986,5.023588300478986,5.023588300478986,0-25%
4.0,9.023588300478986,5.023588300478986,5.023588300478986,0-25%
3.0,9.042857067469967,6.042857067469967,6.042857067469967,0-25%
3.0,9.02924271878329,6.029242718783291,6.029242718783291,0-25%
3.0,8.879128383416,5.879128383416001,5.879128383416001,0-25%
3.0,8.879128383416,5.879128383416001,5.879128383416001,0-25%
3.0,8.879128383416,5.879128383416001,5.879128383416001,0-25%
2.0,8.879128383416,6.879128383416001,6.879128383416001,0-25%
4.0,8.879128383416,4.879128383416001,4.879128383416001,0-25%
4.0,8.879128383416,4.879128383416001,4.879128383416001,0-25%
4.0,9.023588300478986,5.023588300478986,5.023588300478986,0-25%
4.0,9.840577920012265,5.840577920012265,5.840577920012265,0-25%
4.0,9.840577920012265,5.840577920012265,5.840577920012265,0-25%
4.0,9.023588300478986,5.023588300478986,5.023588300478986,0-25%
4.0,9.023588300478986,5.023588300478986,5.023588300478986,0-25%
4.0,9.037330364937521,5.037330364937521,5.037330364937521,0-25%
4.0,9.02924271878329,5.029242718783291,5.029242718783291,0-25%
3.0,8.879128383416,5.879128383416001,5.879128383416001,0-25%
3.0,8.879128383416,5.879128383416001,5.879128383416001,0-25%
3.0,8.879128383416,5.879128383416001,5.879128383416001,0-25%
4.0,9.023588300478986,5.023588300478986,5.023588300478986,0-25%
4.0,9.023588300478986,5.023588300478986,5.023588300478986,0-25%
4.0,9.023588300478986,5.023588300478986,5.023588300478986,0-25%
4.0,9.023588300478986,5.023588300478986,5.023588300478986,0-25%
4.0,9.840577920012265,5.840577920012265,5.840577920012265,0-25%
4.0,9.86141722064259,5.86141722064259,5.86141722064259,0-25%
4.0,9.846693211301437,5.846693211301437,5.846693211301437,0-25%
4.0,9.066324629650666,5.066324629650666,5.066324629650666,0-25%
4.0,9.050955692322976,5.050955692322976,5.050955692322976,0-25%
4.0,8.89814106738353,4.898141067383531,4.898141067383531,0-25%
4.0,8.892560563291713,4.892560563291713,4.892560563291713,0-25%
4.0,8.955887041353979,4.955887041353979,4.955887041353979,0-25%
4.0,8.955887041353979,4.955887041353979,4.955887041353979,0-25%
4.0,9.023588300478986,5.023588300478986,5.023588300478986,0-25%
4.0,9.023588300478986,5.023588300478986,5.023588300478986,0-25%
4.0,9.023588300478986,5.023588300478986,5.023588300478986,0-25%
4.0,9.023588300478986,5.023588300478986,5.023588300478986,0-25%
4.0,9.023588300478986,5.023588300478986,5.023588300478986,0-25%
4.0,9.86141722064259,5.86141722064259,5.86141722064259,0-25%
4.0,9.366511076183308,5.366511076183308,5.366511076183308,0-25%
4.0,9.516874871339027,5.516874871339027,5.516874871339027,0-25%
4.0,8.961863050405011,4.961863050405011,4.961863050405011,0-25%
4.0,8.966467135917984,4.966467135917984,4.966467135917984,0-25%
4.0,8.906122992318673,4.906122992318673,4.906122992318673,0-25%
4.0,8.89814106738353,4.898141067383531,4.898141067383531,0-25%
4.0,8.892560563291713,4.892560563291713,4.892560563291713,0-25%
4.0,8.955887041353979,4.955887041353979,4.955887041353979,0-25%
4.0,9.023588300478986,5.023588300478986,5.023588300478986,0-25%
4.0,9.023588300478986,5.023588300478986,5.023588300478986,0-25%
4.0,9.02924271878329,5.029242718783291,5.029242718783291,0-25%
4.0,9.042857067469967,5.042857067469967,5.042857067469967,0-25%
4.0,9.846693211301437,5.846693211301437,5.846693211301437,0-25%
4.0,9.46870296807017,5.46870296807017,5.46870296807017,0-25%
4.0,8.955887041353979,4.955887041353979,4.955887041353979,0-25%
4.0,9.023588300478986,5.023588300478986,5.023588300478986,0-25%
4.0,9.042857067469967,5.042857067469967,5.042857067469967,0-25%
4.0,9.02924271878329,5.029242718783291,5.029242718783291,0-25%
4.0,9.023588300478986,5.023588300478986,5.023588300478986,0-25%
4.0,9.46870296807017,5.46870296807017,5.46870296807017,0-25%
4.0,9.023588300478986,5.023588300478986,5.023588300478986,0-25%
4.0,8.969791082905127,4.969791082905127,4.969791082905127,0-25%
4.0,8.859330757116515,4.859330757116515,4.859330757116515,0-25%
9.0,8.346650593263414,-0.6533494067365861,0.6533494067365861,50-75%
9.0,8.391561250748325,-0.6084387492516754,0.6084387492516754,50-75%
9.0,8.491376203899279,-0.5086237961007214,0.5086237961007214,50-75%
9.0,8.554218450908003,-0.44578154909199696,0.44578154909199696,50-75%
9.5,8.393389702750433,-1.106610297249567,1.106610297249567,50-75%
9.5,8.500758058652478,-0.9992419413475222,0.9992419413475222,50-75%
9.5,8.614290106563947,-0.8857098934360526,0.8857098934360526,50-75%
9.0,8.911882367370753,-0.08811763262924721,0.08811763262924721,50-75%
9.0,8.391561250748325,-0.6084387492516754,0.6084387492516754,50-75%
9.5,8.49966115354427,-1.0003388464557297,1.0003388464557297,50-75%
9.5,8.773095562053474,-0.7269044379465264,0.7269044379465264,50-75%
9.5,8.911882367370753,-0.5881176326292472,0.5881176326292472,50-75%
9.5,9.226674572337103,-0.2733254276628969,0.2733254276628969,50-75%
9.0,8.491088567428822,-0.5089114325711783,0.5089114325711783,50-75%
9.5,8.773095562053474,-0.7269044379465264,0.7269044379465264,50-75%
9.5,9.226674572337103,-0.2733254276628969,0.2733254276628969,50-75%
9.5,8.760789132810464,-0.7392108671895361,0.7392108671895361,50-75%
9.5,8.891043828397965,-0.6089561716020349,0.6089561716020349,50-75%
9.5,8.907772332855162,-0.5922276671448383,0.5922276671448383,50-75%
9.5,8.98014101492914,-0.5198589850708597,0.5198589850708597,50-75%
9.5,8.966611685694778,-0.5333883143052223,0.5333883143052223,50-75%
9.5,8.78678686822258,-0.7132131317774206,0.7132131317774206,50-75%
9.5,8.911882367370753,-0.5881176326292472,0.5881176326292472,50-75%
10.0,8.96726054143073,-1.0327394585692709,1.0327394585692709,50-75%
10.0,8.966611685694778,-1.0333883143052223,1.0333883143052223,50-75%
9.5,8.493224088969656,-1.0067759110303438,1.0067759110303438,50-75%
10.0,8.393389702750433,-1.606610297249567,1.606610297249567,50-75%
10.0,8.786362199870585,-1.2136378001294155,1.2136378001294155,50-75%
9.5,8.748053553493895,-0.7519464465061052,0.7519464465061052,50-75%
9.0,9.2982182832849,0.29821828328489985,0.29821828328489985,50-75%
10.5,8.773095562053474,-1.7269044379465264,1.7269044379465264,50-75%
10.5,8.773095562053474,-1.7269044379465264,1.7269044379465264,50-75%
9.0,8.91740020363559,-0.08259979636440917,0.08259979636440917,50-75%
9.0,8.895975748609043,-0.10402425139095683,0.10402425139095683,50-75%
9.666666666666666,8.729575799733853,-0.9370908669328131,0.9370908669328131,50-75%
9.666666666666666,8.908779368881612,-0.7578872977850537,0.7578872977850537,50-75%
9.666666666666666,8.53572413059493,-1.1309425360717356,1.1309425360717356,50-75%
10.5,8.966611685694778,-1.5333883143052223,1.5333883143052223,50-75%
10.5,8.903955927417128,-1.5960440725828722,1.5960440725828722,50-75%
9.0,8.895975748609043,-0.10402425139095683,0.10402425139095683,50-75%
9.0,8.95526729109146,-0.04473270890854053,0.04473270890854053,50-75%
8.0,8.943872053846793,0.9438720538467926,0.9438720538467926,25-50%
10.0,8.900795303553268,-1.0992046964467317,1.0992046964467317,50-75%
9.666666666666666,8.908779368881612,-0.7578872977850537,0.7578872977850537,50-75%
9.666666666666666,8.908779368881612,-0.7578872977850537,0.7578872977850537,50-75%
9.666666666666666,8.908779368881612,-0.7578872977850537,0.7578872977850537,50-75%
9.666666666666666,8.908779368881612,-0.7578872977850537,0.7578872977850537,50-75%
9.666666666666666,8.838553304280204,-0.8281133623864623,0.8281133623864623,50-75%
10.5,8.881359249756716,-1.6186407502432836,1.6186407502432836,50-75%
10.5,8.881359249756716,-1.6186407502432836,1.6186407502432836,50-75%
9.0,8.95526729109146,-0.04473270890854053,0.04473270890854053,50-75%
8.0,8.886171686148804,0.8861716861488045,0.8861716861488045,25-50%
10.0,8.900795303553268,-1.0992046964467317,1.0992046964467317,50-75%
10.0,8.908779368881612,-1.0912206311183876,1.0912206311183876,50-75%
9.666666666666666,8.908779368881612,-0.7578872977850537,0.7578872977850537,50-75%
9.666666666666666,8.908779368881612,-0.7578872977850537,0.7578872977850537,50-75%
9.666666666666666,8.908779368881612,-0.7578872977850537,0.7578872977850537,50-75%
9.666666666666666,8.82402161920602,-0.8426450474606462,0.8426450474606462,50-75%
9.666666666666666,8.82402161920602,-0.8426450474606462,0.8426450474606462,50-75%
10.5,8.897500801325986,-1.602499198674014,1.602499198674014,50-75%
9.0,8.58181750528816,-0.4181824947118393,0.4181824947118393,50-75%
8.0,8.900795303553268,0.9007953035532683,0.9007953035532683,25-50%
10.0,8.922230192754352,-1.077769807245648,1.077769807245648,50-75%
10.0,8.498779089389767,-1.5012209106102326,1.5012209106102326,50-75%
9.666666666666666,8.836928149263061,-0.8297385174036052,0.8297385174036052,50-75%
9.666666666666666,8.886171686148804,-0.7804949805178616,0.7804949805178616,50-75%
9.666666666666666,8.82402161920602,-0.8426450474606462,0.8426450474606462,50-75%
10.5,8.897500801325986,-1.602499198674014,1.602499198674014,50-75%
10.5,8.897500801325986,-1.602499198674014,1.602499198674014,50-75%
8.0,8.900795303553268,0.9007953035532683,0.9007953035532683,25-50%
10.0,8.558502172920004,-1.4414978270799956,1.4414978270799956,50-75%
10.0,8.753487271928693,-1.2465127280713073,1.2465127280713073,50-75%
10.0,9.369600123196436,-0.6303998768035637,0.6303998768035637,50-75%
12.0,9.379083870233337,-2.6209161297666626,2.6209161297666626,50-75%
8.0,8.73123390069361,0.7312339006936099,0.7312339006936099,25-50%
8.0,8.753487271928693,0.7534872719286927,0.7534872719286927,25-50%
8.0,8.564109265804753,0.5641092658047526,0.5641092658047526,25-50%
2.0,8.745628334247344,6.745628334247344,6.745628334247344,0-25%
2.0,8.819655078502398,6.819655078502398,6.819655078502398,0-25%
2.0,8.819655078502398,6.819655078502398,6.819655078502398,0-25%
2.0,8.819655078502398,6.819655078502398,6.819655078502398,0-25%
2.0,8.819655078502398,6.819655078502398,6.819655078502398,0-25%
2.0,8.79698183749466,6.796981837494659,6.796981837494659,0-25%
2.0,8.838553304280204,6.838553304280204,6.838553304280204,0-25%
2.0,8.83300639536081,6.83300639536081,6.83300639536081,0-25%
2.0,8.819655078502398,6.819655078502398,6.819655078502398,0-25%
2.0,8.819655078502398,6.819655078502398,6.819655078502398,0-25%
2.0,8.819655078502398,6.819655078502398,6.819655078502398,0-25%
2.0,8.740133815789145,6.740133815789145,6.740133815789145,0-25%
2.0,8.740133815789145,6.740133815789145,6.740133815789145,0-25%
4.0,9.346143337984469,5.3461433379844685,5.3461433379844685,0-25%
4.0,8.864128044081959,4.8641280440819585,4.8641280440819585,0-25%
4.0,8.850755984937837,4.850755984937837,4.850755984937837,0-25%
4.0,8.966213256826954,4.966213256826954,4.966213256826954,0-25%
2.0,8.97081935287975,6.970819352879751,6.970819352879751,0-25%
2.0,8.91895529650025,6.9189552965002505,6.9189552965002505,0-25%
2.0,8.910963031850084,6.910963031850084,6.910963031850084,0-25%
2.0,8.83300639536081,6.83300639536081,6.83300639536081,0-25%
2.0,8.819655078502398,6.819655078502398,6.819655078502398,0-25%
2.0,8.819655078502398,6.819655078502398,6.819655078502398,0-25%
2.0,8.819655078502398,6.819655078502398,6.819655078502398,0-25%
2.0,8.740133815789145,6.740133815789145,6.740133815789145,0-25%
4.0,9.354486534846366,5.354486534846366,5.354486534846366,0-25%
4.0,9.354486534846366,5.354486534846366,5.354486534846366,0-25%
4.0,8.957302660324038,4.9573026603240375,4.9573026603240375,0-25%
4.0,8.966213256826954,4.966213256826954,4.966213256826954,0-25%
4.0,8.97081935287975,4.970819352879751,4.970819352879751,0-25%
2.0,8.848636639861207,6.848636639861207,6.848636639861207,0-25%
2.0,8.925589742559497,6.925589742559497,6.925589742559497,0-25%
2.0,8.958182913758804,6.9581829137588045,6.9581829137588045,0-25%
2.0,8.819655078502398,6.819655078502398,6.819655078502398,0-25%
2.0,8.819655078502398,6.819655078502398,6.819655078502398,0-25%
2.0,8.819655078502398,6.819655078502398,6.819655078502398,0-25%
2.0,8.740133815789145,6.740133815789145,6.740133815789145,0-25%
4.0,9.19628501104834,5.1962850110483405,5.1962850110483405,0-25%
4.0,9.354486534846366,5.354486534846366,5.354486534846366,0-25%
4.0,9.354486534846366,5.354486534846366,5.354486534846366,0-25%
4.0,9.354486534846366,5.354486534846366,5.354486534846366,0-25%
4.0,8.849064010543572,4.849064010543572,4.849064010543572,0-25%
4.0,8.952702808410466,4.952702808410466,4.952702808410466,0-25%
4.0,8.848636639861207,4.848636639861207,4.848636639861207,0-25%
4.0,8.739401347955635,4.739401347955635,4.739401347955635,0-25%
2.0,8.848636639861207,6.848636639861207,6.848636639861207,0-25%
2.0,8.93907660716401,6.93907660716401,6.93907660716401,0-25%
2.0,8.83300639536081,6.83300639536081,6.83300639536081,0-25%
2.0,8.819655078502398,6.819655078502398,6.819655078502398,0-25%
2.0,8.83853181605061,6.83853181605061,6.83853181605061,0-25%
2.0,8.745628334247344,6.745628334247344,6.745628334247344,0-25%
4.0,9.18202083407653,5.18202083407653,5.18202083407653,0-25%
4.0,9.354486534846366,5.354486534846366,5.354486534846366,0-25%
4.0,9.354486534846366,5.354486534846366,5.354486534846366,0-25%
4.0,9.238908285030144,5.238908285030144,5.238908285030144,0-25%
4.0,8.726198371446086,4.7261983714460865,4.7261983714460865,0-25%
4.0,8.71845155817026,4.71845155817026,4.71845155817026,0-25%
4.0,8.97081935287975,4.970819352879751,4.970819352879751,0-25%
2.0,8.952702808410466,6.952702808410466,6.952702808410466,0-25%
2.0,8.93907660716401,6.93907660716401,6.93907660716401,0-25%
2.0,8.917592132159994,6.917592132159994,6.917592132159994,0-25%
2.0,8.891925719019762,6.891925719019762,6.891925719019762,0-25%
4.0,9.354486534846366,5.354486534846366,5.354486534846366,0-25%
4.0,9.354486534846366,5.354486534846366,5.354486534846366,0-25%
4.0,8.835285581252819,4.835285581252819,4.835285581252819,0-25%
4.0,8.70336652996706,4.7033665299670595,4.7033665299670595,0-25%
4.0,8.70336652996706,4.7033665299670595,4.7033665299670595,0-25%
4.0,8.966213256826954,4.966213256826954,4.966213256826954,0-25%
4.0,9.354486534846366,5.354486534846366,5.354486534846366,0-25%
4.0,8.964891717854627,4.964891717854627,4.964891717854627,0-25%
4.0,8.618670217287637,4.618670217287637,4.618670217287637,0-25%
4.0,8.617559698692133,4.6175596986921335,4.6175596986921335,0-25%
4.0,8.835285581252819,4.835285581252819,4.835285581252819,0-25%
5.0,8.683054360846302,3.6830543608463024,3.6830543608463024,0-25%
5.0,8.515600362224038,3.5156003622240384,3.5156003622240384,0-25%
5.0,8.515600362224038,3.5156003622240384,3.5156003622240384,0-25%
5.0,8.219678676764016,3.2196786767640155,3.2196786767640155,0-25%
5.0,8.322972575243542,3.3229725752435417,3.3229725752435417,0-25%
5.0,8.612648393390817,3.612648393390817,3.612648393390817,0-25%
5.0,8.62059179012305,3.6205917901230507,3.6205917901230507,0-25%
4.5,8.289328629210575,3.7893286292105746,3.7893286292105746,0-25%
4.0,8.672678248034586,4.672678248034586,4.672678248034586,0-25%
5.0,8.322972575243542,3.3229725752435417,3.3229725752435417,0-25%
5.0,8.626867415355155,3.6268674153551554,3.6268674153551554,0-25%
5.0,8.696198770859802,3.6961987708598016,3.6961987708598016,0-25%
4.5,8.318682375495364,3.8186823754953636,3.8186823754953636,0-25%
4.0,8.55856461669893,4.558564616698931,4.558564616698931,0-25%
4.0,8.368492885449276,4.368492885449276,4.368492885449276,0-25%
5.0,8.684546600594706,3.6845466005947056,3.6845466005947056,0-25%
5.0,8.647709259881282,3.6477092598812817,3.6477092598812817,0-25%
4.5,8.634630583463876,4.134630583463876,4.134630583463876,0-25%
4.5,8.574061846166886,4.074061846166886,4.074061846166886,0-25%
4.5,8.634391273949134,4.134391273949134,4.134391273949134,0-25%
4.5,8.54259894700762,4.042598947007621,4.042598947007621,0-25%
4.0,8.677148680680379,4.677148680680379,4.677148680680379,0-25%
4.0,8.478190597009112,4.478190597009112,4.478190597009112,0-25%
4.0,8.4568001084082,4.456800108408199,4.456800108408199,0-25%
5.0,8.322972575243542,3.3229725752435417,3.3229725752435417,0-25%
5.0,8.612648393390817,3.612648393390817,3.612648393390817,0-25%
5.0,8.626867415355155,3.6268674153551554,3.6268674153551554,0-25%
4.5,8.647709259881282,4.147709259881282,4.147709259881282,0-25%
4.5,8.57848670115869,4.07848670115869,4.07848670115869,0-25%
4.5,8.634391273949134,4.134391273949134,4.134391273949134,0-25%
4.5,8.647469625512185,4.147469625512185,4.147469625512185,0-25%
4.0,8.785937731863838,4.785937731863838,4.785937731863838,0-25%
4.0,8.485529537297655,4.485529537297655,4.485529537297655,0-25%
4.0,8.4568001084082,4.456800108408199,4.456800108408199,0-25%
5.0,9.129249463492425,4.129249463492425,4.129249463492425,0-25%
5.0,9.129249463492425,4.129249463492425,4.129249463492425,0-25%
4.5,8.63993555354146,4.139935553541459,4.139935553541459,0-25%
4.5,8.59148916420568,4.091489164205679,4.091489164205679,0-25%
4.5,8.321596271403209,3.821596271403209,3.821596271403209,0-25%
4.0,8.355019898495133,4.355019898495133,4.355019898495133,0-25%
4.0,8.317905915023712,4.317905915023712,4.317905915023712,0-25%
4.0,8.403245127787477,4.403245127787477,4.403245127787477,0-25%
4.0,8.467205312469758,4.467205312469758,4.467205312469758,0-25%
5.0,8.92969179135529,3.9296917913552907,3.9296917913552907,0-25%
5.0,9.129249463492425,4.129249463492425,4.129249463492425,0-25%
5.0,9.034868410133125,4.034868410133125,4.034868410133125,0-25%
4.0,8.573456308156437,4.5734563081564374,4.5734563081564374,0-25%
4.0,8.425947434216399,4.425947434216399,4.425947434216399,0-25%
4.0,8.347349963894484,4.347349963894484,4.347349963894484,0-25%
4.0,8.357634741270994,4.357634741270994,4.357634741270994,0-25%
5.0,8.512807067217157,3.5128070672171567,3.5128070672171567,0-25%
5.0,8.938305193261279,3.9383051932612787,3.9383051932612787,0-25%
5.0,9.129249463492425,4.129249463492425,4.129249463492425,0-25%
5.0,9.203798654969566,4.203798654969566,4.203798654969566,0-25%
5.0,9.108722976480925,4.108722976480925,4.108722976480925,0-25%
5.0,8.910060123431387,3.9100601234313874,3.9100601234313874,0-25%
5.0,8.924685501618402,3.924685501618402,3.924685501618402,0-25%
4.0,8.460352307839193,4.460352307839193,4.460352307839193,0-25%
4.0,8.420386145324892,4.420386145324892,4.420386145324892,0-25%
4.0,8.248281358871436,4.248281358871436,4.248281358871436,0-25%
5.0,8.55658040028955,3.5565804002895494,3.5565804002895494,0-25%
5.0,8.819484486659789,3.819484486659789,3.819484486659789,0-25%
5.0,9.130608022108277,4.130608022108277,4.130608022108277,0-25%
5.0,9.203798654969566,4.203798654969566,4.203798654969566,0-25%
5.0,8.989706636271892,3.989706636271892,3.989706636271892,0-25%
5.0,8.989706636271892,3.989706636271892,3.989706636271892,0-25%
5.0,8.924685501618402,3.924685501618402,3.924685501618402,0-25%
5.0,8.293002311749088,3.2930023117490883,3.2930023117490883,0-25%
5.0,8.664198831314888,3.664198831314888,3.664198831314888,0-25%
5.0,8.897829066613923,3.897829066613923,3.897829066613923,0-25%
5.0,9.122445216857168,4.122445216857168,4.122445216857168,0-25%
5.0,8.989706636271892,3.989706636271892,3.989706636271892,0-25%
5.0,8.896625797609572,3.8966257976095715,3.8966257976095715,0-25%
5.0,8.677317645601882,3.6773176456018817,3.6773176456018817,0-25%
5.0,9.130608022108277,4.130608022108277,4.130608022108277,0-25%
5.0,9.116874716028697,4.116874716028697,4.116874716028697,0-25%
5.0,9.116874716028697,4.116874716028697,4.116874716028697,0-25%
5.0,8.677317645601882,3.6773176456018817,3.6773176456018817,0-25%
5.0,8.563149280872842,3.5631492808728424,3.5631492808728424,0-25%
5.0,8.476455618278958,3.4764556182789583,3.4764556182789583,0-25%
5.0,8.888897169922231,3.888897169922231,3.888897169922231,0-25%
5.0,8.897829066613923,3.897829066613923,3.897829066613923,0-25%
5.0,8.993840917266613,3.9938409172666134,3.9938409172666134,0-25%
5.0,8.566036365721512,3.566036365721512,3.566036365721512,0-25%
12.0,8.826482580220047,-3.1735174197799534,3.1735174197799534,50-75%
12.0,8.825348068755654,-3.1746519312443464,3.1746519312443464,50-75%
12.0,8.828819195236822,-3.1711808047631784,3.1711808047631784,50-75%
15.0,9.128752220618372,-5.871247779381628,5.871247779381628,50-75%
10.666666666666666,9.122317617522356,-1.5443490491443104,1.5443490491443104,50-75%
12.0,9.00516497462505,-2.9948350253749503,2.9948350253749503,50-75%
12.0,9.000632788883681,-2.9993672111163185,2.9993672111163185,50-75%
10.666666666666666,9.233559253316045,-1.433107413350621,1.433107413350621,50-75%
10.666666666666666,9.71706503880646,-0.949601627860206,0.949601627860206,50-75%
10.666666666666666,9.593028969119704,-1.0736376975469621,1.0736376975469621,50-75%
12.0,9.474788074761193,-2.525211925238807,2.525211925238807,50-75%
8.0,10.180720921576699,2.1807209215766985,2.1807209215766985,25-50%
8.0,10.164492680835302,2.164492680835302,2.164492680835302,25-50%
10.666666666666666,10.21158289825513,-0.4550837684115354,0.4550837684115354,50-75%
10.666666666666666,9.71706503880646,-0.949601627860206,0.949601627860206,50-75%
10.666666666666666,9.71706503880646,-0.949601627860206,0.949601627860206,50-75%
10.666666666666666,9.71706503880646,-0.949601627860206,0.949601627860206,50-75%
10.666666666666666,9.593028969119704,-1.0736376975469621,1.0736376975469621,50-75%
12.0,9.24732831640328,-2.75267168359672,2.75267168359672,50-75%
9.0,8.970809291139913,-0.0291907088600869,0.0291907088600869,50-75%
9.0,8.851680958378067,-0.14831904162193332,0.14831904162193332,50-75%
8.0,10.319429543455628,2.3194295434556285,2.3194295434556285,25-50%
8.0,10.319429543455628,2.3194295434556285,2.3194295434556285,25-50%
10.666666666666666,10.325662188755636,-0.3410044779110297,0.3410044779110297,50-75%
10.666666666666666,9.708429691887073,-0.9582369747795934,0.9582369747795934,50-75%
10.666666666666666,9.708429691887073,-0.9582369747795934,0.9582369747795934,50-75%
10.666666666666666,9.708429691887073,-0.9582369747795934,0.9582369747795934,50-75%
10.666666666666666,9.71706503880646,-0.949601627860206,0.949601627860206,50-75%
9.0,9.393134325377643,0.3931343253776429,0.3931343253776429,50-75%
8.0,9.71706503880646,1.71706503880646,1.71706503880646,25-50%
8.0,10.325662188755636,2.3256621887556364,2.3256621887556364,25-50%
8.0,10.293603348088064,2.293603348088064,2.293603348088064,25-50%
8.5,9.256504702388037,0.7565047023880371,0.7565047023880371,50-75%
8.5,9.276221214412256,0.7762212144122564,0.7762212144122564,50-75%
8.5,9.708429691887073,1.2084296918870727,1.2084296918870727,50-75%
8.5,9.71706503880646,1.21706503880646,1.21706503880646,50-75%
9.0,9.593028969119704,0.5930289691197039,0.5930289691197039,50-75%
8.0,9.276221214412256,1.2762212144122564,1.2762212144122564,25-50%
8.0,9.28450802562175,1.2845080256217507,1.2845080256217507,25-50%
9.0,9.09894749243139,0.09894749243139067,0.09894749243139067,50-75%
8.0,8.918181002684213,0.9181810026842125,0.9181810026842125,25-50%
8.0,8.918181002684213,0.9181810026842125,0.9181810026842125,25-50%
8.0,8.918181002684213,0.9181810026842125,0.9181810026842125,25-50%
8.0,8.918181002684213,0.9181810026842125,0.9181810026842125,25-50%
8.0,9.470989703805811,1.4709897038058113,1.4709897038058113,25-50%
8.0,9.470989703805811,1.4709897038058113,1.4709897038058113,25-50%
8.0,8.918181002684213,0.9181810026842125,0.9181810026842125,25-50%
8.0,8.918181002684213,0.9181810026842125,0.9181810026842125,25-50%
8.0,8.918181002684213,0.9181810026842125,0.9181810026842125,25-50%
8.0,8.918181002684213,0.9181810026842125,0.9181810026842125,25-50%
8.0,9.244946156361905,1.2449461563619053,1.2449461563619053,25-50%
8.0,9.470989703805811,1.4709897038058113,1.4709897038058113,25-50%
8.0,9.470989703805811,1.4709897038058113,1.4709897038058113,25-50%
8.0,9.470989703805811,1.4709897038058113,1.4709897038058113,25-50%
8.0,8.918181002684213,0.9181810026842125,0.9181810026842125,25-50%
8.0,8.918181002684213,0.9181810026842125,0.9181810026842125,25-50%
8.0,8.918181002684213,0.9181810026842125,0.9181810026842125,25-50%
8.0,8.918181002684213,0.9181810026842125,0.9181810026842125,25-50%
8.0,9.668417332808097,1.6684173328080973,1.6684173328080973,25-50%
8.0,9.470989703805811,1.4709897038058113,1.4709897038058113,25-50%
8.0,9.470989703805811,1.4709897038058113,1.4709897038058113,25-50%
8.0,9.470989703805811,1.4709897038058113,1.4709897038058113,25-50%
8.0,8.918181002684213,0.9181810026842125,0.9181810026842125,25-50%
8.0,8.918181002684213,0.9181810026842125,0.9181810026842125,25-50%
8.0,8.918181002684213,0.9181810026842125,0.9181810026842125,25-50%
8.0,8.918181002684213,0.9181810026842125,0.9181810026842125,25-50%
8.0,9.470989703805811,1.4709897038058113,1.4709897038058113,25-50%
8.0,9.470989703805811,1.4709897038058113,1.4709897038058113,25-50%
8.0,8.847759425790553,0.847759425790553,0.847759425790553,25-50%
8.0,8.906574921597954,0.9065749215979544,0.9065749215979544,25-50%
8.0,8.918181002684213,0.9181810026842125,0.9181810026842125,25-50%
8.0,8.918181002684213,0.9181810026842125,0.9181810026842125,25-50%
8.0,9.668417332808097,1.6684173328080973,1.6684173328080973,25-50%
8.0,9.748212208116257,1.7482122081162572,1.7482122081162572,25-50%
8.0,9.244946156361905,1.2449461563619053,1.2449461563619053,25-50%
8.0,8.800667218354837,0.8006672183548371,0.8006672183548371,25-50%
8.0,8.800667218354837,0.8006672183548371,0.8006672183548371,25-50%
8.0,9.16888753514596,1.1688875351459593,1.1688875351459593,25-50%
6.0,10.032389607363651,4.032389607363651,4.032389607363651,25-50%
6.0,9.099723091761136,3.0997230917611365,3.0997230917611365,25-50%
6.0,8.935179058376994,2.9351790583769937,2.9351790583769937,25-50%
3.0,8.937536897718942,5.937536897718942,5.937536897718942,0-25%
3.0,8.995537057054033,5.995537057054033,5.995537057054033,0-25%
3.0,8.981965055058625,5.981965055058625,5.981965055058625,0-25%
3.0,9.07972795899814,6.07972795899814,6.07972795899814,0-25%
3.0,9.144274730935546,6.144274730935546,6.144274730935546,0-25%
3.0,9.257269999322965,6.257269999322965,6.257269999322965,0-25%
6.0,10.032389607363651,4.032389607363651,4.032389607363651,25-50%
6.0,9.20599950126544,3.20599950126544,3.20599950126544,25-50%
6.0,9.113433115106428,3.113433115106428,3.113433115106428,25-50%
6.0,9.099723091761136,3.0997230917611365,3.0997230917611365,25-50%
3.0,8.937536897718942,5.937536897718942,5.937536897718942,0-25%
3.0,9.001175651338084,6.001175651338084,6.001175651338084,0-25%
3.0,8.981965055058625,5.981965055058625,5.981965055058625,0-25%
3.0,8.970284334995354,5.970284334995354,5.970284334995354,0-25%
3.0,9.006393723279949,6.006393723279949,6.006393723279949,0-25%
3.0,9.144274730935546,6.144274730935546,6.144274730935546,0-25%
3.0,9.271332434977126,6.271332434977126,6.271332434977126,0-25%
6.0,9.217844766847008,3.2178447668470085,3.2178447668470085,25-50%
6.0,9.18271368672602,3.1827136867260197,3.1827136867260197,25-50%
6.0,9.085594000882343,3.0855940008823435,3.0855940008823435,25-50%
6.0,9.219853791145775,3.219853791145775,3.219853791145775,25-50%
6.0,9.20599950126544,3.20599950126544,3.20599950126544,25-50%
6.0,9.20599950126544,3.20599950126544,3.20599950126544,25-50%
6.0,9.210716419598029,3.210716419598029,3.210716419598029,25-50%
3.0,8.951160988066007,5.9511609880660075,5.9511609880660075,0-25%
3.0,8.9316951131227,5.9316951131227,5.9316951131227,0-25%
3.0,8.941890392236385,5.941890392236385,5.941890392236385,0-25%
3.0,8.987595993224506,5.987595993224506,5.987595993224506,0-25%
3.0,8.987595993224506,5.987595993224506,5.987595993224506,0-25%
3.0,9.073314060927853,6.073314060927853,6.073314060927853,0-25%
3.0,9.152455139647905,6.1524551396479055,6.1524551396479055,0-25%
6.0,9.18271368672602,3.1827136867260197,3.1827136867260197,25-50%
6.0,9.20599950126544,3.20599950126544,3.20599950126544,25-50%
6.0,9.219853791145775,3.219853791145775,3.219853791145775,25-50%
6.0,9.276189780729654,3.276189780729654,3.276189780729654,25-50%
6.0,9.20599950126544,3.20599950126544,3.20599950126544,25-50%
6.0,9.210716419598029,3.210716419598029,3.210716419598029,25-50%
3.0,8.937536897718942,5.937536897718942,5.937536897718942,0-25%
3.0,8.64079893652999,5.64079893652999,5.64079893652999,0-25%
3.0,9.009240664027711,6.009240664027711,6.009240664027711,0-25%
3.0,8.895790133138798,5.895790133138798,5.895790133138798,0-25%
3.0,8.987595993224506,5.987595993224506,5.987595993224506,0-25%
3.0,9.065197420669623,6.065197420669623,6.065197420669623,0-25%
3.0,9.073314060927853,6.073314060927853,6.073314060927853,0-25%
6.0,9.18271368672602,3.1827136867260197,3.1827136867260197,25-50%
6.0,9.18271368672602,3.1827136867260197,3.1827136867260197,25-50%
6.0,9.211619075518652,3.2116190755186516,3.2116190755186516,25-50%
6.0,9.276189780729654,3.276189780729654,3.276189780729654,25-50%
6.0,9.15725626794966,3.157256267949659,3.157256267949659,25-50%
6.0,9.087878349552906,3.0878783495529056,3.0878783495529056,25-50%
3.0,9.019598652663104,6.019598652663104,6.019598652663104,0-25%
3.0,8.964669343514926,5.964669343514926,5.964669343514926,0-25%
3.0,8.64079893652999,5.64079893652999,5.64079893652999,0-25%
3.0,8.943142773464206,5.943142773464206,5.943142773464206,0-25%
3.0,9.001175651338084,6.001175651338084,6.001175651338084,0-25%
3.0,8.625370166402117,5.625370166402117,5.625370166402117,0-25%
3.0,8.987595993224506,5.987595993224506,5.987595993224506,0-25%
3.0,8.987595993224506,5.987595993224506,5.987595993224506,0-25%
3.0,9.064446454307618,6.0644464543076175,6.0644464543076175,0-25%
6.0,9.093432884553192,3.0934328845531915,3.0934328845531915,25-50%
6.0,9.15725626794966,3.157256267949659,3.157256267949659,25-50%
6.0,8.707615605262601,2.7076156052626015,2.7076156052626015,25-50%
3.0,8.910682828116787,5.910682828116787,5.910682828116787,0-25%
3.0,9.019598652663104,6.019598652663104,6.019598652663104,0-25%
3.0,9.011525293954776,6.011525293954776,6.011525293954776,0-25%
3.0,8.969246659335917,5.9692466593359175,5.9692466593359175,0-25%
3.0,9.011525293954776,6.011525293954776,6.011525293954776,0-25%
3.0,9.001175651338084,6.001175651338084,6.001175651338084,0-25%
3.0,8.995537057054033,5.995537057054033,5.995537057054033,0-25%
3.0,8.483124092273876,5.483124092273876,5.483124092273876,0-25%
3.0,8.771674619763852,5.771674619763852,5.771674619763852,0-25%
3.0,9.019598652663104,6.019598652663104,6.019598652663104,0-25%
2.6666666666666665,9.080550127127824,6.413883460461157,6.413883460461157,0-25%
2.6666666666666665,9.011525293954776,6.34485862728811,6.34485862728811,0-25%
2.6666666666666665,9.011525293954776,6.34485862728811,6.34485862728811,0-25%
2.6666666666666665,9.011525293954776,6.34485862728811,6.34485862728811,0-25%
3.0,9.069957284518752,6.069957284518752,6.069957284518752,0-25%
3.0,9.064446454307618,6.0644464543076175,6.0644464543076175,0-25%
3.0,8.64771727993448,5.647717279934479,5.647717279934479,0-25%
2.5,8.896818196673221,6.396818196673221,6.396818196673221,0-25%
2.5,9.019598652663104,6.519598652663104,6.519598652663104,0-25%
2.6666666666666665,9.080550127127824,6.413883460461157,6.413883460461157,0-25%
2.6666666666666665,9.011525293954776,6.34485862728811,6.34485862728811,0-25%
2.6666666666666665,9.011525293954776,6.34485862728811,6.34485862728811,0-25%
2.6666666666666665,9.011525293954776,6.34485862728811,6.34485862728811,0-25%
2.6666666666666665,9.069957284518752,6.403290617852086,6.403290617852086,0-25%
2.6666666666666665,10.092260304638346,7.42559363797168,7.42559363797168,0-25%
3.0,10.092260304638346,7.092260304638346,7.092260304638346,0-25%
2.0,9.019598652663104,7.019598652663104,7.019598652663104,0-25%
2.5,9.019598652663104,6.519598652663104,6.519598652663104,0-25%
2.6666666666666665,9.080550127127824,6.413883460461157,6.413883460461157,0-25%
2.6666666666666665,9.011525293954776,6.34485862728811,6.34485862728811,0-25%
2.6666666666666665,9.011525293954776,6.34485862728811,6.34485862728811,0-25%
2.6666666666666665,9.011525293954776,6.34485862728811,6.34485862728811,0-25%
2.6666666666666665,9.011525293954776,6.34485862728811,6.34485862728811,0-25%
2.5,10.027896292841572,7.527896292841572,7.527896292841572,0-25%
3.0,9.564260689054164,6.564260689054164,6.564260689054164,0-25%
2.0,9.019598652663104,7.019598652663104,7.019598652663104,0-25%
2.6666666666666665,9.011525293954776,6.34485862728811,6.34485862728811,0-25%
2.6666666666666665,9.011525293954776,6.34485862728811,6.34485862728811,0-25%
2.6666666666666665,9.011525293954776,6.34485862728811,6.34485862728811,0-25%
2.5,10.027896292841572,7.527896292841572,7.527896292841572,0-25%
3.0,9.564260689054164,6.564260689054164,6.564260689054164,0-25%
2.0,9.019598652663104,7.019598652663104,7.019598652663104,0-25%
2.0,9.011525293954776,7.011525293954776,7.011525293954776,0-25%
2.5,8.999809983019503,6.499809983019503,6.499809983019503,0-25%
2.5,9.011525293954776,6.511525293954776,6.511525293954776,0-25%
2.5,8.929641912750888,6.429641912750888,6.429641912750888,0-25%
2.5,8.51217919807163,6.01217919807163,6.01217919807163,0-25%
2.0,9.011525293954776,7.011525293954776,7.011525293954776,0-25%
2.0,8.870780693419562,6.870780693419562,6.870780693419562,0-25%
2.0,8.92404364869836,6.92404364869836,6.92404364869836,0-25%
2.0,8.51217919807163,6.51217919807163,6.51217919807163,0-25%
2.0,8.51217919807163,6.51217919807163,6.51217919807163,0-25%
2.0,8.312760324170185,6.312760324170185,6.312760324170185,0-25%
2.0,8.223568199375972,6.223568199375972,6.223568199375972,0-25%
2.0,8.312760324170185,6.312760324170185,6.312760324170185,0-25%
2.0,8.355613138971623,6.3556131389716235,6.3556131389716235,0-25%
2.0,8.718131781684217,6.718131781684217,6.718131781684217,0-25%
2.0,8.663843888569533,6.663843888569533,6.663843888569533,0-25%
2.0,8.565761488841902,6.565761488841902,6.565761488841902,0-25%
2.0,8.2079087344895,6.2079087344895,6.2079087344895,0-25%
2.0,8.51311704780661,6.51311704780661,6.51311704780661,0-25%
2.0,9.328741867120703,7.328741867120703,7.328741867120703,0-25%
2.0,9.376269737156703,7.3762697371567025,7.3762697371567025,0-25%
2.0,8.660692724010062,6.660692724010062,6.660692724010062,0-25%
2.0,8.674982813110573,6.674982813110573,6.674982813110573,0-25%
2.0,8.482885669791695,6.4828856697916954,6.4828856697916954,0-25%
2.0,8.63393585729447,6.633935857294469,6.633935857294469,0-25%
2.0,8.461779000512022,6.461779000512022,6.461779000512022,0-25%
2.0,9.79477271577683,7.79477271577683,7.79477271577683,0-25%
2.0,9.714632174619215,7.714632174619215,7.714632174619215,0-25%
2.0,8.663843888569533,6.663843888569533,6.663843888569533,0-25%
2.0,8.63393585729447,6.633935857294469,6.633935857294469,0-25%
2.0,8.49381601481021,6.493816014810211,6.493816014810211,0-25%
4.0,8.936092120024833,4.936092120024833,4.936092120024833,0-25%
4.0,8.691124989350778,4.691124989350778,4.691124989350778,0-25%
2.0,9.79477271577683,7.79477271577683,7.79477271577683,0-25%
2.0,8.619579241637755,6.619579241637755,6.619579241637755,0-25%
4.0,8.936092120024833,4.936092120024833,4.936092120024833,0-25%
4.0,8.936092120024833,4.936092120024833,4.936092120024833,0-25%
4.0,9.010409538160468,5.010409538160468,5.010409538160468,0-25%
13.0,8.551033876481505,-4.448966123518495,4.448966123518495,50-75%
13.0,8.551033876481505,-4.448966123518495,4.448966123518495,50-75%
13.0,8.551033876481505,-4.448966123518495,4.448966123518495,50-75%
13.0,8.733621491975857,-4.266378508024143,4.266378508024143,50-75%
13.0,8.733621491975857,-4.266378508024143,4.266378508024143,50-75%
4.0,7.654591613943129,3.654591613943129,3.654591613943129,0-25%
4.0,7.654591613943129,3.654591613943129,3.654591613943129,0-25%
4.0,7.9674284675015254,3.9674284675015254,3.9674284675015254,0-25%
4.0,8.591483304874389,4.591483304874389,4.591483304874389,0-25%
4.0,8.663223206910196,4.663223206910196,4.663223206910196,0-25%
4.0,8.836663487184145,4.836663487184145,4.836663487184145,0-25%
13.0,8.898362683683626,-4.101637316316374,4.101637316316374,50-75%
13.0,8.64757537571963,-4.352424624280371,4.352424624280371,50-75%
13.0,8.551033876481505,-4.448966123518495,4.448966123518495,50-75%
13.0,8.551033876481505,-4.448966123518495,4.448966123518495,50-75%
13.0,8.733621491975857,-4.266378508024143,4.266378508024143,50-75%
13.0,8.761252055128452,-4.238747944871548,4.238747944871548,50-75%
13.0,8.62841915346543,-4.37158084653457,4.37158084653457,50-75%
4.0,7.6944158549527275,3.6944158549527275,3.6944158549527275,0-25%
4.0,7.98086274800827,3.9808627480082697,3.9808627480082697,0-25%
4.0,7.991214441766674,3.991214441766674,3.991214441766674,0-25%
4.0,7.977934288408621,3.977934288408621,3.977934288408621,0-25%
4.0,8.591483304874389,4.591483304874389,4.591483304874389,0-25%
4.0,8.836663487184145,4.836663487184145,4.836663487184145,0-25%
13.0,8.870344010085793,-4.129655989914207,4.129655989914207,50-75%
13.0,8.660692724010062,-4.339307275989938,4.339307275989938,50-75%
13.0,8.64757537571963,-4.352424624280371,4.352424624280371,50-75%
13.0,8.578146133200574,-4.421853866799426,4.421853866799426,50-75%
13.0,8.748019457252742,-4.251980542747258,4.251980542747258,50-75%
13.0,8.733621491975857,-4.266378508024143,4.266378508024143,50-75%
13.0,8.736796444741362,-4.263203555258638,4.263203555258638,50-75%
4.0,7.98086274800827,3.9808627480082697,3.9808627480082697,0-25%
4.0,7.880899522580491,3.880899522580491,3.880899522580491,0-25%
4.0,7.892955035258962,3.8929550352589617,3.8929550352589617,0-25%
4.0,7.977934288408621,3.977934288408621,3.977934288408621,0-25%
4.0,8.591483304874389,4.591483304874389,4.591483304874389,0-25%
4.0,8.591483304874389,4.591483304874389,4.591483304874389,0-25%
13.0,8.832694815518796,-4.167305184481204,4.167305184481204,50-75%
13.0,8.674982813110573,-4.325017186889427,4.325017186889427,50-75%
13.0,8.64757537571963,-4.352424624280371,4.352424624280371,50-75%
13.0,8.63628595258185,-4.363714047418149,4.363714047418149,50-75%
13.0,8.650722261608385,-4.349277738391615,4.349277738391615,50-75%
13.0,8.62841915346543,-4.37158084653457,4.37158084653457,50-75%
13.0,8.565485027067815,-4.434514972932185,4.434514972932185,50-75%
4.0,7.9001263716805985,3.9001263716805985,3.9001263716805985,0-25%
4.0,7.822851400228294,3.822851400228294,3.822851400228294,0-25%
4.0,7.822851400228294,3.822851400228294,3.822851400228294,0-25%
4.0,7.977934288408621,3.977934288408621,3.977934288408621,0-25%
4.0,7.977934288408621,3.977934288408621,3.977934288408621,0-25%
13.0,8.73426512802119,-4.265734871978809,4.265734871978809,50-75%
13.0,8.835902084429206,-4.164097915570794,4.164097915570794,50-75%
13.0,8.663843888569533,-4.336156111430467,4.336156111430467,50-75%
13.0,8.543303035633464,-4.456696964366536,4.456696964366536,50-75%
13.0,8.543303035633464,-4.456696964366536,4.456696964366536,50-75%
13.0,8.733585762144475,-4.266414237855525,4.266414237855525,50-75%
13.0,8.565485027067815,-4.434514972932185,4.434514972932185,50-75%
13.0,8.522183495075625,-4.477816504924375,4.477816504924375,50-75%
13.0,8.563984854633917,-4.436015145366083,4.436015145366083,50-75%
8.5,8.455581110974194,-0.04441888902580615,0.04441888902580615,50-75%
8.5,8.543303035633464,0.04330303563346405,0.04330303563346405,50-75%
8.5,8.7257428602379,0.2257428602379008,0.2257428602379008,50-75%
4.0,8.662172598004707,4.662172598004707,4.662172598004707,0-25%
4.0,8.556278609794264,4.556278609794264,4.556278609794264,0-25%
4.0,8.197190634306455,4.197190634306455,4.197190634306455,0-25%
4.0,8.543303035633464,4.543303035633464,4.543303035633464,0-25%
4.0,8.543303035633464,4.543303035633464,4.543303035633464,0-25%
4.0,8.616734844353184,4.616734844353184,4.616734844353184,0-25%
4.0,8.520994804272352,4.520994804272352,4.520994804272352,0-25%
3.0,8.793313731344453,5.793313731344453,5.793313731344453,0-25%
3.0,8.726421678711013,5.726421678711013,5.726421678711013,0-25%
3.0,8.669528124112984,5.6695281241129845,5.6695281241129845,0-25%
3.0,8.164647417050247,5.164647417050247,5.164647417050247,0-25%
3.0,8.616734844353184,5.616734844353184,5.616734844353184,0-25%
4.0,8.616734844353184,4.616734844353184,4.616734844353184,0-25%
4.0,8.275425218181187,4.275425218181187,4.275425218181187,0-25%
4.0,8.275425218181187,4.275425218181187,4.275425218181187,0-25%
2.0,8.793313731344453,6.793313731344453,6.793313731344453,0-25%
3.0,8.793313731344453,5.793313731344453,5.793313731344453,0-25%
2.6666666666666665,8.793313731344453,6.126647064677787,6.126647064677787,0-25%
2.6666666666666665,8.622000528179246,5.95533386151258,5.95533386151258,0-25%
2.6666666666666665,8.616734844353184,5.950068177686518,5.950068177686518,0-25%
3.0,8.194879354307348,5.194879354307348,5.194879354307348,0-25%
3.0,8.617232669673104,5.617232669673104,5.617232669673104,0-25%
4.0,8.275425218181187,4.275425218181187,4.275425218181187,0-25%
2.0,8.952926483561914,6.952926483561914,6.952926483561914,0-25%
2.6666666666666665,8.793313731344453,6.126647064677787,6.126647064677787,0-25%
2.6666666666666665,8.793313731344453,6.126647064677787,6.126647064677787,0-25%
2.6666666666666665,8.622000528179246,5.95533386151258,5.95533386151258,0-25%
2.6666666666666665,9.05866356936359,6.391996902696924,6.391996902696924,0-25%
2.6666666666666665,9.05866356936359,6.391996902696924,6.391996902696924,0-25%
2.6666666666666665,8.369180875235164,5.702514208568498,5.702514208568498,0-25%
2.0,8.952926483561914,6.952926483561914,6.952926483561914,0-25%
2.0,8.830812136516666,6.830812136516666,6.830812136516666,0-25%
2.6666666666666665,8.622000528179246,5.95533386151258,5.95533386151258,0-25%
2.6666666666666665,8.622000528179246,5.95533386151258,5.95533386151258,0-25%
2.6666666666666665,9.05866356936359,6.391996902696924,6.391996902696924,0-25%
2.6666666666666665,8.802343237140299,6.135676570473633,6.135676570473633,0-25%
2.6666666666666665,8.802343237140299,6.135676570473633,6.135676570473633,0-25%
2.0,8.971661998466475,6.971661998466475,6.971661998466475,0-25%
2.0,8.622000528179246,6.622000528179246,6.622000528179246,0-25%
2.0,9.05866356936359,7.05866356936359,7.05866356936359,0-25%
2.0,8.802343237140299,6.802343237140299,6.802343237140299,0-25%
2.0,8.802343237140299,6.802343237140299,6.802343237140299,0-25%
2.0,8.781853767744435,6.781853767744435,6.781853767744435,0-25%
2.0,8.793313731344453,6.793313731344453,6.793313731344453,0-25%
2.0,8.83386868755316,6.83386868755316,6.83386868755316,0-25%
2.0,8.403896409083693,6.403896409083693,6.403896409083693,0-25%
2.0,8.82254683578628,6.82254683578628,6.82254683578628,0-25%
2.0,8.828324419788569,6.828324419788569,6.828324419788569,0-25%
2.0,8.403896409083693,6.403896409083693,6.403896409083693,0-25%
2.0,8.403896409083693,6.403896409083693,6.403896409083693,0-25%
2.0,8.403896409083693,6.403896409083693,6.403896409083693,0-25%
2.0,8.804838815381682,6.804838815381682,6.804838815381682,0-25%
2.0,8.804838815381682,6.804838815381682,6.804838815381682,0-25%
2.0,8.684541384088313,6.6845413840883126,6.6845413840883126,0-25%
2.0,7.952343189125904,5.952343189125904,5.952343189125904,0-25%
2.0,8.47130308123978,6.47130308123978,6.47130308123978,0-25%
2.0,8.804838815381682,6.804838815381682,6.804838815381682,0-25%
2.0,8.804838815381682,6.804838815381682,6.804838815381682,0-25%
2.0,8.804838815381682,6.804838815381682,6.804838815381682,0-25%
2.0,8.684541384088313,6.6845413840883126,6.6845413840883126,0-25%
2.0,9.054765772028055,7.054765772028055,7.054765772028055,0-25%
2.0,9.266332064102189,7.266332064102189,7.266332064102189,0-25%
2.0,9.266332064102189,7.266332064102189,7.266332064102189,0-25%
2.0,8.401814227071709,6.401814227071709,6.401814227071709,0-25%
2.0,8.804838815381682,6.804838815381682,6.804838815381682,0-25%
2.0,8.804838815381682,6.804838815381682,6.804838815381682,0-25%
2.0,8.424652145097859,6.424652145097859,6.424652145097859,0-25%
2.0,8.424652145097859,6.424652145097859,6.424652145097859,0-25%
2.0,9.266332064102189,7.266332064102189,7.266332064102189,0-25%
2.0,8.424652145097859,6.424652145097859,6.424652145097859,0-25%
2.0,8.424652145097859,6.424652145097859,6.424652145097859,0-25%
2.0,8.424652145097859,6.424652145097859,6.424652145097859,0-25%
2.0,9.266332064102189,7.266332064102189,7.266332064102189,0-25%
2.0,8.959810880755454,6.9598108807554535,6.9598108807554535,0-25%
2.0,8.321531595713715,6.321531595713715,6.321531595713715,0-25%
2.0,8.35550555852175,6.355505558521751,6.355505558521751,0-25%
2.0,8.35550555852175,6.355505558521751,6.355505558521751,0-25%
2.0,9.266332064102189,7.266332064102189,7.266332064102189,0-25%
2.0,8.35550555852175,6.355505558521751,6.355505558521751,0-25%
2.0,9.889033412564231,7.889033412564231,7.889033412564231,0-25%
2.0,9.870318044271293,7.8703180442712934,7.8703180442712934,0-25%
2.0,9.903814897258174,7.903814897258174,7.903814897258174,0-25%
2.0,9.903814897258174,7.903814897258174,7.903814897258174,0-25%
2.0,10.197581227350106,8.197581227350106,8.197581227350106,0-25%
2.0,10.076768473666592,8.076768473666592,8.076768473666592,0-25%
2.0,10.076768473666592,8.076768473666592,8.076768473666592,0-25%
2.0,9.870318044271293,7.8703180442712934,7.8703180442712934,0-25%
2.0,9.903814897258174,7.903814897258174,7.903814897258174,0-25%
2.0,9.908854325721567,7.908854325721567,7.908854325721567,0-25%
2.0,10.206898340408332,8.206898340408332,8.206898340408332,0-25%
2.0,10.048537339572208,8.048537339572208,8.048537339572208,0-25%
2.0,10.048537339572208,8.048537339572208,8.048537339572208,0-25%
2.0,10.22619319719247,8.22619319719247,8.22619319719247,0-25%
2.0,9.97744308657971,7.97744308657971,7.97744308657971,0-25%
2.0,10.700001378397683,8.700001378397683,8.700001378397683,0-25%
2.0,10.206898340408332,8.206898340408332,8.206898340408332,0-25%
2.0,10.206898340408332,8.206898340408332,8.206898340408332,0-25%
2.0,10.206898340408332,8.206898340408332,8.206898340408332,0-25%
2.0,9.849977559309691,7.849977559309691,7.849977559309691,0-25%
2.0,9.868657907498731,7.868657907498731,7.868657907498731,0-25%
2.0,9.97744308657971,7.97744308657971,7.97744308657971,0-25%
2.0,9.97744308657971,7.97744308657971,7.97744308657971,0-25%
2.0,9.97744308657971,7.97744308657971,7.97744308657971,0-25%
2.0,9.849977559309691,7.849977559309691,7.849977559309691,0-25%
2.0,9.849977559309691,7.849977559309691,7.849977559309691,0-25%
2.0,9.956410325351003,7.956410325351003,7.956410325351003,0-25%
2.0,9.97744308657971,7.97744308657971,7.97744308657971,0-25%
2.0,9.868657907498731,7.868657907498731,7.868657907498731,0-25%
6.0,9.885866052711052,3.8858660527110516,3.8858660527110516,25-50%
6.0,10.388926760216489,4.3889267602164885,4.3889267602164885,25-50%
6.0,10.388926760216489,4.3889267602164885,4.3889267602164885,25-50%
6.0,10.140657869891005,4.140657869891005,4.140657869891005,25-50%
6.0,9.168510261054555,3.1685102610545552,3.1685102610545552,25-50%
6.0,9.168510261054555,3.1685102610545552,3.1685102610545552,25-50%
6.0,10.108721721068484,4.108721721068484,4.108721721068484,25-50%
6.0,10.388926760216489,4.3889267602164885,4.3889267602164885,25-50%
6.0,10.388926760216489,4.3889267602164885,4.3889267602164885,25-50%
6.0,10.159838680812218,4.159838680812218,4.159838680812218,25-50%
6.0,9.215300822805892,3.215300822805892,3.215300822805892,25-50%
6.0,9.756050042360275,3.7560500423602754,3.7560500423602754,25-50%
6.0,10.369352207480446,4.369352207480446,4.369352207480446,25-50%
6.0,10.369352207480446,4.369352207480446,4.369352207480446,25-50%
6.0,9.215300822805892,3.215300822805892,3.215300822805892,25-50%
6.0,10.388926760216489,4.3889267602164885,4.3889267602164885,25-50%
6.5,10.369352207480446,3.8693522074804463,3.8693522074804463,25-50%
6.5,9.610108452647719,3.1101084526477187,3.1101084526477187,25-50%
6.5,9.591872482585382,3.091872482585382,3.091872482585382,25-50%
6.5,9.549916037586463,3.0499160375864633,3.0499160375864633,25-50%
6.5,9.591872482585382,3.091872482585382,3.091872482585382,25-50%
7.0,9.776488812127877,2.7764888121278766,2.7764888121278766,25-50%
7.0,9.974146192606197,2.974146192606197,2.974146192606197,25-50%
7.0,9.853997861591983,2.853997861591983,2.853997861591983,25-50%
7.0,9.931600110439799,2.931600110439799,2.931600110439799,25-50%
7.0,9.099636639216042,2.099636639216042,2.099636639216042,25-50%
7.0,9.099636639216042,2.099636639216042,2.099636639216042,25-50%
7.0,9.796031796722083,2.796031796722083,2.796031796722083,25-50%
7.0,9.685486949831766,2.685486949831766,2.685486949831766,25-50%
7.0,9.659865474484697,2.659865474484697,2.659865474484697,25-50%
4.0,9.1251041787338,5.1251041787338,5.1251041787338,0-25%
7.0,9.082278035181483,2.082278035181483,2.082278035181483,25-50%
7.0,10.007962991725886,3.0079629917258863,3.0079629917258863,25-50%
7.0,9.685486949831766,2.685486949831766,2.685486949831766,25-50%
7.0,9.73857442111348,2.73857442111348,2.73857442111348,25-50%
4.0,9.712289801653966,5.7122898016539665,5.7122898016539665,0-25%
7.0,10.012976018447254,3.0129760184472545,3.0129760184472545,25-50%
7.0,9.931600110439799,2.931600110439799,2.931600110439799,25-50%
7.0,10.052018035591882,3.052018035591882,3.052018035591882,25-50%
3.0,9.40657222532775,6.40657222532775,6.40657222532775,0-25%
3.0,9.483410937770461,6.483410937770461,6.483410937770461,0-25%
3.0,9.457750877474632,6.457750877474632,6.457750877474632,0-25%
4.0,9.712289801653966,5.7122898016539665,5.7122898016539665,0-25%
4.0,9.712289801653966,5.7122898016539665,5.7122898016539665,0-25%
4.0,8.916571482493092,4.916571482493092,4.916571482493092,0-25%
7.0,9.284879509755072,2.284879509755072,2.284879509755072,25-50%
2.0,9.293234173069834,7.293234173069834,7.293234173069834,0-25%
3.0,9.548645242187805,6.5486452421878045,6.5486452421878045,0-25%
3.0,9.483410937770461,6.483410937770461,6.483410937770461,0-25%
3.0,9.457750877474632,6.457750877474632,6.457750877474632,0-25%
4.0,9.712289801653966,5.7122898016539665,5.7122898016539665,0-25%
4.0,9.712289801653966,5.7122898016539665,5.7122898016539665,0-25%
4.0,8.916571482493092,4.916571482493092,4.916571482493092,0-25%
2.0,8.80069440585913,6.800694405859129,6.800694405859129,0-25%
2.0,9.356676740399777,7.356676740399777,7.356676740399777,0-25%
2.0,9.37073556939939,7.37073556939939,7.37073556939939,0-25%
2.0,9.37073556939939,7.37073556939939,7.37073556939939,0-25%
3.0,9.589700853688786,6.589700853688786,6.589700853688786,0-25%
3.0,9.457750877474632,6.457750877474632,6.457750877474632,0-25%
4.0,9.712289801653966,5.7122898016539665,5.7122898016539665,0-25%
4.0,8.916571482493092,4.916571482493092,4.916571482493092,0-25%
2.0,9.30998663892798,7.309986638927979,7.309986638927979,0-25%
2.0,9.14503060659242,7.145030606592419,7.145030606592419,0-25%
2.0,9.143238873538117,7.143238873538117,7.143238873538117,0-25%
3.0,9.457750877474632,6.457750877474632,6.457750877474632,0-25%
3.0,9.457750877474632,6.457750877474632,6.457750877474632,0-25%
4.0,9.712289801653966,5.7122898016539665,5.7122898016539665,0-25%
4.0,9.712289801653966,5.7122898016539665,5.7122898016539665,0-25%
2.0,9.363006211179513,7.363006211179513,7.363006211179513,0-25%
2.0,9.935070411335477,7.935070411335477,7.935070411335477,0-25%
2.0,9.728800943118227,7.728800943118227,7.728800943118227,0-25%
2.0,9.27222000040213,7.272220000402131,7.272220000402131,0-25%
2.0,9.406745942661168,7.406745942661168,7.406745942661168,0-25%
3.0,9.483410937770461,6.483410937770461,6.483410937770461,0-25%
3.0,9.483410937770461,6.483410937770461,6.483410937770461,0-25%
4.0,9.712289801653966,5.7122898016539665,5.7122898016539665,0-25%
2.0,8.817568208868865,6.817568208868865,6.817568208868865,0-25%
2.0,9.260594864550882,7.260594864550882,7.260594864550882,0-25%
2.0,9.27222000040213,7.272220000402131,7.272220000402131,0-25%
9.0,8.627041012346044,-0.37295898765395563,0.37295898765395563,50-75%
9.0,8.627041012346044,-0.37295898765395563,0.37295898765395563,50-75%
9.0,8.627041012346044,-0.37295898765395563,0.37295898765395563,50-75%
9.0,8.699679262597513,-0.30032073740248677,0.30032073740248677,50-75%
9.0,8.627041012346044,-0.37295898765395563,0.37295898765395563,50-75%
9.0,8.627041012346044,-0.37295898765395563,0.37295898765395563,50-75%
9.0,8.627041012346044,-0.37295898765395563,0.37295898765395563,50-75%
9.0,8.627041012346044,-0.37295898765395563,0.37295898765395563,50-75%
9.0,8.610494675192795,-0.3895053248072049,0.3895053248072049,50-75%
9.0,8.627041012346044,-0.37295898765395563,0.37295898765395563,50-75%
9.0,8.592211641412481,-0.40778835858751883,0.40778835858751883,50-75%
9.0,8.610494675192795,-0.3895053248072049,0.3895053248072049,50-75%
9.0,8.627041012346044,-0.37295898765395563,0.37295898765395563,50-75%
9.0,8.627041012346044,-0.37295898765395563,0.37295898765395563,50-75%
9.0,8.610494675192795,-0.3895053248072049,0.3895053248072049,50-75%
9.0,8.627041012346044,-0.37295898765395563,0.37295898765395563,50-75%
9.0,8.627041012346044,-0.37295898765395563,0.37295898765395563,50-75%
9.0,8.610494675192795,-0.3895053248072049,0.3895053248072049,50-75%
9.0,8.610494675192795,-0.3895053248072049,0.3895053248072049,50-75%
9.0,8.551623043800983,-0.4483769561990165,0.4483769561990165,50-75%
9.0,8.551623043800983,-0.4483769561990165,0.4483769561990165,50-75%
9.0,8.627041012346044,-0.37295898765395563,0.37295898765395563,50-75%
9.0,8.627041012346044,-0.37295898765395563,0.37295898765395563,50-75%
9.0,8.097536162358224,-0.9024638376417755,0.9024638376417755,50-75%
9.0,8.482228393558994,-0.5177716064410056,0.5177716064410056,50-75%
9.0,8.399905901841255,-0.6000940981587455,0.6000940981587455,50-75%
9.0,8.551623043800983,-0.4483769561990165,0.4483769561990165,50-75%
9.0,8.452737344129252,-0.5472626558707478,0.5472626558707478,50-75%
9.0,8.399905901841255,-0.6000940981587455,0.6000940981587455,50-75%
9.0,8.399905901841255,-0.6000940981587455,0.6000940981587455,50-75%
1.0,8.021740221073792,7.021740221073792,7.021740221073792,0-25%
1.0,8.326221154748035,7.326221154748035,7.326221154748035,0-25%
1.0,8.325271974943059,7.325271974943059,7.325271974943059,0-25%
1.0,8.375495503384261,7.375495503384261,7.375495503384261,0-25%
1.0,8.006234235879019,7.006234235879019,7.006234235879019,0-25%
1.0,8.366257758839081,7.366257758839081,7.366257758839081,0-25%
1.0,8.325271974943059,7.325271974943059,7.325271974943059,0-25%
1.0,8.597509618628298,7.5975096186282975,7.5975096186282975,0-25%
1.0,8.513629808978562,7.513629808978562,7.513629808978562,0-25%
1.0,8.301283482501965,7.301283482501965,7.301283482501965,0-25%
1.0,8.472562782972794,7.472562782972794,7.472562782972794,0-25%
1.0,8.140960875339205,7.140960875339205,7.140960875339205,0-25%
1.0,8.18721281335696,7.187212813356959,7.187212813356959,0-25%
1.0,8.513629808978562,7.513629808978562,7.513629808978562,0-25%
1.0,7.844027864666788,6.844027864666788,6.844027864666788,0-25%
1.0,8.18721281335696,7.187212813356959,7.187212813356959,0-25%
1.0,8.513629808978562,7.513629808978562,7.513629808978562,0-25%
3.0,8.603535793116446,5.603535793116446,5.603535793116446,0-25%
3.0,8.412947947426662,5.412947947426662,5.412947947426662,0-25%
1.0,8.513629808978562,7.513629808978562,7.513629808978562,0-25%
1.0,8.26111805314434,7.26111805314434,7.26111805314434,0-25%
3.0,8.360338888469444,5.360338888469444,5.360338888469444,0-25%
3.0,8.324627440319958,5.324627440319958,5.324627440319958,0-25%
3.0,8.707570256864905,5.707570256864905,5.707570256864905,0-25%
3.0,8.707570256864905,5.707570256864905,5.707570256864905,0-25%
3.0,8.92857771192229,5.928577711922291,5.928577711922291,0-25%
3.0,9.076188197665306,6.0761881976653065,6.0761881976653065,0-25%
3.0,9.245184499709266,6.245184499709266,6.245184499709266,0-25%
3.0,8.675074708297256,5.675074708297256,5.675074708297256,0-25%
3.0,8.801780380635787,5.801780380635787,5.801780380635787,0-25%
3.0,8.675074708297256,5.675074708297256,5.675074708297256,0-25%
3.0,8.675074708297256,5.675074708297256,5.675074708297256,0-25%
3.0,8.801780380635787,5.801780380635787,5.801780380635787,0-25%
3.0,8.27740737843704,5.27740737843704,5.27740737843704,0-25%
3.0,8.432512200575225,5.432512200575225,5.432512200575225,0-25%
3.0,8.675074708297256,5.675074708297256,5.675074708297256,0-25%
3.0,8.364364472579824,5.364364472579824,5.364364472579824,0-25%
3.0,8.363723125827061,5.363723125827061,5.363723125827061,0-25%
3.0,8.675074708297256,5.675074708297256,5.675074708297256,0-25%
3.0,8.26146196902258,5.26146196902258,5.26146196902258,0-25%
3.0,8.577494936099686,5.577494936099686,5.577494936099686,0-25%
3.0,8.347629362473304,5.347629362473304,5.347629362473304,0-25%
3.0,8.27740737843704,5.27740737843704,5.27740737843704,0-25%
3.0,8.27740737843704,5.27740737843704,5.27740737843704,0-25%
3.0,8.29144559801646,5.291445598016461,5.291445598016461,0-25%
3.0,8.348881731101379,5.348881731101379,5.348881731101379,0-25%
5.0,8.45577993785097,3.45577993785097,3.45577993785097,0-25%
5.0,8.397856052573744,3.3978560525737436,3.3978560525737436,0-25%
6.0,8.33156616900091,2.3315661690009097,2.3315661690009097,25-50%
6.0,7.974464729801119,1.9744647298011193,1.9744647298011193,25-50%
6.0,7.974464729801119,1.9744647298011193,1.9744647298011193,25-50%
6.0,8.413203211368195,2.413203211368195,2.413203211368195,25-50%
5.0,8.45577993785097,3.45577993785097,3.45577993785097,0-25%
5.0,7.951079297713139,2.9510792977131386,2.9510792977131386,0-25%
5.0,8.329578553472041,3.3295785534720412,3.3295785534720412,0-25%
5.0,8.230999516283998,3.2309995162839975,3.2309995162839975,0-25%
5.0,8.397856052573744,3.3978560525737436,3.3978560525737436,0-25%
4.5,8.330088189836676,3.830088189836676,3.830088189836676,0-25%
4.5,8.330088189836676,3.830088189836676,3.830088189836676,0-25%
4.5,8.330088189836676,3.830088189836676,3.830088189836676,0-25%
4.5,8.389347549026063,3.8893475490260627,3.8893475490260627,0-25%
4.5,8.47539819278415,3.9753981927841497,3.9753981927841497,0-25%
6.0,8.397024404834848,2.3970244048348484,2.3970244048348484,25-50%
6.0,8.397024404834848,2.3970244048348484,2.3970244048348484,25-50%
5.0,8.472059903470477,3.472059903470477,3.472059903470477,0-25%
5.0,8.38170362374705,3.3817036237470504,3.3817036237470504,0-25%
5.0,8.279721895610864,3.279721895610864,3.279721895610864,0-25%
5.0,8.334532668961101,3.334532668961101,3.334532668961101,0-25%
5.0,8.230999516283998,3.2309995162839975,3.2309995162839975,0-25%
5.0,8.230999516283998,3.2309995162839975,3.2309995162839975,0-25%
5.0,8.334532668961101,3.334532668961101,3.334532668961101,0-25%
4.5,8.47539819278415,3.9753981927841497,3.9753981927841497,0-25%
4.5,8.097130093177245,3.5971300931772454,3.5971300931772454,0-25%
4.5,8.314052236041466,3.8140522360414657,3.8140522360414657,0-25%
4.5,8.385010068308251,3.885010068308251,3.885010068308251,0-25%
4.5,8.389347549026063,3.8893475490260627,3.8893475490260627,0-25%
4.5,8.437824889052022,3.937824889052022,3.937824889052022,0-25%
4.5,8.459112489528287,3.9591124895282874,3.9591124895282874,0-25%
6.0,8.397024404834848,2.3970244048348484,2.3970244048348484,25-50%
5.0,8.38170362374705,3.3817036237470504,3.3817036237470504,0-25%
5.0,8.295698743043026,3.295698743043026,3.295698743043026,0-25%
5.0,8.230999516283998,3.2309995162839975,3.2309995162839975,0-25%
5.0,8.141335082050597,3.141335082050597,3.141335082050597,0-25%
5.0,8.035878213245152,3.0358782132451516,3.0358782132451516,0-25%
5.0,8.090184968439875,3.090184968439875,3.090184968439875,0-25%
5.0,8.125419271371271,3.125419271371271,3.125419271371271,0-25%
5.0,8.141335082050597,3.141335082050597,3.141335082050597,0-25%
3.0,8.469477090527768,5.469477090527768,5.469477090527768,0-25%
4.5,8.464310248359636,3.964310248359636,3.964310248359636,0-25%
4.5,8.405513138357925,3.905513138357925,3.905513138357925,0-25%
4.5,8.385010068308251,3.885010068308251,3.885010068308251,0-25%
4.5,8.389347549026063,3.8893475490260627,3.8893475490260627,0-25%
4.5,8.405513138357925,3.905513138357925,3.905513138357925,0-25%
4.5,8.389347549026063,3.8893475490260627,3.8893475490260627,0-25%
4.5,8.385010068308251,3.885010068308251,3.885010068308251,0-25%
6.0,8.32340837992417,2.323408379924169,2.323408379924169,25-50%
5.0,8.334532668961101,3.334532668961101,3.334532668961101,0-25%
5.0,8.318489076281837,3.3184890762818373,3.3184890762818373,0-25%
5.0,8.230999516283998,3.2309995162839975,3.2309995162839975,0-25%
5.0,8.035878213245152,3.0358782132451516,3.0358782132451516,0-25%
5.0,8.035878213245152,3.0358782132451516,3.0358782132451516,0-25%
5.0,8.215133869709724,3.2151338697097245,3.2151338697097245,0-25%
5.0,8.334532668961101,3.334532668961101,3.334532668961101,0-25%
5.0,8.230999516283998,3.2309995162839975,3.2309995162839975,0-25%
3.0,8.546211516800328,5.546211516800328,5.546211516800328,0-25%
3.0,8.546211516800328,5.546211516800328,5.546211516800328,0-25%
4.5,8.389347549026063,3.8893475490260627,3.8893475490260627,0-25%
4.5,8.405513138357925,3.905513138357925,3.905513138357925,0-25%
4.5,8.389347549026063,3.8893475490260627,3.8893475490260627,0-25%
4.5,8.287282729295754,3.787282729295754,3.787282729295754,0-25%
4.5,8.283976400724654,3.7839764007246544,3.7839764007246544,0-25%
4.5,8.312584946616521,3.8125849466165214,3.8125849466165214,0-25%
6.0,8.276530532064305,2.276530532064305,2.276530532064305,25-50%
5.0,8.035878213245152,3.0358782132451516,3.0358782132451516,0-25%
5.0,8.035878213245152,3.0358782132451516,3.0358782132451516,0-25%
5.0,8.035878213245152,3.0358782132451516,3.0358782132451516,0-25%
5.0,8.090184968439875,3.090184968439875,3.090184968439875,0-25%
5.0,8.215133869709724,3.2151338697097245,3.2151338697097245,0-25%
5.0,8.318489076281837,3.3184890762818373,3.3184890762818373,0-25%
3.0,8.546211516800328,5.546211516800328,5.546211516800328,0-25%
3.0,8.546211516800328,5.546211516800328,5.546211516800328,0-25%
4.5,8.287282729295754,3.787282729295754,3.787282729295754,0-25%
4.5,8.389347549026063,3.8893475490260627,3.8893475490260627,0-25%
4.5,8.287282729295754,3.787282729295754,3.787282729295754,0-25%
4.5,8.312584946616521,3.8125849466165214,3.8125849466165214,0-25%
3.0,8.350458210545245,5.350458210545245,5.350458210545245,0-25%
3.0,8.439079976062152,5.4390799760621515,5.4390799760621515,0-25%
3.0,8.442441542104834,5.442441542104834,5.442441542104834,0-25%
3.0,8.439079976062152,5.4390799760621515,5.4390799760621515,0-25%
3.0,8.350458210545245,5.350458210545245,5.350458210545245,0-25%
5.0,8.091382545253184,3.0913825452531842,3.0913825452531842,0-25%
5.0,8.215133869709724,3.2151338697097245,3.2151338697097245,0-25%
5.0,8.203543955044893,3.2035439550448928,3.2035439550448928,0-25%
5.0,8.324027749776777,3.3240277497767767,3.3240277497767767,0-25%
5.0,8.324027749776777,3.3240277497767767,3.3240277497767767,0-25%
5.0,8.233477020215016,3.233477020215016,3.233477020215016,0-25%
5.0,7.961639781233552,2.9616397812335524,2.9616397812335524,0-25%
5.0,8.117133593401915,3.117133593401915,3.117133593401915,0-25%
5.0,8.206821638983378,3.206821638983378,3.206821638983378,0-25%
5.0,8.231904648592668,3.2319046485926677,3.2319046485926677,0-25%
5.0,8.21938964732523,3.2193896473252295,3.2193896473252295,0-25%
5.0,8.137211047112489,3.1372110471124888,3.1372110471124888,0-25%
5.0,7.990243415801043,2.990243415801043,2.990243415801043,0-25%
5.0,8.231904648592668,3.2319046485926677,3.2319046485926677,0-25%
5.0,8.203543955044893,3.2035439550448928,3.2035439550448928,0-25%
5.0,7.978056016556134,2.978056016556134,2.978056016556134,0-25%
5.0,8.102812038798955,3.1028120387989553,3.1028120387989553,0-25%
5.0,7.978056016556134,2.978056016556134,2.978056016556134,0-25%
5.0,7.924419144269331,2.924419144269331,2.924419144269331,0-25%
5.0,7.924419144269331,2.924419144269331,2.924419144269331,0-25%
5.0,8.129509785627388,3.1295097856273877,3.1295097856273877,0-25%
5.0,7.961639781233552,2.9616397812335524,2.9616397812335524,0-25%
5.0,7.961639781233552,2.9616397812335524,2.9616397812335524,0-25%
5.0,7.961639781233552,2.9616397812335524,2.9616397812335524,0-25%
5.0,8.040831162222357,3.040831162222357,3.040831162222357,0-25%
5.0,8.129509785627388,3.1295097856273877,3.1295097856273877,0-25%
5.0,7.961639781233552,2.9616397812335524,2.9616397812335524,0-25%
5.0,8.101291099703925,3.101291099703925,3.101291099703925,0-25%
5.0,7.990243415801043,2.990243415801043,2.990243415801043,0-25%
5.0,7.969147128973261,2.969147128973261,2.969147128973261,0-25%
5.0,8.101116962307978,3.1011169623079784,3.1011169623079784,0-25%
8.0,8.395975962554152,0.3959759625541519,0.3959759625541519,25-50%
8.0,8.59919273458878,0.5991927345887795,0.5991927345887795,25-50%
8.0,8.58605052241557,0.5860505224155705,0.5860505224155705,25-50%
8.0,7.931355127251559,-0.06864487274844144,0.06864487274844144,25-50%
8.0,8.312853090214233,0.312853090214233,0.312853090214233,25-50%
8.0,8.463009347983323,0.4630093479833235,0.4630093479833235,25-50%
8.0,8.612223305357054,0.6122233053570536,0.6122233053570536,25-50%
8.0,8.58605052241557,0.5860505224155705,0.5860505224155705,25-50%
8.0,7.931355127251559,-0.06864487274844144,0.06864487274844144,25-50%
8.0,7.910519095236486,-0.08948090476351389,0.08948090476351389,25-50%
8.0,8.061539556500554,0.06153955650055387,0.06153955650055387,25-50%
7.5,8.457583743572654,0.9575837435726537,0.9575837435726537,25-50%
7.5,8.604478192062713,1.1044781920627127,1.1044781920627127,25-50%
8.0,8.161181036196565,0.16118103619656488,0.16118103619656488,25-50%
8.0,8.171913848575562,0.1719138485755618,0.1719138485755618,25-50%
8.0,8.061539556500554,0.06153955650055387,0.06153955650055387,25-50%
7.5,8.196955914623036,0.696955914623036,0.696955914623036,25-50%
7.0,8.596923981626546,1.5969239816265457,1.5969239816265457,25-50%
7.0,8.455618477192859,1.4556184771928589,1.4556184771928589,25-50%
8.0,8.177087827793006,0.17708782779300591,0.17708782779300591,25-50%
8.0,8.177087827793006,0.17708782779300591,0.17708782779300591,25-50%
7.5,8.054238160324381,0.5542381603243811,0.5542381603243811,25-50%
7.5,8.196955914623036,0.696955914623036,0.696955914623036,25-50%
7.5,8.05132350923869,0.5513235092386903,0.5513235092386903,25-50%
7.5,7.844416049561792,0.34441604956179184,0.34441604956179184,25-50%
7.5,8.392262606164302,0.8922626061643015,0.8922626061643015,25-50%
7.0,8.442530552359267,1.4425305523592673,1.4425305523592673,25-50%
7.0,8.30562737291206,1.3056273729120598,1.3056273729120598,25-50%
7.0,8.123101257119167,1.123101257119167,1.123101257119167,25-50%
7.5,8.177087827793006,0.6770878277930059,0.6770878277930059,25-50%
7.0,7.986409525367132,0.9864095253671321,0.9864095253671321,25-50%
7.0,7.829423060302767,0.8294230603027666,0.8294230603027666,25-50%
7.0,7.788012636219753,0.7880126362197526,0.7880126362197526,25-50%
4.5,8.05256179530048,3.5525617953004804,3.5525617953004804,0-25%
4.5,8.189545405809522,3.689545405809522,3.689545405809522,0-25%
4.5,8.196955914623036,3.696955914623036,3.696955914623036,0-25%
7.0,8.103376584962739,1.1033765849627386,1.1033765849627386,25-50%
7.0,7.90141374341321,0.9014137434132099,0.9014137434132099,25-50%
7.0,7.829423060302767,0.8294230603027666,0.8294230603027666,25-50%
7.0,7.829423060302767,0.8294230603027666,0.8294230603027666,25-50%
2.0,8.168613002906966,6.168613002906966,6.168613002906966,0-25%
4.5,8.05256179530048,3.5525617953004804,3.5525617953004804,0-25%
4.5,8.189545405809522,3.689545405809522,3.689545405809522,0-25%
4.5,8.130266317989268,3.6302663179892676,3.6302663179892676,0-25%
7.0,7.829423060302767,0.8294230603027666,0.8294230603027666,25-50%
2.0,8.142708239265877,6.142708239265877,6.142708239265877,0-25%
2.0,8.142708239265877,6.142708239265877,6.142708239265877,0-25%
2.0,8.168613002906966,6.168613002906966,6.168613002906966,0-25%
4.5,8.136650083324598,3.6366500833245983,3.6366500833245983,0-25%
2.0,7.875270085346011,5.875270085346011,5.875270085346011,0-25%
2.0,8.30223075761786,6.30223075761786,6.30223075761786,0-25%
2.0,8.168613002906966,6.168613002906966,6.168613002906966,0-25%
2.0,8.168613002906966,6.168613002906966,6.168613002906966,0-25%
2.0,8.127597906031186,6.127597906031186,6.127597906031186,0-25%
2.0,8.134958459980469,6.134958459980469,6.134958459980469,0-25%
2.0,8.136650083324598,6.136650083324598,6.136650083324598,0-25%
2.0,8.343328934547973,6.343328934547973,6.343328934547973,0-25%
2.0,8.165184037432878,6.165184037432878,6.165184037432878,0-25%
2.0,8.127597906031186,6.127597906031186,6.127597906031186,0-25%
2.0,8.127597906031186,6.127597906031186,6.127597906031186,0-25%
2.0,8.134958459980469,6.134958459980469,6.134958459980469,0-25%
2.0,8.134958459980469,6.134958459980469,6.134958459980469,0-25%
2.0,8.136650083324598,6.136650083324598,6.136650083324598,0-25%
2.0,8.343328934547973,6.343328934547973,6.343328934547973,0-25%
2.0,7.9701389315905065,5.9701389315905065,5.9701389315905065,0-25%
2.0,8.134958459980469,6.134958459980469,6.134958459980469,0-25%
2.0,8.134958459980469,6.134958459980469,6.134958459980469,0-25%
2.0,8.068718423536053,6.068718423536053,6.068718423536053,0-25%
2.0,8.853502990753746,6.853502990753746,6.853502990753746,0-25%
2.0,8.654206974777539,6.654206974777539,6.654206974777539,0-25%
2.0,8.610531329143816,6.610531329143816,6.610531329143816,0-25%
2.0,8.757441155868054,6.7574411558680545,6.7574411558680545,0-25%
2.0,8.65061350052693,6.65061350052693,6.65061350052693,0-25%
2.0,8.65061350052693,6.65061350052693,6.65061350052693,0-25%
2.0,8.65061350052693,6.65061350052693,6.65061350052693,0-25%
2.0,8.721709811473584,6.721709811473584,6.721709811473584,0-25%
2.0,8.757441155868054,6.7574411558680545,6.7574411558680545,0-25%
2.0,8.65061350052693,6.65061350052693,6.65061350052693,0-25%
2.0,8.585370162474689,6.585370162474689,6.585370162474689,0-25%
2.0,8.631427867525014,6.631427867525014,6.631427867525014,0-25%
2.0,8.694928142733861,6.694928142733861,6.694928142733861,0-25%
2.0,8.667312225466288,6.667312225466288,6.667312225466288,0-25%
2.0,8.612325985358488,6.612325985358488,6.612325985358488,0-25%
2.0,8.631427867525014,6.631427867525014,6.631427867525014,0-25%
2.0,8.631427867525014,6.631427867525014,6.631427867525014,0-25%
2.0,8.631427867525014,6.631427867525014,6.631427867525014,0-25%
2.0,8.65061350052693,6.65061350052693,6.65061350052693,0-25%
2.0,8.631427867525014,6.631427867525014,6.631427867525014,0-25%
2.0,8.631427867525014,6.631427867525014,6.631427867525014,0-25%
2.0,8.631427867525014,6.631427867525014,6.631427867525014,0-25%
2.0,8.631427867525014,6.631427867525014,6.631427867525014,0-25%
3.0,8.418104572846362,5.418104572846362,5.418104572846362,0-25%
3.0,8.535051590037558,5.535051590037558,5.535051590037558,0-25%
3.0,8.418104572846362,5.418104572846362,5.418104572846362,0-25%
3.0,7.972431750812236,4.972431750812236,4.972431750812236,0-25%
3.0,8.086314294593453,5.086314294593453,5.086314294593453,0-25%
3.0,9.071633605811119,6.071633605811119,6.071633605811119,0-25%
3.0,9.348485470834557,6.348485470834557,6.348485470834557,0-25%
3.0,9.348485470834557,6.348485470834557,6.348485470834557,0-25%
3.0,8.814021446475458,5.814021446475458,5.814021446475458,0-25%
3.0,8.723807111858525,5.723807111858525,5.723807111858525,0-25%
3.0,8.10429999124122,5.10429999124122,5.10429999124122,0-25%
3.0,8.084018541316254,5.084018541316254,5.084018541316254,0-25%
3.0,9.366302402783743,6.366302402783743,6.366302402783743,0-25%
3.0,9.366302402783743,6.366302402783743,6.366302402783743,0-25%
3.0,9.071633605811119,6.071633605811119,6.071633605811119,0-25%
3.0,9.071633605811119,6.071633605811119,6.071633605811119,0-25%
3.0,8.096959396590146,5.096959396590146,5.096959396590146,0-25%
3.0,8.608887912586077,5.608887912586077,5.608887912586077,0-25%
3.0,8.096959396590146,5.096959396590146,5.096959396590146,0-25%
3.0,8.084018541316254,5.084018541316254,5.084018541316254,0-25%
3.0,8.85290603874532,5.852906038745321,5.852906038745321,0-25%
3.0,9.253358133265957,6.253358133265957,6.253358133265957,0-25%
3.0,9.2710112849881,6.2710112849881,6.2710112849881,0-25%
3.0,8.843299884460526,5.843299884460526,5.843299884460526,0-25%
3.0,8.752816410957372,5.752816410957372,5.752816410957372,0-25%
3.0,8.608887912586077,5.608887912586077,5.608887912586077,0-25%
3.0,8.096959396590146,5.096959396590146,5.096959396590146,0-25%
5.0,8.835971499352866,3.8359714993528655,3.8359714993528655,0-25%
5.0,8.85290603874532,3.8529060387453207,3.8529060387453207,0-25%
5.0,8.835971499352866,3.8359714993528655,3.8359714993528655,0-25%
5.0,8.85290603874532,3.8529060387453207,3.8529060387453207,0-25%
5.0,8.824461618382482,3.8244616183824824,3.8244616183824824,0-25%
4.0,8.762334261704034,4.762334261704034,4.762334261704034,0-25%
3.0,9.2710112849881,6.2710112849881,6.2710112849881,0-25%
3.0,9.366302402783743,6.366302402783743,6.366302402783743,0-25%
3.0,8.843299884460526,5.843299884460526,5.843299884460526,0-25%
3.0,8.826381855506463,5.8263818555064635,5.8263818555064635,0-25%
3.0,8.752816410957372,5.752816410957372,5.752816410957372,0-25%
3.0,8.31888270442927,5.318882704429271,5.318882704429271,0-25%
5.0,8.835971499352866,3.8359714993528655,3.8359714993528655,0-25%
5.0,8.793662562792191,3.793662562792191,3.793662562792191,0-25%
5.0,8.835971499352866,3.8359714993528655,3.8359714993528655,0-25%
5.0,8.835971499352866,3.8359714993528655,3.8359714993528655,0-25%
5.0,8.85290603874532,3.8529060387453207,3.8529060387453207,0-25%
5.0,8.835971499352866,3.8359714993528655,3.8359714993528655,0-25%
5.0,8.85290603874532,3.8529060387453207,3.8529060387453207,0-25%
3.0,8.843299884460526,5.843299884460526,5.843299884460526,0-25%
3.0,8.843299884460526,5.843299884460526,5.843299884460526,0-25%
3.0,8.843299884460526,5.843299884460526,5.843299884460526,0-25%
5.0,8.85290603874532,3.8529060387453207,3.8529060387453207,0-25%
5.0,8.85290603874532,3.8529060387453207,3.8529060387453207,0-25%
5.0,8.85290603874532,3.8529060387453207,3.8529060387453207,0-25%
5.0,8.85290603874532,3.8529060387453207,3.8529060387453207,0-25%
5.0,8.85290603874532,3.8529060387453207,3.8529060387453207,0-25%
5.0,8.823841705088938,3.823841705088938,3.823841705088938,0-25%
3.5,9.046623057924329,5.546623057924329,5.546623057924329,0-25%
3.5,9.097542461896985,5.597542461896985,5.597542461896985,0-25%
5.0,8.85290603874532,3.8529060387453207,3.8529060387453207,0-25%
5.0,8.823841705088938,3.823841705088938,3.823841705088938,0-25%
5.0,8.823841705088938,3.823841705088938,3.823841705088938,0-25%
5.0,8.85290603874532,3.8529060387453207,3.8529060387453207,0-25%
3.5,9.10739673352589,5.60739673352589,5.60739673352589,0-25%
3.5,9.046623057924329,5.546623057924329,5.546623057924329,0-25%
3.5,9.046623057924329,5.546623057924329,5.546623057924329,0-25%
3.0,9.06414329693872,6.06414329693872,6.06414329693872,0-25%
2.0,9.08018745719933,7.0801874571993295,7.0801874571993295,0-25%
2.0,9.08018745719933,7.0801874571993295,7.0801874571993295,0-25%
2.0,9.08147067849168,7.08147067849168,7.08147067849168,0-25%
5.0,8.85290603874532,3.8529060387453207,3.8529060387453207,0-25%
5.0,8.85290603874532,3.8529060387453207,3.8529060387453207,0-25%
3.5,9.090024791941753,5.590024791941753,5.590024791941753,0-25%
3.5,9.077581697240612,5.577581697240612,5.577581697240612,0-25%
3.0,9.12627481539229,6.126274815392289,6.126274815392289,0-25%
2.0,9.093893007512179,7.093893007512179,7.093893007512179,0-25%
2.0,9.08018745719933,7.0801874571993295,7.0801874571993295,0-25%
2.0,9.08018745719933,7.0801874571993295,7.0801874571993295,0-25%
2.0,9.097542461896985,7.097542461896985,7.097542461896985,0-25%
2.0,8.553678998254028,6.553678998254028,6.553678998254028,0-25%
5.0,8.810524259115422,3.8105242591154216,3.8105242591154216,0-25%
3.5,9.173671856345997,5.673671856345997,5.673671856345997,0-25%
3.0,9.08256321429627,6.08256321429627,6.08256321429627,0-25%
2.0,9.159880171853667,7.159880171853667,7.159880171853667,0-25%
2.0,9.142418025120884,7.142418025120884,7.142418025120884,0-25%
2.0,9.111271608982323,7.111271608982323,7.111271608982323,0-25%
2.333333333333333,9.06414329693872,6.730809963605387,6.730809963605387,0-25%
2.333333333333333,9.08147067849168,6.748137345158347,6.748137345158347,0-25%
2.5,8.427303336703574,5.927303336703574,5.927303336703574,0-25%
2.0,8.420284663068815,6.420284663068815,6.420284663068815,0-25%
2.0,8.854636994253765,6.854636994253765,6.854636994253765,0-25%
2.0,8.859191522979094,6.859191522979094,6.859191522979094,0-25%
2.0,9.043372833622996,7.043372833622996,7.043372833622996,0-25%
2.333333333333333,9.143709168447437,6.810375835114104,6.810375835114104,0-25%
2.333333333333333,9.157478901364245,6.824145568030912,6.824145568030912,0-25%
2.333333333333333,8.544364577302105,6.211031243968772,6.211031243968772,0-25%
2.333333333333333,8.427303336703574,6.093970003370241,6.093970003370241,0-25%
2.5,8.427303336703574,5.927303336703574,5.927303336703574,0-25%
2.5,8.436503516664047,5.936503516664047,5.936503516664047,0-25%
3.0,8.186391414420966,5.1863914144209655,5.1863914144209655,0-25%
2.0,8.830784294210103,6.830784294210103,6.830784294210103,0-25%
2.0,8.970074899259277,6.970074899259277,6.970074899259277,0-25%
2.0,9.043372833622996,7.043372833622996,7.043372833622996,0-25%
2.333333333333333,9.077827032771769,6.7444936994384355,6.7444936994384355,0-25%
2.333333333333333,9.095177973539343,6.76184464020601,6.76184464020601,0-25%
2.5,8.427303336703574,5.927303336703574,5.927303336703574,0-25%
2.5,8.485482572998652,5.985482572998652,5.985482572998652,0-25%
2.5,8.379763782521378,5.879763782521378,5.879763782521378,0-25%
3.0,8.19773412954504,5.19773412954504,5.19773412954504,0-25%
2.0,8.859191522979094,6.859191522979094,6.859191522979094,0-25%
2.333333333333333,9.143709168447437,6.810375835114104,6.810375835114104,0-25%
2.333333333333333,9.077827032771769,6.7444936994384355,6.7444936994384355,0-25%
2.5,8.586781703809558,6.086781703809558,6.086781703809558,0-25%
2.5,8.411100295784252,5.911100295784252,5.911100295784252,0-25%
2.5,8.416271672034325,5.916271672034325,5.916271672034325,0-25%
3.0,8.09134869362403,5.091348693624029,5.091348693624029,0-25%
3.0,8.173938112034206,5.173938112034206,5.173938112034206,0-25%
3.0,8.887045541184799,5.887045541184799,5.887045541184799,0-25%
3.0,8.21657651680284,5.21657651680284,5.21657651680284,0-25%
3.0,8.10370976701291,5.10370976701291,5.10370976701291,0-25%
3.0,8.248836789662187,5.248836789662187,5.248836789662187,0-25%
3.0,8.232940485532927,5.232940485532927,5.232940485532927,0-25%
3.0,8.158170538921128,5.158170538921128,5.158170538921128,0-25%
3.0,8.91751244285399,5.91751244285399,5.91751244285399,0-25%
3.0,8.839742318442868,5.839742318442868,5.839742318442868,0-25%
3.0,8.096369648246506,5.096369648246506,5.096369648246506,0-25%
3.0,8.245494074530882,5.245494074530882,5.245494074530882,0-25%
3.0,8.277611115445781,5.277611115445781,5.277611115445781,0-25%
3.0,8.232940485532927,5.232940485532927,5.232940485532927,0-25%
3.0,8.245494074530882,5.245494074530882,5.245494074530882,0-25%
16.0,8.958182913758804,-7.0418170862411955,7.0418170862411955,75-100%
16.0,8.966213256826954,-7.033786743173046,7.033786743173046,75-100%
16.0,8.952702808410466,-7.047297191589534,7.047297191589534,75-100%
16.0,8.966213256826954,-7.033786743173046,7.033786743173046,75-100%
16.0,8.952702808410466,-7.047297191589534,7.047297191589534,75-100%
16.0,8.952702808410466,-7.047297191589534,7.047297191589534,75-100%
16.0,8.964891717854627,-7.035108282145373,7.035108282145373,75-100%
16.0,8.966213256826954,-7.033786743173046,7.033786743173046,75-100%
16.0,8.952702808410466,-7.047297191589534,7.047297191589534,75-100%
16.0,8.952702808410466,-7.047297191589534,7.047297191589534,75-100%
16.0,8.952702808410466,-7.047297191589534,7.047297191589534,75-100%
16.0,8.952702808410466,-7.047297191589534,7.047297191589534,75-100%
16.0,8.964891717854627,-7.035108282145373,7.035108282145373,75-100%
16.0,8.964891717854627,-7.035108282145373,7.035108282145373,75-100%
16.0,8.964891717854627,-7.035108282145373,7.035108282145373,75-100%
16.0,8.952702808410466,-7.047297191589534,7.047297191589534,75-100%
16.0,8.952702808410466,-7.047297191589534,7.047297191589534,75-100%
16.0,8.952702808410466,-7.047297191589534,7.047297191589534,75-100%
16.0,8.952702808410466,-7.047297191589534,7.047297191589534,75-100%
16.0,8.952702808410466,-7.047297191589534,7.047297191589534,75-100%
16.0,8.964891717854627,-7.035108282145373,7.035108282145373,75-100%
16.0,8.893704888032985,-7.106295111967015,7.106295111967015,75-100%
16.0,8.952702808410466,-7.047297191589534,7.047297191589534,75-100%
16.0,8.952702808410466,-7.047297191589534,7.047297191589534,75-100%
16.0,8.952702808410466,-7.047297191589534,7.047297191589534,75-100%
16.0,8.966213256826954,-7.033786743173046,7.033786743173046,75-100%
18.0,8.635138725748428,-9.364861274251572,9.364861274251572,75-100%
2.0,8.522418593330393,6.522418593330393,6.522418593330393,0-25%
2.0,8.539026817789319,6.539026817789319,6.539026817789319,0-25%
9.0,8.769163409388991,-0.23083659061100903,0.23083659061100903,50-75%
9.0,8.856570572907726,-0.1434294270922738,0.1434294270922738,50-75%
9.0,8.856570572907726,-0.1434294270922738,0.1434294270922738,50-75%
16.0,8.944683351476597,-7.055316648523403,7.055316648523403,75-100%
18.0,8.87873250697237,-9.12126749302763,9.12126749302763,75-100%
18.0,8.769163409388991,-9.230836590611009,9.230836590611009,75-100%
18.0,8.635138725748428,-9.364861274251572,9.364861274251572,75-100%
18.0,8.635138725748428,-9.364861274251572,9.364861274251572,75-100%
10.0,8.769163409388991,-1.230836590611009,1.230836590611009,50-75%
10.0,8.87873250697237,-1.1212674930276307,1.1212674930276307,50-75%
2.0,8.52809934773551,6.528099347735511,6.528099347735511,0-25%
2.0,8.52809934773551,6.528099347735511,6.528099347735511,0-25%
2.0,8.634964716187921,6.6349647161879215,6.6349647161879215,0-25%
9.0,8.856570572907726,-0.1434294270922738,0.1434294270922738,50-75%
9.0,8.871209066532932,-0.1287909334670676,0.1287909334670676,50-75%
18.0,8.635138725748428,-9.364861274251572,9.364861274251572,75-100%
18.0,8.635138725748428,-9.364861274251572,9.364861274251572,75-100%
18.0,8.635138725748428,-9.364861274251572,9.364861274251572,75-100%
18.0,8.635138725748428,-9.364861274251572,9.364861274251572,75-100%
18.0,8.678926201196473,-9.321073798803527,9.321073798803527,75-100%
10.0,8.769163409388991,-1.230836590611009,1.230836590611009,50-75%
10.0,8.87873250697237,-1.1212674930276307,1.1212674930276307,50-75%
10.0,8.892494579453253,-1.1075054205467474,1.1075054205467474,50-75%
2.0,8.613349650428765,6.6133496504287645,6.6133496504287645,0-25%
2.0,8.613349650428765,6.6133496504287645,6.6133496504287645,0-25%
2.0,8.698409605775147,6.698409605775147,6.698409605775147,0-25%
2.0,8.698409605775147,6.698409605775147,6.698409605775147,0-25%
2.0,8.592985195514947,6.592985195514947,6.592985195514947,0-25%
18.0,8.738839468541272,-9.261160531458728,9.261160531458728,75-100%
18.0,8.738839468541272,-9.261160531458728,9.261160531458728,75-100%
18.0,8.738839468541272,-9.261160531458728,9.261160531458728,75-100%
18.0,8.694324111624201,-9.305675888375799,9.305675888375799,75-100%
18.0,8.635138725748428,-9.364861274251572,9.364861274251572,75-100%
10.0,8.753817620522405,-1.2461823794775952,1.2461823794775952,50-75%
10.0,8.87873250697237,-1.1212674930276307,1.1212674930276307,50-75%
10.0,8.87873250697237,-1.1212674930276307,1.1212674930276307,50-75%
2.0,8.592985195514947,6.592985195514947,6.592985195514947,0-25%
2.0,8.698409605775147,6.698409605775147,6.698409605775147,0-25%
2.0,8.69392935148284,6.69392935148284,6.69392935148284,0-25%
2.0,8.62794851875255,6.62794851875255,6.62794851875255,0-25%
2.0,8.698409605775147,6.698409605775147,6.698409605775147,0-25%
18.0,8.909768762112291,-9.090231237887709,9.090231237887709,75-100%
18.0,8.738839468541272,-9.261160531458728,9.261160531458728,75-100%
18.0,8.738839468541272,-9.261160531458728,9.261160531458728,75-100%
18.0,8.694324111624201,-9.305675888375799,9.305675888375799,75-100%
10.0,8.694324111624201,-1.3056758883757986,1.3056758883757986,50-75%
10.0,8.658422832089364,-1.3415771679106356,1.3415771679106356,50-75%
10.0,8.748468886144707,-1.2515311138552931,1.2515311138552931,50-75%
2.0,8.614554472964292,6.614554472964292,6.614554472964292,0-25%
2.0,8.698409605775147,6.698409605775147,6.698409605775147,0-25%
2.0,8.69392935148284,6.69392935148284,6.69392935148284,0-25%
2.0,8.69392935148284,6.69392935148284,6.69392935148284,0-25%
18.0,8.635138725748428,-9.364861274251572,9.364861274251572,75-100%
18.0,8.678926201196473,-9.321073798803527,9.321073798803527,75-100%
18.0,8.635138725748428,-9.364861274251572,9.364861274251572,75-100%
18.0,8.733389138588823,-9.266610861411177,9.266610861411177,75-100%
18.0,8.76170209410453,-9.23829790589547,9.23829790589547,75-100%
10.0,8.871187506980402,-1.1288124930195984,1.1288124930195984,50-75%
2.0,8.592985195514947,6.592985195514947,6.592985195514947,0-25%
2.0,8.698409605775147,6.698409605775147,6.698409605775147,0-25%
2.0,8.698409605775147,6.698409605775147,6.698409605775147,0-25%
18.0,8.769163409388991,-9.230836590611009,9.230836590611009,75-100%
18.0,8.857805877851487,-9.142194122148513,9.142194122148513,75-100%
18.0,8.943782573228823,-9.056217426771177,9.056217426771177,75-100%
18.0,8.943782573228823,-9.056217426771177,9.056217426771177,75-100%
11.0,8.797380341699343,-2.202619658300657,2.202619658300657,50-75%
11.0,8.873015224158879,-2.1269847758411213,2.1269847758411213,50-75%
11.0,8.962600012943977,-2.0373999870560233,2.0373999870560233,50-75%
11.0,9.049490689945808,-1.9505093100541924,1.9505093100541924,50-75%
11.0,9.049490689945808,-1.9505093100541924,1.9505093100541924,50-75%
11.0,8.967222785531716,-2.0327772144682843,2.0327772144682843,50-75%
11.0,8.757464150108534,-2.242535849891466,2.242535849891466,50-75%
11.0,8.852100706253369,-2.1478992937466312,2.1478992937466312,50-75%
11.0,8.940249930639041,-2.059750069360959,2.059750069360959,50-75%
11.0,8.9761238964719,-2.0238761035280994,2.0238761035280994,50-75%
11.0,8.962600012943977,-2.0373999870560233,2.0373999870560233,50-75%
11.0,8.8813258287916,-2.1186741712084007,2.1186741712084007,50-75%
11.0,8.737565781197915,-2.2624342188020847,2.2624342188020847,50-75%
11.0,8.774347761698555,-2.2256522383014445,2.2256522383014445,50-75%
11.0,8.9761238964719,-2.0238761035280994,2.0238761035280994,50-75%
11.0,8.962600012943977,-2.0373999870560233,2.0373999870560233,50-75%
11.0,8.761097410954878,-2.2389025890451215,2.2389025890451215,50-75%
11.0,8.836624636195497,-2.1633753638045032,2.1633753638045032,50-75%
11.0,8.757464150108534,-2.242535849891466,2.242535849891466,50-75%
11.0,8.716938192840855,-2.283061807159145,2.283061807159145,50-75%
11.0,8.716938192840855,-2.283061807159145,2.283061807159145,50-75%
11.0,8.865474590809974,-2.134525409190026,2.134525409190026,50-75%
11.0,8.757464150108534,-2.242535849891466,2.242535849891466,50-75%
11.0,8.757464150108534,-2.242535849891466,2.242535849891466,50-75%
11.0,8.757464150108534,-2.242535849891466,2.242535849891466,50-75%
11.0,8.829347632462177,-2.170652367537823,2.170652367537823,50-75%
11.0,8.865474590809974,-2.134525409190026,2.134525409190026,50-75%
11.0,8.757464150108534,-2.242535849891466,2.242535849891466,50-75%
11.0,8.926161652710157,-2.0738383472898434,2.0738383472898434,50-75%
11.0,8.802269439703378,-2.1977305602966215,2.1977305602966215,50-75%
11.0,8.774347761698555,-2.2256522383014445,2.2256522383014445,50-75%
11.0,8.718752719313756,-2.2812472806862445,2.2812472806862445,50-75%
11.0,8.973856860921536,-2.0261431390784637,2.0261431390784637,50-75%
24.0,10.638561255213357,-13.361438744786643,13.361438744786643,75-100%
24.0,10.565903543049602,-13.434096456950398,13.434096456950398,75-100%
24.0,10.565903543049602,-13.434096456950398,13.434096456950398,75-100%
14.5,10.404167665104602,-4.095832334895398,4.095832334895398,50-75%
14.5,10.214348552148113,-4.285651447851887,4.285651447851887,50-75%
24.0,10.614908197590172,-13.385091802409828,13.385091802409828,75-100%
14.5,10.214348552148113,-4.285651447851887,4.285651447851887,50-75%
14.5,10.28323448781509,-4.21676551218491,4.21676551218491,50-75%
14.5,10.282639646567588,-4.217360353432412,4.217360353432412,50-75%
14.5,10.235833885968187,-4.264166114031813,4.264166114031813,50-75%
14.5,10.28323448781509,-4.21676551218491,4.21676551218491,50-75%
14.5,10.214348552148113,-4.285651447851887,4.285651447851887,50-75%
14.5,10.266225872158458,-4.233774127841542,4.233774127841542,50-75%
14.5,10.235833885968187,-4.264166114031813,4.264166114031813,50-75%
14.5,10.236426259531006,-4.263573740468994,4.263573740468994,50-75%
14.5,10.236426259531006,-4.263573740468994,4.263573740468994,50-75%
5.0,10.035909904518075,5.035909904518075,5.035909904518075,0-25%
5.0,10.035127072021075,5.035127072021075,5.035127072021075,0-25%
5.0,10.062122297653977,5.062122297653977,5.062122297653977,0-25%
5.0,10.062122297653977,5.062122297653977,5.062122297653977,0-25%
5.0,10.062122297653977,5.062122297653977,5.062122297653977,0-25%
5.0,10.062122297653977,5.062122297653977,5.062122297653977,0-25%
5.0,10.062122297653977,5.062122297653977,5.062122297653977,0-25%
5.0,10.062122297653977,5.062122297653977,5.062122297653977,0-25%
5.0,10.05478624080068,5.054786240800681,5.054786240800681,0-25%
5.0,10.062122297653977,5.062122297653977,5.062122297653977,0-25%
5.0,10.062122297653977,5.062122297653977,5.062122297653977,0-25%
5.0,10.062122297653977,5.062122297653977,5.062122297653977,0-25%
5.0,10.062122297653977,5.062122297653977,5.062122297653977,0-25%
11.0,10.15985608692594,-0.8401439130740602,0.8401439130740602,50-75%
11.0,10.338801796257151,-0.661198203742849,0.661198203742849,50-75%
11.0,10.148696509464166,-0.8513034905358339,0.8513034905358339,50-75%
11.0,10.244144703888246,-0.7558552961117542,0.7558552961117542,50-75%
11.0,10.18346739772877,-0.8165326022712307,0.8165326022712307,50-75%
11.0,10.290301348203299,-0.7096986517967014,0.7096986517967014,50-75%
11.0,10.15404796128093,-0.8459520387190693,0.8459520387190693,50-75%
11.0,10.144727506379606,-0.8552724936203937,0.8552724936203937,50-75%
11.0,10.24711779918487,-0.7528822008151295,0.7528822008151295,50-75%
11.0,10.290962066878588,-0.7090379331214116,0.7090379331214116,50-75%
11.0,10.224940000470777,-0.7750599995292227,0.7750599995292227,50-75%
11.0,10.224940000470777,-0.7750599995292227,0.7750599995292227,50-75%
11.0,10.15404796128093,-0.8459520387190693,0.8459520387190693,50-75%
11.0,10.09460064143702,-0.9053993585629794,0.9053993585629794,50-75%
11.0,10.09460064143702,-0.9053993585629794,0.9053993585629794,50-75%
11.0,10.15404796128093,-0.8459520387190693,0.8459520387190693,50-75%
11.0,10.267856467336248,-0.732143532663752,0.732143532663752,50-75%
11.0,10.274995932792184,-0.7250040672078164,0.7250040672078164,50-75%
11.0,10.285085707378371,-0.7149142926216285,0.7149142926216285,50-75%
11.0,10.285085707378371,-0.7149142926216285,0.7149142926216285,50-75%
11.0,10.138927254375258,-0.8610727456247425,0.8610727456247425,50-75%
11.0,10.07956052280771,-0.9204394771922892,0.9204394771922892,50-75%
11.0,10.138927254375258,-0.8610727456247425,0.8610727456247425,50-75%
11.0,10.07956052280771,-0.9204394771922892,0.9204394771922892,50-75%
11.0,10.469282828945031,-0.5307171710549685,0.5307171710549685,50-75%
11.0,10.283152191170952,-0.7168478088290478,0.7168478088290478,50-75%
11.0,10.489286614930604,-0.5107133850693959,0.5107133850693959,50-75%
11.0,10.163830477794349,-0.8361695222056511,0.8361695222056511,50-75%
11.0,10.159203040242538,-0.840796959757462,0.840796959757462,50-75%
11.0,10.24711779918487,-0.7528822008151295,0.7528822008151295,50-75%
6.0,10.469246849426096,4.469246849426096,4.469246849426096,25-50%
6.0,10.790188171243695,4.790188171243695,4.790188171243695,25-50%
6.0,10.382437747250936,4.382437747250936,4.382437747250936,25-50%
6.0,10.402615425744383,4.402615425744383,4.402615425744383,25-50%
6.0,10.517841970214079,4.517841970214079,4.517841970214079,25-50%
6.0,10.408119625642104,4.4081196256421045,4.4081196256421045,25-50%
6.0,10.448172660005953,4.4481726600059535,4.4481726600059535,25-50%
6.0,10.443427361860135,4.4434273618601345,4.4434273618601345,25-50%
6.0,10.35707419161816,4.35707419161816,4.35707419161816,25-50%
6.0,10.583252049741851,4.583252049741851,4.583252049741851,25-50%
6.0,10.408119625642104,4.4081196256421045,4.4081196256421045,25-50%
6.0,9.992046075736988,3.9920460757369884,3.9920460757369884,25-50%
6.0,9.992046075736988,3.9920460757369884,3.9920460757369884,25-50%
6.0,10.3897328707992,4.3897328707992,4.3897328707992,25-50%
6.0,10.652902056872993,4.652902056872993,4.652902056872993,25-50%
6.0,10.408119625642104,4.4081196256421045,4.4081196256421045,25-50%
6.0,9.996604197548972,3.9966041975489723,3.9966041975489723,25-50%
6.0,10.050943885574576,4.050943885574576,4.050943885574576,25-50%
5.5,9.622850694118565,4.122850694118565,4.122850694118565,25-50%
5.0,9.678580041955703,4.678580041955703,4.678580041955703,0-25%
6.0,10.517841970214079,4.517841970214079,4.517841970214079,25-50%
6.0,10.459632005902279,4.459632005902279,4.459632005902279,25-50%
6.0,10.459632005902279,4.459632005902279,4.459632005902279,25-50%
6.0,10.065945158112665,4.065945158112665,4.065945158112665,25-50%
5.5,9.604052860640302,4.1040528606403015,4.1040528606403015,25-50%
5.5,9.56185474443072,4.06185474443072,4.06185474443072,25-50%
5.5,9.580423784809978,4.0804237848099785,4.0804237848099785,25-50%
5.5,9.389145588575715,3.8891455885757154,3.8891455885757154,25-50%
5.0,9.367717354219971,4.367717354219971,4.367717354219971,0-25%
5.0,9.387570220810241,4.387570220810241,4.387570220810241,0-25%
5.0,9.974769937496403,4.9747699374964025,4.9747699374964025,0-25%
6.0,10.459632005902279,4.459632005902279,4.459632005902279,25-50%
6.0,10.070533923993727,4.070533923993727,4.070533923993727,25-50%
5.5,9.604052860640302,4.1040528606403015,4.1040528606403015,25-50%
5.5,9.580423784809978,4.0804237848099785,4.0804237848099785,25-50%
5.0,9.387570220810241,4.387570220810241,4.387570220810241,0-25%
5.0,9.367717354219971,4.367717354219971,4.367717354219971,0-25%
5.0,9.389145588575715,4.389145588575715,4.389145588575715,0-25%
5.0,9.580423784809978,4.5804237848099785,4.5804237848099785,0-25%
5.0,9.599154237538587,4.5991542375385865,4.5991542375385865,0-25%
5.0,9.618447494132054,4.618447494132054,4.618447494132054,0-25%
5.0,9.580423784809978,4.5804237848099785,4.5804237848099785,0-25%
5.0,9.524033688675992,4.524033688675992,4.524033688675992,0-25%
5.0,9.542664314398474,4.542664314398474,4.542664314398474,0-25%
5.0,9.613542221319602,4.613542221319602,4.613542221319602,0-25%
5.0,9.56185474443072,4.56185474443072,4.56185474443072,0-25%
5.0,9.622850694118565,4.622850694118565,4.622850694118565,0-25%
5.0,9.580423784809978,4.5804237848099785,4.5804237848099785,0-25%
5.0,9.367717354219971,4.367717354219971,4.367717354219971,0-25%
11.0,10.024521651403784,-0.9754783485962157,0.9754783485962157,50-75%
11.0,9.750196291337872,-1.249803708662128,1.249803708662128,50-75%
11.0,10.43386260382925,-0.5661373961707508,0.5661373961707508,50-75%
5.0,10.62960144221507,5.629601442215071,5.629601442215071,0-25%
5.0,10.786365706571582,5.786365706571582,5.786365706571582,0-25%
11.0,10.313332107737647,-0.6866678922623528,0.6866678922623528,50-75%
11.0,10.105862648674309,-0.8941373513256909,0.8941373513256909,50-75%
11.0,9.692901364909872,-1.307098635090128,1.307098635090128,50-75%
11.0,10.216747941979637,-0.7832520580203628,0.7832520580203628,50-75%
11.0,10.38037717537001,-0.6196228246299906,0.6196228246299906,50-75%
11.0,10.476920707426617,-0.5230792925733834,0.5230792925733834,50-75%
5.0,10.846159432680771,5.846159432680771,5.846159432680771,0-25%
5.0,10.896351529516982,5.896351529516982,5.896351529516982,0-25%
5.0,10.846159432680771,5.846159432680771,5.846159432680771,0-25%
5.0,10.893661871347447,5.893661871347447,5.893661871347447,0-25%
11.0,10.261512080723007,-0.7384879192769933,0.7384879192769933,50-75%
11.0,10.741410423550981,-0.2585895764490189,0.2585895764490189,50-75%
11.0,10.804323493018352,-0.1956765069816484,0.1956765069816484,50-75%
11.0,11.02532424660525,0.025324246605249456,0.025324246605249456,50-75%
11.0,10.216747941979637,-0.7832520580203628,0.7832520580203628,50-75%
11.0,10.4601150767403,-0.5398849232597005,0.5398849232597005,50-75%
8.0,10.465411611086825,2.465411611086825,2.465411611086825,25-50%
5.0,10.670421216091459,5.670421216091459,5.670421216091459,0-25%
5.0,10.923617183879156,5.923617183879156,5.923617183879156,0-25%
5.0,10.872615253848803,5.872615253848803,5.872615253848803,0-25%
5.0,10.825368978789843,5.825368978789843,5.825368978789843,0-25%
5.0,10.846159432680771,5.846159432680771,5.846159432680771,0-25%
5.0,10.88873191673362,5.8887319167336205,5.8887319167336205,0-25%
11.0,10.741410423550981,-0.2585895764490189,0.2585895764490189,50-75%
11.0,10.290638629738698,-0.709361370261302,0.709361370261302,50-75%
11.0,10.804323493018352,-0.1956765069816484,0.1956765069816484,50-75%
11.0,11.02532424660525,0.025324246605249456,0.025324246605249456,50-75%
11.0,10.741410423550981,-0.2585895764490189,0.2585895764490189,50-75%
8.0,11.08975858902265,3.089758589022651,3.089758589022651,25-50%
5.0,10.88873191673362,5.8887319167336205,5.8887319167336205,0-25%
5.0,10.872615253848803,5.872615253848803,5.872615253848803,0-25%
5.0,10.809338212291399,5.809338212291399,5.809338212291399,0-25%
5.0,10.895596375466525,5.895596375466525,5.895596375466525,0-25%
5.0,10.88873191673362,5.8887319167336205,5.8887319167336205,0-25%
11.0,10.804323493018352,-0.1956765069816484,0.1956765069816484,50-75%
11.0,11.08975858902265,0.08975858902265088,0.08975858902265088,50-75%
11.0,10.750254509939582,-0.2497454900604179,0.2497454900604179,50-75%
11.0,10.717866864172809,-0.28213313582719124,0.28213313582719124,50-75%
5.0,10.959335607307395,5.959335607307395,5.959335607307395,0-25%
5.0,10.895596375466525,5.895596375466525,5.895596375466525,0-25%
5.0,10.895596375466525,5.895596375466525,5.895596375466525,0-25%
5.0,10.88873191673362,5.8887319167336205,5.8887319167336205,0-25%
5.0,10.959335607307395,5.959335607307395,5.959335607307395,0-25%
5.0,10.895596375466525,5.895596375466525,5.895596375466525,0-25%
11.0,11.08975858902265,0.08975858902265088,0.08975858902265088,50-75%
11.0,11.02532424660525,0.025324246605249456,0.025324246605249456,50-75%
11.0,11.02532424660525,0.025324246605249456,0.025324246605249456,50-75%
11.0,11.10617001644383,0.10617001644382995,0.10617001644382995,50-75%
11.0,11.10617001644383,0.10617001644382995,0.10617001644382995,50-75%
5.0,10.61039967009974,5.61039967009974,5.61039967009974,0-25%
5.0,10.62960144221507,5.629601442215071,5.629601442215071,0-25%
5.0,10.61039967009974,5.61039967009974,5.61039967009974,0-25%
5.0,10.880224537294149,5.880224537294149,5.880224537294149,0-25%
5.0,10.959335607307395,5.959335607307395,5.959335607307395,0-25%
12.0,9.434052059596741,-2.565947940403259,2.565947940403259,50-75%
12.0,9.853455659389496,-2.146544340610504,2.146544340610504,50-75%
12.0,9.853455659389496,-2.146544340610504,2.146544340610504,50-75%
12.0,9.853455659389496,-2.146544340610504,2.146544340610504,50-75%
12.0,9.853455659389496,-2.146544340610504,2.146544340610504,50-75%
12.0,9.911610871176538,-2.0883891288234615,2.0883891288234615,50-75%
12.0,9.383238691784017,-2.616761308215983,2.616761308215983,50-75%
12.0,9.474736142720003,-2.525263857279997,2.525263857279997,50-75%
12.0,9.378442075471872,-2.621557924528128,2.621557924528128,50-75%
12.0,9.853455659389496,-2.146544340610504,2.146544340610504,50-75%
12.0,9.853455659389496,-2.146544340610504,2.146544340610504,50-75%
12.0,9.853455659389496,-2.146544340610504,2.146544340610504,50-75%
12.0,9.853455659389496,-2.146544340610504,2.146544340610504,50-75%
12.0,9.916135638555886,-2.083864361444114,2.083864361444114,50-75%
12.0,9.438874377238145,-2.561125622761855,2.561125622761855,50-75%
12.0,9.383238691784017,-2.616761308215983,2.616761308215983,50-75%
12.0,9.378442075471872,-2.621557924528128,2.621557924528128,50-75%
12.0,9.853455659389496,-2.146544340610504,2.146544340610504,50-75%
12.0,9.916135638555886,-2.083864361444114,2.083864361444114,50-75%
12.0,9.921846976757987,-2.078153023242013,2.078153023242013,50-75%
12.0,9.863637209974895,-2.136362790025105,2.136362790025105,50-75%
12.0,9.387544356665147,-2.6124556433348527,2.6124556433348527,50-75%
12.0,9.383846328329941,-2.616153671670059,2.616153671670059,50-75%
12.0,9.415613369632409,-2.5843866303675913,2.5843866303675913,50-75%
12.0,9.921846976757987,-2.078153023242013,2.078153023242013,50-75%
12.0,10.066670432607129,-1.933329567392871,1.933329567392871,50-75%
12.0,10.028009688842545,-1.9719903111574553,1.9719903111574553,50-75%
12.0,10.028009688842545,-1.9719903111574553,1.9719903111574553,50-75%
12.0,9.415613369632409,-2.5843866303675913,2.5843866303675913,50-75%
12.0,9.445564761141643,-2.554435238858357,2.554435238858357,50-75%
12.0,9.968122768013624,-2.0318772319863765,2.0318772319863765,50-75%
12.0,10.028009688842545,-1.9719903111574553,1.9719903111574553,50-75%
12.0,10.051879731804046,-1.9481202681959537,1.9481202681959537,50-75%
7.0,10.052620491537382,3.0526204915373825,3.0526204915373825,25-50%
7.0,9.985142490884842,2.985142490884842,2.985142490884842,25-50%
7.0,10.048208635997506,3.048208635997506,3.048208635997506,25-50%
7.0,9.965388799508101,2.9653887995081014,2.9653887995081014,25-50%
7.0,9.965388799508101,2.9653887995081014,2.9653887995081014,25-50%
7.0,9.551910624626744,2.5519106246267445,2.5519106246267445,25-50%
12.0,9.492103857390344,-2.507896142609656,2.507896142609656,50-75%
12.0,9.509376228827428,-2.4906237711725723,2.4906237711725723,50-75%
12.0,10.028009688842545,-1.9719903111574553,1.9719903111574553,50-75%
12.0,10.095751008137894,-1.9042489918621062,1.9042489918621062,50-75%
7.0,10.081932641286656,3.081932641286656,3.081932641286656,25-50%
7.0,10.052620491537382,3.0526204915373825,3.0526204915373825,25-50%
7.0,10.052620491537382,3.0526204915373825,3.0526204915373825,25-50%
7.0,9.405735380703742,2.4057353807037423,2.4057353807037423,25-50%
7.0,9.61084910916355,2.6108491091635493,2.6108491091635493,25-50%
7.0,9.509767044904663,2.509767044904663,2.509767044904663,25-50%
7.0,9.604052860640302,2.6040528606403015,2.6040528606403015,25-50%
7.0,10.017619755480172,3.0176197554801725,3.0176197554801725,25-50%
7.0,9.985142490884842,2.985142490884842,2.985142490884842,25-50%
7.0,10.124160475573303,3.1241604755733032,3.1241604755733032,25-50%
7.0,9.625252968326645,2.6252529683266452,2.6252529683266452,25-50%
7.0,9.580423784809978,2.5804237848099785,2.5804237848099785,25-50%
7.0,9.551910624626744,2.5519106246267445,2.5519106246267445,25-50%
7.0,9.604052860640302,2.6040528606403015,2.6040528606403015,25-50%
7.0,9.95315962949739,2.9531596294973905,2.9531596294973905,25-50%
7.0,9.509767044904663,2.509767044904663,2.509767044904663,25-50%
7.0,9.604052860640302,2.6040528606403015,2.6040528606403015,25-50%
7.0,9.604052860640302,2.6040528606403015,2.6040528606403015,25-50%
7.0,9.604052860640302,2.6040528606403015,2.6040528606403015,25-50%
7.0,9.517540915490068,2.517540915490068,2.517540915490068,25-50%
7.0,9.682843331761136,2.682843331761136,2.682843331761136,25-50%
7.0,9.551910624626744,2.5519106246267445,2.5519106246267445,25-50%
7.0,9.580423784809978,2.5804237848099785,2.5804237848099785,25-50%
7.0,9.566080697211351,2.5660806972113512,2.5660806972113512,25-50%
7.0,9.470661077659605,2.4706610776596047,2.4706610776596047,25-50%
7.0,9.52676519155948,2.5267651915594804,2.5267651915594804,25-50%
7.0,9.405735380703742,2.4057353807037423,2.4057353807037423,25-50%
7.0,9.645884623152961,2.645884623152961,2.645884623152961,25-50%
7.0,9.405735380703742,2.4057353807037423,2.4057353807037423,25-50%
8.0,9.696318080133231,1.6963180801332314,1.6963180801332314,25-50%
8.0,9.664787934766624,1.6647879347666237,1.6647879347666237,25-50%
8.0,9.34216505611381,1.34216505611381,1.34216505611381,25-50%
8.0,9.35081431944774,1.3508143194477409,1.3508143194477409,25-50%
8.0,9.43254256449888,1.4325425644988794,1.4325425644988794,25-50%
8.0,9.692291929903273,1.6922919299032735,1.6922919299032735,25-50%
8.0,9.676565056600863,1.6765650566008627,1.6765650566008627,25-50%
8.0,9.664787934766624,1.6647879347666237,1.6647879347666237,25-50%
8.0,9.799751803196305,1.7997518031963047,1.7997518031963047,25-50%
11.5,9.850932470258508,-1.649067529741492,1.649067529741492,50-75%
8.0,9.43254256449888,1.4325425644988794,1.4325425644988794,25-50%
11.5,9.730298106147515,-1.7697018938524849,1.7697018938524849,50-75%
11.5,9.696318080133231,-1.8036819198667686,1.8036819198667686,50-75%
11.5,9.692291929903273,-1.8077080700967265,1.8077080700967265,50-75%
11.5,9.793100653916735,-1.706899346083265,1.706899346083265,50-75%
11.5,9.793100653916735,-1.706899346083265,1.706899346083265,50-75%
11.5,9.959794997367718,-1.5402050026322822,1.5402050026322822,50-75%
11.5,9.9033087526516,-1.5966912473483994,1.5966912473483994,50-75%
11.5,9.9033087526516,-1.5966912473483994,1.5966912473483994,50-75%
11.5,9.769213838850952,-1.730786161149048,1.730786161149048,50-75%
11.5,9.793100653916735,-1.706899346083265,1.706899346083265,50-75%
11.5,9.823922460147628,-1.676077539852372,1.676077539852372,50-75%
11.5,9.793100653916735,-1.706899346083265,1.706899346083265,50-75%
15.0,9.913117026142046,-5.0868829738579535,5.0868829738579535,50-75%
11.5,9.733772449482005,-1.7662275505179945,1.7662275505179945,50-75%
11.5,9.688485409597085,-1.8115145904029148,1.8115145904029148,50-75%
11.5,9.793100653916735,-1.706899346083265,1.706899346083265,50-75%
11.5,9.823922460147628,-1.676077539852372,1.676077539852372,50-75%
15.0,9.913117026142046,-5.0868829738579535,5.0868829738579535,50-75%
15.0,9.913117026142046,-5.0868829738579535,5.0868829738579535,50-75%
11.5,9.664787934766624,-1.8352120652333763,1.8352120652333763,50-75%
11.5,9.733772449482005,-1.7662275505179945,1.7662275505179945,50-75%
11.5,9.687859946339053,-1.812140053660947,1.812140053660947,50-75%
11.5,9.793100653916735,-1.706899346083265,1.706899346083265,50-75%
15.0,9.94428156255659,-5.05571843744341,5.05571843744341,50-75%
15.0,9.850932470258508,-5.149067529741492,5.149067529741492,50-75%
15.0,9.913117026142046,-5.0868829738579535,5.0868829738579535,50-75%
15.0,9.9033087526516,-5.096691247348399,5.096691247348399,50-75%
15.0,9.913117026142046,-5.0868829738579535,5.0868829738579535,50-75%
15.0,9.913117026142046,-5.0868829738579535,5.0868829738579535,50-75%
15.0,9.850932470258508,-5.149067529741492,5.149067529741492,50-75%
15.0,9.913117026142046,-5.0868829738579535,5.0868829738579535,50-75%
15.0,9.913117026142046,-5.0868829738579535,5.0868829738579535,50-75%
6.0,9.15340976957964,3.153409769579641,3.153409769579641,25-50%
6.0,9.15340976957964,3.153409769579641,3.153409769579641,25-50%
6.0,9.15340976957964,3.153409769579641,3.153409769579641,25-50%
6.0,9.15340976957964,3.153409769579641,3.153409769579641,25-50%
6.0,9.15340976957964,3.153409769579641,3.153409769579641,25-50%
6.0,9.653242190140345,3.653242190140345,3.653242190140345,25-50%
6.0,9.618263482973642,3.618263482973642,3.618263482973642,25-50%
6.0,9.15340976957964,3.153409769579641,3.153409769579641,25-50%
6.0,9.653242190140345,3.653242190140345,3.653242190140345,25-50%
6.0,9.653242190140345,3.653242190140345,3.653242190140345,25-50%
6.0,9.948729294143881,3.948729294143881,3.948729294143881,25-50%
6.0,9.653242190140345,3.653242190140345,3.653242190140345,25-50%
6.0,9.653242190140345,3.653242190140345,3.653242190140345,25-50%
6.0,9.948729294143881,3.948729294143881,3.948729294143881,25-50%
6.0,9.948729294143881,3.948729294143881,3.948729294143881,25-50%
6.0,9.948729294143881,3.948729294143881,3.948729294143881,25-50%
6.0,9.653242190140345,3.653242190140345,3.653242190140345,25-50%
7.0,10.628221527897384,3.6282215278973844,3.6282215278973844,25-50%
7.0,10.255911484758867,3.255911484758867,3.255911484758867,25-50%
7.0,9.882553922551695,2.882553922551695,2.882553922551695,25-50%
7.0,9.712447004084972,2.7124470040849715,2.7124470040849715,25-50%
6.5,9.948729294143881,3.448729294143881,3.448729294143881,25-50%
6.5,9.803573806853798,3.303573806853798,3.303573806853798,25-50%
6.5,9.948729294143881,3.448729294143881,3.448729294143881,25-50%
6.5,9.653242190140345,3.153242190140345,3.153242190140345,25-50%
6.0,9.618263482973642,3.618263482973642,3.618263482973642,25-50%
5.0,10.608748383929932,5.608748383929932,5.608748383929932,0-25%
7.0,10.4666465876637,3.4666465876637,3.4666465876637,25-50%
7.0,10.639044106751797,3.639044106751797,3.639044106751797,25-50%
7.0,10.465767046082922,3.465767046082922,3.465767046082922,25-50%
7.0,9.882553922551695,2.882553922551695,2.882553922551695,25-50%
7.0,9.770158518041498,2.770158518041498,2.770158518041498,25-50%
7.0,9.761634791610703,2.761634791610703,2.761634791610703,25-50%
7.0,9.232193940673525,2.2321939406735254,2.2321939406735254,25-50%
6.5,9.774997927221213,3.2749979272212126,3.2749979272212126,25-50%
6.5,9.948729294143881,3.448729294143881,3.448729294143881,25-50%
6.5,9.948729294143881,3.448729294143881,3.448729294143881,25-50%
6.0,9.948729294143881,3.948729294143881,3.948729294143881,25-50%
5.0,10.608748383929932,5.608748383929932,5.608748383929932,0-25%
7.0,10.420737115659438,3.4207371156594384,3.4207371156594384,25-50%
7.0,10.528167155038794,3.528167155038794,3.528167155038794,25-50%
7.0,9.860509909922918,2.860509909922918,2.860509909922918,25-50%
7.0,9.73348276610577,2.7334827661057695,2.7334827661057695,25-50%
7.0,9.701843068279853,2.701843068279853,2.701843068279853,25-50%
7.0,9.701843068279853,2.701843068279853,2.701843068279853,25-50%
7.0,9.27486884980281,2.274868849802809,2.274868849802809,25-50%
7.0,9.302118359962881,2.302118359962881,2.302118359962881,25-50%
6.5,9.528869635132137,3.0288696351321374,3.0288696351321374,25-50%
6.5,9.948729294143881,3.448729294143881,3.448729294143881,25-50%
6.5,9.948729294143881,3.448729294143881,3.448729294143881,25-50%
5.0,10.5175556485447,5.5175556485447,5.5175556485447,0-25%
7.0,10.527968582580595,3.527968582580595,3.527968582580595,25-50%
7.0,10.715966657473942,3.715966657473942,3.715966657473942,25-50%
7.0,10.579258426075064,3.5792584260750644,3.5792584260750644,25-50%
7.0,9.73348276610577,2.7334827661057695,2.7334827661057695,25-50%
7.0,9.770158518041498,2.770158518041498,2.770158518041498,25-50%
7.0,9.770158518041498,2.770158518041498,2.770158518041498,25-50%
7.0,9.27486884980281,2.274868849802809,2.274868849802809,25-50%
7.0,9.27486884980281,2.274868849802809,2.274868849802809,25-50%
7.0,9.27486884980281,2.274868849802809,2.274868849802809,25-50%
7.0,9.27486884980281,2.274868849802809,2.274868849802809,25-50%
5.0,10.15086895732172,5.15086895732172,5.15086895732172,0-25%
10.5,9.821819126882627,-0.6781808731173733,0.6781808731173733,50-75%
10.5,9.916440204876164,-0.5835597951238363,0.5835597951238363,50-75%
10.5,9.613277511989045,-0.886722488010955,0.886722488010955,50-75%
7.0,9.770158518041498,2.770158518041498,2.770158518041498,25-50%
7.0,9.701843068279853,2.701843068279853,2.701843068279853,25-50%
7.0,9.38956158313716,2.3895615831371604,2.3895615831371604,25-50%
7.0,9.27486884980281,2.274868849802809,2.274868849802809,25-50%
7.0,9.232193940673525,2.2321939406735254,2.2321939406735254,25-50%
7.0,9.232193940673525,2.2321939406735254,2.2321939406735254,25-50%
7.0,9.232193940673525,2.2321939406735254,2.2321939406735254,25-50%
5.0,10.103172370827155,5.103172370827155,5.103172370827155,0-25%
10.5,10.05532023015077,-0.4446797698492304,0.4446797698492304,50-75%
10.5,9.764142474858005,-0.735857525141995,0.735857525141995,50-75%
10.5,9.714837977427484,-0.785162022572516,0.785162022572516,50-75%
7.0,9.701843068279853,2.701843068279853,2.701843068279853,25-50%
7.0,9.43505693693714,2.4350569369371406,2.4350569369371406,25-50%
7.0,9.43505693693714,2.4350569369371406,2.4350569369371406,25-50%
7.0,9.43505693693714,2.4350569369371406,2.4350569369371406,25-50%
5.0,10.11692106901195,5.1169210690119495,5.1169210690119495,0-25%
5.0,10.23426983171901,5.2342698317190095,5.2342698317190095,0-25%
5.0,10.16857926394633,5.168579263946331,5.168579263946331,0-25%
5.0,10.16857926394633,5.168579263946331,5.168579263946331,0-25%
14.0,9.932306044499136,-4.067693955500864,4.067693955500864,50-75%
14.0,9.95990008343009,-4.040099916569909,4.040099916569909,50-75%
14.0,9.339363342604111,-4.660636657395889,4.660636657395889,50-75%
14.0,9.077530721099391,-4.922469278900609,4.922469278900609,50-75%
14.0,9.077530721099391,-4.922469278900609,4.922469278900609,50-75%
14.0,9.287847333305184,-4.712152666694816,4.712152666694816,50-75%
14.0,9.185982991984487,-4.814017008015513,4.814017008015513,50-75%
14.0,9.50563536290058,-4.4943646370994195,4.4943646370994195,50-75%
14.0,9.50563536290058,-4.4943646370994195,4.4943646370994195,50-75%
14.0,9.190435679257316,-4.809564320742684,4.809564320742684,50-75%
14.0,9.369078401891286,-4.6309215981087135,4.6309215981087135,50-75%
14.0,9.42463821338568,-4.5753617866143195,4.5753617866143195,50-75%
14.0,9.50563536290058,-4.4943646370994195,4.4943646370994195,50-75%
14.0,9.50563536290058,-4.4943646370994195,4.4943646370994195,50-75%
14.0,9.077530721099391,-4.922469278900609,4.922469278900609,50-75%
14.0,9.50563536290058,-4.4943646370994195,4.4943646370994195,50-75%
14.0,9.228478872141778,-4.771521127858222,4.771521127858222,50-75%
1.0,10.788846461722564,9.788846461722564,9.788846461722564,0-25%
1.0,10.73910794132613,9.73910794132613,9.73910794132613,0-25%
1.0,10.786181109482719,9.786181109482719,9.786181109482719,0-25%
1.0,10.765324686266364,9.765324686266364,9.765324686266364,0-25%
1.0,10.765324686266364,9.765324686266364,9.765324686266364,0-25%
1.0,10.84881199019711,9.84881199019711,9.84881199019711,0-25%
1.0,10.73910794132613,9.73910794132613,9.73910794132613,0-25%
1.0,10.781295705931768,9.781295705931768,9.781295705931768,0-25%
1.0,10.85126136437251,9.85126136437251,9.85126136437251,0-25%
1.0,10.781295705931768,9.781295705931768,9.781295705931768,0-25%
1.0,10.765324686266364,9.765324686266364,9.765324686266364,0-25%
1.0,10.832749443764985,9.832749443764985,9.832749443764985,0-25%
1.0,10.919178608040111,9.919178608040111,9.919178608040111,0-25%
1.0,10.781295705931768,9.781295705931768,9.781295705931768,0-25%
1.0,10.86734904009396,9.86734904009396,9.86734904009396,0-25%
1.0,10.919178608040111,9.919178608040111,9.919178608040111,0-25%
1.0,10.919178608040111,9.919178608040111,9.919178608040111,0-25%
1.0,10.919178608040111,9.919178608040111,9.919178608040111,0-25%
1.0,10.781295705931768,9.781295705931768,9.781295705931768,0-25%
1.0,10.85126136437251,9.85126136437251,9.85126136437251,0-25%
1.0,10.919178608040111,9.919178608040111,9.919178608040111,0-25%
1.0,10.85126136437251,9.85126136437251,9.85126136437251,0-25%
1.0,10.919178608040111,9.919178608040111,9.919178608040111,0-25%
1.0,10.559573195260619,9.559573195260619,9.559573195260619,0-25%
1.0,10.460208415606456,9.460208415606456,9.460208415606456,0-25%
1.0,10.77286520606341,9.77286520606341,9.77286520606341,0-25%
1.0,10.85126136437251,9.85126136437251,9.85126136437251,0-25%
1.0,10.85126136437251,9.85126136437251,9.85126136437251,0-25%
1.0,10.85126136437251,9.85126136437251,9.85126136437251,0-25%
1.0,10.919178608040111,9.919178608040111,9.919178608040111,0-25%
1.0,10.85126136437251,9.85126136437251,9.85126136437251,0-25%
1.0,10.919178608040111,9.919178608040111,9.919178608040111,0-25%
1.0,10.919178608040111,9.919178608040111,9.919178608040111,0-25%
1.0,10.390198094891872,9.390198094891872,9.390198094891872,0-25%
1.0,10.390198094891872,9.390198094891872,9.390198094891872,0-25%
1.0,10.390198094891872,9.390198094891872,9.390198094891872,0-25%
1.0,10.00199174383663,9.00199174383663,9.00199174383663,0-25%
1.0,9.975152689339847,8.975152689339847,8.975152689339847,0-25%
1.0,10.390198094891872,9.390198094891872,9.390198094891872,0-25%
1.0,10.40257351960477,9.40257351960477,9.40257351960477,0-25%
1.0,10.34180164221849,9.34180164221849,9.34180164221849,0-25%
1.0,10.00199174383663,9.00199174383663,9.00199174383663,0-25%
1.0,10.00199174383663,9.00199174383663,9.00199174383663,0-25%
1.0,10.00199174383663,9.00199174383663,9.00199174383663,0-25%
1.0,10.41805211715936,9.41805211715936,9.41805211715936,0-25%
1.0,10.41805211715936,9.41805211715936,9.41805211715936,0-25%
1.0,10.40257351960477,9.40257351960477,9.40257351960477,0-25%
1.0,9.935243731773715,8.935243731773715,8.935243731773715,0-25%
1.0,10.390198094891872,9.390198094891872,9.390198094891872,0-25%
1.0,9.928519746410524,8.928519746410524,8.928519746410524,0-25%
1.0,9.98707716814943,8.98707716814943,8.98707716814943,0-25%
1.0,10.606464969219036,9.606464969219036,9.606464969219036,0-25%
9.0,10.50109088234554,1.5010908823455402,1.5010908823455402,50-75%
9.0,10.50109088234554,1.5010908823455402,1.5010908823455402,50-75%
1.0,10.00199174383663,9.00199174383663,9.00199174383663,0-25%
1.0,10.00199174383663,9.00199174383663,9.00199174383663,0-25%
1.0,10.00199174383663,9.00199174383663,9.00199174383663,0-25%
1.0,10.00199174383663,9.00199174383663,9.00199174383663,0-25%
1.0,10.00199174383663,9.00199174383663,9.00199174383663,0-25%
1.0,9.98707716814943,8.98707716814943,8.98707716814943,0-25%
1.0,10.32949217435226,9.32949217435226,9.32949217435226,0-25%
1.0,10.40257351960477,9.40257351960477,9.40257351960477,0-25%
1.0,10.590730954481092,9.590730954481092,9.590730954481092,0-25%
9.0,9.981472461589806,0.9814724615898065,0.9814724615898065,50-75%
9.0,10.439793940588608,1.4397939405886078,1.4397939405886078,50-75%
9.0,10.50109088234554,1.5010908823455402,1.5010908823455402,50-75%
9.0,10.439793940588608,1.4397939405886078,1.4397939405886078,50-75%
9.0,10.260550824045083,1.2605508240450831,1.2605508240450831,50-75%
9.0,10.260550824045083,1.2605508240450831,1.2605508240450831,50-75%
1.0,9.938104466259102,8.938104466259102,8.938104466259102,0-25%
1.0,9.99215507803073,8.99215507803073,8.99215507803073,0-25%
1.0,9.98707716814943,8.98707716814943,8.98707716814943,0-25%
1.0,9.943354832431346,8.943354832431346,8.943354832431346,0-25%
1.0,9.928519746410524,8.928519746410524,8.928519746410524,0-25%
1.0,10.160428338009147,9.160428338009147,9.160428338009147,0-25%
1.0,10.590730954481092,9.590730954481092,9.590730954481092,0-25%
9.0,10.320887341608,1.3208873416079996,1.3208873416079996,50-75%
9.0,10.260550824045083,1.2605508240450831,1.2605508240450831,50-75%
9.0,10.260550824045083,1.2605508240450831,1.2605508240450831,50-75%
9.0,10.320887341608,1.3208873416079996,1.3208873416079996,50-75%
9.0,9.624693985554952,0.624693985554952,0.624693985554952,50-75%
9.0,10.320887341608,1.3208873416079996,1.3208873416079996,50-75%
9.0,10.260550824045083,1.2605508240450831,1.2605508240450831,50-75%
1.0,9.952793155325816,8.952793155325816,8.952793155325816,0-25%
1.0,9.93357059274199,8.93357059274199,8.93357059274199,0-25%
1.0,9.99215507803073,8.99215507803073,8.99215507803073,0-25%
1.0,10.007076546804246,9.007076546804246,9.007076546804246,0-25%
1.0,10.00199174383663,9.00199174383663,9.00199174383663,0-25%
1.0,10.606464969219036,9.606464969219036,9.606464969219036,0-25%
9.0,10.384492585542091,1.384492585542091,1.384492585542091,50-75%
7.0,10.260550824045083,3.260550824045083,3.260550824045083,25-50%
7.0,10.260550824045083,3.260550824045083,3.260550824045083,25-50%
9.0,10.260550824045083,1.2605508240450831,1.2605508240450831,50-75%
9.0,10.320887341608,1.3208873416079996,1.3208873416079996,50-75%
9.0,10.320887341608,1.3208873416079996,1.3208873416079996,50-75%
1.0,9.943354832431346,8.943354832431346,8.943354832431346,0-25%
1.0,10.007076546804246,9.007076546804246,9.007076546804246,0-25%
9.0,10.25423180173593,1.25423180173593,1.25423180173593,50-75%
7.0,10.320887341608,3.3208873416079996,3.3208873416079996,25-50%
7.0,10.320887341608,3.3208873416079996,3.3208873416079996,25-50%
7.0,10.50109088234554,3.5010908823455402,3.5010908823455402,25-50%
7.0,10.260550824045083,3.260550824045083,3.260550824045083,25-50%
9.0,10.260550824045083,1.2605508240450831,1.2605508240450831,50-75%
1.0,10.011640901370125,9.011640901370125,9.011640901370125,0-25%
5.0,10.445493210428548,5.445493210428548,5.445493210428548,0-25%
7.0,10.474457278203463,3.474457278203463,3.474457278203463,25-50%
7.0,10.50109088234554,3.5010908823455402,3.5010908823455402,25-50%
5.333333333333333,10.314075668389345,4.980742335056012,4.980742335056012,25-50%
5.333333333333333,10.253775454751057,4.920442121417724,4.920442121417724,25-50%
7.0,10.260550824045083,3.260550824045083,3.260550824045083,25-50%
5.0,10.474457278203463,5.474457278203463,5.474457278203463,0-25%
5.333333333333333,10.663241152192738,5.329907818859405,5.329907818859405,25-50%
5.333333333333333,10.568802422789798,5.235469089456465,5.235469089456465,25-50%
5.333333333333333,10.314075668389345,4.980742335056012,4.980742335056012,25-50%
5.333333333333333,10.253775454751057,4.920442121417724,4.920442121417724,25-50%
3.5,10.314075668389345,6.814075668389345,6.814075668389345,0-25%
3.5,9.736356257061491,6.236356257061491,6.236356257061491,0-25%
3.5,10.725735373444964,7.225735373444964,7.225735373444964,0-25%
3.5,10.314075668389345,6.814075668389345,6.814075668389345,0-25%
3.5,10.314075668389345,6.814075668389345,6.814075668389345,0-25%
3.5,10.253775454751057,6.753775454751057,6.753775454751057,0-25%
3.5,9.736356257061491,6.236356257061491,6.236356257061491,0-25%
3.5,9.736356257061491,6.236356257061491,6.236356257061491,0-25%
2.0,9.8046055899441,7.804605589944099,7.804605589944099,0-25%
3.5,10.29846338458906,6.798463384589059,6.798463384589059,0-25%
3.5,10.29846338458906,6.798463384589059,6.798463384589059,0-25%
3.5,10.314075668389345,6.814075668389345,6.814075668389345,0-25%
3.5,9.679135093355969,6.179135093355969,6.179135093355969,0-25%
3.5,9.736356257061491,6.236356257061491,6.236356257061491,0-25%
2.0,9.8046055899441,7.804605589944099,7.804605589944099,0-25%
2.0,9.747020680275218,7.747020680275218,7.747020680275218,0-25%
2.0,10.725404253358409,8.725404253358409,8.725404253358409,0-25%
3.5,10.29846338458906,6.798463384589059,6.798463384589059,0-25%
3.5,10.223011530775723,6.723011530775723,6.723011530775723,0-25%
3.5,10.253775454751057,6.753775454751057,6.753775454751057,0-25%
2.0,9.747020680275218,7.747020680275218,7.747020680275218,0-25%
2.0,9.8046055899441,7.804605589944099,7.804605589944099,0-25%
2.0,9.607912518318136,7.607912518318136,7.607912518318136,0-25%
2.0,9.607912518318136,7.607912518318136,7.607912518318136,0-25%
2.0,10.321968445046142,8.321968445046142,8.321968445046142,0-25%
2.0,10.435556664321927,8.435556664321927,8.435556664321927,0-25%
2.0,9.607912518318136,7.607912518318136,7.607912518318136,0-25%
2.0,9.607912518318136,7.607912518318136,7.607912518318136,0-25%
2.0,9.607912518318136,7.607912518318136,7.607912518318136,0-25%
2.0,10.187878714587136,8.187878714587136,8.187878714587136,0-25%
2.0,10.412661949731522,8.412661949731522,8.412661949731522,0-25%
2.0,9.735051198187755,7.7350511981877546,7.7350511981877546,0-25%
4.0,9.60660090350729,5.606600903507291,5.606600903507291,0-25%
4.0,9.60660090350729,5.606600903507291,5.606600903507291,0-25%
4.0,9.638134322873684,5.638134322873684,5.638134322873684,0-25%
4.0,9.505190178669864,5.505190178669864,5.505190178669864,0-25%
4.0,9.536248477762483,5.5362484777624825,5.5362484777624825,0-25%
4.0,9.619612462516924,5.619612462516924,5.619612462516924,0-25%
4.0,9.638134322873684,5.638134322873684,5.638134322873684,0-25%
4.0,9.50555930890288,5.50555930890288,5.50555930890288,0-25%
4.0,9.60660090350729,5.606600903507291,5.606600903507291,0-25%
4.0,9.505190178669864,5.505190178669864,5.505190178669864,0-25%
4.0,9.505190178669864,5.505190178669864,5.505190178669864,0-25%
4.0,9.550071292145004,5.550071292145004,5.550071292145004,0-25%
4.0,9.561850415231032,5.5618504152310315,5.5618504152310315,0-25%
4.0,9.60660090350729,5.606600903507291,5.606600903507291,0-25%
4.0,9.60660090350729,5.606600903507291,5.606600903507291,0-25%
4.0,9.505190178669864,5.505190178669864,5.505190178669864,0-25%
4.0,9.505190178669864,5.505190178669864,5.505190178669864,0-25%
4.0,9.505190178669864,5.505190178669864,5.505190178669864,0-25%
4.0,9.536248477762483,5.5362484777624825,5.5362484777624825,0-25%
4.0,9.550071292145004,5.550071292145004,5.550071292145004,0-25%
4.0,9.50555930890288,5.50555930890288,5.50555930890288,0-25%
4.0,9.495713353863689,5.495713353863689,5.495713353863689,0-25%
4.0,9.556327329264919,5.556327329264919,5.556327329264919,0-25%
4.0,9.498376718745373,5.498376718745373,5.498376718745373,0-25%
4.0,9.498376718745373,5.498376718745373,5.498376718745373,0-25%
4.0,9.518369302833548,5.518369302833548,5.518369302833548,0-25%
4.0,9.505190178669864,5.505190178669864,5.505190178669864,0-25%
4.0,9.641622390526082,5.6416223905260825,5.6416223905260825,0-25%
4.0,9.561850415231032,5.5618504152310315,5.5618504152310315,0-25%
4.0,9.561850415231032,5.5618504152310315,5.5618504152310315,0-25%
4.0,9.314500416055981,5.3145004160559814,5.3145004160559814,0-25%
4.0,9.498376718745373,5.498376718745373,5.498376718745373,0-25%
4.0,9.518369302833548,5.518369302833548,5.518369302833548,0-25%
4.0,9.518369302833548,5.518369302833548,5.518369302833548,0-25%
4.0,9.303315736206384,5.303315736206384,5.303315736206384,0-25%
4.0,9.37211282814918,5.372112828149181,5.372112828149181,0-25%
4.0,9.638134322873684,5.638134322873684,5.638134322873684,0-25%
4.0,9.386192611101835,5.386192611101835,5.386192611101835,0-25%
9.0,10.154592320110439,1.1545923201104387,1.1545923201104387,50-75%
9.0,9.2637135456924,0.2637135456924007,0.2637135456924007,50-75%
9.0,9.201077268103832,0.2010772681038322,0.2010772681038322,50-75%
9.0,9.201077268103832,0.2010772681038322,0.2010772681038322,50-75%
9.0,9.322532865626803,0.32253286562680294,0.32253286562680294,50-75%
9.0,9.85775610059121,0.8577561005912102,0.8577561005912102,50-75%
7.0,9.704294367258937,2.704294367258937,2.704294367258937,25-50%
7.0,9.712437082349513,2.7124370823495134,2.7124370823495134,25-50%
7.0,10.352918122194133,3.352918122194133,3.352918122194133,25-50%
7.0,10.352918122194133,3.352918122194133,3.352918122194133,25-50%
7.0,10.352918122194133,3.352918122194133,3.352918122194133,25-50%
9.0,9.322532865626803,0.32253286562680294,0.32253286562680294,50-75%
9.0,9.322532865626803,0.32253286562680294,0.32253286562680294,50-75%
9.0,9.322532865626803,0.32253286562680294,0.32253286562680294,50-75%
9.0,9.2637135456924,0.2637135456924007,0.2637135456924007,50-75%
9.0,9.322532865626803,0.32253286562680294,0.32253286562680294,50-75%
9.0,10.035370332475086,1.035370332475086,1.035370332475086,50-75%
9.0,9.678279940297834,0.6782799402978341,0.6782799402978341,50-75%
7.0,9.761650339909016,2.761650339909016,2.761650339909016,25-50%
7.0,10.268650566666771,3.2686505666667713,3.2686505666667713,25-50%
7.0,10.292410891356091,3.2924108913560914,3.2924108913560914,25-50%
7.0,10.292410891356091,3.2924108913560914,3.2924108913560914,25-50%
7.0,10.352918122194133,3.352918122194133,3.352918122194133,25-50%
7.0,10.352918122194133,3.352918122194133,3.352918122194133,25-50%
9.0,9.192239043664452,0.19223904366445232,0.19223904366445232,50-75%
9.0,9.357506029337246,0.3575060293372463,0.3575060293372463,50-75%
9.0,9.20838267778324,0.2083826777832396,0.2083826777832396,50-75%
9.0,9.350174008698128,0.35017400869812754,0.35017400869812754,50-75%
7.0,9.737790650879994,2.737790650879994,2.737790650879994,25-50%
7.0,9.761650339909016,2.761650339909016,2.761650339909016,25-50%
7.0,10.263979680908148,3.2639796809081485,3.2639796809081485,25-50%
7.0,10.352918122194133,3.352918122194133,3.352918122194133,25-50%
7.0,10.292410891356091,3.2924108913560914,3.2924108913560914,25-50%
7.0,10.352918122194133,3.352918122194133,3.352918122194133,25-50%
7.0,10.352918122194133,3.352918122194133,3.352918122194133,25-50%
7.0,10.352918122194133,3.352918122194133,3.352918122194133,25-50%
9.0,9.43057907368023,0.43057907368022974,0.43057907368022974,50-75%
7.0,9.807247379105366,2.807247379105366,2.807247379105366,25-50%
7.0,10.263979680908148,3.2639796809081485,3.2639796809081485,25-50%
7.0,10.352918122194133,3.352918122194133,3.352918122194133,25-50%
7.0,10.292410891356091,3.2924108913560914,3.2924108913560914,25-50%
7.0,10.352918122194133,3.352918122194133,3.352918122194133,25-50%
7.0,10.352918122194133,3.352918122194133,3.352918122194133,25-50%
7.0,10.263979680908148,3.2639796809081485,3.2639796809081485,25-50%
7.0,10.32036177921739,3.3203617792173894,3.3203617792173894,25-50%
7.0,10.263979680908148,3.2639796809081485,3.2639796809081485,25-50%
7.0,10.352918122194133,3.352918122194133,3.352918122194133,25-50%
7.0,10.292410891356091,3.2924108913560914,3.2924108913560914,25-50%
7.0,10.352918122194133,3.352918122194133,3.352918122194133,25-50%
7.0,10.27259985042488,3.2725998504248803,3.2725998504248803,25-50%
7.0,10.158638940425789,3.1586389404257886,3.1586389404257886,25-50%
7.0,10.263979680908148,3.2639796809081485,3.2639796809081485,25-50%
7.0,10.352918122194133,3.352918122194133,3.352918122194133,25-50%
7.0,10.352918122194133,3.352918122194133,3.352918122194133,25-50%
7.0,10.203946462014821,3.2039464620148213,3.2039464620148213,25-50%
5.0,9.621647448443337,4.621647448443337,4.621647448443337,0-25%
5.0,9.621647448443337,4.621647448443337,4.621647448443337,0-25%
5.0,9.621647448443337,4.621647448443337,4.621647448443337,0-25%
5.0,9.621647448443337,4.621647448443337,4.621647448443337,0-25%
5.0,9.284474294016968,4.284474294016968,4.284474294016968,0-25%
5.0,9.284474294016968,4.284474294016968,4.284474294016968,0-25%
5.0,9.284474294016968,4.284474294016968,4.284474294016968,0-25%
5.0,9.284474294016968,4.284474294016968,4.284474294016968,0-25%
5.0,9.70621037218274,4.70621037218274,4.70621037218274,0-25%
5.0,9.734603823483898,4.734603823483898,4.734603823483898,0-25%
5.0,9.284474294016968,4.284474294016968,4.284474294016968,0-25%
5.0,9.241759490319202,4.241759490319202,4.241759490319202,0-25%
5.0,9.241759490319202,4.241759490319202,4.241759490319202,0-25%
5.0,9.241759490319202,4.241759490319202,4.241759490319202,0-25%
5.0,9.241759490319202,4.241759490319202,4.241759490319202,0-25%
5.0,9.296120615469974,4.296120615469974,4.296120615469974,0-25%
5.0,9.734603823483898,4.734603823483898,4.734603823483898,0-25%
5.0,9.621647448443337,4.621647448443337,4.621647448443337,0-25%
5.0,9.383114618602029,4.383114618602029,4.383114618602029,0-25%
5.0,9.383114618602029,4.383114618602029,4.383114618602029,0-25%
5.0,9.27203896399602,4.272038963996019,4.272038963996019,0-25%
5.0,9.253357440769427,4.2533574407694275,4.2533574407694275,0-25%
5.0,9.253357440769427,4.2533574407694275,4.2533574407694275,0-25%
5.0,9.621647448443337,4.621647448443337,4.621647448443337,0-25%
5.0,9.342037685587135,4.342037685587135,4.342037685587135,0-25%
6.0,9.421502669801136,3.4215026698011357,3.4215026698011357,25-50%
6.0,9.383114618602029,3.383114618602029,3.383114618602029,25-50%
5.0,9.253357440769427,4.2533574407694275,4.2533574407694275,0-25%
5.0,9.296120615469974,4.296120615469974,4.296120615469974,0-25%
5.0,9.296120615469974,4.296120615469974,4.296120615469974,0-25%
5.0,9.214330657970523,4.214330657970523,4.214330657970523,0-25%
7.0,9.33840842632106,2.3384084263210596,2.3384084263210596,25-50%
7.0,9.304384813829442,2.304384813829442,2.304384813829442,25-50%
6.0,9.387205594874697,3.387205594874697,3.387205594874697,25-50%
6.0,9.383114618602029,3.383114618602029,3.383114618602029,25-50%
6.0,9.283671203460324,3.283671203460324,3.283671203460324,25-50%
6.0,9.253357440769427,3.2533574407694275,3.2533574407694275,25-50%
5.0,9.296120615469974,4.296120615469974,4.296120615469974,0-25%
7.0,9.640847260237159,2.640847260237159,2.640847260237159,25-50%
7.0,9.634249006608037,2.6342490066080373,2.6342490066080373,25-50%
7.0,9.959443989837139,2.9594439898371387,2.9594439898371387,25-50%
7.0,9.231779618685552,2.231779618685552,2.231779618685552,25-50%
7.0,9.279498645092344,2.2794986450923442,2.2794986450923442,25-50%
7.0,9.253357440769427,2.2533574407694275,2.2533574407694275,25-50%
7.0,9.296120615469974,2.296120615469974,2.296120615469974,25-50%
7.0,9.70621037218274,2.70621037218274,2.70621037218274,25-50%
7.0,9.775508157237208,2.7755081572372085,2.7755081572372085,25-50%
7.0,9.634249006608037,2.6342490066080373,2.6342490066080373,25-50%
7.0,9.959443989837139,2.9594439898371387,2.9594439898371387,25-50%
7.0,9.943165951590071,2.943165951590071,2.943165951590071,25-50%
5.5,9.283671203460324,3.783671203460324,3.783671203460324,25-50%
7.0,9.296120615469974,2.296120615469974,2.296120615469974,25-50%
7.0,9.672306625673336,2.672306625673336,2.672306625673336,25-50%
7.0,9.618453979760059,2.6184539797600586,2.6184539797600586,25-50%
7.0,9.959443989837139,2.9594439898371387,2.9594439898371387,25-50%
5.5,10.070875316517546,4.5708753165175455,4.5708753165175455,25-50%
5.5,9.99949048912268,4.49949048912268,4.49949048912268,25-50%
5.5,9.397209336103145,3.8972093361031455,3.8972093361031455,25-50%
5.5,9.253357440769427,3.7533574407694275,3.7533574407694275,25-50%
5.5,9.296120615469974,3.796120615469974,3.796120615469974,25-50%
7.0,9.618453979760059,2.6184539797600586,2.6184539797600586,25-50%
5.5,10.062526401739966,4.562526401739966,4.562526401739966,25-50%
5.5,10.070875316517546,4.5708753165175455,4.5708753165175455,25-50%
5.5,10.060945183226284,4.560945183226284,4.560945183226284,25-50%
4.0,9.761634791610703,5.761634791610703,5.761634791610703,0-25%
5.333333333333333,9.829883770941176,4.496550437607843,4.496550437607843,25-50%
5.333333333333333,9.675463974645979,4.342130641312646,4.342130641312646,25-50%
7.0,9.722082330086742,2.7220823300867423,2.7220823300867423,25-50%
4.0,10.062526401739966,6.062526401739966,6.062526401739966,0-25%
5.5,10.070875316517546,4.5708753165175455,4.5708753165175455,25-50%
5.5,10.062526401739966,4.562526401739966,4.562526401739966,25-50%
5.5,9.628830092997703,4.128830092997703,4.128830092997703,25-50%
4.5,9.518045567050393,5.018045567050393,5.018045567050393,0-25%
5.333333333333333,9.792879667310327,4.459546333976994,4.459546333976994,25-50%
5.333333333333333,9.861776251196988,4.5284429178636545,4.5284429178636545,25-50%
5.333333333333333,9.861776251196988,4.5284429178636545,4.5284429178636545,25-50%
4.0,10.060945183226284,6.060945183226284,6.060945183226284,0-25%
4.0,10.086419063790638,6.086419063790638,6.086419063790638,0-25%
4.0,9.628830092997703,5.628830092997703,5.628830092997703,0-25%
4.0,9.673864373712483,5.673864373712483,5.673864373712483,0-25%
5.333333333333333,9.755973376827706,4.422640043494373,4.422640043494373,25-50%
5.333333333333333,9.88526713784957,4.551933804516238,4.551933804516238,25-50%
5.333333333333333,9.824788512279035,4.491455178945702,4.491455178945702,25-50%
6.0,9.861776251196988,3.8617762511969875,3.8617762511969875,25-50%
6.0,9.861776251196988,3.8617762511969875,3.8617762511969875,25-50%
6.0,9.975127761614173,3.975127761614173,3.975127761614173,25-50%
7.0,9.981699380643922,2.9816993806439225,2.9816993806439225,25-50%
4.0,9.689116287140706,5.689116287140706,5.689116287140706,0-25%
4.0,9.693548791677491,5.693548791677491,5.693548791677491,0-25%
4.0,9.689741823920944,5.689741823920944,5.689741823920944,0-25%
5.333333333333333,9.653508816182468,4.320175482849135,4.320175482849135,25-50%
5.333333333333333,9.755973376827706,4.422640043494373,4.422640043494373,25-50%
5.333333333333333,9.824788512279035,4.491455178945702,4.491455178945702,25-50%
6.0,9.853180016595367,3.853180016595367,3.853180016595367,25-50%
6.0,9.975127761614173,3.975127761614173,3.975127761614173,25-50%
6.0,9.975127761614173,3.975127761614173,3.975127761614173,25-50%
6.0,9.975127761614173,3.975127761614173,3.975127761614173,25-50%
6.0,9.975127761614173,3.975127761614173,3.975127761614173,25-50%
4.0,9.689741823920944,5.689741823920944,5.689741823920944,0-25%
4.0,9.7308062194865,5.7308062194864995,5.7308062194864995,0-25%
5.333333333333333,9.752491847422865,4.419158514089532,4.419158514089532,25-50%
6.0,9.975127761614173,3.975127761614173,3.975127761614173,25-50%
6.0,9.975127761614173,3.975127761614173,3.975127761614173,25-50%
6.0,9.975127761614173,3.975127761614173,3.975127761614173,25-50%
6.0,9.975127761614173,3.975127761614173,3.975127761614173,25-50%
5.0,9.630990425410378,4.630990425410378,4.630990425410378,0-25%
1.0,10.854198233086517,9.854198233086517,9.854198233086517,0-25%
1.0,10.451703127425004,9.451703127425004,9.451703127425004,0-25%
1.0,10.231050111058163,9.231050111058163,9.231050111058163,0-25%
1.0,10.231050111058163,9.231050111058163,9.231050111058163,0-25%
1.0,10.088811855242577,9.088811855242577,9.088811855242577,0-25%
1.0,10.854198233086517,9.854198233086517,9.854198233086517,0-25%
1.0,10.811058217221836,9.811058217221836,9.811058217221836,0-25%
1.0,10.447626252160022,9.447626252160022,9.447626252160022,0-25%
1.0,10.250963383648187,9.250963383648187,9.250963383648187,0-25%
1.0,10.250963383648187,9.250963383648187,9.250963383648187,0-25%
1.0,10.088811855242577,9.088811855242577,9.088811855242577,0-25%
1.0,10.088811855242577,9.088811855242577,9.088811855242577,0-25%
1.0,10.396380278400947,9.396380278400947,9.396380278400947,0-25%
1.0,10.562390215046317,9.562390215046317,9.562390215046317,0-25%
1.0,10.845022383925045,9.845022383925045,9.845022383925045,0-25%
1.0,10.858419901972113,9.858419901972113,9.858419901972113,0-25%
1.0,10.446956365891012,9.446956365891012,9.446956365891012,0-25%
1.0,10.365260171399475,9.365260171399475,9.365260171399475,0-25%
1.0,10.377800347314462,9.377800347314462,9.377800347314462,0-25%
1.0,10.132410516936865,9.132410516936865,9.132410516936865,0-25%
1.0,10.250963383648187,9.250963383648187,9.250963383648187,0-25%
1.0,10.231050111058163,9.231050111058163,9.231050111058163,0-25%
1.0,10.396380278400947,9.396380278400947,9.396380278400947,0-25%
1.0,10.396380278400947,9.396380278400947,9.396380278400947,0-25%
1.0,10.396380278400947,9.396380278400947,9.396380278400947,0-25%
1.0,10.686637116993158,9.686637116993158,9.686637116993158,0-25%
1.0,10.795046850750362,9.795046850750362,9.795046850750362,0-25%
1.0,10.837435647457832,9.837435647457832,9.837435647457832,0-25%
1.0,10.42615774476458,9.42615774476458,9.42615774476458,0-25%
1.0,9.980175443869156,8.980175443869156,8.980175443869156,0-25%
1.0,10.021525033956152,9.021525033956152,9.021525033956152,0-25%
1.0,10.396380278400947,9.396380278400947,9.396380278400947,0-25%
1.0,10.686637116993158,9.686637116993158,9.686637116993158,0-25%
1.0,10.795046850750362,9.795046850750362,9.795046850750362,0-25%
1.0,10.77434610135682,9.77434610135682,9.77434610135682,0-25%
1.0,10.441668357085772,9.441668357085772,9.441668357085772,0-25%
1.0,10.008284140586369,9.008284140586369,9.008284140586369,0-25%
1.0,10.117319142292917,9.117319142292917,9.117319142292917,0-25%
1.0,10.021525033956152,9.021525033956152,9.021525033956152,0-25%
1.0,10.811058217221836,9.811058217221836,9.811058217221836,0-25%
1.0,10.86110159044721,9.86110159044721,9.86110159044721,0-25%
1.0,10.811058217221836,9.811058217221836,9.811058217221836,0-25%
1.0,10.858419901972113,9.858419901972113,9.858419901972113,0-25%
1.0,10.837435647457832,9.837435647457832,9.837435647457832,0-25%
1.0,10.009802011917051,9.009802011917051,9.009802011917051,0-25%
1.0,10.014890424565097,9.014890424565097,9.014890424565097,0-25%
1.0,10.331783015288664,9.331783015288664,9.331783015288664,0-25%
1.0,10.845022383925045,9.845022383925045,9.845022383925045,0-25%
1.0,10.837435647457832,9.837435647457832,9.837435647457832,0-25%
1.0,10.790329367279906,9.790329367279906,9.790329367279906,0-25%
7.0,10.877318571362126,3.8773185713621263,3.8773185713621263,25-50%
7.0,10.877318571362126,3.8773185713621263,3.8773185713621263,25-50%
7.0,10.93141017635718,3.931410176357179,3.931410176357179,25-50%
7.0,10.692882061650796,3.6928820616507956,3.6928820616507956,25-50%
7.0,10.877318571362126,3.8773185713621263,3.8773185713621263,25-50%
7.0,10.877318571362126,3.8773185713621263,3.8773185713621263,25-50%
7.0,10.93141017635718,3.931410176357179,3.931410176357179,25-50%
7.0,10.877318571362126,3.8773185713621263,3.8773185713621263,25-50%
7.0,10.639871834998303,3.639871834998303,3.639871834998303,25-50%
7.0,10.877318571362126,3.8773185713621263,3.8773185713621263,25-50%
7.0,10.877318571362126,3.8773185713621263,3.8773185713621263,25-50%
7.0,10.93141017635718,3.931410176357179,3.931410176357179,25-50%
7.0,10.083656661849057,3.083656661849057,3.083656661849057,25-50%
7.0,10.083656661849057,3.083656661849057,3.083656661849057,25-50%
7.0,10.639871834998303,3.639871834998303,3.639871834998303,25-50%
7.0,10.639871834998303,3.639871834998303,3.639871834998303,25-50%
7.0,10.877318571362126,3.8773185713621263,3.8773185713621263,25-50%
7.0,10.13413377707093,3.1341337770709305,3.1341337770709305,25-50%
7.0,10.083656661849057,3.083656661849057,3.083656661849057,25-50%
7.0,10.083656661849057,3.083656661849057,3.083656661849057,25-50%
7.0,11.753927824769617,4.753927824769617,4.753927824769617,25-50%
7.0,11.812011677778012,4.8120116777780115,4.8120116777780115,25-50%
7.0,10.639871834998303,3.639871834998303,3.639871834998303,25-50%
7.0,10.67703089773698,3.67703089773698,3.67703089773698,25-50%
7.0,10.93141017635718,3.931410176357179,3.931410176357179,25-50%
7.0,10.13413377707093,3.1341337770709305,3.1341337770709305,25-50%
7.0,10.083656661849057,3.083656661849057,3.083656661849057,25-50%
7.0,10.13413377707093,3.1341337770709305,3.1341337770709305,25-50%
7.0,11.753927824769617,4.753927824769617,4.753927824769617,25-50%
7.0,11.230009798835788,4.230009798835788,4.230009798835788,25-50%
7.0,11.457210781799686,4.457210781799686,4.457210781799686,25-50%
7.0,10.328975676278603,3.3289756762786027,3.3289756762786027,25-50%
7.0,10.328975676278603,3.3289756762786027,3.3289756762786027,25-50%
8.0,9.260867608453783,1.2608676084537827,1.2608676084537827,25-50%
8.0,9.899962001510834,1.8999620015108345,1.8999620015108345,25-50%
8.0,9.899962001510834,1.8999620015108345,1.8999620015108345,25-50%
8.0,9.841868874276704,1.8418688742767042,1.8418688742767042,25-50%
8.0,9.841868874276704,1.8418688742767042,1.8418688742767042,25-50%
8.0,9.841868874276704,1.8418688742767042,1.8418688742767042,25-50%
8.0,9.447171873502004,1.447171873502004,1.447171873502004,25-50%
8.0,9.503150127059758,1.503150127059758,1.503150127059758,25-50%
8.0,9.503150127059758,1.503150127059758,1.503150127059758,25-50%
8.0,9.899962001510834,1.8999620015108345,1.8999620015108345,25-50%
8.0,9.899962001510834,1.8999620015108345,1.8999620015108345,25-50%
8.0,9.87258800511472,1.8725880051147197,1.8725880051147197,25-50%
8.0,9.87258800511472,1.8725880051147197,1.8725880051147197,25-50%
8.0,9.841868874276704,1.8418688742767042,1.8418688742767042,25-50%
8.0,9.503150127059758,1.503150127059758,1.503150127059758,25-50%
8.0,9.447171873502004,1.447171873502004,1.447171873502004,25-50%
8.0,9.447171873502004,1.447171873502004,1.447171873502004,25-50%
8.0,9.841868874276704,1.8418688742767042,1.8418688742767042,25-50%
8.0,9.841868874276704,1.8418688742767042,1.8418688742767042,25-50%
8.0,9.787412456457394,1.7874124564573943,1.7874124564573943,25-50%
8.0,9.930845732234442,1.9308457322344417,1.9308457322344417,25-50%
8.0,9.447171873502004,1.447171873502004,1.447171873502004,25-50%
8.0,9.447171873502004,1.447171873502004,1.447171873502004,25-50%
8.0,9.447171873502004,1.447171873502004,1.447171873502004,25-50%
8.0,9.841868874276704,1.8418688742767042,1.8418688742767042,25-50%
8.0,9.930845732234442,1.9308457322344417,1.9308457322344417,25-50%
8.0,9.861704660133492,1.8617046601334923,1.8617046601334923,25-50%
8.0,9.84521379418127,1.8452137941812694,1.8452137941812694,25-50%
8.0,9.930845732234442,1.9308457322344417,1.9308457322344417,25-50%
5.0,8.971835630763056,3.9718356307630565,3.9718356307630565,0-25%
5.0,9.319669047487594,4.319669047487594,4.319669047487594,0-25%
6.5,9.496864879316686,2.9968648793166857,2.9968648793166857,25-50%
6.5,9.440920124013035,2.9409201240130347,2.9409201240130347,25-50%
6.5,9.496864879316686,2.9968648793166857,2.9968648793166857,25-50%
6.5,9.924304544815687,3.424304544815687,3.424304544815687,25-50%
8.0,9.861704660133492,1.8617046601334923,1.8617046601334923,25-50%
8.0,9.84521379418127,1.8452137941812694,1.8452137941812694,25-50%
5.0,8.958317560515578,3.958317560515578,3.958317560515578,0-25%
5.0,9.188157234978158,4.188157234978158,4.188157234978158,0-25%
5.0,9.188157234978158,4.188157234978158,4.188157234978158,0-25%
6.5,9.307863111868883,2.8078631118688833,2.8078631118688833,25-50%
6.5,9.281910724179337,2.781910724179337,2.781910724179337,25-50%
6.5,9.286174370930619,2.7861743709306186,2.7861743709306186,25-50%
5.0,8.958317560515578,3.958317560515578,3.958317560515578,0-25%
5.0,9.166272422529655,4.166272422529655,4.166272422529655,0-25%
5.0,9.10893504715536,4.108935047155359,4.108935047155359,0-25%
5.0,9.10893504715536,4.108935047155359,4.108935047155359,0-25%
5.0,9.108343497725524,4.108343497725524,4.108343497725524,0-25%
5.0,9.801441386580358,4.801441386580358,4.801441386580358,0-25%
5.0,9.188157234978158,4.188157234978158,4.188157234978158,0-25%
5.0,9.281910724179337,4.281910724179337,4.281910724179337,0-25%
5.0,9.151766536101729,4.151766536101729,4.151766536101729,0-25%
5.0,9.112535170564461,4.1125351705644615,4.1125351705644615,0-25%
5.0,9.716823198531742,4.716823198531742,4.716823198531742,0-25%
5.0,9.801441386580358,4.801441386580358,4.801441386580358,0-25%
5.0,9.24509212288496,4.2450921228849605,4.2450921228849605,0-25%
5.0,9.281910724179337,4.281910724179337,4.281910724179337,0-25%
5.0,9.231352525092982,4.231352525092982,4.231352525092982,0-25%
5.0,9.326079366059899,4.326079366059899,4.326079366059899,0-25%
5.0,9.29004759882043,4.290047598820429,4.290047598820429,0-25%
5.0,9.227710101990258,4.227710101990258,4.227710101990258,0-25%
5.0,9.108343497725524,4.108343497725524,4.108343497725524,0-25%
5.0,9.739893175018292,4.739893175018292,4.739893175018292,0-25%
5.0,9.322471673209183,4.322471673209183,4.322471673209183,0-25%
5.0,9.288500508433877,4.288500508433877,4.288500508433877,0-25%
5.0,9.24509212288496,4.2450921228849605,4.2450921228849605,0-25%
8.666666666666666,9.288669330032244,0.6220026633655777,0.6220026633655777,50-75%
5.0,9.84321839322719,4.84321839322719,4.84321839322719,0-25%
10.5,9.42755278108213,-1.0724472189178709,1.0724472189178709,50-75%
10.5,9.265858288697194,-1.2341417113028061,1.2341417113028061,50-75%
10.5,9.288669330032244,-1.2113306699677562,1.2113306699677562,50-75%
10.5,9.84521379418127,-0.6547862058187306,0.6547862058187306,50-75%
10.5,8.897545108105101,-1.602454891894899,1.602454891894899,50-75%
10.5,8.942692312555206,-1.5573076874447942,1.5573076874447942,50-75%
10.5,9.332262351911055,-1.167737648088945,1.167737648088945,50-75%
10.5,9.84521379418127,-0.6547862058187306,0.6547862058187306,50-75%
16.0,10.908955178778971,-5.091044821221029,5.091044821221029,75-100%
10.5,9.265858288697194,-1.2341417113028061,1.2341417113028061,50-75%
10.5,9.845259856541778,-0.6547401434582216,0.6547401434582216,50-75%
16.0,11.048861574234655,-4.951138425765345,4.951138425765345,75-100%
16.0,11.048861574234655,-4.951138425765345,4.951138425765345,75-100%
10.5,9.727820995856808,-0.772179004143192,0.772179004143192,50-75%
16.0,11.048861574234655,-4.951138425765345,4.951138425765345,75-100%
16.0,11.048861574234655,-4.951138425765345,4.951138425765345,75-100%
16.0,10.875066219961123,-5.124933780038877,5.124933780038877,75-100%
16.0,10.852221083879954,-5.147778916120046,5.147778916120046,75-100%
16.0,10.568772680361228,-5.431227319638772,5.431227319638772,75-100%
16.0,10.504496492888217,-5.495503507111783,5.495503507111783,75-100%
8.0,8.567506216511463,0.5675062165114628,0.5675062165114628,25-50%
8.0,8.859144248888462,0.8591442488884624,0.8591442488884624,25-50%
8.0,8.859144248888462,0.8591442488884624,0.8591442488884624,25-50%
8.0,8.859144248888462,0.8591442488884624,0.8591442488884624,25-50%
8.0,8.859144248888462,0.8591442488884624,0.8591442488884624,25-50%
8.0,8.891622263786957,0.8916222637869566,0.8916222637869566,25-50%
8.0,8.859144248888462,0.8591442488884624,0.8591442488884624,25-50%
8.0,8.859144248888462,0.8591442488884624,0.8591442488884624,25-50%
6.0,8.86504764622199,2.8650476462219903,2.8650476462219903,25-50%
6.0,8.86504764622199,2.8650476462219903,2.8650476462219903,25-50%
8.0,8.859144248888462,0.8591442488884624,0.8591442488884624,25-50%
6.0,8.86504764622199,2.8650476462219903,2.8650476462219903,25-50%
8.0,8.859144248888462,0.8591442488884624,0.8591442488884624,25-50%
7.0,9.741768166997588,2.7417681669975877,2.7417681669975877,25-50%
7.0,9.741768166997588,2.7417681669975877,2.7417681669975877,25-50%
7.0,9.741768166997588,2.7417681669975877,2.7417681669975877,25-50%
7.0,9.790766256755616,2.7907662567556155,2.7907662567556155,25-50%
7.0,9.790766256755616,2.7907662567556155,2.7907662567556155,25-50%
5.5,9.790766256755616,4.2907662567556155,4.2907662567556155,25-50%
4.0,9.790766256755616,5.7907662567556155,5.7907662567556155,0-25%
4.0,9.741768166997588,5.741768166997588,5.741768166997588,0-25%
4.0,9.482538034964456,5.482538034964456,5.482538034964456,0-25%
4.0,9.482538034964456,5.482538034964456,5.482538034964456,0-25%
6.0,8.86504764622199,2.8650476462219903,2.8650476462219903,25-50%
6.0,8.86504764622199,2.8650476462219903,2.8650476462219903,25-50%
7.0,9.60490114161151,2.60490114161151,2.60490114161151,25-50%
7.0,9.60490114161151,2.60490114161151,2.60490114161151,25-50%
7.0,9.60490114161151,2.60490114161151,2.60490114161151,25-50%
7.0,9.60490114161151,2.60490114161151,2.60490114161151,25-50%
7.0,9.865948926028526,2.8659489260285262,2.8659489260285262,25-50%
7.0,9.894766012648986,2.8947660126489865,2.8947660126489865,25-50%
7.0,9.790766256755616,2.7907662567556155,2.7907662567556155,25-50%
5.5,9.790766256755616,4.2907662567556155,4.2907662567556155,25-50%
4.0,9.517069635058652,5.517069635058652,5.517069635058652,0-25%
4.0,9.482538034964456,5.482538034964456,5.482538034964456,0-25%
4.0,9.482538034964456,5.482538034964456,5.482538034964456,0-25%
7.0,9.612413609902456,2.6124136099024557,2.6124136099024557,25-50%
7.0,9.612413609902456,2.6124136099024557,2.6124136099024557,25-50%
7.0,9.612413609902456,2.6124136099024557,2.6124136099024557,25-50%
7.0,9.612413609902456,2.6124136099024557,2.6124136099024557,25-50%
7.0,9.60490114161151,2.60490114161151,2.60490114161151,25-50%
7.0,9.894766012648986,2.8947660126489865,2.8947660126489865,25-50%
7.0,9.790766256755616,2.7907662567556155,2.7907662567556155,25-50%
7.0,9.790766256755616,2.7907662567556155,2.7907662567556155,25-50%
7.0,9.822814823461925,2.8228148234619255,2.8228148234619255,25-50%
7.0,9.643788912051688,2.643788912051688,2.643788912051688,25-50%
7.0,9.612413609902456,2.6124136099024557,2.6124136099024557,25-50%
7.0,9.612413609902456,2.6124136099024557,2.6124136099024557,25-50%
7.0,9.790766256755616,2.7907662567556155,2.7907662567556155,25-50%
7.0,9.74671467645241,2.7467146764524095,2.7467146764524095,25-50%
7.0,9.612413609902456,2.6124136099024557,2.6124136099024557,25-50%
7.0,9.60490114161151,2.60490114161151,2.60490114161151,25-50%
7.0,9.60490114161151,2.60490114161151,2.60490114161151,25-50%
7.0,9.483225353922805,2.483225353922805,2.483225353922805,25-50%
7.0,9.483225353922805,2.483225353922805,2.483225353922805,25-50%
7.0,9.643788912051688,2.643788912051688,2.643788912051688,25-50%
7.0,9.612413609902456,2.6124136099024557,2.6124136099024557,25-50%
7.0,9.60490114161151,2.60490114161151,2.60490114161151,25-50%
6.0,8.981474558696913,2.981474558696913,2.981474558696913,25-50%
6.0,8.999168745918324,2.9991687459183236,2.9991687459183236,25-50%
6.0,8.995024063765205,2.9950240637652055,2.9950240637652055,25-50%
6.0,8.981474558696913,2.981474558696913,2.981474558696913,25-50%
6.0,9.052303577222146,3.052303577222146,3.052303577222146,25-50%
6.0,8.959232777903711,2.9592327779037113,2.9592327779037113,25-50%
6.0,8.91414426674513,2.9141442667451294,2.9141442667451294,25-50%
6.0,8.893695751034839,2.893695751034839,2.893695751034839,25-50%
6.0,9.162054284735117,3.1620542847351167,3.1620542847351167,25-50%
6.0,8.999168745918324,2.9991687459183236,2.9991687459183236,25-50%
6.0,8.981474558696913,2.981474558696913,2.981474558696913,25-50%
6.0,8.959232777903711,2.9592327779037113,2.9592327779037113,25-50%
6.0,8.812697012095754,2.8126970120957537,2.8126970120957537,25-50%
6.0,9.162054284735117,3.1620542847351167,3.1620542847351167,25-50%
6.0,9.162054284735117,3.1620542847351167,3.1620542847351167,25-50%
6.0,8.959232777903711,2.9592327779037113,2.9592327779037113,25-50%
6.0,8.976863540390516,2.976863540390516,2.976863540390516,25-50%
6.0,8.995024063765205,2.9950240637652055,2.9950240637652055,25-50%
6.0,9.19127653556363,3.1912765355636292,3.1912765355636292,25-50%
6.0,9.202803555680802,3.202803555680802,3.202803555680802,25-50%
6.0,8.995024063765205,2.9950240637652055,2.9950240637652055,25-50%
6.0,9.034038979466406,3.0340389794664056,3.0340389794664056,25-50%
6.0,8.990406786161593,2.990406786161593,2.990406786161593,25-50%
6.0,9.052303577222146,3.052303577222146,3.052303577222146,25-50%
6.0,8.999168745918324,2.9991687459183236,2.9991687459183236,25-50%
6.0,8.959232777903711,2.9592327779037113,2.9592327779037113,25-50%
6.0,9.148278349313966,3.1482783493139657,3.1482783493139657,25-50%
6.0,9.184749023260677,3.184749023260677,3.184749023260677,25-50%
6.0,8.976863540390516,2.976863540390516,2.976863540390516,25-50%
6.0,8.990406786161593,2.990406786161593,2.990406786161593,25-50%
6.0,8.990406786161593,2.990406786161593,2.990406786161593,25-50%
6.0,8.995024063765205,2.9950240637652055,2.9950240637652055,25-50%
6.0,8.990406786161593,2.990406786161593,2.990406786161593,25-50%
6.0,9.05563913457143,3.0556391345714307,3.0556391345714307,25-50%
4.0,10.752947766889612,6.752947766889612,6.752947766889612,0-25%
4.0,10.048549759851968,6.0485497598519675,6.0485497598519675,0-25%
4.0,10.742553389355518,6.742553389355518,6.742553389355518,0-25%
4.0,10.752947766889612,6.752947766889612,6.752947766889612,0-25%
4.0,10.752947766889612,6.752947766889612,6.752947766889612,0-25%
4.0,10.048549759851968,6.0485497598519675,6.0485497598519675,0-25%
4.0,9.668314333750743,5.668314333750743,5.668314333750743,0-25%
4.0,10.742553389355518,6.742553389355518,6.742553389355518,0-25%
4.0,10.742553389355518,6.742553389355518,6.742553389355518,0-25%
4.0,10.796031247657798,6.7960312476577975,6.7960312476577975,0-25%
4.0,10.752947766889612,6.752947766889612,6.752947766889612,0-25%
4.0,10.790467812610485,6.790467812610485,6.790467812610485,0-25%
4.0,10.09886699145499,6.09886699145499,6.09886699145499,0-25%
4.0,9.668314333750743,5.668314333750743,5.668314333750743,0-25%
4.0,10.742553389355518,6.742553389355518,6.742553389355518,0-25%
4.0,10.742553389355518,6.742553389355518,6.742553389355518,0-25%
4.0,10.048549759851968,6.0485497598519675,6.0485497598519675,0-25%
4.0,10.25380236447399,6.253802364473991,6.253802364473991,0-25%
4.0,9.668314333750743,5.668314333750743,5.668314333750743,0-25%
4.0,10.048549759851968,6.0485497598519675,6.0485497598519675,0-25%
4.0,10.048549759851968,6.0485497598519675,6.0485497598519675,0-25%
4.0,10.048549759851968,6.0485497598519675,6.0485497598519675,0-25%
4.0,10.186575816205469,6.186575816205469,6.186575816205469,0-25%
4.0,9.668314333750743,5.668314333750743,5.668314333750743,0-25%
4.0,10.048549759851968,6.0485497598519675,6.0485497598519675,0-25%
4.0,10.048549759851968,6.0485497598519675,6.0485497598519675,0-25%
4.0,10.048549759851968,6.0485497598519675,6.0485497598519675,0-25%
4.0,10.09886699145499,6.09886699145499,6.09886699145499,0-25%
4.0,10.048549759851968,6.0485497598519675,6.0485497598519675,0-25%
1.0,9.921458278333688,8.921458278333688,8.921458278333688,0-25%
1.0,9.86738185356262,8.86738185356262,8.86738185356262,0-25%
1.0,9.921458278333688,8.921458278333688,8.921458278333688,0-25%
11.5,9.768960099638676,-1.7310399003613242,1.7310399003613242,50-75%
11.5,9.494143951697538,-2.005856048302462,2.005856048302462,50-75%
11.5,9.921458278333688,-1.578541721666312,1.578541721666312,50-75%
1.0,9.921458278333688,8.921458278333688,8.921458278333688,0-25%
1.0,9.984047003726667,8.984047003726667,8.984047003726667,0-25%
1.0,9.984047003726667,8.984047003726667,8.984047003726667,0-25%
22.0,9.768960099638676,-12.231039900361324,12.231039900361324,75-100%
11.5,9.494143951697538,-2.005856048302462,2.005856048302462,50-75%
11.5,9.626865967561033,-1.8731340324389674,1.8731340324389674,50-75%
11.5,9.566312512572539,-1.933687487427461,1.933687487427461,50-75%
11.5,9.566312512572539,-1.933687487427461,1.933687487427461,50-75%
11.5,9.921458278333688,-1.578541721666312,1.578541721666312,50-75%
11.5,9.921458278333688,-1.578541721666312,1.578541721666312,50-75%
1.0,10.015168979185987,9.015168979185987,9.015168979185987,0-25%
1.0,10.015168979185987,9.015168979185987,9.015168979185987,0-25%
22.0,9.192370055492738,-12.807629944507262,12.807629944507262,75-100%
11.5,9.626865967561033,-1.8731340324389674,1.8731340324389674,50-75%
11.5,9.566312512572539,-1.933687487427461,1.933687487427461,50-75%
11.5,9.626865967561033,-1.8731340324389674,1.8731340324389674,50-75%
11.5,9.626865967561033,-1.8731340324389674,1.8731340324389674,50-75%
11.5,9.984047003726667,-1.5159529962733327,1.5159529962733327,50-75%
11.5,9.984047003726667,-1.5159529962733327,1.5159529962733327,50-75%
1.0,9.928876455187657,8.928876455187657,8.928876455187657,0-25%
22.0,9.192370055492738,-12.807629944507262,12.807629944507262,75-100%
22.0,9.192370055492738,-12.807629944507262,12.807629944507262,75-100%
11.5,9.192370055492738,-2.307629944507262,2.307629944507262,50-75%
11.5,9.626865967561033,-1.8731340324389674,1.8731340324389674,50-75%
11.5,9.626865967561033,-1.8731340324389674,1.8731340324389674,50-75%
11.5,9.626865967561033,-1.8731340324389674,1.8731340324389674,50-75%
11.5,9.984047003726667,-1.5159529962733327,1.5159529962733327,50-75%
11.5,9.952402916170996,-1.5475970838290039,1.5475970838290039,50-75%
1.0,9.883125488032704,8.883125488032704,8.883125488032704,0-25%
7.0,10.043263044569702,3.043263044569702,3.043263044569702,25-50%
7.0,10.106549809077167,3.1065498090771673,3.1065498090771673,25-50%
22.0,9.250780519942563,-12.749219480057437,12.749219480057437,75-100%
22.0,9.127482077753672,-12.872517922246328,12.872517922246328,75-100%
11.5,9.566312512572539,-1.933687487427461,1.933687487427461,50-75%
11.5,9.566312512572539,-1.933687487427461,1.933687487427461,50-75%
11.5,9.626865967561033,-1.8731340324389674,1.8731340324389674,50-75%
11.5,9.566312512572539,-1.933687487427461,1.933687487427461,50-75%
11.5,9.952402916170996,-1.5475970838290039,1.5475970838290039,50-75%
7.0,10.043263044569702,3.043263044569702,3.043263044569702,25-50%
7.0,9.984406171028379,2.984406171028379,2.984406171028379,25-50%
7.0,10.106549809077167,3.1065498090771673,3.1065498090771673,25-50%
7.0,9.605855433563107,2.6058554335631072,2.6058554335631072,25-50%
22.0,9.43165752473571,-12.56834247526429,12.56834247526429,75-100%
22.0,9.43165752473571,-12.56834247526429,12.56834247526429,75-100%
22.0,9.491439298521774,-12.508560701478226,12.508560701478226,75-100%
22.0,9.349936213061184,-12.650063786938816,12.650063786938816,75-100%
7.0,9.984406171028379,2.984406171028379,2.984406171028379,25-50%
7.0,10.043263044569702,3.043263044569702,3.043263044569702,25-50%
7.0,10.043263044569702,3.043263044569702,3.043263044569702,25-50%
7.0,9.940553669659367,2.9405536696593675,2.9405536696593675,25-50%
7.0,9.899136674285893,2.8991366742858933,2.8991366742858933,25-50%
7.0,9.984406171028379,2.984406171028379,2.984406171028379,25-50%
7.0,9.373064593461198,2.373064593461198,2.373064593461198,25-50%
7.0,10.043263044569702,3.043263044569702,3.043263044569702,25-50%
7.0,10.043263044569702,3.043263044569702,3.043263044569702,25-50%
7.0,9.885601578952652,2.8856015789526523,2.8856015789526523,25-50%
7.0,9.898354642003998,2.898354642003998,2.898354642003998,25-50%
7.0,9.984406171028379,2.984406171028379,2.984406171028379,25-50%
7.0,10.043263044569702,3.043263044569702,3.043263044569702,25-50%
7.0,9.991521264310677,2.991521264310677,2.991521264310677,25-50%
7.0,9.991521264310677,2.991521264310677,2.991521264310677,25-50%
7.0,9.364024507574683,2.3640245075746833,2.3640245075746833,25-50%
7.0,9.695896531780596,2.695896531780596,2.695896531780596,25-50%
7.0,10.043263044569702,3.043263044569702,3.043263044569702,25-50%
7.0,10.00253468453624,3.00253468453624,3.00253468453624,25-50%
7.0,9.770594641349522,2.770594641349522,2.770594641349522,25-50%
7.0,9.597260395818678,2.5972603958186777,2.5972603958186777,25-50%
7.0,9.373746926231354,2.3737469262313535,2.3737469262313535,25-50%
32.0,9.254757734093472,-22.745242265906526,22.745242265906526,75-100%
19.5,9.864357726423425,-9.635642273576575,9.635642273576575,75-100%
15.333333333333336,9.423255095721597,-5.910078237611739,5.910078237611739,75-100%
15.333333333333336,9.84778752893694,-5.485545804396395,5.485545804396395,75-100%
15.333333333333336,9.995950597337876,-5.33738273599546,5.33738273599546,75-100%
15.333333333333336,10.054869328464292,-5.278464004869043,5.278464004869043,75-100%
32.0,9.141357027418568,-22.858642972581432,22.858642972581432,75-100%
32.0,9.15648288049378,-22.84351711950622,22.84351711950622,75-100%
19.5,9.80399527369904,-9.69600472630096,9.69600472630096,75-100%
19.5,9.968265793046227,-9.531734206953773,9.531734206953773,75-100%
19.5,9.88228811362243,-9.61771188637757,9.61771188637757,75-100%
19.5,9.88228811362243,-9.61771188637757,9.61771188637757,75-100%
7.0,9.934939931695519,2.934939931695519,2.934939931695519,25-50%
32.0,9.667161241846117,-22.332838758153883,22.332838758153883,75-100%
19.5,9.88228811362243,-9.61771188637757,9.61771188637757,75-100%
32.0,9.14518871061649,-22.854811289383512,22.854811289383512,75-100%
32.0,9.108867876616525,-22.891132123383475,22.891132123383475,75-100%
32.0,9.157614298262345,-22.842385701737655,22.842385701737655,75-100%
32.0,9.157614298262345,-22.842385701737655,22.842385701737655,75-100%
32.0,9.157614298262345,-22.842385701737655,22.842385701737655,75-100%
32.0,9.157614298262345,-22.842385701737655,22.842385701737655,75-100%
9.0,8.91921868169645,-0.08078131830355062,0.08078131830355062,50-75%
6.5,8.91921868169645,2.4192186816964494,2.4192186816964494,25-50%
6.5,8.91921868169645,2.4192186816964494,2.4192186816964494,25-50%
6.5,8.91921868169645,2.4192186816964494,2.4192186816964494,25-50%
9.0,8.91921868169645,-0.08078131830355062,0.08078131830355062,50-75%
4.0,8.925158050026798,4.925158050026798,4.925158050026798,0-25%
6.5,8.951894593925026,2.451894593925026,2.451894593925026,25-50%
6.5,8.91921868169645,2.4192186816964494,2.4192186816964494,25-50%
6.5,8.91921868169645,2.4192186816964494,2.4192186816964494,25-50%
4.0,8.966503852778558,4.966503852778558,4.966503852778558,0-25%
4.0,8.966503852778558,4.966503852778558,4.966503852778558,0-25%
6.5,8.91921868169645,2.4192186816964494,2.4192186816964494,25-50%
4.0,8.925158050026798,4.925158050026798,4.925158050026798,0-25%
4.0,8.966503852778558,4.966503852778558,4.966503852778558,0-25%
4.0,8.925158050026798,4.925158050026798,4.925158050026798,0-25%
4.0,8.907861451698704,4.907861451698704,4.907861451698704,0-25%
4.0,8.907861451698704,4.907861451698704,4.907861451698704,0-25%
5.0,9.613748555132204,4.613748555132204,4.613748555132204,0-25%
5.0,9.60403386739726,4.604033867397259,4.604033867397259,0-25%
5.0,9.652857516480537,4.6528575164805375,4.6528575164805375,0-25%
5.0,9.652857516480537,4.6528575164805375,4.6528575164805375,0-25%
5.0,9.60134311533588,4.6013431153358795,4.6013431153358795,0-25%
5.0,9.60134311533588,4.6013431153358795,4.6013431153358795,0-25%
5.0,9.124621564629603,4.124621564629603,4.124621564629603,0-25%
5.0,9.653049157953118,4.653049157953118,4.653049157953118,0-25%
5.0,9.664803496037514,4.664803496037514,4.664803496037514,0-25%
5.0,9.652857516480537,4.6528575164805375,4.6528575164805375,0-25%
5.0,9.691132887590726,4.691132887590726,4.691132887590726,0-25%
5.0,9.066929972577837,4.066929972577837,4.066929972577837,0-25%
5.0,9.171210171846054,4.171210171846054,4.171210171846054,0-25%
5.0,9.710616817690234,4.710616817690234,4.710616817690234,0-25%
5.0,9.703034831897268,4.703034831897268,4.703034831897268,0-25%
5.0,9.60134311533588,4.6013431153358795,4.6013431153358795,0-25%
5.0,9.612634194821593,4.612634194821593,4.612634194821593,0-25%
5.0,9.55929420974623,4.559294209746231,4.559294209746231,0-25%
5.0,9.60403386739726,4.604033867397259,4.604033867397259,0-25%
5.0,9.652857516480537,4.6528575164805375,4.6528575164805375,0-25%
5.0,9.652857516480537,4.6528575164805375,4.6528575164805375,0-25%
5.0,9.113253111015565,4.113253111015565,4.113253111015565,0-25%
5.0,9.592346507270832,4.5923465072708325,4.5923465072708325,0-25%
5.0,9.664803496037514,4.664803496037514,4.664803496037514,0-25%
5.0,9.725156108052838,4.725156108052838,4.725156108052838,0-25%
5.0,9.652857516480537,4.6528575164805375,4.6528575164805375,0-25%
5.0,9.486651184165334,4.486651184165334,4.486651184165334,0-25%
5.0,9.113253111015565,4.113253111015565,4.113253111015565,0-25%
7.5,9.612891060821765,2.112891060821765,2.112891060821765,25-50%
7.5,9.652857516480537,2.1528575164805375,2.1528575164805375,25-50%
10.0,9.56402367181785,-0.43597632818215004,0.43597632818215004,50-75%
10.0,9.171210171846054,-0.8287898281539459,0.8287898281539459,50-75%
10.0,9.552161834580376,-0.44783816541962373,0.44783816541962373,50-75%
10.0,9.710616817690234,-0.28938318230976634,0.28938318230976634,50-75%
10.0,9.652857516480537,-0.34714248351946253,0.34714248351946253,50-75%
10.0,10.148942292925227,0.1489422929252271,0.1489422929252271,50-75%
10.0,10.392349269668056,0.39234926966805617,0.39234926966805617,50-75%
10.0,9.552161834580376,-0.44783816541962373,0.44783816541962373,50-75%
10.0,9.592346507270832,-0.4076534927291675,0.4076534927291675,50-75%
12.5,9.794197759224797,-2.7058022407752027,2.7058022407752027,50-75%
12.5,10.046019843875538,-2.4539801561244623,2.4539801561244623,50-75%
12.5,10.145120689230996,-2.354879310769004,2.354879310769004,50-75%
15.0,10.13798223977739,-4.86201776022261,4.86201776022261,50-75%
10.0,10.21283468438163,0.21283468438162956,0.21283468438162956,50-75%
10.0,9.66377743779047,-0.33622256220952984,0.33622256220952984,50-75%
10.0,10.148942292925227,0.1489422929252271,0.1489422929252271,50-75%
12.5,10.43014777699235,-2.0698522230076506,2.0698522230076506,50-75%
12.5,10.250037582915658,-2.249962417084342,2.249962417084342,50-75%
12.5,10.491393032474932,-2.0086069675250684,2.0086069675250684,50-75%
15.0,10.153101663858568,-4.846898336141432,4.846898336141432,50-75%
15.0,10.13798223977739,-4.86201776022261,4.86201776022261,50-75%
12.5,10.491393032474932,-2.0086069675250684,2.0086069675250684,50-75%
12.5,10.258511548194884,-2.2414884518051164,2.2414884518051164,50-75%
12.5,10.227479311099456,-2.272520688900544,2.272520688900544,50-75%
12.5,10.260509416367862,-2.239490583632138,2.239490583632138,50-75%
12.5,10.200494692816026,-2.299505307183974,2.299505307183974,50-75%
15.0,10.159541375566397,-4.840458624433603,4.840458624433603,50-75%
15.0,10.153101663858568,-4.846898336141432,4.846898336141432,50-75%
10.0,10.462071553884286,0.4620715538842859,0.4620715538842859,50-75%
10.0,10.462071553884286,0.4620715538842859,0.4620715538842859,50-75%
12.5,10.506992199433643,-1.9930078005663567,1.9930078005663567,50-75%
12.5,10.506992199433643,-1.9930078005663567,1.9930078005663567,50-75%
12.5,10.277494265111372,-2.222505734888628,2.222505734888628,50-75%
12.5,10.43014777699235,-2.0698522230076506,2.0698522230076506,50-75%
15.0,10.046019843875538,-4.953980156124462,4.953980156124462,50-75%
15.0,9.885275488447391,-5.114724511552609,5.114724511552609,50-75%
15.0,10.046019843875538,-4.953980156124462,4.953980156124462,50-75%
15.0,10.145120689230996,-4.854879310769004,4.854879310769004,50-75%
12.5,10.51571237999925,-1.9842876200007495,1.9842876200007495,50-75%
12.5,10.577416109516786,-1.9225838904832138,1.9225838904832138,50-75%
15.0,10.43014777699235,-4.569852223007651,4.569852223007651,50-75%
15.0,10.491393032474932,-4.508606967525068,4.508606967525068,50-75%
15.0,9.873908586872199,-5.126091413127801,5.126091413127801,50-75%
15.0,9.938323130314375,-5.061676869685625,5.061676869685625,50-75%
15.0,9.789211297236845,-5.210788702763155,5.210788702763155,50-75%
15.0,9.959759097091883,-5.040240902908117,5.040240902908117,50-75%
15.0,9.801115873604731,-5.198884126395269,5.198884126395269,50-75%
15.0,9.86997793292846,-5.13002206707154,5.13002206707154,50-75%
14.0,8.891198589368317,-5.108801410631683,5.108801410631683,50-75%
14.0,8.900477453349371,-5.099522546650629,5.099522546650629,50-75%
14.0,8.895300217739068,-5.104699782260932,5.104699782260932,50-75%
14.0,8.78858868009224,-5.211411319907761,5.211411319907761,50-75%
14.0,9.44792541071186,-4.552074589288139,4.552074589288139,50-75%
14.0,8.891198589368317,-5.108801410631683,5.108801410631683,50-75%
14.0,8.900477453349371,-5.099522546650629,5.099522546650629,50-75%
14.0,8.999403791539821,-5.000596208460179,5.000596208460179,50-75%
14.0,8.940177815789294,-5.059822184210706,5.059822184210706,50-75%
14.0,9.014510982931919,-4.9854890170680815,4.9854890170680815,50-75%
14.0,8.936057585534282,-5.063942414465718,5.063942414465718,50-75%
14.0,9.351767885870787,-4.648232114129213,4.648232114129213,50-75%
14.0,9.081642878688019,-4.918357121311981,4.918357121311981,50-75%
14.0,8.900477453349371,-5.099522546650629,5.099522546650629,50-75%
14.0,8.942425708890516,-5.057574291109484,5.057574291109484,50-75%
14.0,8.900477453349371,-5.099522546650629,5.099522546650629,50-75%
14.0,8.936057585534282,-5.063942414465718,5.063942414465718,50-75%
14.0,8.99714301620617,-5.00285698379383,5.00285698379383,50-75%
14.0,8.963002507020084,-5.036997492979916,5.036997492979916,50-75%
14.0,8.975254183919127,-5.024745816080873,5.024745816080873,50-75%
14.0,8.942425708890516,-5.057574291109484,5.057574291109484,50-75%
14.0,8.900477453349371,-5.099522546650629,5.099522546650629,50-75%
14.0,9.394142360250834,-4.605857639749166,4.605857639749166,50-75%
14.0,9.043281744722307,-4.956718255277693,4.956718255277693,50-75%
14.0,8.848614197270377,-5.151385802729623,5.151385802729623,50-75%
14.0,8.848614197270377,-5.151385802729623,5.151385802729623,50-75%
14.0,8.790842648140691,-5.209157351859309,5.209157351859309,50-75%
14.0,8.790842648140691,-5.209157351859309,5.209157351859309,50-75%
1.0,8.072092981519972,7.0720929815199725,7.0720929815199725,0-25%
1.0,8.682299575495717,7.682299575495717,7.682299575495717,0-25%
1.0,8.826566700806307,7.826566700806307,7.826566700806307,0-25%
1.0,8.005533043485606,7.005533043485606,7.005533043485606,0-25%
1.0,8.261382347073173,7.261382347073173,7.261382347073173,0-25%
1.0,8.295810544272278,7.295810544272278,7.295810544272278,0-25%
1.0,9.203605604678659,8.203605604678659,8.203605604678659,0-25%
1.0,8.923496171808381,7.923496171808381,7.923496171808381,0-25%
1.0,9.016073398690862,8.016073398690862,8.016073398690862,0-25%
1.0,9.103960254120771,8.103960254120771,8.103960254120771,0-25%
1.0,8.072092981519972,7.0720929815199725,7.0720929815199725,0-25%
1.0,8.295810544272278,7.295810544272278,7.295810544272278,0-25%
4.0,8.139580289276605,4.139580289276605,4.139580289276605,0-25%
4.0,8.519573783654332,4.519573783654332,4.519573783654332,0-25%
4.333333333333333,8.989943698668213,4.65661036533488,4.65661036533488,0-25%
4.333333333333333,9.083140820763367,4.749807487430034,4.749807487430034,0-25%
4.333333333333333,9.377951453202565,5.044618119869232,5.044618119869232,0-25%
5.0,9.382893959252346,4.382893959252346,4.382893959252346,0-25%
1.0,8.072092981519972,7.0720929815199725,7.0720929815199725,0-25%
1.0,8.745322223146369,7.745322223146369,7.745322223146369,0-25%
4.0,8.502271406933733,4.502271406933733,4.502271406933733,0-25%
4.0,8.134075718178893,4.134075718178893,4.134075718178893,0-25%
4.333333333333333,8.12677689239323,3.793443559059898,3.793443559059898,0-25%
4.333333333333333,9.083140820763367,4.749807487430034,4.749807487430034,0-25%
4.333333333333333,9.377951453202565,5.044618119869232,5.044618119869232,0-25%
6.0,9.223548212307223,3.2235482123072234,3.2235482123072234,25-50%
5.0,9.001920697560639,4.001920697560639,4.001920697560639,0-25%
5.0,9.477773370182689,4.477773370182689,4.477773370182689,0-25%
2.0,8.214953183706644,6.214953183706644,6.214953183706644,0-25%
2.0,8.261382347073173,6.261382347073173,6.261382347073173,0-25%
1.0,8.745322223146369,7.745322223146369,7.745322223146369,0-25%
4.333333333333333,8.134075718178893,3.8007423848455604,3.8007423848455604,0-25%
8.0,8.19568455772955,0.19568455772954962,0.19568455772954962,25-50%
8.0,8.32096862596054,0.3209686259605409,0.3209686259605409,25-50%
4.333333333333333,9.577881707651917,5.244548374318584,5.244548374318584,0-25%
4.333333333333333,9.45234756456823,5.119014231234897,5.119014231234897,0-25%
6.0,9.415287532120916,3.4152875321209155,3.4152875321209155,25-50%
6.0,9.216426261036407,3.216426261036407,3.216426261036407,25-50%
5.0,9.172458718524549,4.172458718524549,4.172458718524549,0-25%
2.0,8.745322223146369,6.745322223146369,6.745322223146369,0-25%
2.0,8.699313917168991,6.6993139171689915,6.6993139171689915,0-25%
2.0,8.745322223146369,6.745322223146369,6.745322223146369,0-25%
2.0,8.745322223146369,6.745322223146369,6.745322223146369,0-25%
2.0,8.745322223146369,6.745322223146369,6.745322223146369,0-25%
8.0,8.101689774217421,0.1016897742174212,0.1016897742174212,25-50%
8.0,8.161627189646747,0.16162718964674738,0.16162718964674738,25-50%
8.0,9.385375521328795,1.385375521328795,1.385375521328795,25-50%
6.0,9.570735024695864,3.570735024695864,3.570735024695864,25-50%
6.0,9.291935916665194,3.291935916665194,3.291935916665194,25-50%
5.0,9.172458718524549,4.172458718524549,4.172458718524549,0-25%
2.0,8.371067925396282,6.371067925396282,6.371067925396282,0-25%
2.0,8.514868747679134,6.5148687476791345,6.5148687476791345,0-25%
2.0,8.745322223146369,6.745322223146369,6.745322223146369,0-25%
2.0,8.745322223146369,6.745322223146369,6.745322223146369,0-25%
2.0,8.468482943170459,6.468482943170459,6.468482943170459,0-25%
2.0,8.745322223146369,6.745322223146369,6.745322223146369,0-25%
2.0,8.282788288546747,6.282788288546747,6.282788288546747,0-25%
2.0,8.14579629333518,6.145796293335181,6.145796293335181,0-25%
13.0,8.094416827280387,-4.905583172719613,4.905583172719613,50-75%
13.0,7.9602047492141494,-5.0397952507858506,5.0397952507858506,50-75%
8.0,8.18341317929047,0.1834131792904703,0.1834131792904703,25-50%
10.333333333333334,8.32096862596054,-2.012364707372793,2.012364707372793,50-75%
10.333333333333334,8.347814926660996,-1.9855184066723375,1.9855184066723375,50-75%
10.333333333333334,9.414735982503705,-0.9185973508296286,0.9185973508296286,50-75%
10.333333333333334,9.570735024695864,-0.7625983086374699,0.7625983086374699,50-75%
5.0,9.328557035174018,4.328557035174018,4.328557035174018,0-25%
5.0,9.172458718524549,4.172458718524549,4.172458718524549,0-25%
2.0,8.628907004463741,6.628907004463741,6.628907004463741,0-25%
2.0,8.628907004463741,6.628907004463741,6.628907004463741,0-25%
2.0,8.745322223146369,6.745322223146369,6.745322223146369,0-25%
2.0,8.282788288546747,6.282788288546747,6.282788288546747,0-25%
2.0,8.282788288546747,6.282788288546747,6.282788288546747,0-25%
10.5,7.9602047492141494,-2.5397952507858506,2.5397952507858506,50-75%
19.0,8.001060988105642,-10.998939011894358,10.998939011894358,75-100%
13.0,8.229924447326406,-4.770075552673594,4.770075552673594,50-75%
10.333333333333334,8.18341317929047,-2.1499201540428636,2.1499201540428636,50-75%
10.333333333333334,8.18341317929047,-2.1499201540428636,2.1499201540428636,50-75%
10.333333333333334,8.209863292101826,-2.123470041231508,2.123470041231508,50-75%
10.333333333333334,9.570735024695864,-0.7625983086374699,0.7625983086374699,50-75%
12.0,9.415287532120916,-2.5847124678790845,2.5847124678790845,50-75%
5.0,9.328557035174018,4.328557035174018,4.328557035174018,0-25%
2.0,8.475213762184147,6.475213762184147,6.475213762184147,0-25%
2.0,8.475213762184147,6.475213762184147,6.475213762184147,0-25%
2.0,8.89813661245923,6.898136612459229,6.898136612459229,0-25%
2.0,8.971717230001921,6.9717172300019215,6.9717172300019215,0-25%
2.0,8.290211879078447,6.290211879078447,6.290211879078447,0-25%
2.0,8.282788288546747,6.282788288546747,6.282788288546747,0-25%
2.0,8.282788288546747,6.282788288546747,6.282788288546747,0-25%
19.0,8.001060988105642,-10.998939011894358,10.998939011894358,75-100%
19.0,8.135177597840144,-10.864822402159856,10.864822402159856,75-100%
19.0,8.25185791000976,-10.74814208999024,10.74814208999024,75-100%
19.0,8.25185791000976,-10.74814208999024,10.74814208999024,75-100%
19.0,8.390438568692238,-10.609561431307762,10.609561431307762,75-100%
19.0,9.48349449184633,-9.51650550815367,9.51650550815367,75-100%
2.0,8.769830151937539,6.769830151937539,6.769830151937539,0-25%
2.0,8.146184934942816,6.146184934942816,6.146184934942816,0-25%
2.0,8.282788288546747,6.282788288546747,6.282788288546747,0-25%
2.0,8.282788288546747,6.282788288546747,6.282788288546747,0-25%
19.0,8.102480728743075,-10.897519271256925,10.897519271256925,75-100%
19.0,8.135177597840144,-10.864822402159856,10.864822402159856,75-100%
19.0,8.25185791000976,-10.74814208999024,10.74814208999024,75-100%
19.0,8.390438568692238,-10.609561431307762,10.609561431307762,75-100%
19.0,8.390438568692238,-10.609561431307762,10.609561431307762,75-100%
19.0,8.390438568692238,-10.609561431307762,10.609561431307762,75-100%
19.0,9.522465760084174,-9.477534239915826,9.477534239915826,75-100%
19.0,8.25185791000976,-10.74814208999024,10.74814208999024,75-100%
19.0,8.390438568692238,-10.609561431307762,10.609561431307762,75-100%
19.0,8.390438568692238,-10.609561431307762,10.609561431307762,75-100%
10.0,7.975436804084063,-2.0245631959159374,2.0245631959159374,50-75%
10.0,7.938604686558908,-2.061395313441092,2.061395313441092,50-75%
10.0,8.210609323420856,-1.7893906765791439,1.7893906765791439,50-75%
10.0,8.184157068057335,-1.8158429319426652,1.8158429319426652,50-75%
10.0,8.309284083184387,-1.6907159168156127,1.6907159168156127,50-75%
10.0,8.336096730005993,-1.663903269994007,1.663903269994007,50-75%
10.0,8.336096730005993,-1.663903269994007,1.663903269994007,50-75%
10.0,8.336096730005993,-1.663903269994007,1.663903269994007,50-75%
10.0,9.5177427434403,-0.4822572565597003,0.4822572565597003,50-75%
10.0,8.336096730005993,-1.663903269994007,1.663903269994007,50-75%
10.0,9.5177427434403,-0.4822572565597003,0.4822572565597003,50-75%
10.0,9.5177427434403,-0.4822572565597003,0.4822572565597003,50-75%
10.0,9.5177427434403,-0.4822572565597003,0.4822572565597003,50-75%
10.0,9.240341286633697,-0.7596587133663029,0.7596587133663029,50-75%
10.0,9.5177427434403,-0.4822572565597003,0.4822572565597003,50-75%
10.0,9.5177427434403,-0.4822572565597003,0.4822572565597003,50-75%
10.0,9.5177427434403,-0.4822572565597003,0.4822572565597003,50-75%
10.0,9.089758430617888,-0.9102415693821122,0.9102415693821122,50-75%
10.0,9.5177427434403,-0.4822572565597003,0.4822572565597003,50-75%
10.0,9.362525741957716,-0.6374742580422836,0.6374742580422836,50-75%
10.0,9.5177427434403,-0.4822572565597003,0.4822572565597003,50-75%
10.0,9.240341286633697,-0.7596587133663029,0.7596587133663029,50-75%
10.0,9.5177427434403,-0.4822572565597003,0.4822572565597003,50-75%
10.0,9.5177427434403,-0.4822572565597003,0.4822572565597003,50-75%
25.0,9.624005976149517,-15.375994023850483,15.375994023850483,75-100%
25.0,9.624005976149517,-15.375994023850483,15.375994023850483,75-100%
25.0,9.624005976149517,-15.375994023850483,15.375994023850483,75-100%
25.0,9.721053402819647,-15.278946597180353,15.278946597180353,75-100%
25.0,9.79650665265867,-15.20349334734133,15.20349334734133,75-100%
25.0,9.624005976149517,-15.375994023850483,15.375994023850483,75-100%
25.0,9.575841549125986,-15.424158450874014,15.424158450874014,75-100%
25.0,9.624005976149517,-15.375994023850483,15.375994023850483,75-100%
25.0,9.624005976149517,-15.375994023850483,15.375994023850483,75-100%
25.0,10.006159546699744,-14.993840453300256,14.993840453300256,75-100%
25.0,9.79650665265867,-15.20349334734133,15.20349334734133,75-100%
25.0,9.702595849818438,-15.297404150181562,15.297404150181562,75-100%
25.0,9.575841549125986,-15.424158450874014,15.424158450874014,75-100%
25.0,9.624005976149517,-15.375994023850483,15.375994023850483,75-100%
25.0,9.845676031224485,-15.154323968775515,15.154323968775515,75-100%
25.0,9.886519117967502,-15.113480882032498,15.113480882032498,75-100%
25.0,10.796607726962687,-14.203392273037313,14.203392273037313,75-100%
25.0,10.006159546699744,-14.993840453300256,14.993840453300256,75-100%
25.0,9.857086058323674,-15.142913941676326,15.142913941676326,75-100%
25.0,9.751337540432509,-15.248662459567491,15.248662459567491,75-100%
25.0,9.624005976149517,-15.375994023850483,15.375994023850483,75-100%
25.0,9.624005976149517,-15.375994023850483,15.375994023850483,75-100%
25.0,9.845676031224485,-15.154323968775515,15.154323968775515,75-100%
25.0,9.845676031224485,-15.154323968775515,15.154323968775515,75-100%
25.0,9.997522146787155,-15.002477853212845,15.002477853212845,75-100%
25.0,10.578644578077265,-14.421355421922735,14.421355421922735,75-100%
25.0,9.751337540432509,-15.248662459567491,15.248662459567491,75-100%
25.0,9.624005976149517,-15.375994023850483,15.375994023850483,75-100%
25.0,9.624005976149517,-15.375994023850483,15.375994023850483,75-100%
25.0,10.671140357024115,-14.328859642975885,14.328859642975885,75-100%
25.0,10.56987618371966,-14.43012381628034,14.43012381628034,75-100%
25.0,9.8973052998007,-15.1026947001993,15.1026947001993,75-100%
25.0,10.093107772941877,-14.906892227058123,14.906892227058123,75-100%
25.0,9.845676031224485,-15.154323968775515,15.154323968775515,75-100%
25.0,10.671140357024115,-14.328859642975885,14.328859642975885,75-100%
25.0,10.618228697404454,-14.381771302595546,14.381771302595546,75-100%
25.0,9.84790185753573,-15.15209814246427,15.15209814246427,75-100%
25.0,9.86262750757217,-15.13737249242783,15.13737249242783,75-100%
28.0,9.503305284967883,-18.496694715032117,18.496694715032117,75-100%
28.0,9.708076413914466,-18.291923586085534,18.291923586085534,75-100%
28.0,9.72542549970263,-18.27457450029737,18.27457450029737,75-100%
28.0,9.344627421523114,-18.655372578476886,18.655372578476886,75-100%
28.0,9.503305284967883,-18.496694715032117,18.496694715032117,75-100%
28.0,9.708076413914466,-18.291923586085534,18.291923586085534,75-100%
28.0,9.809849062316141,-18.19015093768386,18.19015093768386,75-100%
28.0,9.96834073675456,-18.03165926324544,18.03165926324544,75-100%
28.0,9.53683597891196,-18.46316402108804,18.46316402108804,75-100%
28.0,9.805303270924554,-18.194696729075446,18.194696729075446,75-100%
28.0,9.457295700036763,-18.542704299963237,18.542704299963237,75-100%
28.0,9.457295700036763,-18.542704299963237,18.542704299963237,75-100%
28.0,10.137605693006002,-17.862394306994,17.862394306994,75-100%
28.0,10.182804122159826,-17.817195877840174,17.817195877840174,75-100%
28.0,10.0503625597412,-17.949637440258797,17.949637440258797,75-100%
28.0,9.597579132147839,-18.40242086785216,18.40242086785216,75-100%
28.0,9.295582287356545,-18.704417712643455,18.704417712643455,75-100%
28.0,9.386072178549842,-18.613927821450158,18.613927821450158,75-100%
28.0,10.244994072927408,-17.75500592707259,17.75500592707259,75-100%
28.0,10.028817196556567,-17.971182803443433,17.971182803443433,75-100%
28.0,10.169684280920649,-17.83031571907935,17.83031571907935,75-100%
28.0,10.336991455326192,-17.663008544673808,17.663008544673808,75-100%
28.0,9.53683597891196,-18.46316402108804,18.46316402108804,75-100%
28.0,9.366185265427344,-18.633814734572656,18.633814734572656,75-100%
28.0,9.457295700036763,-18.542704299963237,18.542704299963237,75-100%
28.0,10.028817196556567,-17.971182803443433,17.971182803443433,75-100%
28.0,10.266088227700834,-17.733911772299166,17.733911772299166,75-100%
28.0,10.266088227700834,-17.733911772299166,17.733911772299166,75-100%
28.0,10.169684280920649,-17.83031571907935,17.83031571907935,75-100%
28.0,9.975556928663753,-18.024443071336247,18.024443071336247,75-100%
4.0,8.900465834949555,4.900465834949555,4.900465834949555,0-25%
4.0,9.29608663483387,5.29608663483387,5.29608663483387,0-25%
4.0,9.29608663483387,5.29608663483387,5.29608663483387,0-25%
4.0,9.179802343050037,5.179802343050037,5.179802343050037,0-25%
4.0,9.179802343050037,5.179802343050037,5.179802343050037,0-25%
4.0,9.179802343050037,5.179802343050037,5.179802343050037,0-25%
4.0,9.179802343050037,5.179802343050037,5.179802343050037,0-25%
4.0,9.21333667055504,5.213336670555041,5.213336670555041,0-25%
4.0,9.21333667055504,5.213336670555041,5.213336670555041,0-25%
4.0,9.188770538686965,5.188770538686965,5.188770538686965,0-25%
4.0,9.155316871277497,5.155316871277497,5.155316871277497,0-25%
4.0,9.188770538686965,5.188770538686965,5.188770538686965,0-25%
4.0,9.501477914577091,5.501477914577091,5.501477914577091,0-25%
4.0,9.188770538686965,5.188770538686965,5.188770538686965,0-25%
4.0,9.188770538686965,5.188770538686965,5.188770538686965,0-25%
6.0,9.280981293361714,3.280981293361714,3.280981293361714,25-50%
6.0,9.4658801401605,3.4658801401605004,3.4658801401605004,25-50%
6.0,9.517145305215593,3.5171453052155925,3.5171453052155925,25-50%
6.0,9.405592015545704,3.405592015545704,3.405592015545704,25-50%
5.5,9.470820770694479,3.9708207706944787,3.9708207706944787,25-50%
5.5,9.411156484331379,3.9111564843313786,3.9111564843313786,25-50%
5.0,9.694212514081425,4.694212514081425,4.694212514081425,0-25%
5.0,9.532501014294837,4.532501014294837,4.532501014294837,0-25%
5.0,9.501453761813494,4.501453761813494,4.501453761813494,0-25%
5.0,9.501453761813494,4.501453761813494,4.501453761813494,0-25%
5.5,9.300311532058888,3.8003115320588883,3.8003115320588883,25-50%
5.0,9.300311532058888,4.300311532058888,4.300311532058888,0-25%
5.0,9.300311532058888,4.300311532058888,4.300311532058888,0-25%
5.0,9.300311532058888,4.300311532058888,4.300311532058888,0-25%
5.0,9.532501014294837,4.532501014294837,4.532501014294837,0-25%
5.0,9.517145305215593,4.5171453052155925,4.5171453052155925,0-25%
5.0,9.517145305215593,4.5171453052155925,4.5171453052155925,0-25%
4.5,9.227007458509512,4.727007458509512,4.727007458509512,0-25%
5.0,9.4658801401605,4.4658801401605,4.4658801401605,0-25%
5.0,9.4658801401605,4.4658801401605,4.4658801401605,0-25%
5.0,9.371876923492593,4.371876923492593,4.371876923492593,0-25%
5.0,9.517145305215593,4.5171453052155925,4.5171453052155925,0-25%
5.0,9.517145305215593,4.5171453052155925,4.5171453052155925,0-25%
5.0,9.501453761813494,4.501453761813494,4.501453761813494,0-25%
4.5,9.45054742251523,4.95054742251523,4.95054742251523,0-25%
4.0,9.227007458509512,5.227007458509512,5.227007458509512,0-25%
5.5,9.4658801401605,3.9658801401605004,3.9658801401605004,25-50%
5.0,9.21333667055504,4.213336670555041,4.213336670555041,0-25%
5.0,9.179802343050037,4.179802343050037,4.179802343050037,0-25%
5.0,9.21333667055504,4.213336670555041,4.213336670555041,0-25%
5.0,9.4658801401605,4.4658801401605,4.4658801401605,0-25%
5.0,9.517145305215593,4.5171453052155925,4.5171453052155925,0-25%
5.0,9.4816126065869,4.4816126065869,4.4816126065869,0-25%
4.666666666666667,9.40976168560901,4.743095018942342,4.743095018942342,0-25%
4.0,9.40976168560901,5.409761685609009,5.409761685609009,0-25%
5.0,9.160568907085299,4.160568907085299,4.160568907085299,0-25%
5.0,9.160568907085299,4.160568907085299,4.160568907085299,0-25%
5.0,9.21333667055504,4.213336670555041,4.213336670555041,0-25%
5.0,9.4658801401605,4.4658801401605,4.4658801401605,0-25%
5.0,9.497274502822478,4.497274502822478,4.497274502822478,0-25%
4.666666666666667,9.430802448312992,4.764135781646325,4.764135781646325,0-25%
4.5,9.39163744065814,4.89163744065814,4.89163744065814,0-25%
4.0,9.405592015545704,5.405592015545704,5.405592015545704,0-25%
13.0,9.095563504012963,-3.904436495987037,3.904436495987037,50-75%
5.0,8.809526601092147,3.8095266010921467,3.8095266010921467,0-25%
4.666666666666667,9.160568907085299,4.493902240418632,4.493902240418632,0-25%
4.666666666666667,9.179802343050037,4.51313567638337,4.51313567638337,0-25%
4.666666666666667,9.446106196747166,4.7794395300804995,4.7794395300804995,0-25%
4.666666666666667,9.497274502822478,4.830607836155811,4.830607836155811,0-25%
4.5,9.444961900386797,4.944961900386797,4.944961900386797,0-25%
4.5,9.499779094997699,4.999779094997699,4.999779094997699,0-25%
13.0,9.095563504012963,-3.904436495987037,3.904436495987037,50-75%
5.0,8.809526601092147,3.8095266010921467,3.8095266010921467,0-25%
5.0,8.841841165424986,3.841841165424986,3.841841165424986,0-25%
5.0,8.776128117616251,3.776128117616251,3.776128117616251,0-25%
5.0,8.758684120541641,3.7586841205416412,3.7586841205416412,0-25%
13.0,9.095563504012963,-3.904436495987037,3.904436495987037,50-75%
13.0,9.095563504012963,-3.904436495987037,3.904436495987037,50-75%
5.0,8.809526601092147,3.8095266010921467,3.8095266010921467,0-25%
5.0,8.841841165424986,3.841841165424986,3.841841165424986,0-25%
5.0,8.776128117616251,3.776128117616251,3.776128117616251,0-25%
5.0,8.769024786317113,3.7690247863171127,3.7690247863171127,0-25%
13.0,10.092084909568964,-2.907915090431036,2.907915090431036,50-75%
13.0,10.256088611516947,-2.7439113884830526,2.7439113884830526,50-75%
13.0,10.092084909568964,-2.907915090431036,2.907915090431036,50-75%
14.0,10.071127832247194,-3.9288721677528056,3.9288721677528056,50-75%
14.0,10.064689905606816,-3.9353100943931842,3.9353100943931842,50-75%
14.0,10.071127832247194,-3.9288721677528056,3.9288721677528056,50-75%
14.0,10.071127832247194,-3.9288721677528056,3.9288721677528056,50-75%
14.0,10.071127832247194,-3.9288721677528056,3.9288721677528056,50-75%
14.0,10.071127832247194,-3.9288721677528056,3.9288721677528056,50-75%
14.0,10.064689905606816,-3.9353100943931842,3.9353100943931842,50-75%
14.0,10.071127832247194,-3.9288721677528056,3.9288721677528056,50-75%
14.0,10.071127832247194,-3.9288721677528056,3.9288721677528056,50-75%
14.0,10.071127832247194,-3.9288721677528056,3.9288721677528056,50-75%
14.0,10.071127832247194,-3.9288721677528056,3.9288721677528056,50-75%
14.0,10.071127832247194,-3.9288721677528056,3.9288721677528056,50-75%
14.0,10.071127832247194,-3.9288721677528056,3.9288721677528056,50-75%
14.0,10.092084909568964,-3.907915090431036,3.907915090431036,50-75%
14.0,10.071127832247194,-3.9288721677528056,3.9288721677528056,50-75%
14.0,10.071127832247194,-3.9288721677528056,3.9288721677528056,50-75%
14.0,10.071127832247194,-3.9288721677528056,3.9288721677528056,50-75%
14.0,10.071127832247194,-3.9288721677528056,3.9288721677528056,50-75%
14.0,10.071127832247194,-3.9288721677528056,3.9288721677528056,50-75%
14.0,8.88176016962909,-5.118239830370911,5.118239830370911,50-75%
14.0,10.071127832247194,-3.9288721677528056,3.9288721677528056,50-75%
14.0,10.071127832247194,-3.9288721677528056,3.9288721677528056,50-75%
14.0,10.071127832247194,-3.9288721677528056,3.9288721677528056,50-75%
5.0,10.536020085537483,5.5360200855374835,5.5360200855374835,0-25%
5.0,10.520381567649011,5.520381567649011,5.520381567649011,0-25%
5.0,10.520381567649011,5.520381567649011,5.520381567649011,0-25%
5.0,10.582278882718537,5.582278882718537,5.582278882718537,0-25%
5.0,10.520381567649011,5.520381567649011,5.520381567649011,0-25%
5.0,10.577477997185206,5.5774779971852055,5.5774779971852055,0-25%
5.0,10.561783277912882,5.561783277912882,5.561783277912882,0-25%
5.0,10.6280415797067,5.6280415797067,5.6280415797067,0-25%
5.0,10.66082094751432,5.6608209475143205,5.6608209475143205,0-25%
5.0,10.643826242322632,5.643826242322632,5.643826242322632,0-25%
5.0,10.561783277912882,5.561783277912882,5.561783277912882,0-25%
5.0,10.561783277912882,5.561783277912882,5.561783277912882,0-25%
5.0,10.577477997185206,5.5774779971852055,5.5774779971852055,0-25%
5.0,10.66889176711926,5.668891767119259,5.668891767119259,0-25%
5.5,10.66889176711926,5.168891767119259,5.168891767119259,25-50%
5.5,10.561783277912882,5.061783277912882,5.061783277912882,25-50%
5.5,10.577477997185206,5.0774779971852055,5.0774779971852055,25-50%
5.0,10.618184500397302,5.618184500397302,5.618184500397302,0-25%
5.0,10.633955782370396,5.633955782370396,5.633955782370396,0-25%
5.5,10.66889176711926,5.168891767119259,5.168891767119259,25-50%
5.5,10.66889176711926,5.168891767119259,5.168891767119259,25-50%
5.5,10.577477997185206,5.0774779971852055,5.0774779971852055,25-50%
5.5,10.607589399732916,5.107589399732916,5.107589399732916,25-50%
5.0,10.669271257522404,5.669271257522404,5.669271257522404,0-25%
6.0,10.65307312504984,4.65307312504984,4.65307312504984,25-50%
5.5,10.66889176711926,5.168891767119259,5.168891767119259,25-50%
5.5,10.66889176711926,5.168891767119259,5.168891767119259,25-50%
5.5,10.66889176711926,5.168891767119259,5.168891767119259,25-50%
5.5,10.6280415797067,5.1280415797067,5.1280415797067,25-50%
5.5,10.602778022922676,5.102778022922676,5.102778022922676,25-50%
5.5,10.602778022922676,5.102778022922676,5.102778022922676,25-50%
6.0,10.6280415797067,4.6280415797067,4.6280415797067,25-50%
6.0,10.6280415797067,4.6280415797067,4.6280415797067,25-50%
6.0,10.6280415797067,4.6280415797067,4.6280415797067,25-50%
6.0,10.6280415797067,4.6280415797067,4.6280415797067,25-50%
5.5,10.6280415797067,5.1280415797067,5.1280415797067,25-50%
6.0,10.694391557497411,4.694391557497411,4.694391557497411,25-50%
6.0,10.65307312504984,4.65307312504984,4.65307312504984,25-50%
6.0,10.65307312504984,4.65307312504984,4.65307312504984,25-50%
6.0,9.570602418977032,3.570602418977032,3.570602418977032,25-50%
6.0,9.570602418977032,3.570602418977032,3.570602418977032,25-50%
6.0,9.631180458573834,3.6311804585738336,3.6311804585738336,25-50%
6.0,9.631180458573834,3.6311804585738336,3.6311804585738336,25-50%
6.0,9.631180458573834,3.6311804585738336,3.6311804585738336,25-50%
6.0,10.694391557497411,4.694391557497411,4.694391557497411,25-50%
6.0,9.584951644655922,3.5849516446559218,3.5849516446559218,25-50%
6.0,9.570602418977032,3.570602418977032,3.570602418977032,25-50%
6.0,9.584951644655922,3.5849516446559218,3.5849516446559218,25-50%
6.0,9.570602418977032,3.570602418977032,3.570602418977032,25-50%
6.0,9.64561191683767,3.6456119168376695,3.6456119168376695,25-50%
6.0,9.502029431157101,3.5020294311571014,3.5020294311571014,25-50%
13.0,8.898004433642777,-4.101995566357223,4.101995566357223,50-75%
13.0,8.898004433642777,-4.101995566357223,4.101995566357223,50-75%
13.0,8.905986248395587,-4.094013751604413,4.094013751604413,50-75%
13.0,8.984855283279906,-4.015144716720094,4.015144716720094,50-75%
13.0,9.0408804975619,-3.9591195024380994,3.9591195024380994,50-75%
13.0,8.898004433642777,-4.101995566357223,4.101995566357223,50-75%
13.0,8.905986248395587,-4.094013751604413,4.094013751604413,50-75%
13.0,8.898004433642777,-4.101995566357223,4.101995566357223,50-75%
13.0,8.984855283279906,-4.015144716720094,4.015144716720094,50-75%
13.0,8.984855283279906,-4.015144716720094,4.015144716720094,50-75%
13.0,8.898004433642777,-4.101995566357223,4.101995566357223,50-75%
13.0,8.898004433642777,-4.101995566357223,4.101995566357223,50-75%
13.0,8.905986248395587,-4.094013751604413,4.094013751604413,50-75%
13.0,9.151471213821877,-3.8485287861781234,3.8485287861781234,50-75%
13.0,9.861570292022456,-3.1384297079775436,3.1384297079775436,50-75%
13.0,9.767330320368965,-3.2326696796310355,3.2326696796310355,50-75%
13.0,9.272566833273402,-3.7274331667265983,3.7274331667265983,50-75%
13.0,9.417864373384681,-3.582135626615319,3.582135626615319,50-75%
13.0,8.898004433642777,-4.101995566357223,4.101995566357223,50-75%
13.0,9.240546128457252,-3.759453871542748,3.759453871542748,50-75%
13.0,9.861570292022456,-3.1384297079775436,3.1384297079775436,50-75%
13.0,9.861570292022456,-3.1384297079775436,3.1384297079775436,50-75%
13.0,9.272566833273402,-3.7274331667265983,3.7274331667265983,50-75%
13.0,9.376921652136915,-3.6230783478630855,3.6230783478630855,50-75%
13.0,9.568654013655944,-3.4313459863440556,3.4313459863440556,50-75%
13.0,9.861570292022456,-3.1384297079775436,3.1384297079775436,50-75%
13.0,9.861570292022456,-3.1384297079775436,3.1384297079775436,50-75%
13.0,9.861570292022456,-3.1384297079775436,3.1384297079775436,50-75%
13.0,9.286511485995131,-3.713488514004869,3.713488514004869,50-75%
13.0,9.660883610097912,-3.339116389902088,3.339116389902088,50-75%
13.0,9.861570292022456,-3.1384297079775436,3.1384297079775436,50-75%
13.0,9.417864373384681,-3.582135626615319,3.582135626615319,50-75%
13.0,9.161320116216165,-3.8386798837838345,3.8386798837838345,50-75%
13.0,9.417864373384681,-3.582135626615319,3.582135626615319,50-75%
13.0,9.161320116216165,-3.8386798837838345,3.8386798837838345,50-75%
13.0,9.417864373384681,-3.582135626615319,3.582135626615319,50-75%
13.0,9.161320116216165,-3.8386798837838345,3.8386798837838345,50-75%
14.0,8.849753689076113,-5.150246310923887,5.150246310923887,50-75%
14.0,8.849753689076113,-5.150246310923887,5.150246310923887,50-75%
14.0,8.849753689076113,-5.150246310923887,5.150246310923887,50-75%
5.0,8.022505099242716,3.022505099242716,3.022505099242716,0-25%
5.0,8.022505099242716,3.022505099242716,3.022505099242716,0-25%
5.0,7.970151060598195,2.9701510605981953,2.9701510605981953,0-25%
5.0,8.260787460647835,3.260787460647835,3.260787460647835,0-25%
14.0,8.849753689076113,-5.150246310923887,5.150246310923887,50-75%
14.0,8.849753689076113,-5.150246310923887,5.150246310923887,50-75%
14.0,8.849753689076113,-5.150246310923887,5.150246310923887,50-75%
5.0,8.022505099242716,3.022505099242716,3.022505099242716,0-25%
5.0,8.022505099242716,3.022505099242716,3.022505099242716,0-25%
5.0,8.054596617931471,3.0545966179314714,3.0545966179314714,0-25%
5.0,8.195639287563809,3.195639287563809,3.195639287563809,0-25%
5.0,8.352071882870518,3.3520718828705185,3.3520718828705185,0-25%
5.0,8.312011138425326,3.3120111384253264,3.3120111384253264,0-25%
5.0,8.185627260334057,3.1856272603340567,3.1856272603340567,0-25%
14.0,8.792599453128915,-5.207400546871085,5.207400546871085,50-75%
14.0,8.849753689076113,-5.150246310923887,5.150246310923887,50-75%
4.5,8.188385502604758,3.688385502604758,3.688385502604758,0-25%
4.5,8.135068925402214,3.635068925402214,3.635068925402214,0-25%
4.5,8.350010143049136,3.8500101430491362,3.8500101430491362,0-25%
5.0,8.394916205974162,3.3949162059741624,3.3949162059741624,0-25%
5.0,8.312011138425326,3.3120111384253264,3.3120111384253264,0-25%
5.0,8.185627260334057,3.1856272603340567,3.1856272603340567,0-25%
14.0,8.849753689076113,-5.150246310923887,5.150246310923887,50-75%
14.0,8.849753689076113,-5.150246310923887,5.150246310923887,50-75%
14.0,8.849753689076113,-5.150246310923887,5.150246310923887,50-75%
14.0,8.849753689076113,-5.150246310923887,5.150246310923887,50-75%
4.0,8.54330767609174,4.5433076760917395,4.5433076760917395,0-25%
4.5,8.54330767609174,4.0433076760917395,4.0433076760917395,0-25%
4.5,8.393005163757836,3.8930051637578362,3.8930051637578362,0-25%
4.5,8.221067029723105,3.7210670297231054,3.7210670297231054,0-25%
4.5,8.37453452711245,3.8745345271124503,3.8745345271124503,0-25%
4.5,8.37453452711245,3.8745345271124503,3.8745345271124503,0-25%
5.0,8.185627260334057,3.1856272603340567,3.1856272603340567,0-25%
14.0,8.849753689076113,-5.150246310923887,5.150246310923887,50-75%
14.0,8.849753689076113,-5.150246310923887,5.150246310923887,50-75%
14.0,8.849753689076113,-5.150246310923887,5.150246310923887,50-75%
4.0,8.54330767609174,4.5433076760917395,4.5433076760917395,0-25%
4.0,8.54330767609174,4.5433076760917395,4.5433076760917395,0-25%
4.0,8.54330767609174,4.5433076760917395,4.5433076760917395,0-25%
4.5,8.393005163757836,3.8930051637578362,3.8930051637578362,0-25%
4.5,8.20310209780408,3.7031020978040807,3.7031020978040807,0-25%
4.5,8.309784977453656,3.8097849774536563,3.8097849774536563,0-25%
4.5,8.287525303981662,3.7875253039816617,3.7875253039816617,0-25%
4.5,8.287525303981662,3.7875253039816617,3.7875253039816617,0-25%
5.0,8.185627260334057,3.1856272603340567,3.1856272603340567,0-25%
4.0,8.268556811789153,4.2685568117891535,4.2685568117891535,0-25%
4.0,8.54330767609174,4.5433076760917395,4.5433076760917395,0-25%
4.0,8.48793162549659,4.487931625496589,4.487931625496589,0-25%
4.5,8.189478295832291,3.6894782958322914,3.6894782958322914,0-25%
4.0,8.139184073025042,4.139184073025042,4.139184073025042,0-25%
4.0,8.250330893447469,4.250330893447469,4.250330893447469,0-25%
5.0,8.126401363858719,3.1264013638587187,3.1264013638587187,0-25%
5.0,8.006274355949252,3.0062743559492517,3.0062743559492517,0-25%
5.0,7.990337160701237,2.9903371607012366,2.9903371607012366,0-25%
4.0,8.48793162549659,4.487931625496589,4.487931625496589,0-25%
4.0,8.48793162549659,4.487931625496589,4.487931625496589,0-25%
4.0,8.274627848884307,4.2746278488843075,4.2746278488843075,0-25%
5.0,8.126401363858719,3.1264013638587187,3.1264013638587187,0-25%
5.0,8.126401363858719,3.1264013638587187,3.1264013638587187,0-25%
5.0,8.024784224858053,3.0247842248580525,3.0247842248580525,0-25%
5.0,8.056004682103918,3.056004682103918,3.056004682103918,0-25%
5.0,8.002541231172813,3.0025412311728132,3.0025412311728132,0-25%
5.0,8.11099595812208,3.1109959581220803,3.1109959581220803,0-25%
5.0,8.245220742767334,3.2452207427673336,3.2452207427673336,0-25%
5.0,8.158928538962778,3.158928538962778,3.158928538962778,0-25%
5.0,8.107683077787254,3.1076830777872537,3.1076830777872537,0-25%
5.0,8.002541231172813,3.0025412311728132,3.0025412311728132,0-25%
5.0,8.056004682103918,3.056004682103918,3.056004682103918,0-25%
5.0,8.068297893955242,3.0682978939552417,3.0682978939552417,0-25%
5.0,8.002541231172813,3.0025412311728132,3.0025412311728132,0-25%
5.0,8.11099595812208,3.1109959581220803,3.1109959581220803,0-25%
5.0,8.202326818547874,3.202326818547874,3.202326818547874,0-25%
5.0,8.114029385487683,3.114029385487683,3.114029385487683,0-25%
5.0,8.091566433131426,3.091566433131426,3.091566433131426,0-25%
5.0,8.056004682103918,3.056004682103918,3.056004682103918,0-25%
5.0,8.068297893955242,3.0682978939552417,3.0682978939552417,0-25%
5.0,8.068297893955242,3.0682978939552417,3.0682978939552417,0-25%
5.0,8.202326818547874,3.202326818547874,3.202326818547874,0-25%
5.0,8.259204166194907,3.259204166194907,3.259204166194907,0-25%
5.0,8.091566433131426,3.091566433131426,3.091566433131426,0-25%
5.0,8.068297893955242,3.0682978939552417,3.0682978939552417,0-25%
5.0,8.056004682103918,3.056004682103918,3.056004682103918,0-25%
5.0,8.056004682103918,3.056004682103918,3.056004682103918,0-25%
5.0,8.171361466375359,3.171361466375359,3.171361466375359,0-25%
5.0,8.126401363858719,3.1264013638587187,3.1264013638587187,0-25%
5.0,8.107683077787254,3.1076830777872537,3.1076830777872537,0-25%
5.0,8.091566433131426,3.091566433131426,3.091566433131426,0-25%
5.0,8.068297893955242,3.0682978939552417,3.0682978939552417,0-25%
5.0,8.068297893955242,3.0682978939552417,3.0682978939552417,0-25%
17.0,9.855570353145584,-7.144429646854416,7.144429646854416,75-100%
17.0,9.84809587869898,-7.151904121301021,7.151904121301021,75-100%
17.0,9.84809587869898,-7.151904121301021,7.151904121301021,75-100%
17.0,9.187429363048613,-7.812570636951387,7.812570636951387,75-100%
16.5,9.319219047437315,-7.180780952562685,7.180780952562685,75-100%
16.5,9.319219047437315,-7.180780952562685,7.180780952562685,75-100%
16.5,9.065103972581152,-7.434896027418848,7.434896027418848,75-100%
16.0,8.990084941078376,-7.009915058921624,7.009915058921624,75-100%
16.0,8.990084941078376,-7.009915058921624,7.009915058921624,75-100%
17.0,9.71166418021331,-7.28833581978669,7.28833581978669,75-100%
16.5,9.195644571935246,-7.3043554280647545,7.3043554280647545,75-100%
16.5,9.319219047437315,-7.180780952562685,7.180780952562685,75-100%
16.5,9.319219047437315,-7.180780952562685,7.180780952562685,75-100%
16.5,9.319219047437315,-7.180780952562685,7.180780952562685,75-100%
16.0,9.319219047437315,-6.680780952562685,6.680780952562685,75-100%
16.0,8.990084941078376,-7.009915058921624,7.009915058921624,75-100%
16.0,9.077889756201863,-6.922110243798137,6.922110243798137,75-100%
16.0,9.409916686748996,-6.590083313251004,6.590083313251004,75-100%
16.5,9.121713215708722,-7.378286784291278,7.378286784291278,75-100%
16.5,9.27696867698657,-7.22303132301343,7.22303132301343,75-100%
16.5,9.409916686748996,-7.090083313251004,7.090083313251004,75-100%
16.5,9.409916686748996,-7.090083313251004,7.090083313251004,75-100%
16.5,9.409916686748996,-7.090083313251004,7.090083313251004,75-100%
16.0,9.409916686748996,-6.590083313251004,6.590083313251004,75-100%
16.0,9.077889756201863,-6.922110243798137,6.922110243798137,75-100%
16.0,9.409916686748996,-6.590083313251004,6.590083313251004,75-100%
3.0,9.720351990914775,6.720351990914775,6.720351990914775,0-25%
3.0,9.943441920167992,6.9434419201679916,6.9434419201679916,0-25%
3.0,9.943441920167992,6.9434419201679916,6.9434419201679916,0-25%
3.0,9.943441920167992,6.9434419201679916,6.9434419201679916,0-25%
3.0,9.943441920167992,6.9434419201679916,6.9434419201679916,0-25%
3.0,9.937558745267008,6.937558745267008,6.937558745267008,0-25%
17.0,9.804482589179958,-7.195517410820042,7.195517410820042,75-100%
17.0,9.705154862601983,-7.294845137398017,7.294845137398017,75-100%
17.0,9.223939619319328,-7.776060380680672,7.776060380680672,75-100%
16.5,9.27696867698657,-7.22303132301343,7.22303132301343,75-100%
16.5,9.409916686748996,-7.090083313251004,7.090083313251004,75-100%
16.5,9.409916686748996,-7.090083313251004,7.090083313251004,75-100%
16.5,9.15356814468015,-7.3464318553198495,7.3464318553198495,75-100%
16.0,9.409916686748996,-6.590083313251004,6.590083313251004,75-100%
16.0,9.409916686748996,-6.590083313251004,6.590083313251004,75-100%
16.0,9.077889756201863,-6.922110243798137,6.922110243798137,75-100%
3.0,9.70138162247449,6.701381622474489,6.701381622474489,0-25%
3.0,9.707273961449424,6.707273961449424,6.707273961449424,0-25%
3.0,9.934624168560568,6.934624168560568,6.934624168560568,0-25%
3.0,9.934624168560568,6.934624168560568,6.934624168560568,0-25%
3.0,9.934624168560568,6.934624168560568,6.934624168560568,0-25%
3.0,9.943441920167992,6.9434419201679916,6.9434419201679916,0-25%
17.0,9.944749451218541,-7.0552505487814585,7.0552505487814585,75-100%
17.0,9.200618813409983,-7.799381186590017,7.799381186590017,75-100%
16.5,9.409916686748996,-7.090083313251004,7.090083313251004,75-100%
16.5,9.409916686748996,-7.090083313251004,7.090083313251004,75-100%
16.5,9.409916686748996,-7.090083313251004,7.090083313251004,75-100%
16.0,9.077889756201863,-6.922110243798137,6.922110243798137,75-100%
16.0,9.409916686748996,-6.590083313251004,6.590083313251004,75-100%
16.0,9.409916686748996,-6.590083313251004,6.590083313251004,75-100%
3.0,9.707273961449424,6.707273961449424,6.707273961449424,0-25%
3.0,9.831085792898877,6.831085792898877,6.831085792898877,0-25%
3.0,9.690485032828512,6.690485032828512,6.690485032828512,0-25%
3.0,9.592736646049136,6.592736646049136,6.592736646049136,0-25%
3.0,9.934624168560568,6.934624168560568,6.934624168560568,0-25%
3.0,9.943441920167992,6.9434419201679916,6.9434419201679916,0-25%
3.0,9.943441920167992,6.9434419201679916,6.9434419201679916,0-25%
17.0,9.2149090446271,-7.785090955372899,7.785090955372899,75-100%
17.0,9.224535574166635,-7.7754644258333645,7.7754644258333645,75-100%
17.0,9.27696867698657,-7.72303132301343,7.72303132301343,75-100%
16.5,9.409916686748996,-7.090083313251004,7.090083313251004,75-100%
16.0,9.409916686748996,-6.590083313251004,6.590083313251004,75-100%
16.0,9.077889756201863,-6.922110243798137,6.922110243798137,75-100%
16.0,9.409916686748996,-6.590083313251004,6.590083313251004,75-100%
3.0,10.05101635443274,7.05101635443274,7.05101635443274,0-25%
3.0,9.592736646049136,6.592736646049136,6.592736646049136,0-25%
3.0,9.601278697348556,6.601278697348556,6.601278697348556,0-25%
3.0,9.528770182532849,6.528770182532849,6.528770182532849,0-25%
3.0,9.899187850163521,6.899187850163521,6.899187850163521,0-25%
3.0,9.998667423673094,6.998667423673094,6.998667423673094,0-25%
3.0,9.690485032828512,6.690485032828512,6.690485032828512,0-25%
3.0,9.524405979169682,6.524405979169682,6.524405979169682,0-25%
3.0,9.381509381861369,6.381509381861369,6.381509381861369,0-25%
3.0,9.545543359970502,6.545543359970502,6.545543359970502,0-25%
3.0,9.514040872689467,6.514040872689467,6.514040872689467,0-25%
3.0,9.514040872689467,6.514040872689467,6.514040872689467,0-25%
3.0,9.545543359970502,6.545543359970502,6.545543359970502,0-25%
3.0,9.541393870716158,6.541393870716158,6.541393870716158,0-25%
3.0,9.205173442070699,6.2051734420706985,6.2051734420706985,0-25%
3.5,9.341831500221932,5.841831500221932,5.841831500221932,0-25%
6.0,9.820371304524173,3.8203713045241727,3.8203713045241727,25-50%
6.0,9.820371304524173,3.8203713045241727,3.8203713045241727,25-50%
6.0,9.820371304524173,3.8203713045241727,3.8203713045241727,25-50%
6.0,9.68218126197963,3.682181261979631,3.682181261979631,25-50%
6.0,9.820371304524173,3.8203713045241727,3.8203713045241727,25-50%
3.0,9.541393870716158,6.541393870716158,6.541393870716158,0-25%
3.5,9.039508820436925,5.539508820436925,5.539508820436925,0-25%
3.5,9.039508820436925,5.539508820436925,5.539508820436925,0-25%
3.5,9.370271249724187,5.870271249724187,5.870271249724187,0-25%
6.0,9.820371304524173,3.8203713045241727,3.8203713045241727,25-50%
6.0,9.553915146225695,3.5539151462256946,3.5539151462256946,25-50%
6.0,9.820371304524173,3.8203713045241727,3.8203713045241727,25-50%
6.0,9.68218126197963,3.682181261979631,3.682181261979631,25-50%
6.0,9.440594898000175,3.4405948980001746,3.4405948980001746,25-50%
3.0,9.449550720775717,6.449550720775717,6.449550720775717,0-25%
3.5,9.039508820436925,5.539508820436925,5.539508820436925,0-25%
3.5,9.039508820436925,5.539508820436925,5.539508820436925,0-25%
3.5,9.370271249724187,5.870271249724187,5.870271249724187,0-25%
3.5,9.259994120175179,5.759994120175179,5.759994120175179,0-25%
4.0,9.589164857816828,5.589164857816828,5.589164857816828,0-25%
6.0,9.69079544199548,3.69079544199548,3.69079544199548,25-50%
6.0,9.820371304524173,3.8203713045241727,3.8203713045241727,25-50%
6.0,9.820371304524173,3.8203713045241727,3.8203713045241727,25-50%
6.0,9.820371304524173,3.8203713045241727,3.8203713045241727,25-50%
6.0,9.440594898000175,3.4405948980001746,3.4405948980001746,25-50%
6.0,9.440594898000175,3.4405948980001746,3.4405948980001746,25-50%
3.0,9.116259652670225,6.116259652670225,6.116259652670225,0-25%
3.0,9.116259652670225,6.116259652670225,6.116259652670225,0-25%
3.5,9.039508820436925,5.539508820436925,5.539508820436925,0-25%
3.5,9.370271249724187,5.870271249724187,5.870271249724187,0-25%
3.5,9.251727061209149,5.751727061209149,5.751727061209149,0-25%
3.5,9.264735993261858,5.7647359932618585,5.7647359932618585,0-25%
3.5,9.264735993261858,5.7647359932618585,5.7647359932618585,0-25%
4.0,9.240209802621216,5.240209802621216,5.240209802621216,0-25%
4.0,9.29529872112115,5.295298721121149,5.295298721121149,0-25%
4.0,9.511381622998808,5.511381622998808,5.511381622998808,0-25%
6.0,9.820371304524173,3.8203713045241727,3.8203713045241727,25-50%
6.0,9.820371304524173,3.8203713045241727,3.8203713045241727,25-50%
6.0,9.820371304524173,3.8203713045241727,3.8203713045241727,25-50%
6.0,9.553915146225695,3.5539151462256946,3.5539151462256946,25-50%
6.0,9.5415651402184,3.5415651402184007,3.5415651402184007,25-50%
3.0,9.116259652670225,6.116259652670225,6.116259652670225,0-25%
3.0,9.116259652670225,6.116259652670225,6.116259652670225,0-25%
3.5,9.039508820436925,5.539508820436925,5.539508820436925,0-25%
3.5,9.039508820436925,5.539508820436925,5.539508820436925,0-25%
3.5,9.370271249724187,5.870271249724187,5.870271249724187,0-25%
3.5,9.264735993261858,5.7647359932618585,5.7647359932618585,0-25%
6.0,9.954758091581443,3.954758091581443,3.954758091581443,25-50%
6.0,9.69079544199548,3.69079544199548,3.69079544199548,25-50%
3.0,9.116259652670225,6.116259652670225,6.116259652670225,0-25%
3.0,9.116259652670225,6.116259652670225,6.116259652670225,0-25%
3.5,9.039508820436925,5.539508820436925,5.539508820436925,0-25%
3.5,9.370271249724187,5.870271249724187,5.870271249724187,0-25%
3.5,9.370271249724187,5.870271249724187,5.870271249724187,0-25%
4.0,9.358620813178524,5.358620813178524,5.358620813178524,0-25%
4.0,9.29529872112115,5.295298721121149,5.295298721121149,0-25%
6.0,9.954758091581443,3.954758091581443,3.954758091581443,25-50%
6.0,9.69837993443479,3.69837993443479,3.69837993443479,25-50%
6.0,8.070651197390399,2.070651197390399,2.070651197390399,25-50%
6.0,8.236578598916296,2.236578598916296,2.236578598916296,25-50%
6.0,8.058354795341973,2.058354795341973,2.058354795341973,25-50%
6.0,8.037687425157362,2.037687425157362,2.037687425157362,25-50%
6.0,8.063342459448565,2.063342459448565,2.063342459448565,25-50%
6.0,8.236578598916296,2.236578598916296,2.236578598916296,25-50%
6.0,8.236578598916296,2.236578598916296,2.236578598916296,25-50%
6.0,8.058354795341973,2.058354795341973,2.058354795341973,25-50%
6.0,8.037687425157362,2.037687425157362,2.037687425157362,25-50%
6.0,8.063342459448565,2.063342459448565,2.063342459448565,25-50%
6.0,8.236578598916296,2.236578598916296,2.236578598916296,25-50%
6.0,8.345045790108964,2.345045790108964,2.345045790108964,25-50%
6.0,8.236578598916296,2.236578598916296,2.236578598916296,25-50%
6.0,8.236578598916296,2.236578598916296,2.236578598916296,25-50%
6.0,8.063342459448565,2.063342459448565,2.063342459448565,25-50%
6.0,8.063342459448565,2.063342459448565,2.063342459448565,25-50%
6.0,8.063342459448565,2.063342459448565,2.063342459448565,25-50%
6.0,8.236578598916296,2.236578598916296,2.236578598916296,25-50%
6.0,8.345045790108964,2.345045790108964,2.345045790108964,25-50%
6.0,8.241831529707268,2.2418315297072677,2.2418315297072677,25-50%
6.0,8.30501514279199,2.3050151427919907,2.3050151427919907,25-50%
6.0,8.074843390513296,2.074843390513296,2.074843390513296,25-50%
6.0,8.097265024477135,2.097265024477135,2.097265024477135,25-50%
6.0,8.074843390513296,2.074843390513296,2.074843390513296,25-50%
6.0,8.236578598916296,2.236578598916296,2.236578598916296,25-50%
6.0,8.30501514279199,2.3050151427919907,2.3050151427919907,25-50%
6.0,8.330902889444625,2.3309028894446246,2.3309028894446246,25-50%
6.0,8.219021337602944,2.2190213376029444,2.2190213376029444,25-50%
6.0,8.240408773033993,2.2404087730339928,2.2404087730339928,25-50%
6.0,8.236578598916296,2.236578598916296,2.236578598916296,25-50%
6.0,8.387857924817116,2.3878579248171157,2.3878579248171157,25-50%
6.0,8.38793053704204,2.38793053704204,2.38793053704204,25-50%
6.0,8.38793053704204,2.38793053704204,2.38793053704204,25-50%
6.0,8.247097264377132,2.247097264377132,2.247097264377132,25-50%
6.0,8.063608681352143,2.063608681352143,2.063608681352143,25-50%
6.0,8.256018972579728,2.256018972579728,2.256018972579728,25-50%
6.0,8.376381028649757,2.3763810286497566,2.3763810286497566,25-50%
6.0,8.323953981884115,2.323953981884115,2.323953981884115,25-50%
6.0,8.063608681352143,2.063608681352143,2.063608681352143,25-50%
6.0,8.256018972579728,2.256018972579728,2.256018972579728,25-50%
6.0,8.376381028649757,2.3763810286497566,2.3763810286497566,25-50%
6.0,8.256018972579728,2.256018972579728,2.256018972579728,25-50%
6.0,8.256018972579728,2.256018972579728,2.256018972579728,25-50%
6.0,8.195393094160005,2.1953930941600053,2.1953930941600053,25-50%
6.0,8.204264917571045,2.204264917571045,2.204264917571045,25-50%
6.0,8.038504438834003,2.0385044388340035,2.0385044388340035,25-50%
6.0,8.256018972579728,2.256018972579728,2.256018972579728,25-50%
6.0,8.400128105394689,2.400128105394689,2.400128105394689,25-50%
6.0,8.440381366468214,2.4403813664682144,2.4403813664682144,25-50%
6.0,8.470088704483347,2.470088704483347,2.470088704483347,25-50%
6.0,8.000843988146398,2.000843988146398,2.000843988146398,25-50%
6.0,8.000843988146398,2.000843988146398,2.000843988146398,25-50%
6.0,8.338571687852362,2.3385716878523617,2.3385716878523617,25-50%
6.0,8.335235879014908,2.335235879014908,2.335235879014908,25-50%
6.0,8.38793053704204,2.38793053704204,2.38793053704204,25-50%
6.0,8.38793053704204,2.38793053704204,2.38793053704204,25-50%
6.0,8.461542804831986,2.4615428048319856,2.4615428048319856,25-50%
6.0,8.055498580082073,2.055498580082073,2.055498580082073,25-50%
6.0,8.055498580082073,2.055498580082073,2.055498580082073,25-50%
6.0,8.335235879014908,2.335235879014908,2.335235879014908,25-50%
6.0,8.400128105394689,2.400128105394689,2.400128105394689,25-50%
6.0,8.400128105394689,2.400128105394689,2.400128105394689,25-50%
5.0,8.259412616943617,3.2594126169436173,3.2594126169436173,0-25%
5.0,8.29379681554518,3.2937968155451802,3.2937968155451802,0-25%
5.0,8.53865502014075,3.53865502014075,3.53865502014075,0-25%
5.0,8.223473770915563,3.2234737709155628,3.2234737709155628,0-25%
5.0,8.259412616943617,3.2594126169436173,3.2594126169436173,0-25%
5.0,8.289914994567143,3.289914994567143,3.289914994567143,0-25%
5.0,8.241831529707268,3.2418315297072677,3.2418315297072677,0-25%
5.0,8.387857924817116,3.3878579248171157,3.3878579248171157,0-25%
5.0,8.259412616943617,3.2594126169436173,3.2594126169436173,0-25%
5.0,8.259412616943617,3.2594126169436173,3.2594126169436173,0-25%
5.0,8.289914994567143,3.289914994567143,3.289914994567143,0-25%
5.0,8.241831529707268,3.2418315297072677,3.2418315297072677,0-25%
5.0,8.345045790108964,3.345045790108964,3.345045790108964,0-25%
5.0,8.3654115791159,3.3654115791159,3.3654115791159,0-25%
5.0,8.178726215302273,3.178726215302273,3.178726215302273,0-25%
5.0,8.259412616943617,3.2594126169436173,3.2594126169436173,0-25%
5.0,8.237971413522299,3.237971413522299,3.237971413522299,0-25%
5.0,8.330902889444625,3.3309028894446246,3.3309028894446246,0-25%
5.0,8.33516367436398,3.3351636743639794,3.3351636743639794,0-25%
5.0,8.30501514279199,3.3050151427919907,3.3050151427919907,0-25%
5.0,8.508923709715003,3.5089237097150026,3.5089237097150026,0-25%
5.0,8.289914994567143,3.289914994567143,3.289914994567143,0-25%
5.0,8.241831529707268,3.2418315297072677,3.2418315297072677,0-25%
5.0,8.345045790108964,3.345045790108964,3.345045790108964,0-25%
5.0,8.3654115791159,3.3654115791159,3.3654115791159,0-25%
5.0,8.30501514279199,3.3050151427919907,3.3050151427919907,0-25%
5.0,8.508923709715003,3.5089237097150026,3.5089237097150026,0-25%
5.0,8.01572660581764,3.0157266058176404,3.0157266058176404,0-25%
5.0,8.330902889444625,3.3309028894446246,3.3309028894446246,0-25%
5.0,8.33516367436398,3.3351636743639794,3.3351636743639794,0-25%
5.0,8.30501514279199,3.3050151427919907,3.3050151427919907,0-25%
5.0,8.289914994567143,3.289914994567143,3.289914994567143,0-25%
5.0,8.472806496164743,3.4728064961647434,3.4728064961647434,0-25%
5.0,8.53865502014075,3.53865502014075,3.53865502014075,0-25%
5.0,8.53865502014075,3.53865502014075,3.53865502014075,0-25%
5.0,8.29379681554518,3.2937968155451802,3.2937968155451802,0-25%
5.0,8.29379681554518,3.2937968155451802,3.2937968155451802,0-25%
5.0,8.289914994567143,3.289914994567143,3.289914994567143,0-25%
5.0,8.173696444655103,3.1736964446551035,3.1736964446551035,0-25%
4.0,9.285739978504726,5.285739978504726,5.285739978504726,0-25%
4.0,8.715129021900715,4.715129021900715,4.715129021900715,0-25%
5.0,8.579501481647554,3.5795014816475543,3.5795014816475543,0-25%
5.0,8.29379681554518,3.2937968155451802,3.2937968155451802,0-25%
5.0,8.29379681554518,3.2937968155451802,3.2937968155451802,0-25%
5.0,8.29379681554518,3.2937968155451802,3.2937968155451802,0-25%
5.0,8.29379681554518,3.2937968155451802,3.2937968155451802,0-25%
5.0,8.82203852879669,3.822038528796689,3.822038528796689,0-25%
5.0,8.195393094160005,3.1953930941600053,3.1953930941600053,0-25%
5.0,8.251520989300175,3.2515209893001753,3.2515209893001753,0-25%
4.5,8.210349133785359,3.7103491337853587,3.7103491337853587,0-25%
4.5,8.204162832082496,3.7041628320824955,3.7041628320824955,0-25%
4.5,8.23390528876957,3.73390528876957,3.73390528876957,0-25%
4.5,8.230077810363472,3.730077810363472,3.730077810363472,0-25%
4.0,8.960327615103726,4.960327615103726,4.960327615103726,0-25%
4.0,9.074364342727455,5.0743643427274545,5.0743643427274545,0-25%
5.0,8.29379681554518,3.2937968155451802,3.2937968155451802,0-25%
5.0,8.29379681554518,3.2937968155451802,3.2937968155451802,0-25%
5.0,8.82203852879669,3.822038528796689,3.822038528796689,0-25%
5.0,8.204264917571045,3.204264917571045,3.204264917571045,0-25%
5.0,8.204264917571045,3.204264917571045,3.204264917571045,0-25%
4.5,8.204162832082496,3.7041628320824955,3.7041628320824955,0-25%
4.5,8.09388878593715,3.5938887859371498,3.5938887859371498,0-25%
4.5,8.09388878593715,3.5938887859371498,3.5938887859371498,0-25%
4.5,8.211134662595693,3.7111346625956934,3.7111346625956934,0-25%
5.0,8.29379681554518,3.2937968155451802,3.2937968155451802,0-25%
5.0,8.29379681554518,3.2937968155451802,3.2937968155451802,0-25%
2.0,8.577668972232111,6.577668972232111,6.577668972232111,0-25%
5.0,8.251520989300175,3.2515209893001753,3.2515209893001753,0-25%
5.0,8.22940062488361,3.22940062488361,3.22940062488361,0-25%
4.5,8.308618823043819,3.808618823043819,3.808618823043819,0-25%
4.5,8.204162832082496,3.7041628320824955,3.7041628320824955,0-25%
4.5,8.097659790220186,3.5976597902201863,3.5976597902201863,0-25%
4.5,8.09388878593715,3.5938887859371498,3.5938887859371498,0-25%
4.5,8.110009547434142,3.6100095474341423,3.6100095474341423,0-25%
5.0,8.38336900876493,3.38336900876493,3.38336900876493,0-25%
5.0,8.223473770915563,3.2234737709155628,3.2234737709155628,0-25%
5.0,8.188730720623198,3.188730720623198,3.188730720623198,0-25%
3.5,8.01572660581764,4.51572660581764,4.51572660581764,0-25%
2.0,8.064277854650406,6.064277854650406,6.064277854650406,0-25%
2.0,8.1496095274493,6.1496095274493,6.1496095274493,0-25%
2.0,8.577668972232111,6.577668972232111,6.577668972232111,0-25%
2.0,8.577668972232111,6.577668972232111,6.577668972232111,0-25%
2.0,8.867134734018796,6.867134734018796,6.867134734018796,0-25%
4.5,8.210349133785359,3.7103491337853587,3.7103491337853587,0-25%
4.5,8.106103730118546,3.606103730118546,3.606103730118546,0-25%
4.5,8.106103730118546,3.606103730118546,3.606103730118546,0-25%
4.5,8.106233424143754,3.6062334241437544,3.6062334241437544,0-25%
4.5,8.09388878593715,3.5938887859371498,3.5938887859371498,0-25%
4.5,8.106233424143754,3.6062334241437544,3.6062334241437544,0-25%
4.0,8.82716684926688,4.827166849266881,4.827166849266881,0-25%
4.0,8.963501715377756,4.963501715377756,4.963501715377756,0-25%
5.0,8.100601214154722,3.1006012141547217,3.1006012141547217,0-25%
2.0,8.1496095274493,6.1496095274493,6.1496095274493,0-25%
2.0,8.110875546315047,6.110875546315047,6.110875546315047,0-25%
2.0,8.1496095274493,6.1496095274493,6.1496095274493,0-25%
2.0,8.1496095274493,6.1496095274493,6.1496095274493,0-25%
2.0,8.867134734018796,6.867134734018796,6.867134734018796,0-25%
5.0,8.204264917571045,3.204264917571045,3.204264917571045,0-25%
4.5,8.106103730118546,3.606103730118546,3.606103730118546,0-25%
4.5,8.071443208959852,3.5714432089598525,3.5714432089598525,0-25%
4.5,8.05539069313715,3.5553906931371504,3.5553906931371504,0-25%
4.0,8.726770656557752,4.726770656557752,4.726770656557752,0-25%
8.0,9.013385564233385,1.0133855642333849,1.0133855642333849,25-50%
8.0,8.994152997896139,0.9941529978961388,0.9941529978961388,25-50%
5.0,8.202658130151825,3.202658130151825,3.202658130151825,0-25%
5.0,8.01572660581764,3.0157266058176404,3.0157266058176404,0-25%
2.0,8.1496095274493,6.1496095274493,6.1496095274493,0-25%
2.0,8.064277854650406,6.064277854650406,6.064277854650406,0-25%
2.0,8.064277854650406,6.064277854650406,6.064277854650406,0-25%
4.5,8.106103730118546,3.606103730118546,3.606103730118546,0-25%
4.5,8.106103730118546,3.606103730118546,3.606103730118546,0-25%
4.0,8.726770656557752,4.726770656557752,4.726770656557752,0-25%
8.0,8.911086925958756,0.911086925958756,0.911086925958756,25-50%
8.0,8.994152997896139,0.9941529978961388,0.9941529978961388,25-50%
8.0,8.956506947301794,0.9565069473017935,0.9565069473017935,25-50%
8.0,8.86101366644568,0.8610136664456807,0.8610136664456807,25-50%
5.0,8.01572660581764,3.0157266058176404,3.0157266058176404,0-25%
5.0,8.01572660581764,3.0157266058176404,3.0157266058176404,0-25%
5.0,8.100601214154722,3.1006012141547217,3.1006012141547217,0-25%
5.0,8.100601214154722,3.1006012141547217,3.1006012141547217,0-25%
2.0,8.1496095274493,6.1496095274493,6.1496095274493,0-25%
8.0,8.631240494677293,0.6312404946772929,0.6312404946772929,25-50%
8.0,8.631240494677293,0.6312404946772929,0.6312404946772929,25-50%
5.0,8.01572660581764,3.0157266058176404,3.0157266058176404,0-25%
5.0,8.100601214154722,3.1006012141547217,3.1006012141547217,0-25%
5.0,8.202658130151825,3.202658130151825,3.202658130151825,0-25%
2.0,8.1496095274493,6.1496095274493,6.1496095274493,0-25%
8.0,8.594995043992645,0.594995043992645,0.594995043992645,25-50%
8.0,8.631240494677293,0.6312404946772929,0.6312404946772929,25-50%
8.0,8.631240494677293,0.6312404946772929,0.6312404946772929,25-50%
8.0,8.971598079466377,0.9715980794663768,0.9715980794663768,25-50%
8.0,8.594995043992645,0.594995043992645,0.594995043992645,25-50%
8.0,8.86101366644568,0.8610136664456807,0.8610136664456807,25-50%
8.0,8.86101366644568,0.8610136664456807,0.8610136664456807,25-50%
8.0,8.90892219637352,0.9089221963735206,0.9089221963735206,25-50%
8.0,8.89475515825686,0.89475515825686,0.89475515825686,25-50%
8.0,8.92620452883669,0.9262045288366902,0.9262045288366902,25-50%
8.0,8.919294998942604,0.919294998942604,0.919294998942604,25-50%
8.0,8.922583043987075,0.9225830439870748,0.9225830439870748,25-50%
8.0,8.90018964544527,0.9001896454452698,0.9001896454452698,25-50%
8.0,8.862191604823737,0.862191604823737,0.862191604823737,25-50%
8.0,8.875579187424705,0.8755791874247052,0.8755791874247052,25-50%
8.0,8.887258191184655,0.8872581911846549,0.8872581911846549,25-50%
8.0,8.964767918807839,0.9647679188078389,0.9647679188078389,25-50%
8.0,8.935077219370047,0.9350772193700472,0.9350772193700472,25-50%
8.0,8.927709489229338,0.927709489229338,0.927709489229338,25-50%
8.0,8.862191604823737,0.862191604823737,0.862191604823737,25-50%
8.0,8.887258191184655,0.8872581911846549,0.8872581911846549,25-50%
8.0,9.030179699562602,1.030179699562602,1.030179699562602,25-50%
8.0,9.030179699562602,1.030179699562602,1.030179699562602,25-50%
8.0,9.030179699562602,1.030179699562602,1.030179699562602,25-50%
8.0,9.039905308385935,1.0399053083859346,1.0399053083859346,25-50%
8.0,8.909131741780364,0.9091317417803637,0.9091317417803637,25-50%
8.0,8.927709489229338,0.927709489229338,0.927709489229338,25-50%
8.0,9.039905308385935,1.0399053083859346,1.0399053083859346,25-50%
8.0,9.039905308385935,1.0399053083859346,1.0399053083859346,25-50%
8.0,8.774688405124728,0.7746884051247278,0.7746884051247278,25-50%
6.0,9.269724804914611,3.2697248049146115,3.2697248049146115,25-50%
6.0,9.269724804914611,3.2697248049146115,3.2697248049146115,25-50%
4.0,8.796301048803036,4.796301048803036,4.796301048803036,0-25%
4.0,8.89649540078044,4.89649540078044,4.89649540078044,0-25%
4.0,9.047788643179448,5.047788643179448,5.047788643179448,0-25%
4.0,9.1767430053185,5.1767430053184995,5.1767430053184995,0-25%
4.0,8.90992954959309,4.909929549593089,4.909929549593089,0-25%
4.0,8.748277350134869,4.7482773501348685,4.7482773501348685,0-25%
4.0,8.820518250835146,4.820518250835146,4.820518250835146,0-25%
4.0,8.820518250835146,4.820518250835146,4.820518250835146,0-25%
4.0,8.863953317212438,4.863953317212438,4.863953317212438,0-25%
4.0,8.80959918726251,4.80959918726251,4.80959918726251,0-25%
4.0,8.761510298091208,4.761510298091208,4.761510298091208,0-25%
4.0,8.748277350134869,4.7482773501348685,4.7482773501348685,0-25%
4.0,8.820518250835146,4.820518250835146,4.820518250835146,0-25%
4.0,8.937051449990847,4.937051449990847,4.937051449990847,0-25%
4.0,8.91254687941511,4.91254687941511,4.91254687941511,0-25%
4.0,8.833849263305343,4.833849263305343,4.833849263305343,0-25%
4.0,8.748277350134869,4.7482773501348685,4.7482773501348685,0-25%
4.0,8.833849263305343,4.833849263305343,4.833849263305343,0-25%
4.0,8.820518250835146,4.820518250835146,4.820518250835146,0-25%
4.0,8.820518250835146,4.820518250835146,4.820518250835146,0-25%
4.0,8.91254687941511,4.91254687941511,4.91254687941511,0-25%
4.0,8.820518250835146,4.820518250835146,4.820518250835146,0-25%
4.0,8.820518250835146,4.820518250835146,4.820518250835146,0-25%
2.0,8.764981138839083,6.764981138839083,6.764981138839083,0-25%
2.0,8.6533561160125,6.6533561160125,6.6533561160125,0-25%
2.0,9.040710686000544,7.040710686000544,7.040710686000544,0-25%
2.0,9.094726365691102,7.094726365691102,7.094726365691102,0-25%
2.0,8.6533561160125,6.6533561160125,6.6533561160125,0-25%
2.0,8.705287957114985,6.705287957114985,6.705287957114985,0-25%
2.0,8.655043844625222,6.655043844625222,6.655043844625222,0-25%
2.0,9.070735323530272,7.070735323530272,7.070735323530272,0-25%
2.0,9.10202803444852,7.102028034448519,7.102028034448519,0-25%
2.0,8.655043844625222,6.655043844625222,6.655043844625222,0-25%
2.0,8.637064111704467,6.637064111704467,6.637064111704467,0-25%
2.0,8.712940744210465,6.712940744210465,6.712940744210465,0-25%
2.0,8.584020193345202,6.584020193345202,6.584020193345202,0-25%
2.0,8.631234699176684,6.631234699176684,6.631234699176684,0-25%
2.0,8.655043844625222,6.655043844625222,6.655043844625222,0-25%
2.0,8.584020193345202,6.584020193345202,6.584020193345202,0-25%
2.0,8.712940744210465,6.712940744210465,6.712940744210465,0-25%
2.0,8.655043844625222,6.655043844625222,6.655043844625222,0-25%
2.0,8.655043844625222,6.655043844625222,6.655043844625222,0-25%
2.0,8.6533561160125,6.6533561160125,6.6533561160125,0-25%
1.0,8.06885039434971,7.06885039434971,7.06885039434971,0-25%
1.0,8.067265133988247,7.067265133988247,7.067265133988247,0-25%
1.0,8.05387265266135,7.053872652661351,7.053872652661351,0-25%
2.0,8.637064111704467,6.637064111704467,6.637064111704467,0-25%
1.0,8.067265133988247,7.067265133988247,7.067265133988247,0-25%
1.0,8.05387265266135,7.053872652661351,7.053872652661351,0-25%
1.0,8.05387265266135,7.053872652661351,7.053872652661351,0-25%
1.0,8.05387265266135,7.053872652661351,7.053872652661351,0-25%
1.0,8.05387265266135,7.053872652661351,7.053872652661351,0-25%
1.0,7.996688743806298,6.996688743806298,6.996688743806298,0-25%
1.0,7.996688743806298,6.996688743806298,6.996688743806298,0-25%
1.0,8.05387265266135,7.053872652661351,7.053872652661351,0-25%
1.0,7.996688743806298,6.996688743806298,6.996688743806298,0-25%
1.0,7.996688743806298,6.996688743806298,6.996688743806298,0-25%
1.0,7.996688743806298,6.996688743806298,6.996688743806298,0-25%
1.0,7.996688743806298,6.996688743806298,6.996688743806298,0-25%
1.0,8.058467420109132,7.058467420109132,7.058467420109132,0-25%
1.0,7.996688743806298,6.996688743806298,6.996688743806298,0-25%
1.0,7.996688743806298,6.996688743806298,6.996688743806298,0-25%
1.0,7.996688743806298,6.996688743806298,6.996688743806298,0-25%
1.0,8.009996638740066,7.009996638740066,7.009996638740066,0-25%
1.0,8.077394511456799,7.077394511456799,7.077394511456799,0-25%
1.0,7.996688743806298,6.996688743806298,6.996688743806298,0-25%
1.0,7.869062542201627,6.869062542201627,6.869062542201627,0-25%
1.0,7.996688743806298,6.996688743806298,6.996688743806298,0-25%
1.0,8.009996638740066,7.009996638740066,7.009996638740066,0-25%
1.0,8.058467420109132,7.058467420109132,7.058467420109132,0-25%
1.0,7.996688743806298,6.996688743806298,6.996688743806298,0-25%
1.0,7.996688743806298,6.996688743806298,6.996688743806298,0-25%
1.0,7.996688743806298,6.996688743806298,6.996688743806298,0-25%
6.0,7.987837393867753,1.9878373938677534,1.9878373938677534,25-50%
6.0,8.004197628767072,2.0041976287670717,2.0041976287670717,25-50%
6.0,7.991991312841413,1.9919913128414128,1.9919913128414128,25-50%
6.0,7.956719801140248,1.956719801140248,1.956719801140248,25-50%
6.0,7.956719801140248,1.956719801140248,1.956719801140248,25-50%
6.0,7.9812722739914275,1.9812722739914275,1.9812722739914275,25-50%
6.0,7.9690970362511475,1.9690970362511475,1.9690970362511475,25-50%
6.0,7.9690970362511475,1.9690970362511475,1.9690970362511475,25-50%
6.0,7.991991312841413,1.9919913128414128,1.9919913128414128,25-50%
6.0,7.991991312841413,1.9919913128414128,1.9919913128414128,25-50%
6.0,8.000843988146398,2.000843988146398,2.000843988146398,25-50%
6.0,7.9690970362511475,1.9690970362511475,1.9690970362511475,25-50%
6.0,7.9812722739914275,1.9812722739914275,1.9812722739914275,25-50%
6.0,8.145564686784097,2.1455646867840965,2.1455646867840965,25-50%
6.0,7.987837393867753,1.9878373938677534,1.9878373938677534,25-50%
6.0,7.991991312841413,1.9919913128414128,1.9919913128414128,25-50%
6.0,7.956719801140248,1.956719801140248,1.956719801140248,25-50%
6.0,8.064632923910105,2.0646329239101053,2.0646329239101053,25-50%
6.0,7.9079278652607865,1.9079278652607865,1.9079278652607865,25-50%
6.0,7.933214554664393,1.933214554664393,1.933214554664393,25-50%
6.0,8.145564686784097,2.1455646867840965,2.1455646867840965,25-50%
6.0,8.164673762329093,2.164673762329093,2.164673762329093,25-50%
6.0,7.987837393867753,1.9878373938677534,1.9878373938677534,25-50%
6.0,7.991991312841413,1.9919913128414128,1.9919913128414128,25-50%
6.0,8.072820324732792,2.072820324732792,2.072820324732792,25-50%
6.0,7.933214554664393,1.933214554664393,1.933214554664393,25-50%
6.0,8.145564686784097,2.1455646867840965,2.1455646867840965,25-50%
6.0,8.209330601884727,2.2093306018847265,2.2093306018847265,25-50%
6.0,8.164673762329093,2.164673762329093,2.164673762329093,25-50%
6.0,8.164673762329093,2.164673762329093,2.164673762329093,25-50%
6.0,8.145564686784097,2.1455646867840965,2.1455646867840965,25-50%
6.0,8.209330601884727,2.2093306018847265,2.2093306018847265,25-50%
6.0,8.02878558681242,2.02878558681242,2.02878558681242,25-50%
9.0,8.669206134616912,-0.33079386538308775,0.33079386538308775,50-75%
9.0,8.621829551710082,-0.37817044828991797,0.37817044828991797,50-75%
9.0,8.621829551710082,-0.37817044828991797,0.37817044828991797,50-75%
9.0,8.669206134616912,-0.33079386538308775,0.33079386538308775,50-75%
9.0,8.621829551710082,-0.37817044828991797,0.37817044828991797,50-75%
9.0,8.669206134616912,-0.33079386538308775,0.33079386538308775,50-75%
9.0,8.674969196352272,-0.32503080364772785,0.32503080364772785,50-75%
9.0,8.674969196352272,-0.32503080364772785,0.32503080364772785,50-75%
9.0,8.658176370745796,-0.34182362925420406,0.34182362925420406,50-75%
9.0,8.669206134616912,-0.33079386538308775,0.33079386538308775,50-75%
9.0,8.669206134616912,-0.33079386538308775,0.33079386538308775,50-75%
9.0,8.669206134616912,-0.33079386538308775,0.33079386538308775,50-75%
9.0,8.660326985779117,-0.3396730142208835,0.3396730142208835,50-75%
9.0,8.727652022273798,-0.2723479777262021,0.2723479777262021,50-75%
9.0,8.727652022273798,-0.2723479777262021,0.2723479777262021,50-75%
6.0,8.062074704943381,2.062074704943381,2.062074704943381,25-50%
6.0,8.062074704943381,2.062074704943381,2.062074704943381,25-50%
6.0,8.19964791016225,2.19964791016225,2.19964791016225,25-50%
9.0,8.808050526631835,-0.19194947336816526,0.19194947336816526,50-75%
9.0,8.808050526631835,-0.19194947336816526,0.19194947336816526,50-75%
6.0,8.01572660581764,2.0157266058176404,2.0157266058176404,25-50%
6.0,8.169441914227589,2.1694419142275887,2.1694419142275887,25-50%
6.0,8.01572660581764,2.0157266058176404,2.0157266058176404,25-50%
6.0,8.169441914227589,2.1694419142275887,2.1694419142275887,25-50%
6.0,8.169441914227589,2.1694419142275887,2.1694419142275887,25-50%
6.0,8.169441914227589,2.1694419142275887,2.1694419142275887,25-50%
6.0,8.169441914227589,2.1694419142275887,2.1694419142275887,25-50%
6.0,8.19964791016225,2.19964791016225,2.19964791016225,25-50%
6.0,8.207639586729979,2.2076395867299787,2.2076395867299787,25-50%
6.0,8.207639586729979,2.2076395867299787,2.2076395867299787,25-50%
6.0,7.752504514396625,1.752504514396625,1.752504514396625,25-50%
6.0,7.524172491138279,1.5241724911382786,1.5241724911382786,25-50%
6.0,7.525092031922126,1.5250920319221262,1.5250920319221262,25-50%
6.0,7.771006282378615,1.7710062823786146,1.7710062823786146,25-50%
6.0,7.786971827458572,1.7869718274585722,1.7869718274585722,25-50%
6.0,7.752504514396625,1.752504514396625,1.752504514396625,25-50%
6.0,7.752504514396625,1.752504514396625,1.752504514396625,25-50%
6.0,7.786971827458572,1.7869718274585722,1.7869718274585722,25-50%
6.0,7.752718034918617,1.752718034918617,1.752718034918617,25-50%
6.0,7.764599545679182,1.7645995456791823,1.7645995456791823,25-50%
6.0,7.786971827458572,1.7869718274585722,1.7869718274585722,25-50%
6.0,7.786971827458572,1.7869718274585722,1.7869718274585722,25-50%
6.0,7.752504514396625,1.752504514396625,1.752504514396625,25-50%
6.0,7.525092031922126,1.5250920319221262,1.5250920319221262,25-50%
6.0,7.525092031922126,1.5250920319221262,1.5250920319221262,25-50%
6.0,7.873865285811801,1.8738652858118012,1.8738652858118012,25-50%
6.0,7.752718034918617,1.752718034918617,1.752718034918617,25-50%
6.0,7.764599545679182,1.7645995456791823,1.7645995456791823,25-50%
6.0,7.782912618799977,1.782912618799977,1.782912618799977,25-50%
7.0,7.786971827458572,0.7869718274585722,0.7869718274585722,25-50%
7.0,7.740639399963534,0.7406393999635341,0.7406393999635341,25-50%
7.0,7.639281042172999,0.6392810421729989,0.6392810421729989,25-50%
7.0,7.525092031922126,0.5250920319221262,0.5250920319221262,25-50%
6.0,7.764599545679182,1.7645995456791823,1.7645995456791823,25-50%
6.0,7.752718034918617,1.752718034918617,1.752718034918617,25-50%
7.0,7.752718034918617,0.7527180349186171,0.7527180349186171,25-50%
7.0,7.782912618799977,0.7829126187999771,0.7829126187999771,25-50%
7.0,7.786971827458572,0.7869718274585722,0.7869718274585722,25-50%
7.0,7.740639399963534,0.7406393999635341,0.7406393999635341,25-50%
7.0,7.759026054556283,0.7590260545562826,0.7590260545562826,25-50%
22.0,7.524172491138279,-14.475827508861721,14.475827508861721,75-100%
22.0,7.524172491138279,-14.475827508861721,14.475827508861721,75-100%
6.0,7.764599545679182,1.7645995456791823,1.7645995456791823,25-50%
7.0,7.764599545679182,0.7645995456791823,0.7645995456791823,25-50%
7.0,7.77505998827224,0.7750599882722398,0.7750599882722398,25-50%
7.0,7.752504514396625,0.7525045143966249,0.7525045143966249,25-50%
8.0,7.795622659715433,-0.20437734028456678,0.20437734028456678,25-50%
8.0,7.730736621296499,-0.26926337870350103,0.26926337870350103,25-50%
13.5,7.525092031922126,-5.974907968077874,5.974907968077874,50-75%
13.5,7.759026054556283,-5.740973945443717,5.740973945443717,50-75%
5.0,7.743775875105653,2.743775875105653,2.743775875105653,0-25%
8.0,7.764599545679182,-0.2354004543208177,0.2354004543208177,25-50%
8.0,7.752718034918617,-0.2472819650813829,0.2472819650813829,25-50%
8.0,7.77505998827224,-0.22494001172776024,0.22494001172776024,25-50%
8.0,7.786971827458572,-0.2130281725414278,0.2130281725414278,25-50%
8.0,7.786971827458572,-0.2130281725414278,0.2130281725414278,25-50%
8.0,7.77505998827224,-0.22494001172776024,0.22494001172776024,25-50%
15.0,7.730736621296499,-7.269263378703501,7.269263378703501,50-75%
15.0,7.795622659715433,-7.204377340284567,7.204377340284567,50-75%
13.5,7.795622659715433,-5.704377340284567,5.704377340284567,50-75%
13.5,7.795622659715433,-5.704377340284567,5.704377340284567,50-75%
13.5,7.7836990932441275,-5.7163009067558725,5.7163009067558725,50-75%
13.5,7.7836990932441275,-5.7163009067558725,5.7163009067558725,50-75%
13.5,7.795622659715433,-5.704377340284567,5.704377340284567,50-75%
8.0,7.752718034918617,-0.2472819650813829,0.2472819650813829,25-50%
8.0,7.764599545679182,-0.2354004543208177,0.2354004543208177,25-50%
8.0,7.764599545679182,-0.2354004543208177,0.2354004543208177,25-50%
8.0,7.764599545679182,-0.2354004543208177,0.2354004543208177,25-50%
8.0,7.764599545679182,-0.2354004543208177,0.2354004543208177,25-50%
8.0,7.764599545679182,-0.2354004543208177,0.2354004543208177,25-50%
15.0,7.786971827458572,-7.213028172541428,7.213028172541428,50-75%
22.0,7.77505998827224,-14.22494001172776,14.22494001172776,75-100%
13.5,7.77505998827224,-5.72494001172776,5.72494001172776,50-75%
13.5,7.740639399963534,-5.759360600036466,5.759360600036466,50-75%
13.5,7.7836990932441275,-5.7163009067558725,5.7163009067558725,50-75%
13.5,7.724659244439415,-5.775340755560585,5.775340755560585,50-75%
5.0,7.639553198051538,2.639553198051538,2.639553198051538,0-25%
5.0,7.639553198051538,2.639553198051538,2.639553198051538,0-25%
8.0,7.752718034918617,-0.2472819650813829,0.2472819650813829,25-50%
8.0,7.752718034918617,-0.2472819650813829,0.2472819650813829,25-50%
8.0,7.764599545679182,-0.2354004543208177,0.2354004543208177,25-50%
8.0,7.764599545679182,-0.2354004543208177,0.2354004543208177,25-50%
8.0,7.764599545679182,-0.2354004543208177,0.2354004543208177,25-50%
22.0,7.786971827458572,-14.213028172541428,14.213028172541428,75-100%
22.0,7.77505998827224,-14.22494001172776,14.22494001172776,75-100%
13.5,7.77505998827224,-5.72494001172776,5.72494001172776,50-75%
13.5,7.77505998827224,-5.72494001172776,5.72494001172776,50-75%
13.5,7.740639399963534,-5.759360600036466,5.759360600036466,50-75%
13.5,7.740639399963534,-5.759360600036466,5.759360600036466,50-75%
13.5,7.528673084442127,-5.971326915557873,5.971326915557873,50-75%
5.0,7.639553198051538,2.639553198051538,2.639553198051538,0-25%
5.0,7.89565830228239,2.8956583022823903,2.8956583022823903,0-25%
22.0,7.774720588927077,-14.225279411072922,14.225279411072922,75-100%
13.5,7.712831877752003,-5.787168122247997,5.787168122247997,50-75%
13.5,7.712831877752003,-5.787168122247997,5.787168122247997,50-75%
13.5,7.824664554249012,-5.675335445750988,5.675335445750988,50-75%
13.5,7.795622659715433,-5.704377340284567,5.704377340284567,50-75%
13.5,7.607140080794751,-5.892859919205249,5.892859919205249,50-75%
5.0,7.52097672735263,2.52097672735263,2.52097672735263,0-25%
5.0,7.540250461963243,2.540250461963243,2.540250461963243,0-25%
5.0,8.179811661253316,3.179811661253316,3.179811661253316,0-25%
5.0,8.252754189098361,3.2527541890983613,3.2527541890983613,0-25%
5.0,8.274436245356592,3.2744362453565916,3.2744362453565916,0-25%
5.0,8.265314481572545,3.2653144815725454,3.2653144815725454,0-25%
5.0,8.179811661253316,3.179811661253316,3.179811661253316,0-25%
5.0,8.192272936779158,3.1922729367791582,3.1922729367791582,0-25%
5.0,8.252754189098361,3.2527541890983613,3.2527541890983613,0-25%
5.0,8.21645982266779,3.2164598226677903,3.2164598226677903,0-25%
5.0,8.252754189098361,3.2527541890983613,3.2527541890983613,0-25%
5.0,8.241724303929248,3.2417243039292476,3.2417243039292476,0-25%
5.0,8.179811661253316,3.179811661253316,3.179811661253316,0-25%
5.0,8.241724303929248,3.2417243039292476,3.2417243039292476,0-25%
5.0,8.252754189098361,3.2527541890983613,3.2527541890983613,0-25%
5.0,8.252754189098361,3.2527541890983613,3.2527541890983613,0-25%
5.0,8.261863587190858,3.2618635871908577,3.2618635871908577,0-25%
5.0,8.228970846800005,3.2289708468000047,3.2289708468000047,0-25%
5.0,8.261034298876309,3.261034298876309,3.261034298876309,0-25%
5.0,8.241724303929248,3.2417243039292476,3.2417243039292476,0-25%
5.0,8.179811661253316,3.179811661253316,3.179811661253316,0-25%
5.0,8.252754189098361,3.2527541890983613,3.2527541890983613,0-25%
5.0,8.21645982266779,3.2164598226677903,3.2164598226677903,0-25%
5.0,8.304876368822907,3.3048763688229066,3.3048763688229066,0-25%
5.0,8.304876368822907,3.3048763688229066,3.3048763688229066,0-25%
5.0,8.265314481572545,3.2653144815725454,3.2653144815725454,0-25%
5.0,8.241724303929248,3.2417243039292476,3.2417243039292476,0-25%
5.0,8.252754189098361,3.2527541890983613,3.2527541890983613,0-25%
5.0,8.335927198541842,3.3359271985418424,3.3359271985418424,0-25%
5.0,8.406291147350537,3.4062911473505366,3.4062911473505366,0-25%
5.5,8.265314481572545,2.7653144815725454,2.7653144815725454,25-50%
5.5,8.268960442510906,2.768960442510906,2.768960442510906,25-50%
5.5,8.406291147350537,2.9062911473505366,2.9062911473505366,25-50%
6.0,8.439728671287728,2.439728671287728,2.439728671287728,25-50%
6.0,8.430444336062706,2.430444336062706,2.430444336062706,25-50%
6.0,8.265314481572545,2.2653144815725454,2.2653144815725454,25-50%
6.0,8.348600395487841,2.348600395487841,2.348600395487841,25-50%
6.0,8.406291147350537,2.4062911473505366,2.4062911473505366,25-50%
6.0,8.245899102186215,2.2458991021862147,2.2458991021862147,25-50%
6.0,8.42305155699825,2.4230515569982494,2.4230515569982494,25-50%
6.0,8.430444336062706,2.430444336062706,2.430444336062706,25-50%
6.0,8.497048242562618,2.4970482425626184,2.4970482425626184,25-50%
6.0,8.288004441167399,2.2880044411673985,2.2880044411673985,25-50%
6.0,8.245899102186215,2.2458991021862147,2.2458991021862147,25-50%
6.0,8.466375184764923,2.4663751847649227,2.4663751847649227,25-50%
9.5,8.466375184764923,-1.0336248152350773,1.0336248152350773,50-75%
9.5,8.521213525529086,-0.9787864744709136,0.9787864744709136,50-75%
6.0,8.245899102186215,2.2458991021862147,2.2458991021862147,25-50%
9.5,8.497048242562618,-1.0029517574373816,1.0029517574373816,50-75%
9.5,8.310589413622543,-1.1894105863774573,1.1894105863774573,50-75%
13.0,8.802960733948037,-4.197039266051963,4.197039266051963,50-75%
13.0,8.802960733948037,-4.197039266051963,4.197039266051963,50-75%
9.5,8.46554684446244,-1.0344531555375607,1.0344531555375607,50-75%
9.5,8.519810085562561,-0.9801899144374389,0.9801899144374389,50-75%
9.5,8.340436092896326,-1.1595639071036743,1.1595639071036743,50-75%
9.5,8.310589413622543,-1.1894105863774573,1.1894105863774573,50-75%
9.5,8.310589413622543,-1.1894105863774573,1.1894105863774573,50-75%
13.0,8.771995346178162,-4.228004653821838,4.228004653821838,50-75%
13.0,8.852145813036788,-4.147854186963212,4.147854186963212,50-75%
13.0,8.724115122999764,-4.275884877000236,4.275884877000236,50-75%
13.0,8.771995346178162,-4.228004653821838,4.228004653821838,50-75%
13.0,8.875012506714214,-4.124987493285786,4.124987493285786,50-75%
13.0,8.875012506714214,-4.124987493285786,4.124987493285786,50-75%
13.0,8.724115122999764,-4.275884877000236,4.275884877000236,50-75%
13.0,8.724115122999764,-4.275884877000236,4.275884877000236,50-75%
13.0,8.724115122999764,-4.275884877000236,4.275884877000236,50-75%
13.0,8.724115122999764,-4.275884877000236,4.275884877000236,50-75%
8.0,9.542726403310478,1.5427264033104784,1.5427264033104784,25-50%
8.0,9.547598947096226,1.5475989470962261,1.5475989470962261,25-50%
8.0,9.386911720847873,1.3869117208478734,1.3869117208478734,25-50%
8.0,9.382113407751936,1.3821134077519357,1.3821134077519357,25-50%
8.0,9.625969953083946,1.6259699530839455,1.6259699530839455,25-50%
8.0,9.674362674550338,1.6743626745503377,1.6743626745503377,25-50%
8.0,9.625969953083946,1.6259699530839455,1.6259699530839455,25-50%
5.0,9.388029425722742,4.388029425722742,4.388029425722742,0-25%
6.5,9.619611208054346,3.119611208054346,3.119611208054346,25-50%
6.5,9.667974970566547,3.167974970566547,3.167974970566547,25-50%
6.5,9.667974970566547,3.167974970566547,3.167974970566547,25-50%
6.5,9.667974970566547,3.167974970566547,3.167974970566547,25-50%
6.5,9.619611208054346,3.119611208054346,3.119611208054346,25-50%
8.0,9.674362674550338,1.6743626745503377,1.6743626745503377,25-50%
8.0,9.542726403310478,1.5427264033104784,1.5427264033104784,25-50%
5.0,9.402130814903838,4.402130814903838,4.402130814903838,0-25%
5.0,9.388029425722742,4.388029425722742,4.388029425722742,0-25%
6.5,9.63402696146239,3.1340269614623892,3.1340269614623892,25-50%
6.5,9.619611208054346,3.119611208054346,3.119611208054346,25-50%
6.5,9.682456376102582,3.182456376102582,3.182456376102582,25-50%
6.5,9.550720293311874,3.0507202933118744,3.0507202933118744,25-50%
6.5,9.555596531642808,3.0555965316428075,3.0555965316428075,25-50%
6.5,9.555596531642808,3.0555965316428075,3.0555965316428075,25-50%
8.0,9.595634751850023,1.5956347518500227,1.5956347518500227,25-50%
8.0,9.551972767993043,1.5519727679930426,1.5519727679930426,25-50%
5.0,9.402130814903838,4.402130814903838,4.402130814903838,0-25%
5.0,9.402130814903838,4.402130814903838,4.402130814903838,0-25%
6.5,9.59877031327978,3.098770313279781,3.098770313279781,25-50%
6.5,9.59877031327978,3.098770313279781,3.098770313279781,25-50%
6.5,9.584402354667446,3.0844023546674464,3.0844023546674464,25-50%
6.5,9.555596531642808,3.0555965316428075,3.0555965316428075,25-50%
8.0,9.603582487563433,1.6035824875634326,1.6035824875634326,25-50%
5.0,9.396688962574048,4.396688962574048,4.396688962574048,0-25%
5.0,9.396688962574048,4.396688962574048,4.396688962574048,0-25%
6.5,9.555596531642808,3.0555965316428075,3.0555965316428075,25-50%
6.5,9.550720293311874,3.0507202933118744,3.0507202933118744,25-50%
6.5,9.603668758942787,3.1036687589427867,3.1036687589427867,25-50%
6.5,9.517797885987491,3.017797885987491,3.017797885987491,25-50%
6.5,9.56236172399737,3.0623617239973697,3.0623617239973697,25-50%
8.0,9.493738371033816,1.4937383710338157,1.4937383710338157,25-50%
5.0,9.509977844981227,4.509977844981227,4.509977844981227,0-25%
5.0,9.507464260347097,4.507464260347097,4.507464260347097,0-25%
5.0,9.411253872006045,4.411253872006045,4.411253872006045,0-25%
6.5,9.59368527071538,3.0936852707153797,3.0936852707153797,25-50%
5.0,9.454262330972274,4.4542623309722735,4.4542623309722735,0-25%
5.0,9.426585934597384,4.426585934597384,4.426585934597384,0-25%
5.0,9.397140115380143,4.397140115380143,4.397140115380143,0-25%
6.0,10.223968259552871,4.223968259552871,4.223968259552871,25-50%
6.0,10.343481972220353,4.343481972220353,4.343481972220353,25-50%
6.0,9.119973765379571,3.119973765379571,3.119973765379571,25-50%
6.0,9.119973765379571,3.119973765379571,3.119973765379571,25-50%
6.0,10.168945811092724,4.168945811092724,4.168945811092724,25-50%
6.0,10.184592589098207,4.184592589098207,4.184592589098207,25-50%
6.0,10.184592589098207,4.184592589098207,4.184592589098207,25-50%
5.0,9.119973765379571,4.119973765379571,4.119973765379571,0-25%
5.0,9.119973765379571,4.119973765379571,4.119973765379571,0-25%
6.0,10.168945811092724,4.168945811092724,4.168945811092724,25-50%
6.0,10.179956545595806,4.179956545595806,4.179956545595806,25-50%
5.0,9.134151019491677,4.134151019491677,4.134151019491677,0-25%
5.0,9.169828581074944,4.169828581074944,4.169828581074944,0-25%
5.0,9.169828581074944,4.169828581074944,4.169828581074944,0-25%
5.0,9.13780540835177,4.13780540835177,4.13780540835177,0-25%
5.0,9.02723598233936,4.027235982339359,4.027235982339359,0-25%
4.0,9.160172593421539,5.160172593421539,5.160172593421539,0-25%
6.0,10.179956545595806,4.179956545595806,4.179956545595806,25-50%
6.0,10.179956545595806,4.179956545595806,4.179956545595806,25-50%
5.0,9.169828581074944,4.169828581074944,4.169828581074944,0-25%
5.0,9.078516459274557,4.078516459274557,4.078516459274557,0-25%
5.0,9.13780540835177,4.13780540835177,4.13780540835177,0-25%
5.0,9.085656038824524,4.085656038824524,4.085656038824524,0-25%
5.0,8.989616678631577,3.9896166786315774,3.9896166786315774,0-25%
4.0,9.122054549806268,5.122054549806268,5.122054549806268,0-25%
6.0,10.179956545595806,4.179956545595806,4.179956545595806,25-50%
6.0,10.179956545595806,4.179956545595806,4.179956545595806,25-50%
5.0,9.119973765379571,4.119973765379571,4.119973765379571,0-25%
5.0,9.129950386825623,4.129950386825623,4.129950386825623,0-25%
4.0,8.912890181237428,4.912890181237428,4.912890181237428,0-25%
6.0,9.169828581074944,3.1698285810749436,3.1698285810749436,25-50%
5.0,9.183633770187296,4.183633770187296,4.183633770187296,0-25%
5.0,9.169828581074944,4.169828581074944,4.169828581074944,0-25%
5.0,9.129950386825623,4.129950386825623,4.129950386825623,0-25%
4.0,9.359981632701846,5.359981632701846,5.359981632701846,0-25%
4.0,9.359981632701846,5.359981632701846,5.359981632701846,0-25%
4.0,9.364277653472355,5.364277653472355,5.364277653472355,0-25%
4.0,9.355195760165536,5.355195760165536,5.355195760165536,0-25%
4.0,9.359981632701846,5.359981632701846,5.359981632701846,0-25%
4.0,9.359981632701846,5.359981632701846,5.359981632701846,0-25%
4.0,9.355195760165536,5.355195760165536,5.355195760165536,0-25%
6.0,9.384264988760586,3.3842649887605862,3.3842649887605862,25-50%
16.0,10.195132948339412,-5.8048670516605885,5.8048670516605885,75-100%
16.0,10.186112395000647,-5.813887604999353,5.813887604999353,75-100%
16.0,9.130845902802811,-6.869154097197189,6.869154097197189,75-100%
16.0,9.130845902802811,-6.869154097197189,6.869154097197189,75-100%
6.0,9.454027762763344,3.454027762763344,3.454027762763344,25-50%
6.0,9.330847819032552,3.3308478190325523,3.3308478190325523,25-50%
6.0,9.346284438629192,3.3462844386291923,3.3462844386291923,25-50%
6.0,9.215618116412337,3.2156181164123367,3.2156181164123367,25-50%
16.0,9.738605236665213,-6.261394763334787,6.261394763334787,75-100%
16.0,10.179956545595806,-5.820043454404194,5.820043454404194,75-100%
16.0,10.195132948339412,-5.8048670516605885,5.8048670516605885,75-100%
16.0,10.186112395000647,-5.813887604999353,5.813887604999353,75-100%
16.0,9.130845902802811,-6.869154097197189,6.869154097197189,75-100%
16.0,9.139015482421364,-6.860984517578636,6.860984517578636,75-100%
6.0,9.666426270397581,3.666426270397581,3.666426270397581,25-50%
6.0,9.314074682436242,3.3140746824362424,3.3140746824362424,25-50%
6.0,9.215618116412337,3.2156181164123367,3.2156181164123367,25-50%
16.0,9.753182520334569,-6.246817479665431,6.246817479665431,75-100%
16.0,9.738605236665213,-6.261394763334787,6.261394763334787,75-100%
16.0,10.179956545595806,-5.820043454404194,5.820043454404194,75-100%
16.0,10.179956545595806,-5.820043454404194,5.820043454404194,75-100%
16.0,9.125270778977919,-6.874729221022081,6.874729221022081,75-100%
16.0,9.139015482421364,-6.860984517578636,6.860984517578636,75-100%
16.0,9.139015482421364,-6.860984517578636,6.860984517578636,75-100%
6.0,9.753764040479336,3.7537640404793358,3.7537640404793358,25-50%
6.0,9.758218894038276,3.7582188940382757,3.7582188940382757,25-50%
6.0,9.52761126298314,3.5276112629831395,3.5276112629831395,25-50%
6.0,9.215618116412337,3.2156181164123367,3.2156181164123367,25-50%
16.0,9.753182520334569,-6.246817479665431,6.246817479665431,75-100%
16.0,9.738605236665213,-6.261394763334787,6.261394763334787,75-100%
16.0,9.738605236665213,-6.261394763334787,6.261394763334787,75-100%
16.0,9.125270778977919,-6.874729221022081,6.874729221022081,75-100%
16.0,9.125270778977919,-6.874729221022081,6.874729221022081,75-100%
16.0,9.133711278311017,-6.866288721688983,6.866288721688983,75-100%
16.0,9.134151019491677,-6.865848980508323,6.865848980508323,75-100%
6.0,9.758218894038276,3.7582188940382757,3.7582188940382757,25-50%
6.0,9.698446149459869,3.698446149459869,3.698446149459869,25-50%
6.0,9.698446149459869,3.698446149459869,3.698446149459869,25-50%
6.0,9.484763005252042,3.4847630052520415,3.4847630052520415,25-50%
16.0,9.753182520334569,-6.246817479665431,6.246817479665431,75-100%
16.0,9.753182520334569,-6.246817479665431,6.246817479665431,75-100%
16.0,9.143701442674207,-6.856298557325793,6.856298557325793,75-100%
16.0,9.125270778977919,-6.874729221022081,6.874729221022081,75-100%
16.0,9.134151019491677,-6.865848980508323,6.865848980508323,75-100%
6.0,9.698446149459869,3.698446149459869,3.698446149459869,25-50%
6.0,9.54000478848087,3.5400047884808696,3.5400047884808696,25-50%
6.0,9.54000478848087,3.5400047884808696,3.5400047884808696,25-50%
6.0,9.54000478848087,3.5400047884808696,3.5400047884808696,25-50%
6.0,9.215618116412337,3.2156181164123367,3.2156181164123367,25-50%
6.0,9.215618116412337,3.2156181164123367,3.2156181164123367,25-50%
16.0,9.133711278311017,-6.866288721688983,6.866288721688983,75-100%
16.0,9.169828581074944,-6.830171418925056,6.830171418925056,75-100%
16.0,9.119973765379571,-6.880026234620429,6.880026234620429,75-100%
11.0,9.753182520334569,-1.246817479665431,1.246817479665431,50-75%
11.0,9.753182520334569,-1.246817479665431,1.246817479665431,50-75%
6.0,9.439391528513257,3.439391528513257,3.439391528513257,25-50%
11.0,9.753182520334569,-1.246817479665431,1.246817479665431,50-75%
11.0,9.753182520334569,-1.246817479665431,1.246817479665431,50-75%
11.0,9.753182520334569,-1.246817479665431,1.246817479665431,50-75%
11.0,9.757641591508076,-1.2423584084919241,1.2423584084919241,50-75%
11.0,9.89567516761857,-1.1043248323814296,1.1043248323814296,50-75%
11.0,9.83896896656295,-1.16103103343705,1.16103103343705,50-75%
11.0,9.83896896656295,-1.16103103343705,1.16103103343705,50-75%
11.0,9.816612944577317,-1.183387055422683,1.183387055422683,50-75%
11.0,9.816612944577317,-1.183387055422683,1.183387055422683,50-75%
12.0,9.143701442674207,-2.8562985573257933,2.8562985573257933,50-75%
11.0,9.74259210012035,-1.2574078998796505,1.2574078998796505,50-75%
11.0,9.805971592383223,-1.194028407616777,1.194028407616777,50-75%
11.0,9.704490925525313,-1.2955090744746869,1.2955090744746869,50-75%
11.0,9.679958801409413,-1.3200411985905873,1.3200411985905873,50-75%
12.0,9.134151019491677,-2.865848980508323,2.865848980508323,50-75%
12.0,9.129950386825623,-2.870049613174377,2.870049613174377,50-75%
12.0,9.134151019491677,-2.865848980508323,2.865848980508323,50-75%
12.0,9.753764040479336,-2.2462359595206642,2.2462359595206642,50-75%
12.0,9.176134758948606,-2.8238652410513936,2.8238652410513936,50-75%
12.0,9.125270778977919,-2.874729221022081,2.874729221022081,50-75%
12.0,9.129950386825623,-2.870049613174377,2.870049613174377,50-75%
12.0,9.143701442674207,-2.8562985573257933,2.8562985573257933,50-75%
12.0,9.139015482421364,-2.860984517578636,2.860984517578636,50-75%
12.0,9.133711278311017,-2.866288721688983,2.866288721688983,50-75%
12.0,9.714432043974753,-2.285567956025247,2.285567956025247,50-75%
12.0,9.439391528513257,-2.560608471486743,2.560608471486743,50-75%
12.0,8.738950813788072,-3.2610491862119275,3.2610491862119275,50-75%
12.0,9.137956829881968,-2.8620431701180316,2.8620431701180316,50-75%
12.0,9.129950386825623,-2.870049613174377,2.870049613174377,50-75%
12.0,9.143701442674207,-2.8562985573257933,2.8562985573257933,50-75%
12.0,9.129950386825623,-2.870049613174377,2.870049613174377,50-75%
12.0,9.119973765379571,-2.880026234620429,2.880026234620429,50-75%
12.0,9.54000478848087,-2.4599952115191304,2.4599952115191304,50-75%
12.0,9.439391528513257,-2.560608471486743,2.560608471486743,50-75%
12.0,9.184606799533647,-2.815393200466353,2.815393200466353,50-75%
12.0,9.125270778977919,-2.874729221022081,2.874729221022081,50-75%
12.0,9.129950386825623,-2.870049613174377,2.870049613174377,50-75%
12.0,9.978547183916739,-2.0214528160832614,2.0214528160832614,50-75%
12.0,9.758218894038276,-2.2417811059617243,2.2417811059617243,50-75%
12.0,9.439391528513257,-2.560608471486743,2.560608471486743,50-75%
12.0,8.738950813788072,-3.2610491862119275,3.2610491862119275,50-75%
12.0,8.738950813788072,-3.2610491862119275,3.2610491862119275,50-75%
12.0,9.184606799533647,-2.815393200466353,2.815393200466353,50-75%
12.0,9.125270778977919,-2.874729221022081,2.874729221022081,50-75%
12.0,10.023123477334524,-1.976876522665476,1.976876522665476,50-75%
12.0,10.023123477334524,-1.976876522665476,1.976876522665476,50-75%
12.0,9.25328299765618,-2.7467170023438197,2.7467170023438197,50-75%
12.0,9.623225513360662,-2.376774486639338,2.376774486639338,50-75%
15.0,9.548291020498908,-5.451708979501092,5.451708979501092,50-75%
15.0,9.80269966288275,-5.19730033711725,5.19730033711725,50-75%
15.0,9.583232398022234,-5.4167676019777655,5.4167676019777655,50-75%
15.0,9.315418335280963,-5.684581664719037,5.684581664719037,50-75%
15.0,9.540892278374125,-5.459107721625875,5.459107721625875,50-75%
15.0,9.672532063470854,-5.327467936529146,5.327467936529146,50-75%
15.0,9.315418335280963,-5.684581664719037,5.684581664719037,50-75%
15.0,9.315418335280963,-5.684581664719037,5.684581664719037,50-75%
15.0,9.315418335280963,-5.684581664719037,5.684581664719037,50-75%
15.0,9.526602780676173,-5.473397219323827,5.473397219323827,50-75%
15.0,9.540892278374125,-5.459107721625875,5.459107721625875,50-75%
15.0,9.81710838832495,-5.18289161167505,5.18289161167505,50-75%
15.0,9.526602780676173,-5.473397219323827,5.473397219323827,50-75%
15.0,9.540892278374125,-5.459107721625875,5.459107721625875,50-75%
15.0,9.526602780676173,-5.473397219323827,5.473397219323827,50-75%
6.0,9.908632380818759,3.9086323808187586,3.9086323808187586,25-50%
6.0,9.908632380818759,3.9086323808187586,3.9086323808187586,25-50%
6.0,9.908632380818759,3.9086323808187586,3.9086323808187586,25-50%
6.0,9.908632380818759,3.9086323808187586,3.9086323808187586,25-50%
6.0,9.908632380818759,3.9086323808187586,3.9086323808187586,25-50%
15.0,9.427471167116234,-5.572528832883766,5.572528832883766,50-75%
15.0,9.398194791144492,-5.601805208855508,5.601805208855508,50-75%
15.0,9.597598768459054,-5.402401231540946,5.402401231540946,50-75%
15.0,9.540892278374125,-5.459107721625875,5.459107721625875,50-75%
15.0,9.540892278374125,-5.459107721625875,5.459107721625875,50-75%
6.0,9.908632380818759,3.9086323808187586,3.9086323808187586,25-50%
6.0,9.908632380818759,3.9086323808187586,3.9086323808187586,25-50%
6.0,9.908632380818759,3.9086323808187586,3.9086323808187586,25-50%
6.0,9.969579446204635,3.9695794462046354,3.9695794462046354,25-50%
6.0,9.908632380818759,3.9086323808187586,3.9086323808187586,25-50%
6.0,9.830325886823735,3.8303258868237346,3.8303258868237346,25-50%
6.0,9.695799931898236,3.695799931898236,3.695799931898236,25-50%
15.0,9.427471167116234,-5.572528832883766,5.572528832883766,50-75%
15.0,9.537943393447566,-5.462056606552434,5.462056606552434,50-75%
15.0,9.583232398022234,-5.4167676019777655,5.4167676019777655,50-75%
15.0,9.597598768459054,-5.402401231540946,5.402401231540946,50-75%
6.0,9.908632380818759,3.9086323808187586,3.9086323808187586,25-50%
6.0,9.969579446204635,3.9695794462046354,3.9695794462046354,25-50%
6.0,9.908632380818759,3.9086323808187586,3.9086323808187586,25-50%
6.0,9.96237242693378,3.9623724269337792,3.9623724269337792,25-50%
6.0,9.800433272218058,3.800433272218058,3.800433272218058,25-50%
6.0,9.767655636104104,3.767655636104104,3.767655636104104,25-50%
6.0,9.640780211103582,3.640780211103582,3.640780211103582,25-50%
6.0,9.6566799396842,3.6566799396841994,3.6566799396841994,25-50%
15.0,9.788464098575474,-5.211535901424526,5.211535901424526,50-75%
15.0,9.698194401658405,-5.301805598341595,5.301805598341595,50-75%
15.0,9.583232398022234,-5.4167676019777655,5.4167676019777655,50-75%
6.0,9.800433272218058,3.800433272218058,3.800433272218058,25-50%
6.0,9.96237242693378,3.9623724269337792,3.9623724269337792,25-50%
6.0,9.800433272218058,3.800433272218058,3.800433272218058,25-50%
6.0,9.800433272218058,3.800433272218058,3.800433272218058,25-50%
6.0,9.841321907507817,3.841321907507817,3.841321907507817,25-50%
6.0,9.48319286851451,3.483192868514511,3.483192868514511,25-50%
6.0,9.510309315874805,3.510309315874805,3.510309315874805,25-50%
6.0,9.366598161736839,3.366598161736839,3.366598161736839,25-50%
6.0,9.903681560734455,3.903681560734455,3.903681560734455,25-50%
6.0,9.767655636104104,3.767655636104104,3.767655636104104,25-50%
6.0,9.860775823865055,3.8607758238650547,3.8607758238650547,25-50%
6.0,9.827815057486767,3.8278150574867666,3.8278150574867666,25-50%
6.0,9.695799931898236,3.695799931898236,3.695799931898236,25-50%
6.0,9.700230773249505,3.700230773249505,3.700230773249505,25-50%
6.0,9.700230773249505,3.700230773249505,3.700230773249505,25-50%
6.0,9.436515008774304,3.436515008774304,3.436515008774304,25-50%
6.0,9.366598161736839,3.366598161736839,3.366598161736839,25-50%
6.0,9.435757088000138,3.4357570880001376,3.4357570880001376,25-50%
6.0,9.903681560734455,3.903681560734455,3.903681560734455,25-50%
6.0,9.903681560734455,3.903681560734455,3.903681560734455,25-50%
6.0,9.755557891929037,3.755557891929037,3.755557891929037,25-50%
6.0,9.695799931898236,3.695799931898236,3.695799931898236,25-50%
6.0,9.700230773249505,3.700230773249505,3.700230773249505,25-50%
6.0,9.640780211103582,3.640780211103582,3.640780211103582,25-50%
6.0,9.640780211103582,3.640780211103582,3.640780211103582,25-50%
6.0,9.55739741227278,3.5573974122727794,3.5573974122727794,25-50%
6.0,9.436515008774304,3.436515008774304,3.436515008774304,25-50%
6.0,9.977220731823477,3.9772207318234774,3.9772207318234774,25-50%
6.0,9.962339736340853,3.9623397363408532,3.9623397363408532,25-50%
6.0,9.903681560734455,3.903681560734455,3.903681560734455,25-50%
6.0,10.0548382504217,4.0548382504216995,4.0548382504216995,25-50%
6.0,9.436515008774304,3.436515008774304,3.436515008774304,25-50%
6.0,9.55739741227278,3.5573974122727794,3.5573974122727794,25-50%
6.0,9.977220731823477,3.9772207318234774,3.9772207318234774,25-50%
6.0,9.977220731823477,3.9772207318234774,3.9772207318234774,25-50%
6.0,9.977220731823477,3.9772207318234774,3.9772207318234774,25-50%
6.0,9.55739741227278,3.5573974122727794,3.5573974122727794,25-50%
6.0,10.099236188893263,4.099236188893263,4.099236188893263,25-50%
6.0,10.099236188893263,4.099236188893263,4.099236188893263,25-50%
12.0,9.583909101259032,-2.4160908987409684,2.4160908987409684,50-75%
12.0,9.554774913980218,-2.445225086019782,2.445225086019782,50-75%
12.0,9.569561288878093,-2.430438711121907,2.430438711121907,50-75%
6.0,10.099236188893263,4.099236188893263,4.099236188893263,25-50%
6.0,10.359802388488427,4.359802388488427,4.359802388488427,25-50%
6.0,10.300680651809989,4.300680651809989,4.300680651809989,25-50%
12.0,9.322113203634906,-2.677886796365094,2.677886796365094,50-75%
12.0,9.565180177492392,-2.434819822507608,2.434819822507608,50-75%
12.0,9.579522042666774,-2.420477957333226,2.420477957333226,50-75%
6.0,10.266277675926975,4.266277675926975,4.266277675926975,25-50%
6.0,10.090401706721991,4.090401706721991,4.090401706721991,25-50%
12.0,9.344731912350621,-2.655268087649379,2.655268087649379,50-75%
12.0,9.69806893732509,-2.3019310626749103,2.3019310626749103,50-75%
12.0,9.569561288878093,-2.430438711121907,2.430438711121907,50-75%
12.0,9.569561288878093,-2.430438711121907,2.430438711121907,50-75%
12.0,9.565180177492392,-2.434819822507608,2.434819822507608,50-75%
12.0,9.569561288878093,-2.430438711121907,2.430438711121907,50-75%
12.0,9.61334884508017,-2.3866511549198304,2.3866511549198304,50-75%
12.0,9.56029951192316,-2.4397004880768396,2.4397004880768396,50-75%
12.0,9.565180177492392,-2.434819822507608,2.434819822507608,50-75%
12.0,9.579522042666774,-2.420477957333226,2.420477957333226,50-75%
12.0,9.574634751763531,-2.425365248236469,2.425365248236469,50-75%
12.0,9.236285176351949,-2.7637148236480513,2.7637148236480513,50-75%
12.0,9.57353061458645,-2.426469385413551,2.426469385413551,50-75%
12.0,9.565180177492392,-2.434819822507608,2.434819822507608,50-75%
12.0,9.579522042666774,-2.420477957333226,2.420477957333226,50-75%
12.0,9.565180177492392,-2.434819822507608,2.434819822507608,50-75%
12.0,9.236285176351949,-2.7637148236480513,2.7637148236480513,50-75%
12.0,9.622184883938601,-2.3778151160613987,2.3778151160613987,50-75%
12.0,9.56029951192316,-2.4397004880768396,2.4397004880768396,50-75%
12.0,9.236285176351949,-2.7637148236480513,2.7637148236480513,50-75%
7.0,10.012954520670704,3.0129545206707036,3.0129545206707036,25-50%
7.0,9.93644539906984,2.9364453990698394,2.9364453990698394,25-50%
7.0,10.140856415527045,3.140856415527045,3.140856415527045,25-50%
7.0,10.140856415527045,3.140856415527045,3.140856415527045,25-50%
7.0,9.850540750309438,2.850540750309438,2.850540750309438,25-50%
7.0,9.894597298058851,2.8945972980588515,2.8945972980588515,25-50%
7.0,9.996234018464001,2.9962340184640013,2.9962340184640013,25-50%
7.0,9.951766463046923,2.9517664630469227,2.9517664630469227,25-50%
7.0,10.156463842590714,3.156463842590714,3.156463842590714,25-50%
7.0,10.140856415527045,3.140856415527045,3.140856415527045,25-50%
7.0,10.140856415527045,3.140856415527045,3.140856415527045,25-50%
7.0,9.960024316429038,2.9600243164290383,2.9600243164290383,25-50%
7.0,9.894597298058851,2.8945972980588515,2.8945972980588515,25-50%
7.0,9.911163254899844,2.9111632548998436,2.9111632548998436,25-50%
7.0,9.951766463046923,2.9517664630469227,2.9517664630469227,25-50%
7.0,9.93644539906984,2.9364453990698394,2.9364453990698394,25-50%
7.0,9.93644539906984,2.9364453990698394,2.9364453990698394,25-50%
7.0,10.140856415527045,3.140856415527045,3.140856415527045,25-50%
7.0,10.140856415527045,3.140856415527045,3.140856415527045,25-50%
7.0,9.744556210505632,2.744556210505632,2.744556210505632,25-50%
7.0,9.804586574261897,2.804586574261897,2.804586574261897,25-50%
7.0,9.89589899311552,2.8958989931155195,2.8958989931155195,25-50%
7.0,9.835361296877668,2.835361296877668,2.835361296877668,25-50%
7.0,9.93644539906984,2.9364453990698394,2.9364453990698394,25-50%
7.0,9.93644539906984,2.9364453990698394,2.9364453990698394,25-50%
7.0,9.93644539906984,2.9364453990698394,2.9364453990698394,25-50%
7.0,10.140856415527045,3.140856415527045,3.140856415527045,25-50%
6.0,9.744556210505632,3.744556210505632,3.744556210505632,25-50%
6.5,9.72952502501953,3.22952502501953,3.22952502501953,25-50%
6.5,9.72952502501953,3.22952502501953,3.22952502501953,25-50%
6.5,9.72952502501953,3.22952502501953,3.22952502501953,25-50%
6.5,9.835361296877668,3.335361296877668,3.335361296877668,25-50%
7.0,9.835361296877668,2.835361296877668,2.835361296877668,25-50%
7.0,9.93644539906984,2.9364453990698394,2.9364453990698394,25-50%
7.0,9.997547857155988,2.997547857155988,2.997547857155988,25-50%
7.0,9.93644539906984,2.9364453990698394,2.9364453990698394,25-50%
6.0,9.329092477006812,3.329092477006812,3.329092477006812,25-50%
6.0,9.707775587189381,3.7077755871893814,3.7077755871893814,25-50%
6.0,9.72952502501953,3.72952502501953,3.72952502501953,25-50%
6.5,9.72952502501953,3.22952502501953,3.22952502501953,25-50%
6.5,9.72952502501953,3.22952502501953,3.22952502501953,25-50%
6.5,9.789471408803543,3.289471408803543,3.289471408803543,25-50%
6.5,9.835361296877668,3.335361296877668,3.335361296877668,25-50%
7.0,9.888740381939787,2.8887403819397868,2.8887403819397868,25-50%
7.0,9.727888939870738,2.7278889398707378,2.7278889398707378,25-50%
24.0,9.041588590368928,-14.958411409631072,14.958411409631072,75-100%
24.0,9.223684476730632,-14.776315523269368,14.776315523269368,75-100%
6.0,9.329092477006812,3.329092477006812,3.329092477006812,25-50%
6.0,9.69279585625948,3.6927958562594796,3.6927958562594796,25-50%
6.0,9.752537032372004,3.752537032372004,3.752537032372004,25-50%
6.0,9.782382720604788,3.7823827206047884,3.7823827206047884,25-50%
6.0,9.62310242291064,3.623102422910639,3.623102422910639,25-50%
6.0,9.782382720604788,3.7823827206047884,3.7823827206047884,25-50%
6.0,9.62310242291064,3.623102422910639,3.623102422910639,25-50%
24.0,9.19673400220082,-14.80326599779918,14.80326599779918,75-100%
24.0,9.19673400220082,-14.80326599779918,14.80326599779918,75-100%
24.0,9.19673400220082,-14.80326599779918,14.80326599779918,75-100%
24.0,9.128423508619944,-14.871576491380056,14.871576491380056,75-100%
24.0,9.223684476730632,-14.776315523269368,14.776315523269368,75-100%
24.0,9.128423508619944,-14.871576491380056,14.871576491380056,75-100%
5.0,9.282307374002029,4.282307374002029,4.282307374002029,0-25%
5.0,9.282307374002029,4.282307374002029,4.282307374002029,0-25%
5.0,9.287059559630466,4.287059559630466,4.287059559630466,0-25%
5.0,9.291325341472795,4.291325341472795,4.291325341472795,0-25%
6.0,9.365456335433521,3.365456335433521,3.365456335433521,25-50%
6.0,9.645886181790186,3.6458861817901855,3.6458861817901855,25-50%
6.0,9.572171234179752,3.572171234179752,3.572171234179752,25-50%
6.0,9.572171234179752,3.572171234179752,3.572171234179752,25-50%
6.0,9.626336832245059,3.626336832245059,3.626336832245059,25-50%
6.0,9.595269296538731,3.5952692965387314,3.5952692965387314,25-50%
6.0,9.682454218384878,3.682454218384878,3.682454218384878,25-50%
4.0,9.649435896226771,5.6494358962267714,5.6494358962267714,0-25%
4.0,9.395176735366032,5.395176735366032,5.395176735366032,0-25%
24.0,9.300856054097116,-14.699143945902884,14.699143945902884,75-100%
24.0,9.182911054085697,-14.817088945914303,14.817088945914303,75-100%
24.0,9.19673400220082,-14.80326599779918,14.80326599779918,75-100%
24.0,9.128423508619944,-14.871576491380056,14.871576491380056,75-100%
24.0,9.08779512003323,-14.91220487996677,14.91220487996677,75-100%
24.0,9.764885712776486,-14.235114287223514,14.235114287223514,75-100%
5.0,9.30102388572491,4.301023885724909,4.301023885724909,0-25%
5.0,9.30102388572491,4.301023885724909,4.301023885724909,0-25%
5.0,9.287059559630466,4.287059559630466,4.287059559630466,0-25%
5.0,9.291325341472795,4.291325341472795,4.291325341472795,0-25%
5.0,9.276928207047249,4.2769282070472485,4.2769282070472485,0-25%
5.0,9.327556239644494,4.327556239644494,4.327556239644494,0-25%
6.0,9.279664642448372,3.279664642448372,3.279664642448372,25-50%
6.0,9.492881408205118,3.4928814082051183,3.4928814082051183,25-50%
6.0,9.450174503885666,3.450174503885666,3.450174503885666,25-50%
6.0,9.434582880681038,3.434582880681038,3.434582880681038,25-50%
6.0,9.434582880681038,3.434582880681038,3.434582880681038,25-50%
6.0,9.434582880681038,3.434582880681038,3.434582880681038,25-50%
6.0,9.547136396463259,3.5471363964632587,3.5471363964632587,25-50%
4.0,9.554015086388926,5.554015086388926,5.554015086388926,0-25%
4.0,9.554015086388926,5.554015086388926,5.554015086388926,0-25%
4.0,9.569785168279559,5.569785168279559,5.569785168279559,0-25%
24.0,9.300856054097116,-14.699143945902884,14.699143945902884,75-100%
24.0,9.300856054097116,-14.699143945902884,14.699143945902884,75-100%
24.0,9.314839108453661,-14.685160891546339,14.685160891546339,75-100%
24.0,9.19673400220082,-14.80326599779918,14.80326599779918,75-100%
24.0,9.837488784296518,-14.162511215703482,14.162511215703482,75-100%
24.0,9.822797212943254,-14.177202787056746,14.177202787056746,75-100%
5.0,9.30102388572491,4.301023885724909,4.301023885724909,0-25%
5.0,9.375721949548687,4.375721949548687,4.375721949548687,0-25%
5.0,9.276928207047249,4.2769282070472485,4.2769282070472485,0-25%
5.0,9.327556239644494,4.327556239644494,4.327556239644494,0-25%
5.0,9.394589724624092,4.394589724624092,4.394589724624092,0-25%
5.0,9.279664642448372,4.279664642448372,4.279664642448372,0-25%
14.0,9.404693700590903,-4.595306299409097,4.595306299409097,50-75%
10.0,9.324081259483837,-0.6759187405161633,0.6759187405161633,50-75%
10.0,9.324081259483837,-0.6759187405161633,0.6759187405161633,50-75%
6.0,9.450174503885666,3.450174503885666,3.450174503885666,25-50%
6.0,9.434582880681038,3.434582880681038,3.434582880681038,25-50%
6.0,9.434582880681038,3.434582880681038,3.434582880681038,25-50%
4.0,9.554015086388926,5.554015086388926,5.554015086388926,0-25%
4.0,9.525522131032652,5.525522131032652,5.525522131032652,0-25%
4.0,9.525522131032652,5.525522131032652,5.525522131032652,0-25%
4.0,9.525522131032652,5.525522131032652,5.525522131032652,0-25%
4.0,9.359592103267826,5.3595921032678255,5.3595921032678255,0-25%
4.0,9.359592103267826,5.3595921032678255,5.3595921032678255,0-25%
22.0,9.412996711754744,-12.587003288245256,12.587003288245256,75-100%
22.0,9.450109408632457,-12.549890591367543,12.549890591367543,75-100%
13.0,9.310437137640637,-3.689562862359363,3.689562862359363,50-75%
13.0,9.310437137640637,-3.689562862359363,3.689562862359363,50-75%
22.0,9.398880592491608,-12.601119407508392,12.601119407508392,75-100%
24.0,9.19673400220082,-14.80326599779918,14.80326599779918,75-100%
24.0,9.314839108453661,-14.685160891546339,14.685160891546339,75-100%
24.0,9.837488784296518,-14.162511215703482,14.162511215703482,75-100%
5.0,9.30102388572491,4.301023885724909,4.301023885724909,0-25%
5.0,9.29087878018241,4.29087878018241,4.29087878018241,0-25%
5.0,9.341575538575654,4.341575538575654,4.341575538575654,0-25%
5.0,9.293618930199559,4.293618930199559,4.293618930199559,0-25%
5.0,9.394589724624092,4.394589724624092,4.394589724624092,0-25%
5.0,9.376491895295942,4.376491895295942,4.376491895295942,0-25%
5.0,9.272387725292045,4.272387725292045,4.272387725292045,0-25%
14.0,9.375623119447281,-4.624376880552719,4.624376880552719,50-75%
14.0,9.359592103267826,-4.6404078967321745,4.6404078967321745,50-75%
4.0,9.359592103267826,5.3595921032678255,5.3595921032678255,0-25%
4.0,9.359592103267826,5.3595921032678255,5.3595921032678255,0-25%
4.0,9.359592103267826,5.3595921032678255,5.3595921032678255,0-25%
4.0,9.359592103267826,5.3595921032678255,5.3595921032678255,0-25%
4.0,9.447915115634974,5.447915115634974,5.447915115634974,0-25%
22.0,9.310074089850756,-12.689925910149244,12.689925910149244,75-100%
13.0,9.2271104343075,-3.7728895656925,3.7728895656925,50-75%
13.0,9.2271104343075,-3.7728895656925,3.7728895656925,50-75%
13.0,9.361230247894962,-3.6387697521050377,3.6387697521050377,50-75%
13.0,9.471779246853215,-3.528220753146785,3.528220753146785,50-75%
13.0,9.471779246853215,-3.528220753146785,3.528220753146785,50-75%
24.0,9.314839108453661,-14.685160891546339,14.685160891546339,75-100%
24.0,9.957951074325095,-14.042048925674905,14.042048925674905,75-100%
24.0,9.957951074325095,-14.042048925674905,14.042048925674905,75-100%
5.0,9.291325341472795,4.291325341472795,4.291325341472795,0-25%
5.0,9.279664642448372,4.279664642448372,4.279664642448372,0-25%
5.0,9.286951257719172,4.286951257719172,4.286951257719172,0-25%
5.0,9.272387725292045,4.272387725292045,4.272387725292045,0-25%
5.0,9.272387725292045,4.272387725292045,4.272387725292045,0-25%
9.5,9.34005732418397,-0.15994267581602983,0.15994267581602983,50-75%
14.0,9.375623119447281,-4.624376880552719,4.624376880552719,50-75%
14.0,9.15848442089175,-4.8415155791082505,4.8415155791082505,50-75%
14.0,9.15848442089175,-4.8415155791082505,4.8415155791082505,50-75%
14.0,9.359592103267826,-4.6404078967321745,4.6404078967321745,50-75%
14.0,9.525522131032652,-4.474477868967348,4.474477868967348,50-75%
14.0,9.525522131032652,-4.474477868967348,4.474477868967348,50-75%
4.0,9.447915115634974,5.447915115634974,5.447915115634974,0-25%
22.0,9.398880592491608,-12.601119407508392,12.601119407508392,75-100%
13.0,9.213246307139864,-3.7867536928601364,3.7867536928601364,50-75%
13.0,9.22287126971571,-3.7771287302842893,3.7771287302842893,50-75%
13.0,9.22287126971571,-3.7771287302842893,3.7771287302842893,50-75%
13.0,9.310437137640637,-3.689562862359363,3.689562862359363,50-75%
4.0,9.29087878018241,5.29087878018241,5.29087878018241,0-25%
5.0,9.276928207047249,4.2769282070472485,4.2769282070472485,0-25%
5.0,9.279664642448372,4.279664642448372,4.279664642448372,0-25%
5.0,9.32302409963509,4.32302409963509,4.32302409963509,0-25%
5.0,9.32302409963509,4.32302409963509,4.32302409963509,0-25%
5.0,9.32302409963509,4.32302409963509,4.32302409963509,0-25%
9.5,9.593837231045185,0.09383723104518538,0.09383723104518538,50-75%
14.0,9.630275930967183,-4.3697240690328165,4.3697240690328165,50-75%
14.0,9.359592103267826,-4.6404078967321745,4.6404078967321745,50-75%
12.666666666666664,9.22287126971571,-3.4437953969509536,3.4437953969509536,50-75%
13.0,9.324433197985353,-3.6755668020146466,3.6755668020146466,50-75%
13.0,9.324433197985353,-3.6755668020146466,3.6755668020146466,50-75%
4.0,9.295036407610564,5.295036407610564,5.295036407610564,0-25%
12.0,9.291325341472795,-2.7086746585272046,2.7086746585272046,50-75%
12.0,9.291325341472795,-2.7086746585272046,2.7086746585272046,50-75%
12.666666666666664,9.209012889265814,-3.45765377740085,3.45765377740085,50-75%
12.666666666666664,9.213246307139864,-3.4534203595268007,3.4534203595268007,50-75%
12.666666666666664,9.413959893761168,-3.252706772905496,3.252706772905496,50-75%
13.0,9.51206938938969,-3.4879306106103094,3.4879306106103094,50-75%
4.0,9.293618930199559,5.293618930199559,5.293618930199559,0-25%
12.0,9.224297765100356,-2.7757022348996436,2.7757022348996436,50-75%
12.0,9.282307374002029,-2.7176926259979712,2.7176926259979712,50-75%
12.0,9.287059559630466,-2.7129404403695343,2.7129404403695343,50-75%
12.666666666666664,9.22287126971571,-3.4437953969509536,3.4437953969509536,50-75%
12.666666666666664,9.218148736357398,-3.448517930309267,3.448517930309267,50-75%
12.666666666666664,9.212803133855704,-3.45386353281096,3.45386353281096,50-75%
12.666666666666664,9.413948134687224,-3.25271853197944,3.25271853197944,50-75%
13.0,9.324081259483837,-3.6759187405161633,3.6759187405161633,50-75%
4.0,9.307074352380685,5.307074352380685,5.307074352380685,0-25%
12.0,8.861056032283331,-3.138943967716669,3.138943967716669,50-75%
12.0,9.185939142295272,-2.814060857704728,2.814060857704728,50-75%
12.0,9.287059559630466,-2.7129404403695343,2.7129404403695343,50-75%
12.0,9.30102388572491,-2.6989761142750908,2.6989761142750908,50-75%
8.0,9.287059559630466,1.2870595596304657,1.2870595596304657,25-50%
8.0,9.276928207047249,1.2769282070472485,1.2769282070472485,25-50%
8.0,9.406412359628439,1.4064123596284386,1.4064123596284386,25-50%
4.0,9.307074352380685,5.307074352380685,5.307074352380685,0-25%
12.0,9.23280990332094,-2.7671900966790606,2.7671900966790606,50-75%
12.0,9.282307374002029,-2.7176926259979712,2.7176926259979712,50-75%
12.0,9.287059559630466,-2.7129404403695343,2.7129404403695343,50-75%
12.0,9.66862384053115,-2.3313761594688494,2.3313761594688494,50-75%
12.0,9.492881408205118,-2.5071185917948817,2.5071185917948817,50-75%
12.0,8.861056032283331,-3.138943967716669,3.138943967716669,50-75%
12.0,8.861056032283331,-3.138943967716669,3.138943967716669,50-75%
12.0,9.23280990332094,-2.7671900966790606,2.7671900966790606,50-75%
12.0,9.282307374002029,-2.7176926259979712,2.7176926259979712,50-75%
12.0,9.711941749423154,-2.288058250576846,2.288058250576846,50-75%
6.0,9.735551471016521,3.735551471016521,3.735551471016521,25-50%
6.0,9.50281770679438,3.5028177067943798,3.5028177067943798,25-50%
6.0,9.776562283304337,3.7765622833043366,3.7765622833043366,25-50%
6.0,9.674977546956548,3.6749775469565478,3.6749775469565478,25-50%
6.0,9.619030629339054,3.619030629339054,3.619030629339054,25-50%
6.0,9.829651702202025,3.8296517022020247,3.8296517022020247,25-50%
6.0,9.674977546956548,3.6749775469565478,3.6749775469565478,25-50%
6.0,9.674977546956548,3.6749775469565478,3.6749775469565478,25-50%
6.0,9.674977546956548,3.6749775469565478,3.6749775469565478,25-50%
6.0,9.674977546956548,3.6749775469565478,3.6749775469565478,25-50%
6.0,9.674977546956548,3.6749775469565478,3.6749775469565478,25-50%
6.0,9.674977546956548,3.6749775469565478,3.6749775469565478,25-50%
6.0,9.674977546956548,3.6749775469565478,3.6749775469565478,25-50%
6.0,9.670046159655008,3.6700461596550085,3.6700461596550085,25-50%
6.0,9.674977546956548,3.6749775469565478,3.6749775469565478,25-50%
6.0,9.674977546956548,3.6749775469565478,3.6749775469565478,25-50%
6.0,9.552748848653662,3.5527488486536623,3.5527488486536623,25-50%
6.0,9.674977546956548,3.6749775469565478,3.6749775469565478,25-50%
6.0,9.674977546956548,3.6749775469565478,3.6749775469565478,25-50%
6.0,9.674977546956548,3.6749775469565478,3.6749775469565478,25-50%
6.0,9.670046159655008,3.6700461596550085,3.6700461596550085,25-50%
6.0,9.552748848653662,3.5527488486536623,3.5527488486536623,25-50%
6.0,9.552748848653662,3.5527488486536623,3.5527488486536623,25-50%
6.0,9.552748848653662,3.5527488486536623,3.5527488486536623,25-50%
6.0,9.674977546956548,3.6749775469565478,3.6749775469565478,25-50%
6.0,9.674977546956548,3.6749775469565478,3.6749775469565478,25-50%
6.0,9.674977546956548,3.6749775469565478,3.6749775469565478,25-50%
6.0,9.674977546956548,3.6749775469565478,3.6749775469565478,25-50%
6.0,9.552748848653662,3.5527488486536623,3.5527488486536623,25-50%
6.0,9.674977546956548,3.6749775469565478,3.6749775469565478,25-50%
6.0,9.674977546956548,3.6749775469565478,3.6749775469565478,25-50%
6.0,9.674977546956548,3.6749775469565478,3.6749775469565478,25-50%
6.0,9.674977546956548,3.6749775469565478,3.6749775469565478,25-50%
6.0,9.674977546956548,3.6749775469565478,3.6749775469565478,25-50%
6.0,9.674977546956548,3.6749775469565478,3.6749775469565478,25-50%
6.0,9.674977546956548,3.6749775469565478,3.6749775469565478,25-50%
6.0,9.674977546956548,3.6749775469565478,3.6749775469565478,25-50%
6.0,9.674977546956548,3.6749775469565478,3.6749775469565478,25-50%
6.0,9.761843530421904,3.7618435304219044,3.7618435304219044,25-50%
6.0,9.64762986591419,3.6476298659141904,3.6476298659141904,25-50%
6.0,9.737012784799226,3.7370127847992265,3.7370127847992265,25-50%
6.0,9.769471932333666,3.7694719323336656,3.7694719323336656,25-50%
6.0,9.546481786524636,3.5464817865246356,3.5464817865246356,25-50%
6.0,9.608036035866188,3.6080360358661885,3.6080360358661885,25-50%
6.0,9.661172063100018,3.661172063100018,3.661172063100018,25-50%
6.0,9.506914421991214,3.5069144219912136,3.5069144219912136,25-50%
6.0,9.546481786524636,3.5464817865246356,3.5464817865246356,25-50%
6.0,9.608036035866188,3.6080360358661885,3.6080360358661885,25-50%
6.0,9.546481786524636,3.5464817865246356,3.5464817865246356,25-50%
6.0,9.546481786524636,3.5464817865246356,3.5464817865246356,25-50%
6.0,9.769471932333666,3.7694719323336656,3.7694719323336656,25-50%
6.0,9.546481786524636,3.5464817865246356,3.5464817865246356,25-50%
7.0,9.886131253422427,2.886131253422427,2.886131253422427,25-50%
7.0,9.678371469360842,2.678371469360842,2.678371469360842,25-50%
7.0,9.678371469360842,2.678371469360842,2.678371469360842,25-50%
7.0,10.060201717102583,3.060201717102583,3.060201717102583,25-50%
16.0,10.521140856763065,-5.478859143236935,5.478859143236935,75-100%
7.0,9.510310423046803,2.5103104230468034,2.5103104230468034,25-50%
7.0,9.66774104460956,2.66774104460956,2.66774104460956,25-50%
7.0,9.678371469360842,2.678371469360842,2.678371469360842,25-50%
7.0,9.678371469360842,2.678371469360842,2.678371469360842,25-50%
7.0,9.838319424276921,2.8383194242769214,2.8383194242769214,25-50%
11.5,10.169052563362762,-1.3309474366372385,1.3309474366372385,50-75%
16.0,9.926621311273498,-6.0733786887265016,6.0733786887265016,75-100%
16.0,10.121783277745271,-5.878216722254729,5.878216722254729,75-100%
16.0,10.389386571690617,-5.610613428309383,5.610613428309383,75-100%
7.0,9.66774104460956,2.66774104460956,2.66774104460956,25-50%
7.0,9.454294007522453,2.454294007522453,2.454294007522453,25-50%
7.0,9.678371469360842,2.678371469360842,2.678371469360842,25-50%
7.0,9.621459345049132,2.621459345049132,2.621459345049132,25-50%
7.0,9.780554831223165,2.7805548312231654,2.7805548312231654,25-50%
11.5,10.109525274042102,-1.3904747259578976,1.3904747259578976,50-75%
11.5,10.174214577018283,-1.325785422981717,1.325785422981717,50-75%
11.5,10.174214577018283,-1.325785422981717,1.325785422981717,50-75%
16.0,10.169052563362762,-5.8309474366372385,5.8309474366372385,75-100%
16.0,10.169052563362762,-5.8309474366372385,5.8309474366372385,75-100%
16.0,10.134200715555595,-5.865799284444405,5.865799284444405,75-100%
7.0,9.510310423046803,2.5103104230468034,2.5103104230468034,25-50%
7.0,9.510310423046803,2.5103104230468034,2.5103104230468034,25-50%
7.0,9.510310423046803,2.5103104230468034,2.5103104230468034,25-50%
7.0,9.621459345049132,2.621459345049132,2.621459345049132,25-50%
7.0,9.621459345049132,2.621459345049132,2.621459345049132,25-50%
11.5,10.082423894473221,-1.4175761055267788,1.4175761055267788,50-75%
11.5,10.174214577018283,-1.325785422981717,1.325785422981717,50-75%
16.0,9.718622550383518,-6.281377449616482,6.281377449616482,75-100%
16.0,9.814494750335992,-6.185505249664008,6.185505249664008,75-100%
8.0,10.72673992631533,2.7267399263153305,2.7267399263153305,25-50%
8.0,10.393613718342932,2.393613718342932,2.393613718342932,25-50%
7.5,10.332889593680434,2.8328895936804344,2.8328895936804344,25-50%
7.0,9.454294007522453,2.454294007522453,2.454294007522453,25-50%
7.0,9.454294007522453,2.454294007522453,2.454294007522453,25-50%
7.0,9.454294007522453,2.454294007522453,2.454294007522453,25-50%
7.0,9.454294007522453,2.454294007522453,2.454294007522453,25-50%
7.0,9.780554831223165,2.7805548312231654,2.7805548312231654,25-50%
11.5,10.082423894473221,-1.4175761055267788,1.4175761055267788,50-75%
16.0,10.141805968618362,-5.858194031381638,5.858194031381638,75-100%
16.0,10.169052563362762,-5.8309474366372385,5.8309474366372385,75-100%
16.0,9.863072119563077,-6.136927880436923,6.136927880436923,75-100%
8.0,10.96680998149316,2.96680998149316,2.96680998149316,25-50%
8.0,10.96680998149316,2.96680998149316,2.96680998149316,25-50%
8.0,10.393613718342932,2.393613718342932,2.393613718342932,25-50%
8.0,10.393613718342932,2.393613718342932,2.393613718342932,25-50%
8.0,10.393613718342932,2.393613718342932,2.393613718342932,25-50%
7.5,9.510310423046803,2.0103104230468034,2.0103104230468034,25-50%
7.0,9.454294007522453,2.454294007522453,2.454294007522453,25-50%
7.0,9.621459345049132,2.621459345049132,2.621459345049132,25-50%
7.0,9.621459345049132,2.621459345049132,2.621459345049132,25-50%
16.0,9.621459345049132,-6.378540654950868,6.378540654950868,75-100%
16.0,10.082423894473221,-5.917576105526779,5.917576105526779,75-100%
16.0,10.166218494340116,-5.833781505659884,5.833781505659884,75-100%
8.0,9.836565626053252,1.8365656260532521,1.8365656260532521,25-50%
8.0,10.393613718342932,2.393613718342932,2.393613718342932,25-50%
8.0,10.96680998149316,2.96680998149316,2.96680998149316,25-50%
8.0,11.035389411517398,3.0353894115173983,3.0353894115173983,25-50%
8.0,10.393613718342932,2.393613718342932,2.393613718342932,25-50%
8.0,10.393613718342932,2.393613718342932,2.393613718342932,25-50%
8.0,10.458908273527538,2.4589082735275376,2.4589082735275376,25-50%
8.0,9.570542941095063,1.5705429410950629,1.5705429410950629,25-50%
8.0,9.706494829149488,1.706494829149488,1.706494829149488,25-50%
8.0,9.754587076124531,1.7545870761245315,1.7545870761245315,25-50%
8.0,9.868729766753265,1.8687297667532654,1.8687297667532654,25-50%
8.0,10.393613718342932,2.393613718342932,2.393613718342932,25-50%
8.0,10.393613718342932,2.393613718342932,2.393613718342932,25-50%
8.0,10.393613718342932,2.393613718342932,2.393613718342932,25-50%
8.0,9.55989696314913,1.5598969631491304,1.5598969631491304,25-50%
8.0,9.498011442520172,1.4980114425201716,1.4980114425201716,25-50%
8.0,10.334785452903915,2.3347854529039154,2.3347854529039154,25-50%
8.0,9.801556757366027,1.8015567573660274,1.8015567573660274,25-50%
8.0,9.91915268051073,1.9191526805107308,1.9191526805107308,25-50%
8.0,9.36751128868023,1.3675112886802303,1.3675112886802303,25-50%
8.0,9.36751128868023,1.3675112886802303,1.3675112886802303,25-50%
8.0,9.836565626053252,1.8365656260532521,1.8365656260532521,25-50%
8.0,10.393613718342932,2.393613718342932,2.393613718342932,25-50%
8.0,11.124188781524285,3.1241887815242855,3.1241887815242855,25-50%
8.0,11.124188781524285,3.1241887815242855,3.1241887815242855,25-50%
8.0,10.96680998149316,2.96680998149316,2.96680998149316,25-50%
8.0,10.72673992631533,2.7267399263153305,2.7267399263153305,25-50%
8.0,9.728875766529345,1.7288757665293453,1.7288757665293453,25-50%
8.0,9.520279268733713,1.520279268733713,1.520279268733713,25-50%
8.0,9.950419642455383,1.9504196424553832,1.9504196424553832,25-50%
8.0,10.465881290848852,2.465881290848852,2.465881290848852,25-50%
8.0,10.330087154058301,2.330087154058301,2.330087154058301,25-50%
8.0,9.405348265910476,1.405348265910476,1.405348265910476,25-50%
8.0,9.750598545607522,1.750598545607522,1.750598545607522,25-50%
8.0,9.750598545607522,1.750598545607522,1.750598545607522,25-50%
8.0,10.96680998149316,2.96680998149316,2.96680998149316,25-50%
8.0,10.96680998149316,2.96680998149316,2.96680998149316,25-50%
8.0,10.393613718342932,2.393613718342932,2.393613718342932,25-50%
8.0,10.393613718342932,2.393613718342932,2.393613718342932,25-50%
8.0,9.510310423046803,1.5103104230468034,1.5103104230468034,25-50%
8.0,9.510310423046803,1.5103104230468034,1.5103104230468034,25-50%
8.0,10.178137201128347,2.1781372011283473,2.1781372011283473,25-50%
8.0,9.950419642455383,1.9504196424553832,1.9504196424553832,25-50%
8.0,9.950419642455383,1.9504196424553832,1.9504196424553832,25-50%
8.0,10.341977611472641,2.3419776114726414,2.3419776114726414,25-50%
8.0,9.801556757366027,1.8015567573660274,1.8015567573660274,25-50%
8.0,9.36751128868023,1.3675112886802303,1.3675112886802303,25-50%
8.0,9.36751128868023,1.3675112886802303,1.3675112886802303,25-50%
8.0,9.36751128868023,1.3675112886802303,1.3675112886802303,25-50%
8.0,10.72673992631533,2.7267399263153305,2.7267399263153305,25-50%
8.0,9.886131253422427,1.8861312534224268,1.8861312534224268,25-50%
8.0,9.960805924042573,1.9608059240425728,1.9608059240425728,25-50%
8.0,9.950419642455383,1.9504196424553832,1.9504196424553832,25-50%
8.0,10.531589997251649,2.5315899972516487,2.5315899972516487,25-50%
8.0,10.531589997251649,2.5315899972516487,2.5315899972516487,25-50%
8.0,9.950419642455383,1.9504196424553832,1.9504196424553832,25-50%
8.0,10.114442521066518,2.1144425210665183,2.1144425210665183,25-50%
8.0,10.491139069641859,2.491139069641859,2.491139069641859,25-50%
8.0,9.973127123991997,1.973127123991997,1.973127123991997,25-50%
8.0,9.910600621689817,1.9106006216898166,1.9106006216898166,25-50%
8.0,9.910600621689817,1.9106006216898166,1.9106006216898166,25-50%
2.0,9.808685086167756,7.808685086167756,7.808685086167756,0-25%
2.0,9.857909927674207,7.857909927674207,7.857909927674207,0-25%
2.0,9.857909927674207,7.857909927674207,7.857909927674207,0-25%
2.0,9.862928140185888,7.862928140185888,7.862928140185888,0-25%
2.0,9.848202082604342,7.848202082604342,7.848202082604342,0-25%
2.0,9.982922855997375,7.982922855997375,7.982922855997375,0-25%
2.0,9.808685086167756,7.808685086167756,7.808685086167756,0-25%
2.0,9.857909927674207,7.857909927674207,7.857909927674207,0-25%
2.0,9.808685086167756,7.808685086167756,7.808685086167756,0-25%
2.0,9.813680548378764,7.813680548378764,7.813680548378764,0-25%
2.0,9.79902125206668,7.79902125206668,7.79902125206668,0-25%
2.0,9.803499331395857,7.803499331395857,7.803499331395857,0-25%
2.0,9.808685086167756,7.808685086167756,7.808685086167756,0-25%
2.0,9.808685086167756,7.808685086167756,7.808685086167756,0-25%
2.0,9.803499331395857,7.803499331395857,7.803499331395857,0-25%
2.0,9.760350924292453,7.760350924292453,7.760350924292453,0-25%
2.0,9.802307300294693,7.802307300294693,7.802307300294693,0-25%
2.0,9.756792465828543,7.756792465828543,7.756792465828543,0-25%
2.0,9.843190672907284,7.843190672907284,7.843190672907284,0-25%
2.0,9.79902125206668,7.79902125206668,7.79902125206668,0-25%
2.0,9.82061114948229,7.820611149482289,7.820611149482289,0-25%
2.0,9.848342197044948,7.848342197044948,7.848342197044948,0-25%
2.0,9.86358545449026,7.863585454490259,7.863585454490259,0-25%
2.0,10.038040316910102,8.038040316910102,8.038040316910102,0-25%
2.0,9.992555289404272,7.992555289404272,7.992555289404272,0-25%
4.0,9.934386372640382,5.9343863726403825,5.9343863726403825,0-25%
4.0,9.98522536767822,5.98522536767822,5.98522536767822,0-25%
4.0,9.91571562227778,5.91571562227778,5.91571562227778,0-25%
4.0,9.9654279015377,5.9654279015377,5.9654279015377,0-25%
4.0,9.867128294246115,5.867128294246115,5.867128294246115,0-25%
4.0,9.867128294246115,5.867128294246115,5.867128294246115,0-25%
6.0,9.943690403454195,3.9436904034541946,3.9436904034541946,25-50%
6.0,9.98522536767822,3.98522536767822,3.98522536767822,25-50%
6.0,9.91571562227778,3.91571562227778,3.91571562227778,25-50%
6.0,9.943690403454195,3.9436904034541946,3.9436904034541946,25-50%
6.0,9.966309072026064,3.966309072026064,3.966309072026064,25-50%
6.0,9.950562892711307,3.9505628927113072,3.9505628927113072,25-50%
6.0,9.963514220858578,3.9635142208585776,3.9635142208585776,25-50%
6.0,9.98522536767822,3.98522536767822,3.98522536767822,25-50%
6.0,9.98522536767822,3.98522536767822,3.98522536767822,25-50%
6.0,9.951442868662879,3.9514428686628786,3.9514428686628786,25-50%
6.0,9.963514220858578,3.9635142208585776,3.9635142208585776,25-50%
6.0,10.007477301450828,4.0074773014508285,4.0074773014508285,25-50%
6.0,9.91571562227778,3.91571562227778,3.91571562227778,25-50%
6.0,11.889981872575007,5.889981872575007,5.889981872575007,25-50%
6.0,10.03294120999271,4.03294120999271,4.03294120999271,25-50%
6.0,10.002914672708235,4.0029146727082345,4.0029146727082345,25-50%
6.0,11.307507695379964,5.3075076953799645,5.3075076953799645,25-50%
6.0,11.29082332955626,5.290823329556259,5.290823329556259,25-50%
6.0,9.963514220858578,3.9635142208585776,3.9635142208585776,25-50%
6.0,9.982922855997375,3.9829228559973746,3.9829228559973746,25-50%
6.0,11.307507695379964,5.3075076953799645,5.3075076953799645,25-50%
6.0,11.307507695379964,5.3075076953799645,5.3075076953799645,25-50%
8.0,9.578930310332584,1.5789303103325842,1.5789303103325842,25-50%
10.0,10.44643375623415,0.4464337562341498,0.4464337562341498,50-75%
10.0,10.512031012648077,0.5120310126480767,0.5120310126480767,50-75%
10.0,9.430154517479682,-0.5698454825203179,0.5698454825203179,50-75%
10.0,9.217674631022167,-0.7823253689778333,0.7823253689778333,50-75%
9.0,9.353102722323118,0.35310272232311846,0.35310272232311846,50-75%
8.0,9.353102722323118,1.3531027223231185,1.3531027223231185,25-50%
8.0,9.412434314015254,1.412434314015254,1.412434314015254,25-50%
8.0,9.412434314015254,1.412434314015254,1.412434314015254,25-50%
8.0,10.038049126822177,2.0380491268221768,2.0380491268221768,25-50%
8.0,9.70553349759558,1.7055334975955798,1.7055334975955798,25-50%
10.0,10.590190088108569,0.5901900881085691,0.5901900881085691,50-75%
10.0,10.680765377871122,0.680765377871122,0.680765377871122,50-75%
10.0,10.44643375623415,0.4464337562341498,0.4464337562341498,50-75%
10.0,10.121270318144697,0.12127031814469724,0.12127031814469724,50-75%
9.0,10.287511944591836,1.2875119445918362,1.2875119445918362,50-75%
9.0,9.412434314015254,0.412434314015254,0.412434314015254,50-75%
9.0,9.412434314015254,0.412434314015254,0.412434314015254,50-75%
8.0,9.412434314015254,1.412434314015254,1.412434314015254,25-50%
8.0,9.412434314015254,1.412434314015254,1.412434314015254,25-50%
8.0,9.568398880241796,1.568398880241796,1.568398880241796,25-50%
8.0,9.864327310640546,1.8643273106405456,1.8643273106405456,25-50%
8.0,9.802420765776487,1.8024207657764872,1.8024207657764872,25-50%
17.0,9.700587994739577,-7.299412005260423,7.299412005260423,75-100%
10.0,10.259664392488022,0.25966439248802153,0.25966439248802153,50-75%
10.0,10.680765377871122,0.680765377871122,0.680765377871122,50-75%
10.0,10.680765377871122,0.680765377871122,0.680765377871122,50-75%
10.0,10.121270318144697,0.12127031814469724,0.12127031814469724,50-75%
9.0,10.22319403105502,1.2231940310550193,1.2231940310550193,50-75%
9.0,10.22319403105502,1.2231940310550193,1.2231940310550193,50-75%
9.0,9.353102722323118,0.35310272232311846,0.35310272232311846,50-75%
9.0,9.412434314015254,0.412434314015254,0.412434314015254,50-75%
8.0,9.412434314015254,1.412434314015254,1.412434314015254,25-50%
8.0,9.412434314015254,1.412434314015254,1.412434314015254,25-50%
8.0,9.412434314015254,1.412434314015254,1.412434314015254,25-50%
12.5,9.412434314015254,-3.087565685984746,3.087565685984746,50-75%
17.0,9.864327310640546,-7.135672689359454,7.135672689359454,75-100%
17.0,9.69787279532692,-7.302127204673081,7.302127204673081,75-100%
17.0,9.700587994739577,-7.299412005260423,7.299412005260423,75-100%
10.0,10.11109552190693,0.11109552190693073,0.11109552190693073,50-75%
10.0,10.121270318144697,0.12127031814469724,0.12127031814469724,50-75%
10.0,10.680765377871122,0.680765377871122,0.680765377871122,50-75%
10.0,10.747705542635174,0.747705542635174,0.747705542635174,50-75%
9.0,10.22319403105502,1.2231940310550193,1.2231940310550193,50-75%
9.0,10.22319403105502,1.2231940310550193,1.2231940310550193,50-75%
9.0,10.287511944591836,1.2875119445918362,1.2875119445918362,50-75%
9.0,9.412434314015254,0.412434314015254,0.412434314015254,50-75%
8.0,9.412434314015254,1.412434314015254,1.412434314015254,25-50%
8.0,9.412434314015254,1.412434314015254,1.412434314015254,25-50%
12.5,9.412434314015254,-3.087565685984746,3.087565685984746,50-75%
11.0,9.412434314015254,-1.587565685984746,1.587565685984746,50-75%
12.5,9.508178579369586,-2.991821420630414,2.991821420630414,50-75%
17.0,9.65273722027668,-7.347262779723319,7.347262779723319,75-100%
17.0,9.700587994739577,-7.299412005260423,7.299412005260423,75-100%
17.0,9.814157571738086,-7.185842428261914,7.185842428261914,75-100%
10.0,10.121270318144697,0.12127031814469724,0.12127031814469724,50-75%
10.0,10.121270318144697,0.12127031814469724,0.12127031814469724,50-75%
9.0,10.22319403105502,1.2231940310550193,1.2231940310550193,50-75%
9.0,9.401947573013569,0.40194757301356887,0.40194757301356887,50-75%
8.0,9.340987703484775,1.3409877034847746,1.3409877034847746,25-50%
8.0,9.412434314015254,1.412434314015254,1.412434314015254,25-50%
8.0,9.412434314015254,1.412434314015254,1.412434314015254,25-50%
11.0,9.353102722323118,-1.6468972776768815,1.6468972776768815,50-75%
12.5,9.353102722323118,-3.1468972776768815,3.1468972776768815,50-75%
12.5,9.353102722323118,-3.1468972776768815,3.1468972776768815,50-75%
12.5,10.27787317930197,-2.22212682069803,2.22212682069803,50-75%
17.0,9.747321839902753,-7.252678160097247,7.252678160097247,75-100%
17.0,9.864327310640546,-7.135672689359454,7.135672689359454,75-100%
10.0,10.121270318144697,0.12127031814469724,0.12127031814469724,50-75%
10.0,10.834382326870685,0.8343823268706849,0.8343823268706849,50-75%
10.0,10.834382326870685,0.8343823268706849,0.8343823268706849,50-75%
10.0,10.680765377871122,0.680765377871122,0.680765377871122,50-75%
10.0,10.44643375623415,0.4464337562341498,0.4464337562341498,50-75%
8.0,9.568398880241796,1.568398880241796,1.568398880241796,25-50%
8.0,9.36292245925432,1.3629224592543192,1.3629224592543192,25-50%
8.0,9.36292245925432,1.3629224592543192,1.3629224592543192,25-50%
8.0,9.864327310640546,1.8643273106405456,1.8643273106405456,25-50%
12.5,9.353102722323118,-3.1468972776768815,3.1468972776768815,50-75%
12.5,9.353102722323118,-3.1468972776768815,3.1468972776768815,50-75%
12.5,9.412434314015254,-3.087565685984746,3.087565685984746,50-75%
12.5,9.89543728029802,-2.6045627197019794,2.6045627197019794,50-75%
12.5,10.408310781391608,-2.0916892186083924,2.0916892186083924,50-75%
12.5,10.273198470745776,-2.2268015292542245,2.2268015292542245,50-75%
17.0,9.353102722323118,-7.6468972776768815,7.6468972776768815,75-100%
8.0,9.36292245925432,1.3629224592543192,1.3629224592543192,25-50%
8.0,9.864327310640546,1.8643273106405456,1.8643273106405456,25-50%
8.0,9.508178579369586,1.508178579369586,1.508178579369586,25-50%
12.5,9.353102722323118,-3.1468972776768815,3.1468972776768815,50-75%
12.5,10.122011462763558,-2.377988537236442,2.377988537236442,50-75%
12.5,10.122011462763558,-2.377988537236442,2.377988537236442,50-75%
12.5,9.89543728029802,-2.6045627197019794,2.6045627197019794,50-75%
12.5,9.89543728029802,-2.6045627197019794,2.6045627197019794,50-75%
17.0,10.285029225842113,-6.714970774157887,6.714970774157887,75-100%
8.0,9.353102722323118,1.3531027223231185,1.3531027223231185,25-50%
8.0,9.422310325923894,1.4223103259238936,1.4223103259238936,25-50%
8.0,9.353102722323118,1.3531027223231185,1.3531027223231185,25-50%
8.0,9.353102722323118,1.3531027223231185,1.3531027223231185,25-50%
8.0,9.89543728029802,1.8954372802980206,1.8954372802980206,25-50%
12.5,9.90577141207595,-2.59422858792405,2.59422858792405,50-75%
12.5,9.89543728029802,-2.6045627197019794,2.6045627197019794,50-75%
8.0,10.47368956254859,2.4736895625485893,2.4736895625485893,25-50%
8.0,9.835636696719362,1.8356366967193622,1.8356366967193622,25-50%
8.0,9.36292245925432,1.3629224592543192,1.3629224592543192,25-50%
8.0,11.28909210055742,3.2890921005574203,3.2890921005574203,25-50%
8.0,11.277447156573206,3.2774471565732064,3.2774471565732064,25-50%
8.0,9.89543728029802,1.8954372802980206,1.8954372802980206,25-50%
8.0,10.058636595465167,2.058636595465167,2.058636595465167,25-50%
8.0,11.461347161355645,3.4613471613556452,3.4613471613556452,25-50%
8.0,11.716456110595958,3.716456110595958,3.716456110595958,25-50%
1.0,9.451991037590554,8.451991037590554,8.451991037590554,0-25%
1.0,9.400445150832159,8.400445150832159,8.400445150832159,0-25%
1.0,9.6048804020685,8.6048804020685,8.6048804020685,0-25%
1.0,9.597373266493285,8.597373266493285,8.597373266493285,0-25%
1.0,9.433000225128348,8.433000225128348,8.433000225128348,0-25%
1.0,9.447162660607853,8.447162660607853,8.447162660607853,0-25%
1.0,9.451991037590554,8.451991037590554,8.451991037590554,0-25%
1.0,9.46004805265357,8.46004805265357,8.46004805265357,0-25%
1.0,9.5143517444271,8.5143517444271,8.5143517444271,0-25%
2.0,9.80852833175209,7.80852833175209,7.80852833175209,0-25%
1.5,9.537781783728555,8.037781783728555,8.037781783728555,0-25%
1.5,9.588696116504206,8.088696116504206,8.088696116504206,0-25%
1.0,9.452782788824633,8.452782788824633,8.452782788824633,0-25%
1.0,9.497071158310629,8.497071158310629,8.497071158310629,0-25%
1.0,9.551906087557516,8.551906087557516,8.551906087557516,0-25%
2.0,10.474604863350127,8.474604863350127,8.474604863350127,0-25%
2.0,9.910362359703761,7.910362359703761,7.910362359703761,0-25%
1.5,9.537781783728555,8.037781783728555,8.037781783728555,0-25%
1.5,9.58380458756758,8.08380458756758,8.08380458756758,0-25%
1.5,9.588696116504206,8.088696116504206,8.088696116504206,0-25%
1.5,9.54265204225388,8.04265204225388,8.04265204225388,0-25%
1.0,9.49034778456135,8.49034778456135,8.49034778456135,0-25%
1.0,9.779808462072173,8.779808462072173,8.779808462072173,0-25%
1.0,9.791440232721774,8.791440232721774,8.791440232721774,0-25%
1.0,9.735360520040185,8.735360520040185,8.735360520040185,0-25%
2.0,10.448168718244847,8.448168718244847,8.448168718244847,0-25%
2.0,10.540363562828006,8.540363562828006,8.540363562828006,0-25%
2.0,9.895571999105668,7.895571999105668,7.895571999105668,0-25%
1.5,9.523496502695085,8.023496502695085,8.023496502695085,0-25%
1.5,9.598171734731835,8.098171734731835,8.098171734731835,0-25%
1.5,9.537781783728555,8.037781783728555,8.037781783728555,0-25%
1.5,9.537781783728555,8.037781783728555,8.037781783728555,0-25%
1.0,9.77236543827592,8.77236543827592,8.77236543827592,0-25%
1.0,9.77236543827592,8.77236543827592,8.77236543827592,0-25%
1.0,9.777344114594182,8.777344114594182,8.777344114594182,0-25%
2.0,10.474604863350127,8.474604863350127,8.474604863350127,0-25%
2.0,10.540363562828006,8.540363562828006,8.540363562828006,0-25%
2.0,10.474604863350127,8.474604863350127,8.474604863350127,0-25%
1.5,9.523496502695085,8.023496502695085,8.023496502695085,0-25%
1.5,9.762385734459997,8.262385734459997,8.262385734459997,0-25%
1.5,9.77699529932924,8.27699529932924,8.27699529932924,0-25%
1.5,9.826075819419898,8.326075819419898,8.326075819419898,0-25%
1.0,9.723528416705388,8.723528416705388,8.723528416705388,0-25%
6.0,10.32573945223834,4.32573945223834,4.32573945223834,25-50%
6.0,10.32573945223834,4.32573945223834,4.32573945223834,25-50%
4.0,10.735084784630057,6.735084784630057,6.735084784630057,0-25%
4.0,10.80233624321097,6.80233624321097,6.80233624321097,0-25%
4.0,10.751014754679186,6.751014754679186,6.751014754679186,0-25%
4.0,10.09445353477104,6.09445353477104,6.09445353477104,0-25%
2.0,10.142907551869815,8.142907551869815,8.142907551869815,0-25%
2.0,10.09445353477104,8.09445353477104,8.09445353477104,0-25%
6.0,10.32573945223834,4.32573945223834,4.32573945223834,25-50%
6.0,10.390645033378071,4.390645033378071,4.390645033378071,25-50%
6.0,10.527164972612704,4.527164972612704,4.527164972612704,25-50%
4.0,10.80233624321097,6.80233624321097,6.80233624321097,0-25%
4.0,10.80233624321097,6.80233624321097,6.80233624321097,0-25%
4.0,10.142907551869815,6.142907551869815,6.142907551869815,0-25%
4.0,10.142907551869815,6.142907551869815,6.142907551869815,0-25%
2.0,10.129871407132,8.129871407132,8.129871407132,0-25%
2.0,10.084534200684848,8.084534200684848,8.084534200684848,0-25%
6.0,9.75421865193068,3.75421865193068,3.75421865193068,25-50%
6.0,9.870378642853442,3.870378642853442,3.870378642853442,25-50%
6.0,9.835786537589659,3.8357865375896587,3.8357865375896587,25-50%
6.0,9.741637236331917,3.7416372363319166,3.7416372363319166,25-50%
6.0,9.707454816547592,3.7074548165475925,3.7074548165475925,25-50%
4.0,10.09445353477104,6.09445353477104,6.09445353477104,0-25%
4.0,10.665804991655206,6.665804991655206,6.665804991655206,0-25%
4.0,10.135015312388232,6.135015312388232,6.135015312388232,0-25%
6.0,9.8585808191197,3.8585808191197,3.8585808191197,25-50%
6.0,9.809352936095564,3.8093529360955642,3.8093529360955642,25-50%
6.0,9.885134804345359,3.885134804345359,3.885134804345359,25-50%
6.0,9.716845654198924,3.7168456541989237,3.7168456541989237,25-50%
6.0,9.708119092869289,3.708119092869289,3.708119092869289,25-50%
6.0,9.659573335104692,3.6595733351046924,3.6595733351046924,25-50%
6.0,9.659573335104692,3.6595733351046924,3.6595733351046924,25-50%
6.0,9.94013629317772,3.9401362931777193,3.9401362931777193,25-50%
6.0,9.885134804345359,3.885134804345359,3.885134804345359,25-50%
6.0,9.707454816547592,3.7074548165475925,3.7074548165475925,25-50%
6.0,9.6929395224993,3.6929395224993,3.6929395224993,25-50%
6.0,9.746601710962334,3.7466017109623344,3.7466017109623344,25-50%
6.0,9.746601710962334,3.7466017109623344,3.7466017109623344,25-50%
6.0,9.96456870867668,3.96456870867668,3.96456870867668,25-50%
6.0,9.835786537589659,3.8357865375896587,3.8357865375896587,25-50%
6.0,9.707454816547592,3.7074548165475925,3.7074548165475925,25-50%
6.0,9.756218635835523,3.7562186358355234,3.7562186358355234,25-50%
6.0,10.166371642331878,4.166371642331878,4.166371642331878,25-50%
9.0,12.016209164394539,3.016209164394539,3.016209164394539,50-75%
9.0,12.502592668623851,3.5025926686238513,3.5025926686238513,50-75%
9.0,12.376376661497437,3.376376661497437,3.376376661497437,50-75%
9.0,12.610456715269612,3.6104567152696116,3.6104567152696116,50-75%
9.0,12.628932437585073,3.628932437585073,3.628932437585073,50-75%
9.0,12.628932437585073,3.628932437585073,3.628932437585073,50-75%
9.0,12.628932437585073,3.628932437585073,3.628932437585073,50-75%
9.0,12.394534628269232,3.3945346282692324,3.3945346282692324,50-75%
5.5,12.394534628269232,6.894534628269232,6.894534628269232,25-50%
5.5,12.58012845134666,7.08012845134666,7.08012845134666,25-50%
5.5,12.58012845134666,7.08012845134666,7.08012845134666,25-50%
5.5,12.628932437585073,7.128932437585073,7.128932437585073,25-50%
5.5,12.610456715269612,7.110456715269612,7.110456715269612,25-50%
9.0,12.628932437585073,3.628932437585073,3.628932437585073,50-75%
9.0,12.394534628269232,3.3945346282692324,3.3945346282692324,50-75%
5.5,12.628932437585073,7.128932437585073,7.128932437585073,25-50%
5.5,12.628932437585073,7.128932437585073,7.128932437585073,25-50%
5.5,12.628932437585073,7.128932437585073,7.128932437585073,25-50%
5.5,12.610456715269612,7.110456715269612,7.110456715269612,25-50%
5.5,12.628932437585073,7.128932437585073,7.128932437585073,25-50%
5.5,12.628932437585073,7.128932437585073,7.128932437585073,25-50%
2.0,12.555071722364353,10.555071722364353,10.555071722364353,0-25%
5.5,12.610456715269612,7.110456715269612,7.110456715269612,25-50%
5.5,12.628932437585073,7.128932437585073,7.128932437585073,25-50%
5.5,12.628932437585073,7.128932437585073,7.128932437585073,25-50%
5.5,12.672441366436564,7.172441366436564,7.172441366436564,25-50%
5.5,12.672441366436564,7.172441366436564,7.172441366436564,25-50%
5.5,12.672441366436564,7.172441366436564,7.172441366436564,25-50%
5.5,12.672441366436564,7.172441366436564,7.172441366436564,25-50%
2.0,12.610456715269612,10.610456715269612,10.610456715269612,0-25%
5.5,12.757464090343062,7.257464090343062,7.257464090343062,25-50%
5.5,12.610456715269612,7.110456715269612,7.110456715269612,25-50%
5.5,12.610456715269612,7.110456715269612,7.110456715269612,25-50%
5.5,12.610456715269612,7.110456715269612,7.110456715269612,25-50%
5.5,12.610456715269612,7.110456715269612,7.110456715269612,25-50%
2.0,10.137152016591836,8.137152016591836,8.137152016591836,0-25%
2.0,12.628932437585073,10.628932437585073,10.628932437585073,0-25%
2.0,12.610456715269612,10.610456715269612,10.610456715269612,0-25%
2.0,12.610456715269612,10.610456715269612,10.610456715269612,0-25%
2.0,10.137152016591836,8.137152016591836,8.137152016591836,0-25%
2.0,10.15227031367387,8.15227031367387,8.15227031367387,0-25%
2.0,10.137152016591836,8.137152016591836,8.137152016591836,0-25%
2.0,12.628932437585073,10.628932437585073,10.628932437585073,0-25%
2.0,10.15227031367387,8.15227031367387,8.15227031367387,0-25%
2.0,10.15227031367387,8.15227031367387,8.15227031367387,0-25%
2.0,10.15227031367387,8.15227031367387,8.15227031367387,0-25%
18.0,9.924655976015279,-8.075344023984721,8.075344023984721,75-100%
18.0,10.59820888316009,-7.4017911168399095,7.4017911168399095,75-100%
18.0,10.394615195398483,-7.605384804601517,7.605384804601517,75-100%
18.0,10.43752549951315,-7.56247450048685,7.56247450048685,75-100%
18.0,10.479570364379228,-7.520429635620772,7.520429635620772,75-100%
18.0,10.394615195398483,-7.605384804601517,7.605384804601517,75-100%
18.0,10.43752549951315,-7.56247450048685,7.56247450048685,75-100%
18.0,10.59820888316009,-7.4017911168399095,7.4017911168399095,75-100%
18.0,10.578489482292103,-7.4215105177078975,7.4215105177078975,75-100%
18.0,10.564458952215007,-7.435541047784993,7.435541047784993,75-100%
18.0,10.43752549951315,-7.56247450048685,7.56247450048685,75-100%
18.0,10.547758622135824,-7.452241377864176,7.452241377864176,75-100%
18.0,10.8130243382502,-7.1869756617498,7.1869756617498,75-100%
18.0,10.796372604372028,-7.203627395627972,7.203627395627972,75-100%
18.0,10.796372604372028,-7.203627395627972,7.203627395627972,75-100%
18.0,10.586691636553725,-7.413308363446275,7.413308363446275,75-100%
18.0,10.43752549951315,-7.56247450048685,7.56247450048685,75-100%
18.0,10.811869944542691,-7.188130055457309,7.188130055457309,75-100%
18.0,10.850444514831999,-7.149555485168001,7.149555485168001,75-100%
18.0,11.152348973474622,-6.847651026525378,6.847651026525378,75-100%
18.0,10.943379519016208,-7.056620480983792,7.056620480983792,75-100%
18.0,10.800446105053606,-7.199553894946394,7.199553894946394,75-100%
18.0,11.152348973474622,-6.847651026525378,6.847651026525378,75-100%
8.0,11.443185526330618,3.443185526330618,3.443185526330618,25-50%
8.0,11.386773763896688,3.386773763896688,3.386773763896688,25-50%
8.0,11.386773763896688,3.386773763896688,3.386773763896688,25-50%
8.0,11.535232573437769,3.535232573437769,3.535232573437769,25-50%
8.0,11.02044325179133,3.0204432517913293,3.0204432517913293,25-50%
8.0,11.185983317140465,3.1859833171404652,3.1859833171404652,25-50%
8.0,11.386773763896688,3.386773763896688,3.386773763896688,25-50%
8.0,11.386773763896688,3.386773763896688,3.386773763896688,25-50%
8.0,11.535232573437769,3.535232573437769,3.535232573437769,25-50%
8.0,11.680248632567228,3.6802486325672277,3.6802486325672277,25-50%
8.0,11.58737659713517,3.5873765971351705,3.5873765971351705,25-50%
8.0,11.220244744605445,3.220244744605445,3.220244744605445,25-50%
8.0,11.392866658886728,3.392866658886728,3.392866658886728,25-50%
8.0,11.386773763896688,3.386773763896688,3.386773763896688,25-50%
8.0,11.151204500786093,3.1512045007860934,3.1512045007860934,25-50%
8.0,10.796372604372028,2.796372604372028,2.796372604372028,25-50%
8.0,10.796372604372028,2.796372604372028,2.796372604372028,25-50%
8.0,11.10268039466673,3.1026803946667307,3.1026803946667307,25-50%
8.0,11.351140520135997,3.3511405201359974,3.3511405201359974,25-50%
8.0,11.2966056118854,3.2966056118854006,3.2966056118854006,25-50%
8.0,10.796372604372028,2.796372604372028,2.796372604372028,25-50%
8.0,11.405608673894546,3.4056086738945464,3.4056086738945464,25-50%
8.0,11.351140520135997,3.3511405201359974,3.3511405201359974,25-50%
8.0,11.336683019387248,3.336683019387248,3.336683019387248,25-50%
8.0,10.796719971442961,2.796719971442961,2.796719971442961,25-50%
8.0,10.746948231789235,2.7469482317892346,2.7469482317892346,25-50%
8.0,10.01227489071895,2.0122748907189507,2.0122748907189507,25-50%
8.0,10.179836836322963,2.1798368363229628,2.1798368363229628,25-50%
8.0,10.01227489071895,2.0122748907189507,2.0122748907189507,25-50%
8.0,9.977912251065792,1.977912251065792,1.977912251065792,25-50%
7.0,9.767764002558673,2.767764002558673,2.767764002558673,25-50%
7.0,9.384356348382287,2.384356348382287,2.384356348382287,25-50%
7.0,9.650656906391493,2.650656906391493,2.650656906391493,25-50%
7.0,9.885570518699778,2.8855705186997778,2.8855705186997778,25-50%
7.0,10.201461733011257,3.201461733011257,3.201461733011257,25-50%
7.0,9.90577141207595,2.90577141207595,2.90577141207595,25-50%
7.0,9.7187435737066,2.7187435737066004,2.7187435737066004,25-50%
7.0,9.443867048447048,2.443867048447048,2.443867048447048,25-50%
7.0,9.706708008886661,2.706708008886661,2.706708008886661,25-50%
7.0,9.783684879054778,2.7836848790547783,2.7836848790547783,25-50%
7.0,9.690765582203447,2.690765582203447,2.690765582203447,25-50%
7.0,10.173380710508866,3.173380710508866,3.173380710508866,25-50%
7.0,10.289394158655517,3.289394158655517,3.289394158655517,25-50%
7.0,10.2417628858718,3.2417628858718004,3.2417628858718004,25-50%
7.0,10.28684172809287,3.2868417280928703,3.2868417280928703,25-50%
7.0,9.855818191945273,2.855818191945273,2.855818191945273,25-50%
7.0,10.444286159775801,3.4442861597758014,3.4442861597758014,25-50%
7.0,10.244308862624003,3.2443088626240026,3.2443088626240026,25-50%
7.0,10.33780294987342,3.3378029498734207,3.3378029498734207,25-50%
7.0,9.835030779238386,2.8350307792383855,2.8350307792383855,25-50%
7.0,9.836524761622634,2.836524761622634,2.836524761622634,25-50%
7.0,9.713133311202691,2.713133311202691,2.713133311202691,25-50%
7.0,10.065265982210251,3.065265982210251,3.065265982210251,25-50%
7.0,10.205511156241222,3.205511156241222,3.205511156241222,25-50%
7.0,10.198334026695381,3.198334026695381,3.198334026695381,25-50%
7.0,10.346819156858633,3.3468191568586327,3.3468191568586327,25-50%
7.0,10.2417628858718,3.2417628858718004,3.2417628858718004,25-50%
7.0,10.282163302049248,3.2821633020492484,3.2821633020492484,25-50%
7.0,10.308747781100005,3.3087477811000046,3.3087477811000046,25-50%
7.0,9.834264861437802,2.834264861437802,2.834264861437802,25-50%
7.0,10.244308862624003,3.2443088626240026,3.2443088626240026,25-50%
7.0,10.33780294987342,3.3378029498734207,3.3378029498734207,25-50%
7.0,10.444286159775801,3.4442861597758014,3.4442861597758014,25-50%
7.0,10.450177033326982,3.450177033326982,3.450177033326982,25-50%
7.0,10.21353537623135,3.2135353762313503,3.2135353762313503,25-50%
7.0,10.266868918777416,3.2668689187774156,3.2668689187774156,25-50%
7.0,10.318180418037443,3.318180418037443,3.318180418037443,25-50%
7.0,10.400851050023274,3.400851050023274,3.400851050023274,25-50%
7.0,10.282163302049248,3.2821633020492484,3.2821633020492484,25-50%
7.0,10.379074923559326,3.379074923559326,3.379074923559326,25-50%
7.0,10.450177033326982,3.450177033326982,3.450177033326982,25-50%
7.0,10.326953765590565,3.3269537655905648,3.3269537655905648,25-50%
7.0,10.295732878769243,3.2957328787692433,3.2957328787692433,25-50%
7.0,10.280129272660888,3.280129272660888,3.280129272660888,25-50%
7.0,10.34477347084864,3.34477347084864,3.34477347084864,25-50%
7.0,10.414204586554446,3.4142045865544457,3.4142045865544457,25-50%
7.0,10.282163302049248,3.2821633020492484,3.2821633020492484,25-50%
7.0,10.349164759594059,3.349164759594059,3.349164759594059,25-50%
7.0,10.400851050023274,3.400851050023274,3.400851050023274,25-50%
7.0,10.273198470745776,3.2731984707457755,3.2731984707457755,25-50%
7.0,10.33780294987342,3.3378029498734207,3.3378029498734207,25-50%
7.0,10.515795741724341,3.5157957417243413,3.5157957417243413,25-50%
7.0,10.465720250998237,3.4657202509982366,3.4657202509982366,25-50%
7.0,10.465720250998237,3.4657202509982366,3.4657202509982366,25-50%
7.0,10.065265982210251,3.065265982210251,3.065265982210251,25-50%
7.0,9.952191267730125,2.952191267730125,2.952191267730125,25-50%
7.0,10.13298648493342,3.1329864849334204,3.1329864849334204,25-50%
7.0,10.274089973053282,3.2740899730532824,3.2740899730532824,25-50%
7.0,10.724345672449992,3.724345672449992,3.724345672449992,25-50%
3.0,10.225038222313946,7.225038222313946,7.225038222313946,0-25%
3.0,10.092096467801223,7.092096467801223,7.092096467801223,0-25%
3.0,10.878349640732292,7.878349640732292,7.878349640732292,0-25%
3.0,10.902900084302928,7.902900084302928,7.902900084302928,0-25%
3.0,10.724465567388958,7.7244655673889575,7.7244655673889575,0-25%
3.0,10.225038222313946,7.225038222313946,7.225038222313946,0-25%
3.0,10.421470904883147,7.421470904883147,7.421470904883147,0-25%
3.0,10.886764214695138,7.8867642146951376,7.8867642146951376,0-25%
3.0,10.668933074341354,7.6689330743413535,7.6689330743413535,0-25%
3.0,10.755221952652056,7.755221952652056,7.755221952652056,0-25%
3.0,10.225038222313946,7.225038222313946,7.225038222313946,0-25%
3.0,10.421470904883147,7.421470904883147,7.421470904883147,0-25%
3.0,10.421470904883147,7.421470904883147,7.421470904883147,0-25%
3.0,10.97600360678283,7.976003606782831,7.976003606782831,0-25%
3.0,10.888063015199005,7.888063015199005,7.888063015199005,0-25%
3.0,10.775805584170474,7.775805584170474,7.775805584170474,0-25%
3.0,10.405987672734252,7.405987672734252,7.405987672734252,0-25%
3.0,10.97600360678283,7.976003606782831,7.976003606782831,0-25%
3.0,10.97600360678283,7.976003606782831,7.976003606782831,0-25%
3.0,10.97600360678283,7.976003606782831,7.976003606782831,0-25%
5.5,10.781843502727035,5.281843502727035,5.281843502727035,25-50%
5.5,10.781843502727035,5.281843502727035,5.281843502727035,25-50%
8.0,10.585365548290728,2.585365548290728,2.585365548290728,25-50%
3.0,10.959768636208196,7.959768636208196,7.959768636208196,0-25%
3.0,10.97600360678283,7.976003606782831,7.976003606782831,0-25%
5.5,10.835500295801499,5.3355002958014985,5.3355002958014985,25-50%
5.5,10.76587174045457,5.265871740454569,5.265871740454569,25-50%
5.5,10.76587174045457,5.265871740454569,5.265871740454569,25-50%
8.0,10.5917446218877,2.5917446218877007,2.5917446218877007,25-50%
8.0,10.585365548290728,2.585365548290728,2.585365548290728,25-50%
3.0,10.959768636208196,7.959768636208196,7.959768636208196,0-25%
5.5,10.781843502727035,5.281843502727035,5.281843502727035,25-50%
5.5,10.76587174045457,5.265871740454569,5.265871740454569,25-50%
8.0,10.57603056242145,2.5760305624214492,2.5760305624214492,25-50%
8.0,10.57603056242145,2.5760305624214492,2.5760305624214492,25-50%
8.0,10.57603056242145,2.5760305624214492,2.5760305624214492,25-50%
8.0,10.562484494918941,2.562484494918941,2.562484494918941,25-50%
8.0,10.736507961709707,2.736507961709707,2.736507961709707,25-50%
8.0,10.57603056242145,2.5760305624214492,2.5760305624214492,25-50%
8.0,10.57603056242145,2.5760305624214492,2.5760305624214492,25-50%
8.0,10.736507961709707,2.736507961709707,2.736507961709707,25-50%
8.0,10.57603056242145,2.5760305624214492,2.5760305624214492,25-50%
8.0,10.38128739530146,2.3812873953014595,2.3812873953014595,25-50%
8.0,10.57603056242145,2.5760305624214492,2.5760305624214492,25-50%
8.0,10.5917446218877,2.5917446218877007,2.5917446218877007,25-50%
8.0,10.585365548290728,2.585365548290728,2.585365548290728,25-50%
8.0,10.585365548290728,2.585365548290728,2.585365548290728,25-50%
8.0,10.585365548290728,2.585365548290728,2.585365548290728,25-50%
8.0,10.585365548290728,2.585365548290728,2.585365548290728,25-50%
8.0,10.57603056242145,2.5760305624214492,2.5760305624214492,25-50%
8.0,10.5917446218877,2.5917446218877007,2.5917446218877007,25-50%
8.0,10.5917446218877,2.5917446218877007,2.5917446218877007,25-50%
8.0,10.601092279676104,2.601092279676104,2.601092279676104,25-50%
8.0,10.601092279676104,2.601092279676104,2.601092279676104,25-50%
8.0,10.585365548290728,2.585365548290728,2.585365548290728,25-50%
8.0,10.601092279676104,2.601092279676104,2.601092279676104,25-50%
9.0,8.568639299462873,-0.4313607005371267,0.4313607005371267,50-75%
9.0,8.604673269479632,-0.3953267305203685,0.3953267305203685,50-75%
9.0,8.770396452703578,-0.2296035472964224,0.2296035472964224,50-75%
9.0,9.160767576558632,0.16076757655863183,0.16076757655863183,50-75%
8.0,8.698130982368532,0.6981309823685322,0.6981309823685322,25-50%
8.0,9.241420093103972,1.2414200931039723,1.2414200931039723,25-50%
8.0,9.200145185164843,1.2001451851648426,1.2001451851648426,25-50%
9.0,9.342429808111241,0.34242980811124113,0.34242980811124113,50-75%
9.0,8.647983133420297,-0.352016866579703,0.352016866579703,50-75%
8.0,8.887419116099364,0.8874191160993643,0.8874191160993643,25-50%
8.0,9.244810387341467,1.2448103873414667,1.2448103873414667,25-50%
8.0,9.530682324514352,1.530682324514352,1.530682324514352,25-50%
8.0,9.735380882575857,1.735380882575857,1.735380882575857,25-50%
9.0,8.916361750265029,-0.08363824973497103,0.08363824973497103,50-75%
8.0,9.244810387341467,1.2448103873414667,1.2448103873414667,25-50%
8.0,9.708400566239778,1.7084005662397779,1.7084005662397779,25-50%
8.0,9.435023451092308,1.4350234510923077,1.4350234510923077,25-50%
8.0,9.559828343042263,1.5598283430422626,1.5598283430422626,25-50%
8.0,9.819102117382036,1.8191021173820356,1.8191021173820356,25-50%
8.0,9.9045278821377,1.9045278821376996,1.9045278821376996,25-50%
8.0,9.819102117382036,1.8191021173820356,1.8191021173820356,25-50%
8.0,9.802388906064111,1.8023889060641114,1.8023889060641114,25-50%
8.0,9.530682324514352,1.530682324514352,1.530682324514352,25-50%
7.0,9.843050757941473,2.843050757941473,2.843050757941473,25-50%
7.0,10.120746568156246,3.120746568156246,3.120746568156246,25-50%
8.0,8.909952571945366,0.9099525719453663,0.9099525719453663,25-50%
7.0,9.001556342786007,2.0015563427860066,2.0015563427860066,25-50%
7.0,9.913631025237004,2.913631025237004,2.913631025237004,25-50%
7.5,8.99329950371345,1.49329950371345,1.49329950371345,25-50%
8.0,9.681397799506426,1.681397799506426,1.681397799506426,25-50%
9.0,9.429683668225033,0.42968366822503334,0.42968366822503334,50-75%
9.0,9.371736267816601,0.3717362678166012,0.3717362678166012,50-75%
8.0,9.013848703154537,1.0138487031545367,1.0138487031545367,25-50%
8.0,8.992215891452055,0.9922158914520551,0.9922158914520551,25-50%
8.333333333333334,9.429683668225033,1.0963503348916994,1.0963503348916994,50-75%
8.333333333333334,9.460453976769154,1.1271206434358199,1.1271206434358199,50-75%
8.333333333333334,9.287776797127853,0.9544434637945187,0.9544434637945187,50-75%
9.0,9.460453976769154,0.4604539767691538,0.4604539767691538,50-75%
9.0,8.938134816335632,-0.06186518366436822,0.06186518366436822,50-75%
8.0,8.992215891452055,0.9922158914520551,0.9922158914520551,25-50%
8.0,8.986582348619217,0.9865823486192173,0.9865823486192173,25-50%
7.0,9.39059438791956,2.3905943879195597,2.3905943879195597,25-50%
8.5,9.548136377407168,1.0481363774071681,1.0481363774071681,50-75%
8.333333333333334,9.460453976769154,1.1271206434358199,1.1271206434358199,50-75%
8.333333333333334,9.460453976769154,1.1271206434358199,1.1271206434358199,50-75%
8.333333333333334,9.460453976769154,1.1271206434358199,1.1271206434358199,50-75%
8.333333333333334,9.460453976769154,1.1271206434358199,1.1271206434358199,50-75%
8.333333333333334,8.930127097658929,0.5967937643255947,0.5967937643255947,50-75%
9.0,8.924528560062475,-0.07547143993752492,0.07547143993752492,50-75%
9.0,8.924528560062475,-0.07547143993752492,0.07547143993752492,50-75%
8.0,8.986582348619217,0.9865823486192173,0.9865823486192173,25-50%
7.0,9.39059438791956,2.3905943879195597,2.3905943879195597,25-50%
8.5,9.548136377407168,1.0481363774071681,1.0481363774071681,50-75%
8.5,9.556642462761674,1.0566424627616744,1.0566424627616744,50-75%
8.333333333333334,9.460453976769154,1.1271206434358199,1.1271206434358199,50-75%
8.333333333333334,9.460453976769154,1.1271206434358199,1.1271206434358199,50-75%
8.333333333333334,9.460453976769154,1.1271206434358199,1.1271206434358199,50-75%
8.333333333333334,8.924528560062475,0.5911952267291412,0.5911952267291412,50-75%
8.333333333333334,8.924528560062475,0.5911952267291412,0.5911952267291412,50-75%
9.0,8.924528560062475,-0.07547143993752492,0.07547143993752492,50-75%
8.0,8.839204018018926,0.8392040180189255,0.8392040180189255,25-50%
7.0,9.45202539593134,2.45202539593134,2.45202539593134,25-50%
8.5,9.556642462761674,1.0566424627616744,1.0566424627616744,50-75%
8.5,9.401751581957225,0.9017515819572246,0.9017515819572246,50-75%
8.333333333333334,9.460453976769154,1.1271206434358199,1.1271206434358199,50-75%
8.333333333333334,9.39059438791956,1.0572610545862258,1.0572610545862258,50-75%
8.333333333333334,8.924528560062475,0.5911952267291412,0.5911952267291412,50-75%
9.0,8.924528560062475,-0.07547143993752492,0.07547143993752492,50-75%
9.0,8.924528560062475,-0.07547143993752492,0.07547143993752492,50-75%
7.0,9.45202539593134,2.45202539593134,2.45202539593134,25-50%
8.5,9.32489088525566,0.8248908852556607,0.8248908852556607,50-75%
8.5,8.94829955946931,0.44829955946931044,0.44829955946931044,50-75%
8.5,9.561264444216143,1.0612644442161425,1.0612644442161425,50-75%
10.0,9.371878705253394,-0.6281212947466059,0.6281212947466059,50-75%
7.0,8.844158013783543,1.8441580137835434,1.8441580137835434,25-50%
7.0,8.857654084243554,1.8576540842435545,1.8576540842435545,25-50%
7.0,8.776535539669656,1.7765355396696556,1.7765355396696556,25-50%
10.0,9.482485562525483,-0.5175144374745173,0.5175144374745173,50-75%
10.0,9.281433364785906,-0.7185666352140938,0.7185666352140938,50-75%
10.0,8.97220635035781,-1.0277936496421898,1.0277936496421898,50-75%
10.0,9.482485562525483,-0.5175144374745173,0.5175144374745173,50-75%
10.0,9.665923936476544,-0.3340760635234563,0.3340760635234563,50-75%
10.0,9.267050068822691,-0.7329499311773091,0.7329499311773091,50-75%
10.0,8.97220635035781,-1.0277936496421898,1.0277936496421898,50-75%
10.0,8.97220635035781,-1.0277936496421898,1.0277936496421898,50-75%
10.0,9.375634633369337,-0.6243653666306628,0.6243653666306628,50-75%
10.0,9.475633414126326,-0.5243665858736737,0.5243665858736737,50-75%
10.0,9.526899782461353,-0.47310021753864717,0.47310021753864717,50-75%
10.0,9.680866022048457,-0.31913397795154275,0.31913397795154275,50-75%
10.0,9.277171683194336,-0.7228283168056642,0.7228283168056642,50-75%
10.0,9.25849850988453,-0.7415014901154695,0.7415014901154695,50-75%
10.0,9.375634633369337,-0.6243653666306628,0.6243653666306628,50-75%
10.0,9.375634633369337,-0.6243653666306628,0.6243653666306628,50-75%
10.0,9.375634633369337,-0.6243653666306628,0.6243653666306628,50-75%
6.5,9.669741392135663,3.1697413921356627,3.1697413921356627,25-50%
6.5,9.665923936476544,3.1659239364765437,3.1659239364765437,25-50%
6.5,9.67643877455356,3.17643877455356,3.17643877455356,25-50%
6.5,9.25849850988453,2.7584985098845305,2.7584985098845305,25-50%
3.0,9.272424065345838,6.272424065345838,6.272424065345838,0-25%
3.0,9.272424065345838,6.272424065345838,6.272424065345838,0-25%
10.0,9.375634633369337,-0.6243653666306628,0.6243653666306628,50-75%
6.5,9.576779999124259,3.076779999124259,3.076779999124259,25-50%
6.5,9.835818403898767,3.3358184038987666,3.3358184038987666,25-50%
6.5,9.67643877455356,3.17643877455356,3.17643877455356,25-50%
6.5,9.272424065345838,2.772424065345838,2.772424065345838,25-50%
3.0,9.25849850988453,6.2584985098845305,6.2584985098845305,0-25%
3.0,9.25849850988453,6.2584985098845305,6.2584985098845305,0-25%
3.0,9.272424065345838,6.272424065345838,6.272424065345838,0-25%
10.0,9.482485562525483,-0.5175144374745173,0.5175144374745173,50-75%
9.333333333333334,9.679024790545245,0.3456914572119114,0.3456914572119114,50-75%
9.333333333333334,9.633968737429008,0.300635404095674,0.300635404095674,50-75%
9.333333333333334,9.648866056385156,0.3155327230518221,0.3155327230518221,50-75%
9.333333333333334,9.83072478168285,0.4973914483495161,0.4973914483495161,50-75%
5.0,9.177500260432478,4.177500260432478,4.177500260432478,0-25%
5.0,9.177500260432478,4.177500260432478,4.177500260432478,0-25%
5.0,9.177500260432478,4.177500260432478,4.177500260432478,0-25%
5.0,9.168400756348825,4.1684007563488255,4.1684007563488255,0-25%
15.0,9.502901221179371,-5.497098778820629,5.497098778820629,50-75%
15.0,9.502901221179371,-5.497098778820629,5.497098778820629,50-75%
9.0,9.633968737429008,0.633968737429008,0.633968737429008,50-75%
9.0,9.6444520729615,0.6444520729614993,0.6444520729614993,50-75%
8.333333333333334,9.754421975761748,1.4210886424284137,1.4210886424284137,50-75%
5.0,9.177500260432478,4.177500260432478,4.177500260432478,0-25%
5.0,9.177500260432478,4.177500260432478,4.177500260432478,0-25%
5.0,9.163703386059638,4.1637033860596375,4.1637033860596375,0-25%
7.0,9.168400756348825,2.1684007563488255,2.1684007563488255,25-50%
15.0,9.502901221179371,-5.497098778820629,5.497098778820629,50-75%
15.0,9.502901221179371,-5.497098778820629,5.497098778820629,50-75%
15.0,9.686696859178571,-5.313303140821429,5.313303140821429,50-75%
9.0,9.90983492390495,0.9098349239049508,0.9098349239049508,50-75%
8.333333333333334,9.67643877455356,1.3431054412202261,1.3431054412202261,50-75%
8.333333333333334,9.754421975761748,1.4210886424284137,1.4210886424284137,50-75%
8.333333333333334,9.754421975761748,1.4210886424284137,1.4210886424284137,50-75%
5.0,9.163703386059638,4.1637033860596375,4.1637033860596375,0-25%
5.0,9.163703386059638,4.1637033860596375,4.1637033860596375,0-25%
5.0,9.177500260432478,4.177500260432478,4.177500260432478,0-25%
7.0,9.177500260432478,2.1775002604324776,2.1775002604324776,25-50%
7.0,9.177500260432478,2.1775002604324776,2.1775002604324776,25-50%
15.0,9.579616863585631,-5.420383136414369,5.420383136414369,50-75%
15.0,9.579616863585631,-5.420383136414369,5.420383136414369,50-75%
15.0,9.686696859178571,-5.313303140821429,5.313303140821429,50-75%
15.0,9.764754987831596,-5.235245012168404,5.235245012168404,50-75%
8.333333333333334,9.754421975761748,1.4210886424284137,1.4210886424284137,50-75%
8.333333333333334,9.754421975761748,1.4210886424284137,1.4210886424284137,50-75%
8.333333333333334,9.754421975761748,1.4210886424284137,1.4210886424284137,50-75%
5.0,9.655044200166696,4.655044200166696,4.655044200166696,0-25%
7.0,9.163703386059638,2.1637033860596375,2.1637033860596375,25-50%
7.0,9.163703386059638,2.1637033860596375,2.1637033860596375,25-50%
7.0,9.177500260432478,2.1775002604324776,2.1775002604324776,25-50%
15.0,9.483288681861467,-5.516711318138533,5.516711318138533,50-75%
15.0,9.708998078343502,-5.291001921656498,5.291001921656498,50-75%
15.0,9.62962607124928,-5.37037392875072,5.37037392875072,50-75%
15.0,9.764754987831596,-5.235245012168404,5.235245012168404,50-75%
11.0,9.754421975761748,-1.2455780242382524,1.2455780242382524,50-75%
11.0,9.754421975761748,-1.2455780242382524,1.2455780242382524,50-75%
11.0,9.745756528240257,-1.254243471759743,1.254243471759743,50-75%
7.0,9.655044200166696,2.655044200166696,2.655044200166696,25-50%
7.0,9.177500260432478,2.1775002604324776,2.1775002604324776,25-50%
7.0,9.163703386059638,2.1637033860596375,2.1637033860596375,25-50%
7.0,9.177500260432478,2.1775002604324776,2.1775002604324776,25-50%
15.0,9.764754987831596,-5.235245012168404,5.235245012168404,50-75%
15.0,9.764754987831596,-5.235245012168404,5.235245012168404,50-75%
11.0,9.745756528240257,-1.254243471759743,1.254243471759743,50-75%
7.0,9.646458826953351,2.646458826953351,2.646458826953351,25-50%
7.0,9.655044200166696,2.655044200166696,2.655044200166696,25-50%
7.0,9.163703386059638,2.1637033860596375,2.1637033860596375,25-50%
5.5,9.25849850988453,3.7584985098845305,3.7584985098845305,25-50%
5.5,9.25849850988453,3.7584985098845305,3.7584985098845305,25-50%
4.0,9.507618849457705,5.507618849457705,5.507618849457705,0-25%
5.5,9.272424065345838,3.772424065345838,3.772424065345838,25-50%
5.5,9.67643877455356,4.17643877455356,4.17643877455356,25-50%
4.0,9.507618849457705,5.507618849457705,5.507618849457705,0-25%
4.0,9.507618849457705,5.507618849457705,5.507618849457705,0-25%
4.0,9.511976091625334,5.511976091625334,5.511976091625334,0-25%
4.0,9.500248182207013,5.500248182207013,5.500248182207013,0-25%
6.0,9.418564092505136,3.418564092505136,3.418564092505136,25-50%
6.0,9.410169264722075,3.410169264722075,3.410169264722075,25-50%
6.0,9.404300082642045,3.4043000826420453,3.4043000826420453,25-50%
6.0,9.404300082642045,3.4043000826420453,3.4043000826420453,25-50%
4.0,9.497270276013872,5.497270276013872,5.497270276013872,0-25%
4.0,9.497270276013872,5.497270276013872,5.497270276013872,0-25%
4.0,10.117518670243728,6.117518670243728,6.117518670243728,0-25%
4.0,9.51151995585543,5.51151995585543,5.51151995585543,0-25%
4.0,9.46569195648201,5.46569195648201,5.46569195648201,0-25%
4.0,9.46569195648201,5.46569195648201,5.46569195648201,0-25%
6.0,9.410169264722075,3.410169264722075,3.410169264722075,25-50%
6.0,9.418564092505136,3.418564092505136,3.418564092505136,25-50%
6.0,9.410169264722075,3.410169264722075,3.410169264722075,25-50%
6.0,9.42430070796572,3.4243007079657204,3.4243007079657204,25-50%
6.0,9.432706931435956,3.4327069314359555,3.4327069314359555,25-50%
4.0,9.507618849457705,5.507618849457705,5.507618849457705,0-25%
4.0,9.507618849457705,5.507618849457705,5.507618849457705,0-25%
4.0,10.113392661503465,6.113392661503465,6.113392661503465,0-25%
4.0,9.46569195648201,5.46569195648201,5.46569195648201,0-25%
4.0,9.523162553976348,5.5231625539763485,5.5231625539763485,0-25%
4.0,9.544912066011262,5.544912066011262,5.544912066011262,0-25%
4.0,9.451504402224725,5.4515044022247245,5.4515044022247245,0-25%
6.0,9.372962664114752,3.372962664114752,3.372962664114752,25-50%
6.0,9.410169264722075,3.410169264722075,3.410169264722075,25-50%
6.0,9.418564092505136,3.418564092505136,3.418564092505136,25-50%
6.0,9.42430070796572,3.4243007079657204,3.4243007079657204,25-50%
6.0,9.42430070796572,3.4243007079657204,3.4243007079657204,25-50%
6.0,9.432706931435956,3.4327069314359555,3.4327069314359555,25-50%
4.0,10.128478706086101,6.128478706086101,6.128478706086101,0-25%
4.0,10.128478706086101,6.128478706086101,6.128478706086101,0-25%
4.0,10.128478706086101,6.128478706086101,6.128478706086101,0-25%
4.0,9.530617118988463,5.530617118988463,5.530617118988463,0-25%
4.0,9.51151995585543,5.51151995585543,5.51151995585543,0-25%
6.5,9.554484440873761,3.054484440873761,3.054484440873761,25-50%
6.5,9.404300082642045,2.9043000826420453,2.9043000826420453,25-50%
6.0,9.410169264722075,3.410169264722075,3.410169264722075,25-50%
6.0,9.42430070796572,3.4243007079657204,3.4243007079657204,25-50%
6.0,9.432706931435956,3.4327069314359555,3.4327069314359555,25-50%
4.0,10.221916568613393,6.221916568613393,6.221916568613393,0-25%
4.0,10.05404316519817,6.05404316519817,6.05404316519817,0-25%
4.0,10.069048644900713,6.069048644900713,6.069048644900713,0-25%
4.0,10.20670385732302,6.206703857323021,6.206703857323021,0-25%
2.0,9.25849850988453,7.2584985098845305,7.2584985098845305,0-25%
2.0,9.277171683194336,7.277171683194336,7.277171683194336,0-25%
6.5,9.404300082642045,2.9043000826420453,2.9043000826420453,25-50%
6.5,9.42430070796572,2.9243007079657204,2.9243007079657204,25-50%
6.0,9.42430070796572,3.4243007079657204,3.4243007079657204,25-50%
4.0,10.082687333665831,6.082687333665831,6.082687333665831,0-25%
2.0,9.267050068822691,7.267050068822691,7.267050068822691,0-25%
2.0,9.25849850988453,7.2584985098845305,7.2584985098845305,0-25%
2.0,9.070067950127346,7.070067950127346,7.070067950127346,0-25%
2.0,9.070067950127346,7.070067950127346,7.070067950127346,0-25%
2.0,9.070067950127346,7.070067950127346,7.070067950127346,0-25%
7.0,10.069729796694352,3.069729796694352,3.069729796694352,25-50%
7.0,10.069729796694352,3.069729796694352,3.069729796694352,25-50%
6.666666666666668,10.09731033760417,3.4306436709375028,3.4306436709375028,25-50%
6.5,9.410169264722075,2.910169264722075,2.910169264722075,25-50%
6.5,9.42430070796572,2.9243007079657204,2.9243007079657204,25-50%
6.5,9.42430070796572,2.9243007079657204,2.9243007079657204,25-50%
6.5,9.42430070796572,2.9243007079657204,2.9243007079657204,25-50%
2.0,9.061064499172787,7.061064499172787,7.061064499172787,0-25%
2.0,9.070067950127346,7.070067950127346,7.070067950127346,0-25%
2.0,9.070067950127346,7.070067950127346,7.070067950127346,0-25%
2.0,9.070067950127346,7.070067950127346,7.070067950127346,0-25%
7.0,9.951386308116039,2.9513863081160387,2.9513863081160387,25-50%
7.0,9.941934240210495,2.941934240210495,2.941934240210495,25-50%
7.0,9.927101079980083,2.9271010799800834,2.9271010799800834,25-50%
7.0,9.898099344975387,2.898099344975387,2.898099344975387,25-50%
7.0,10.069729796694352,3.069729796694352,3.069729796694352,25-50%
7.0,9.899638929638245,2.899638929638245,2.899638929638245,25-50%
7.0,9.410169264722075,2.410169264722075,2.410169264722075,25-50%
7.0,10.03036671518763,3.030366715187631,3.030366715187631,25-50%
2.0,9.811316684752676,7.811316684752676,7.811316684752676,0-25%
2.0,9.811316684752676,7.811316684752676,7.811316684752676,0-25%
2.0,9.811316684752676,7.811316684752676,7.811316684752676,0-25%
2.0,9.811316684752676,7.811316684752676,7.811316684752676,0-25%
2.0,9.05641671368631,7.0564167136863105,7.0564167136863105,0-25%
2.0,9.05641671368631,7.0564167136863105,7.0564167136863105,0-25%
2.0,9.06195392544463,7.06195392544463,7.06195392544463,0-25%
2.0,9.04831368857877,7.048313688578769,7.048313688578769,0-25%
7.0,9.951386308116039,2.9513863081160387,2.9513863081160387,25-50%
7.0,9.951386308116039,2.9513863081160387,2.9513863081160387,25-50%
7.0,9.941934240210495,2.941934240210495,2.941934240210495,25-50%
7.0,9.941934240210495,2.941934240210495,2.941934240210495,25-50%
7.0,9.941934240210495,2.941934240210495,2.941934240210495,25-50%
7.0,9.927101079980083,2.9271010799800834,2.9271010799800834,25-50%
7.0,10.120143486279854,3.1201434862798543,3.1201434862798543,25-50%
7.0,9.927101079980083,2.9271010799800834,2.9271010799800834,25-50%
7.0,10.015413673678268,3.0154136736782675,3.0154136736782675,25-50%
3.0,10.119511859849368,7.119511859849368,7.119511859849368,0-25%
3.0,10.104437970948172,7.104437970948172,7.104437970948172,0-25%
3.0,10.104437970948172,7.104437970948172,7.104437970948172,0-25%
3.0,10.119511859849368,7.119511859849368,7.119511859849368,0-25%
2.0,9.811316684752676,7.811316684752676,7.811316684752676,0-25%
2.0,9.802605393938434,7.802605393938434,7.802605393938434,0-25%
2.0,8.871053202348802,6.8710532023488025,6.8710532023488025,0-25%
2.0,9.04831368857877,7.048313688578769,7.048313688578769,0-25%
2.0,9.04831368857877,7.048313688578769,7.048313688578769,0-25%
2.0,9.05641671368631,7.0564167136863105,7.0564167136863105,0-25%
7.0,9.995982890357302,2.9959828903573023,2.9959828903573023,25-50%
7.0,9.941594887641232,2.941594887641232,2.941594887641232,25-50%
7.0,9.936540334425532,2.9365403344255316,2.9365403344255316,25-50%
7.0,9.991765924125279,2.9917659241252785,2.9917659241252785,25-50%
7.0,9.97686521081551,2.976865210815509,2.976865210815509,25-50%
7.0,9.948247122504442,2.9482471225044424,2.9482471225044424,25-50%
7.0,10.015413673678268,3.0154136736782675,3.0154136736782675,25-50%
3.0,10.119511859849368,7.119511859849368,7.119511859849368,0-25%
3.0,10.104437970948172,7.104437970948172,7.104437970948172,0-25%
3.0,10.104437970948172,7.104437970948172,7.104437970948172,0-25%
3.0,10.104437970948172,7.104437970948172,7.104437970948172,0-25%
2.5,9.85659956708441,7.356599567084411,7.356599567084411,0-25%
2.0,9.789964374974275,7.789964374974275,7.789964374974275,0-25%
2.0,9.802605393938434,7.802605393938434,7.802605393938434,0-25%
2.0,9.817269555598637,7.817269555598637,7.817269555598637,0-25%
2.0,9.070067950127346,7.070067950127346,7.070067950127346,0-25%
2.0,9.070067950127346,7.070067950127346,7.070067950127346,0-25%
7.0,9.90241401644914,2.902414016449139,2.902414016449139,25-50%
7.0,9.99142502607881,2.99142502607881,2.99142502607881,25-50%
7.0,9.941594887641232,2.941594887641232,2.941594887641232,25-50%
7.0,9.956447722712191,2.9564477227121913,2.9564477227121913,25-50%
7.0,9.941934240210495,2.941934240210495,2.941934240210495,25-50%
7.0,11.080404889523388,4.080404889523388,4.080404889523388,25-50%
3.0,10.258377727458523,7.258377727458523,7.258377727458523,0-25%
3.0,10.104437970948172,7.104437970948172,7.104437970948172,0-25%
3.0,10.104437970948172,7.104437970948172,7.104437970948172,0-25%
3.0,10.258377727458523,7.258377727458523,7.258377727458523,0-25%
3.0,10.104437970948172,7.104437970948172,7.104437970948172,0-25%
3.0,9.917628389901456,6.917628389901456,6.917628389901456,0-25%
3.0,10.104437970948172,7.104437970948172,7.104437970948172,0-25%
2.0,9.817269555598637,7.817269555598637,7.817269555598637,0-25%
2.0,9.817269555598637,7.817269555598637,7.817269555598637,0-25%
7.0,10.001261038575416,3.001261038575416,3.001261038575416,25-50%
7.0,9.956447722712191,2.9564477227121913,2.9564477227121913,25-50%
3.0,10.128478706086101,7.128478706086101,7.128478706086101,0-25%
3.0,10.113392661503465,7.113392661503465,7.113392661503465,0-25%
3.0,10.113392661503465,7.113392661503465,7.113392661503465,0-25%
3.0,10.113392661503465,7.113392661503465,7.113392661503465,0-25%
3.0,10.113392661503465,7.113392661503465,7.113392661503465,0-25%
3.0,10.104437970948172,7.104437970948172,7.104437970948172,0-25%
3.0,10.119511859849368,7.119511859849368,7.119511859849368,0-25%
7.0,9.960991082792985,2.960991082792985,2.960991082792985,25-50%
3.0,10.128478706086101,7.128478706086101,7.128478706086101,0-25%
3.0,10.128478706086101,7.128478706086101,7.128478706086101,0-25%
3.0,10.113392661503465,7.113392661503465,7.113392661503465,0-25%
3.0,10.128478706086101,7.128478706086101,7.128478706086101,0-25%
3.0,10.198770694286896,7.198770694286896,7.198770694286896,0-25%
3.0,10.198770694286896,7.198770694286896,7.198770694286896,0-25%
3.0,10.128478706086101,7.128478706086101,7.128478706086101,0-25%
9.5,9.184828639875988,-0.3151713601240118,0.3151713601240118,50-75%
9.5,8.902145554085063,-0.5978544459149369,0.5978544459149369,50-75%
9.5,9.380877245784633,-0.11912275421536656,0.11912275421536656,50-75%
12.0,9.673269323801419,-2.326730676198581,2.326730676198581,50-75%
8.666666666666666,9.643065487588702,0.9763988209220358,0.9763988209220358,50-75%
9.5,9.546564719695526,0.046564719695526335,0.046564719695526335,50-75%
9.5,9.234358088548216,-0.26564191145178384,0.26564191145178384,50-75%
8.666666666666666,9.626906572227952,0.960239905561286,0.960239905561286,50-75%
8.666666666666666,9.626906572227952,0.960239905561286,0.960239905561286,50-75%
8.666666666666666,9.626906572227952,0.960239905561286,0.960239905561286,50-75%
9.5,9.543452729979833,0.04345272997983329,0.04345272997983329,50-75%
7.0,10.247491009500697,3.2474910095006972,3.2474910095006972,25-50%
7.0,10.240412485675758,3.2404124856757583,3.2404124856757583,25-50%
8.666666666666666,10.27853729065384,1.6118706239871745,1.6118706239871745,50-75%
8.666666666666666,9.626906572227952,0.960239905561286,0.960239905561286,50-75%
8.666666666666666,9.626906572227952,0.960239905561286,0.960239905561286,50-75%
8.666666666666666,9.626906572227952,0.960239905561286,0.960239905561286,50-75%
8.666666666666666,9.626906572227952,0.960239905561286,0.960239905561286,50-75%
9.5,9.536525676178094,0.0365256761780941,0.0365256761780941,50-75%
7.0,9.241731778178636,2.241731778178636,2.241731778178636,25-50%
7.0,8.861842994065189,1.8618429940651886,1.8618429940651886,25-50%
7.0,10.258579176587014,3.2585791765870145,3.2585791765870145,25-50%
7.0,10.258579176587014,3.2585791765870145,3.2585791765870145,25-50%
8.666666666666666,10.392169924200392,1.7255032575337257,1.7255032575337257,50-75%
8.666666666666666,9.584745611083754,0.918078944417088,0.918078944417088,50-75%
8.666666666666666,9.618343871096735,0.9516772044300694,0.9516772044300694,50-75%
8.666666666666666,9.618343871096735,0.9516772044300694,0.9516772044300694,50-75%
8.666666666666666,9.626906572227952,0.960239905561286,0.960239905561286,50-75%
7.0,9.543452729979833,2.5434527299798333,2.5434527299798333,25-50%
7.0,9.520070299241178,2.520070299241178,2.520070299241178,25-50%
7.0,10.392169924200392,3.3921699242003918,3.3921699242003918,25-50%
7.0,10.370312292819566,3.370312292819566,3.370312292819566,25-50%
7.0,9.215721779791766,2.2157217797917657,2.2157217797917657,25-50%
7.0,9.268677498500368,2.2686774985003684,2.2686774985003684,25-50%
7.0,9.584745611083754,2.584745611083754,2.584745611083754,25-50%
7.0,9.593281218360925,2.593281218360925,2.593281218360925,25-50%
7.0,9.542193140449175,2.542193140449175,2.542193140449175,25-50%
7.0,9.197709938750661,2.197709938750661,2.197709938750661,25-50%
7.0,9.091806781266193,2.091806781266193,2.091806781266193,25-50%
7.0,8.94288525093272,1.9428852509327204,1.9428852509327204,25-50%
7.0,8.818896460473777,1.818896460473777,1.818896460473777,25-50%
7.0,8.818896460473777,1.818896460473777,1.818896460473777,25-50%
7.0,8.818896460473777,1.818896460473777,1.818896460473777,25-50%
7.0,8.818896460473777,1.818896460473777,1.818896460473777,25-50%
7.0,9.153008249487577,2.153008249487577,2.153008249487577,25-50%
7.0,9.153008249487577,2.153008249487577,2.153008249487577,25-50%
7.0,8.818896460473777,1.818896460473777,1.818896460473777,25-50%
7.0,8.818896460473777,1.818896460473777,1.818896460473777,25-50%
7.0,8.818896460473777,1.818896460473777,1.818896460473777,25-50%
7.0,8.818896460473777,1.818896460473777,1.818896460473777,25-50%
7.0,9.160848143041228,2.1608481430412283,2.1608481430412283,25-50%
7.0,9.153008249487577,2.153008249487577,2.153008249487577,25-50%
7.0,9.153008249487577,2.153008249487577,2.153008249487577,25-50%
7.0,9.153008249487577,2.153008249487577,2.153008249487577,25-50%
7.0,8.818896460473777,1.818896460473777,1.818896460473777,25-50%
7.0,8.818896460473777,1.818896460473777,1.818896460473777,25-50%
7.0,8.818896460473777,1.818896460473777,1.818896460473777,25-50%
7.0,8.818896460473777,1.818896460473777,1.818896460473777,25-50%
7.0,9.38883570230524,2.38883570230524,2.38883570230524,25-50%
7.0,9.153008249487577,2.153008249487577,2.153008249487577,25-50%
7.0,9.153008249487577,2.153008249487577,2.153008249487577,25-50%
7.0,9.153008249487577,2.153008249487577,2.153008249487577,25-50%
7.0,8.818896460473777,1.818896460473777,1.818896460473777,25-50%
7.0,8.818896460473777,1.818896460473777,1.818896460473777,25-50%
7.0,8.818896460473777,1.818896460473777,1.818896460473777,25-50%
7.0,8.818896460473777,1.818896460473777,1.818896460473777,25-50%
7.0,9.153008249487577,2.153008249487577,2.153008249487577,25-50%
7.0,9.153008249487577,2.153008249487577,2.153008249487577,25-50%
7.0,8.794912679646092,1.7949126796460924,1.7949126796460924,25-50%
7.0,8.807406560413778,1.807406560413778,1.807406560413778,25-50%
7.0,8.818896460473777,1.818896460473777,1.818896460473777,25-50%
7.0,8.818896460473777,1.818896460473777,1.818896460473777,25-50%
7.0,9.38883570230524,2.38883570230524,2.38883570230524,25-50%
7.0,9.38883570230524,2.38883570230524,2.38883570230524,25-50%
7.0,9.160848143041228,2.1608481430412283,2.1608481430412283,25-50%
7.0,8.758164986110625,1.758164986110625,1.758164986110625,25-50%
7.0,8.758164986110625,1.758164986110625,1.758164986110625,25-50%
7.0,9.160848143041228,2.1608481430412283,2.1608481430412283,25-50%
7.0,9.300360483596178,2.3003604835961777,2.3003604835961777,25-50%
7.0,9.254965259690113,2.2549652596901133,2.2549652596901133,25-50%
7.0,9.246883023192005,2.246883023192005,2.246883023192005,25-50%
7.0,9.246883023192005,2.246883023192005,2.246883023192005,25-50%
7.0,9.289911788749135,2.2899117887491354,2.2899117887491354,25-50%
7.0,9.077890541553543,2.0778905415535434,2.0778905415535434,25-50%
7.0,8.85464167963701,1.8546416796370107,1.8546416796370107,25-50%
7.0,9.201807638513104,2.2018076385131042,2.2018076385131042,25-50%
7.0,9.254965259690113,2.2549652596901133,2.2549652596901133,25-50%
7.0,9.246883023192005,2.246883023192005,2.246883023192005,25-50%
7.0,9.283699741131638,2.283699741131638,2.283699741131638,25-50%
7.0,8.85464167963701,1.8546416796370107,1.8546416796370107,25-50%
7.0,8.89998797011718,1.8999879701171807,1.8999879701171807,25-50%
7.0,9.298444772310896,2.298444772310896,2.298444772310896,25-50%
7.0,9.291154560805584,2.291154560805584,2.291154560805584,25-50%
8.0,9.077890541553543,1.0778905415535434,1.0778905415535434,25-50%
9.0,9.076578661683323,0.07657866168332284,0.07657866168332284,50-75%
7.0,9.12373277854152,2.1237327785415197,2.1237327785415197,25-50%
7.0,9.204693084607861,2.204693084607861,2.204693084607861,25-50%
7.0,9.254965259690113,2.2549652596901133,2.2549652596901133,25-50%
8.0,9.03574837373661,1.0357483737366096,1.0357483737366096,25-50%
8.0,9.03574837373661,1.0357483737366096,1.0357483737366096,25-50%
9.0,8.83986714341653,-0.16013285658346987,0.16013285658346987,50-75%
9.0,8.83986714341653,-0.16013285658346987,0.16013285658346987,50-75%
9.0,9.056331577721645,0.05633157772164488,0.05633157772164488,50-75%
7.0,8.89998797011718,1.8999879701171807,1.8999879701171807,25-50%
7.0,9.210034442134008,2.210034442134008,2.210034442134008,25-50%
8.0,9.254965259690113,1.2549652596901133,1.2549652596901133,25-50%
8.0,9.31242455343616,1.3124245534361592,1.3124245534361592,25-50%
8.0,9.03574837373661,1.0357483737366096,1.0357483737366096,25-50%
9.0,9.076578661683323,0.07657866168332284,0.07657866168332284,50-75%
9.0,9.056331577721645,0.05633157772164488,0.05633157772164488,50-75%
9.0,9.056331577721645,0.05633157772164488,0.05633157772164488,50-75%
9.0,8.705063510242756,-0.2949364897572444,0.2949364897572444,50-75%
7.0,9.077361638626495,2.0773616386264955,2.0773616386264955,25-50%
7.0,8.89998797011718,1.8999879701171807,1.8999879701171807,25-50%
7.666666666666668,9.208439666998284,1.5417730003316166,1.5417730003316166,25-50%
7.666666666666668,9.246883023192005,1.5802163565253373,1.5802163565253373,25-50%
9.0,9.056331577721645,0.05633157772164488,0.05633157772164488,50-75%
7.0,9.246136958145124,2.246136958145124,2.246136958145124,25-50%
7.0,8.89998797011718,1.8999879701171807,1.8999879701171807,25-50%
8.0,9.293284720378194,1.2932847203781943,1.2932847203781943,25-50%
8.0,9.298444772310896,1.298444772310896,1.298444772310896,25-50%
8.0,9.246883023192005,1.2468830231920052,1.2468830231920052,25-50%
9.0,9.301342255934088,0.30134225593408814,0.30134225593408814,50-75%
9.0,9.25643058679081,0.25643058679080966,0.25643058679080966,50-75%
2.0,8.917189512429694,6.917189512429694,6.917189512429694,0-25%
2.0,8.966045336251064,6.966045336251064,6.966045336251064,0-25%
2.0,8.896640786632199,6.896640786632199,6.896640786632199,0-25%
7.0,9.89426368384291,2.89426368384291,2.89426368384291,25-50%
7.0,9.8061527933368,2.8061527933368,2.8061527933368,25-50%
7.0,9.12373277854152,2.1237327785415197,2.1237327785415197,25-50%
8.0,9.201807638513104,1.2018076385131042,1.2018076385131042,25-50%
10.333333333333334,9.308682384561022,-1.0246509487723117,1.0246509487723117,50-75%
10.333333333333334,9.44235222065585,-0.8909811126774834,0.8909811126774834,50-75%
10.333333333333334,9.462447293429193,-0.8708860399041409,0.8708860399041409,50-75%
12.0,9.518620493380197,-2.4813795066198026,2.4813795066198026,50-75%
9.0,9.311497676734215,0.3114976767342146,0.3114976767342146,50-75%
2.0,8.91574010680914,6.915740106809141,6.915740106809141,0-25%
2.0,8.91350897796685,6.913508977966851,6.913508977966851,0-25%
2.0,8.933789369411363,6.933789369411363,6.933789369411363,0-25%
2.0,8.926966222119669,6.926966222119669,6.926966222119669,0-25%
2.0,8.91761985788806,6.917619857888059,6.917619857888059,0-25%
2.0,8.896640786632199,6.896640786632199,6.896640786632199,0-25%
2.0,8.966045336251064,6.966045336251064,6.966045336251064,0-25%
7.0,9.89426368384291,2.89426368384291,2.89426368384291,25-50%
7.0,9.496984711388752,2.4969847113887518,2.4969847113887518,25-50%
7.0,9.723452854652766,2.7234528546527663,2.7234528546527663,25-50%
11.0,9.797445663362645,-1.2025543366373554,1.2025543366373554,50-75%
11.0,9.714812360707988,-1.2851876392920119,1.2851876392920119,50-75%
11.0,9.797445663362645,-1.2025543366373554,1.2025543366373554,50-75%
15.0,9.532899155400361,-5.4671008445996385,5.4671008445996385,50-75%
15.0,9.297519152106235,-5.702480847893765,5.702480847893765,50-75%
2.0,8.929200379641877,6.929200379641877,6.929200379641877,0-25%
2.0,8.929200379641877,6.929200379641877,6.929200379641877,0-25%
2.0,8.922380384355117,6.922380384355117,6.922380384355117,0-25%
2.0,8.922380384355117,6.922380384355117,6.922380384355117,0-25%
2.0,8.922380384355117,6.922380384355117,6.922380384355117,0-25%
2.0,8.926966222119669,6.926966222119669,6.926966222119669,0-25%
2.0,8.91350897796685,6.913508977966851,6.913508977966851,0-25%
11.0,9.797445663362645,-1.2025543366373554,1.2025543366373554,50-75%
11.0,9.665733816853614,-1.3342661831463865,1.3342661831463865,50-75%
11.0,9.714812360707988,-1.2851876392920119,1.2851876392920119,50-75%
11.0,9.498908857446388,-1.5010911425536122,1.5010911425536122,50-75%
11.0,9.498908857446388,-1.5010911425536122,1.5010911425536122,50-75%
15.0,9.546182616493391,-5.453817383506609,5.453817383506609,50-75%
15.0,9.311497676734215,-5.688502323265785,5.688502323265785,50-75%
2.0,8.91574010680914,6.915740106809141,6.915740106809141,0-25%
2.0,8.91574010680914,6.915740106809141,6.915740106809141,0-25%
2.0,8.922380384355117,6.922380384355117,6.922380384355117,0-25%
2.0,8.922380384355117,6.922380384355117,6.922380384355117,0-25%
2.0,8.922380384355117,6.922380384355117,6.922380384355117,0-25%
2.0,8.926966222119669,6.926966222119669,6.926966222119669,0-25%
2.0,8.91350897796685,6.913508977966851,6.913508977966851,0-25%
7.0,9.797445663362645,2.7974456633626446,2.7974456633626446,25-50%
7.0,9.797445663362645,2.7974456633626446,2.7974456633626446,25-50%
11.0,9.812102820867782,-1.187897179132218,1.187897179132218,50-75%
11.0,9.812102820867782,-1.187897179132218,1.187897179132218,50-75%
11.0,9.791358137503458,-1.2086418624965418,1.2086418624965418,50-75%
11.0,9.8061527933368,-1.1938472066632002,1.1938472066632002,50-75%
15.0,9.44235222065585,-5.557647779344149,5.557647779344149,50-75%
15.0,9.056331577721645,-5.943668422278355,5.943668422278355,50-75%
15.0,9.068517440958624,-5.931482559041376,5.931482559041376,50-75%
15.0,9.242526712489784,-5.757473287510216,5.757473287510216,50-75%
2.0,8.91574010680914,6.915740106809141,6.915740106809141,0-25%
2.0,8.922380384355117,6.922380384355117,6.922380384355117,0-25%
2.0,8.922380384355117,6.922380384355117,6.922380384355117,0-25%
2.0,8.91761985788806,6.917619857888059,6.917619857888059,0-25%
2.0,8.903745521829508,6.903745521829508,6.903745521829508,0-25%
2.0,8.942361852641385,6.942361852641385,6.942361852641385,0-25%
11.0,9.812102820867782,-1.187897179132218,1.187897179132218,50-75%
11.0,9.812102820867782,-1.187897179132218,1.187897179132218,50-75%
15.0,9.896732936482138,-5.103267063517862,5.103267063517862,50-75%
15.0,9.905520132355099,-5.0944798676449015,5.0944798676449015,50-75%
15.0,9.105856392594184,-5.894143607405816,5.894143607405816,50-75%
2.0,8.91574010680914,6.915740106809141,6.915740106809141,0-25%
2.5,8.90892935687888,6.408929356878881,6.408929356878881,0-25%
2.5,8.91350897796685,6.413508977966851,6.413508977966851,0-25%
2.5,8.966045336251064,6.466045336251064,6.466045336251064,0-25%
2.0,8.620741989251554,6.620741989251554,6.620741989251554,0-25%
15.0,9.289813158671212,-5.710186841328788,5.710186841328788,50-75%
15.0,9.092804750465731,-5.9071952495342686,5.9071952495342686,50-75%
15.0,9.15670850350119,-5.843291496498811,5.843291496498811,50-75%
15.0,9.051644431203655,-5.9483555687963445,5.9483555687963445,50-75%
15.0,9.067622673610765,-5.9323773263892345,5.9323773263892345,50-75%
3.0,8.920322875629108,5.9203228756291075,5.9203228756291075,0-25%
3.0,8.920322875629108,5.9203228756291075,5.9203228756291075,0-25%
3.0,8.91761985788806,5.917619857888059,5.917619857888059,0-25%
2.5,8.99895179992849,6.49895179992849,6.49895179992849,0-25%
3.0,8.715325084457168,5.715325084457168,5.715325084457168,0-25%
3.0,9.453967189659101,6.453967189659101,6.453967189659101,0-25%
3.0,8.924005939850609,5.924005939850609,5.924005939850609,0-25%
3.0,8.966045336251064,5.966045336251064,5.966045336251064,0-25%
3.0,8.966045336251064,5.966045336251064,5.966045336251064,0-25%
3.0,8.921796723451806,5.921796723451806,5.921796723451806,0-25%
3.0,8.921796723451806,5.921796723451806,5.921796723451806,0-25%
3.0,9.450087442633318,6.450087442633318,6.450087442633318,0-25%
3.0,8.972895343969778,5.972895343969778,5.972895343969778,0-25%
3.0,8.62735465803467,5.627354658034671,5.627354658034671,0-25%
3.0,8.760941025324016,5.760941025324016,5.760941025324016,0-25%
3.0,8.952535115471914,5.952535115471914,5.952535115471914,0-25%
3.0,8.917189512429694,5.917189512429694,5.917189512429694,0-25%
3.0,9.464273073417168,6.464273073417168,6.464273073417168,0-25%
3.0,9.464273073417168,6.464273073417168,6.464273073417168,0-25%
3.0,8.634174636422813,5.634174636422813,5.634174636422813,0-25%
3.0,8.917189512429694,5.917189512429694,5.917189512429694,0-25%
3.0,8.931082682417605,5.931082682417605,5.931082682417605,0-25%
3.0,9.50546738319803,6.505467383198029,6.505467383198029,0-25%
3.0,9.204505244145516,6.2045052441455155,6.2045052441455155,0-25%
3.0,8.90892935687888,5.908929356878881,5.908929356878881,0-25%
3.0,8.725762497821917,5.725762497821917,5.725762497821917,0-25%
2.0,9.962439370753087,7.962439370753087,7.962439370753087,0-25%
2.0,9.962439370753087,7.962439370753087,7.962439370753087,0-25%
2.0,9.951642861041691,7.951642861041691,7.951642861041691,0-25%
2.0,9.848884805639479,7.848884805639479,7.848884805639479,0-25%
3.0,8.725762497821917,5.725762497821917,5.725762497821917,0-25%
3.0,8.725762497821917,5.725762497821917,5.725762497821917,0-25%
3.0,8.725762497821917,5.725762497821917,5.725762497821917,0-25%
3.0,9.455841415316657,6.455841415316657,6.455841415316657,0-25%
3.0,9.455841415316657,6.455841415316657,6.455841415316657,0-25%
2.0,9.94757841325391,7.947578413253909,7.947578413253909,0-25%
2.0,9.962439370753087,7.962439370753087,7.962439370753087,0-25%
2.0,9.962439370753087,7.962439370753087,7.962439370753087,0-25%
2.0,9.962439370753087,7.962439370753087,7.962439370753087,0-25%
2.0,9.962439370753087,7.962439370753087,7.962439370753087,0-25%
2.0,9.859580012892682,7.859580012892682,7.859580012892682,0-25%
3.0,8.712578010479362,5.712578010479362,5.712578010479362,0-25%
3.0,8.712578010479362,5.712578010479362,5.712578010479362,0-25%
3.0,9.455841415316657,6.455841415316657,6.455841415316657,0-25%
3.0,9.455841415316657,6.455841415316657,6.455841415316657,0-25%
3.0,9.455841415316657,6.455841415316657,6.455841415316657,0-25%
3.0,9.455841415316657,6.455841415316657,6.455841415316657,0-25%
2.0,9.94757841325391,7.947578413253909,7.947578413253909,0-25%
2.0,9.94757841325391,7.947578413253909,7.947578413253909,0-25%
2.0,9.953606311822641,7.953606311822641,7.953606311822641,0-25%
2.0,9.938757328639483,7.938757328639483,7.938757328639483,0-25%
2.0,9.962439370753087,7.962439370753087,7.962439370753087,0-25%
2.0,9.962439370753087,7.962439370753087,7.962439370753087,0-25%
2.0,9.844858494116389,7.844858494116389,7.844858494116389,0-25%
2.0,9.844858494116389,7.844858494116389,7.844858494116389,0-25%
3.0,8.707102125567175,5.707102125567175,5.707102125567175,0-25%
3.0,8.712578010479362,5.712578010479362,5.712578010479362,0-25%
3.0,9.441667214699802,6.441667214699802,6.441667214699802,0-25%
3.0,9.455841415316657,6.455841415316657,6.455841415316657,0-25%
3.0,9.455841415316657,6.455841415316657,6.455841415316657,0-25%
3.0,9.441667214699802,6.441667214699802,6.441667214699802,0-25%
3.0,9.441667214699802,6.441667214699802,6.441667214699802,0-25%
2.0,9.745788687042415,7.745788687042415,7.745788687042415,0-25%
2.0,9.938757328639483,7.938757328639483,7.938757328639483,0-25%
2.0,9.938757328639483,7.938757328639483,7.938757328639483,0-25%
2.0,9.94757841325391,7.947578413253909,7.947578413253909,0-25%
2.0,9.925956987074358,7.925956987074358,7.925956987074358,0-25%
2.0,9.94757841325391,7.947578413253909,7.947578413253909,0-25%
2.0,9.967501294268727,7.967501294268727,7.967501294268727,0-25%
2.0,9.967501294268727,7.967501294268727,7.967501294268727,0-25%
3.0,8.712578010479362,5.712578010479362,5.712578010479362,0-25%
3.0,8.638247245285498,5.638247245285498,5.638247245285498,0-25%
3.0,9.441667214699802,6.441667214699802,6.441667214699802,0-25%
3.0,9.441667214699802,6.441667214699802,6.441667214699802,0-25%
3.0,9.455841415316657,6.455841415316657,6.455841415316657,0-25%
3.0,9.441667214699802,6.441667214699802,6.441667214699802,0-25%
2.0,9.629473617617577,7.6294736176175775,7.6294736176175775,0-25%
2.0,9.962439370753087,7.962439370753087,7.962439370753087,0-25%
2.0,9.962439370753087,7.962439370753087,7.962439370753087,0-25%
2.0,9.962439370753087,7.962439370753087,7.962439370753087,0-25%
2.0,9.938757328639483,7.938757328639483,7.938757328639483,0-25%
2.0,9.94757841325391,7.947578413253909,7.947578413253909,0-25%
3.0,9.72474507764722,6.724745077647221,6.724745077647221,0-25%
3.0,9.710206344487736,6.710206344487736,6.710206344487736,0-25%
3.0,9.441667214699802,6.441667214699802,6.441667214699802,0-25%
3.0,9.435780274291462,6.435780274291462,6.435780274291462,0-25%
3.0,9.441667214699802,6.441667214699802,6.441667214699802,0-25%
3.0,9.441667214699802,6.441667214699802,6.441667214699802,0-25%
2.0,9.94757841325391,7.947578413253909,7.947578413253909,0-25%
2.0,9.962439370753087,7.962439370753087,7.962439370753087,0-25%
2.0,9.962439370753087,7.962439370753087,7.962439370753087,0-25%
2.0,9.094087054996272,7.0940870549962725,7.0940870549962725,0-25%
2.0,9.094087054996272,7.0940870549962725,7.0940870549962725,0-25%
3.0,9.464273073417168,6.464273073417168,6.464273073417168,0-25%
3.0,9.464273073417168,6.464273073417168,6.464273073417168,0-25%
6.0,7.574286629028395,1.5742866290283946,1.5742866290283946,25-50%
6.0,7.723934820712058,1.7239348207120582,1.7239348207120582,25-50%
6.0,7.723934820712058,1.7239348207120582,1.7239348207120582,25-50%
9.0,7.582280989241839,-1.4177190107581614,1.4177190107581614,50-75%
6.0,7.942423704347381,1.942423704347381,1.942423704347381,25-50%
6.0,8.30697726658445,2.3069772665844503,2.3069772665844503,25-50%
6.0,7.942423704347381,1.942423704347381,1.942423704347381,25-50%
6.0,7.845217071131324,1.8452170711313238,1.8452170711313238,25-50%
6.0,8.639232434392959,2.6392324343929587,2.6392324343929587,25-50%
6.0,8.04115489166092,2.04115489166092,2.04115489166092,25-50%
6.0,8.04115489166092,2.04115489166092,2.04115489166092,25-50%
9.0,8.639232434392959,-0.36076756560704126,0.36076756560704126,50-75%
6.0,8.30697726658445,2.3069772665844503,2.3069772665844503,25-50%
6.0,8.894706504297215,2.894706504297215,2.894706504297215,25-50%
6.0,8.822111232937473,2.8221112329374733,2.8221112329374733,25-50%
6.0,8.894706504297215,2.894706504297215,2.894706504297215,25-50%
6.0,8.745165089770348,2.7451650897703477,2.7451650897703477,25-50%
6.0,9.137678321045424,3.137678321045424,3.137678321045424,25-50%
6.0,8.64083605300734,2.640836053007339,2.640836053007339,25-50%
6.0,8.409772156857864,2.409772156857864,2.409772156857864,25-50%
6.0,8.522550802781923,2.5225508027819235,2.5225508027819235,25-50%
6.0,8.522550802781923,2.5225508027819235,2.5225508027819235,25-50%
6.0,8.013500948057933,2.013500948057933,2.013500948057933,25-50%
9.0,8.721257761224459,-0.27874223877554094,0.27874223877554094,50-75%
18.0,9.10490307639848,-8.89509692360152,8.89509692360152,75-100%
18.0,9.056175569571355,-8.943824430428645,8.943824430428645,75-100%
18.0,9.474028092522973,-8.525971907477027,8.525971907477027,75-100%
18.0,9.149220357607394,-8.850779642392606,8.850779642392606,75-100%
18.0,9.444657081361441,-8.555342918638559,8.555342918638559,75-100%
18.0,9.61026345046004,-8.38973654953996,8.38973654953996,75-100%
18.0,9.467163787302006,-8.532836212697994,8.532836212697994,75-100%
18.0,9.61026345046004,-8.38973654953996,8.38973654953996,75-100%
18.0,9.49492693525408,-8.50507306474592,8.50507306474592,75-100%
18.0,9.468550931297223,-8.531449068702777,8.531449068702777,75-100%
2.0,8.984498617235538,6.984498617235538,6.984498617235538,0-25%
2.0,9.319444849823224,7.319444849823224,7.319444849823224,0-25%
2.0,8.889047139579539,6.889047139579539,6.889047139579539,0-25%
2.0,8.940900605037648,6.940900605037648,6.940900605037648,0-25%
2.0,9.314048524483685,7.314048524483685,7.314048524483685,0-25%
2.0,9.25811137916965,7.25811137916965,7.25811137916965,0-25%
2.0,9.29302371200418,7.29302371200418,7.29302371200418,0-25%
2.0,8.54196500386422,6.54196500386422,6.54196500386422,0-25%
2.0,8.984498617235538,6.984498617235538,6.984498617235538,0-25%
2.0,9.173204416059434,7.173204416059434,7.173204416059434,0-25%
2.0,9.427397233037636,7.427397233037636,7.427397233037636,0-25%
2.0,9.220362811435681,7.220362811435681,7.220362811435681,0-25%
2.0,8.984498617235538,6.984498617235538,6.984498617235538,0-25%
2.0,9.427397233037636,7.427397233037636,7.427397233037636,0-25%
2.0,9.427397233037636,7.427397233037636,7.427397233037636,0-25%
2.0,9.345445174030253,7.345445174030253,7.345445174030253,0-25%
5.0,9.637781216520592,4.637781216520592,4.637781216520592,0-25%
2.0,8.950220974297359,6.950220974297359,6.950220974297359,0-25%
2.0,9.500380571247849,7.500380571247849,7.500380571247849,0-25%
2.0,10.254467369730285,8.254467369730285,8.254467369730285,0-25%
2.0,9.427397233037636,7.427397233037636,7.427397233037636,0-25%
2.0,9.345445174030253,7.345445174030253,7.345445174030253,0-25%
5.0,10.829060248205543,5.829060248205543,5.829060248205543,0-25%
5.0,10.492736483793738,5.492736483793738,5.492736483793738,0-25%
5.0,10.829060248205543,5.829060248205543,5.829060248205543,0-25%
5.0,10.391610410626686,5.3916104106266864,5.3916104106266864,0-25%
5.0,10.45525589800856,5.455255898008559,5.455255898008559,0-25%
2.0,9.255330890779721,7.255330890779721,7.255330890779721,0-25%
2.0,9.886062945795935,7.886062945795935,7.886062945795935,0-25%
2.0,10.314822478724782,8.314822478724782,8.314822478724782,0-25%
2.0,10.097333015375384,8.097333015375384,8.097333015375384,0-25%
2.0,9.544827366340641,7.544827366340641,7.544827366340641,0-25%
5.0,10.300454475802772,5.300454475802772,5.300454475802772,0-25%
5.0,10.892496766090265,5.8924967660902645,5.8924967660902645,0-25%
5.0,10.892496766090265,5.8924967660902645,5.8924967660902645,0-25%
5.0,10.922460468212737,5.922460468212737,5.922460468212737,0-25%
5.0,10.799331280882816,5.799331280882816,5.799331280882816,0-25%
5.0,10.863492028368691,5.863492028368691,5.863492028368691,0-25%
5.0,10.04712359707289,5.04712359707289,5.04712359707289,0-25%
5.0,9.916288942951683,4.916288942951683,4.916288942951683,0-25%
5.0,10.206858867762971,5.206858867762971,5.206858867762971,0-25%
5.0,10.04712359707289,5.04712359707289,5.04712359707289,0-25%
5.0,9.691763555161991,4.691763555161991,4.691763555161991,0-25%
12.0,10.041136471741904,-1.958863528258096,1.958863528258096,50-75%
4.5,10.129004696435198,5.629004696435198,5.629004696435198,0-25%
4.0,9.446830243962388,5.446830243962388,5.446830243962388,0-25%
12.0,10.082910776755295,-1.9170892232447052,1.9170892232447052,50-75%
12.0,10.041136471741904,-1.958863528258096,1.958863528258096,50-75%
12.0,9.76685595571173,-2.23314404428827,2.23314404428827,50-75%
4.0,10.080654362269913,6.080654362269913,6.080654362269913,0-25%
12.0,10.304300006630342,-1.695699993369658,1.695699993369658,50-75%
8.0,9.271575424368134,1.2715754243681339,1.2715754243681339,25-50%
8.0,9.883993819847298,1.8839938198472979,1.8839938198472979,25-50%
4.0,9.934447490864388,5.934447490864388,5.934447490864388,0-25%
4.0,9.934447490864388,5.934447490864388,5.934447490864388,0-25%
4.0,9.934447490864388,5.934447490864388,5.934447490864388,0-25%
4.0,10.596546347870405,6.5965463478704045,6.5965463478704045,0-25%
12.0,10.337669461789577,-1.6623305382104228,1.6623305382104228,50-75%
12.0,10.170419529196224,-1.8295804708037764,1.8295804708037764,50-75%
8.0,10.29194795778583,2.2919479577858297,2.2919479577858297,25-50%
8.0,10.011436859967766,2.011436859967766,2.011436859967766,25-50%
8.0,10.29194795778583,2.2919479577858297,2.2919479577858297,25-50%
8.0,9.24608070669616,1.2460807066961603,1.2460807066961603,25-50%
4.0,10.176611578422866,6.176611578422866,6.176611578422866,0-25%
4.0,9.76698131817528,5.766981318175279,5.766981318175279,0-25%
4.0,9.934447490864388,5.934447490864388,5.934447490864388,0-25%
4.0,10.402527523835492,6.4025275238354915,6.4025275238354915,0-25%
12.0,10.304300006630342,-1.695699993369658,1.695699993369658,50-75%
8.0,10.489894053643976,2.489894053643976,2.489894053643976,25-50%
8.0,10.427284986068273,2.4272849860682726,2.4272849860682726,25-50%
8.0,10.29194795778583,2.2919479577858297,2.2919479577858297,25-50%
8.0,10.29194795778583,2.2919479577858297,2.2919479577858297,25-50%
8.0,10.29194795778583,2.2919479577858297,2.2919479577858297,25-50%
8.0,10.29194795778583,2.2919479577858297,2.2919479577858297,25-50%
4.0,9.52272223482868,5.522722234828681,5.522722234828681,0-25%
4.0,9.601716659169671,5.601716659169671,5.601716659169671,0-25%
4.0,9.639464479577926,5.639464479577926,5.639464479577926,0-25%
4.0,9.906966877415208,5.906966877415208,5.906966877415208,0-25%
12.0,9.983530122986995,-2.016469877013005,2.016469877013005,50-75%
8.0,10.326124583668886,2.3261245836688857,2.3261245836688857,25-50%
8.0,10.427284986068273,2.4272849860682726,2.4272849860682726,25-50%
8.0,10.203487155053129,2.2034871550531285,2.2034871550531285,25-50%
8.0,10.29194795778583,2.2919479577858297,2.2919479577858297,25-50%
8.0,10.29194795778583,2.2919479577858297,2.2919479577858297,25-50%
4.0,10.396762862985183,6.396762862985183,6.396762862985183,0-25%
4.0,9.628428180409518,5.628428180409518,5.628428180409518,0-25%
4.0,9.628428180409518,5.628428180409518,5.628428180409518,0-25%
4.0,10.340394521308177,6.340394521308177,6.340394521308177,0-25%
8.0,10.203487155053129,2.2034871550531285,2.2034871550531285,25-50%
8.0,9.549371274063704,1.549371274063704,1.549371274063704,25-50%
4.0,10.307480943232909,6.307480943232909,6.307480943232909,0-25%
4.0,10.567401737884618,6.567401737884618,6.567401737884618,0-25%
4.0,9.628428180409518,5.628428180409518,5.628428180409518,0-25%
4.0,9.783279716069641,5.783279716069641,5.783279716069641,0-25%
4.0,9.426553721130853,5.426553721130853,5.426553721130853,0-25%
2.0,9.596948752336596,7.596948752336596,7.596948752336596,0-25%
2.0,9.548906990500258,7.548906990500258,7.548906990500258,0-25%
2.0,9.548906990500258,7.548906990500258,7.548906990500258,0-25%
2.0,9.633297901412028,7.633297901412028,7.633297901412028,0-25%
2.0,9.5376223357684,7.5376223357684005,7.5376223357684005,0-25%
2.0,9.548906990500258,7.548906990500258,7.548906990500258,0-25%
2.0,9.596948752336596,7.596948752336596,7.596948752336596,0-25%
2.0,9.284573294144735,7.284573294144735,7.284573294144735,0-25%
2.0,9.237947701029857,7.2379477010298565,7.2379477010298565,0-25%
2.0,9.237947701029857,7.2379477010298565,7.2379477010298565,0-25%
2.0,9.237947701029857,7.2379477010298565,7.2379477010298565,0-25%
2.0,9.681723995771806,7.681723995771806,7.681723995771806,0-25%
2.0,9.681723995771806,7.681723995771806,7.681723995771806,0-25%
2.0,9.612660977882577,7.612660977882577,7.612660977882577,0-25%
2.0,9.596948752336596,7.596948752336596,7.596948752336596,0-25%
2.0,9.512294122426727,7.512294122426727,7.512294122426727,0-25%
2.0,9.596948752336596,7.596948752336596,7.596948752336596,0-25%
2.0,9.596948752336596,7.596948752336596,7.596948752336596,0-25%
6.5,9.548906990500258,3.0489069905002584,3.0489069905002584,25-50%
6.5,9.237947701029857,2.7379477010298565,2.7379477010298565,25-50%
11.0,9.342921164107011,-1.6570788358929889,1.6570788358929889,50-75%
2.0,9.53421265184005,7.5342126518400505,7.5342126518400505,0-25%
2.0,9.448681823625499,7.448681823625499,7.448681823625499,0-25%
2.0,9.363915347494174,7.363915347494174,7.363915347494174,0-25%
2.0,9.273618500331088,7.273618500331088,7.273618500331088,0-25%
2.0,9.354737220505537,7.3547372205055375,7.3547372205055375,0-25%
2.0,9.512294122426727,7.512294122426727,7.512294122426727,0-25%
5.0,9.596948752336596,4.596948752336596,4.596948752336596,0-25%
6.5,9.548906990500258,3.0489069905002584,3.0489069905002584,25-50%
6.5,9.284573294144735,2.784573294144735,2.784573294144735,25-50%
11.0,9.237947701029857,-1.7620522989701435,1.7620522989701435,50-75%
11.0,9.342921164107011,-1.6570788358929889,1.6570788358929889,50-75%
11.0,9.585612705105447,-1.4143872948945528,1.4143872948945528,50-75%
11.0,9.585612705105447,-1.4143872948945528,1.4143872948945528,50-75%
7.0,9.278430757309213,2.278430757309213,2.278430757309213,25-50%
7.0,9.278430757309213,2.278430757309213,2.278430757309213,25-50%
7.0,9.278430757309213,2.278430757309213,2.278430757309213,25-50%
7.0,9.71263787894338,2.7126378789433794,2.7126378789433794,25-50%
7.0,9.56469962373264,2.56469962373264,2.56469962373264,25-50%
11.0,9.349503223480955,-1.650496776519045,1.650496776519045,50-75%
11.0,9.451687926183995,-1.548312073816005,1.548312073816005,50-75%
6.5,9.53421265184005,3.0342126518400505,3.0342126518400505,25-50%
6.5,9.451687926183995,2.951687926183995,2.951687926183995,25-50%
2.0,9.354737220505537,7.3547372205055375,7.3547372205055375,0-25%
2.0,9.273618500331088,7.273618500331088,7.273618500331088,0-25%
5.0,9.387793626578873,4.387793626578873,4.387793626578873,0-25%
6.5,9.596948752336596,3.096948752336596,3.096948752336596,25-50%
6.5,9.596948752336596,3.096948752336596,3.096948752336596,25-50%
11.0,9.548906990500258,-1.4510930094997416,1.4510930094997416,50-75%
11.0,9.5376223357684,-1.4623776642315995,1.4623776642315995,50-75%
11.0,9.5376223357684,-1.4623776642315995,1.4623776642315995,50-75%
11.0,9.342921164107011,-1.6570788358929889,1.6570788358929889,50-75%
7.0,8.84556314279646,1.8455631427964594,1.8455631427964594,25-50%
7.0,9.231833011671814,2.2318330116718137,2.2318330116718137,25-50%
7.0,9.231833011671814,2.2318330116718137,2.2318330116718137,25-50%
7.0,9.278430757309213,2.278430757309213,2.278430757309213,25-50%
9.0,9.231833011671814,0.2318330116718137,0.2318330116718137,50-75%
9.0,9.56469962373264,0.5646996237326398,0.5646996237326398,50-75%
9.0,9.379455629446618,0.3794556294466176,0.3794556294466176,50-75%
11.0,9.451687926183995,-1.548312073816005,1.548312073816005,50-75%
6.5,9.317634817158378,2.8176348171583783,2.8176348171583783,25-50%
2.0,9.570942119024647,7.570942119024647,7.570942119024647,0-25%
2.0,9.478841526450605,7.478841526450605,7.478841526450605,0-25%
5.0,9.548906990500258,4.548906990500258,4.548906990500258,0-25%
5.0,9.604688736425251,4.604688736425251,4.604688736425251,0-25%
6.5,9.556611885009742,3.056611885009742,3.056611885009742,25-50%
11.0,9.690087412474108,-1.3099125875258917,1.3099125875258917,50-75%
11.0,9.548906990500258,-1.4510930094997416,1.4510930094997416,50-75%
11.0,9.548906990500258,-1.4510930094997416,1.4510930094997416,50-75%
11.0,9.585612705105447,-1.4143872948945528,1.4143872948945528,50-75%
11.0,9.5376223357684,-1.4623776642315995,1.4623776642315995,50-75%
7.0,9.035376189307833,2.035376189307833,2.035376189307833,25-50%
7.0,9.155652867542155,2.1556528675421553,2.1556528675421553,25-50%
7.0,9.081079232595537,2.0810792325955365,2.0810792325955365,25-50%
9.0,8.95675933447025,-0.04324066552974948,0.04324066552974948,50-75%
9.0,8.848526590792954,-0.15147340920704622,0.15147340920704622,50-75%
9.0,9.612813308273882,0.612813308273882,0.612813308273882,50-75%
11.0,9.66046801902073,-1.3395319809792703,1.3395319809792703,50-75%
6.5,9.525377316218377,3.0253773162183766,3.0253773162183766,25-50%
6.5,9.525377316218377,3.0253773162183766,3.0253773162183766,25-50%
2.0,9.525377316218377,7.525377316218377,7.525377316218377,0-25%
2.0,9.525377316218377,7.525377316218377,7.525377316218377,0-25%
2.0,9.690087412474108,7.690087412474108,7.690087412474108,0-25%
11.0,9.641623402174305,-1.3583765978256945,1.3583765978256945,50-75%
11.0,9.690087412474108,-1.3099125875258917,1.3099125875258917,50-75%
11.0,9.641623402174305,-1.3583765978256945,1.3583765978256945,50-75%
11.0,9.67757806007423,-1.3224219399257695,1.3224219399257695,50-75%
11.0,9.548906990500258,-1.4510930094997416,1.4510930094997416,50-75%
11.0,9.5376223357684,-1.4623776642315995,1.4623776642315995,50-75%
11.0,9.5376223357684,-1.4623776642315995,1.4623776642315995,50-75%
7.0,9.002104341402164,2.0021043414021644,2.0021043414021644,25-50%
7.0,8.809192276819955,1.8091922768199549,1.8091922768199549,25-50%
9.0,8.723728520496675,-0.2762714795033254,0.2762714795033254,50-75%
9.0,8.870009882576891,-0.12999011742310884,0.12999011742310884,50-75%
9.0,9.52034790797521,0.5203479079752107,0.5203479079752107,50-75%
9.0,9.691320385457528,0.6913203854575283,0.6913203854575283,50-75%
11.0,9.709017851348847,-1.2909821486511532,1.2909821486511532,50-75%
11.0,9.681723995771806,-1.3182760042281938,1.3182760042281938,50-75%
11.0,9.525377316218377,-1.4746226837816234,1.4746226837816234,50-75%
11.0,9.488846114317566,-1.5111538856824343,1.5111538856824343,50-75%
11.0,9.690087412474108,-1.3099125875258917,1.3099125875258917,50-75%
11.0,9.641623402174305,-1.3583765978256945,1.3583765978256945,50-75%
11.0,9.596948752336596,-1.403051247663404,1.403051247663404,50-75%
11.0,9.548906990500258,-1.4510930094997416,1.4510930094997416,50-75%
11.0,9.585612705105447,-1.4143872948945528,1.4143872948945528,50-75%
7.0,8.95675933447025,1.9567593344702505,1.9567593344702505,25-50%
7.0,8.561838689513175,1.5618386895131753,1.5618386895131753,25-50%
9.0,8.762720129573118,-0.2372798704268817,0.2372798704268817,50-75%
9.0,9.437931798332668,0.43793179833266827,0.43793179833266827,50-75%
9.0,9.52034790797521,0.5203479079752107,0.5203479079752107,50-75%
11.0,9.567587421377366,-1.4324125786226336,1.4324125786226336,50-75%
11.0,9.66046801902073,-1.3395319809792703,1.3395319809792703,50-75%
11.0,9.709017851348847,-1.2909821486511532,1.2909821486511532,50-75%
7.0,8.561838689513175,1.5618386895131753,1.5618386895131753,25-50%
7.0,8.394664075579714,1.3946640755797137,1.3946640755797137,25-50%
7.0,8.768012260050318,1.7680122600503179,1.7680122600503179,25-50%
7.0,8.870009882576891,1.8700098825768912,1.8700098825768912,25-50%
9.0,9.472653419642528,0.47265341964252805,0.47265341964252805,50-75%
11.0,9.442432069124596,-1.557567930875404,1.557567930875404,50-75%
11.0,9.567587421377366,-1.4324125786226336,1.4324125786226336,50-75%
3.0,9.599373281792428,6.5993732817924275,6.5993732817924275,0-25%
3.0,9.62607889878331,6.626078898783311,6.626078898783311,0-25%
14.0,9.854574860234639,-4.145425139765361,4.145425139765361,50-75%
14.0,9.827294983849619,-4.172705016150381,4.172705016150381,50-75%
25.0,9.440188789735053,-15.559811210264947,15.559811210264947,75-100%
25.0,9.467206638785562,-15.532793361214438,15.532793361214438,75-100%
25.0,9.277605600561978,-15.722394399438022,15.722394399438022,75-100%
3.0,9.62607889878331,6.626078898783311,6.626078898783311,0-25%
3.0,9.62607889878331,6.626078898783311,6.626078898783311,0-25%
14.0,9.62607889878331,-4.373921101216689,4.373921101216689,50-75%
13.666666666666664,9.854574860234639,-3.8120918064320257,3.8120918064320257,50-75%
13.666666666666664,9.827294983849619,-3.8393716828170454,3.8393716828170454,50-75%
13.666666666666664,9.508129409814668,-4.1585372568519965,4.1585372568519965,50-75%
19.0,9.561867319853654,-9.438132680146346,9.438132680146346,75-100%
25.0,9.277605600561978,-15.722394399438022,15.722394399438022,75-100%
25.0,9.277605600561978,-15.722394399438022,15.722394399438022,75-100%
3.0,9.629405330548973,6.629405330548973,6.629405330548973,0-25%
5.0,9.599373281792428,4.5993732817924275,4.5993732817924275,0-25%
11.666666666666664,9.599373281792428,-2.0672933848742368,2.0672933848742368,50-75%
12.0,9.629405330548973,-2.3705946694510267,2.3705946694510267,50-75%
13.666666666666664,9.827294983849619,-3.8393716828170454,3.8393716828170454,50-75%
13.666666666666664,9.743780556347303,-3.922886110319361,3.922886110319361,50-75%
13.666666666666664,9.982421842402877,-3.6842448242637875,3.6842448242637875,50-75%
13.666666666666664,9.982421842402877,-3.6842448242637875,3.6842448242637875,50-75%
19.0,9.882665086473615,-9.117334913526385,9.117334913526385,75-100%
19.0,9.685538511042372,-9.314461488957628,9.314461488957628,75-100%
7.0,9.421233585391846,2.421233585391846,2.421233585391846,25-50%
5.0,9.529981953566196,4.529981953566196,4.529981953566196,0-25%
12.0,9.447490371081436,-2.552509628918564,2.552509628918564,50-75%
12.0,9.574242852148956,-2.4257571478510442,2.4257571478510442,50-75%
12.0,9.574242852148956,-2.4257571478510442,2.4257571478510442,50-75%
10.2,9.657735250367995,-0.5422647496320039,0.5422647496320039,50-75%
11.0,9.897710871276173,-1.102289128723827,1.102289128723827,50-75%
11.0,9.982421842402877,-1.0175781575971232,1.0175781575971232,50-75%
13.666666666666664,10.010092568167327,-3.6565740984993376,3.6565740984993376,50-75%
13.666666666666664,9.53532308034261,-4.1313435863240535,4.1313435863240535,50-75%
3.0,9.685538511042372,6.685538511042372,6.685538511042372,0-25%
7.0,9.345346707292233,2.345346707292233,2.345346707292233,25-50%
5.0,9.447490371081436,4.447490371081436,4.447490371081436,0-25%
5.0,9.529981953566196,4.529981953566196,4.529981953566196,0-25%
7.666666666666668,9.447490371081436,1.7808237044147681,1.7808237044147681,25-50%
10.2,9.657735250367995,-0.5422647496320039,0.5422647496320039,50-75%
10.2,9.725744134572675,-0.4742558654273239,0.4742558654273239,50-75%
11.0,9.768645760342308,-1.2313542396576924,1.2313542396576924,50-75%
13.666666666666664,9.982421842402877,-3.6842448242637875,3.6842448242637875,50-75%
13.666666666666664,9.982421842402877,-3.6842448242637875,3.6842448242637875,50-75%
3.0,9.882665086473615,6.882665086473615,6.882665086473615,0-25%
7.0,9.345346707292233,2.345346707292233,2.345346707292233,25-50%
7.0,9.447490371081436,2.447490371081436,2.447490371081436,25-50%
7.666666666666668,9.643287357409449,1.9766206907427808,1.9766206907427808,25-50%
10.2,9.785471069059167,-0.41452893094083265,0.41452893094083265,50-75%
10.2,9.939998700148546,-0.2600012998514529,0.2600012998514529,50-75%
10.2,10.010092568167327,-0.18990743183267256,0.18990743183267256,50-75%
13.666666666666664,9.897710871276173,-3.7689557953904913,3.7689557953904913,50-75%
8.0,10.0252946485808,2.0252946485808003,2.0252946485808003,25-50%
8.0,10.083073043111382,2.0830730431113818,2.0830730431113818,25-50%
3.0,10.010092568167327,7.010092568167327,7.010092568167327,0-25%
3.0,9.882665086473615,6.882665086473615,6.882665086473615,0-25%
7.0,9.50351784882432,2.5035178488243197,2.5035178488243197,25-50%
7.0,9.656186614692075,2.656186614692075,2.656186614692075,25-50%
7.0,9.854574860234639,2.8545748602346386,2.8545748602346386,25-50%
7.0,9.854574860234639,2.8545748602346386,2.8545748602346386,25-50%
7.666666666666668,9.854574860234639,2.1879081935679707,2.1879081935679707,25-50%
7.666666666666668,10.010092568167327,2.343425901500659,2.343425901500659,25-50%
8.0,10.083073043111382,2.0830730431113818,2.0830730431113818,25-50%
8.0,10.110997364286082,2.1109973642860815,2.1109973642860815,25-50%
8.0,10.083073043111382,2.0830730431113818,2.0830730431113818,25-50%
3.0,10.010092568167327,7.010092568167327,7.010092568167327,0-25%
3.0,9.969570405391199,6.969570405391199,6.969570405391199,0-25%
3.0,10.010092568167327,7.010092568167327,7.010092568167327,0-25%
7.0,9.656186614692075,2.656186614692075,2.656186614692075,25-50%
7.0,9.629405330548973,2.6294053305489733,2.6294053305489733,25-50%
7.0,9.599373281792428,2.5993732817924275,2.5993732817924275,25-50%
7.0,9.854574860234639,2.8545748602346386,2.8545748602346386,25-50%
5.0,9.743780556347303,4.7437805563473034,4.7437805563473034,0-25%
5.0,9.982421842402877,4.982421842402877,4.982421842402877,0-25%
3.0,9.897710871276173,6.897710871276173,6.897710871276173,0-25%
3.0,9.982421842402877,6.982421842402877,6.982421842402877,0-25%
3.0,9.982421842402877,6.982421842402877,6.982421842402877,0-25%
3.0,10.010092568167327,7.010092568167327,7.010092568167327,0-25%
3.0,9.982421842402877,6.982421842402877,6.982421842402877,0-25%
7.0,9.953531815252202,2.9535318152522017,2.9535318152522017,25-50%
7.0,9.629405330548973,2.6294053305489733,2.6294053305489733,25-50%
3.0,10.010092568167327,7.010092568167327,7.010092568167327,0-25%
3.0,10.010092568167327,7.010092568167327,7.010092568167327,0-25%
3.0,10.010092568167327,7.010092568167327,7.010092568167327,0-25%
3.0,10.010092568167327,7.010092568167327,7.010092568167327,0-25%
2.0,9.280030270786197,7.280030270786197,7.280030270786197,0-25%
2.0,8.968463991708578,6.968463991708578,6.968463991708578,0-25%
2.0,8.923271494872338,6.923271494872338,6.923271494872338,0-25%
2.0,9.032325665589488,7.032325665589488,7.032325665589488,0-25%
2.0,8.518488338155292,6.518488338155292,6.518488338155292,0-25%
2.0,8.923271494872338,6.923271494872338,6.923271494872338,0-25%
2.0,9.078014816202426,7.078014816202426,7.078014816202426,0-25%
2.0,9.032325665589488,7.032325665589488,7.032325665589488,0-25%
2.0,9.157589083415399,7.157589083415399,7.157589083415399,0-25%
2.0,8.314420358359943,6.314420358359943,6.314420358359943,0-25%
2.0,8.94212845475135,6.94212845475135,6.94212845475135,0-25%
2.0,8.923271494872338,6.923271494872338,6.923271494872338,0-25%
2.0,9.045944199269385,7.045944199269385,7.045944199269385,0-25%
2.0,9.078014816202426,7.078014816202426,7.078014816202426,0-25%
2.0,9.032325665589488,7.032325665589488,7.032325665589488,0-25%
2.0,8.818934760157571,6.818934760157571,6.818934760157571,0-25%
2.0,8.774420161072621,6.774420161072621,6.774420161072621,0-25%
2.0,8.317198255087863,6.317198255087863,6.317198255087863,0-25%
2.0,8.936741991302814,6.936741991302814,6.936741991302814,0-25%
2.0,9.045944199269385,7.045944199269385,7.045944199269385,0-25%
2.0,9.078014816202426,7.078014816202426,7.078014816202426,0-25%
2.0,9.157589083415399,7.157589083415399,7.157589083415399,0-25%
2.0,8.774420161072621,6.774420161072621,6.774420161072621,0-25%
2.0,8.734532477207688,6.734532477207688,6.734532477207688,0-25%
2.0,8.928650656296053,6.928650656296053,6.928650656296053,0-25%
2.0,8.897055351301253,6.897055351301253,6.897055351301253,0-25%
2.0,8.94212845475135,6.94212845475135,6.94212845475135,0-25%
2.0,8.923271494872338,6.923271494872338,6.923271494872338,0-25%
2.0,9.157589083415399,7.157589083415399,7.157589083415399,0-25%
2.0,8.619792570868407,6.619792570868407,6.619792570868407,0-25%
2.0,8.734532477207688,6.734532477207688,6.734532477207688,0-25%
2.0,8.741428379921505,6.741428379921505,6.741428379921505,0-25%
2.0,8.8836386550744,6.8836386550743995,6.8836386550743995,0-25%
2.0,8.774420161072621,6.774420161072621,6.774420161072621,0-25%
10.0,9.850335856242548,-0.14966414375745174,0.14966414375745174,50-75%
10.0,9.697079831571841,-0.30292016842815883,0.30292016842815883,50-75%
10.0,9.131915348733532,-0.8680846512664679,0.8680846512664679,50-75%
10.0,9.850335856242548,-0.14966414375745174,0.14966414375745174,50-75%
10.0,9.480156743032587,-0.5198432569674125,0.5198432569674125,50-75%
10.0,9.480156743032587,-0.5198432569674125,0.5198432569674125,50-75%
10.0,9.89975038340819,-0.10024961659181031,0.10024961659181031,50-75%
10.0,9.423799444788312,-0.5762005552116882,0.5762005552116882,50-75%
10.0,9.229717757712798,-0.7702822422872018,0.7702822422872018,50-75%
10.0,9.850335856242548,-0.14966414375745174,0.14966414375745174,50-75%
10.0,9.141443418575683,-0.8585565814243168,0.8585565814243168,50-75%
10.0,9.469392392970102,-0.5306076070298982,0.5306076070298982,50-75%
10.0,9.89975038340819,-0.10024961659181031,0.10024961659181031,50-75%
10.0,9.850335856242548,-0.14966414375745174,0.14966414375745174,50-75%
10.0,9.471271442674658,-0.5287285573253424,0.5287285573253424,50-75%
10.0,9.423799444788312,-0.5762005552116882,0.5762005552116882,50-75%
10.5,9.767631195439016,-0.7323688045609842,0.7323688045609842,50-75%
10.5,9.426379729121308,-1.073620270878692,1.073620270878692,50-75%
10.0,9.421928913843306,-0.5780710861566938,0.5780710861566938,50-75%
10.0,9.068843127019125,-0.9311568729808748,0.9311568729808748,50-75%
10.0,9.684558474582804,-0.31544152541719583,0.31544152541719583,50-75%
10.0,9.89975038340819,-0.10024961659181031,0.10024961659181031,50-75%
10.5,9.263308662731081,-1.236691337268919,1.236691337268919,50-75%
10.5,9.767631195439016,-0.7323688045609842,0.7323688045609842,50-75%
10.5,9.767631195439016,-0.7323688045609842,0.7323688045609842,50-75%
10.5,9.767631195439016,-0.7323688045609842,0.7323688045609842,50-75%
10.5,9.272017498199032,-1.2279825018009678,1.2279825018009678,50-75%
10.5,8.919938259461613,-1.5800617405383868,1.5800617405383868,50-75%
10.0,9.68609267605721,-0.3139073239427894,0.3139073239427894,50-75%
10.0,9.89975038340819,-0.10024961659181031,0.10024961659181031,50-75%
11.0,9.078899390605173,-1.921100609394827,1.921100609394827,50-75%
10.5,9.767631195439016,-0.7323688045609842,0.7323688045609842,50-75%
10.5,9.718815636779382,-0.7811843632206177,0.7811843632206177,50-75%
10.5,9.767631195439016,-0.7323688045609842,0.7323688045609842,50-75%
10.5,9.520052897263838,-0.9799471027361619,0.9799471027361619,50-75%
10.5,8.920734077862878,-1.5792659221371217,1.5792659221371217,50-75%
10.5,9.214946092209606,-1.2850539077903935,1.2850539077903935,50-75%
11.0,9.087027080220524,-1.9129729197794756,1.9129729197794756,50-75%
11.0,9.087027080220524,-1.9129729197794756,1.9129729197794756,50-75%
11.0,9.466740528537722,-1.5332594714622783,1.5332594714622783,50-75%
11.0,9.466740528537722,-1.5332594714622783,1.5332594714622783,50-75%
10.5,9.767631195439016,-0.7323688045609842,0.7323688045609842,50-75%
10.5,9.372452150128936,-1.127547849871064,1.127547849871064,50-75%
10.5,9.372452150128936,-1.127547849871064,1.127547849871064,50-75%
11.0,9.182712551266956,-1.817287448733044,1.817287448733044,50-75%
11.0,9.214060431787656,-1.7859395682123438,1.7859395682123438,50-75%
11.0,9.328676016877022,-1.6713239831229778,1.6713239831229778,50-75%
11.0,9.505491900126795,-1.4945080998732045,1.4945080998732045,50-75%
11.0,9.118553638916648,-1.881446361083352,1.881446361083352,50-75%
11.0,8.938632705594117,-2.0613672944058834,2.0613672944058834,50-75%
11.0,9.229218213185517,-1.7707817868144833,1.7707817868144833,50-75%
11.0,9.110400546565515,-1.889599453434485,1.889599453434485,50-75%
11.0,9.340776611917617,-1.659223388082383,1.659223388082383,50-75%
11.0,9.260167517406648,-1.7398324825933518,1.7398324825933518,50-75%
11.0,9.251900318724639,-1.7480996812753613,1.7480996812753613,50-75%
11.0,9.229218213185517,-1.7707817868144833,1.7707817868144833,50-75%
11.0,8.938632705594117,-2.0613672944058834,2.0613672944058834,50-75%
11.0,9.118553638916648,-1.881446361083352,1.881446361083352,50-75%
11.0,9.340776611917617,-1.659223388082383,1.659223388082383,50-75%
11.0,9.198050142770992,-1.8019498572290082,1.8019498572290082,50-75%
19.0,8.348578332371705,-10.651421667628295,10.651421667628295,75-100%
19.0,8.29530874950657,-10.70469125049343,10.70469125049343,75-100%
19.0,8.29530874950657,-10.70469125049343,10.70469125049343,75-100%
19.0,8.348578332371705,-10.651421667628295,10.651421667628295,75-100%
19.0,8.226751930610817,-10.773248069389183,10.773248069389183,75-100%
19.0,8.348578332371705,-10.651421667628295,10.651421667628295,75-100%
19.0,8.27534183263023,-10.72465816736977,10.72465816736977,75-100%
19.0,8.348578332371705,-10.651421667628295,10.651421667628295,75-100%
19.0,8.348578332371705,-10.651421667628295,10.651421667628295,75-100%
19.0,8.348578332371705,-10.651421667628295,10.651421667628295,75-100%
19.0,8.126454570482556,-10.873545429517444,10.873545429517444,75-100%
19.0,8.348578332371705,-10.651421667628295,10.651421667628295,75-100%
19.0,8.348578332371705,-10.651421667628295,10.651421667628295,75-100%
19.0,8.348578332371705,-10.651421667628295,10.651421667628295,75-100%
19.0,8.17875648331929,-10.82124351668071,10.82124351668071,75-100%
19.0,7.8633022832170925,-11.136697716782908,11.136697716782908,75-100%
19.0,8.27534183263023,-10.72465816736977,10.72465816736977,75-100%
19.0,8.348578332371705,-10.651421667628295,10.651421667628295,75-100%
19.0,8.348578332371705,-10.651421667628295,10.651421667628295,75-100%
19.0,8.348578332371705,-10.651421667628295,10.651421667628295,75-100%
19.0,8.17875648331929,-10.82124351668071,10.82124351668071,75-100%
19.0,8.348578332371705,-10.651421667628295,10.651421667628295,75-100%
19.0,8.348578332371705,-10.651421667628295,10.651421667628295,75-100%
19.0,8.348578332371705,-10.651421667628295,10.651421667628295,75-100%
19.0,7.829080044399074,-11.170919955600926,11.170919955600926,75-100%
19.0,8.348578332371705,-10.651421667628295,10.651421667628295,75-100%
19.0,8.348578332371705,-10.651421667628295,10.651421667628295,75-100%
19.0,7.8151998966353355,-11.184800103364665,11.184800103364665,75-100%
19.0,7.6921607902652225,-11.307839209734777,11.307839209734777,75-100%
19.0,7.755801280831887,-11.244198719168114,11.244198719168114,75-100%
19.0,7.961698732189929,-11.03830126781007,11.03830126781007,75-100%
19.0,7.996563475727466,-11.003436524272534,11.003436524272534,75-100%
19.0,8.016040733400244,-10.983959266599756,10.983959266599756,75-100%
19.0,7.910060422808899,-11.089939577191101,11.089939577191101,75-100%
19.0,7.909673797379443,-11.090326202620556,11.090326202620556,75-100%
19.0,8.174637738114528,-10.825362261885472,10.825362261885472,75-100%
19.0,8.016040733400244,-10.983959266599756,10.983959266599756,75-100%
19.0,8.016040733400244,-10.983959266599756,10.983959266599756,75-100%
19.0,8.016040733400244,-10.983959266599756,10.983959266599756,75-100%
19.0,8.016040733400244,-10.983959266599756,10.983959266599756,75-100%
19.0,8.016040733400244,-10.983959266599756,10.983959266599756,75-100%
19.0,8.241651433959335,-10.758348566040665,10.758348566040665,75-100%
19.0,8.241651433959335,-10.758348566040665,10.758348566040665,75-100%
19.0,8.241651433959335,-10.758348566040665,10.758348566040665,75-100%
19.0,8.016040733400244,-10.983959266599756,10.983959266599756,75-100%
19.0,8.016040733400244,-10.983959266599756,10.983959266599756,75-100%
19.0,8.016040733400244,-10.983959266599756,10.983959266599756,75-100%
19.0,8.016040733400244,-10.983959266599756,10.983959266599756,75-100%
19.0,8.016040733400244,-10.983959266599756,10.983959266599756,75-100%
19.0,8.016040733400244,-10.983959266599756,10.983959266599756,75-100%
19.0,8.241651433959335,-10.758348566040665,10.758348566040665,75-100%
19.0,7.705803171976557,-11.294196828023443,11.294196828023443,75-100%
19.0,7.687846932068895,-11.312153067931105,11.312153067931105,75-100%
19.0,7.694001367053456,-11.305998632946544,11.305998632946544,75-100%
19.0,7.79890871671036,-11.201091283289639,11.201091283289639,75-100%
19.0,7.9221555203967045,-11.077844479603296,11.077844479603296,75-100%
19.0,8.020207687143234,-10.979792312856766,10.979792312856766,75-100%
19.0,7.49118118513307,-11.508818814866931,11.508818814866931,75-100%
19.0,7.49118118513307,-11.508818814866931,11.508818814866931,75-100%
19.0,7.639725024023354,-11.360274975976646,11.360274975976646,75-100%
10.0,8.478975219135641,-1.5210247808643587,1.5210247808643587,50-75%
10.0,8.478975219135641,-1.5210247808643587,1.5210247808643587,50-75%
10.0,8.270826883121336,-1.7291731168786644,1.7291731168786644,50-75%
10.0,8.270826883121336,-1.7291731168786644,1.7291731168786644,50-75%
10.0,8.478975219135641,-1.5210247808643587,1.5210247808643587,50-75%
10.0,8.478975219135641,-1.5210247808643587,1.5210247808643587,50-75%
10.0,8.270826883121336,-1.7291731168786644,1.7291731168786644,50-75%
10.0,8.739159447261821,-1.2608405527381787,1.2608405527381787,50-75%
10.0,8.739159447261821,-1.2608405527381787,1.2608405527381787,50-75%
10.0,8.478975219135641,-1.5210247808643587,1.5210247808643587,50-75%
10.0,8.478975219135641,-1.5210247808643587,1.5210247808643587,50-75%
10.0,8.38584125738715,-1.6141587426128492,1.6141587426128492,50-75%
10.0,8.38584125738715,-1.6141587426128492,1.6141587426128492,50-75%
10.0,8.283814552022315,-1.7161854479776846,1.7161854479776846,50-75%
10.0,8.168000317596013,-1.8319996824039873,1.8319996824039873,50-75%
10.0,8.739159447261821,-1.2608405527381787,1.2608405527381787,50-75%
10.0,8.38584125738715,-1.6141587426128492,1.6141587426128492,50-75%
10.0,8.283814552022315,-1.7161854479776846,1.7161854479776846,50-75%
10.0,8.647405259941927,-1.3525947400580733,1.3525947400580733,50-75%
10.0,8.378278552943877,-1.6217214470561228,1.6217214470561228,50-75%
10.0,8.378278552943877,-1.6217214470561228,1.6217214470561228,50-75%
10.0,8.283814552022315,-1.7161854479776846,1.7161854479776846,50-75%
10.0,8.739159447261821,-1.2608405527381787,1.2608405527381787,50-75%
10.0,8.270826883121336,-1.7291731168786644,1.7291731168786644,50-75%
10.0,8.38584125738715,-1.6141587426128492,1.6141587426128492,50-75%
10.5,8.378278552943877,-2.1217214470561228,2.1217214470561228,50-75%
10.5,8.378278552943877,-2.1217214470561228,2.1217214470561228,50-75%
10.5,8.378278552943877,-2.1217214470561228,2.1217214470561228,50-75%
10.5,8.739159447261821,-1.7608405527381787,1.7608405527381787,50-75%
10.0,8.576942716057573,-1.423057283942427,1.423057283942427,50-75%
10.5,8.38584125738715,-2.114158742612849,2.114158742612849,50-75%
10.5,8.38584125738715,-2.114158742612849,2.114158742612849,50-75%
10.5,8.378278552943877,-2.1217214470561228,2.1217214470561228,50-75%
10.5,8.731312054321142,-1.7686879456788578,1.7686879456788578,50-75%
11.0,8.731312054321142,-2.268687945678858,2.268687945678858,50-75%
11.0,8.739159447261821,-2.2608405527381787,2.2608405527381787,50-75%
11.0,8.270826883121336,-2.7291731168786644,2.7291731168786644,50-75%
11.0,8.38584125738715,-2.614158742612849,2.614158742612849,50-75%
11.0,8.38584125738715,-2.614158742612849,2.614158742612849,50-75%
11.0,8.378278552943877,-2.6217214470561228,2.6217214470561228,50-75%
11.0,8.731312054321142,-2.268687945678858,2.268687945678858,50-75%
11.0,8.731312054321142,-2.268687945678858,2.268687945678858,50-75%
11.0,8.739159447261821,-2.2608405527381787,2.2608405527381787,50-75%
11.0,8.590359228160313,-2.409640771839687,2.409640771839687,50-75%
11.0,8.283814552022315,-2.7161854479776846,2.7161854479776846,50-75%
11.0,8.317651048425134,-2.682348951574866,2.682348951574866,50-75%
11.0,8.38584125738715,-2.614158742612849,2.614158742612849,50-75%
11.0,8.38584125738715,-2.614158742612849,2.614158742612849,50-75%
11.0,8.739159447261821,-2.2608405527381787,2.2608405527381787,50-75%
11.0,8.835799319868855,-2.1642006801311453,2.1642006801311453,50-75%
11.0,8.835799319868855,-2.1642006801311453,2.1642006801311453,50-75%
11.0,8.463442460708526,-2.536557539291474,2.536557539291474,50-75%
11.0,8.645453037989247,-2.354546962010753,2.354546962010753,50-75%
11.0,8.741163079279358,-2.2588369207206416,2.2588369207206416,50-75%
11.0,8.850472115899883,-2.1495278841001166,2.1495278841001166,50-75%
11.0,9.019101659972536,-1.9808983400274638,1.9808983400274638,50-75%
11.0,8.508601338531234,-2.491398661468766,2.491398661468766,50-75%
11.0,8.339526143748397,-2.6604738562516026,2.6604738562516026,50-75%
11.0,8.747918380445645,-2.252081619554355,2.252081619554355,50-75%
11.0,8.754809650656338,-2.2451903493436625,2.2451903493436625,50-75%
11.0,8.8620124695559,-2.1379875304441,2.1379875304441,50-75%
11.0,8.8620124695559,-2.1379875304441,2.1379875304441,50-75%
11.0,8.85406608696985,-2.1459339130301505,2.1459339130301505,50-75%
11.0,8.612594987877902,-2.387405012122098,2.387405012122098,50-75%
23.0,8.38646166716361,-14.61353833283639,14.61353833283639,75-100%
23.0,8.491978659194503,-14.508021340805497,14.508021340805497,75-100%
9.0,8.629878913841367,-0.37012108615863326,0.37012108615863326,50-75%
9.0,8.629878913841367,-0.37012108615863326,0.37012108615863326,50-75%
9.0,8.523069954120867,-0.4769300458791328,0.4769300458791328,50-75%
23.0,8.120180515640799,-14.879819484359201,14.879819484359201,75-100%
23.0,8.454068372273532,-14.545931627726468,14.545931627726468,75-100%
9.0,8.77474842569733,-0.2252515743026695,0.2252515743026695,50-75%
9.0,8.77474842569733,-0.2252515743026695,0.2252515743026695,50-75%
9.0,8.77474842569733,-0.2252515743026695,0.2252515743026695,50-75%
9.0,8.668494191229101,-0.3315058087708991,0.3315058087708991,50-75%
9.0,8.523069954120867,-0.4769300458791328,0.4769300458791328,50-75%
9.0,8.338753437813434,-0.661246562186566,0.661246562186566,50-75%
23.0,8.120180515640799,-14.879819484359201,14.879819484359201,75-100%
23.0,8.178763745152878,-14.821236254847122,14.821236254847122,75-100%
23.0,8.227554402515338,-14.772445597484662,14.772445597484662,75-100%
23.0,8.411207911990086,-14.588792088009914,14.588792088009914,75-100%
9.0,8.77474842569733,-0.2252515743026695,0.2252515743026695,50-75%
9.0,8.668494191229101,-0.3315058087708991,0.3315058087708991,50-75%
9.0,8.668494191229101,-0.3315058087708991,0.3315058087708991,50-75%
9.0,8.668494191229101,-0.3315058087708991,0.3315058087708991,50-75%
9.0,8.629878913841367,-0.37012108615863326,0.37012108615863326,50-75%
6.0,7.875308111242481,1.8753081112424814,1.8753081112424814,25-50%
6.0,7.927108601635453,1.927108601635453,1.927108601635453,25-50%
23.0,8.170978485126177,-14.829021514873823,14.829021514873823,75-100%
23.0,8.17747516851308,-14.82252483148692,14.82252483148692,75-100%
23.0,8.243648348945216,-14.756351651054784,14.756351651054784,75-100%
23.0,8.358608578108093,-14.641391421891907,14.641391421891907,75-100%
23.0,8.358608578108093,-14.641391421891907,14.641391421891907,75-100%
23.0,8.411207911990086,-14.588792088009914,14.588792088009914,75-100%
9.0,8.77474842569733,-0.2252515743026695,0.2252515743026695,50-75%
9.0,8.668494191229101,-0.3315058087708991,0.3315058087708991,50-75%
9.0,8.629878913841367,-0.37012108615863326,0.37012108615863326,50-75%
9.0,8.523069954120867,-0.4769300458791328,0.4769300458791328,50-75%
9.0,8.566439855770266,-0.4335601442297339,0.4335601442297339,50-75%
6.0,8.408842607290776,2.408842607290776,2.408842607290776,25-50%
6.0,8.238556625268288,2.238556625268288,2.238556625268288,25-50%
6.0,8.238556625268288,2.238556625268288,2.238556625268288,25-50%
6.0,7.875308111242481,1.8753081112424814,1.8753081112424814,25-50%
6.0,8.120180515640799,2.120180515640799,2.120180515640799,25-50%
6.0,8.120180515640799,2.120180515640799,2.120180515640799,25-50%
23.0,8.120180515640799,-14.879819484359201,14.879819484359201,75-100%
23.0,8.243648348945216,-14.756351651054784,14.756351651054784,75-100%
23.0,8.358608578108093,-14.641391421891907,14.641391421891907,75-100%
23.0,8.413229838312883,-14.586770161687117,14.586770161687117,75-100%
9.0,8.712526382968903,-0.28747361703109675,0.28747361703109675,50-75%
9.0,8.668494191229101,-0.3315058087708991,0.3315058087708991,50-75%
9.0,8.338753437813434,-0.661246562186566,0.661246562186566,50-75%
9.0,8.338753437813434,-0.661246562186566,0.661246562186566,50-75%
9.0,8.357030297862503,-0.6429697021374974,0.6429697021374974,50-75%
6.0,8.120180515640799,2.120180515640799,2.120180515640799,25-50%
6.0,8.120180515640799,2.120180515640799,2.120180515640799,25-50%
23.0,8.24557416444063,-14.75442583555937,14.75442583555937,75-100%
23.0,8.413229838312883,-14.586770161687117,14.586770161687117,75-100%
9.0,8.629878913841367,-0.37012108615863326,0.37012108615863326,50-75%
9.0,8.629878913841367,-0.37012108615863326,0.37012108615863326,50-75%
9.0,8.297975117148233,-0.7020248828517666,0.7020248828517666,50-75%
6.0,8.46081664064211,2.4608166406421095,2.4608166406421095,25-50%
6.0,8.120180515640799,2.120180515640799,2.120180515640799,25-50%
6.0,8.120180515640799,2.120180515640799,2.120180515640799,25-50%
6.0,8.46110335969302,2.46110335969302,2.46110335969302,25-50%
6.0,8.408842607290776,2.408842607290776,2.408842607290776,25-50%
6.0,8.120180515640799,2.120180515640799,2.120180515640799,25-50%
6.0,8.120180515640799,2.120180515640799,2.120180515640799,25-50%
6.0,8.120180515640799,2.120180515640799,2.120180515640799,25-50%
6.0,7.875308111242481,1.8753081112424814,1.8753081112424814,25-50%
6.0,7.875308111242481,1.8753081112424814,1.8753081112424814,25-50%
6.0,7.875308111242481,1.8753081112424814,1.8753081112424814,25-50%
6.0,7.875308111242481,1.8753081112424814,1.8753081112424814,25-50%
6.0,7.927108601635453,1.927108601635453,1.927108601635453,25-50%
5.0,8.316920330290845,3.316920330290845,3.316920330290845,0-25%
5.0,8.316920330290845,3.316920330290845,3.316920330290845,0-25%
5.0,8.384328466369125,3.3843284663691247,3.3843284663691247,0-25%
5.0,8.3703270816629,3.3703270816629,3.3703270816629,0-25%
5.0,8.3703270816629,3.3703270816629,3.3703270816629,0-25%
5.0,8.316920330290845,3.316920330290845,3.316920330290845,0-25%
5.0,8.500805932307035,3.500805932307035,3.500805932307035,0-25%
5.0,8.384098964802808,3.384098964802808,3.384098964802808,0-25%
5.0,8.384328466369125,3.3843284663691247,3.3843284663691247,0-25%
5.0,8.422679559718476,3.4226795597184765,3.4226795597184765,0-25%
5.0,8.71699323545898,3.7169932354589807,3.7169932354589807,0-25%
5.0,8.77128255435811,3.7712825543581108,3.7712825543581108,0-25%
5.0,8.554204475392858,3.554204475392858,3.554204475392858,0-25%
5.0,8.554204475392858,3.554204475392858,3.554204475392858,0-25%
5.0,8.77128255435811,3.7712825543581108,3.7712825543581108,0-25%
5.0,8.437890799711452,3.437890799711452,3.437890799711452,0-25%
5.0,8.974958807383972,3.974958807383972,3.974958807383972,0-25%
5.0,8.91812001587208,3.9181200158720806,3.9181200158720806,0-25%
5.0,8.554204475392858,3.554204475392858,3.554204475392858,0-25%
5.0,9.116422879983581,4.116422879983581,4.116422879983581,0-25%
5.0,9.116422879983581,4.116422879983581,4.116422879983581,0-25%
5.0,8.97353303998088,3.9735330399808806,3.9735330399808806,0-25%
5.0,8.974958807383972,3.974958807383972,3.974958807383972,0-25%
5.0,9.116422879983581,4.116422879983581,4.116422879983581,0-25%
5.0,8.549208315574184,3.549208315574184,3.549208315574184,0-25%
5.0,8.500805932307035,3.500805932307035,3.500805932307035,0-25%
5.0,9.116422879983581,4.116422879983581,4.116422879983581,0-25%
6.0,8.53531302868358,2.5353130286835803,2.5353130286835803,25-50%
6.0,8.53531302868358,2.5353130286835803,2.5353130286835803,25-50%
7.0,8.983938035380229,1.9839380353802287,1.9839380353802287,25-50%
7.0,8.927048078898348,1.9270480788983484,1.9270480788983484,25-50%
7.0,8.775377194242429,1.775377194242429,1.775377194242429,25-50%
5.0,8.549208315574184,3.549208315574184,3.549208315574184,0-25%
4.5,9.116422879983581,4.616422879983581,4.616422879983581,0-25%
6.0,8.261429016681896,2.2614290166818964,2.2614290166818964,25-50%
7.0,8.536676150301574,1.5366761503015738,1.5366761503015738,25-50%
7.0,8.983938035380229,1.9839380353802287,1.9839380353802287,25-50%
7.0,8.927048078898348,1.9270480788983484,1.9270480788983484,25-50%
7.0,8.927048078898348,1.9270480788983484,1.9270480788983484,25-50%
7.0,8.788232148920601,1.788232148920601,1.788232148920601,25-50%
4.0,8.602949936543068,4.602949936543068,4.602949936543068,0-25%
4.0,8.548230906632062,4.548230906632062,4.548230906632062,0-25%
4.0,9.062769488553709,5.062769488553709,5.062769488553709,0-25%
5.5,8.732457353542936,3.2324573535429355,3.2324573535429355,25-50%
5.5,8.482334758232652,2.9823347582326516,2.9823347582326516,25-50%
5.5,8.195128548485242,2.6951285484852416,2.6951285484852416,25-50%
7.0,8.775377194242429,1.775377194242429,1.775377194242429,25-50%
7.0,8.983938035380229,1.9839380353802287,1.9839380353802287,25-50%
7.0,8.927048078898348,1.9270480788983484,1.9270480788983484,25-50%
7.0,8.983938035380229,1.9839380353802287,1.9839380353802287,25-50%
7.0,8.806662480846162,1.8066624808461622,1.8066624808461622,25-50%
4.0,8.548230906632062,4.548230906632062,4.548230906632062,0-25%
4.0,8.602949936543068,4.602949936543068,4.602949936543068,0-25%
4.0,9.062769488553709,5.062769488553709,5.062769488553709,0-25%
4.0,9.062769488553709,5.062769488553709,5.062769488553709,0-25%
5.5,9.062769488553709,3.562769488553709,3.562769488553709,25-50%
5.5,8.53531302868358,3.0353130286835803,3.0353130286835803,25-50%
5.5,8.15770360677017,2.65770360677017,2.65770360677017,25-50%
5.5,8.788232148920601,3.288232148920601,3.288232148920601,25-50%
7.0,9.102464719205999,2.102464719205999,2.102464719205999,25-50%
7.0,9.15048429261549,2.1504842926154897,2.1504842926154897,25-50%
7.0,8.902440289388336,1.9024402893883359,1.9024402893883359,25-50%
7.0,8.863202614356474,1.8632026143564744,1.8632026143564744,25-50%
4.0,8.602949936543068,4.602949936543068,4.602949936543068,0-25%
4.0,8.602949936543068,4.602949936543068,4.602949936543068,0-25%
4.0,9.062769488553709,5.062769488553709,5.062769488553709,0-25%
4.0,9.005430338785118,5.005430338785118,5.005430338785118,0-25%
5.5,9.062769488553709,3.562769488553709,3.562769488553709,25-50%
5.5,8.831397954770075,3.3313979547700754,3.3313979547700754,25-50%
5.5,8.278019245908938,2.778019245908938,2.778019245908938,25-50%
5.5,8.606144818140105,3.1061448181401055,3.1061448181401055,25-50%
7.0,9.196711560459303,2.1967115604593026,2.1967115604593026,25-50%
7.0,8.771628857863652,1.7716288578636519,1.7716288578636519,25-50%
7.0,9.026081961001964,2.026081961001964,2.026081961001964,25-50%
4.0,8.548230906632062,4.548230906632062,4.548230906632062,0-25%
4.0,8.602949936543068,4.602949936543068,4.602949936543068,0-25%
4.0,9.062769488553709,5.062769488553709,5.062769488553709,0-25%
4.0,9.182232038637133,5.182232038637133,5.182232038637133,0-25%
4.0,9.182232038637133,5.182232038637133,5.182232038637133,0-25%
5.5,8.777911506240093,3.277911506240093,3.277911506240093,25-50%
5.5,8.777911506240093,3.277911506240093,3.277911506240093,25-50%
5.5,8.822442005585913,3.3224420055859127,3.3224420055859127,25-50%
7.0,8.822442005585913,1.8224420055859127,1.8224420055859127,25-50%
7.0,8.862280960063329,1.8622809600633285,1.8622809600633285,25-50%
4.0,9.261610381026808,5.261610381026808,5.261610381026808,0-25%
4.0,9.227056413013058,5.227056413013058,5.227056413013058,0-25%
4.0,8.761022382774623,4.761022382774623,4.761022382774623,0-25%
4.0,8.512154153903303,4.512154153903303,4.512154153903303,0-25%
4.0,8.745885644324858,4.745885644324858,4.745885644324858,0-25%
4.0,9.227056413013058,5.227056413013058,5.227056413013058,0-25%
4.0,9.227056413013058,5.227056413013058,5.227056413013058,0-25%
4.0,8.745885644324858,4.745885644324858,4.745885644324858,0-25%
4.0,8.469030359017383,4.469030359017383,4.469030359017383,0-25%
3.0,8.540789190160472,5.540789190160472,5.540789190160472,0-25%
3.0,8.859853441643969,5.859853441643969,5.859853441643969,0-25%
3.0,8.564057886734924,5.564057886734924,5.564057886734924,0-25%
3.0,8.561262597255133,5.5612625972551335,5.5612625972551335,0-25%
3.0,8.627341171490363,5.627341171490363,5.627341171490363,0-25%
3.0,8.91740020363559,5.917400203635591,5.917400203635591,0-25%
3.0,8.895975748609043,5.895975748609043,5.895975748609043,0-25%
3.0,8.91740020363559,5.917400203635591,5.917400203635591,0-25%
3.0,8.800824737206483,5.800824737206483,5.800824737206483,0-25%
3.0,8.80039945972314,5.80039945972314,5.80039945972314,0-25%
3.0,8.907772332855162,5.907772332855162,5.907772332855162,0-25%
3.0,8.814129016415864,5.814129016415864,5.814129016415864,0-25%
3.0,8.91740020363559,5.917400203635591,5.917400203635591,0-25%
3.0,8.91740020363559,5.917400203635591,5.917400203635591,0-25%
3.0,8.91740020363559,5.917400203635591,5.917400203635591,0-25%
3.0,8.91740020363559,5.917400203635591,5.917400203635591,0-25%
3.0,8.91740020363559,5.917400203635591,5.917400203635591,0-25%
3.0,8.98014101492914,5.98014101492914,5.98014101492914,0-25%
8.0,8.523214684130085,0.5232146841300853,0.5232146841300853,25-50%
8.0,8.409671602267165,0.40967160226716537,0.40967160226716537,25-50%
3.0,8.91740020363559,5.917400203635591,5.917400203635591,0-25%
3.0,8.91740020363559,5.917400203635591,5.917400203635591,0-25%
3.0,8.91740020363559,5.917400203635591,5.917400203635591,0-25%
3.0,8.91740020363559,5.917400203635591,5.917400203635591,0-25%
6.75,8.903934296342694,2.153934296342694,2.153934296342694,25-50%
6.75,8.903934296342694,2.153934296342694,2.153934296342694,25-50%
10.5,8.98014101492914,-1.5198589850708597,1.5198589850708597,50-75%
8.0,8.694077397381356,0.6940773973813563,0.6940773973813563,25-50%
8.0,8.694077397381356,0.6940773973813563,0.6940773973813563,25-50%
8.0,8.680515787890757,0.6805157878907568,0.6805157878907568,25-50%
8.0,8.409671602267165,0.40967160226716537,0.40967160226716537,25-50%
3.0,8.559380494257944,5.559380494257944,5.559380494257944,0-25%
3.0,8.493644719201354,5.493644719201354,5.493644719201354,0-25%
6.75,8.50036997801953,1.7503699780195294,1.7503699780195294,25-50%
6.75,8.615007484166119,1.865007484166119,1.865007484166119,25-50%
6.75,8.80080333137926,2.05080333137926,2.05080333137926,25-50%
10.5,8.908511608857886,-1.5914883911421143,1.5914883911421143,50-75%
10.5,8.907772332855162,-1.5922276671448383,1.5922276671448383,50-75%
10.5,8.800072091512332,-1.699927908487668,1.699927908487668,50-75%
8.0,8.523214684130085,0.5232146841300853,0.5232146841300853,25-50%
8.0,8.523214684130085,0.5232146841300853,0.5232146841300853,25-50%
8.0,8.409671602267165,0.40967160226716537,0.40967160226716537,25-50%
8.0,8.33867714916766,0.3386771491676601,0.3386771491676601,25-50%
3.0,8.030300468716941,5.030300468716941,5.030300468716941,0-25%
6.75,8.030300468716941,1.2803004687169413,1.2803004687169413,25-50%
6.75,8.030300468716941,1.2803004687169413,1.2803004687169413,25-50%
10.5,8.4410595042722,-2.0589404957278,2.0589404957278,50-75%
10.5,8.80080333137926,-1.6991966686207398,1.6991966686207398,50-75%
10.5,8.908511608857886,-1.5914883911421143,1.5914883911421143,50-75%
10.5,8.800072091512332,-1.699927908487668,1.699927908487668,50-75%
10.5,8.800072091512332,-1.699927908487668,1.699927908487668,50-75%
8.0,8.396915615662982,0.39691561566298184,0.39691561566298184,25-50%
8.0,8.409671602267165,0.40967160226716537,0.40967160226716537,25-50%
8.0,8.463712082596132,0.46371208259613184,0.46371208259613184,25-50%
8.0,8.410758116478595,0.41075811647859517,0.41075811647859517,25-50%
10.5,8.493932433138424,-2.006067566861576,2.006067566861576,50-75%
10.5,8.628059522907716,-1.8719404770922843,1.8719404770922843,50-75%
10.5,8.787092416763473,-1.712907583236527,1.712907583236527,50-75%
10.5,8.786362199870585,-1.7136378001294155,1.7136378001294155,50-75%
8.0,8.680515787890757,0.6805157878907568,0.6805157878907568,25-50%
8.0,8.390263591609802,0.39026359160980206,0.39026359160980206,25-50%
8.0,8.409671602267165,0.40967160226716537,0.40967160226716537,25-50%
8.0,8.464038278431905,0.4640382784319055,0.4640382784319055,25-50%
10.5,8.4410595042722,-2.0589404957278,2.0589404957278,50-75%
10.5,8.459156769460568,-2.0408432305394317,2.0408432305394317,50-75%
10.5,8.514364876404077,-1.985635123595923,1.985635123595923,50-75%
10.5,8.628059522907716,-1.8719404770922843,1.8719404770922843,50-75%
8.0,8.523214684130085,0.5232146841300853,0.5232146841300853,25-50%
8.0,8.523214684130085,0.5232146841300853,0.5232146841300853,25-50%
8.0,8.390263591609802,0.39026359160980206,0.39026359160980206,25-50%
8.0,8.464325095117614,0.4643250951176139,0.4643250951176139,25-50%
10.5,8.50036997801953,-1.9996300219804706,1.9996300219804706,50-75%
8.0,8.390263591609802,0.39026359160980206,0.39026359160980206,25-50%
10.5,8.4410595042722,-2.0589404957278,2.0589404957278,50-75%
10.0,8.723294039688726,-1.2767059603112738,1.2767059603112738,50-75%
10.0,8.615750962352259,-1.3842490376477414,1.3842490376477414,50-75%
10.0,8.615750962352259,-1.3842490376477414,1.3842490376477414,50-75%
10.0,8.615750962352259,-1.3842490376477414,1.3842490376477414,50-75%
10.0,8.893319613604808,-1.1066803863951922,1.1066803863951922,50-75%
10.0,8.941944254069258,-1.0580557459307425,1.0580557459307425,50-75%
10.0,8.76303038936102,-1.2369696106389796,1.2369696106389796,50-75%
10.0,8.723294039688726,-1.2767059603112738,1.2767059603112738,50-75%
10.0,8.545498061062426,-1.4545019389375735,1.4545019389375735,50-75%
10.0,8.727766742400819,-1.272233257599181,1.272233257599181,50-75%
10.0,8.771076409070385,-1.2289235909296146,1.2289235909296146,50-75%
10.0,9.154283062067808,-0.8457169379321918,0.8457169379321918,50-75%
10.0,9.147495753203252,-0.8525042467967481,0.8525042467967481,50-75%
10.0,8.723294039688726,-1.2767059603112738,1.2767059603112738,50-75%
10.0,8.598517856540644,-1.401482143459356,1.401482143459356,50-75%
10.0,9.099894383328285,-0.9001056166717145,0.9001056166717145,50-75%
10.0,9.211015540725606,-0.7889844592743938,0.7889844592743938,50-75%
10.0,9.147495753203252,-0.8525042467967481,0.8525042467967481,50-75%
10.0,9.3193766592291,-0.6806233407709001,0.6806233407709001,50-75%
10.0,8.742302222678697,-1.2576977773213027,1.2576977773213027,50-75%
10.0,8.545498061062426,-1.4545019389375735,1.4545019389375735,50-75%
10.0,8.930137425396591,-1.069862574603409,1.069862574603409,50-75%
10.0,8.941944254069258,-1.0580557459307425,1.0580557459307425,50-75%
10.0,9.3193766592291,-0.6806233407709001,0.6806233407709001,50-75%
10.0,9.415647092323159,-0.5843529076768412,0.5843529076768412,50-75%
10.0,9.181576813978971,-0.8184231860210289,0.8184231860210289,50-75%
10.0,8.727766742400819,-1.272233257599181,1.272233257599181,50-75%
10.0,9.415647092323159,-0.5843529076768412,0.5843529076768412,50-75%
10.0,9.415647092323159,-0.5843529076768412,0.5843529076768412,50-75%
10.0,9.33955013121096,-0.6604498687890406,0.6604498687890406,50-75%
10.0,9.167333213160703,-0.8326667868392974,0.8326667868392974,50-75%
12.0,8.387713842903578,-3.612286157096422,3.612286157096422,50-75%
12.0,8.402495453851836,-3.597504546148164,3.597504546148164,50-75%
12.0,8.719183332490452,-3.280816667509548,3.280816667509548,50-75%
12.0,8.680365606281669,-3.3196343937183315,3.3196343937183315,50-75%
12.0,8.680365606281669,-3.3196343937183315,3.3196343937183315,50-75%
12.0,8.572996677827653,-3.4270033221723466,3.4270033221723466,50-75%
13.0,9.072159824586324,-3.9278401754136762,3.9278401754136762,50-75%
13.0,9.072159824586324,-3.9278401754136762,3.9278401754136762,50-75%
13.0,9.102300154319352,-3.8976998456806484,3.8976998456806484,50-75%
13.0,9.102300154319352,-3.8976998456806484,3.8976998456806484,50-75%
12.0,8.89776598604949,-3.1022340139505094,3.1022340139505094,50-75%
12.0,8.825994627426844,-3.1740053725731556,3.1740053725731556,50-75%
12.0,8.825994627426844,-3.1740053725731556,3.1740053725731556,50-75%
12.0,8.825994627426844,-3.1740053725731556,3.1740053725731556,50-75%
12.0,8.852671610867471,-3.1473283891325288,3.1473283891325288,50-75%
12.0,8.752743002265753,-3.2472569977342474,3.2472569977342474,50-75%
12.0,8.563981224469355,-3.436018775530645,3.436018775530645,50-75%
13.0,9.072159824586324,-3.9278401754136762,3.9278401754136762,50-75%
13.0,9.072159824586324,-3.9278401754136762,3.9278401754136762,50-75%
13.0,9.058483783723577,-3.9415162162764226,3.9415162162764226,50-75%
13.0,9.058483783723577,-3.9415162162764226,3.9415162162764226,50-75%
13.0,9.102300154319352,-3.8976998456806484,3.8976998456806484,50-75%
23.0,8.825994627426844,-14.174005372573156,14.174005372573156,75-100%
23.0,8.852671610867471,-14.147328389132529,14.147328389132529,75-100%
12.0,8.852671610867471,-3.1473283891325288,3.1473283891325288,50-75%
12.0,8.846085904623589,-3.153914095376411,3.153914095376411,50-75%
12.0,8.862127931654266,-3.137872068345734,3.137872068345734,50-75%
13.0,8.692343908558549,-4.3076560914414515,4.3076560914414515,50-75%
13.0,8.699209925064094,-4.300790074935906,4.300790074935906,50-75%
13.0,8.816246760468834,-4.183753239531166,4.183753239531166,50-75%
13.0,8.953743474706428,-4.046256525293572,4.046256525293572,50-75%
23.5,8.65651513323572,-14.84348486676428,14.84348486676428,75-100%
19.666666666666668,8.825994627426844,-10.840672039239823,10.840672039239823,75-100%
19.666666666666668,8.719183332490452,-10.947483334176216,10.947483334176216,75-100%
23.0,8.813320741979425,-14.186679258020575,14.186679258020575,75-100%
23.0,8.704477153266396,-14.295522846733604,14.295522846733604,75-100%
13.0,8.151945563405556,-4.848054436594444,4.848054436594444,50-75%
13.0,8.151945563405556,-4.848054436594444,4.848054436594444,50-75%
13.0,8.151945563405556,-4.848054436594444,4.848054436594444,50-75%
13.0,8.63865810056028,-4.36134189943972,4.36134189943972,50-75%
23.5,8.551546127545976,-14.948453872454024,14.948453872454024,75-100%
23.5,8.65651513323572,-14.84348486676428,14.84348486676428,75-100%
19.666666666666668,8.774882057069023,-10.891784609597645,10.891784609597645,75-100%
23.0,8.852671610867471,-14.147328389132529,14.147328389132529,75-100%
23.0,8.510288445353128,-14.489711554646872,14.489711554646872,75-100%
23.5,8.300990706866003,-15.199009293133997,15.199009293133997,75-100%
23.5,8.432391980707886,-15.067608019292114,15.067608019292114,75-100%
23.5,8.538183913350306,-14.961816086649694,14.961816086649694,75-100%
34.0,8.605601725879225,-25.394398274120775,25.394398274120775,75-100%
34.0,8.599181165673748,-25.40081883432625,25.40081883432625,75-100%
34.0,8.484488352435314,-25.515511647564686,25.515511647564686,75-100%
13.0,8.63865810056028,-4.36134189943972,4.36134189943972,50-75%
23.5,8.321007909039157,-15.178992090960843,15.178992090960843,75-100%
23.5,8.321007909039157,-15.178992090960843,15.178992090960843,75-100%
34.0,8.34041722348787,-25.65958277651213,25.65958277651213,75-100%
34.0,8.49271268734215,-25.50728731265785,25.50728731265785,75-100%
34.0,8.641032463981936,-25.358967536018064,25.358967536018064,75-100%
34.0,8.484488352435314,-25.515511647564686,25.515511647564686,75-100%
34.0,8.09167273303493,-25.90832726696507,25.90832726696507,75-100%
34.0,8.23011925203326,-25.769880747966738,25.769880747966738,75-100%
34.0,8.222884724854609,-25.77711527514539,25.77711527514539,75-100%
34.0,8.526084668031777,-25.47391533196822,25.47391533196822,75-100%
17.0,9.017251366588004,-7.982748633411996,7.982748633411996,75-100%
17.0,8.89194198903538,-8.10805801096462,8.10805801096462,75-100%
17.0,8.929080774718155,-8.070919225281845,8.070919225281845,75-100%
17.0,8.652667237882802,-8.347332762117198,8.347332762117198,75-100%
17.0,8.851680958378067,-8.148319041621933,8.148319041621933,75-100%
11.5,8.851680958378067,-2.6483190416219333,2.6483190416219333,50-75%
11.5,8.838118140257377,-2.661881859742623,2.661881859742623,50-75%
6.0,9.393134325377643,3.393134325377643,3.393134325377643,25-50%
6.0,9.420915232949397,3.4209152329493975,3.4209152329493975,25-50%
17.0,8.728503501212945,-8.271496498787055,8.271496498787055,75-100%
17.0,8.728503501212945,-8.271496498787055,8.271496498787055,75-100%
17.0,8.728503501212945,-8.271496498787055,8.271496498787055,75-100%
11.5,8.652667237882802,-2.8473327621171975,2.8473327621171975,50-75%
11.5,8.652667237882802,-2.8473327621171975,2.8473327621171975,50-75%
11.5,8.652667237882802,-2.8473327621171975,2.8473327621171975,50-75%
11.5,8.836982285415418,-2.6630177145845817,2.6630177145845817,50-75%
11.5,9.420463048493168,-2.0795369515068316,2.0795369515068316,50-75%
6.0,9.502787243272671,3.502787243272671,3.502787243272671,25-50%
6.0,9.632623992726199,3.6326239927261987,3.6326239927261987,25-50%
6.0,9.618210141217729,3.6182101412177285,3.6182101412177285,25-50%
17.0,8.728503501212945,-8.271496498787055,8.271496498787055,75-100%
17.0,8.388915332820554,-8.611084667179446,8.611084667179446,75-100%
11.5,8.652667237882802,-2.8473327621171975,2.8473327621171975,50-75%
11.5,8.851680958378067,-2.6483190416219333,2.6483190416219333,50-75%
11.5,8.864551924213291,-2.6354480757867087,2.6354480757867087,50-75%
11.5,9.517044412205683,-1.9829555877943168,1.9829555877943168,50-75%
6.0,9.632623992726199,3.6326239927261987,3.6326239927261987,25-50%
6.0,9.618210141217729,3.6182101412177285,3.6182101412177285,25-50%
17.0,8.842416655018337,-8.157583344981663,8.157583344981663,75-100%
17.0,8.728503501212945,-8.271496498787055,8.271496498787055,75-100%
11.5,8.728503501212945,-2.771496498787055,2.771496498787055,50-75%
11.5,8.652667237882802,-2.8473327621171975,2.8473327621171975,50-75%
11.5,9.381832618294073,-2.118167381705927,2.118167381705927,50-75%
11.5,9.48809428247636,-2.0119057175236392,2.0119057175236392,50-75%
6.0,9.502331506225364,3.5023315062253637,3.5023315062253637,25-50%
6.0,9.502331506225364,3.5023315062253637,3.5023315062253637,25-50%
6.0,9.502787243272671,3.502787243272671,3.502787243272671,25-50%
17.0,9.045342531245828,-7.9546574687541725,7.9546574687541725,75-100%
17.0,8.728503501212945,-8.271496498787055,8.271496498787055,75-100%
17.0,8.728503501212945,-8.271496498787055,8.271496498787055,75-100%
11.5,8.728503501212945,-2.771496498787055,2.771496498787055,50-75%
11.5,8.728503501212945,-2.771496498787055,2.771496498787055,50-75%
6.0,10.154393261040449,4.154393261040449,4.154393261040449,25-50%
6.0,9.463397575718535,3.4633975757185347,3.4633975757185347,25-50%
6.0,9.470809803466203,3.470809803466203,3.470809803466203,25-50%
17.0,8.728503501212945,-8.271496498787055,8.271496498787055,75-100%
6.0,8.91426662150472,2.9142666215047193,2.9142666215047193,25-50%
6.0,10.195898361934152,4.195898361934152,4.195898361934152,25-50%
17.0,8.146308675460823,-8.853691324539177,8.853691324539177,75-100%
17.0,8.218526351642778,-8.781473648357222,8.781473648357222,75-100%
17.0,8.218526351642778,-8.781473648357222,8.781473648357222,75-100%
17.0,8.146308675460823,-8.853691324539177,8.853691324539177,75-100%
17.0,8.206009379585641,-8.793990620414359,8.793990620414359,75-100%
17.0,8.206009379585641,-8.793990620414359,8.793990620414359,75-100%
17.0,8.088657251465186,-8.911342748534814,8.911342748534814,75-100%
17.0,7.914483740446399,-9.0855162595536,9.0855162595536,75-100%
17.0,7.877458958026396,-9.122541041973605,9.122541041973605,75-100%
17.0,7.940225041043382,-9.059774958956618,9.059774958956618,75-100%
17.0,8.03877737064782,-8.96122262935218,8.96122262935218,75-100%
17.0,8.190479895747869,-8.809520104252131,8.809520104252131,75-100%
17.0,8.319577078301224,-8.680422921698776,8.680422921698776,75-100%
17.0,8.282016050106618,-8.717983949893382,8.717983949893382,75-100%
17.0,8.282016050106618,-8.717983949893382,8.717983949893382,75-100%
17.0,8.282016050106618,-8.717983949893382,8.717983949893382,75-100%
17.0,8.282016050106618,-8.717983949893382,8.717983949893382,75-100%
17.0,8.10817236499578,-8.89182763500422,8.89182763500422,75-100%
17.0,8.03877737064782,-8.96122262935218,8.96122262935218,75-100%
17.0,8.282016050106618,-8.717983949893382,8.717983949893382,75-100%
17.0,8.029248993167478,-8.970751006832522,8.970751006832522,75-100%
17.0,7.952361086052859,-9.047638913947141,9.047638913947141,75-100%
17.0,8.183262555294586,-8.816737444705414,8.816737444705414,75-100%
12.0,8.452866887978232,-3.5471331120217684,3.5471331120217684,50-75%
12.0,8.469141838215394,-3.5308581617846055,3.5308581617846055,50-75%
12.0,8.60215468066614,-3.397845319333859,3.397845319333859,50-75%
12.0,8.61868665889553,-3.3813133411044696,3.3813133411044696,50-75%
12.0,8.60215468066614,-3.397845319333859,3.397845319333859,50-75%
12.0,8.61868665889553,-3.3813133411044696,3.3813133411044696,50-75%
12.0,8.60215468066614,-3.397845319333859,3.397845319333859,50-75%
12.0,8.61868665889553,-3.3813133411044696,3.3813133411044696,50-75%
12.0,8.590918408027395,-3.4090815919726047,3.4090815919726047,50-75%
12.0,8.270677319998285,-3.729322680001715,3.729322680001715,50-75%
12.0,8.60215468066614,-3.397845319333859,3.397845319333859,50-75%
12.0,8.452866887978232,-3.5471331120217684,3.5471331120217684,50-75%
12.0,8.60215468066614,-3.397845319333859,3.397845319333859,50-75%
12.0,8.60215468066614,-3.397845319333859,3.397845319333859,50-75%
12.0,8.61868665889553,-3.3813133411044696,3.3813133411044696,50-75%
12.0,8.60215468066614,-3.397845319333859,3.397845319333859,50-75%
12.0,8.61868665889553,-3.3813133411044696,3.3813133411044696,50-75%
12.0,9.21495703769909,-2.78504296230091,2.78504296230091,50-75%
8.0,8.840913802834866,0.8409138028348657,0.8409138028348657,25-50%
8.0,8.840913802834866,0.8409138028348657,0.8409138028348657,25-50%
8.0,9.643132528779432,1.6431325287794323,1.6431325287794323,25-50%
12.0,8.61868665889553,-3.3813133411044696,3.3813133411044696,50-75%
12.0,8.61868665889553,-3.3813133411044696,3.3813133411044696,50-75%
12.0,8.61868665889553,-3.3813133411044696,3.3813133411044696,50-75%
12.0,8.61868665889553,-3.3813133411044696,3.3813133411044696,50-75%
12.0,8.61868665889553,-3.3813133411044696,3.3813133411044696,50-75%
12.0,8.48199586940836,-3.51800413059164,3.51800413059164,50-75%
12.0,8.452866887978232,-3.5471331120217684,3.5471331120217684,50-75%
12.0,8.759166260456686,-3.240833739543314,3.240833739543314,50-75%
8.0,9.13554711241052,1.1355471124105208,1.1355471124105208,25-50%
8.0,9.057451884170115,1.0574518841701153,1.0574518841701153,25-50%
8.0,9.961783969492517,1.961783969492517,1.961783969492517,25-50%
8.0,10.04266207632893,2.0426620763289307,2.0426620763289307,25-50%
8.0,10.04266207632893,2.0426620763289307,2.0426620763289307,25-50%
8.0,10.04266207632893,2.0426620763289307,2.0426620763289307,25-50%
17.0,9.312905187621798,-7.687094812378202,7.687094812378202,75-100%
17.0,9.58433319473562,-7.4156668052643795,7.4156668052643795,75-100%
17.0,9.58433319473562,-7.4156668052643795,7.4156668052643795,75-100%
12.0,8.61868665889553,-3.3813133411044696,3.3813133411044696,50-75%
12.0,8.48199586940836,-3.51800413059164,3.51800413059164,50-75%
12.0,8.48199586940836,-3.51800413059164,3.51800413059164,50-75%
12.0,8.61868665889553,-3.3813133411044696,3.3813133411044696,50-75%
12.0,8.61868665889553,-3.3813133411044696,3.3813133411044696,50-75%
12.0,8.452866887978232,-3.5471331120217684,3.5471331120217684,50-75%
12.0,8.452866887978232,-3.5471331120217684,3.5471331120217684,50-75%
13.0,8.742392834948989,-4.257607165051011,4.257607165051011,50-75%
14.0,8.742392834948989,-5.257607165051011,5.257607165051011,50-75%
14.0,8.742392834948989,-5.257607165051011,5.257607165051011,50-75%
14.0,8.759166260456686,-5.240833739543314,5.240833739543314,50-75%
8.0,9.131657658545329,1.131657658545329,1.131657658545329,25-50%
8.0,9.057451884170115,1.0574518841701153,1.0574518841701153,25-50%
8.0,9.131657658545329,1.131657658545329,1.131657658545329,25-50%
8.0,10.04266207632893,2.0426620763289307,2.0426620763289307,25-50%
8.0,9.938929245306836,1.938929245306836,1.938929245306836,25-50%
8.0,9.924100158722812,1.924100158722812,1.924100158722812,25-50%
8.0,9.86175136561023,1.86175136561023,1.86175136561023,25-50%
17.0,9.160202559954698,-7.839797440045302,7.839797440045302,75-100%
17.0,9.545896817347307,-7.454103182652693,7.454103182652693,75-100%
17.0,9.566141525524094,-7.433858474475906,7.433858474475906,75-100%
17.0,9.566141525524094,-7.433858474475906,7.433858474475906,75-100%
17.0,9.58433319473562,-7.4156668052643795,7.4156668052643795,75-100%
12.0,8.61868665889553,-3.3813133411044696,3.3813133411044696,50-75%
12.0,9.096477003326005,-2.9035229966739955,2.9035229966739955,50-75%
12.0,9.07912382986982,-2.92087617013018,2.92087617013018,50-75%
12.0,8.952996353465418,-3.0470036465345824,3.0470036465345824,50-75%
12.666666666666664,8.691823685103662,-3.974842981563002,3.974842981563002,50-75%
14.0,8.755639102018316,-5.244360897981684,5.244360897981684,50-75%
14.0,8.674365161358663,-5.325634838641337,5.325634838641337,50-75%
14.0,8.674365161358663,-5.325634838641337,5.325634838641337,50-75%
14.0,8.620042974930902,-5.379957025069098,5.379957025069098,50-75%
14.0,8.772561633694803,-5.227438366305197,5.227438366305197,50-75%
8.0,9.131657658545329,1.131657658545329,1.131657658545329,25-50%
8.0,9.131657658545329,1.131657658545329,1.131657658545329,25-50%
8.0,9.131657658545329,1.131657658545329,1.131657658545329,25-50%
8.0,9.131657658545329,1.131657658545329,1.131657658545329,25-50%
8.0,9.938929245306836,1.938929245306836,1.938929245306836,25-50%
8.0,9.490858511225573,1.4908585112255732,1.4908585112255732,25-50%
8.0,9.457867135292656,1.4578671352926555,1.4578671352926555,25-50%
8.0,9.409965513356202,1.4099655133562017,1.4099655133562017,25-50%
17.0,8.663420450518931,-8.336579549481069,8.336579549481069,75-100%
17.0,9.160202559954698,-7.839797440045302,7.839797440045302,75-100%
17.0,9.58433319473562,-7.4156668052643795,7.4156668052643795,75-100%
17.0,9.58433319473562,-7.4156668052643795,7.4156668052643795,75-100%
17.0,9.566141525524094,-7.433858474475906,7.433858474475906,75-100%
17.0,9.58433319473562,-7.4156668052643795,7.4156668052643795,75-100%
17.0,9.58433319473562,-7.4156668052643795,7.4156668052643795,75-100%
12.0,8.952996353465418,-3.0470036465345824,3.0470036465345824,50-75%
12.0,8.939503822214306,-3.0604961777856943,3.0604961777856943,50-75%
12.0,9.204595805632659,-2.7954041943673413,2.7954041943673413,50-75%
13.0,9.209312075217651,-3.7906879247823486,3.7906879247823486,50-75%
13.0,9.190762199859808,-3.809237800140192,3.809237800140192,50-75%
13.0,9.173246975089162,-3.826753024910838,3.826753024910838,50-75%
14.0,8.772435333553002,-5.227564666446998,5.227564666446998,50-75%
14.0,8.674365161358663,-5.325634838641337,5.325634838641337,50-75%
14.0,8.620042974930902,-5.379957025069098,5.379957025069098,50-75%
14.0,8.620042974930902,-5.379957025069098,5.379957025069098,50-75%
11.0,9.165362689364404,-1.8346373106355962,1.8346373106355962,50-75%
8.0,9.131657658545329,1.131657658545329,1.131657658545329,25-50%
8.0,9.022876935905922,1.0228769359059218,1.0228769359059218,25-50%
8.0,9.036482643263419,1.0364826432634189,1.0364826432634189,25-50%
8.0,9.924100158722812,1.924100158722812,1.924100158722812,25-50%
8.0,9.409965513356202,1.4099655133562017,1.4099655133562017,25-50%
8.0,9.409965513356202,1.4099655133562017,1.4099655133562017,25-50%
17.0,9.103417087594782,-7.8965829124052185,7.8965829124052185,75-100%
12.0,9.58433319473562,-2.4156668052643795,2.4156668052643795,50-75%
12.0,9.58433319473562,-2.4156668052643795,2.4156668052643795,50-75%
12.0,9.566141525524094,-2.4338584744759064,2.4338584744759064,50-75%
12.0,9.58433319473562,-2.4156668052643795,2.4156668052643795,50-75%
17.0,9.58433319473562,-7.4156668052643795,7.4156668052643795,75-100%
23.0,9.631300124070798,-13.368699875929202,13.368699875929202,75-100%
17.5,9.195472075951573,-8.304527924048427,8.304527924048427,75-100%
17.5,9.204595805632659,-8.295404194367341,8.295404194367341,75-100%
17.5,9.209312075217651,-8.290687924782349,8.290687924782349,75-100%
13.0,9.13161037219793,-3.8683896278020704,3.8683896278020704,50-75%
13.0,9.190762199859808,-3.809237800140192,3.809237800140192,50-75%
14.0,8.72168901119923,-5.27831098880077,5.27831098880077,50-75%
14.0,8.691021463985487,-5.3089785360145125,5.3089785360145125,50-75%
14.0,8.620042974930902,-5.379957025069098,5.379957025069098,50-75%
14.0,8.691021463985487,-5.3089785360145125,5.3089785360145125,50-75%
14.0,8.772561633694803,-5.227438366305197,5.227438366305197,50-75%
8.0,9.036482643263419,1.0364826432634189,1.0364826432634189,25-50%
8.0,9.022876935905922,1.0228769359059218,1.0228769359059218,25-50%
8.0,9.131657658545329,1.131657658545329,1.131657658545329,25-50%
8.0,9.409965513356202,1.4099655133562017,1.4099655133562017,25-50%
8.0,9.409965513356202,1.4099655133562017,1.4099655133562017,25-50%
17.0,8.650320475617818,-8.349679524382182,8.349679524382182,75-100%
12.0,9.452453324889575,-2.547546675110425,2.547546675110425,50-75%
12.0,9.58433319473562,-2.4156668052643795,2.4156668052643795,50-75%
12.0,9.58433319473562,-2.4156668052643795,2.4156668052643795,50-75%
12.0,9.566141525524094,-2.4338584744759064,2.4338584744759064,50-75%
12.0,9.58433319473562,-2.4156668052643795,2.4156668052643795,50-75%
12.0,9.511200528358252,-2.488799471641748,2.488799471641748,50-75%
7.0,9.545484564062535,2.5454845640625354,2.5454845640625354,25-50%
23.0,9.64960397649208,-13.35039602350792,13.35039602350792,75-100%
23.0,9.64960397649208,-13.35039602350792,13.35039602350792,75-100%
17.5,9.64960397649208,-7.850396023507921,7.850396023507921,75-100%
17.5,9.158447824621485,-8.341552175378515,8.341552175378515,75-100%
17.5,9.173246975089162,-8.326753024910838,8.326753024910838,75-100%
17.5,9.13161037219793,-8.36838962780207,8.36838962780207,75-100%
16.333333333333332,9.057668467982845,-7.275664865350487,7.275664865350487,75-100%
13.0,9.13161037219793,-3.8683896278020704,3.8683896278020704,50-75%
14.0,8.755639102018316,-5.244360897981684,5.244360897981684,50-75%
14.0,8.700860557154359,-5.299139442845641,5.299139442845641,50-75%
14.0,8.691021463985487,-5.3089785360145125,5.3089785360145125,50-75%
14.0,8.640697907741503,-5.359302092258497,5.359302092258497,50-75%
8.0,9.011529029878009,1.0115290298780089,1.0115290298780089,25-50%
8.0,8.82809274892484,0.8280927489248402,0.8280927489248402,25-50%
12.0,9.463076880510853,-2.5369231194891473,2.5369231194891473,50-75%
12.0,9.58433319473562,-2.4156668052643795,2.4156668052643795,50-75%
12.0,9.58433319473562,-2.4156668052643795,2.4156668052643795,50-75%
12.0,9.58433319473562,-2.4156668052643795,2.4156668052643795,50-75%
12.0,9.566141525524094,-2.4338584744759064,2.4338584744759064,50-75%
7.0,9.450906649569289,2.450906649569289,2.450906649569289,25-50%
23.0,9.631300124070798,-13.368699875929202,13.368699875929202,75-100%
23.0,9.64960397649208,-13.35039602350792,13.35039602350792,75-100%
17.5,9.57602032031511,-7.923979679684891,7.923979679684891,75-100%
17.5,9.061326800144627,-8.438673199855373,8.438673199855373,75-100%
17.5,8.844292210386413,-8.655707789613587,8.655707789613587,75-100%
17.5,9.209312075217651,-8.290687924782349,8.290687924782349,75-100%
13.0,9.190762199859808,-3.809237800140192,3.809237800140192,50-75%
14.0,8.755639102018316,-5.244360897981684,5.244360897981684,50-75%
14.0,8.691823685103662,-5.308176314896338,5.308176314896338,50-75%
14.0,8.674365161358663,-5.325634838641337,5.325634838641337,50-75%
7.0,9.40494394716539,2.404943947165391,2.404943947165391,25-50%
7.0,9.12228329827686,2.1222832982768605,2.1222832982768605,25-50%
12.0,9.066043816621262,-2.933956183378738,2.933956183378738,50-75%
7.0,9.58433319473562,2.5843331947356205,2.5843331947356205,25-50%
7.0,9.58433319473562,2.5843331947356205,2.5843331947356205,25-50%
7.0,9.64960397649208,2.649603976492079,2.649603976492079,25-50%
23.0,9.64960397649208,-13.35039602350792,13.35039602350792,75-100%
23.0,9.64960397649208,-13.35039602350792,13.35039602350792,75-100%
23.0,9.117875707307453,-13.882124292692547,13.882124292692547,75-100%
17.5,8.863973831230945,-8.636026168769055,8.636026168769055,75-100%
17.5,8.79253354981574,-8.70746645018426,8.70746645018426,75-100%
17.5,9.204595805632659,-8.295404194367341,8.295404194367341,75-100%
17.5,9.204595805632659,-8.295404194367341,8.295404194367341,75-100%
7.0,9.013885307565491,2.0138853075654914,2.0138853075654914,25-50%
7.0,8.860084137318376,1.8600841373183759,1.8600841373183759,25-50%
7.0,9.509218731086197,2.5092187310861966,2.5092187310861966,25-50%
7.0,9.568220870643957,2.568220870643957,2.568220870643957,25-50%
7.0,9.631300124070798,2.6313001240707976,2.6313001240707976,25-50%
7.0,9.637141997097444,2.6371419970974443,2.6371419970974443,25-50%
23.0,9.545484564062535,-13.454515435937465,13.454515435937465,75-100%
23.0,9.64960397649208,-13.35039602350792,13.35039602350792,75-100%
23.0,9.287294696360018,-13.712705303639982,13.712705303639982,75-100%
23.0,8.968035092554473,-14.031964907445527,14.031964907445527,75-100%
23.0,8.70983144811415,-14.29016855188585,14.29016855188585,75-100%
23.0,9.117875707307453,-13.882124292692547,13.882124292692547,75-100%
23.0,9.204595805632659,-13.795404194367341,13.795404194367341,75-100%
7.0,9.40494394716539,2.404943947165391,2.404943947165391,25-50%
7.0,9.574026301823743,2.574026301823743,2.574026301823743,25-50%
7.0,9.633392291961734,2.6333922919617336,2.6333922919617336,25-50%
7.0,9.615116303138176,2.6151163031381763,2.6151163031381763,25-50%
23.0,9.301259341644407,-13.698740658355593,13.698740658355593,75-100%
23.0,9.249936996637302,-13.750063003362698,13.750063003362698,75-100%
23.0,9.134492777391323,-13.865507222608677,13.865507222608677,75-100%
23.0,8.70983144811415,-14.29016855188585,14.29016855188585,75-100%
23.0,9.006290741533356,-13.993709258466644,13.993709258466644,75-100%
7.0,8.578169371950809,1.5781693719508088,1.5781693719508088,25-50%
7.0,8.578169371950809,1.5781693719508088,1.5781693719508088,25-50%
7.0,8.578169371950809,1.5781693719508088,1.5781693719508088,25-50%
7.0,8.617312638196871,1.6173126381968714,1.6173126381968714,25-50%
7.0,8.617312638196871,1.6173126381968714,1.6173126381968714,25-50%
7.0,8.617312638196871,1.6173126381968714,1.6173126381968714,25-50%
7.0,8.357580635027407,1.3575806350274071,1.3575806350274071,25-50%
2.0,8.990845357573576,6.990845357573576,6.990845357573576,0-25%
2.0,8.918486203328762,6.9184862033287615,6.9184862033287615,0-25%
7.0,8.617312638196871,1.6173126381968714,1.6173126381968714,25-50%
7.0,8.617312638196871,1.6173126381968714,1.6173126381968714,25-50%
7.0,8.56387877730265,1.5638787773026497,1.5638787773026497,25-50%
7.0,8.56387877730265,1.5638787773026497,1.5638787773026497,25-50%
2.0,8.990845357573576,6.990845357573576,6.990845357573576,0-25%
2.0,9.053724734073437,7.0537247340734375,7.0537247340734375,0-25%
2.0,8.676421004155284,6.676421004155284,6.676421004155284,0-25%
7.0,8.818201251228253,1.8182012512282526,1.8182012512282526,25-50%
7.0,8.818201251228253,1.8182012512282526,1.8182012512282526,25-50%
7.0,8.617312638196871,1.6173126381968714,1.6173126381968714,25-50%
7.0,8.617312638196871,1.6173126381968714,1.6173126381968714,25-50%
7.0,8.56387877730265,1.5638787773026497,1.5638787773026497,25-50%
7.0,8.578169371950809,1.5781693719508088,1.5781693719508088,25-50%
7.0,8.357580635027407,1.3575806350274071,1.3575806350274071,25-50%
2.0,8.75391894480995,6.75391894480995,6.75391894480995,0-25%
2.0,8.68327574094093,6.68327574094093,6.68327574094093,0-25%
2.0,8.68327574094093,6.68327574094093,6.68327574094093,0-25%
2.0,8.696420451470221,6.696420451470221,6.696420451470221,0-25%
2.0,8.696420451470221,6.696420451470221,6.696420451470221,0-25%
2.0,8.785601470037737,6.7856014700377365,6.7856014700377365,0-25%
2.0,9.065618783128752,7.065618783128752,7.065618783128752,0-25%
5.0,8.811426886305219,3.8114268863052185,3.8114268863052185,0-25%
6.0,8.960401113058113,2.960401113058113,2.960401113058113,25-50%
7.0,8.90506105003344,1.9050610500334404,1.9050610500334404,25-50%
7.0,8.873056024286926,1.8730560242869263,1.8730560242869263,25-50%
7.0,8.617312638196871,1.6173126381968714,1.6173126381968714,25-50%
7.0,8.78038854634237,1.7803885463423708,1.7803885463423708,25-50%
7.0,8.357580635027407,1.3575806350274071,1.3575806350274071,25-50%
2.0,8.974891219301298,6.974891219301298,6.974891219301298,0-25%
2.0,8.878868006353382,6.8788680063533825,6.8788680063533825,0-25%
2.0,8.90486304519367,6.90486304519367,6.90486304519367,0-25%
2.0,8.805826574026181,6.805826574026181,6.805826574026181,0-25%
2.0,8.785601470037737,6.7856014700377365,6.7856014700377365,0-25%
2.0,8.760134050740783,6.760134050740783,6.760134050740783,0-25%
5.0,8.931942808348118,3.9319428083481185,3.9319428083481185,0-25%
5.0,9.008474673742176,4.008474673742176,4.008474673742176,0-25%
6.0,8.818201251228253,2.8182012512282526,2.8182012512282526,25-50%
7.0,8.56387877730265,1.5638787773026497,1.5638787773026497,25-50%
7.0,8.78038854634237,1.7803885463423708,1.7803885463423708,25-50%
2.0,8.880389273785358,6.880389273785358,6.880389273785358,0-25%
2.0,8.805826574026181,6.805826574026181,6.805826574026181,0-25%
2.0,8.807007339806454,6.807007339806454,6.807007339806454,0-25%
2.0,9.038324112268375,7.038324112268375,7.038324112268375,0-25%
2.0,8.9558207706698,6.955820770669799,6.955820770669799,0-25%
5.0,8.95286751365506,3.9528675136550593,3.9528675136550593,0-25%
5.0,8.931942808348118,3.9319428083481185,3.9319428083481185,0-25%
6.0,8.617312638196871,2.6173126381968714,2.6173126381968714,25-50%
7.0,8.617312638196871,1.6173126381968714,1.6173126381968714,25-50%
7.0,8.599730159652044,1.5997301596520437,1.5997301596520437,25-50%
2.0,9.038324112268375,7.038324112268375,7.038324112268375,0-25%
2.0,9.038324112268375,7.038324112268375,7.038324112268375,0-25%
2.0,8.9558207706698,6.955820770669799,6.955820770669799,0-25%
2.0,9.30141426084351,7.30141426084351,7.30141426084351,0-25%
5.0,9.065618783128752,4.065618783128752,4.065618783128752,0-25%
5.0,9.008474673742176,4.008474673742176,4.008474673742176,0-25%
5.0,9.008474673742176,4.008474673742176,4.008474673742176,0-25%
5.0,8.95286751365506,3.9528675136550593,3.9528675136550593,0-25%
5.0,8.601752025304595,3.601752025304595,3.601752025304595,0-25%
2.0,8.9558207706698,6.955820770669799,6.955820770669799,0-25%
5.0,8.931942808348118,3.9319428083481185,3.9319428083481185,0-25%
5.0,8.994669407145338,3.994669407145338,3.994669407145338,0-25%
5.0,9.050843671599175,4.050843671599175,4.050843671599175,0-25%
5.0,8.811426886305219,3.8114268863052185,3.8114268863052185,0-25%
5.0,8.601752025304595,3.601752025304595,3.601752025304595,0-25%
5.0,8.995001109043312,3.9950011090433115,3.9950011090433115,0-25%
1.0,8.820968486271225,7.820968486271225,7.820968486271225,0-25%
1.0,9.012765149073077,8.012765149073077,8.012765149073077,0-25%
1.0,8.9764043870969,7.976404387096901,7.976404387096901,0-25%
1.0,8.555327216293797,7.555327216293797,7.555327216293797,0-25%
1.0,8.531141887301429,7.531141887301429,7.531141887301429,0-25%
1.0,8.962447813936606,7.962447813936606,7.962447813936606,0-25%
1.0,9.012765149073077,8.012765149073077,8.012765149073077,0-25%
1.0,9.012765149073077,8.012765149073077,8.012765149073077,0-25%
1.0,8.782673514639352,7.782673514639352,7.782673514639352,0-25%
1.0,8.44075767111796,7.440757671117961,7.440757671117961,0-25%
1.0,8.571959965332839,7.571959965332839,7.571959965332839,0-25%
1.0,8.962447813936606,7.962447813936606,7.962447813936606,0-25%
1.0,8.9764043870969,7.976404387096901,7.976404387096901,0-25%
1.0,9.012765149073077,8.012765149073077,8.012765149073077,0-25%
1.0,9.125997936371895,8.125997936371895,8.125997936371895,0-25%
1.0,8.381711996828283,7.381711996828283,7.381711996828283,0-25%
1.0,8.571959965332839,7.571959965332839,7.571959965332839,0-25%
1.0,8.962447813936606,7.962447813936606,7.962447813936606,0-25%
1.0,9.012765149073077,8.012765149073077,8.012765149073077,0-25%
1.0,8.9764043870969,7.976404387096901,7.976404387096901,0-25%
1.0,8.381891503025535,7.381891503025535,7.381891503025535,0-25%
1.0,8.587484019865254,7.587484019865254,7.587484019865254,0-25%
1.0,8.962447813936606,7.962447813936606,7.962447813936606,0-25%
1.0,8.906767594803462,7.906767594803462,7.906767594803462,0-25%
1.0,8.962447813936606,7.962447813936606,7.962447813936606,0-25%
1.0,8.587484019865254,7.587484019865254,7.587484019865254,0-25%
1.0,8.891205651831552,7.891205651831552,7.891205651831552,0-25%
1.0,8.571959965332839,7.571959965332839,7.571959965332839,0-25%
13.0,9.287325137969173,-3.712674862030827,3.712674862030827,50-75%
25.0,9.23065566341362,-15.76934433658638,15.76934433658638,75-100%
25.0,9.23065566341362,-15.76934433658638,15.76934433658638,75-100%
25.0,9.293745409432223,-15.706254590567777,15.706254590567777,75-100%
25.0,9.293745409432223,-15.706254590567777,15.706254590567777,75-100%
13.0,9.095646200695644,-3.9043537993043564,3.9043537993043564,50-75%
13.0,9.220749681036725,-3.7792503189632747,3.7792503189632747,50-75%
13.0,9.223093958833056,-3.776906041166944,3.776906041166944,50-75%
13.0,9.214856632419123,-3.7851433675808774,3.7851433675808774,50-75%
13.0,9.214856632419123,-3.7851433675808774,3.7851433675808774,50-75%
13.0,9.37544458625548,-3.6245554137445204,3.6245554137445204,50-75%
25.0,9.23065566341362,-15.76934433658638,15.76934433658638,75-100%
25.0,9.183224396776442,-15.816775603223558,15.816775603223558,75-100%
25.0,9.293745409432223,-15.706254590567777,15.706254590567777,75-100%
25.0,9.183224396776442,-15.816775603223558,15.816775603223558,75-100%
25.0,9.293745409432223,-15.706254590567777,15.706254590567777,75-100%
25.0,9.293745409432223,-15.706254590567777,15.706254590567777,75-100%
13.0,9.039221534464613,-3.9607784655353875,3.9607784655353875,50-75%
13.0,9.109789373882794,-3.890210626117206,3.890210626117206,50-75%
13.0,9.223093958833056,-3.776906041166944,3.776906041166944,50-75%
13.0,9.223093958833056,-3.776906041166944,3.776906041166944,50-75%
13.0,9.214856632419123,-3.7851433675808774,3.7851433675808774,50-75%
13.0,9.214856632419123,-3.7851433675808774,3.7851433675808774,50-75%
19.0,9.287325137969173,-9.712674862030827,9.712674862030827,75-100%
25.0,9.23065566341362,-15.76934433658638,15.76934433658638,75-100%
25.0,9.293745409432223,-15.706254590567777,15.706254590567777,75-100%
25.0,9.293745409432223,-15.706254590567777,15.706254590567777,75-100%
25.0,9.293745409432223,-15.706254590567777,15.706254590567777,75-100%
25.0,9.293745409432223,-15.706254590567777,15.706254590567777,75-100%
13.0,9.09083274425681,-3.9091672557431902,3.9091672557431902,50-75%
13.0,9.21587657708836,-3.784123422911639,3.784123422911639,50-75%
13.0,9.21821973716733,-3.7817802628326707,3.7817802628326707,50-75%
13.0,9.21821973716733,-3.7817802628326707,3.7817802628326707,50-75%
13.0,9.214856632419123,-3.7851433675808774,3.7851433675808774,50-75%
19.0,9.214856632419123,-9.785143367580877,9.785143367580877,75-100%
25.0,9.287325137969173,-15.712674862030827,15.712674862030827,75-100%
25.0,9.23065566341362,-15.76934433658638,15.76934433658638,75-100%
25.0,9.134550678235,-15.865449321765,15.865449321765,75-100%
25.0,9.197047770243389,-15.802952229756611,15.802952229756611,75-100%
25.0,9.293745409432223,-15.706254590567777,15.706254590567777,75-100%
25.0,9.293745409432223,-15.706254590567777,15.706254590567777,75-100%
13.0,9.359617966443036,-3.640382033556964,3.640382033556964,50-75%
13.0,9.452302854815246,-3.5476971451847543,3.5476971451847543,50-75%
13.0,9.21821973716733,-3.7817802628326707,3.7817802628326707,50-75%
13.0,9.209986338190141,-3.7900136618098585,3.7900136618098585,50-75%
13.0,9.214856632419123,-3.7851433675808774,3.7851433675808774,50-75%
19.0,9.214856632419123,-9.785143367580877,9.785143367580877,75-100%
19.0,9.295620903454395,-9.704379096545605,9.704379096545605,75-100%
25.0,9.287325137969173,-15.712674862030827,15.712674862030827,75-100%
25.0,9.23065566341362,-15.76934433658638,15.76934433658638,75-100%
25.0,9.23065566341362,-15.76934433658638,15.76934433658638,75-100%
25.0,9.23065566341362,-15.76934433658638,15.76934433658638,75-100%
25.0,9.205270735475754,-15.794729264524246,15.794729264524246,75-100%
9.0,9.490398112531382,0.4903981125313823,0.4903981125313823,50-75%
9.0,9.21821973716733,0.21821973716732934,0.21821973716732934,50-75%
9.0,9.21821973716733,0.21821973716732934,0.21821973716732934,50-75%
9.0,9.214856632419123,0.21485663241912256,0.21485663241912256,50-75%
13.0,9.214856632419123,-3.7851433675808774,3.7851433675808774,50-75%
13.0,9.223093958833056,-3.776906041166944,3.776906041166944,50-75%
25.0,9.223093958833056,-15.776906041166944,15.776906041166944,75-100%
25.0,9.287325137969173,-15.712674862030827,15.712674862030827,75-100%
25.0,9.287325137969173,-15.712674862030827,15.712674862030827,75-100%
25.0,9.134550678235,-15.865449321765,15.865449321765,75-100%
25.0,9.120812027391985,-15.879187972608015,15.879187972608015,75-100%
5.0,9.372028083968662,4.372028083968662,4.372028083968662,0-25%
9.0,9.21821973716733,0.21821973716732934,0.21821973716732934,50-75%
9.0,9.209986338190141,0.20998633819014145,0.20998633819014145,50-75%
9.0,9.223093958833056,0.22309395883305605,0.22309395883305605,50-75%
9.0,9.223093958833056,0.22309395883305605,0.22309395883305605,50-75%
16.0,9.636611714881603,-6.363388285118397,6.363388285118397,75-100%
16.0,9.618330192721583,-6.381669807278417,6.381669807278417,75-100%
5.0,8.992652072256494,3.9926520722564938,3.9926520722564938,0-25%
5.0,9.273571493017968,4.273571493017968,4.273571493017968,0-25%
5.0,9.372028083968662,4.372028083968662,4.372028083968662,0-25%
5.0,9.268237120708985,4.268237120708985,4.268237120708985,0-25%
5.0,9.268237120708985,4.268237120708985,4.268237120708985,0-25%
5.0,9.281139525411065,4.281139525411065,4.281139525411065,0-25%
5.0,9.240781524090188,4.240781524090188,4.240781524090188,0-25%
10.5,9.458422858451277,-1.0415771415487232,1.0415771415487232,50-75%
16.0,9.476429069011267,-6.523570930988733,6.523570930988733,75-100%
16.0,9.636611714881603,-6.363388285118397,6.363388285118397,75-100%
16.0,9.636611714881603,-6.363388285118397,6.363388285118397,75-100%
16.0,9.636611714881603,-6.363388285118397,6.363388285118397,75-100%
16.0,9.146054761744665,-6.853945238255335,6.853945238255335,75-100%
5.0,9.197401647536449,4.197401647536449,4.197401647536449,0-25%
5.0,9.268237120708985,4.268237120708985,4.268237120708985,0-25%
5.0,9.268237120708985,4.268237120708985,4.268237120708985,0-25%
5.0,9.268237120708985,4.268237120708985,4.268237120708985,0-25%
5.0,9.281139525411065,4.281139525411065,4.281139525411065,0-25%
10.5,9.364625762942584,-1.135374237057416,1.135374237057416,50-75%
16.0,9.430431184959659,-6.569568815040341,6.569568815040341,75-100%
16.0,9.618330192721583,-6.381669807278417,6.381669807278417,75-100%
16.0,9.636611714881603,-6.363388285118397,6.363388285118397,75-100%
16.0,9.563117829001579,-6.436882170998421,6.436882170998421,75-100%
16.0,9.049052222589953,-6.950947777410047,6.950947777410047,75-100%
16.0,8.965282336112267,-7.034717663887733,7.034717663887733,75-100%
5.0,9.140744807770956,4.140744807770956,4.140744807770956,0-25%
5.0,9.016143135034286,4.0161431350342855,4.0161431350342855,0-25%
5.0,8.960493368918918,3.960493368918918,3.960493368918918,0-25%
5.0,9.268237120708985,4.268237120708985,4.268237120708985,0-25%
5.0,9.281139525411065,4.281139525411065,4.281139525411065,0-25%
10.5,9.561682678931462,-0.9383173210685385,0.9383173210685385,50-75%
16.0,9.488706516755641,-6.5112934832443585,6.5112934832443585,75-100%
16.0,9.561682678931462,-6.4383173210685385,6.4383173210685385,75-100%
16.0,9.636611714881603,-6.363388285118397,6.363388285118397,75-100%
16.0,9.034344266823172,-6.965655733176828,6.965655733176828,75-100%
16.0,8.912887541758076,-7.087112458241924,7.087112458241924,75-100%
16.0,8.912887541758076,-7.087112458241924,7.087112458241924,75-100%
5.0,9.05858298703188,4.05858298703188,4.05858298703188,0-25%
5.0,8.842151770698171,3.8421517706981714,3.8421517706981714,0-25%
5.0,9.211687371767761,4.211687371767761,4.211687371767761,0-25%
5.0,9.269019074422978,4.269019074422978,4.269019074422978,0-25%
10.5,9.543529939965552,-0.956470060034448,0.956470060034448,50-75%
16.0,9.54932358349392,-6.450676416506081,6.450676416506081,75-100%
16.0,9.386462048540604,-6.613537951459396,6.613537951459396,75-100%
16.0,9.458422858451277,-6.541577141548723,6.541577141548723,75-100%
16.0,9.636611714881603,-6.363388285118397,6.363388285118397,75-100%
16.0,9.274744443387771,-6.725255556612229,6.725255556612229,75-100%
16.0,8.885740710397004,-7.114259289602996,7.114259289602996,75-100%
16.0,8.697985686464605,-7.302014313535395,7.302014313535395,75-100%
16.0,9.57603893843963,-6.4239610615603695,6.4239610615603695,75-100%
16.0,9.44449172260987,-6.55550827739013,6.55550827739013,75-100%
16.0,9.21621391743661,-6.78378608256339,6.78378608256339,75-100%
16.0,9.16531528087696,-6.8346847191230395,6.8346847191230395,75-100%
16.0,9.050824149236341,-6.949175850763659,6.949175850763659,75-100%
16.0,9.179114343341036,-6.820885656658964,6.820885656658964,75-100%
5.0,7.918425328767133,2.9184253287671327,2.9184253287671327,0-25%
5.0,7.755847588957545,2.755847588957545,2.755847588957545,0-25%
5.0,7.918425328767133,2.9184253287671327,2.9184253287671327,0-25%
2.0,7.976388658468903,5.976388658468903,5.976388658468903,0-25%
2.0,8.48119767149965,6.48119767149965,6.48119767149965,0-25%
2.0,8.01307261732805,6.013072617328049,6.013072617328049,0-25%
5.0,8.018076300689515,3.018076300689515,3.018076300689515,0-25%
5.0,7.950219153283799,2.9502191532837987,2.9502191532837987,0-25%
2.0,7.976388658468903,5.976388658468903,5.976388658468903,0-25%
2.0,8.386104271919905,6.386104271919905,6.386104271919905,0-25%
2.0,8.360952571729388,6.360952571729388,6.360952571729388,0-25%
2.0,8.211272189425685,6.211272189425685,6.211272189425685,0-25%
2.0,7.986795829898016,5.986795829898016,5.986795829898016,0-25%
2.0,7.935743748975023,5.935743748975023,5.935743748975023,0-25%
5.0,8.018076300689515,3.018076300689515,3.018076300689515,0-25%
5.0,7.950390403457042,2.9503904034570416,2.9503904034570416,0-25%
2.0,7.933048576889529,5.933048576889529,5.933048576889529,0-25%
2.0,8.25641054319944,6.25641054319944,6.25641054319944,0-25%
2.0,8.25641054319944,6.25641054319944,6.25641054319944,0-25%
2.0,7.974611091179574,5.974611091179574,5.974611091179574,0-25%
2.0,8.186294227510702,6.186294227510702,6.186294227510702,0-25%
2.0,8.255941206074324,6.255941206074324,6.255941206074324,0-25%
2.0,7.935743748975023,5.935743748975023,5.935743748975023,0-25%
5.0,8.018076300689515,3.018076300689515,3.018076300689515,0-25%
5.0,8.018076300689515,3.018076300689515,3.018076300689515,0-25%
5.0,8.018076300689515,3.018076300689515,3.018076300689515,0-25%
5.0,8.018076300689515,3.018076300689515,3.018076300689515,0-25%
2.0,7.933048576889529,5.933048576889529,5.933048576889529,0-25%
2.0,7.951511605141252,5.951511605141252,5.951511605141252,0-25%
2.0,8.186294227510702,6.186294227510702,6.186294227510702,0-25%
2.0,8.104453795813093,6.104453795813093,6.104453795813093,0-25%
2.0,7.789496852073619,5.789496852073619,5.789496852073619,0-25%
5.0,8.018076300689515,3.018076300689515,3.018076300689515,0-25%
5.0,8.018076300689515,3.018076300689515,3.018076300689515,0-25%
5.0,7.870481907648957,2.8704819076489567,2.8704819076489567,0-25%
8.0,8.104453795813093,0.10445379581309311,0.10445379581309311,25-50%
11.0,9.053426936588359,-1.9465730634116412,1.9465730634116412,50-75%
6.5,8.005243629712266,1.5052436297122664,1.5052436297122664,25-50%
2.0,7.951511605141252,5.951511605141252,5.951511605141252,0-25%
2.0,8.104453795813093,6.104453795813093,6.104453795813093,0-25%
2.0,8.104453795813093,6.104453795813093,6.104453795813093,0-25%
2.0,8.104453795813093,6.104453795813093,6.104453795813093,0-25%
11.0,8.776276370486944,-2.2237236295130565,2.2237236295130565,50-75%
6.5,8.318818988101967,1.8188189881019667,1.8188189881019667,25-50%
6.5,8.260535959355316,1.760535959355316,1.760535959355316,25-50%
2.0,8.186294227510702,6.186294227510702,6.186294227510702,0-25%
2.0,8.255941206074324,6.255941206074324,6.255941206074324,0-25%
11.0,9.129648184569575,-1.8703518154304248,1.8703518154304248,50-75%
11.0,9.053426936588359,-1.9465730634116412,1.9465730634116412,50-75%
11.0,9.053426936588359,-1.9465730634116412,1.9465730634116412,50-75%
11.0,8.888887471938908,-2.111112528061092,2.111112528061092,50-75%
11.0,8.888887471938908,-2.111112528061092,2.111112528061092,50-75%
11.0,8.888887471938908,-2.111112528061092,2.111112528061092,50-75%
11.0,8.888887471938908,-2.111112528061092,2.111112528061092,50-75%
11.0,8.96386124446555,-2.0361387555344503,2.0361387555344503,50-75%
11.0,8.96386124446555,-2.0361387555344503,2.0361387555344503,50-75%
11.0,8.96386124446555,-2.0361387555344503,2.0361387555344503,50-75%
12.0,9.052070540956004,-2.947929459043996,2.947929459043996,50-75%
12.0,8.808341656757278,-3.1916583432427217,3.1916583432427217,50-75%
12.0,9.052070540956004,-2.947929459043996,2.947929459043996,50-75%
12.0,9.052070540956004,-2.947929459043996,2.947929459043996,50-75%
12.0,9.052070540956004,-2.947929459043996,2.947929459043996,50-75%
12.0,9.052070540956004,-2.947929459043996,2.947929459043996,50-75%
12.0,9.052070540956004,-2.947929459043996,2.947929459043996,50-75%
12.0,9.11533525035007,-2.8846647496499305,2.8846647496499305,50-75%
12.0,8.738199361852674,-3.261800638147326,3.261800638147326,50-75%
12.0,8.738199361852674,-3.261800638147326,3.261800638147326,50-75%
12.0,9.11533525035007,-2.8846647496499305,2.8846647496499305,50-75%
12.0,9.052070540956004,-2.947929459043996,2.947929459043996,50-75%
12.0,9.052070540956004,-2.947929459043996,2.947929459043996,50-75%
12.0,8.857398495083917,-3.142601504916083,3.142601504916083,50-75%
12.0,8.857398495083917,-3.142601504916083,3.142601504916083,50-75%
12.0,8.857398495083917,-3.142601504916083,3.142601504916083,50-75%
12.0,9.052070540956004,-2.947929459043996,2.947929459043996,50-75%
12.0,9.052070540956004,-2.947929459043996,2.947929459043996,50-75%
12.0,8.808341656757278,-3.1916583432427217,3.1916583432427217,50-75%
12.0,8.897682891694876,-3.102317108305124,3.102317108305124,50-75%
12.0,8.897682891694876,-3.102317108305124,3.102317108305124,50-75%
12.0,9.052070540956004,-2.947929459043996,2.947929459043996,50-75%
8.0,8.143215249560647,0.14321524956064735,0.14321524956064735,25-50%
8.0,8.130820477864845,0.13082047786484452,0.13082047786484452,25-50%
8.0,8.138991471535954,0.13899147153595415,0.13899147153595415,25-50%
8.0,7.60808089924106,-0.39191910075894043,0.39191910075894043,25-50%
8.0,7.648131446633151,-0.35186855336684886,0.35186855336684886,25-50%
8.0,7.969870245553555,-0.03012975444644539,0.03012975444644539,25-50%
8.0,8.043825956393134,0.04382595639313358,0.04382595639313358,25-50%
8.0,8.143215249560647,0.14321524956064735,0.14321524956064735,25-50%
8.0,8.207481820290862,0.20748182029086237,0.20748182029086237,25-50%
8.0,7.9253577891328195,-0.07464221086718048,0.07464221086718048,25-50%
8.0,7.648131446633151,-0.35186855336684886,0.35186855336684886,25-50%
8.0,7.980698700798133,-0.019301299201867295,0.019301299201867295,25-50%
8.0,8.043825956393134,0.04382595639313358,0.04382595639313358,25-50%
8.0,8.140587432017947,0.14058743201794677,0.14058743201794677,25-50%
8.0,8.107393931622223,0.107393931622223,0.107393931622223,25-50%
8.0,7.9253577891328195,-0.07464221086718048,0.07464221086718048,25-50%
8.0,7.545736479800331,-0.4542635201996692,0.4542635201996692,25-50%
8.0,7.843074206075212,-0.15692579392478834,0.15692579392478834,25-50%
8.0,8.094653067802518,0.09465306780251836,0.09465306780251836,25-50%
8.0,7.788002104602037,-0.2119978953979631,0.2119978953979631,25-50%
8.0,7.7366538667471065,-0.26334613325289347,0.26334613325289347,25-50%
8.0,7.4864685300980955,-0.5135314699019045,0.5135314699019045,25-50%
8.0,7.68201189450628,-0.31798810549372014,0.31798810549372014,25-50%
8.0,7.4864685300980955,-0.5135314699019045,0.5135314699019045,25-50%
12.0,9.238960420279392,-2.7610395797206078,2.7610395797206078,50-75%
12.0,9.226978968756722,-2.773021031243278,2.773021031243278,50-75%
12.0,8.868509237782337,-3.1314907622176626,3.1314907622176626,50-75%
12.0,9.22460854275928,-2.775391457240721,2.775391457240721,50-75%
12.0,9.608427236542642,-2.391572763457358,2.391572763457358,50-75%
12.0,9.238960420279392,-2.7610395797206078,2.7610395797206078,50-75%
12.0,9.238960420279392,-2.7610395797206078,2.7610395797206078,50-75%
12.0,9.238960420279392,-2.7610395797206078,2.7610395797206078,50-75%
12.0,9.238960420279392,-2.7610395797206078,2.7610395797206078,50-75%
12.0,9.608427236542642,-2.391572763457358,2.391572763457358,50-75%
12.0,9.330069552077449,-2.6699304479225514,2.6699304479225514,50-75%
12.0,9.330069552077449,-2.6699304479225514,2.6699304479225514,50-75%
12.0,9.238960420279392,-2.7610395797206078,2.7610395797206078,50-75%
12.0,9.238960420279392,-2.7610395797206078,2.7610395797206078,50-75%
12.0,9.258643206189387,-2.7413567938106134,2.7413567938106134,50-75%
12.0,9.244736332406061,-2.7552636675939386,2.7552636675939386,50-75%
12.0,9.330069552077449,-2.6699304479225514,2.6699304479225514,50-75%
12.0,9.330069552077449,-2.6699304479225514,2.6699304479225514,50-75%
12.0,9.330069552077449,-2.6699304479225514,2.6699304479225514,50-75%
12.0,9.238960420279392,-2.7610395797206078,2.7610395797206078,50-75%
12.0,9.238960420279392,-2.7610395797206078,2.7610395797206078,50-75%
12.0,9.252997754003198,-2.7470022459968018,2.7470022459968018,50-75%
12.0,9.244736332406061,-2.7552636675939386,2.7552636675939386,50-75%
12.0,9.330069552077449,-2.6699304479225514,2.6699304479225514,50-75%
12.0,9.330069552077449,-2.6699304479225514,2.6699304479225514,50-75%
12.0,9.330069552077449,-2.6699304479225514,2.6699304479225514,50-75%
12.0,9.238960420279392,-2.7610395797206078,2.7610395797206078,50-75%
12.0,9.266915842379431,-2.733084157620569,2.733084157620569,50-75%
12.0,9.503710610833657,-2.4962893891663427,2.4962893891663427,50-75%
12.0,9.497788690783825,-2.5022113092161753,2.5022113092161753,50-75%
12.0,9.402758226831724,-2.5972417731682764,2.5972417731682764,50-75%
12.0,9.402758226831724,-2.5972417731682764,2.5972417731682764,50-75%
12.0,9.526450791419219,-2.4735492085807813,2.4735492085807813,50-75%
12.0,9.531315813087012,-2.468684186912988,2.468684186912988,50-75%
12.0,9.512180870962846,-2.4878191290371543,2.4878191290371543,50-75%
12.0,9.503710610833657,-2.4962893891663427,2.4962893891663427,50-75%
12.0,9.497788690783825,-2.5022113092161753,2.5022113092161753,50-75%
10.0,8.320822661167425,-1.6791773388325755,1.6791773388325755,50-75%
10.0,8.560244789303022,-1.439755210696978,1.439755210696978,50-75%
10.0,8.560244789303022,-1.439755210696978,1.439755210696978,50-75%
10.0,8.560244789303022,-1.439755210696978,1.439755210696978,50-75%
10.0,8.425206201052958,-1.5747937989470415,1.5747937989470415,50-75%
10.0,8.320822661167425,-1.6791773388325755,1.6791773388325755,50-75%
10.0,8.560244789303022,-1.439755210696978,1.439755210696978,50-75%
10.0,8.337434281971477,-1.6625657180285227,1.6625657180285227,50-75%
10.0,8.425206201052958,-1.5747937989470415,1.5747937989470415,50-75%
10.0,8.560244789303022,-1.439755210696978,1.439755210696978,50-75%
10.0,8.509702821851088,-1.4902971781489125,1.4902971781489125,50-75%
10.0,8.253390138808893,-1.7466098611911072,1.7466098611911072,50-75%
10.0,8.425206201052958,-1.5747937989470415,1.5747937989470415,50-75%
10.0,8.560244789303022,-1.439755210696978,1.439755210696978,50-75%
12.5,8.643186956928052,-3.8568130430719485,3.8568130430719485,50-75%
12.5,8.401687665422411,-4.098312334577589,4.098312334577589,50-75%
12.5,8.592206500668675,-3.9077934993313246,3.9077934993313246,50-75%
15.0,8.57611172563501,-6.423888274364989,6.423888274364989,50-75%
10.0,8.493211335008429,-1.5067886649915714,1.5067886649915714,50-75%
12.5,8.359072288840897,-4.140927711159103,4.140927711159103,50-75%
12.5,8.401687665422411,-4.098312334577589,4.098312334577589,50-75%
12.5,8.455661266136405,-4.044338733863595,4.044338733863595,50-75%
12.5,8.430323175872434,-4.069676824127566,4.069676824127566,50-75%
15.0,8.782114680499342,-6.217885319500658,6.217885319500658,50-75%
12.5,8.578612219344173,-3.9213877806558273,3.9213877806558273,50-75%
3.0,8.559540774108807,5.559540774108807,5.559540774108807,0-25%
12.5,8.407142666540494,-4.092857333459506,4.092857333459506,50-75%
12.5,8.242050001110524,-4.257949998889476,4.257949998889476,50-75%
12.5,8.485822539263449,-4.014177460736551,4.014177460736551,50-75%
12.5,8.52545950821418,-3.9745404917858203,3.9745404917858203,50-75%
12.5,8.811499864512074,-3.688500135487926,3.688500135487926,50-75%
12.5,8.885886913720036,-3.614113086279964,3.614113086279964,50-75%
12.5,8.54389728992391,-3.95610271007609,3.95610271007609,50-75%
3.0,8.631833273682462,5.631833273682462,5.631833273682462,0-25%
3.0,8.631833273682462,5.631833273682462,5.631833273682462,0-25%
9.0,8.406654738665441,-0.5933452613345587,0.5933452613345587,50-75%
15.0,8.426096626918852,-6.573903373081148,6.573903373081148,50-75%
12.5,8.811499864512074,-3.688500135487926,3.688500135487926,50-75%
12.5,8.885886913720036,-3.614113086279964,3.614113086279964,50-75%
12.5,8.54389728992391,-3.95610271007609,3.95610271007609,50-75%
10.0,8.621029095829833,-1.378970904170167,1.378970904170167,50-75%
10.0,8.680253323460493,-1.3197466765395074,1.3197466765395074,50-75%
3.0,8.659304306939244,5.659304306939244,5.659304306939244,0-25%
3.0,8.659304306939244,5.659304306939244,5.659304306939244,0-25%
3.0,8.631833273682462,5.631833273682462,5.631833273682462,0-25%
3.0,8.631833273682462,5.631833273682462,5.631833273682462,0-25%
9.0,8.69707788132686,-0.30292211867313945,0.30292211867313945,50-75%
9.0,8.406654738665441,-0.5933452613345587,0.5933452613345587,50-75%
12.5,8.53732113010908,-3.9626788698909206,3.9626788698909206,50-75%
12.5,8.885886913720036,-3.614113086279964,3.614113086279964,50-75%
12.5,8.885886913720036,-3.614113086279964,3.614113086279964,50-75%
12.5,8.885886913720036,-3.614113086279964,3.614113086279964,50-75%
10.0,8.680253323460493,-1.3197466765395074,1.3197466765395074,50-75%
3.0,8.659304306939244,5.659304306939244,5.659304306939244,0-25%
3.0,8.407142666540494,5.407142666540494,5.407142666540494,0-25%
12.5,8.953368702401132,-3.546631297598868,3.546631297598868,50-75%
12.5,8.953368702401132,-3.546631297598868,3.546631297598868,50-75%
12.5,8.953368702401132,-3.546631297598868,3.546631297598868,50-75%
10.0,8.994206102087187,-1.0057938979128132,1.0057938979128132,50-75%
10.0,8.621029095829833,-1.378970904170167,1.378970904170167,50-75%
10.0,8.648469314399456,-1.3515306856005438,1.3515306856005438,50-75%
10.0,8.648469314399456,-1.3515306856005438,1.3515306856005438,50-75%
3.0,8.659304306939244,5.659304306939244,5.659304306939244,0-25%
3.0,8.659304306939244,5.659304306939244,5.659304306939244,0-25%
3.0,8.659304306939244,5.659304306939244,5.659304306939244,0-25%
3.0,8.697580873595237,5.697580873595237,5.697580873595237,0-25%
3.0,8.697580873595237,5.697580873595237,5.697580873595237,0-25%
3.0,8.697580873595237,5.697580873595237,5.697580873595237,0-25%
3.0,8.559357868901337,5.559357868901337,5.559357868901337,0-25%
10.0,8.8907943791329,-1.1092056208670993,1.1092056208670993,50-75%
10.0,8.965782609102465,-1.0342173908975347,1.0342173908975347,50-75%
10.0,8.965782609102465,-1.0342173908975347,1.0342173908975347,50-75%
10.0,8.994206102087187,-1.0057938979128132,1.0057938979128132,50-75%
10.0,8.648469314399456,-1.3515306856005438,1.3515306856005438,50-75%
10.0,8.648469314399456,-1.3515306856005438,1.3515306856005438,50-75%
3.0,8.559357868901337,5.559357868901337,5.559357868901337,0-25%
10.0,8.965782609102465,-1.0342173908975347,1.0342173908975347,50-75%
10.0,8.965782609102465,-1.0342173908975347,1.0342173908975347,50-75%
7.0,8.867922078250615,1.867922078250615,1.867922078250615,25-50%
7.0,8.867922078250615,1.867922078250615,1.867922078250615,25-50%
7.0,8.859970933957786,1.8599709339577863,1.8599709339577863,25-50%
5.0,8.639889473873492,3.6398894738734917,3.6398894738734917,0-25%
6.0,8.738102806572648,2.7381028065726483,2.7381028065726483,25-50%
6.0,8.806554017927313,2.806554017927313,2.806554017927313,25-50%
7.0,8.796229445690138,1.7962294456901375,1.7962294456901375,25-50%
7.0,8.867922078250615,1.867922078250615,1.867922078250615,25-50%
7.0,8.867922078250615,1.867922078250615,1.867922078250615,25-50%
7.0,8.88742220008858,1.8874222000885794,1.8874222000885794,25-50%
6.0,9.199943328445617,3.1999433284456167,3.1999433284456167,25-50%
6.0,9.247352160035849,3.247352160035849,3.247352160035849,25-50%
6.0,9.247352160035849,3.247352160035849,3.247352160035849,25-50%
7.0,9.313840996015871,2.3138409960158715,2.3138409960158715,25-50%
7.0,9.490402919579786,2.490402919579786,2.490402919579786,25-50%
7.0,8.898763833917036,1.8987638339170356,1.8987638339170356,25-50%
6.0,9.294768050801762,3.2947680508017623,3.2947680508017623,25-50%
6.666666666666668,9.047963575385978,2.3812969087193103,2.3812969087193103,25-50%
6.666666666666668,8.984749618082583,2.3180829514159154,2.3180829514159154,25-50%
6.666666666666668,9.054934562728013,2.388267896061345,2.388267896061345,25-50%
7.5,9.374481359127437,1.8744813591274365,1.8744813591274365,25-50%
7.5,9.374481359127437,1.8744813591274365,1.8744813591274365,25-50%
7.0,9.317604028459776,2.317604028459776,2.317604028459776,25-50%
6.0,9.333139014735663,3.3331390147356625,3.3331390147356625,25-50%
6.666666666666668,9.29510506283611,2.6284383961694413,2.6284383961694413,25-50%
6.666666666666668,9.165435676289214,2.4987690096225457,2.4987690096225457,25-50%
6.666666666666668,9.165435676289214,2.4987690096225457,2.4987690096225457,25-50%
7.5,9.374481359127437,1.8744813591274365,1.8744813591274365,25-50%
7.5,9.226610255571707,1.7266102555717069,1.7266102555717069,25-50%
5.0,9.186385523537616,4.186385523537616,4.186385523537616,0-25%
6.666666666666668,9.14836533733413,2.4816986706674626,2.4816986706674626,25-50%
6.666666666666668,8.858242464359263,2.191575797692595,2.191575797692595,25-50%
6.666666666666668,8.911618071184739,2.244951404518071,2.244951404518071,25-50%
7.5,9.226610255571707,1.7266102555717069,1.7266102555717069,25-50%
8.0,9.106645411329024,1.1066454113290245,1.1066454113290245,25-50%
5.0,8.250827366862769,3.2508273668627687,3.2508273668627687,0-25%
6.5,8.250827366862769,1.7508273668627687,1.7508273668627687,25-50%
6.5,9.14836533733413,2.6483653373341305,2.6483653373341305,25-50%
6.666666666666668,8.91371440731804,2.2470477406513716,2.2470477406513716,25-50%
8.0,9.114795475514828,1.1147954755148284,1.1147954755148284,25-50%
8.0,9.114795475514828,1.1147954755148284,1.1147954755148284,25-50%
8.0,9.106645411329024,1.1066454113290245,1.1066454113290245,25-50%
5.0,8.250827366862769,3.2508273668627687,3.2508273668627687,0-25%
6.5,8.035640440992422,1.535640440992422,1.535640440992422,25-50%
6.5,8.250827366862769,1.7508273668627687,1.7508273668627687,25-50%
8.0,8.041767232106437,0.04176723210643729,0.04176723210643729,25-50%
8.0,9.128525959097619,1.1285259590976189,1.1285259590976189,25-50%
8.0,9.128525959097619,1.1285259590976189,1.1285259590976189,25-50%
8.0,9.114795475514828,1.1147954755148284,1.1147954755148284,25-50%
8.0,9.089127402859035,1.0891274028590345,1.0891274028590345,25-50%
8.0,8.376136639727662,0.37613663972766176,0.37613663972766176,25-50%
8.0,9.114795475514828,1.1147954755148284,1.1147954755148284,25-50%
8.0,9.106645411329024,1.1066454113290245,1.1066454113290245,25-50%
3.0,9.16766856560049,6.16766856560049,6.16766856560049,0-25%
3.0,9.111176923060448,6.111176923060448,6.111176923060448,0-25%
3.0,9.052940225213959,6.052940225213959,6.052940225213959,0-25%
3.0,9.111176923060448,6.111176923060448,6.111176923060448,0-25%
3.0,9.116523305030135,6.116523305030135,6.116523305030135,0-25%
3.0,9.13938930154643,6.13938930154643,6.13938930154643,0-25%
3.0,9.004734072088855,6.004734072088855,6.004734072088855,0-25%
3.0,8.955706702487541,5.955706702487541,5.955706702487541,0-25%
3.0,9.13297634778772,6.13297634778772,6.13297634778772,0-25%
3.0,9.207663808070835,6.207663808070835,6.207663808070835,0-25%
3.0,9.339264601224382,6.339264601224382,6.339264601224382,0-25%
3.0,8.330680589012374,5.330680589012374,5.330680589012374,0-25%
6.0,8.719004157522454,2.7190041575224537,2.7190041575224537,25-50%
6.0,8.719004157522454,2.7190041575224537,2.7190041575224537,25-50%
6.0,8.719004157522454,2.7190041575224537,2.7190041575224537,25-50%
6.0,8.255196318019422,2.255196318019422,2.255196318019422,25-50%
6.0,8.719004157522454,2.7190041575224537,2.7190041575224537,25-50%
6.0,8.719004157522454,2.7190041575224537,2.7190041575224537,25-50%
6.0,8.382896121134308,2.3828961211343085,2.3828961211343085,25-50%
6.0,8.382896121134308,2.3828961211343085,2.3828961211343085,25-50%
6.0,8.134801597550473,2.1348015975504726,2.1348015975504726,25-50%
6.0,8.34106303338865,2.34106303338865,2.34106303338865,25-50%
6.0,8.34106303338865,2.34106303338865,2.34106303338865,25-50%
6.0,8.62966325909544,2.629663259095439,2.629663259095439,25-50%
6.0,8.62966325909544,2.629663259095439,2.629663259095439,25-50%
6.0,8.417326167093757,2.4173261670937567,2.4173261670937567,25-50%
6.0,8.330758411085833,2.3307584110858333,2.3307584110858333,25-50%
6.0,8.134801597550473,2.1348015975504726,2.1348015975504726,25-50%
6.0,8.34106303338865,2.34106303338865,2.34106303338865,25-50%
6.0,8.33013228560657,2.3301322856065703,2.3301322856065703,25-50%
6.0,8.255196318019422,2.255196318019422,2.255196318019422,25-50%
6.0,8.62966325909544,2.629663259095439,2.629663259095439,25-50%
6.0,8.719004157522454,2.7190041575224537,2.7190041575224537,25-50%
6.0,8.417326167093757,2.4173261670937567,2.4173261670937567,25-50%
6.0,8.417326167093757,2.4173261670937567,2.4173261670937567,25-50%
6.0,8.330758411085833,2.3307584110858333,2.3307584110858333,25-50%
6.0,8.34106303338865,2.34106303338865,2.34106303338865,25-50%
6.0,8.34106303338865,2.34106303338865,2.34106303338865,25-50%
6.0,8.719004157522454,2.7190041575224537,2.7190041575224537,25-50%
6.0,8.417326167093757,2.4173261670937567,2.4173261670937567,25-50%
6.0,8.417326167093757,2.4173261670937567,2.4173261670937567,25-50%
6.0,8.417326167093757,2.4173261670937567,2.4173261670937567,25-50%
6.0,8.417326167093757,2.4173261670937567,2.4173261670937567,25-50%
6.0,8.35901975324214,2.3590197532421406,2.3590197532421406,25-50%
6.0,8.346332431553689,2.346332431553689,2.346332431553689,25-50%
6.0,8.417326167093757,2.4173261670937567,2.4173261670937567,25-50%
6.0,8.417326167093757,2.4173261670937567,2.4173261670937567,25-50%
6.0,8.417326167093757,2.4173261670937567,2.4173261670937567,25-50%
6.0,8.417326167093757,2.4173261670937567,2.4173261670937567,25-50%
5.0,8.388399177979288,3.388399177979288,3.388399177979288,0-25%
5.0,8.629820157720326,3.629820157720326,3.629820157720326,0-25%
5.0,8.629820157720326,3.629820157720326,3.629820157720326,0-25%
5.0,8.90298866368565,3.9029886636856492,3.9029886636856492,0-25%
5.0,8.976054779326171,3.976054779326171,3.976054779326171,0-25%
5.0,8.319039303650015,3.3190393036500154,3.3190393036500154,0-25%
5.5,8.417326167093757,2.9173261670937567,2.9173261670937567,25-50%
5.5,8.417326167093757,2.9173261670937567,2.9173261670937567,25-50%
5.5,8.417326167093757,2.9173261670937567,2.9173261670937567,25-50%
5.0,8.389825723527107,3.3898257235271068,3.3898257235271068,0-25%
5.0,8.410394022550392,3.410394022550392,3.410394022550392,0-25%
5.0,8.814460381015783,3.814460381015783,3.814460381015783,0-25%
5.0,8.74257780689092,3.7425778068909192,3.7425778068909192,0-25%
5.0,8.814460381015783,3.814460381015783,3.814460381015783,0-25%
5.0,9.0928665646441,4.092866564644099,4.092866564644099,0-25%
5.0,8.99523217062255,3.9952321706225504,3.9952321706225504,0-25%
5.0,8.981682383439388,3.981682383439388,3.981682383439388,0-25%
5.0,8.407896729597976,3.407896729597976,3.407896729597976,0-25%
5.0,8.402592621903661,3.4025926219036613,3.4025926219036613,0-25%
5.0,8.389825723527107,3.3898257235271068,3.3898257235271068,0-25%
5.0,8.389825723527107,3.3898257235271068,3.3898257235271068,0-25%
5.0,8.389825723527107,3.3898257235271068,3.3898257235271068,0-25%
5.0,8.410394022550392,3.410394022550392,3.410394022550392,0-25%
5.0,8.652380595724875,3.6523805957248747,3.6523805957248747,0-25%
5.0,8.814460381015783,3.814460381015783,3.814460381015783,0-25%
5.0,8.814460381015783,3.814460381015783,3.814460381015783,0-25%
5.0,8.700870784671114,3.700870784671114,3.700870784671114,0-25%
5.0,8.99523217062255,3.9952321706225504,3.9952321706225504,0-25%
5.0,8.58581632053604,3.58581632053604,3.58581632053604,0-25%
5.0,8.595504529654022,3.595504529654022,3.595504529654022,0-25%
5.0,8.87483595645863,3.8748359564586305,3.8748359564586305,0-25%
5.0,8.572920552333127,3.5729205523331267,3.5729205523331267,0-25%
5.0,8.407896729597976,3.407896729597976,3.407896729597976,0-25%
5.0,8.402592621903661,3.4025926219036613,3.4025926219036613,0-25%
5.0,8.389825723527107,3.3898257235271068,3.3898257235271068,0-25%
5.0,8.389825723527107,3.3898257235271068,3.3898257235271068,0-25%
5.0,8.410394022550392,3.410394022550392,3.410394022550392,0-25%
5.0,8.410394022550392,3.410394022550392,3.410394022550392,0-25%
5.0,8.457668555468638,3.457668555468638,3.457668555468638,0-25%
5.0,8.706343154414185,3.706343154414185,3.706343154414185,0-25%
5.0,8.719519178156162,3.719519178156162,3.719519178156162,0-25%
5.0,8.981682383439388,3.981682383439388,3.981682383439388,0-25%
5.0,8.441006122234356,3.4410061222343558,3.4410061222343558,0-25%
5.0,8.968806421754879,3.968806421754879,3.968806421754879,0-25%
5.0,8.458508080945478,3.458508080945478,3.458508080945478,0-25%
5.0,8.420667622682965,3.4206676226829646,3.4206676226829646,0-25%
5.0,8.389825723527107,3.3898257235271068,3.3898257235271068,0-25%
5.0,8.389825723527107,3.3898257235271068,3.3898257235271068,0-25%
5.0,8.410394022550392,3.410394022550392,3.410394022550392,0-25%
5.0,8.410394022550392,3.410394022550392,3.410394022550392,0-25%
5.0,8.475849431040368,3.475849431040368,3.475849431040368,0-25%
5.0,8.463003732113267,3.4630037321132665,3.4630037321132665,0-25%
5.0,8.457668555468638,3.457668555468638,3.457668555468638,0-25%
5.0,8.204318737585362,3.2043187375853623,3.2043187375853623,0-25%
5.0,8.968806421754879,3.968806421754879,3.968806421754879,0-25%
5.0,8.402592621903661,3.4025926219036613,3.4025926219036613,0-25%
5.0,8.402592621903661,3.4025926219036613,3.4025926219036613,0-25%
5.0,8.389825723527107,3.3898257235271068,3.3898257235271068,0-25%
5.0,8.407876181958637,3.4078761819586365,3.4078761819586365,0-25%
5.0,8.39512262927121,3.39512262927121,3.39512262927121,0-25%
5.0,8.457668555468638,3.457668555468638,3.457668555468638,0-25%
5.0,8.45228971479264,3.4522897147926397,3.4522897147926397,0-25%
5.0,8.340081200487507,3.340081200487507,3.340081200487507,0-25%
5.0,8.572920552333127,3.5729205523331267,3.5729205523331267,0-25%
5.0,8.402592621903661,3.4025926219036613,3.4025926219036613,0-25%
5.0,8.407896729597976,3.407896729597976,3.407896729597976,0-25%
5.0,8.389825723527107,3.3898257235271068,3.3898257235271068,0-25%
9.0,9.496757844876168,0.4967578448761678,0.4967578448761678,50-75%
9.0,9.496757844876168,0.4967578448761678,0.4967578448761678,50-75%
9.0,9.496757844876168,0.4967578448761678,0.4967578448761678,50-75%
9.0,9.496757844876168,0.4967578448761678,0.4967578448761678,50-75%
9.0,9.138874680709424,0.13887468070942433,0.13887468070942433,50-75%
9.0,8.948139041890805,-0.05186095810919511,0.05186095810919511,50-75%
9.0,9.496757844876168,0.4967578448761678,0.4967578448761678,50-75%
9.0,9.496757844876168,0.4967578448761678,0.4967578448761678,50-75%
9.0,9.496757844876168,0.4967578448761678,0.4967578448761678,50-75%
9.0,9.496757844876168,0.4967578448761678,0.4967578448761678,50-75%
9.0,9.496757844876168,0.4967578448761678,0.4967578448761678,50-75%
7.0,8.359433624422948,1.3594336244229481,1.3594336244229481,25-50%
9.0,9.496757844876168,0.4967578448761678,0.4967578448761678,50-75%
9.0,9.105584840665736,0.10558484066573648,0.10558484066573648,50-75%
7.0,8.220788137254914,1.2207881372549139,1.2207881372549139,25-50%
7.0,8.372545424108909,1.3725454241089086,1.3725454241089086,25-50%
7.0,8.547187201710875,1.5471872017108748,1.5471872017108748,25-50%
9.0,9.496757844876168,0.4967578448761678,0.4967578448761678,50-75%
9.0,9.496757844876168,0.4967578448761678,0.4967578448761678,50-75%
9.0,9.105584840665736,0.10558484066573648,0.10558484066573648,50-75%
7.0,8.372050424872254,1.3720504248722545,1.3720504248722545,25-50%
7.0,8.411725240197397,1.4117252401973968,1.4117252401973968,25-50%
7.0,8.372545424108909,1.3725454241089086,1.3725454241089086,25-50%
9.0,9.496757844876168,0.4967578448761678,0.4967578448761678,50-75%
9.0,9.138874680709424,0.13887468070942433,0.13887468070942433,50-75%
7.0,8.207030754138268,1.2070307541382679,1.2070307541382679,25-50%
7.0,8.207030754138268,1.2070307541382679,1.2070307541382679,25-50%
7.0,8.257576913171995,1.2575769131719952,1.2575769131719952,25-50%
7.0,8.424910296152785,1.4249102961527846,1.4249102961527846,25-50%
7.0,8.220788137254914,1.2207881372549139,1.2207881372549139,25-50%
7.0,8.115556405028524,1.1155564050285243,1.1155564050285243,25-50%
7.0,8.115556405028524,1.1155564050285243,1.1155564050285243,25-50%
7.0,8.115556405028524,1.1155564050285243,1.1155564050285243,25-50%
7.0,8.207030754138268,1.2070307541382679,1.2070307541382679,25-50%
7.0,8.359433624422948,1.3594336244229481,1.3594336244229481,25-50%
7.0,8.220788137254914,1.2207881372549139,1.2207881372549139,25-50%
7.0,8.115556405028524,1.1155564050285243,1.1155564050285243,25-50%
3.0,9.09128781238532,6.091287812385319,6.091287812385319,0-25%
3.0,9.337753590968953,6.337753590968953,6.337753590968953,0-25%
3.0,9.09128781238532,6.091287812385319,6.091287812385319,0-25%
11.0,9.638579597000614,-1.3614204029993857,1.3614204029993857,50-75%
11.0,9.638579597000614,-1.3614204029993857,1.3614204029993857,50-75%
11.0,9.638579597000614,-1.3614204029993857,1.3614204029993857,50-75%
3.0,9.337753590968953,6.337753590968953,6.337753590968953,0-25%
3.0,9.337753590968953,6.337753590968953,6.337753590968953,0-25%
3.0,9.337753590968953,6.337753590968953,6.337753590968953,0-25%
3.0,9.337753590968953,6.337753590968953,6.337753590968953,0-25%
11.0,9.638579597000614,-1.3614204029993857,1.3614204029993857,50-75%
11.0,9.638579597000614,-1.3614204029993857,1.3614204029993857,50-75%
11.0,9.638579597000614,-1.3614204029993857,1.3614204029993857,50-75%
11.0,9.638579597000614,-1.3614204029993857,1.3614204029993857,50-75%
3.0,9.41317146132731,6.413171461327311,6.413171461327311,0-25%
3.0,9.41317146132731,6.413171461327311,6.413171461327311,0-25%
3.0,9.41317146132731,6.413171461327311,6.413171461327311,0-25%
3.0,9.41317146132731,6.413171461327311,6.413171461327311,0-25%
3.0,9.402816303576808,6.402816303576808,6.402816303576808,0-25%
3.0,9.160368873687746,6.160368873687746,6.160368873687746,0-25%
11.0,8.468544450810896,-2.531455549189104,2.531455549189104,50-75%
11.0,9.638579597000614,-1.3614204029993857,1.3614204029993857,50-75%
11.0,9.638579597000614,-1.3614204029993857,1.3614204029993857,50-75%
11.0,9.638579597000614,-1.3614204029993857,1.3614204029993857,50-75%
11.0,9.56434026436263,-1.4356597356373708,1.4356597356373708,50-75%
3.0,9.326408217634212,6.326408217634212,6.326408217634212,0-25%
3.0,9.478708831333549,6.478708831333549,6.478708831333549,0-25%
3.0,9.478708831333549,6.478708831333549,6.478708831333549,0-25%
3.0,9.285416875856832,6.285416875856832,6.285416875856832,0-25%
3.0,9.210924273924187,6.210924273924187,6.210924273924187,0-25%
3.0,9.285416875856832,6.285416875856832,6.285416875856832,0-25%
11.0,8.839625411966649,-2.160374588033351,2.160374588033351,50-75%
11.0,8.468544450810896,-2.531455549189104,2.531455549189104,50-75%
11.0,8.468544450810896,-2.531455549189104,2.531455549189104,50-75%
11.0,9.71709475624115,-1.2829052437588508,1.2829052437588508,50-75%
11.0,9.56434026436263,-1.4356597356373708,1.4356597356373708,50-75%
11.0,9.56434026436263,-1.4356597356373708,1.4356597356373708,50-75%
11.0,9.56434026436263,-1.4356597356373708,1.4356597356373708,50-75%
3.0,9.32745046240025,6.32745046240025,6.32745046240025,0-25%
3.0,9.32745046240025,6.32745046240025,6.32745046240025,0-25%
3.0,9.32745046240025,6.32745046240025,6.32745046240025,0-25%
11.0,8.839625411966649,-2.160374588033351,2.160374588033351,50-75%
11.0,8.468544450810896,-2.531455549189104,2.531455549189104,50-75%
11.0,8.839625411966649,-2.160374588033351,2.160374588033351,50-75%
11.0,8.69937779689311,-2.30062220310689,2.30062220310689,50-75%
11.0,8.670559472712752,-2.3294405272872485,2.3294405272872485,50-75%
11.0,8.858969979347865,-2.141030020652135,2.141030020652135,50-75%
6.0,8.644863153039909,2.6448631530399087,2.6448631530399087,25-50%
6.0,8.591276221279317,2.5912762212793172,2.5912762212793172,25-50%
6.0,8.644863153039909,2.6448631530399087,2.6448631530399087,25-50%
6.0,8.38648624763277,2.386486247632771,2.386486247632771,25-50%
6.0,8.334334859889639,2.3343348598896387,2.3343348598896387,25-50%
11.0,8.69937779689311,-2.30062220310689,2.30062220310689,50-75%
11.0,8.670559472712752,-2.3294405272872485,2.3294405272872485,50-75%
11.0,8.682289669357713,-2.317710330642287,2.317710330642287,50-75%
6.0,8.558049341798597,2.558049341798597,2.558049341798597,25-50%
6.0,8.760832561635013,2.760832561635013,2.760832561635013,25-50%
6.0,8.748778946965675,2.7487789469656754,2.7487789469656754,25-50%
6.0,8.748778946965675,2.7487789469656754,2.7487789469656754,25-50%
6.0,8.632952748548169,2.6329527485481687,2.6329527485481687,25-50%
6.0,8.38648624763277,2.386486247632771,2.386486247632771,25-50%
11.0,8.469765632943066,-2.5302343670569343,2.5302343670569343,50-75%
11.0,8.469765632943066,-2.5302343670569343,2.5302343670569343,50-75%
6.0,8.379913702640476,2.3799137026404757,2.3799137026404757,25-50%
6.0,8.803245854197597,2.8032458541975966,2.8032458541975966,25-50%
6.0,8.829585940714365,2.829585940714365,2.829585940714365,25-50%
6.0,8.7749726877649,2.7749726877648992,2.7749726877648992,25-50%
6.0,8.803245854197597,2.8032458541975966,2.8032458541975966,25-50%
6.0,8.632952748548169,2.6329527485481687,2.6329527485481687,25-50%
6.0,8.827286512055261,2.8272865120552613,2.8272865120552613,25-50%
6.0,8.903011934869546,2.9030119348695465,2.9030119348695465,25-50%
6.0,8.748778946965675,2.7487789469656754,2.7487789469656754,25-50%
6.0,8.334334859889639,2.3343348598896387,2.3343348598896387,25-50%
6.0,8.686813534706701,2.686813534706701,2.686813534706701,25-50%
6.0,8.666448175849172,2.6664481758491725,2.6664481758491725,25-50%
6.0,8.475294976901056,2.475294976901056,2.475294976901056,25-50%
6.0,8.232862271264665,2.232862271264665,2.232862271264665,25-50%
6.0,8.740934238134079,2.740934238134079,2.740934238134079,25-50%
6.0,8.740934238134079,2.740934238134079,2.740934238134079,25-50%
6.0,8.686813534706701,2.686813534706701,2.686813534706701,25-50%
6.0,8.195283750144123,2.1952837501441227,2.1952837501441227,25-50%
6.0,8.410913848269892,2.4109138482698924,2.4109138482698924,25-50%
6.0,8.41903497502927,2.4190349750292697,2.4190349750292697,25-50%
6.0,8.18521034874884,2.1852103487488392,2.1852103487488392,25-50%
6.0,8.412565393222135,2.4125653932221347,2.4125653932221347,25-50%
6.0,8.34545243921112,2.3454524392111207,2.3454524392111207,25-50%
6.0,8.34545243921112,2.3454524392111207,2.3454524392111207,25-50%
6.0,8.34545243921112,2.3454524392111207,2.3454524392111207,25-50%
6.0,8.345631251631447,2.3456312516314473,2.3456312516314473,25-50%
6.0,8.444805364527715,2.4448053645277152,2.4448053645277152,25-50%
6.0,8.34545243921112,2.3454524392111207,2.3454524392111207,25-50%
6.0,8.18521034874884,2.1852103487488392,2.1852103487488392,25-50%
6.0,8.34545243921112,2.3454524392111207,2.3454524392111207,25-50%
6.0,8.345631251631447,2.3456312516314473,2.3456312516314473,25-50%
6.0,8.91965954634077,2.9196595463407693,2.9196595463407693,25-50%
6.0,8.458918036607535,2.4589180366075354,2.4589180366075354,25-50%
6.0,8.945917670350523,2.945917670350523,2.945917670350523,25-50%
6.0,9.171012270714007,3.171012270714007,3.171012270714007,25-50%
6.0,8.945917670350523,2.945917670350523,2.945917670350523,25-50%
22.0,9.227838216282926,-12.772161783717074,12.772161783717074,75-100%
22.0,9.227838216282926,-12.772161783717074,12.772161783717074,75-100%
22.0,8.458918036607535,-13.541081963392465,13.541081963392465,75-100%
22.0,8.412565393222135,-13.587434606777865,13.587434606777865,75-100%
22.0,9.048965272221539,-12.951034727778461,12.951034727778461,75-100%
22.0,9.07513572188996,-12.92486427811004,12.92486427811004,75-100%
22.0,8.958121762930816,-13.041878237069184,13.041878237069184,75-100%
22.0,8.83910549041006,-13.16089450958994,13.16089450958994,75-100%
22.0,9.036238179737925,-12.963761820262075,12.963761820262075,75-100%
22.0,9.120238751654439,-12.879761248345561,12.879761248345561,75-100%
22.0,8.678727415077416,-13.321272584922584,13.321272584922584,75-100%
22.0,8.685379939249614,-13.314620060750386,13.314620060750386,75-100%
22.0,9.2535432188882,-12.7464567811118,12.7464567811118,75-100%
22.0,8.678727415077416,-13.321272584922584,13.321272584922584,75-100%
22.0,8.563050374053974,-13.436949625946026,13.436949625946026,75-100%
22.0,8.507640716467277,-13.492359283532723,13.492359283532723,75-100%
22.0,8.315216517746995,-13.684783482253005,13.684783482253005,75-100%
22.0,8.552223083877816,-13.447776916122184,13.447776916122184,75-100%
22.0,8.501110274700036,-13.498889725299964,13.498889725299964,75-100%
22.0,8.674414147481633,-13.325585852518367,13.325585852518367,75-100%
22.0,8.84760590152913,-13.15239409847087,13.15239409847087,75-100%
22.0,8.83629589842837,-13.16370410157163,13.16370410157163,75-100%
22.0,8.678727415077416,-13.321272584922584,13.321272584922584,75-100%
22.0,8.678727415077416,-13.321272584922584,13.321272584922584,75-100%
22.0,8.552223083877816,-13.447776916122184,13.447776916122184,75-100%
22.0,8.667769155300464,-13.332230844699536,13.332230844699536,75-100%
22.0,8.84305672487,-13.15694327513,13.15694327513,75-100%
22.0,8.667401538370713,-13.332598461629287,13.332598461629287,75-100%
22.0,8.840841950428697,-13.159158049571303,13.159158049571303,75-100%
22.0,8.84305672487,-13.15694327513,13.15694327513,75-100%
6.0,9.228596291692927,3.228596291692927,3.228596291692927,25-50%
6.0,8.821907794664105,2.8219077946641047,2.8219077946641047,25-50%
6.0,8.808592970348016,2.808592970348016,2.808592970348016,25-50%
6.0,8.92355606426271,2.9235560642627103,2.9235560642627103,25-50%
6.0,9.236844697856908,3.236844697856908,3.236844697856908,25-50%
6.0,9.236844697856908,3.236844697856908,3.236844697856908,25-50%
6.0,9.045259420748724,3.0452594207487245,3.0452594207487245,25-50%
6.0,8.92355606426271,2.9235560642627103,2.9235560642627103,25-50%
6.0,9.058895511552077,3.058895511552077,3.058895511552077,25-50%
6.0,9.287943575760206,3.287943575760206,3.287943575760206,25-50%
6.0,9.236844697856908,3.236844697856908,3.236844697856908,25-50%
6.0,9.236844697856908,3.236844697856908,3.236844697856908,25-50%
6.0,9.37166335496276,3.3716633549627595,3.3716633549627595,25-50%
6.0,9.008780657754805,3.008780657754805,3.008780657754805,25-50%
6.0,8.910103443005333,2.910103443005333,2.910103443005333,25-50%
6.0,9.008346356646115,3.008346356646115,3.008346356646115,25-50%
6.0,8.952409610104878,2.952409610104878,2.952409610104878,25-50%
7.0,9.069180993753955,2.069180993753955,2.069180993753955,25-50%
7.0,8.7448458662146,1.7448458662146002,1.7448458662146002,25-50%
7.0,8.803415937236123,1.8034159372361227,1.8034159372361227,25-50%
7.0,8.822261457597453,1.8222614575974525,1.8222614575974525,25-50%
7.0,8.885159511274304,1.8851595112743045,1.8851595112743045,25-50%
7.0,8.879586326094845,1.879586326094845,1.879586326094845,25-50%
6.0,9.27355117228368,3.27355117228368,3.27355117228368,25-50%
6.0,9.236844697856908,3.236844697856908,3.236844697856908,25-50%
6.0,9.236844697856908,3.236844697856908,3.236844697856908,25-50%
6.0,9.330950007736538,3.330950007736538,3.330950007736538,25-50%
6.0,8.938917874257767,2.9389178742577666,2.9389178742577666,25-50%
6.0,8.963928838610556,2.9639288386105562,2.9639288386105562,25-50%
6.0,9.058895511552077,3.058895511552077,3.058895511552077,25-50%
7.0,8.816745174508354,1.8167451745083536,1.8167451745083536,25-50%
7.0,8.822282910291136,1.8222829102911362,1.8222829102911362,25-50%
7.0,8.803415937236123,1.8034159372361227,1.8034159372361227,25-50%
7.0,8.720226490311179,1.7202264903111786,1.7202264903111786,25-50%
7.0,8.797840460352187,1.7978404603521874,1.7978404603521874,25-50%
7.0,8.885159511274304,1.8851595112743045,1.8851595112743045,25-50%
7.0,9.023422934807837,2.0234229348078365,2.0234229348078365,25-50%
6.0,9.37166335496276,3.3716633549627595,3.3716633549627595,25-50%
6.0,9.236844697856908,3.236844697856908,3.236844697856908,25-50%
6.0,8.994778791543773,2.994778791543773,2.994778791543773,25-50%
6.0,8.979722568041506,2.979722568041506,2.979722568041506,25-50%
6.0,8.979722568041506,2.979722568041506,2.979722568041506,25-50%
6.0,8.808703827473037,2.808703827473037,2.808703827473037,25-50%
7.0,8.830203662718075,1.830203662718075,1.830203662718075,25-50%
7.0,8.543737764020639,1.543737764020639,1.543737764020639,25-50%
7.0,8.811162116914309,1.8111621169143088,1.8111621169143088,25-50%
7.0,8.808946153847032,1.8089461538470317,1.8089461538470317,25-50%
7.0,8.808946153847032,1.8089461538470317,1.8089461538470317,25-50%
7.0,8.89313096779869,1.8931309677986903,1.8931309677986903,25-50%
7.0,8.89313096779869,1.8931309677986903,1.8931309677986903,25-50%
6.0,9.236844697856908,3.236844697856908,3.236844697856908,25-50%
6.0,8.873665899295887,2.8736658992958866,2.8736658992958866,25-50%
6.0,8.697143995632796,2.6971439956327963,2.6971439956327963,25-50%
6.0,8.541550027750176,2.5415500277501764,2.5415500277501764,25-50%
6.0,8.879102244447843,2.879102244447843,2.879102244447843,25-50%
7.0,8.7448458662146,1.7448458662146002,1.7448458662146002,25-50%
7.0,8.332990006865884,1.3329900068658844,1.3329900068658844,25-50%
7.0,8.830203662718075,1.830203662718075,1.830203662718075,25-50%
7.0,8.718782440897566,1.7187824408975665,1.7187824408975665,25-50%
7.0,8.808946153847032,1.8089461538470317,1.8089461538470317,25-50%
7.0,8.885159511274304,1.8851595112743045,1.8851595112743045,25-50%
7.0,8.89313096779869,1.8931309677986903,1.8931309677986903,25-50%
7.0,8.572986149835153,1.5729861498351525,1.5729861498351525,25-50%
7.0,8.822282910291136,1.8222829102911362,1.8222829102911362,25-50%
7.0,8.822282910291136,1.8222829102911362,1.8222829102911362,25-50%
7.0,8.453199522400997,1.4531995224009968,1.4531995224009968,25-50%
7.0,8.808946153847032,1.8089461538470317,1.8089461538470317,25-50%
7.0,8.808946153847032,1.8089461538470317,1.8089461538470317,25-50%
7.0,8.9939413132321,1.9939413132320993,1.9939413132320993,25-50%
7.0,8.822282910291136,1.8222829102911362,1.8222829102911362,25-50%
7.0,8.816745174508354,1.8167451745083536,1.8167451745083536,25-50%
7.0,8.419930680704278,1.4199306807042777,1.4199306807042777,25-50%
9.0,8.684094517329546,-0.3159054826704537,0.3159054826704537,50-75%
9.0,8.695071281639985,-0.30492871836001534,0.30492871836001534,50-75%
9.0,8.695071281639985,-0.30492871836001534,0.30492871836001534,50-75%
9.0,8.695071281639985,-0.30492871836001534,0.30492871836001534,50-75%
9.0,8.710347026497377,-0.28965297350262276,0.28965297350262276,50-75%
9.0,8.702889449787325,-0.2971105502126754,0.2971105502126754,50-75%
9.0,8.684094517329546,-0.3159054826704537,0.3159054826704537,50-75%
9.0,8.695071281639985,-0.30492871836001534,0.30492871836001534,50-75%
9.0,8.695071281639985,-0.30492871836001534,0.30492871836001534,50-75%
9.0,8.695071281639985,-0.30492871836001534,0.30492871836001534,50-75%
9.0,8.452014446814648,-0.5479855531853524,0.5479855531853524,50-75%
9.0,8.971364924100449,-0.028635075899551055,0.028635075899551055,50-75%
9.0,8.772639110641164,-0.22736088935883636,0.22736088935883636,50-75%
9.0,8.702889449787325,-0.2971105502126754,0.2971105502126754,50-75%
9.0,8.684094517329546,-0.3159054826704537,0.3159054826704537,50-75%
9.0,8.695071281639985,-0.30492871836001534,0.30492871836001534,50-75%
9.0,8.695071281639985,-0.30492871836001534,0.30492871836001534,50-75%
9.0,8.695071281639985,-0.30492871836001534,0.30492871836001534,50-75%
9.0,8.695071281639985,-0.30492871836001534,0.30492871836001534,50-75%
9.0,8.971364924100449,-0.028635075899551055,0.028635075899551055,50-75%
9.0,8.702889449787325,-0.2971105502126754,0.2971105502126754,50-75%
9.0,8.695071281639985,-0.30492871836001534,0.30492871836001534,50-75%
9.0,8.695071281639985,-0.30492871836001534,0.30492871836001534,50-75%
9.0,8.695071281639985,-0.30492871836001534,0.30492871836001534,50-75%
9.0,9.227776762124776,0.22777676212477616,0.22777676212477616,50-75%
9.0,8.816502683118898,-0.18349731688110182,0.18349731688110182,50-75%
9.0,8.808592970348016,-0.19140702965198386,0.19140702965198386,50-75%
9.0,8.797115127251066,-0.20288487274893363,0.20288487274893363,50-75%
9.0,8.808592970348016,-0.19140702965198386,0.19140702965198386,50-75%
9.0,8.77422464082292,-0.2257753591770797,0.2257753591770797,50-75%
9.0,8.244785711394943,-0.7552142886050568,0.7552142886050568,50-75%
9.0,8.808592970348016,-0.19140702965198386,0.19140702965198386,50-75%
9.0,8.608429120403951,-0.3915708795960491,0.3915708795960491,50-75%
9.0,8.88309798720427,-0.11690201279573031,0.11690201279573031,50-75%
9.0,8.353034908870045,-0.6469650911299549,0.6469650911299549,50-75%
9.0,8.244785711394943,-0.7552142886050568,0.7552142886050568,50-75%
5.0,8.849163294244425,3.849163294244425,3.849163294244425,0-25%
5.0,8.559854858073095,3.559854858073095,3.559854858073095,0-25%
5.0,8.732851934354755,3.7328519343547555,3.7328519343547555,0-25%
12.0,8.603662254122773,-3.3963377458772275,3.3963377458772275,50-75%
5.0,8.613585281067753,3.6135852810677527,3.6135852810677527,0-25%
5.0,8.72835576916605,3.7283557691660505,3.7283557691660505,0-25%
5.0,8.72835576916605,3.7283557691660505,3.7283557691660505,0-25%
5.0,8.72835576916605,3.7283557691660505,3.7283557691660505,0-25%
5.0,8.72835576916605,3.7283557691660505,3.7283557691660505,0-25%
12.0,8.77645063456584,-3.2235493654341596,3.2235493654341596,50-75%
12.0,8.77645063456584,-3.2235493654341596,3.2235493654341596,50-75%
12.0,8.60869740453332,-3.39130259546668,3.39130259546668,50-75%
5.0,8.890366727803437,3.8903667278034373,3.8903667278034373,0-25%
5.0,8.72835576916605,3.7283557691660505,3.7283557691660505,0-25%
5.0,8.72835576916605,3.7283557691660505,3.7283557691660505,0-25%
19.0,8.90244473039247,-10.09755526960753,10.09755526960753,75-100%
19.0,8.90244473039247,-10.09755526960753,10.09755526960753,75-100%
19.0,8.935065385833378,-10.064934614166622,10.064934614166622,75-100%
19.0,9.115530583755987,-9.884469416244013,9.884469416244013,75-100%
12.0,8.77645063456584,-3.2235493654341596,3.2235493654341596,50-75%
12.0,8.602218483226071,-3.3977815167739287,3.3977815167739287,50-75%
12.0,8.566740354639446,-3.433259645360554,3.433259645360554,50-75%
5.0,8.618140205590937,3.6181402055909366,3.6181402055909366,0-25%
5.0,8.478774510231508,3.478774510231508,3.478774510231508,0-25%
12.0,8.60869740453332,-3.39130259546668,3.39130259546668,50-75%
19.0,9.115337040649282,-9.884662959350718,9.884662959350718,75-100%
3.0,9.150184592407669,6.150184592407669,6.150184592407669,0-25%
3.0,9.154267224917175,6.1542672249171755,6.1542672249171755,0-25%
3.0,9.178505810758669,6.178505810758669,6.178505810758669,0-25%
3.0,8.439548548423971,5.439548548423971,5.439548548423971,0-25%
3.0,8.393290823609053,5.393290823609053,5.393290823609053,0-25%
3.0,9.028387515511518,6.028387515511518,6.028387515511518,0-25%
3.0,9.101026438553752,6.1010264385537525,6.1010264385537525,0-25%
3.0,9.232546537930688,6.232546537930688,6.232546537930688,0-25%
3.0,8.190665579321148,5.1906655793211485,5.1906655793211485,0-25%
3.0,8.947871102819752,5.947871102819752,5.947871102819752,0-25%
3.0,8.494813805555545,5.494813805555545,5.494813805555545,0-25%
3.0,8.70477776544139,5.70477776544139,5.70477776544139,0-25%
3.0,8.549316082552918,5.549316082552918,5.549316082552918,0-25%
6.0,9.607550513858525,3.6075505138585253,3.6075505138585253,25-50%
6.0,9.705959563083026,3.7059595630830255,3.7059595630830255,25-50%
6.0,9.705959563083026,3.7059595630830255,3.7059595630830255,25-50%
6.0,9.635982321584526,3.6359823215845264,3.6359823215845264,25-50%
7.0,8.571872352409974,1.571872352409974,1.571872352409974,25-50%
7.0,8.663140551955442,1.6631405519554416,1.6631405519554416,25-50%
7.0,8.275568380046302,1.2755683800463018,1.2755683800463018,25-50%
7.0,8.642265371371854,1.6422653713718542,1.6422653713718542,25-50%
6.5,9.484914373166454,2.984914373166454,2.984914373166454,25-50%
6.5,9.276037790854838,2.776037790854838,2.776037790854838,25-50%
6.0,9.705959563083026,3.7059595630830255,3.7059595630830255,25-50%
6.0,9.705959563083026,3.7059595630830255,3.7059595630830255,25-50%
6.0,9.619260853585864,3.619260853585864,3.619260853585864,25-50%
6.0,9.330542425053245,3.3305424250532454,3.3305424250532454,25-50%
7.0,8.50936117610532,1.5093611761053207,1.5093611761053207,25-50%
7.0,8.48876497484159,1.4887649748415903,1.4887649748415903,25-50%
7.0,8.551194337554941,1.551194337554941,1.551194337554941,25-50%
7.5,9.2506093682724,1.7506093682724,1.7506093682724,25-50%
7.0,9.385884533738768,2.3858845337387677,2.3858845337387677,25-50%
7.0,9.484914373166454,2.484914373166454,2.484914373166454,25-50%
7.0,9.649791259817466,2.6497912598174658,2.6497912598174658,25-50%
7.0,9.09372750238148,2.09372750238148,2.09372750238148,25-50%
6.0,9.619260853585864,3.619260853585864,3.619260853585864,25-50%
6.0,9.467900822466394,3.467900822466394,3.467900822466394,25-50%
6.0,9.17808805741762,3.17808805741762,3.17808805741762,25-50%
6.0,8.99474652875175,2.994746528751749,2.994746528751749,25-50%
7.0,8.428151001181632,1.4281510011816323,1.4281510011816323,25-50%
7.0,8.48876497484159,1.4887649748415903,1.4887649748415903,25-50%
7.5,9.244583543913103,1.7445835439131034,1.7445835439131034,25-50%
7.5,9.13055423036625,1.6305542303662506,1.6305542303662506,25-50%
7.0,9.385884533738768,2.3858845337387677,2.3858845337387677,25-50%
7.0,9.427972322064548,2.427972322064548,2.427972322064548,25-50%
7.0,9.467900822466394,2.467900822466394,2.467900822466394,25-50%
7.0,9.467900822466394,2.467900822466394,2.467900822466394,25-50%
7.0,9.00870739531209,2.00870739531209,2.00870739531209,25-50%
6.0,9.428512142361289,3.4285121423612885,3.4285121423612885,25-50%
6.0,8.99474652875175,2.994746528751749,2.994746528751749,25-50%
7.0,8.49605797689523,1.49605797689523,1.49605797689523,25-50%
7.0,8.48876497484159,1.4887649748415903,1.4887649748415903,25-50%
7.5,9.244583543913103,1.7445835439131034,1.7445835439131034,25-50%
7.333333333333332,9.557504349879906,2.224171016546574,2.224171016546574,25-50%
7.0,9.427972322064548,2.427972322064548,2.427972322064548,25-50%
7.0,9.427972322064548,2.427972322064548,2.427972322064548,25-50%
7.0,9.467900822466394,2.467900822466394,2.467900822466394,25-50%
7.0,9.951418678163428,2.951418678163428,2.951418678163428,25-50%
7.0,10.509594300086324,3.5095943000863237,3.5095943000863237,25-50%
6.5,9.081607131319368,2.581607131319368,2.581607131319368,25-50%
7.0,8.48876497484159,1.4887649748415903,1.4887649748415903,25-50%
7.5,9.244583543913103,1.7445835439131034,1.7445835439131034,25-50%
7.333333333333332,9.557504349879906,2.224171016546574,2.224171016546574,25-50%
7.333333333333332,9.427972322064548,2.094638988731216,2.094638988731216,25-50%
7.0,9.427972322064548,2.427972322064548,2.427972322064548,25-50%
7.0,9.427972322064548,2.427972322064548,2.427972322064548,25-50%
7.0,10.52941030688126,3.5294103068812603,3.5294103068812603,25-50%
7.0,10.020805512253762,3.0208055122537623,3.0208055122537623,25-50%
6.5,10.020805512253762,3.5208055122537623,3.5208055122537623,25-50%
7.5,9.13055423036625,1.6305542303662506,1.6305542303662506,25-50%
7.333333333333332,9.427972322064548,2.094638988731216,2.094638988731216,25-50%
7.333333333333332,9.427972322064548,2.094638988731216,2.094638988731216,25-50%
7.5,10.52941030688126,3.0294103068812603,3.0294103068812603,25-50%
7.5,10.03977997401345,2.5397799740134506,2.5397799740134506,25-50%
7.0,9.851403537761653,2.8514035377616533,2.8514035377616533,25-50%
7.5,9.651424604174982,2.1514246041749825,2.1514246041749825,25-50%
7.5,9.663903316405856,2.1639033164058556,2.1639033164058556,25-50%
7.5,9.705586061686075,2.205586061686075,2.205586061686075,25-50%
7.5,9.213128397229621,1.713128397229621,1.713128397229621,25-50%
7.0,9.41380743220895,2.4138074322089498,2.4138074322089498,25-50%
7.0,9.672710209235644,2.6727102092356443,2.6727102092356443,25-50%
7.0,9.230712285630933,2.2307122856309327,2.2307122856309327,25-50%
7.0,9.230712285630933,2.2307122856309327,2.2307122856309327,25-50%
7.0,9.056141313635012,2.0561413136350115,2.0561413136350115,25-50%
5.0,7.895911707392982,2.8959117073929823,2.8959117073929823,0-25%
5.0,8.065158182383662,3.065158182383662,3.065158182383662,0-25%
5.0,8.091586253978095,3.091586253978095,3.091586253978095,0-25%
5.0,7.069814493722907,2.069814493722907,2.069814493722907,0-25%
5.0,7.6239888503237125,2.6239888503237125,2.6239888503237125,0-25%
5.0,7.895911707392982,2.8959117073929823,2.8959117073929823,0-25%
5.0,7.895911707392982,2.8959117073929823,2.8959117073929823,0-25%
5.0,7.895911707392982,2.8959117073929823,2.8959117073929823,0-25%
5.0,7.895911707392982,2.8959117073929823,2.8959117073929823,0-25%
5.0,7.6239888503237125,2.6239888503237125,2.6239888503237125,0-25%
5.0,7.480339528752737,2.4803395287527374,2.4803395287527374,0-25%
5.0,7.800704839102805,2.8007048391028047,2.8007048391028047,0-25%
5.0,8.142479912503992,3.142479912503992,3.142479912503992,0-25%
5.0,8.108619594480354,3.108619594480354,3.108619594480354,0-25%
5.0,8.108619594480354,3.108619594480354,3.108619594480354,0-25%
5.0,7.895911707392982,2.8959117073929823,2.8959117073929823,0-25%
5.0,8.732619065077344,3.732619065077344,3.732619065077344,0-25%
5.0,8.732619065077344,3.732619065077344,3.732619065077344,0-25%
5.0,7.416470017774255,2.4164700177742553,2.4164700177742553,0-25%
5.0,8.142479912503992,3.142479912503992,3.142479912503992,0-25%
5.0,8.108619594480354,3.108619594480354,3.108619594480354,0-25%
5.0,7.895911707392982,2.8959117073929823,2.8959117073929823,0-25%
5.0,7.895911707392982,2.8959117073929823,2.8959117073929823,0-25%
5.0,8.732619065077344,3.732619065077344,3.732619065077344,0-25%
5.0,8.508348311813524,3.508348311813524,3.508348311813524,0-25%
5.0,8.508348311813524,3.508348311813524,3.508348311813524,0-25%
5.0,8.108619594480354,3.108619594480354,3.108619594480354,0-25%
5.0,7.895911707392982,2.8959117073929823,2.8959117073929823,0-25%
5.0,8.732619065077344,3.732619065077344,3.732619065077344,0-25%
5.0,8.508348311813524,3.508348311813524,3.508348311813524,0-25%
5.0,7.895911707392982,2.8959117073929823,2.8959117073929823,0-25%
5.0,7.354535301379807,2.3545353013798067,2.3545353013798067,0-25%
5.0,7.176688159349951,2.1766881593499514,2.1766881593499514,0-25%
6.0,10.069701082335444,4.069701082335444,4.069701082335444,25-50%
6.0,9.98124301841751,3.9812430184175103,3.9812430184175103,25-50%
6.0,10.023854988128761,4.023854988128761,4.023854988128761,25-50%
6.0,10.023854988128761,4.023854988128761,4.023854988128761,25-50%
6.0,9.906580911169154,3.9065809111691543,3.9065809111691543,25-50%
6.0,9.909394827166336,3.909394827166336,3.909394827166336,25-50%
6.0,9.909394827166336,3.909394827166336,3.909394827166336,25-50%
6.0,9.98124301841751,3.9812430184175103,3.9812430184175103,25-50%
6.0,10.023854988128761,4.023854988128761,4.023854988128761,25-50%
6.0,10.023854988128761,4.023854988128761,4.023854988128761,25-50%
6.0,9.969635616472013,3.9696356164720132,3.9696356164720132,25-50%
6.0,9.879170332415868,3.8791703324158675,3.8791703324158675,25-50%
6.0,9.879170332415868,3.8791703324158675,3.8791703324158675,25-50%
6.0,10.00432641216194,4.004326412161941,4.004326412161941,25-50%
6.0,10.497955080764685,4.497955080764685,4.497955080764685,25-50%
6.0,10.247768138019715,4.247768138019715,4.247768138019715,25-50%
6.0,9.909394827166336,3.909394827166336,3.909394827166336,25-50%
6.0,9.991570626544622,3.991570626544622,3.991570626544622,25-50%
6.0,9.976670177985145,3.976670177985145,3.976670177985145,25-50%
6.0,10.497955080764685,4.497955080764685,4.497955080764685,25-50%
6.0,10.52692471664804,4.52692471664804,4.52692471664804,25-50%
6.0,10.497955080764685,4.497955080764685,4.497955080764685,25-50%
6.0,10.497955080764685,4.497955080764685,4.497955080764685,25-50%
6.0,10.497955080764685,4.497955080764685,4.497955080764685,25-50%
6.0,10.497955080764685,4.497955080764685,4.497955080764685,25-50%
6.0,10.497955080764685,4.497955080764685,4.497955080764685,25-50%
6.0,10.50911806998319,4.50911806998319,4.50911806998319,25-50%
6.0,10.497955080764685,4.497955080764685,4.497955080764685,25-50%
6.0,10.52692471664804,4.52692471664804,4.52692471664804,25-50%
7.0,9.672728409613997,2.672728409613997,2.672728409613997,25-50%
7.0,10.309877397176262,3.309877397176262,3.309877397176262,25-50%
7.0,10.309877397176262,3.309877397176262,3.309877397176262,25-50%
7.0,9.994363276625451,2.9943632766254513,2.9943632766254513,25-50%
7.0,9.262869611788613,2.262869611788613,2.262869611788613,25-50%
7.0,9.199969101675308,2.1999691016753076,2.1999691016753076,25-50%
7.0,9.831410553363227,2.8314105533632272,2.8314105533632272,25-50%
7.0,10.309877397176262,3.309877397176262,3.309877397176262,25-50%
7.0,10.309877397176262,3.309877397176262,3.309877397176262,25-50%
7.0,10.022064089392234,3.0220640893922344,3.0220640893922344,25-50%
7.0,9.314245814543629,2.3142458145436287,2.3142458145436287,25-50%
7.0,9.456613743916613,2.4566137439166127,2.4566137439166127,25-50%
7.0,10.219500082534958,3.2195000825349585,3.2195000825349585,25-50%
7.0,10.281453247792482,3.2814532477924825,3.2814532477924825,25-50%
7.0,9.377851038902815,2.377851038902815,2.377851038902815,25-50%
7.0,10.247768138019715,3.2477681380197154,3.2477681380197154,25-50%
7.0,10.219500082534958,3.2195000825349585,3.2195000825349585,25-50%
7.0,10.00432641216194,3.004326412161941,3.004326412161941,25-50%
7.0,9.909394827166336,2.909394827166336,2.909394827166336,25-50%
7.0,9.88071753250344,2.8807175325034393,2.8807175325034393,25-50%
7.0,9.909394827166336,2.909394827166336,2.909394827166336,25-50%
7.0,9.89771756476787,2.89771756476787,2.89771756476787,25-50%
7.0,9.870329261506464,2.8703292615064644,2.8703292615064644,25-50%
7.0,9.878859493695755,2.878859493695755,2.878859493695755,25-50%
7.0,9.850205825663794,2.850205825663794,2.850205825663794,25-50%
7.0,9.330315925810709,2.3303159258107087,2.3303159258107087,25-50%
7.0,9.330315925810709,2.3303159258107087,2.3303159258107087,25-50%
7.0,9.909394827166336,2.909394827166336,2.909394827166336,25-50%
7.0,9.837637192297414,2.8376371922974144,2.8376371922974144,25-50%
7.0,9.682719118213292,2.682719118213292,2.682719118213292,25-50%
7.0,9.304353624651707,2.304353624651707,2.304353624651707,25-50%
7.0,9.979805404329195,2.979805404329195,2.979805404329195,25-50%
7.0,9.837637192297414,2.8376371922974144,2.8376371922974144,25-50%
7.0,9.71650837701972,2.7165083770197196,2.7165083770197196,25-50%
7.0,9.976670177985145,2.976670177985145,2.976670177985145,25-50%
7.0,9.917116173574213,2.917116173574213,2.917116173574213,25-50%
7.0,10.019264403098841,3.019264403098841,3.019264403098841,25-50%
7.0,9.304353624651707,2.304353624651707,2.304353624651707,25-50%
7.0,10.022722552202353,3.022722552202353,3.022722552202353,25-50%
7.0,10.177244938914283,3.177244938914283,3.177244938914283,25-50%
7.0,10.14662502404468,3.1466250240446794,3.1466250240446794,25-50%
7.0,10.151247245813224,3.1512472458132237,3.1512472458132237,25-50%
7.0,9.97466581784451,2.9746658178445102,2.9746658178445102,25-50%
7.0,9.995020084577199,2.995020084577199,2.995020084577199,25-50%
7.0,10.179343335081905,3.1793433350819047,3.1793433350819047,25-50%
7.0,10.174709467409315,3.174709467409315,3.174709467409315,25-50%
7.0,10.106709958299836,3.1067099582998363,3.1067099582998363,25-50%
7.0,10.129826103689705,3.1298261036897053,3.1298261036897053,25-50%
7.0,9.995020084577199,2.995020084577199,2.995020084577199,25-50%
7.0,10.004367308319196,3.004367308319196,3.004367308319196,25-50%
7.0,10.004367308319196,3.004367308319196,3.004367308319196,25-50%
7.0,10.058287056650283,3.0582870566502827,3.0582870566502827,25-50%
7.0,10.017903772347372,3.0179037723473723,3.0179037723473723,25-50%
7.0,9.995020084577199,2.995020084577199,2.995020084577199,25-50%
7.0,10.008930539432814,3.0089305394328143,3.0089305394328143,25-50%
7.0,10.03209332671198,3.03209332671198,3.03209332671198,25-50%
7.0,10.051649948693932,3.0516499486939317,3.0516499486939317,25-50%
7.0,9.97466581784451,2.9746658178445102,2.9746658178445102,25-50%
7.0,10.175803133509042,3.175803133509042,3.175803133509042,25-50%
7.0,10.175803133509042,3.175803133509042,3.175803133509042,25-50%
7.0,10.04706901027107,3.04706901027107,3.04706901027107,25-50%
7.0,10.03209332671198,3.03209332671198,3.03209332671198,25-50%
7.0,10.01930535477121,3.0193053547712108,3.0193053547712108,25-50%
7.0,10.007510445693756,3.0075104456937556,3.0075104456937556,25-50%
7.0,9.534727842434473,2.5347278424344726,2.5347278424344726,25-50%
7.0,10.175803133509042,3.175803133509042,3.175803133509042,25-50%
7.0,10.051649948693932,3.0516499486939317,3.0516499486939317,25-50%
7.0,10.03209332671198,3.03209332671198,3.03209332671198,25-50%
7.0,10.007510445693756,3.0075104456937556,3.0075104456937556,25-50%
9.0,8.396818506104697,-0.6031814938953026,0.6031814938953026,50-75%
9.0,8.396818506104697,-0.6031814938953026,0.6031814938953026,50-75%
9.0,8.396818506104697,-0.6031814938953026,0.6031814938953026,50-75%
9.0,8.427773526513706,-0.5722264734862943,0.5722264734862943,50-75%
9.0,8.427773526513706,-0.5722264734862943,0.5722264734862943,50-75%
9.0,8.104868562124445,-0.8951314378755555,0.8951314378755555,50-75%
9.0,8.074973763382271,-0.9250262366177289,0.9250262366177289,50-75%
9.0,8.760310321343553,-0.23968967865644686,0.23968967865644686,50-75%
9.0,8.405096909150998,-0.5949030908490016,0.5949030908490016,50-75%
9.0,8.405096909150998,-0.5949030908490016,0.5949030908490016,50-75%
9.0,8.671960556257337,-0.3280394437426626,0.3280394437426626,50-75%
9.0,8.104868562124445,-0.8951314378755555,0.8951314378755555,50-75%
9.0,8.76890895317246,-0.23109104682754023,0.23109104682754023,50-75%
9.0,9.046095535796276,0.04609553579627601,0.04609553579627601,50-75%
9.0,8.671960556257337,-0.3280394437426626,0.3280394437426626,50-75%
9.0,8.671960556257337,-0.3280394437426626,0.3280394437426626,50-75%
9.0,8.405096909150998,-0.5949030908490016,0.5949030908490016,50-75%
10.0,9.70784716713684,-0.2921528328631595,0.2921528328631595,50-75%
10.0,9.11425372226615,-0.8857462777338494,0.8857462777338494,50-75%
9.5,9.046095535796276,-0.453904464203724,0.453904464203724,50-75%
9.5,9.11425372226615,-0.3857462777338494,0.3857462777338494,50-75%
9.5,8.671960556257337,-0.8280394437426626,0.8280394437426626,50-75%
9.5,8.405096909150998,-1.0949030908490016,1.0949030908490016,50-75%
9.0,8.074973763382271,-0.9250262366177289,0.9250262366177289,50-75%
10.0,9.912257691029485,-0.08774230897051538,0.08774230897051538,50-75%
10.0,9.97977904928446,-0.020220950715540198,0.020220950715540198,50-75%
10.0,10.02465029742794,0.02465029742793945,0.02465029742793945,50-75%
10.0,8.870745163359494,-1.1292548366405057,1.1292548366405057,50-75%
9.5,9.163262648561577,-0.33673735143842265,0.33673735143842265,50-75%
9.5,8.671960556257337,-0.8280394437426626,0.8280394437426626,50-75%
9.5,8.363213420703017,-1.1367865792969827,1.1367865792969827,50-75%
9.0,8.363213420703017,-0.6367865792969827,0.6367865792969827,50-75%
10.0,10.036162689637454,0.03616268963745384,0.03616268963745384,50-75%
10.0,9.963397257981086,-0.036602742018914114,0.036602742018914114,50-75%
10.0,9.963397257981086,-0.036602742018914114,0.036602742018914114,50-75%
10.0,9.68842807254554,-0.3115719274544606,0.3115719274544606,50-75%
10.0,8.52191439046684,-1.47808560953316,1.47808560953316,50-75%
9.5,8.339808137434261,-1.160191862565739,1.160191862565739,50-75%
8.666666666666666,8.363213420703017,-0.30345324596364875,0.30345324596364875,50-75%
8.666666666666666,8.363213420703017,-0.30345324596364875,0.30345324596364875,50-75%
7.0,8.433848362724365,1.4338483627243654,1.4338483627243654,25-50%
7.0,8.363213420703017,1.3632134207030173,1.3632134207030173,25-50%
10.0,10.036162689637454,0.03616268963745384,0.03616268963745384,50-75%
10.0,9.97977904928446,-0.020220950715540198,0.020220950715540198,50-75%
10.0,9.97977904928446,-0.020220950715540198,0.020220950715540198,50-75%
10.0,9.68842807254554,-0.3115719274544606,0.3115719274544606,50-75%
8.5,8.568053118381727,0.06805311838172656,0.06805311838172656,50-75%
8.5,8.262622903282187,-0.23737709671781282,0.23737709671781282,50-75%
8.5,8.262622903282187,-0.23737709671781282,0.23737709671781282,50-75%
7.0,8.262622903282187,1.2626229032821872,1.2626229032821872,25-50%
7.0,8.543874867149647,1.543874867149647,1.543874867149647,25-50%
7.0,8.491329011977152,1.491329011977152,1.491329011977152,25-50%
10.0,9.97977904928446,-0.020220950715540198,0.020220950715540198,50-75%
10.0,9.963397257981086,-0.036602742018914114,0.036602742018914114,50-75%
10.0,8.931671259314939,-1.068328740685061,1.068328740685061,50-75%
8.5,8.568053118381727,0.06805311838172656,0.06805311838172656,50-75%
8.5,8.57483108780342,0.0748310878034193,0.0748310878034193,50-75%
8.5,8.38486359378129,-0.11513640621870991,0.11513640621870991,50-75%
8.5,8.26918450719746,-0.23081549280253988,0.23081549280253988,50-75%
7.0,8.26918450719746,1.2691845071974601,1.2691845071974601,25-50%
7.0,8.262622903282187,1.2626229032821872,1.2626229032821872,25-50%
7.0,8.491329011977152,1.491329011977152,1.491329011977152,25-50%
7.0,8.356782180627627,1.3567821806276275,1.3567821806276275,25-50%
10.0,9.758028777818692,-0.2419712221813075,0.2419712221813075,50-75%
10.0,9.110068942051619,-0.889931057948381,0.889931057948381,50-75%
8.5,9.110068942051619,0.610068942051619,0.610068942051619,50-75%
8.5,9.110068942051619,0.610068942051619,0.610068942051619,50-75%
7.0,8.917640421557412,1.9176404215574117,1.9176404215574117,25-50%
7.0,8.69432463263161,1.6943246326316093,1.6943246326316093,25-50%
7.0,8.26918450719746,1.2691845071974601,1.2691845071974601,25-50%
7.0,8.356782180627627,1.3567821806276275,1.3567821806276275,25-50%
7.0,9.008043025070084,2.0080430250700836,2.0080430250700836,25-50%
7.0,9.002275008480598,2.0022750084805985,2.0022750084805985,25-50%
7.0,8.949775674167807,1.9497756741678067,1.9497756741678067,25-50%
7.0,8.57483108780342,1.5748310878034193,1.5748310878034193,25-50%
7.0,8.262622903282187,1.2626229032821872,1.2626229032821872,25-50%
7.0,8.262622903282187,1.2626229032821872,1.2626229032821872,25-50%
7.0,8.109873142368262,1.1098731423682615,1.1098731423682615,25-50%
7.0,8.969357608152642,1.9693576081526416,1.9693576081526416,25-50%
7.0,8.949775674167807,1.9497756741678067,1.9497756741678067,25-50%
7.0,8.917640421557412,1.9176404215574117,1.9176404215574117,25-50%
7.0,8.26918450719746,1.2691845071974601,1.2691845071974601,25-50%
7.0,8.262622903282187,1.2626229032821872,1.2626229032821872,25-50%
8.0,8.723069886955606,0.7230698869556065,0.7230698869556065,25-50%
8.0,8.66900534849674,0.6690053484967393,0.6690053484967393,25-50%
8.0,8.654652242886662,0.6546522428866623,0.6546522428866623,25-50%
8.0,8.76781618625732,0.7678161862573205,0.7678161862573205,25-50%
8.0,8.386986003258265,0.38698600325826504,0.38698600325826504,25-50%
8.0,8.380341008322219,0.38034100832221895,0.38034100832221895,25-50%
2.0,9.690753899077345,7.690753899077345,7.690753899077345,0-25%
2.0,11.040160748536117,9.040160748536117,9.040160748536117,0-25%
2.0,10.979734018172657,8.979734018172657,8.979734018172657,0-25%
2.0,10.931386702143357,8.931386702143357,8.931386702143357,0-25%
2.0,10.231676817229538,8.231676817229538,8.231676817229538,0-25%
8.0,8.630388029583274,0.6303880295832744,0.6303880295832744,25-50%
8.0,8.655897802567987,0.6558978025679867,0.6558978025679867,25-50%
8.0,8.641564154387522,0.6415641543875221,0.6415641543875221,25-50%
8.0,8.577863200054997,0.5778632000549973,0.5778632000549973,25-50%
8.0,8.510872318756485,0.5108723187564852,0.5108723187564852,25-50%
8.0,8.44465304456306,0.44465304456305965,0.44465304456305965,25-50%
2.0,9.663885739929267,7.663885739929267,7.663885739929267,0-25%
2.0,10.302876487538262,8.302876487538262,8.302876487538262,0-25%
2.0,10.979734018172657,8.979734018172657,8.979734018172657,0-25%
2.0,10.86305116754594,8.86305116754594,8.86305116754594,0-25%
2.0,10.446885325533742,8.446885325533742,8.446885325533742,0-25%
8.0,8.630388029583274,0.6303880295832744,0.6303880295832744,25-50%
8.0,8.655897802567987,0.6558978025679867,0.6558978025679867,25-50%
8.0,8.801628781394554,0.8016287813945535,0.8016287813945535,25-50%
8.0,8.959072931208567,0.9590729312085671,0.9590729312085671,25-50%
8.0,8.877325192424227,0.8773251924242267,0.8773251924242267,25-50%
8.0,8.524648520533923,0.5246485205339226,0.5246485205339226,25-50%
8.0,8.53888049631933,0.5388804963193294,0.5388804963193294,25-50%
8.0,8.53888049631933,0.5388804963193294,0.5388804963193294,25-50%
2.0,10.299649009926199,8.299649009926199,8.299649009926199,0-25%
2.0,10.23834268149804,8.23834268149804,8.23834268149804,0-25%
2.0,10.34349653252006,8.34349653252006,8.34349653252006,0-25%
2.0,10.571435020573448,8.571435020573448,8.571435020573448,0-25%
2.0,10.505161064500253,8.505161064500253,8.505161064500253,0-25%
2.0,10.446885325533742,8.446885325533742,8.446885325533742,0-25%
2.0,10.446885325533742,8.446885325533742,8.446885325533742,0-25%
2.0,10.446885325533742,8.446885325533742,8.446885325533742,0-25%
2.0,9.944843058219256,7.944843058219256,7.944843058219256,0-25%
8.0,9.491409185845274,1.4914091858452743,1.4914091858452743,25-50%
8.0,9.514839466924865,1.5148394669248653,1.5148394669248653,25-50%
8.0,9.619489842827893,1.6194898428278925,1.6194898428278925,25-50%
8.0,8.91565348378631,0.9156534837863095,0.9156534837863095,25-50%
8.0,8.91565348378631,0.9156534837863095,0.9156534837863095,25-50%
8.0,8.920781093048447,0.920781093048447,0.920781093048447,25-50%
8.0,8.865661159151054,0.8656611591510543,0.8656611591510543,25-50%
2.0,10.284782782287476,8.284782782287476,8.284782782287476,0-25%
2.0,9.830932771456377,7.830932771456377,7.830932771456377,0-25%
2.0,10.299649009926199,8.299649009926199,8.299649009926199,0-25%
2.0,10.927541706942648,8.927541706942648,8.927541706942648,0-25%
2.0,10.581765353870821,8.581765353870821,8.581765353870821,0-25%
2.0,10.505161064500253,8.505161064500253,8.505161064500253,0-25%
2.0,10.446885325533742,8.446885325533742,8.446885325533742,0-25%
2.0,10.446885325533742,8.446885325533742,8.446885325533742,0-25%
2.0,10.446885325533742,8.446885325533742,8.446885325533742,0-25%
2.0,9.944843058219256,7.944843058219256,7.944843058219256,0-25%
8.0,9.81912341736474,1.8191234173647395,1.8191234173647395,25-50%
8.0,9.838302507006517,1.8383025070065173,1.8383025070065173,25-50%
8.0,9.59280078554886,1.5928007855488602,1.5928007855488602,25-50%
8.0,8.92057680489397,0.9205768048939706,0.9205768048939706,25-50%
8.0,8.902211575465042,0.9022115754650422,0.9022115754650422,25-50%
8.0,8.865661159151054,0.8656611591510543,0.8656611591510543,25-50%
2.0,9.926906466585564,7.926906466585564,7.926906466585564,0-25%
2.0,10.621747903340104,8.621747903340104,8.621747903340104,0-25%
2.0,10.299649009926199,8.299649009926199,8.299649009926199,0-25%
2.0,10.913715766193814,8.913715766193814,8.913715766193814,0-25%
3.5,10.913715766193814,7.413715766193814,7.413715766193814,0-25%
3.0,10.623634430183392,7.623634430183392,7.623634430183392,0-25%
2.0,10.446885325533742,8.446885325533742,8.446885325533742,0-25%
2.0,10.446885325533742,8.446885325533742,8.446885325533742,0-25%
2.0,9.944843058219256,7.944843058219256,7.944843058219256,0-25%
8.0,9.795015098497768,1.7950150984977675,1.7950150984977675,25-50%
8.0,9.613552406155176,1.6135524061551756,1.6135524061551756,25-50%
8.0,9.487843814536872,1.4878438145368715,1.4878438145368715,25-50%
2.0,10.435078337386361,8.435078337386361,8.435078337386361,0-25%
2.0,10.596456927947738,8.596456927947738,8.596456927947738,0-25%
2.0,11.006803465102507,9.006803465102507,9.006803465102507,0-25%
3.5,11.028598028299962,7.528598028299962,7.528598028299962,0-25%
3.5,11.105397053224014,7.605397053224014,7.605397053224014,0-25%
3.0,10.446885325533742,7.446885325533742,7.446885325533742,0-25%
3.0,10.446885325533742,7.446885325533742,7.446885325533742,0-25%
2.0,10.446885325533742,8.446885325533742,8.446885325533742,0-25%
2.0,10.446885325533742,8.446885325533742,8.446885325533742,0-25%
3.5,10.796358350159213,7.296358350159213,7.296358350159213,0-25%
3.5,11.479170069100302,7.979170069100302,7.979170069100302,0-25%
3.5,11.136103239428735,7.636103239428735,7.636103239428735,0-25%
3.5,11.015184188155548,7.515184188155548,7.515184188155548,0-25%
3.5,10.653128609987377,7.153128609987377,7.153128609987377,0-25%
3.0,10.505161064500253,7.505161064500253,7.505161064500253,0-25%
3.0,10.505161064500253,7.505161064500253,7.505161064500253,0-25%
3.5,10.446885325533742,6.946885325533742,6.946885325533742,0-25%
9.0,9.441937884002732,0.4419378840027317,0.4419378840027317,50-75%
8.5,8.997908593065352,0.4979085930653522,0.4979085930653522,50-75%
8.0,8.48069402331034,0.48069402331034006,0.48069402331034006,25-50%
3.5,10.651029441032936,7.151029441032936,7.151029441032936,0-25%
3.5,11.160276407111828,7.660276407111828,7.660276407111828,0-25%
3.5,10.018107005577864,6.518107005577864,6.518107005577864,0-25%
5.0,10.843855503073675,5.843855503073675,5.843855503073675,0-25%
5.0,10.833014907294293,5.833014907294293,5.833014907294293,0-25%
5.0,10.79011343157082,5.79011343157082,5.79011343157082,0-25%
9.0,9.456112452043765,0.45611245204376516,0.45611245204376516,50-75%
8.5,8.980216635767357,0.4802166357673574,0.4802166357673574,50-75%
8.5,8.968647958226171,0.4686479582261711,0.4686479582261711,50-75%
8.5,8.95797765801151,0.4579776580115098,0.4579776580115098,50-75%
8.5,8.696891400431461,0.19689140043146125,0.19689140043146125,50-75%
8.5,8.676890981756113,0.17689098175611306,0.17689098175611306,50-75%
8.0,8.517309532820134,0.5173095328201338,0.5173095328201338,25-50%
8.0,8.386605922826586,0.3866059228265861,0.3866059228265861,25-50%
5.0,10.621747903340104,5.621747903340104,5.621747903340104,0-25%
5.0,11.270004855194022,6.270004855194022,6.270004855194022,0-25%
5.0,10.210098314208548,5.2100983142085475,5.2100983142085475,0-25%
9.0,9.149917608217567,0.14991760821756728,0.14991760821756728,50-75%
9.0,8.997908593065352,-0.0020914069346478215,0.0020914069346478215,50-75%
8.5,8.792562775524116,0.29256277552411625,0.29256277552411625,50-75%
8.5,8.770741948012503,0.2707419480125033,0.2707419480125033,50-75%
8.5,8.517309532820134,0.01730953282013381,0.01730953282013381,50-75%
8.0,8.676890981756113,0.6768909817561131,0.6768909817561131,25-50%
8.0,8.406189269332199,0.4061892693321987,0.4061892693321987,25-50%
5.0,10.651029441032936,5.651029441032936,5.651029441032936,0-25%
5.0,10.651029441032936,5.651029441032936,5.651029441032936,0-25%
5.0,10.675225561224014,5.675225561224014,5.675225561224014,0-25%
5.0,11.141958616631364,6.1419586166313636,6.1419586166313636,0-25%
9.0,9.149917608217567,0.14991760821756728,0.14991760821756728,50-75%
9.0,8.959072931208567,-0.04092706879143293,0.04092706879143293,50-75%
8.5,8.770741948012503,0.2707419480125033,0.2707419480125033,50-75%
8.5,8.792562775524116,0.29256277552411625,0.29256277552411625,50-75%
8.5,8.80585583940744,0.30585583940744066,0.30585583940744066,50-75%
8.0,8.770741948012503,0.7707419480125033,0.7707419480125033,25-50%
8.0,8.746185976363332,0.7461859763633321,0.7461859763633321,25-50%
9.0,9.091966624237948,0.09196662423794777,0.09196662423794777,50-75%
9.0,8.999008258246846,-0.000991741753153974,0.000991741753153974,50-75%
9.0,8.80585583940744,-0.19414416059255934,0.19414416059255934,50-75%
8.5,8.767951963451917,0.2679519634519174,0.2679519634519174,50-75%
8.5,8.80585583940744,0.30585583940744066,0.30585583940744066,50-75%
8.5,8.78121161901256,0.2812116190125593,0.2812116190125593,50-75%
8.5,8.809922078311354,0.3099220783113541,0.3099220783113541,50-75%
8.5,8.770741948012503,0.2707419480125033,0.2707419480125033,50-75%
8.0,8.386788441194861,0.3867884411948612,0.3867884411948612,25-50%
9.0,8.945572162396404,-0.05442783760359582,0.05442783760359582,50-75%
9.0,8.981314355018934,-0.018685644981065508,0.018685644981065508,50-75%
9.0,8.792562775524116,-0.20743722447588375,0.20743722447588375,50-75%
9.0,8.80585583940744,-0.19414416059255934,0.19414416059255934,50-75%
9.0,8.80585583940744,-0.19414416059255934,0.19414416059255934,50-75%
9.0,8.80585583940744,-0.19414416059255934,0.19414416059255934,50-75%
9.0,8.80585583940744,-0.19414416059255934,0.19414416059255934,50-75%
9.0,8.86988316264506,-0.13011683735494017,0.13011683735494017,50-75%
3.0,10.358283290992055,7.3582832909920555,7.3582832909920555,0-25%
3.0,10.706503088895285,7.7065030888952855,7.7065030888952855,0-25%
3.0,10.972336809166485,7.972336809166485,7.972336809166485,0-25%
3.0,9.739276632757017,6.739276632757017,6.739276632757017,0-25%
3.0,10.410548612270418,7.410548612270418,7.410548612270418,0-25%
3.0,10.47050751178844,7.4705075117884405,7.4705075117884405,0-25%
3.0,10.669250238702425,7.669250238702425,7.669250238702425,0-25%
3.0,10.972336809166485,7.972336809166485,7.972336809166485,0-25%
3.0,9.739276632757017,6.739276632757017,6.739276632757017,0-25%
3.0,9.859595549406823,6.859595549406823,6.859595549406823,0-25%
3.0,10.214313454872535,7.214313454872535,7.214313454872535,0-25%
3.0,11.239974181847751,8.239974181847751,8.239974181847751,0-25%
3.0,11.33192582723164,8.33192582723164,8.33192582723164,0-25%
3.0,10.535913834039713,7.535913834039713,7.535913834039713,0-25%
3.0,10.549428772595324,7.5494287725953235,7.5494287725953235,0-25%
3.0,10.214313454872535,7.214313454872535,7.214313454872535,0-25%
3.0,10.720894680497288,7.720894680497288,7.720894680497288,0-25%
3.0,11.962897186647844,8.962897186647844,8.962897186647844,0-25%
3.0,11.945324358407541,8.945324358407541,8.945324358407541,0-25%
3.0,10.163472841338546,7.163472841338546,7.163472841338546,0-25%
3.0,10.297270060853432,7.297270060853432,7.297270060853432,0-25%
3.0,10.99319327025853,7.99319327025853,7.99319327025853,0-25%
3.0,10.8134408438331,7.813440843833099,7.813440843833099,0-25%
3.0,10.678923206553268,7.678923206553268,7.678923206553268,0-25%
3.0,10.468869484456786,7.468869484456786,7.468869484456786,0-25%
3.0,11.231309572522939,8.231309572522939,8.231309572522939,0-25%
3.0,12.048288878913864,9.048288878913864,9.048288878913864,0-25%
3.0,11.930253258747332,8.930253258747332,8.930253258747332,0-25%
3.0,11.039837321697473,8.039837321697473,8.039837321697473,0-25%
9.0,7.833853790705243,-1.166146209294757,1.166146209294757,50-75%
3.0,10.99319327025853,7.99319327025853,7.99319327025853,0-25%
3.0,11.548175719899444,8.548175719899444,8.548175719899444,0-25%
3.0,10.768408340049154,7.768408340049154,7.768408340049154,0-25%
3.0,10.965735079092266,7.965735079092266,7.965735079092266,0-25%
9.0,8.05698378398092,-0.94301621601908,0.94301621601908,50-75%
9.0,8.05698378398092,-0.94301621601908,0.94301621601908,50-75%
9.0,8.05698378398092,-0.94301621601908,0.94301621601908,50-75%
3.0,11.779314717496318,8.779314717496318,8.779314717496318,0-25%
3.0,11.738647928009893,8.738647928009893,8.738647928009893,0-25%
3.0,11.587780004700459,8.587780004700459,8.587780004700459,0-25%
3.0,11.574004550133733,8.574004550133733,8.574004550133733,0-25%
3.0,10.978760621966405,7.978760621966405,7.978760621966405,0-25%
3.0,10.768408340049154,7.768408340049154,7.768408340049154,0-25%
3.0,10.768408340049154,7.768408340049154,7.768408340049154,0-25%
9.0,8.05698378398092,-0.94301621601908,0.94301621601908,50-75%
9.0,8.086819320092964,-0.9131806799070361,0.9131806799070361,50-75%
9.0,8.05698378398092,-0.94301621601908,0.94301621601908,50-75%
9.0,8.05698378398092,-0.94301621601908,0.94301621601908,50-75%
2.0,10.1074615219721,8.1074615219721,8.1074615219721,0-25%
2.0,9.936790891725211,7.936790891725211,7.936790891725211,0-25%
2.5,10.360972251539259,7.860972251539259,7.860972251539259,0-25%
2.6666666666666665,10.908816747643524,8.242150080976858,8.242150080976858,0-25%
3.0,11.587780004700459,8.587780004700459,8.587780004700459,0-25%
3.0,11.489167690155506,8.489167690155506,8.489167690155506,0-25%
3.0,10.768408340049154,7.768408340049154,7.768408340049154,0-25%
12.5,7.873897950523949,-4.626102049476051,4.626102049476051,50-75%
12.5,7.873897950523949,-4.626102049476051,4.626102049476051,50-75%
9.0,8.05698378398092,-0.94301621601908,0.94301621601908,50-75%
2.0,9.964346648174088,7.964346648174088,7.964346648174088,0-25%
2.0,9.936790891725211,7.936790891725211,7.936790891725211,0-25%
2.5,10.50926418011236,8.00926418011236,8.00926418011236,0-25%
2.5,10.50926418011236,8.00926418011236,8.00926418011236,0-25%
2.5,10.25470607841579,7.75470607841579,7.75470607841579,0-25%
3.0,12.409667531942555,9.409667531942555,9.409667531942555,0-25%
3.0,10.017003459206482,7.017003459206482,7.017003459206482,0-25%
12.5,7.873897950523949,-4.626102049476051,4.626102049476051,50-75%
9.0,8.05698378398092,-0.94301621601908,0.94301621601908,50-75%
2.0,10.147498159615658,8.147498159615658,8.147498159615658,0-25%
2.0,10.147498159615658,8.147498159615658,8.147498159615658,0-25%
2.0,10.060168972539397,8.060168972539397,8.060168972539397,0-25%
2.5,10.2264205863977,7.726420586397699,7.726420586397699,0-25%
2.5,10.376394376817217,7.876394376817217,7.876394376817217,0-25%
2.5,10.360972251539259,7.860972251539259,7.860972251539259,0-25%
2.5,11.370376470534037,8.870376470534037,8.870376470534037,0-25%
2.5,11.401544212934676,8.901544212934676,8.901544212934676,0-25%
3.0,11.370376470534037,8.370376470534037,8.370376470534037,0-25%
3.0,12.025532497092131,9.025532497092131,9.025532497092131,0-25%
3.0,10.186331978216401,7.186331978216401,7.186331978216401,0-25%
16.0,8.801846770589147,-7.198153229410853,7.198153229410853,75-100%
16.0,8.801846770589147,-7.198153229410853,7.198153229410853,75-100%
16.0,8.415146960147789,-7.584853039852211,7.584853039852211,75-100%
16.0,8.344652042900629,-7.655347957099371,7.655347957099371,75-100%
16.0,8.415146960147789,-7.584853039852211,7.584853039852211,75-100%
16.0,8.395361515867183,-7.604638484132817,7.604638484132817,75-100%
16.0,8.76336224562997,-7.2366377543700295,7.2366377543700295,75-100%
16.0,8.451697396586798,-7.548302603413202,7.548302603413202,75-100%
16.0,8.22147381720223,-7.778526182797769,7.778526182797769,75-100%
16.0,8.22147381720223,-7.778526182797769,7.778526182797769,75-100%
12.5,7.873897950523949,-4.626102049476051,4.626102049476051,50-75%
12.5,7.873897950523949,-4.626102049476051,4.626102049476051,50-75%
2.0,10.147498159615658,8.147498159615658,8.147498159615658,0-25%
2.5,11.370376470534037,8.870376470534037,8.870376470534037,0-25%
2.5,11.518638754111318,9.018638754111318,9.018638754111318,0-25%
2.5,11.370376470534037,8.870376470534037,8.870376470534037,0-25%
3.0,11.370376470534037,8.370376470534037,8.370376470534037,0-25%
3.0,11.370376470534037,8.370376470534037,8.370376470534037,0-25%
3.0,11.99279653820428,8.99279653820428,8.99279653820428,0-25%
16.0,9.13206323714343,-6.867936762856569,6.867936762856569,75-100%
16.0,8.659727748741847,-7.340272251258153,7.340272251258153,75-100%
16.0,8.659727748741847,-7.340272251258153,7.340272251258153,75-100%
16.0,8.659727748741847,-7.340272251258153,7.340272251258153,75-100%
16.0,8.52495535104461,-7.4750446489553894,7.4750446489553894,75-100%
16.0,8.479024447661665,-7.520975552338335,7.520975552338335,75-100%
16.0,8.415146960147789,-7.584853039852211,7.584853039852211,75-100%
16.0,8.395361515867183,-7.604638484132817,7.604638484132817,75-100%
16.0,8.556926241036475,-7.443073758963525,7.443073758963525,75-100%
16.0,8.525547162401768,-7.474452837598232,7.474452837598232,75-100%
16.0,8.22147381720223,-7.778526182797769,7.778526182797769,75-100%
2.0,10.147498159615658,8.147498159615658,8.147498159615658,0-25%
2.0,9.420589526585516,7.420589526585516,7.420589526585516,0-25%
2.5,11.285383197865388,8.785383197865388,8.785383197865388,0-25%
2.5,11.370376470534037,8.870376470534037,8.870376470534037,0-25%
2.5,11.401544212934676,8.901544212934676,8.901544212934676,0-25%
16.0,8.666570660094113,-7.333429339905887,7.333429339905887,75-100%
16.0,8.666570660094113,-7.333429339905887,7.333429339905887,75-100%
16.0,8.666570660094113,-7.333429339905887,7.333429339905887,75-100%
16.0,8.666570660094113,-7.333429339905887,7.333429339905887,75-100%
16.0,8.3902031663177,-7.609796833682299,7.609796833682299,75-100%
16.0,8.479024447661665,-7.520975552338335,7.520975552338335,75-100%
16.0,8.344652042900629,-7.655347957099371,7.655347957099371,75-100%
16.0,8.344652042900629,-7.655347957099371,7.655347957099371,75-100%
2.0,10.147498159615658,8.147498159615658,8.147498159615658,0-25%
2.5,11.304390864344821,8.804390864344821,8.804390864344821,0-25%
16.0,9.560553151873876,-6.439446848126124,6.439446848126124,75-100%
16.0,9.401376754651867,-6.598623245348133,6.598623245348133,75-100%
16.0,9.457040563600922,-6.542959436399078,6.542959436399078,75-100%
16.0,8.782803674943015,-7.217196325056985,7.217196325056985,75-100%
16.0,8.344652042900629,-7.655347957099371,7.655347957099371,75-100%
13.0,9.70701000338655,-3.29298999661345,3.29298999661345,50-75%
14.5,9.58651509422177,-4.91348490577823,4.91348490577823,50-75%
16.0,9.261157255078114,-6.738842744921886,6.738842744921886,75-100%
16.0,9.253893439197885,-6.746106560802115,6.746106560802115,75-100%
16.0,9.253893439197885,-6.746106560802115,6.746106560802115,75-100%
16.0,9.084796652291084,-6.915203347708916,6.915203347708916,75-100%
16.0,9.084796652291084,-6.915203347708916,6.915203347708916,75-100%
13.0,9.721544397623997,-3.2784556023760025,3.2784556023760025,50-75%
13.0,9.686259887972811,-3.3137401120271885,3.3137401120271885,50-75%
13.0,9.67177332630078,-3.32822667369922,3.32822667369922,50-75%
13.0,9.739501607589354,-3.2604983924106463,3.2604983924106463,50-75%
14.5,9.552323334733181,-4.947676665266819,4.947676665266819,50-75%
14.5,9.286383165998487,-5.213616834001513,5.213616834001513,50-75%
16.0,9.253893439197885,-6.746106560802115,6.746106560802115,75-100%
13.0,9.997399261543459,-3.0026007384565414,3.0026007384565414,50-75%
13.0,10.084545810835587,-2.9154541891644126,2.9154541891644126,50-75%
13.0,9.720913175045384,-3.279086824954616,3.279086824954616,50-75%
13.0,9.698661358591828,-3.3013386414081722,3.3013386414081722,50-75%
13.0,9.748557830458328,-3.251442169541672,3.251442169541672,50-75%
13.0,9.63423499965927,-3.36576500034073,3.36576500034073,50-75%
13.0,9.427645549492405,-3.5723544505075946,3.5723544505075946,50-75%
13.0,9.949378347771967,-3.050621652228033,3.050621652228033,50-75%
13.0,10.106260774981198,-2.893739225018802,2.893739225018802,50-75%
13.0,10.084545810835587,-2.9154541891644126,2.9154541891644126,50-75%
13.0,9.720913175045384,-3.279086824954616,3.279086824954616,50-75%
13.0,9.701066342142463,-3.2989336578575372,3.2989336578575372,50-75%
13.0,9.504291059343437,-3.495708940656563,3.495708940656563,50-75%
13.0,9.427645549492405,-3.5723544505075946,3.5723544505075946,50-75%
13.0,10.070390368727965,-2.9296096312720348,2.9296096312720348,50-75%
13.0,10.064025811753373,-2.935974188246627,2.935974188246627,50-75%
13.0,9.720913175045384,-3.279086824954616,3.279086824954616,50-75%
13.0,9.56227191565486,-3.4377280843451405,3.4377280843451405,50-75%
13.0,9.546592805051066,-3.453407194948934,3.453407194948934,50-75%
13.0,9.552632597269056,-3.4473674027309436,3.4473674027309436,50-75%
13.0,9.435032450651946,-3.5649675493480544,3.5649675493480544,50-75%
13.0,9.427645549492405,-3.5723544505075946,3.5723544505075946,50-75%
13.0,9.856772338038082,-3.1432276619619177,3.1432276619619177,50-75%
13.0,9.520086953674154,-3.479913046325846,3.479913046325846,50-75%
13.0,9.547953435184894,-3.452046564815106,3.452046564815106,50-75%
13.0,9.733354861018134,-3.2666451389818665,3.2666451389818665,50-75%
9.5,9.65839058496649,0.15839058496649017,0.15839058496649017,50-75%
9.5,9.584181735877575,0.08418173587757494,0.08418173587757494,50-75%
11.0,9.624040076795907,-1.3759599232040927,1.3759599232040927,50-75%
13.0,9.749311621758443,-3.2506883782415574,3.2506883782415574,50-75%
13.0,9.706379636509082,-3.293620363490918,3.293620363490918,50-75%
13.0,10.086817672501606,-2.9131823274983937,2.9131823274983937,50-75%
8.0,9.722519756248996,1.722519756248996,1.722519756248996,25-50%
9.5,9.877590054151817,0.3775900541518169,0.3775900541518169,50-75%
9.5,9.893843630115331,0.39384363011533097,0.39384363011533097,50-75%
9.5,9.893843630115331,0.39384363011533097,0.39384363011533097,50-75%
9.5,10.038481497002497,0.5384814970024969,0.5384814970024969,50-75%
9.5,10.010962965247288,0.5109629652472876,0.5109629652472876,50-75%
9.5,9.949785972720322,0.4497859727203224,0.4497859727203224,50-75%
9.5,9.689778041977048,0.18977804197704806,0.18977804197704806,50-75%
9.5,9.689778041977048,0.18977804197704806,0.18977804197704806,50-75%
9.5,9.624040076795907,0.12404007679590734,0.12404007679590734,50-75%
11.0,9.624040076795907,-1.3759599232040927,1.3759599232040927,50-75%
9.5,10.043962324770387,0.5439623247703871,0.5439623247703871,50-75%
9.5,10.023517454891572,0.5235174548915715,0.5235174548915715,50-75%
9.5,9.949785972720322,0.4497859727203224,0.4497859727203224,50-75%
9.5,9.93836368453255,0.4383636845325505,0.4383636845325505,50-75%
9.5,9.624040076795907,0.12404007679590734,0.12404007679590734,50-75%
9.5,9.624040076795907,0.12404007679590734,0.12404007679590734,50-75%
9.5,9.624040076795907,0.12404007679590734,0.12404007679590734,50-75%
9.5,9.624040076795907,0.12404007679590734,0.12404007679590734,50-75%
9.5,9.949378347771967,0.44937834777196706,0.44937834777196706,50-75%
9.5,9.624040076795907,0.12404007679590734,0.12404007679590734,50-75%
9.5,9.624040076795907,0.12404007679590734,0.12404007679590734,50-75%
9.5,9.624040076795907,0.12404007679590734,0.12404007679590734,50-75%
9.5,9.624040076795907,0.12404007679590734,0.12404007679590734,50-75%
8.0,9.262942262698106,1.2629422626981057,1.2629422626981057,25-50%
4.0,9.593656538172477,5.5936565381724765,5.5936565381724765,0-25%
4.0,9.593656538172477,5.5936565381724765,5.5936565381724765,0-25%
4.0,9.593656538172477,5.5936565381724765,5.5936565381724765,0-25%
4.0,8.804338748899287,4.804338748899287,4.804338748899287,0-25%
4.0,9.339457274844218,5.339457274844218,5.339457274844218,0-25%
4.0,9.593656538172477,5.5936565381724765,5.5936565381724765,0-25%
4.0,9.845254790469355,5.845254790469355,5.845254790469355,0-25%
4.0,9.845254790469355,5.845254790469355,5.845254790469355,0-25%
4.0,9.872579917427599,5.872579917427599,5.872579917427599,0-25%
4.0,9.872579917427599,5.872579917427599,5.872579917427599,0-25%
4.0,9.17635096470443,5.1763509647044295,5.1763509647044295,0-25%
4.0,9.08094034909729,5.08094034909729,5.08094034909729,0-25%
4.0,9.872579917427599,5.872579917427599,5.872579917427599,0-25%
4.0,9.872579917427599,5.872579917427599,5.872579917427599,0-25%
4.0,9.593656538172477,5.5936565381724765,5.5936565381724765,0-25%
4.0,9.593656538172477,5.5936565381724765,5.5936565381724765,0-25%
4.0,9.029772804756327,5.029772804756327,5.029772804756327,0-25%
4.0,9.351570500703755,5.351570500703755,5.351570500703755,0-25%
4.0,9.351570500703755,5.351570500703755,5.351570500703755,0-25%
4.0,9.08094034909729,5.08094034909729,5.08094034909729,0-25%
4.0,9.452724327586777,5.452724327586777,5.452724327586777,0-25%
4.0,9.845254790469355,5.845254790469355,5.845254790469355,0-25%
4.0,9.872579917427599,5.872579917427599,5.872579917427599,0-25%
4.0,9.201990757171691,5.201990757171691,5.201990757171691,0-25%
4.0,9.201990757171691,5.201990757171691,5.201990757171691,0-25%
4.0,9.351570500703755,5.351570500703755,5.351570500703755,0-25%
4.0,9.351570500703755,5.351570500703755,5.351570500703755,0-25%
4.0,9.256186101843216,5.256186101843216,5.256186101843216,0-25%
4.0,9.668147321746618,5.668147321746618,5.668147321746618,0-25%
4.0,9.872579917427599,5.872579917427599,5.872579917427599,0-25%
4.0,9.201990757171691,5.201990757171691,5.201990757171691,0-25%
4.0,9.17635096470443,5.1763509647044295,5.1763509647044295,0-25%
4.0,9.529313936234924,5.529313936234924,5.529313936234924,0-25%
4.0,9.529313936234924,5.529313936234924,5.529313936234924,0-25%
4.0,9.010166970412584,5.010166970412584,5.010166970412584,0-25%
4.0,9.201990757171691,5.201990757171691,5.201990757171691,0-25%
4.0,9.201990757171691,5.201990757171691,5.201990757171691,0-25%
4.0,8.998144963528791,4.998144963528791,4.998144963528791,0-25%
4.0,9.023335757636778,5.023335757636778,5.023335757636778,0-25%
4.0,9.023335757636778,5.023335757636778,5.023335757636778,0-25%
4.0,9.089609633675234,5.089609633675234,5.089609633675234,0-25%
4.0,9.089609633675234,5.089609633675234,5.089609633675234,0-25%
4.0,9.571122634438673,5.571122634438673,5.571122634438673,0-25%
4.0,9.34492692578222,5.34492692578222,5.34492692578222,0-25%
4.0,9.023335757636778,5.023335757636778,5.023335757636778,0-25%
4.0,9.023335757636778,5.023335757636778,5.023335757636778,0-25%
4.0,9.115030877299827,5.1150308772998265,5.1150308772998265,0-25%
4.0,9.050635266188506,5.050635266188506,5.050635266188506,0-25%
4.0,9.037010373180747,5.037010373180747,5.037010373180747,0-25%
4.0,9.5159140419628,5.5159140419628,5.5159140419628,0-25%
4.0,9.54240937949338,5.54240937949338,5.54240937949338,0-25%
4.0,9.34492692578222,5.34492692578222,5.34492692578222,0-25%
4.0,9.373102318476437,5.3731023184764375,5.3731023184764375,0-25%
4.0,9.333005789423522,5.333005789423522,5.333005789423522,0-25%
4.0,9.413327149149357,5.413327149149357,5.413327149149357,0-25%
4.0,9.049151156361608,5.049151156361608,5.049151156361608,0-25%
4.0,9.5159140419628,5.5159140419628,5.5159140419628,0-25%
4.0,9.530260671178299,5.530260671178299,5.530260671178299,0-25%
4.0,9.5159140419628,5.5159140419628,5.5159140419628,0-25%
4.0,9.332821474117289,5.332821474117289,5.332821474117289,0-25%
4.0,9.049151156361608,5.049151156361608,5.049151156361608,0-25%
4.0,9.35904028105247,5.35904028105247,5.35904028105247,0-25%
4.0,9.252057312669006,5.252057312669006,5.252057312669006,0-25%
4.0,9.530260671178299,5.530260671178299,5.530260671178299,0-25%
4.0,9.279553239014255,5.279553239014255,5.279553239014255,0-25%
4.0,9.240987313572798,5.2409873135727985,5.2409873135727985,0-25%
4.0,9.556792155712552,5.556792155712552,5.556792155712552,0-25%
4.0,9.530260671178299,5.530260671178299,5.530260671178299,0-25%
4.0,9.530260671178299,5.530260671178299,5.530260671178299,0-25%
4.0,9.277887850822712,5.277887850822712,5.277887850822712,0-25%
4.0,9.093478144354698,5.093478144354698,5.093478144354698,0-25%
4.0,9.530260671178299,5.530260671178299,5.530260671178299,0-25%
4.0,9.459754251470256,5.459754251470256,5.459754251470256,0-25%
4.0,9.530260671178299,5.530260671178299,5.530260671178299,0-25%
4.0,9.530260671178299,5.530260671178299,5.530260671178299,0-25%
10.0,7.979598925670372,-2.0204010743296283,2.0204010743296283,50-75%
9.0,7.91456376993887,-1.0854362300611298,1.0854362300611298,50-75%
9.0,7.91456376993887,-1.0854362300611298,1.0854362300611298,50-75%
9.0,7.91456376993887,-1.0854362300611298,1.0854362300611298,50-75%
10.0,7.91456376993887,-2.0854362300611298,2.0854362300611298,50-75%
8.0,7.91456376993887,-0.08543623006112977,0.08543623006112977,25-50%
9.0,7.9439301457241,-1.0560698542758997,1.0560698542758997,50-75%
9.0,7.91456376993887,-1.0854362300611298,1.0854362300611298,50-75%
9.0,7.91456376993887,-1.0854362300611298,1.0854362300611298,50-75%
8.0,7.91456376993887,-0.08543623006112977,0.08543623006112977,25-50%
8.0,7.91456376993887,-0.08543623006112977,0.08543623006112977,25-50%
9.0,7.91456376993887,-1.0854362300611298,1.0854362300611298,50-75%
8.0,7.91456376993887,-0.08543623006112977,0.08543623006112977,25-50%
8.0,7.91456376993887,-0.08543623006112977,0.08543623006112977,25-50%
8.0,7.91456376993887,-0.08543623006112977,0.08543623006112977,25-50%
8.0,7.798479100654163,-0.20152089934583728,0.20152089934583728,25-50%
8.0,7.798479100654163,-0.20152089934583728,0.20152089934583728,25-50%
3.0,8.56563039673629,5.565630396736291,5.565630396736291,0-25%
3.0,8.713177291807328,5.7131772918073285,5.7131772918073285,0-25%
3.0,8.560237359881553,5.560237359881553,5.560237359881553,0-25%
3.0,8.573344182917381,5.573344182917381,5.573344182917381,0-25%
3.0,8.56563039673629,5.565630396736291,5.565630396736291,0-25%
2.5,8.930633026838105,6.430633026838105,6.430633026838105,0-25%
2.5,8.930633026838105,6.430633026838105,6.430633026838105,0-25%
2.5,8.930633026838105,6.430633026838105,6.430633026838105,0-25%
2.0,9.055689587105604,7.055689587105604,7.055689587105604,0-25%
3.0,8.566808441739845,5.566808441739845,5.566808441739845,0-25%
3.0,8.592928688050137,5.5929286880501365,5.5929286880501365,0-25%
2.5,8.944181170094385,6.444181170094385,6.444181170094385,0-25%
2.5,8.930633026838105,6.430633026838105,6.430633026838105,0-25%
2.5,8.930633026838105,6.430633026838105,6.430633026838105,0-25%
2.5,8.930633026838105,6.430633026838105,6.430633026838105,0-25%
2.5,8.955653721462316,6.4556537214623155,6.4556537214623155,0-25%
2.0,9.055689587105604,7.055689587105604,7.055689587105604,0-25%
3.0,8.746391599617155,5.746391599617155,5.746391599617155,0-25%
2.5,8.911371910382831,6.411371910382831,6.411371910382831,0-25%
2.5,8.976088200671745,6.476088200671745,6.476088200671745,0-25%
2.5,8.951016149815347,6.451016149815347,6.451016149815347,0-25%
2.5,8.962496586664706,6.462496586664706,6.462496586664706,0-25%
2.0,8.770083772643408,6.770083772643408,6.770083772643408,0-25%
2.0,8.794699955908625,6.794699955908625,6.794699955908625,0-25%
1.5,8.827265234846092,7.327265234846092,7.327265234846092,0-25%
2.0,9.03041748087993,7.03041748087993,7.03041748087993,0-25%
3.0,8.746391599617155,5.746391599617155,5.746391599617155,0-25%
3.0,8.746391599617155,5.746391599617155,5.746391599617155,0-25%
2.5,8.875880175389401,6.375880175389401,6.375880175389401,0-25%
2.0,8.814804069431592,6.814804069431592,6.814804069431592,0-25%
2.0,8.828127325098981,6.828127325098981,6.828127325098981,0-25%
2.0,8.801432192020018,6.801432192020018,6.801432192020018,0-25%
2.0,8.801432192020018,6.801432192020018,6.801432192020018,0-25%
1.5,8.827265234846092,7.327265234846092,7.327265234846092,0-25%
1.5,8.83401985420024,7.334019854200241,7.334019854200241,0-25%
1.0,8.854030726674935,7.854030726674935,7.854030726674935,0-25%
3.0,8.736792731336337,5.736792731336337,5.736792731336337,0-25%
2.5,8.899590013503879,6.399590013503879,6.399590013503879,0-25%
2.5,8.875880175389401,6.375880175389401,6.375880175389401,0-25%
2.0,8.776799089200486,6.776799089200486,6.776799089200486,0-25%
2.0,8.801432192020018,6.801432192020018,6.801432192020018,0-25%
1.5,8.83401985420024,7.334019854200241,7.334019854200241,0-25%
1.5,8.860803742877527,7.360803742877527,7.360803742877527,0-25%
1.5,8.822687469498335,7.3226874694983355,7.3226874694983355,0-25%
1.0,8.809304851591227,7.809304851591227,7.809304851591227,0-25%
3.0,8.746391599617155,5.746391599617155,5.746391599617155,0-25%
2.0,9.002884137272803,7.002884137272803,7.002884137272803,0-25%
2.0,8.776799089200486,6.776799089200486,6.776799089200486,0-25%
1.5,8.822687469498335,7.3226874694983355,7.3226874694983355,0-25%
1.5,8.809304851591227,7.309304851591227,7.309304851591227,0-25%
1.5,8.822512257010713,7.322512257010713,7.322512257010713,0-25%
1.0,8.641949438499964,7.641949438499964,7.641949438499964,0-25%
1.0,8.847436190239417,7.847436190239417,7.847436190239417,0-25%
1.0,9.010918606113705,8.010918606113705,8.010918606113705,0-25%
1.0,8.678259482812065,7.678259482812065,7.678259482812065,0-25%
1.0,8.641949438499964,7.641949438499964,7.641949438499964,0-25%
1.0,8.847436190239417,7.847436190239417,7.847436190239417,0-25%
1.0,8.822687469498335,7.8226874694983355,7.8226874694983355,0-25%
1.0,8.822687469498335,7.8226874694983355,7.8226874694983355,0-25%
1.0,9.049765297668573,8.049765297668573,8.049765297668573,0-25%
1.0,8.997279538493892,7.997279538493892,7.997279538493892,0-25%
1.0,8.685175008444519,7.685175008444519,7.685175008444519,0-25%
1.0,8.822687469498335,7.8226874694983355,7.8226874694983355,0-25%
1.0,8.75691867734669,7.75691867734669,7.75691867734669,0-25%
1.0,8.822687469498335,7.8226874694983355,7.8226874694983355,0-25%
1.0,9.010918606113705,8.010918606113705,8.010918606113705,0-25%
3.0,8.945107384232026,5.945107384232026,5.945107384232026,0-25%
3.0,8.970164547677031,5.970164547677031,5.970164547677031,0-25%
3.0,8.945107384232026,5.945107384232026,5.945107384232026,0-25%
3.0,8.970164547677031,5.970164547677031,5.970164547677031,0-25%
3.0,8.933469794367342,5.933469794367342,5.933469794367342,0-25%
3.0,8.970164547677031,5.970164547677031,5.970164547677031,0-25%
3.0,8.945107384232026,5.945107384232026,5.945107384232026,0-25%
3.0,8.868397554964229,5.868397554964229,5.868397554964229,0-25%
3.0,8.945107384232026,5.945107384232026,5.945107384232026,0-25%
3.0,8.945107384232026,5.945107384232026,5.945107384232026,0-25%
3.0,8.970164547677031,5.970164547677031,5.970164547677031,0-25%
3.0,8.945107384232026,5.945107384232026,5.945107384232026,0-25%
3.0,8.970164547677031,5.970164547677031,5.970164547677031,0-25%
3.0,8.970164547677031,5.970164547677031,5.970164547677031,0-25%
3.0,8.970164547677031,5.970164547677031,5.970164547677031,0-25%
3.0,8.970164547677031,5.970164547677031,5.970164547677031,0-25%
3.0,8.970164547677031,5.970164547677031,5.970164547677031,0-25%
3.0,8.970164547677031,5.970164547677031,5.970164547677031,0-25%
3.0,8.870000533096908,5.870000533096908,5.870000533096908,0-25%
3.0,8.868397554964229,5.868397554964229,5.868397554964229,0-25%
3.0,8.517247039454597,5.517247039454597,5.517247039454597,0-25%
3.0,9.348176294252523,6.348176294252523,6.348176294252523,0-25%
3.0,9.282296402788074,6.282296402788074,6.282296402788074,0-25%
3.0,8.90669120323387,5.906691203233869,5.906691203233869,0-25%
3.0,8.970164547677031,5.970164547677031,5.970164547677031,0-25%
3.0,8.970164547677031,5.970164547677031,5.970164547677031,0-25%
3.0,8.831848710143934,5.831848710143934,5.831848710143934,0-25%
3.0,8.868397554964229,5.868397554964229,5.868397554964229,0-25%
3.0,8.493328154919269,5.4933281549192685,5.4933281549192685,0-25%
3.0,9.348176294252523,6.348176294252523,6.348176294252523,0-25%
3.0,9.348176294252523,6.348176294252523,6.348176294252523,0-25%
3.0,9.322169106154185,6.322169106154185,6.322169106154185,0-25%
3.0,8.797586523979023,5.797586523979023,5.797586523979023,0-25%
3.0,8.471071996780433,5.471071996780433,5.471071996780433,0-25%
3.0,9.268357464138758,6.268357464138758,6.268357464138758,0-25%
3.0,8.795904697002396,5.7959046970023955,5.7959046970023955,0-25%
3.0,8.719163855100767,5.719163855100767,5.719163855100767,0-25%
11.0,7.999040029150109,-3.000959970849891,3.000959970849891,50-75%
11.0,8.373498444680315,-2.6265015553196847,2.6265015553196847,50-75%
11.0,8.373498444680315,-2.6265015553196847,2.6265015553196847,50-75%
11.0,8.584801363214073,-2.4151986367859273,2.4151986367859273,50-75%
11.0,8.584801363214073,-2.4151986367859273,2.4151986367859273,50-75%
11.0,8.584801363214073,-2.4151986367859273,2.4151986367859273,50-75%
11.0,8.584801363214073,-2.4151986367859273,2.4151986367859273,50-75%
11.0,8.616375637168801,-2.383624362831199,2.383624362831199,50-75%
11.0,8.616375637168801,-2.383624362831199,2.383624362831199,50-75%
11.0,8.593245375275377,-2.4067546247246234,2.4067546247246234,50-75%
11.0,8.561747046900692,-2.4382529530993082,2.4382529530993082,50-75%
11.0,8.593245375275377,-2.4067546247246234,2.4067546247246234,50-75%
11.0,8.903373623771536,-2.096626376228464,2.096626376228464,50-75%
11.0,8.593245375275377,-2.4067546247246234,2.4067546247246234,50-75%
11.0,8.593245375275377,-2.4067546247246234,2.4067546247246234,50-75%
7.0,8.564040097916044,1.5640400979160436,1.5640400979160436,25-50%
7.0,8.817336580091228,1.8173365800912276,1.8173365800912276,25-50%
7.0,8.830332746748095,1.8303327467480948,1.8303327467480948,25-50%
7.0,8.876540424191793,1.8765404241917931,1.8765404241917931,25-50%
6.5,8.981698759835485,2.481698759835485,2.481698759835485,25-50%
6.5,8.924821563077058,2.4248215630770584,2.4248215630770584,25-50%
6.333333333333332,9.243209808201126,2.9098764748677937,2.9098764748677937,25-50%
6.333333333333332,8.906240230722394,2.5729068973890623,2.5729068973890623,25-50%
6.333333333333332,8.877039042783588,2.543705709450256,2.543705709450256,25-50%
6.333333333333332,8.877039042783588,2.543705709450256,2.543705709450256,25-50%
6.5,8.694875892795078,2.1948758927950784,2.1948758927950784,25-50%
6.333333333333332,8.694875892795078,2.3615425594617463,2.3615425594617463,25-50%
6.333333333333332,8.553619405642179,2.2202860723088467,2.2202860723088467,25-50%
6.333333333333332,8.553619405642179,2.2202860723088467,2.2202860723088467,25-50%
6.333333333333332,8.906240230722394,2.5729068973890623,2.5729068973890623,25-50%
6.333333333333332,8.89179756958753,2.5584642362541974,2.5584642362541974,25-50%
6.333333333333332,8.89179756958753,2.5584642362541974,2.5584642362541974,25-50%
6.0,8.78363640569397,2.7836364056939704,2.7836364056939704,25-50%
6.333333333333332,8.878720143516382,2.54538681018305,2.54538681018305,25-50%
7.25,8.878720143516382,1.6287201435163823,1.6287201435163823,25-50%
7.25,8.553850624874867,1.3038506248748671,1.3038506248748671,25-50%
7.25,8.89179756958753,1.6417975695875295,1.6417975695875295,25-50%
7.25,8.89179756958753,1.6417975695875295,1.6417975695875295,25-50%
7.25,8.877039042783588,1.6270390427835881,1.6270390427835881,25-50%
6.0,8.90580337677181,2.9058033767718108,2.9058033767718108,25-50%
6.0,8.665001518416988,2.6650015184169877,2.6650015184169877,25-50%
6.5,8.878720143516382,2.3787201435163823,2.3787201435163823,25-50%
7.25,8.541932660275457,1.2919326602754566,1.2919326602754566,25-50%
7.25,8.510602811355184,1.2606028113551844,1.2606028113551844,25-50%
7.25,8.541932660275457,1.2919326602754566,1.2919326602754566,25-50%
7.25,8.878720143516382,1.6287201435163823,1.6287201435163823,25-50%
7.25,8.89179756958753,1.6417975695875295,1.6417975695875295,25-50%
7.25,9.023077499981461,1.7730774999814614,1.7730774999814614,25-50%
7.333333333333332,9.087072932656927,1.7537395993235947,1.7537395993235947,25-50%
6.0,8.882016464119022,2.8820164641190225,2.8820164641190225,25-50%
7.25,8.510602811355184,1.2606028113551844,1.2606028113551844,25-50%
7.25,8.510602811355184,1.2606028113551844,1.2606028113551844,25-50%
7.25,8.541932660275457,1.2919326602754566,1.2919326602754566,25-50%
7.25,8.878720143516382,1.6287201435163823,1.6287201435163823,25-50%
7.25,8.89179756958753,1.6417975695875295,1.6417975695875295,25-50%
7.333333333333332,9.052267133387836,1.7189338000545042,1.7189338000545042,25-50%
8.0,9.069510515169359,1.069510515169359,1.069510515169359,25-50%
6.0,9.004685001044006,3.004685001044006,3.004685001044006,25-50%
10.0,8.434489192123621,-1.5655108078763789,1.5655108078763789,50-75%
7.333333333333332,8.434489192123621,1.101155858790289,1.101155858790289,25-50%
7.333333333333332,8.434489192123621,1.101155858790289,1.101155858790289,25-50%
7.333333333333332,8.799660471021067,1.4663271376877347,1.4663271376877347,25-50%
7.333333333333332,8.812633238087075,1.4792999047537432,1.4792999047537432,25-50%
8.0,8.919250160838612,0.9192501608386117,0.9192501608386117,25-50%
8.0,9.254677705550879,1.254677705550879,1.254677705550879,25-50%
10.0,8.434489192123621,-1.5655108078763789,1.5655108078763789,50-75%
10.0,8.465568307390246,-1.534431692609754,1.534431692609754,50-75%
10.0,8.776089354239268,-1.223910645760732,1.223910645760732,50-75%
10.0,8.722040229256411,-1.277959770743589,1.277959770743589,50-75%
10.0,8.434489192123621,-1.5655108078763789,1.5655108078763789,50-75%
10.0,8.465568307390246,-1.534431692609754,1.534431692609754,50-75%
10.0,8.776089354239268,-1.223910645760732,1.223910645760732,50-75%
10.0,8.734236864741018,-1.2657631352589824,1.2657631352589824,50-75%
15.0,10.407887608561362,-4.592112391438638,4.592112391438638,50-75%
15.0,10.407887608561362,-4.592112391438638,4.592112391438638,50-75%
15.0,9.573310578502557,-5.426689421497443,5.426689421497443,50-75%
15.0,9.573310578502557,-5.426689421497443,5.426689421497443,50-75%
15.0,10.232270104058362,-4.767729895941638,4.767729895941638,50-75%
15.0,10.392422790269322,-4.607577209730678,4.607577209730678,50-75%
15.0,10.407887608561362,-4.592112391438638,4.592112391438638,50-75%
15.0,10.407887608561362,-4.592112391438638,4.592112391438638,50-75%
15.0,9.448087445050785,-5.551912554949215,5.551912554949215,50-75%
15.0,9.448087445050785,-5.551912554949215,5.551912554949215,50-75%
15.0,10.083439826554109,-4.916560173445891,4.916560173445891,50-75%
15.0,10.392422790269322,-4.607577209730678,4.607577209730678,50-75%
15.0,10.068414837805115,-4.931585162194885,4.931585162194885,50-75%
15.0,10.04059753565912,-4.959402464340879,4.959402464340879,50-75%
15.0,9.259356470404366,-5.7406435295956335,5.7406435295956335,50-75%
15.0,9.299167208263512,-5.700832791736488,5.700832791736488,50-75%
15.0,9.218483822002144,-5.781516177997856,5.781516177997856,50-75%
15.0,10.083439826554109,-4.916560173445891,4.916560173445891,50-75%
15.0,10.068414837805115,-4.931585162194885,4.931585162194885,50-75%
15.0,10.068414837805115,-4.931585162194885,4.931585162194885,50-75%
15.0,9.259356470404366,-5.7406435295956335,5.7406435295956335,50-75%
15.0,9.259356470404366,-5.7406435295956335,5.7406435295956335,50-75%
15.0,9.140712314049479,-5.859287685950521,5.859287685950521,50-75%
15.0,9.142020580994835,-5.857979419005165,5.857979419005165,50-75%
15.0,10.083439826554109,-4.916560173445891,4.916560173445891,50-75%
15.0,9.99661247065751,-5.00338752934249,5.00338752934249,50-75%
15.0,9.027069204552166,-5.972930795447834,5.972930795447834,50-75%
15.0,8.988310243218123,-6.011689756781877,6.011689756781877,50-75%
15.0,8.977112913961003,-6.022887086038997,6.022887086038997,50-75%
15.0,8.95075452754454,-6.0492454724554605,6.0492454724554605,50-75%
15.0,8.786434220524502,-6.213565779475498,6.213565779475498,50-75%
15.0,8.937265035368819,-6.062734964631181,6.062734964631181,50-75%
14.0,10.361802020968355,-3.638197979031645,3.638197979031645,50-75%
14.0,10.361802020968355,-3.638197979031645,3.638197979031645,50-75%
14.0,9.953614228856138,-4.046385771143862,4.046385771143862,50-75%
14.0,9.953614228856138,-4.046385771143862,4.046385771143862,50-75%
14.0,10.27279398346922,-3.727206016530779,3.727206016530779,50-75%
14.0,9.913836829324184,-4.086163170675816,4.086163170675816,50-75%
14.0,9.852563352639045,-4.147436647360955,4.147436647360955,50-75%
14.0,9.790199441300103,-4.2098005586998966,4.2098005586998966,50-75%
14.0,10.104617416768649,-3.895382583231351,3.895382583231351,50-75%
14.0,10.081713478960804,-3.918286521039196,3.918286521039196,50-75%
14.0,10.081713478960804,-3.918286521039196,3.918286521039196,50-75%
11.0,8.941890016153879,-2.058109983846121,2.058109983846121,50-75%
14.0,9.389587503381568,-4.610412496618432,4.610412496618432,50-75%
14.0,9.77304479716585,-4.22695520283415,4.22695520283415,50-75%
14.0,9.721733582497988,-4.278266417502012,4.278266417502012,50-75%
14.0,9.588002261715328,-4.411997738284672,4.411997738284672,50-75%
11.0,8.697488891108641,-2.302511108891359,2.302511108891359,50-75%
11.0,8.92841254093192,-2.0715874590680805,2.0715874590680805,50-75%
11.0,8.892358100442468,-2.1076418995575317,2.1076418995575317,50-75%
11.0,8.69035736619178,-2.3096426338082203,2.3096426338082203,50-75%
11.0,8.565693325719943,-2.434306674280057,2.434306674280057,50-75%
11.0,8.903460309241266,-2.0965396907587337,2.0965396907587337,50-75%
11.0,8.903460309241266,-2.0965396907587337,2.0965396907587337,50-75%
11.0,8.941890016153879,-2.058109983846121,2.058109983846121,50-75%
11.0,8.941890016153879,-2.058109983846121,2.058109983846121,50-75%
11.0,8.866223626508967,-2.133776373491033,2.133776373491033,50-75%
11.0,8.481121041026853,-2.518878958973147,2.518878958973147,50-75%
11.0,8.4081965136152,-2.5918034863847996,2.5918034863847996,50-75%
11.0,8.581281471652698,-2.418718528347302,2.418718528347302,50-75%
11.0,8.745798525895523,-2.2542014741044767,2.2542014741044767,50-75%
11.0,8.903460309241266,-2.0965396907587337,2.0965396907587337,50-75%
11.0,8.916903912675268,-2.0830960873247317,2.0830960873247317,50-75%
11.0,8.903460309241266,-2.0965396907587337,2.0965396907587337,50-75%
11.0,8.852848726540799,-2.147151273459201,2.147151273459201,50-75%
11.0,8.350113124646992,-2.6498868753530083,2.6498868753530083,50-75%
11.0,8.4081965136152,-2.5918034863847996,2.5918034863847996,50-75%
11.0,8.714406966476044,-2.2855930335239556,2.2855930335239556,50-75%
11.0,8.903460309241266,-2.0965396907587337,2.0965396907587337,50-75%
11.0,8.903460309241266,-2.0965396907587337,2.0965396907587337,50-75%
11.0,9.351372237954298,-1.6486277620457024,1.6486277620457024,50-75%
11.0,8.51986769822284,-2.480132301777161,2.480132301777161,50-75%
11.0,8.4081965136152,-2.5918034863847996,2.5918034863847996,50-75%
11.0,8.530627224311505,-2.4693727756884947,2.4693727756884947,50-75%
11.0,8.530627224311505,-2.4693727756884947,2.4693727756884947,50-75%
11.0,8.738882869422676,-2.2611171305773237,2.2611171305773237,50-75%
11.0,8.875923083645679,-2.124076916354321,2.124076916354321,50-75%
11.0,9.354349015717041,-1.645650984282959,1.645650984282959,50-75%
11.0,9.354349015717041,-1.645650984282959,1.645650984282959,50-75%
11.0,8.574482557120293,-2.4255174428797073,2.4255174428797073,50-75%
11.0,8.915981154051627,-2.084018845948373,2.084018845948373,50-75%
9.0,8.337184942359688,-0.6628150576403122,0.6628150576403122,50-75%
9.0,8.337184942359688,-0.6628150576403122,0.6628150576403122,50-75%
9.0,8.386140092241597,-0.6138599077584033,0.6138599077584033,50-75%
9.0,8.383579837395711,-0.6164201626042889,0.6164201626042889,50-75%
9.0,8.337184942359688,-0.6628150576403122,0.6628150576403122,50-75%
9.0,8.337184942359688,-0.6628150576403122,0.6628150576403122,50-75%
9.0,8.501688850838116,-0.4983111491618839,0.4983111491618839,50-75%
9.0,8.575536474899758,-0.42446352510024177,0.42446352510024177,50-75%
9.0,8.454807581629495,-0.5451924183705046,0.5451924183705046,50-75%
9.0,8.594458653213788,-0.4055413467862117,0.4055413467862117,50-75%
9.0,8.756900767140104,-0.24309923285989576,0.24309923285989576,50-75%
9.5,8.337184942359688,-1.1628150576403122,1.1628150576403122,50-75%
9.5,8.386140092241597,-1.1138599077584033,1.1138599077584033,50-75%
9.5,8.468212001370027,-1.031787998629973,1.031787998629973,50-75%
9.0,8.448583349053777,-0.5514166509462228,0.5514166509462228,50-75%
9.0,8.594458653213788,-0.4055413467862117,0.4055413467862117,50-75%
9.0,8.643793440495937,-0.3562065595040629,0.3562065595040629,50-75%
10.0,8.7303219161219,-1.2696780838780999,1.2696780838780999,50-75%
9.5,8.7303219161219,-0.7696780838780999,0.7696780838780999,50-75%
9.5,8.69092390004343,-0.8090760999565703,0.8090760999565703,50-75%
9.5,8.452131035031753,-1.0478689649682469,1.0478689649682469,50-75%
9.5,8.393347763762142,-1.1066522362378581,1.1066522362378581,50-75%
9.5,8.393347763762142,-1.1066522362378581,1.1066522362378581,50-75%
9.0,8.58965259068767,-0.4103474093123296,0.4103474093123296,50-75%
10.0,8.7303219161219,-1.2696780838780999,1.2696780838780999,50-75%
10.0,8.7303219161219,-1.2696780838780999,1.2696780838780999,50-75%
10.0,8.7303219161219,-1.2696780838780999,1.2696780838780999,50-75%
9.5,8.69092390004343,-0.8090760999565703,0.8090760999565703,50-75%
9.5,8.63877392030054,-0.8612260796994597,0.8612260796994597,50-75%
9.5,8.448583349053777,-1.0514166509462228,1.0514166509462228,50-75%
9.5,8.580529231256076,-0.9194707687439241,0.9194707687439241,50-75%
9.5,8.580529231256076,-0.9194707687439241,0.9194707687439241,50-75%
9.0,8.58965259068767,-0.4103474093123296,0.4103474093123296,50-75%
10.0,8.69092390004343,-1.3090760999565703,1.3090760999565703,50-75%
10.0,8.7303219161219,-1.2696780838780999,1.2696780838780999,50-75%
10.0,8.7303219161219,-1.2696780838780999,1.2696780838780999,50-75%
9.5,8.594458653213788,-0.9055413467862117,0.9055413467862117,50-75%
10.0,8.63877392030054,-1.3612260796994597,1.3612260796994597,50-75%
10.0,8.393347763762142,-1.6066522362378581,1.6066522362378581,50-75%
7.0,8.982764245427004,1.9827642454270045,1.9827642454270045,25-50%
7.0,8.833258582423838,1.8332585824238379,1.8332585824238379,25-50%
7.0,8.85571882828473,1.8557188282847292,1.8557188282847292,25-50%
10.0,8.7303219161219,-1.2696780838780999,1.2696780838780999,50-75%
10.0,8.7303219161219,-1.2696780838780999,1.2696780838780999,50-75%
10.0,8.232531959123158,-1.7674680408768424,1.7674680408768424,50-75%
7.0,8.982764245427004,1.9827642454270045,1.9827642454270045,25-50%
7.0,8.982764245427004,1.9827642454270045,1.9827642454270045,25-50%
7.0,8.793985247789156,1.7939852477891556,1.7939852477891556,25-50%
7.0,8.85571882828473,1.8557188282847292,1.8557188282847292,25-50%
7.0,8.869097624316339,1.869097624316339,1.869097624316339,25-50%
7.0,8.469805223688093,1.469805223688093,1.469805223688093,25-50%
7.0,8.593441414803342,1.5934414148033422,1.5934414148033422,25-50%
7.0,8.854652930831202,1.854652930831202,1.854652930831202,25-50%
7.0,9.02279457331404,2.022794573314039,2.022794573314039,25-50%
7.0,8.869097624316339,1.869097624316339,1.869097624316339,25-50%
7.0,8.900603677217493,1.900603677217493,1.900603677217493,25-50%
7.0,8.869097624316339,1.869097624316339,1.869097624316339,25-50%
7.0,8.91404340287273,1.9140434028727302,1.9140434028727302,25-50%
7.0,8.519455705813058,1.5194557058130584,1.5194557058130584,25-50%
7.0,8.750062040636996,1.7500620406369958,1.7500620406369958,25-50%
7.0,8.969231360075648,1.9692313600756481,1.9692313600756481,25-50%
7.0,9.045687740257929,2.0456877402579288,2.0456877402579288,25-50%
7.0,8.85571882828473,1.8557188282847292,1.8557188282847292,25-50%
7.0,8.869097624316339,1.869097624316339,1.869097624316339,25-50%
7.0,8.869097624316339,1.869097624316339,1.869097624316339,25-50%
7.0,8.750062040636996,1.7500620406369958,1.7500620406369958,25-50%
7.0,8.969231360075648,1.9692313600756481,1.9692313600756481,25-50%
7.0,9.091437744342173,2.0914377443421728,2.0914377443421728,25-50%
7.0,8.869097624316339,1.869097624316339,1.869097624316339,25-50%
7.0,8.933537884708123,1.933537884708123,1.933537884708123,25-50%
7.0,8.933537884708123,1.933537884708123,1.933537884708123,25-50%
7.0,8.868030279944037,1.868030279944037,1.868030279944037,25-50%
7.0,8.982764245427004,1.9827642454270045,1.9827642454270045,25-50%
7.0,9.02279457331404,2.022794573314039,2.022794573314039,25-50%
7.0,9.045687740257929,2.0456877402579288,2.0456877402579288,25-50%
7.0,8.869097624316339,1.869097624316339,1.869097624316339,25-50%
7.0,8.947022317406262,1.9470223174062617,1.9470223174062617,25-50%
6.0,9.251428972978704,3.2514289729787045,3.2514289729787045,25-50%
6.0,9.54253612709962,3.54253612709962,3.54253612709962,25-50%
6.0,9.707269766614546,3.707269766614546,3.707269766614546,25-50%
6.0,9.313331578978303,3.3133315789783033,3.3133315789783033,25-50%
6.0,9.757050774152805,3.7570507741528054,3.7570507741528054,25-50%
6.0,9.779374079706471,3.7793740797064714,3.7793740797064714,25-50%
6.0,8.977435583285983,2.977435583285983,2.977435583285983,25-50%
6.0,8.977435583285983,2.977435583285983,2.977435583285983,25-50%
6.0,8.977435583285983,2.977435583285983,2.977435583285983,25-50%
6.0,9.835599269783476,3.8355992697834758,3.8355992697834758,25-50%
6.0,9.885976916063814,3.8859769160638145,3.8859769160638145,25-50%
6.0,9.99327540959218,3.9932754095921794,3.9932754095921794,25-50%
6.0,9.707269766614546,3.707269766614546,3.707269766614546,25-50%
6.0,9.885976916063814,3.8859769160638145,3.8859769160638145,25-50%
6.0,9.871219612984149,3.8712196129841487,3.8712196129841487,25-50%
6.0,9.409654119487929,3.4096541194879286,3.4096541194879286,25-50%
6.0,9.561828745368034,3.561828745368034,3.561828745368034,25-50%
6.0,9.67319671221382,3.6731967122138194,3.6731967122138194,25-50%
6.0,9.883007410666911,3.8830074106669112,3.8830074106669112,25-50%
6.0,9.883007410666911,3.8830074106669112,3.8830074106669112,25-50%
6.0,9.409654119487929,3.4096541194879286,3.4096541194879286,25-50%
6.0,9.883374255389608,3.883374255389608,3.883374255389608,25-50%
6.0,9.707269766614546,3.707269766614546,3.707269766614546,25-50%
6.0,9.883007410666911,3.8830074106669112,3.8830074106669112,25-50%
6.0,10.246332272221256,4.246332272221256,4.246332272221256,25-50%
6.0,10.171104428999941,4.171104428999941,4.171104428999941,25-50%
6.0,9.86825413312317,3.8682541331231697,3.8682541331231697,25-50%
8.0,9.294362014141441,1.2943620141414414,1.2943620141414414,25-50%
8.0,9.34897098061224,1.3489709806122399,1.3489709806122399,25-50%
8.0,9.691771374539455,1.6917713745394547,1.6917713745394547,25-50%
3.0,10.362136964162747,7.362136964162747,7.362136964162747,0-25%
3.0,9.125726440934773,6.125726440934773,6.125726440934773,0-25%
3.0,9.125726440934773,6.125726440934773,6.125726440934773,0-25%
8.0,9.070270055762728,1.0702700557627285,1.0702700557627285,25-50%
8.0,9.200703623372744,1.2007036233727444,1.2007036233727444,25-50%
8.0,9.158549301850362,1.1585493018503623,1.1585493018503623,25-50%
8.0,9.691771374539455,1.6917713745394547,1.6917713745394547,25-50%
8.0,9.691771374539455,1.6917713745394547,1.6917713745394547,25-50%
3.0,10.395491542204857,7.395491542204857,7.395491542204857,0-25%
3.0,9.125726440934773,6.125726440934773,6.125726440934773,0-25%
3.0,9.139471762923502,6.1394717629235025,6.1394717629235025,0-25%
3.0,9.125726440934773,6.125726440934773,6.125726440934773,0-25%
3.0,9.139471762923502,6.1394717629235025,6.1394717629235025,0-25%
3.0,9.125726440934773,6.125726440934773,6.125726440934773,0-25%
3.0,9.185648877578066,6.185648877578066,6.185648877578066,0-25%
8.0,9.092642711556877,1.092642711556877,1.092642711556877,25-50%
8.0,9.095642572415757,1.0956425724157572,1.0956425724157572,25-50%
8.0,9.579487089396006,1.5794870893960056,1.5794870893960056,25-50%
8.0,9.565145271605154,1.5651452716051537,1.5651452716051537,25-50%
8.0,9.691771374539455,1.6917713745394547,1.6917713745394547,25-50%
8.0,9.636292497660929,1.6362924976609285,1.6362924976609285,25-50%
3.0,9.16923709697016,6.169237096970161,6.169237096970161,0-25%
3.0,9.16923709697016,6.169237096970161,6.169237096970161,0-25%
3.0,9.16923709697016,6.169237096970161,6.169237096970161,0-25%
3.0,9.060039426289741,6.060039426289741,6.060039426289741,0-25%
3.0,9.105854790726761,6.105854790726761,6.105854790726761,0-25%
3.0,9.105854790726761,6.105854790726761,6.105854790726761,0-25%
3.0,9.121781472288138,6.121781472288138,6.121781472288138,0-25%
8.0,9.146767223262945,1.1467672232629447,1.1467672232629447,25-50%
8.0,9.160064644324097,1.1600646443240965,1.1600646443240965,25-50%
8.0,9.579487089396006,1.5794870893960056,1.5794870893960056,25-50%
8.0,9.579487089396006,1.5794870893960056,1.5794870893960056,25-50%
8.0,9.579487089396006,1.5794870893960056,1.5794870893960056,25-50%
3.0,9.16923709697016,6.169237096970161,6.169237096970161,0-25%
3.0,9.089571579546583,6.089571579546583,6.089571579546583,0-25%
3.0,9.089571579546583,6.089571579546583,6.089571579546583,0-25%
3.0,9.012781205357395,6.0127812053573955,6.0127812053573955,0-25%
3.0,9.012781205357395,6.0127812053573955,6.0127812053573955,0-25%
3.0,9.089571579546583,6.089571579546583,6.089571579546583,0-25%
3.0,9.089571579546583,6.089571579546583,6.089571579546583,0-25%
8.0,9.055991878956505,1.0559918789565046,1.0559918789565046,25-50%
8.0,9.49660768506941,1.49660768506941,1.49660768506941,25-50%
8.0,9.49660768506941,1.49660768506941,1.49660768506941,25-50%
4.0,9.49660768506941,5.49660768506941,5.49660768506941,0-25%
3.0,8.501965646146338,5.501965646146338,5.501965646146338,0-25%
3.0,8.745340565154365,5.745340565154365,5.745340565154365,0-25%
3.0,9.05293189957971,6.0529318995797095,6.0529318995797095,0-25%
8.0,9.39771483088669,1.3977148308866898,1.3977148308866898,25-50%
8.0,9.342147991458331,1.3421479914583312,1.3421479914583312,25-50%
8.0,9.38361942812418,1.3836194281241792,1.3836194281241792,25-50%
8.0,9.45848987765939,1.4584898776593906,1.4584898776593906,25-50%
8.0,9.399772852134628,1.3997728521346282,1.3997728521346282,25-50%
6.0,9.34001088705585,3.3400108870558505,3.3400108870558505,25-50%
4.0,9.34001088705585,5.3400108870558505,5.3400108870558505,0-25%
4.0,9.318683995961702,5.3186839959617025,5.3186839959617025,0-25%
4.0,9.318683995961702,5.3186839959617025,5.3186839959617025,0-25%
4.0,9.49660768506941,5.49660768506941,5.49660768506941,0-25%
3.0,8.575815421475632,5.575815421475632,5.575815421475632,0-25%
8.0,9.167804734520136,1.1678047345201357,1.1678047345201357,25-50%
8.0,9.395272980270976,1.3952729802709758,1.3952729802709758,25-50%
13.0,9.435611132940265,-3.5643888670597352,3.5643888670597352,50-75%
8.0,9.323571968750706,1.3235719687507057,1.3235719687507057,25-50%
8.0,9.255772721579847,1.2557727215798469,1.2557727215798469,25-50%
4.0,9.00818863357077,5.00818863357077,5.00818863357077,0-25%
4.0,9.183346450216394,5.183346450216394,5.183346450216394,0-25%
4.0,9.416719413748995,5.416719413748995,5.416719413748995,0-25%
8.0,9.309924925780361,1.3099249257803613,1.3099249257803613,25-50%
8.0,9.60545922830362,1.6054592283036193,1.6054592283036193,25-50%
13.0,9.38361942812418,-3.616380571875821,3.616380571875821,50-75%
13.0,9.38361942812418,-3.616380571875821,3.616380571875821,50-75%
13.0,9.421464357001113,-3.5785356429988866,3.5785356429988866,50-75%
13.0,9.38361942812418,-3.616380571875821,3.616380571875821,50-75%
18.0,8.981830485664364,-9.018169514335636,9.018169514335636,75-100%
4.0,9.00818863357077,5.00818863357077,5.00818863357077,0-25%
4.0,9.183346450216394,5.183346450216394,5.183346450216394,0-25%
4.0,9.193958092022752,5.193958092022752,5.193958092022752,0-25%
13.0,9.399173944946238,-3.600826055053762,3.600826055053762,50-75%
13.0,9.477352263241864,-3.5226477367581364,3.5226477367581364,50-75%
13.0,9.395272980270976,-3.604727019729024,3.604727019729024,50-75%
13.0,9.435611132940265,-3.5643888670597352,3.5643888670597352,50-75%
13.0,9.435611132940265,-3.5643888670597352,3.5643888670597352,50-75%
18.0,9.356187098185824,-8.643812901814176,8.643812901814176,75-100%
18.0,8.93083341757142,-9.06916658242858,9.06916658242858,75-100%
4.0,9.183346450216394,5.183346450216394,5.183346450216394,0-25%
4.0,9.183346450216394,5.183346450216394,5.183346450216394,0-25%
13.0,9.108665021878819,-3.891334978121181,3.891334978121181,50-75%
13.0,9.386262143052177,-3.6137378569478233,3.6137378569478233,50-75%
13.0,9.395272980270976,-3.604727019729024,3.604727019729024,50-75%
13.0,9.409384202325812,-3.5906157976741877,3.5906157976741877,50-75%
13.0,9.395272980270976,-3.604727019729024,3.604727019729024,50-75%
18.0,9.342147991458331,-8.657852008541669,8.657852008541669,75-100%
18.0,8.769162877249311,-9.230837122750689,9.230837122750689,75-100%
8.0,9.108665021878819,1.108665021878819,1.108665021878819,25-50%
13.0,9.40783167460484,-3.5921683253951606,3.5921683253951606,50-75%
13.0,9.395272980270976,-3.604727019729024,3.604727019729024,50-75%
18.0,9.395272980270976,-8.604727019729024,8.604727019729024,75-100%
18.0,9.74771020682795,-8.25228979317205,8.25228979317205,75-100%
18.0,8.971417921918114,-9.028582078081886,9.028582078081886,75-100%
13.0,9.108665021878819,-3.891334978121181,3.891334978121181,50-75%
18.0,9.108665021878819,-8.891334978121181,8.891334978121181,75-100%
18.0,9.434054693553048,-8.565945306446952,8.565945306446952,75-100%
18.0,9.503750442566423,-8.496249557433577,8.496249557433577,75-100%
18.0,9.807940298858181,-8.192059701141819,8.192059701141819,75-100%
3.0,9.550840948575381,6.550840948575381,6.550840948575381,0-25%
3.0,9.558315120848235,6.558315120848235,6.558315120848235,0-25%
3.0,9.237342857582382,6.237342857582382,6.237342857582382,0-25%
3.0,9.160414879999596,6.160414879999596,6.160414879999596,0-25%
3.0,9.160414879999596,6.160414879999596,6.160414879999596,0-25%
3.0,9.412458484291356,6.412458484291356,6.412458484291356,0-25%
3.0,9.550840948575381,6.550840948575381,6.550840948575381,0-25%
3.0,9.550840948575381,6.550840948575381,6.550840948575381,0-25%
3.0,9.550840948575381,6.550840948575381,6.550840948575381,0-25%
3.0,9.160414879999596,6.160414879999596,6.160414879999596,0-25%
3.0,8.88139154904048,5.88139154904048,5.88139154904048,0-25%
3.0,9.550840948575381,6.550840948575381,6.550840948575381,0-25%
3.0,9.430082945019556,6.4300829450195565,6.4300829450195565,0-25%
3.0,9.160414879999596,6.160414879999596,6.160414879999596,0-25%
3.0,9.373393936617887,6.373393936617887,6.373393936617887,0-25%
3.0,9.373393936617887,6.373393936617887,6.373393936617887,0-25%
3.0,9.412458484291356,6.412458484291356,6.412458484291356,0-25%
3.0,9.35318447090613,6.353184470906131,6.353184470906131,0-25%
3.0,9.35318447090613,6.353184470906131,6.353184470906131,0-25%
3.0,8.848947125528422,5.848947125528422,5.848947125528422,0-25%
3.0,9.35318447090613,6.353184470906131,6.353184470906131,0-25%
3.0,9.35318447090613,6.353184470906131,6.353184470906131,0-25%
3.0,9.35318447090613,6.353184470906131,6.353184470906131,0-25%
8.0,7.995862413081932,-0.004137586918067981,0.004137586918067981,25-50%
8.0,7.962038386593931,-0.03796161340606918,0.03796161340606918,25-50%
8.0,7.724958547556104,-0.27504145244389644,0.27504145244389644,25-50%
8.0,8.066915338437234,0.06691533843723363,0.06691533843723363,25-50%
8.0,7.99462610961198,-0.005373890388019831,0.005373890388019831,25-50%
8.0,7.962038386593931,-0.03796161340606918,0.03796161340606918,25-50%
8.0,7.968032784035942,-0.03196721596405805,0.03196721596405805,25-50%
8.0,7.9300209959527095,-0.06997900404729052,0.06997900404729052,25-50%
8.0,8.066915338437234,0.06691533843723363,0.06691533843723363,25-50%
8.0,8.02237953018499,0.02237953018499006,0.02237953018499006,25-50%
8.0,7.968032784035942,-0.03196721596405805,0.03196721596405805,25-50%
8.0,8.00399712244076,0.003997122440759782,0.003997122440759782,25-50%
8.0,7.968032784035942,-0.03196721596405805,0.03196721596405805,25-50%
8.0,7.962038386593931,-0.03796161340606918,0.03796161340606918,25-50%
8.0,8.02237953018499,0.02237953018499006,0.02237953018499006,25-50%
8.0,8.02237953018499,0.02237953018499006,0.02237953018499006,25-50%
8.0,8.02237953018499,0.02237953018499006,0.02237953018499006,25-50%
8.0,7.995704149419536,-0.004295850580463778,0.004295850580463778,25-50%
8.0,8.00399712244076,0.003997122440759782,0.003997122440759782,25-50%
8.0,7.987017304434997,-0.012982695565002977,0.012982695565002977,25-50%
8.0,7.952894342711282,-0.04710565728871785,0.04710565728871785,25-50%
8.0,8.029655235355893,0.029655235355892984,0.029655235355892984,25-50%
8.0,8.015355108396877,0.015355108396876815,0.015355108396876815,25-50%
8.0,8.029655235355893,0.029655235355892984,0.029655235355892984,25-50%
8.0,7.995704149419536,-0.004295850580463778,0.004295850580463778,25-50%
8.0,7.952894342711282,-0.04710565728871785,0.04710565728871785,25-50%
8.0,8.001430003740783,0.001430003740782837,0.001430003740782837,25-50%
8.0,7.969295575103277,-0.030704424896723204,0.030704424896723204,25-50%
8.0,7.963036784059885,-0.03696321594011476,0.03696321594011476,25-50%
8.0,7.995704149419536,-0.004295850580463778,0.004295850580463778,25-50%
8.0,7.912387308427635,-0.08761269157236473,0.08761269157236473,25-50%
9.0,8.092608255352202,-0.9073917446477981,0.9073917446477981,50-75%
9.0,8.092608255352202,-0.9073917446477981,0.9073917446477981,50-75%
9.0,7.833871274140046,-1.166128725859954,1.166128725859954,50-75%
9.0,7.808519061514138,-1.1914809384858618,1.1914809384858618,50-75%
9.0,7.642010600189884,-1.3579893998101156,1.3579893998101156,50-75%
9.0,7.63840101643138,-1.3615989835686202,1.3615989835686202,50-75%
9.0,7.590100307161458,-1.4098996928385423,1.4098996928385423,50-75%
9.0,7.808519061514138,-1.1914809384858618,1.1914809384858618,50-75%
9.0,7.7874083759050094,-1.2125916240949906,1.2125916240949906,50-75%
9.0,7.63840101643138,-1.3615989835686202,1.3615989835686202,50-75%
9.0,7.642010600189884,-1.3579893998101156,1.3579893998101156,50-75%
9.0,7.642010600189884,-1.3579893998101156,1.3579893998101156,50-75%
9.0,7.784477613515986,-1.2155223864840137,1.2155223864840137,50-75%
9.0,7.593689708312629,-1.4063102916873707,1.4063102916873707,50-75%
9.0,7.68841530118417,-1.31158469881583,1.31158469881583,50-75%
9.0,7.642010600189884,-1.3579893998101156,1.3579893998101156,50-75%
9.0,7.953778984231373,-1.0462210157686274,1.0462210157686274,50-75%
9.0,8.01851806960396,-0.9814819303960398,0.9814819303960398,50-75%
9.0,7.725614129338396,-1.2743858706616038,1.2743858706616038,50-75%
9.0,7.765272274619938,-1.2347277253800621,1.2347277253800621,50-75%
9.0,7.765272274619938,-1.2347277253800621,1.2347277253800621,50-75%
9.0,8.01137858559431,-0.9886214144056904,0.9886214144056904,50-75%
9.0,7.891968055030757,-1.1080319449692428,1.1080319449692428,50-75%
9.0,7.968411115808021,-1.0315888841919794,1.0315888841919794,50-75%
9.0,7.968411115808021,-1.0315888841919794,1.0315888841919794,50-75%
9.0,7.74333176309543,-1.25666823690457,1.25666823690457,50-75%
9.0,7.752546681597915,-1.2474533184020853,1.2474533184020853,50-75%
9.0,7.752546681597915,-1.2474533184020853,1.2474533184020853,50-75%
9.0,7.891968055030757,-1.1080319449692428,1.1080319449692428,50-75%
9.0,7.980063610164268,-1.019936389835732,1.019936389835732,50-75%
9.0,7.980063610164268,-1.019936389835732,1.019936389835732,50-75%
9.0,8.220927045600803,-0.7790729543991972,0.7790729543991972,50-75%
9.0,8.336469169459388,-0.663530830540612,0.663530830540612,50-75%
9.0,8.488869467533368,-0.5111305324666322,0.5111305324666322,50-75%
9.0,8.433674933163712,-0.5663250668362885,0.5663250668362885,50-75%
9.0,8.220927045600803,-0.7790729543991972,0.7790729543991972,50-75%
9.0,8.25130264396967,-0.7486973560303305,0.7486973560303305,50-75%
9.0,8.284265285649887,-0.7157347143501127,0.7157347143501127,50-75%
9.0,8.366274498943989,-0.633725501056011,0.633725501056011,50-75%
9.0,8.220927045600803,-0.7790729543991972,0.7790729543991972,50-75%
9.0,8.220927045600803,-0.7790729543991972,0.7790729543991972,50-75%
9.0,8.25130264396967,-0.7486973560303305,0.7486973560303305,50-75%
9.0,8.284265285649887,-0.7157347143501127,0.7157347143501127,50-75%
9.0,8.323560792710506,-0.6764392072894942,0.6764392072894942,50-75%
9.0,8.39518451876387,-0.6048154812361304,0.6048154812361304,50-75%
9.0,8.540138038873778,-0.45986196112622224,0.45986196112622224,50-75%
9.0,8.220927045600803,-0.7790729543991972,0.7790729543991972,50-75%
9.0,8.199574959815568,-0.8004250401844324,0.8004250401844324,50-75%
9.0,8.30945040769037,-0.6905495923096296,0.6905495923096296,50-75%
9.0,8.31370139672911,-0.68629860327089,0.68629860327089,50-75%
9.0,8.408844462423922,-0.5911555375760784,0.5911555375760784,50-75%
9.0,8.443426601395497,-0.5565733986045025,0.5565733986045025,50-75%
9.0,8.25130264396967,-0.7486973560303305,0.7486973560303305,50-75%
9.0,8.284265285649887,-0.7157347143501127,0.7157347143501127,50-75%
9.0,8.323560792710506,-0.6764392072894942,0.6764392072894942,50-75%
9.0,8.39518451876387,-0.6048154812361304,0.6048154812361304,50-75%
9.0,8.408844462423922,-0.5911555375760784,0.5911555375760784,50-75%
9.0,8.443426601395497,-0.5565733986045025,0.5565733986045025,50-75%
9.0,8.054984417883617,-0.9450155821163833,0.9450155821163833,50-75%
9.0,8.30945040769037,-0.6905495923096296,0.6905495923096296,50-75%
9.0,8.31370139672911,-0.68629860327089,0.68629860327089,50-75%
9.0,8.408844462423922,-0.5911555375760784,0.5911555375760784,50-75%
6.0,8.519014659335037,2.5190146593350367,2.5190146593350367,25-50%
15.0,9.00273715519509,-5.99726284480491,5.99726284480491,50-75%
15.0,9.148295118557455,-5.851704881442545,5.851704881442545,50-75%
6.0,8.418456778094892,2.4184567780948925,2.4184567780948925,25-50%
6.0,8.475946234935932,2.4759462349359325,2.4759462349359325,25-50%
10.5,8.787306852714158,-1.712693147285842,1.712693147285842,50-75%
10.5,8.81309631608597,-1.6869036839140303,1.6869036839140303,50-75%
10.5,8.956338306600122,-1.5436616933998781,1.5436616933998781,50-75%
10.5,8.992625934213613,-1.5073740657863866,1.5073740657863866,50-75%
15.0,9.084728918617138,-5.915271081382862,5.915271081382862,50-75%
15.0,8.853454425439029,-6.146545574560971,6.146545574560971,50-75%
6.0,8.392976758007629,2.392976758007629,2.392976758007629,25-50%
6.0,8.392976758007629,2.392976758007629,2.392976758007629,25-50%
10.5,8.81309631608597,-1.6869036839140303,1.6869036839140303,50-75%
10.5,8.946011262687223,-1.5539887373127765,1.5539887373127765,50-75%
10.5,9.06247126196413,-1.4375287380358692,1.4375287380358692,50-75%
10.5,8.726965360928965,-1.7730346390710352,1.7730346390710352,50-75%
6.0,8.475946234935932,2.4759462349359325,2.4759462349359325,25-50%
6.0,8.505194768437168,2.5051947684371676,2.5051947684371676,25-50%
10.5,8.747138378923692,-1.752861621076308,1.752861621076308,50-75%
10.5,8.81309631608597,-1.6869036839140303,1.6869036839140303,50-75%
10.5,8.909892913484914,-1.5901070865150864,1.5901070865150864,50-75%
10.5,9.087824129191233,-1.4121758708087668,1.4121758708087668,50-75%
10.5,9.064834937424434,-1.4351650625755656,1.4351650625755656,50-75%
10.5,8.787306852714158,-1.712693147285842,1.712693147285842,50-75%
10.5,8.930034804310278,-1.569965195689722,1.569965195689722,50-75%
10.5,8.930034804310278,-1.569965195689722,1.569965195689722,50-75%
10.5,8.984606085692466,-1.5153939143075341,1.5153939143075341,50-75%
10.5,9.087824129191233,-1.4121758708087668,1.4121758708087668,50-75%
10.5,9.076130717244187,-1.4238692827558133,1.4238692827558133,50-75%
15.0,9.206455577939646,-5.793544422060354,5.793544422060354,50-75%
15.0,8.796037461159345,-6.2039625388406545,6.2039625388406545,50-75%
6.0,8.392976758007629,2.392976758007629,2.392976758007629,25-50%
10.5,8.930034804310278,-1.569965195689722,1.569965195689722,50-75%
10.5,9.064834937424434,-1.4351650625755656,1.4351650625755656,50-75%
10.5,8.90323087456067,-1.5967691254393301,1.5967691254393301,50-75%
15.0,9.062289253472297,-5.937710746527703,5.937710746527703,50-75%
10.5,8.930034804310278,-1.569965195689722,1.569965195689722,50-75%
10.5,8.748328876486042,-1.7516711235139582,1.7516711235139582,50-75%
15.0,9.062289253472297,-5.937710746527703,5.937710746527703,50-75%
9.0,8.146967188376806,-0.8530328116231942,0.8530328116231942,50-75%
9.0,8.246246645383234,-0.7537533546167658,0.7537533546167658,50-75%
9.0,8.218389455583416,-0.7816105444165835,0.7816105444165835,50-75%
9.0,8.218389455583416,-0.7816105444165835,0.7816105444165835,50-75%
9.0,8.279971109849715,-0.7200288901502852,0.7200288901502852,50-75%
9.0,8.259923686169287,-0.7400763138307127,0.7400763138307127,50-75%
9.0,8.246246645383234,-0.7537533546167658,0.7537533546167658,50-75%
9.0,8.259923686169287,-0.7400763138307127,0.7400763138307127,50-75%
9.0,8.205892775850273,-0.7941072241497267,0.7941072241497267,50-75%
9.0,8.205892775850273,-0.7941072241497267,0.7941072241497267,50-75%
9.0,8.279971109849715,-0.7200288901502852,0.7200288901502852,50-75%
9.0,8.259923686169287,-0.7400763138307127,0.7400763138307127,50-75%
9.0,8.189057103426054,-0.8109428965739465,0.8109428965739465,50-75%
9.0,8.559896998929014,-0.44010300107098566,0.44010300107098566,50-75%
9.0,8.205892775850273,-0.7941072241497267,0.7941072241497267,50-75%
9.0,8.205892775850273,-0.7941072241497267,0.7941072241497267,50-75%
9.0,8.218389455583416,-0.7816105444165835,0.7816105444165835,50-75%
9.0,8.216178585079879,-0.783821414920121,0.783821414920121,50-75%
9.0,8.580593854753545,-0.41940614524645525,0.41940614524645525,50-75%
9.0,8.567606161661054,-0.43239383833894607,0.43239383833894607,50-75%
8.0,7.430374090413584,-0.5696259095864162,0.5696259095864162,25-50%
8.0,7.278779092380278,-0.7212209076197222,0.7212209076197222,25-50%
13.5,7.418945664054935,-6.081054335945065,6.081054335945065,50-75%
13.5,7.418945664054935,-6.081054335945065,6.081054335945065,50-75%
8.0,7.418945664054935,-0.5810543359450646,0.5810543359450646,25-50%
9.0,8.155020256399258,-0.8449797436007422,0.8449797436007422,50-75%
9.0,8.216178585079879,-0.783821414920121,0.783821414920121,50-75%
9.0,8.580593854753545,-0.41940614524645525,0.41940614524645525,50-75%
8.0,7.500153124162396,-0.499846875837604,0.499846875837604,25-50%
13.5,7.413083359092176,-6.086916640907824,6.086916640907824,50-75%
13.5,7.413083359092176,-6.086916640907824,6.086916640907824,50-75%
13.5,7.278779092380278,-6.221220907619722,6.221220907619722,50-75%
13.5,7.134440963215218,-6.365559036784782,6.365559036784782,50-75%
13.5,7.134440963215218,-6.365559036784782,6.365559036784782,50-75%
9.0,8.121774344058965,-0.8782256559410353,0.8782256559410353,50-75%
9.0,8.580593854753545,-0.41940614524645525,0.41940614524645525,50-75%
9.0,8.580593854753545,-0.41940614524645525,0.41940614524645525,50-75%
8.0,7.475186789868576,-0.5248132101314242,0.5248132101314242,25-50%
13.5,7.457804147519524,-6.042195852480476,6.042195852480476,50-75%
13.5,7.443746322383974,-6.056253677616026,6.056253677616026,50-75%
13.5,7.443746322383974,-6.056253677616026,6.056253677616026,50-75%
13.5,7.418945664054935,-6.081054335945065,6.081054335945065,50-75%
19.0,7.372421878966408,-11.627578121033592,11.627578121033592,75-100%
13.5,7.443746322383974,-6.056253677616026,6.056253677616026,50-75%
13.5,7.430374090413584,-6.069625909586416,6.069625909586416,50-75%
13.5,7.372421878966408,-6.127578121033592,6.127578121033592,50-75%
19.0,7.008459158719615,-11.991540841280386,11.991540841280386,75-100%
13.5,7.3743343193199635,-6.1256656806800365,6.1256656806800365,50-75%
13.5,7.343923421594882,-6.156076578405118,6.156076578405118,50-75%
13.5,6.992290116666708,-6.507709883333292,6.507709883333292,50-75%
13.5,6.811087766690707,-6.688912233309293,6.688912233309293,50-75%
19.0,6.837514953556108,-12.16248504644389,12.16248504644389,75-100%
13.5,7.385702187327435,-6.114297812672565,6.114297812672565,50-75%
13.5,7.385702187327435,-6.114297812672565,6.114297812672565,50-75%
13.5,7.372421878966408,-6.127578121033592,6.127578121033592,50-75%
13.5,6.8212365717512915,-6.6787634282487085,6.6787634282487085,50-75%
13.5,6.747219216236984,-6.752780783763016,6.752780783763016,50-75%
19.0,6.747219216236984,-12.252780783763015,12.252780783763015,75-100%
19.0,7.3743343193199635,-11.625665680680036,11.625665680680036,75-100%
19.0,7.361072014077719,-11.638927985922281,11.638927985922281,75-100%
19.0,6.85189559038379,-12.14810440961621,12.14810440961621,75-100%
19.0,6.747219216236984,-12.252780783763015,12.252780783763015,75-100%
12.0,8.099889608067308,-3.9001103919326923,3.9001103919326923,50-75%
12.0,8.07915182511457,-3.92084817488543,3.92084817488543,50-75%
12.0,8.066843899402198,-3.9331561005978024,3.9331561005978024,50-75%
12.0,8.085478252005906,-3.914521747994094,3.914521747994094,50-75%
12.0,8.085478252005906,-3.914521747994094,3.914521747994094,50-75%
12.0,8.112242392181551,-3.8877576078184486,3.8877576078184486,50-75%
12.0,8.099889608067308,-3.9001103919326923,3.9001103919326923,50-75%
12.0,8.099889608067308,-3.9001103919326923,3.9001103919326923,50-75%
12.0,8.099889608067308,-3.9001103919326923,3.9001103919326923,50-75%
12.0,8.066843899402198,-3.9331561005978024,3.9331561005978024,50-75%
12.0,7.934214615272211,-4.065785384727789,4.065785384727789,50-75%
12.0,8.099889608067308,-3.9001103919326923,3.9001103919326923,50-75%
12.0,8.112242392181551,-3.8877576078184486,3.8877576078184486,50-75%
12.0,8.129232857387423,-3.8707671426125767,3.8707671426125767,50-75%
12.0,8.099889608067308,-3.9001103919326923,3.9001103919326923,50-75%
12.0,8.099889608067308,-3.9001103919326923,3.9001103919326923,50-75%
12.0,8.230198249832053,-3.7698017501679466,3.7698017501679466,50-75%
12.0,7.963271111384922,-4.036728888615078,4.036728888615078,50-75%
12.0,8.052552887207657,-3.947447112792343,3.947447112792343,50-75%
12.0,8.078250119676415,-3.921749880323585,3.921749880323585,50-75%
12.0,8.10251161340435,-3.8974883865956507,3.8974883865956507,50-75%
12.0,8.10251161340435,-3.8974883865956507,3.8974883865956507,50-75%
12.0,8.099889608067308,-3.9001103919326923,3.9001103919326923,50-75%
12.0,8.066843899402198,-3.9331561005978024,3.9331561005978024,50-75%
12.0,7.889498810129053,-4.110501189870947,4.110501189870947,50-75%
12.0,8.078250119676415,-3.921749880323585,3.921749880323585,50-75%
12.0,8.10251161340435,-3.8974883865956507,3.8974883865956507,50-75%
12.0,7.937341673297283,-4.062658326702717,4.062658326702717,50-75%
12.0,8.10251161340435,-3.8974883865956507,3.8974883865956507,50-75%
12.0,8.129232857387423,-3.8707671426125767,3.8707671426125767,50-75%
12.0,8.10251161340435,-3.8974883865956507,3.8974883865956507,50-75%
12.0,7.937341673297283,-4.062658326702717,4.062658326702717,50-75%
12.0,7.920487554731464,-4.079512445268536,4.079512445268536,50-75%
10.0,8.424309661301402,-1.5756903386985979,1.5756903386985979,50-75%
10.0,8.293737664837941,-1.7062623351620587,1.7062623351620587,50-75%
10.0,8.506760465929396,-1.4932395340706037,1.4932395340706037,50-75%
10.0,8.294006997895718,-1.7059930021042824,1.7059930021042824,50-75%
10.0,8.31894848229088,-1.68105151770912,1.68105151770912,50-75%
10.0,8.31894848229088,-1.68105151770912,1.68105151770912,50-75%
10.0,8.293737664837941,-1.7062623351620587,1.7062623351620587,50-75%
10.0,8.375830548981737,-1.624169451018263,1.624169451018263,50-75%
10.0,8.38890961264419,-1.6110903873558104,1.6110903873558104,50-75%
10.0,8.294006997895718,-1.7059930021042824,1.7059930021042824,50-75%
10.0,8.402832538071314,-1.5971674619286862,1.5971674619286862,50-75%
10.0,8.402832538071314,-1.5971674619286862,1.5971674619286862,50-75%
10.0,8.1807177726112,-1.8192822273888005,1.8192822273888005,50-75%
10.0,8.0991600778777,-1.9008399221222998,1.9008399221222998,50-75%
10.5,8.456130325740336,-2.043869674259664,2.043869674259664,50-75%
10.0,8.202026091126687,-1.7979739088733133,1.7979739088733133,50-75%
10.0,8.202026091126687,-1.7979739088733133,1.7979739088733133,50-75%
10.5,8.0991600778777,-2.4008399221223,2.4008399221223,50-75%
10.5,8.0991600778777,-2.4008399221223,2.4008399221223,50-75%
11.0,8.566854203062844,-2.433145796937156,2.433145796937156,50-75%
10.5,8.0991600778777,-2.4008399221223,2.4008399221223,50-75%
11.0,8.566854203062844,-2.433145796937156,2.433145796937156,50-75%
11.0,8.655821527929279,-2.3441784720707215,2.3441784720707215,50-75%
11.0,8.479133324492565,-2.5208666755074347,2.5208666755074347,50-75%
10.5,8.0991600778777,-2.4008399221223,2.4008399221223,50-75%
11.0,8.566854203062844,-2.433145796937156,2.433145796937156,50-75%
11.0,8.566854203062844,-2.433145796937156,2.433145796937156,50-75%
11.0,8.566854203062844,-2.433145796937156,2.433145796937156,50-75%
11.0,8.464787494198804,-2.535212505801196,2.535212505801196,50-75%
11.0,8.456130325740336,-2.543869674259664,2.543869674259664,50-75%
11.0,8.456130325740336,-2.543869674259664,2.543869674259664,50-75%
7.0,7.672552020056927,0.6725520200569273,0.6725520200569273,25-50%
7.0,7.672552020056927,0.6725520200569273,0.6725520200569273,25-50%
7.0,7.903798704506199,0.9037987045061993,0.9037987045061993,25-50%
11.0,8.202026091126687,-2.7979739088733133,2.7979739088733133,50-75%
11.0,8.202026091126687,-2.7979739088733133,2.7979739088733133,50-75%
7.0,7.628196139777164,0.628196139777164,0.628196139777164,25-50%
7.0,7.775304175394788,0.7753041753947878,0.7753041753947878,25-50%
7.0,7.628196139777164,0.628196139777164,0.628196139777164,25-50%
7.0,7.775304175394788,0.7753041753947878,0.7753041753947878,25-50%
7.0,7.775304175394788,0.7753041753947878,0.7753041753947878,25-50%
7.0,7.775304175394788,0.7753041753947878,0.7753041753947878,25-50%
7.0,7.775304175394788,0.7753041753947878,0.7753041753947878,25-50%
7.0,7.903798704506199,0.9037987045061993,0.9037987045061993,25-50%
7.0,7.775304175394788,0.7753041753947878,0.7753041753947878,25-50%
7.0,7.775304175394788,0.7753041753947878,0.7753041753947878,25-50%
3.0,6.943411164861118,3.943411164861118,3.943411164861118,0-25%
3.0,7.1941826701707035,4.1941826701707035,4.1941826701707035,0-25%
3.0,7.093180076247601,4.093180076247601,4.093180076247601,0-25%
3.0,6.943411164861118,3.943411164861118,3.943411164861118,0-25%
3.0,6.934438292327317,3.934438292327317,3.934438292327317,0-25%
3.0,6.789136764679462,3.789136764679462,3.789136764679462,0-25%
3.0,7.282676136060303,4.282676136060303,4.282676136060303,0-25%
3.0,7.280926430199571,4.280926430199571,4.280926430199571,0-25%
3.0,7.1941826701707035,4.1941826701707035,4.1941826701707035,0-25%
3.0,6.845763683336347,3.8457636833363473,3.8457636833363473,0-25%
3.0,6.789136764679462,3.789136764679462,3.789136764679462,0-25%
3.0,6.77326988102316,3.77326988102316,3.77326988102316,0-25%
3.0,6.743596835247009,3.7435968352470086,3.7435968352470086,0-25%
3.0,7.234917541064662,4.234917541064662,4.234917541064662,0-25%
3.0,7.048214307258399,4.048214307258399,4.048214307258399,0-25%
3.0,6.789136764679462,3.789136764679462,3.789136764679462,0-25%
3.0,6.82699224044658,3.8269922404465797,3.8269922404465797,0-25%
17.0,6.934438292327317,-10.065561707672682,10.065561707672682,75-100%
17.0,6.987791393541568,-10.012208606458433,10.012208606458433,75-100%
17.0,6.943411164861118,-10.056588835138882,10.056588835138882,75-100%
17.0,6.987791393541568,-10.012208606458433,10.012208606458433,75-100%
3.0,7.1941826701707035,4.1941826701707035,4.1941826701707035,0-25%
3.0,7.093180076247601,4.093180076247601,4.093180076247601,0-25%
3.0,6.94297733495813,3.9429773349581296,3.9429773349581296,0-25%
3.0,6.94297733495813,3.9429773349581296,3.9429773349581296,0-25%
3.0,7.039123049157194,4.039123049157194,4.039123049157194,0-25%
10.0,6.934438292327317,-3.065561707672683,3.065561707672683,50-75%
17.0,6.934438292327317,-10.065561707672682,10.065561707672682,75-100%
17.0,6.943411164861118,-10.056588835138882,10.056588835138882,75-100%
17.0,7.174819852246485,-9.825180147753514,9.825180147753514,75-100%
17.0,7.087478740525499,-9.912521259474502,9.912521259474502,75-100%
3.0,6.94297733495813,3.9429773349581296,3.9429773349581296,0-25%
3.0,7.234917541064662,4.234917541064662,4.234917541064662,0-25%
10.0,6.943411164861118,-3.056588835138882,3.056588835138882,50-75%
17.0,6.943411164861118,-10.056588835138882,10.056588835138882,75-100%
17.0,7.370814437759106,-9.629185562240895,9.629185562240895,75-100%
17.0,7.417582589536612,-9.582417410463389,9.582417410463389,75-100%
17.0,6.906248384007815,-10.093751615992186,10.093751615992186,75-100%
17.0,7.328951854813291,-9.67104814518671,9.67104814518671,75-100%
17.0,7.306805279053837,-9.693194720946163,9.693194720946163,75-100%
17.0,7.127683165495449,-9.872316834504552,9.872316834504552,75-100%
17.0,7.370814437759106,-9.629185562240895,9.629185562240895,75-100%
17.0,7.309243004211359,-9.690756995788641,9.690756995788641,75-100%
10.0,6.946904185250413,-3.053095814749587,3.053095814749587,50-75%
10.0,6.900441853577942,-3.0995581464220576,3.0995581464220576,50-75%
10.0,7.149582524226608,-2.8504174757733924,2.8504174757733924,50-75%
17.0,7.7541702934464505,-9.24582970655355,9.24582970655355,75-100%
17.0,7.417582589536612,-9.582417410463389,9.582417410463389,75-100%
17.0,7.417582589536612,-9.582417410463389,9.582417410463389,75-100%
17.0,7.496324459456085,-9.503675540543915,9.503675540543915,75-100%
17.0,7.640174253976342,-9.359825746023658,9.359825746023658,75-100%
17.0,7.449925355088906,-9.550074644911094,9.550074644911094,75-100%
17.0,7.449925355088906,-9.550074644911094,9.550074644911094,75-100%
17.0,7.449925355088906,-9.550074644911094,9.550074644911094,75-100%
10.0,7.004880203729779,-2.995119796270221,2.995119796270221,50-75%
10.0,7.149582524226608,-2.8504174757733924,2.8504174757733924,50-75%
10.0,7.815179270130978,-2.1848207298690223,2.1848207298690223,50-75%
17.0,7.688447332288928,-9.311552667711073,9.311552667711073,75-100%
17.0,7.521760037767931,-9.47823996223207,9.47823996223207,75-100%
17.0,7.666040477649146,-9.333959522350854,9.333959522350854,75-100%
17.0,7.666040477649146,-9.333959522350854,9.333959522350854,75-100%
17.0,7.438470424545963,-9.561529575454037,9.561529575454037,75-100%
17.0,7.438470424545963,-9.561529575454037,9.561529575454037,75-100%
10.0,7.292307776280663,-2.707692223719337,2.707692223719337,50-75%
10.0,7.815179270130978,-2.1848207298690223,2.1848207298690223,50-75%
10.0,7.815179270130978,-2.1848207298690223,2.1848207298690223,50-75%
10.0,7.841569409034962,-2.158430590965038,2.158430590965038,50-75%
10.0,7.431871400644233,-2.5681285993557674,2.5681285993557674,50-75%
10.0,7.501139624954116,-2.4988603750458838,2.4988603750458838,50-75%
10.0,7.7429424510547085,-2.2570575489452915,2.2570575489452915,50-75%
10.0,7.890967691979555,-2.1090323080204447,2.1090323080204447,50-75%
10.0,7.872732281320358,-2.127267718679642,2.127267718679642,50-75%
10.0,7.841569409034962,-2.158430590965038,2.158430590965038,50-75%
10.0,7.400237445723407,-2.5997625542765928,2.5997625542765928,50-75%
10.0,7.509054371775764,-2.490945628224236,2.490945628224236,50-75%
10.0,7.895237424456935,-2.104762575543065,2.104762575543065,50-75%
10.0,7.895237424456935,-2.104762575543065,2.104762575543065,50-75%
10.0,7.823435314453674,-2.1765646855463263,2.1765646855463263,50-75%
10.0,7.895237424456935,-2.104762575543065,2.104762575543065,50-75%
10.0,7.895237424456935,-2.104762575543065,2.104762575543065,50-75%
10.0,7.451926234422661,-2.548073765577339,2.548073765577339,50-75%
10.0,7.855906228951991,-2.1440937710480092,2.1440937710480092,50-75%
10.0,7.895237424456935,-2.104762575543065,2.104762575543065,50-75%
10.0,8.036927130273604,-1.9630728697263962,1.9630728697263962,50-75%
10.0,7.895237424456935,-2.104762575543065,2.104762575543065,50-75%
10.0,7.872732281320358,-2.127267718679642,2.127267718679642,50-75%
9.0,8.656121097066206,-0.34387890293379364,0.34387890293379364,50-75%
9.0,8.663907855532946,-0.33609214446705415,0.33609214446705415,50-75%
9.0,8.468093487272105,-0.531906512727895,0.531906512727895,50-75%
9.0,8.67702627483042,-0.32297372516958056,0.32297372516958056,50-75%
9.0,8.656121097066206,-0.34387890293379364,0.34387890293379364,50-75%
9.0,8.488103077341105,-0.5118969226588952,0.5118969226588952,50-75%
9.0,8.628813948099467,-0.37118605190053344,0.37118605190053344,50-75%
9.0,8.615343639449256,-0.3846563605507445,0.3846563605507445,50-75%
9.0,8.628813948099467,-0.37118605190053344,0.37118605190053344,50-75%
9.0,8.67702627483042,-0.32297372516958056,0.32297372516958056,50-75%
9.0,8.475240767064037,-0.5247592329359634,0.5247592329359634,50-75%
9.0,8.495754344990722,-0.504245655009278,0.504245655009278,50-75%
9.0,8.663907855532946,-0.33609214446705415,0.33609214446705415,50-75%
9.0,8.628813948099467,-0.37118605190053344,0.37118605190053344,50-75%
9.0,8.495456392663424,-0.5045436073365757,0.5045436073365757,50-75%
9.0,8.669330302947616,-0.33066969705238414,0.33066969705238414,50-75%
9.0,8.67702627483042,-0.32297372516958056,0.32297372516958056,50-75%
9.0,8.67702627483042,-0.32297372516958056,0.32297372516958056,50-75%
9.0,8.656121097066206,-0.34387890293379364,0.34387890293379364,50-75%
9.0,8.844040200835037,-0.15595979916496283,0.15595979916496283,50-75%
9.0,8.950585692975007,-0.04941430702499261,0.04941430702499261,50-75%
9.0,8.574647693219875,-0.42535230678012503,0.42535230678012503,50-75%
9.0,8.574647693219875,-0.42535230678012503,0.42535230678012503,50-75%
9.0,8.68287624249024,-0.3171237575097603,0.3171237575097603,50-75%
9.0,8.67702627483042,-0.32297372516958056,0.32297372516958056,50-75%
9.0,8.808292153487734,-0.1917078465122657,0.1917078465122657,50-75%
9.0,8.583295752005975,-0.4167042479940246,0.4167042479940246,50-75%
9.0,8.619477407846535,-0.38052259215346496,0.38052259215346496,50-75%
9.0,8.076422609059417,-0.9235773909405829,0.9235773909405829,50-75%
9.0,7.7926672722473596,-1.2073327277526404,1.2073327277526404,50-75%
9.0,7.889629371170791,-1.1103706288292088,1.1103706288292088,50-75%
9.0,7.929442237388534,-1.0705577626114664,1.0705577626114664,50-75%
9.0,8.095028731786677,-0.9049712682133233,0.9049712682133233,50-75%
9.0,8.045135336081412,-0.9548646639185883,0.9548646639185883,50-75%
9.0,7.868214860614661,-1.1317851393853386,1.1317851393853386,50-75%
9.0,7.851995990716638,-1.1480040092833619,1.1480040092833619,50-75%
9.0,7.631448392383095,-1.3685516076169053,1.3685516076169053,50-75%
9.0,7.835112537920376,-1.1648874620796237,1.1648874620796237,50-75%
9.0,8.062000675105091,-0.9379993248949088,0.9379993248949088,50-75%
9.0,7.91647829921679,-1.0835217007832103,1.0835217007832103,50-75%
9.0,7.675820991861737,-1.3241790081382634,1.3241790081382634,50-75%
9.0,7.631448392383095,-1.3685516076169053,1.3685516076169053,50-75%
9.0,7.839146929308691,-1.1608530706913092,1.1608530706913092,50-75%
9.0,7.839146929308691,-1.1608530706913092,1.1608530706913092,50-75%
9.0,7.81121065566478,-1.1887893443352198,1.1887893443352198,50-75%
9.0,7.631448392383095,-1.3685516076169053,1.3685516076169053,50-75%
9.0,7.91647829921679,-1.0835217007832103,1.0835217007832103,50-75%
9.0,7.712705381832233,-1.287294618167767,1.287294618167767,50-75%
9.0,7.81121065566478,-1.1887893443352198,1.1887893443352198,50-75%
9.0,7.889041311274822,-1.1109586887251783,1.1109586887251783,50-75%
9.0,7.8016722313790625,-1.1983277686209375,1.1983277686209375,50-75%
9.0,7.712705381832233,-1.287294618167767,1.287294618167767,50-75%
9.0,7.675820991861737,-1.3241790081382634,1.3241790081382634,50-75%
17.0,6.925196993366913,-10.074803006633086,10.074803006633086,75-100%
17.0,6.925196993366913,-10.074803006633086,10.074803006633086,75-100%
17.0,6.927487117562491,-10.07251288243751,10.07251288243751,75-100%
17.0,7.188389779179642,-9.81161022082036,9.81161022082036,75-100%
17.0,7.188389779179642,-9.81161022082036,9.81161022082036,75-100%
17.0,7.010548158802061,-9.989451841197939,9.989451841197939,75-100%
17.0,6.925196993366913,-10.074803006633086,10.074803006633086,75-100%
17.0,6.925196993366913,-10.074803006633086,10.074803006633086,75-100%
17.0,6.925196993366913,-10.074803006633086,10.074803006633086,75-100%
17.0,6.927487117562491,-10.07251288243751,10.07251288243751,75-100%
17.0,7.055027228375876,-9.944972771624123,9.944972771624123,75-100%
17.0,6.925196993366913,-10.074803006633086,10.074803006633086,75-100%
17.0,6.925196993366913,-10.074803006633086,10.074803006633086,75-100%
17.0,6.927487117562491,-10.07251288243751,10.07251288243751,75-100%
17.0,7.055027228375876,-9.944972771624123,9.944972771624123,75-100%
17.0,6.925196993366913,-10.074803006633086,10.074803006633086,75-100%
17.0,6.927487117562491,-10.07251288243751,10.07251288243751,75-100%
17.0,6.925196993366913,-10.074803006633086,10.074803006633086,75-100%
17.0,7.010548158802061,-9.989451841197939,9.989451841197939,75-100%
11.0,7.23044692460256,-3.7695530753974396,3.7695530753974396,50-75%
11.0,7.184718499978014,-3.815281500021986,3.815281500021986,50-75%
11.0,7.23044692460256,-3.7695530753974396,3.7695530753974396,50-75%
8.5,7.365698948600404,-1.1343010513995964,1.1343010513995964,50-75%
8.5,7.365698948600404,-1.1343010513995964,1.1343010513995964,50-75%
9.75,6.987271829125352,-2.762728170874648,2.762728170874648,50-75%
11.0,6.921700195492879,-4.078299804507121,4.078299804507121,50-75%
11.0,7.152476395547666,-3.847523604452334,3.847523604452334,50-75%
11.0,7.3331626038163495,-3.6668373961836505,3.6668373961836505,50-75%
8.5,7.641366384528697,-0.8586336154713026,0.8586336154713026,50-75%
8.5,7.3548436513534785,-1.1451563486465215,1.1451563486465215,50-75%
10.5,6.976907577383822,-3.5230924226161777,3.5230924226161777,50-75%
11.5,7.347935287722237,-4.152064712277763,4.152064712277763,50-75%
11.5,7.394575612563735,-4.105424387436265,4.105424387436265,50-75%
11.0,7.2158394612262775,-3.7841605387737225,3.7841605387737225,50-75%
8.5,7.219482930646768,-1.2805170693532322,1.2805170693532322,50-75%
8.5,7.506373270672446,-0.9936267293275538,0.9936267293275538,50-75%
8.5,7.740041927273061,-0.7599580727269393,0.7599580727269393,50-75%
10.5,7.341834080987676,-3.1581659190123244,3.1581659190123244,50-75%
10.5,7.161956630951901,-3.3380433690480986,3.3380433690480986,50-75%
10.5,7.406113158640953,-3.093886841359047,3.093886841359047,50-75%
11.5,7.3571386116551745,-4.1428613883448255,4.1428613883448255,50-75%
11.0,7.307096245169829,-3.692903754830171,3.692903754830171,50-75%
8.5,7.401522573562205,-1.0984774264377952,1.0984774264377952,50-75%
8.5,7.689646123333285,-0.8103538766667153,0.8103538766667153,50-75%
8.5,7.899863961314934,-0.6001360386850658,0.6001360386850658,50-75%
8.5,8.18624777005935,-0.31375222994065055,0.31375222994065055,50-75%
10.25,7.3731437802379505,-2.8768562197620495,2.8768562197620495,50-75%
10.5,7.453078526107331,-3.0469214738926693,3.0469214738926693,50-75%
10.5,7.532152441051655,-2.9678475589483453,2.9678475589483453,50-75%
10.5,7.676608832908818,-2.8233911670911818,2.8233911670911818,50-75%
11.5,7.498631874748009,-4.001368125251991,4.001368125251991,50-75%
11.5,7.498631874748009,-4.001368125251991,4.001368125251991,50-75%
11.5,7.498631874748009,-4.001368125251991,4.001368125251991,50-75%
11.0,7.498631874748009,-3.5013681252519913,3.5013681252519913,50-75%
8.5,7.401522573562205,-1.0984774264377952,1.0984774264377952,50-75%
8.5,8.18624777005935,-0.31375222994065055,0.31375222994065055,50-75%
8.5,8.18624777005935,-0.31375222994065055,0.31375222994065055,50-75%
8.5,8.18624777005935,-0.31375222994065055,0.31375222994065055,50-75%
10.25,7.642578551080771,-2.6074214489192293,2.6074214489192293,50-75%
10.25,7.476771246130999,-2.7732287538690006,2.7732287538690006,50-75%
10.5,7.70258413134567,-2.79741586865433,2.79741586865433,50-75%
10.5,7.70258413134567,-2.79741586865433,2.79741586865433,50-75%
11.5,7.487110916426567,-4.012889083573433,4.012889083573433,50-75%
11.5,7.487110916426567,-4.012889083573433,4.012889083573433,50-75%
11.5,7.487110916426567,-4.012889083573433,4.012889083573433,50-75%
8.5,8.18624777005935,-0.31375222994065055,0.31375222994065055,50-75%
8.5,8.213748782486824,-0.2862512175131755,0.2862512175131755,50-75%
8.5,8.213748782486824,-0.2862512175131755,0.2862512175131755,50-75%
10.25,7.620289988590752,-2.629710011409248,2.629710011409248,50-75%
10.25,7.620289988590752,-2.629710011409248,2.629710011409248,50-75%
10.25,7.620289988590752,-2.629710011409248,2.629710011409248,50-75%
12.0,7.70258413134567,-4.29741586865433,4.29741586865433,50-75%
12.0,7.751205896711221,-4.248794103288779,4.248794103288779,50-75%
12.0,7.546258720805801,-4.453741279194199,4.453741279194199,50-75%
12.0,7.546258720805801,-4.453741279194199,4.453741279194199,50-75%
8.5,8.213748782486824,-0.2862512175131755,0.2862512175131755,50-75%
8.5,8.213748782486824,-0.2862512175131755,0.2862512175131755,50-75%
12.0,7.70258413134567,-4.29741586865433,4.29741586865433,50-75%
12.0,7.70258413134567,-4.29741586865433,4.29741586865433,50-75%
12.0,7.70258413134567,-4.29741586865433,4.29741586865433,50-75%
12.0,7.751205896711221,-4.248794103288779,4.248794103288779,50-75%
12.0,7.546258720805801,-4.453741279194199,4.453741279194199,50-75%
8.0,8.480864948055629,0.48086494805562907,0.48086494805562907,25-50%
8.0,8.480864948055629,0.48086494805562907,0.48086494805562907,25-50%
8.0,8.493734892963072,0.49373489296307227,0.49373489296307227,25-50%
8.0,8.480864948055629,0.48086494805562907,0.48086494805562907,25-50%
8.0,8.493734892963072,0.49373489296307227,0.49373489296307227,25-50%
8.0,8.480864948055629,0.48086494805562907,0.48086494805562907,25-50%
8.0,8.493734892963072,0.49373489296307227,0.49373489296307227,25-50%
8.0,8.493734892963072,0.49373489296307227,0.49373489296307227,25-50%
8.0,8.493734892963072,0.49373489296307227,0.49373489296307227,25-50%
8.0,8.493734892963072,0.49373489296307227,0.49373489296307227,25-50%
8.0,8.493734892963072,0.49373489296307227,0.49373489296307227,25-50%
8.0,8.493734892963072,0.49373489296307227,0.49373489296307227,25-50%
8.0,8.493734892963072,0.49373489296307227,0.49373489296307227,25-50%
8.0,8.480864948055629,0.48086494805562907,0.48086494805562907,25-50%
8.0,8.493734892963072,0.49373489296307227,0.49373489296307227,25-50%
8.0,8.493734892963072,0.49373489296307227,0.49373489296307227,25-50%
8.0,8.446025850236722,0.4460258502367225,0.4460258502367225,25-50%
8.0,8.446025850236722,0.4460258502367225,0.4460258502367225,25-50%
8.0,8.493734892963072,0.49373489296307227,0.49373489296307227,25-50%
8.0,8.493734892963072,0.49373489296307227,0.49373489296307227,25-50%
8.0,8.493734892963072,0.49373489296307227,0.49373489296307227,25-50%
8.0,8.446025850236722,0.4460258502367225,0.4460258502367225,25-50%
8.0,7.661288658610316,-0.3387113413896836,0.3387113413896836,25-50%
8.0,8.052058694658008,0.052058694658008164,0.052058694658008164,25-50%
8.0,8.459258958536516,0.4592589585365161,0.4592589585365161,25-50%
8.0,8.446435750069652,0.44643575006965186,0.44643575006965186,25-50%
5.5,7.614679477406053,2.114679477406053,2.114679477406053,25-50%
5.5,8.276167400916243,2.7761674009162434,2.7761674009162434,25-50%
8.0,8.446435750069652,0.44643575006965186,0.44643575006965186,25-50%
3.0,8.31230645265584,5.3123064526558395,5.3123064526558395,0-25%
3.0,8.346246792806062,5.3462467928060615,5.3462467928060615,0-25%
3.0,7.754946777127171,4.754946777127171,4.754946777127171,0-25%
3.0,7.799165386781559,4.799165386781559,4.799165386781559,0-25%
3.0,8.010260533125301,5.010260533125301,5.010260533125301,0-25%
5.5,8.261596029708677,2.7615960297086772,2.7615960297086772,25-50%
3.0,8.446435750069652,5.446435750069652,5.446435750069652,0-25%
3.0,8.433220580903054,5.433220580903054,5.433220580903054,0-25%
3.0,8.301946872269314,5.301946872269314,5.301946872269314,0-25%
3.0,7.6091861410675525,4.6091861410675525,4.6091861410675525,0-25%
3.0,7.7672117402659016,4.7672117402659016,4.7672117402659016,0-25%
3.0,7.799165386781559,4.799165386781559,4.799165386781559,0-25%
3.0,7.964981103101502,4.964981103101502,4.964981103101502,0-25%
3.0,7.747505308241522,4.747505308241522,4.747505308241522,0-25%
3.0,8.433220580903054,5.433220580903054,5.433220580903054,0-25%
3.0,8.502982285075937,5.502982285075937,5.502982285075937,0-25%
3.0,8.433220580903054,5.433220580903054,5.433220580903054,0-25%
3.0,8.276167400916243,5.276167400916243,5.276167400916243,0-25%
3.0,7.92293869618726,4.92293869618726,4.92293869618726,0-25%
3.0,7.9263010548688,4.9263010548688,4.9263010548688,0-25%
3.0,7.505964333843497,4.505964333843497,4.505964333843497,0-25%
3.0,7.459087460166748,4.459087460166748,4.459087460166748,0-25%
3.0,7.3857229770698085,4.3857229770698085,4.3857229770698085,0-25%
3.0,7.6091861410675525,4.6091861410675525,4.6091861410675525,0-25%
3.0,7.7672117402659016,4.7672117402659016,4.7672117402659016,0-25%
3.0,7.7672117402659016,4.7672117402659016,4.7672117402659016,0-25%
3.0,7.613002603728239,4.613002603728239,4.613002603728239,0-25%
3.0,8.052058694658008,5.052058694658008,5.052058694658008,0-25%
3.0,8.276167400916243,5.276167400916243,5.276167400916243,0-25%
3.0,8.433220580903054,5.433220580903054,5.433220580903054,0-25%
3.0,7.358324294447234,4.358324294447234,4.358324294447234,0-25%
3.0,7.358324294447234,4.358324294447234,4.358324294447234,0-25%
3.0,7.262482999882954,4.262482999882954,4.262482999882954,0-25%
3.0,7.838758860867397,4.838758860867397,4.838758860867397,0-25%
3.0,8.94285159487403,5.94285159487403,5.94285159487403,0-25%
3.0,8.94285159487403,5.94285159487403,5.94285159487403,0-25%
3.0,7.583272507720921,4.583272507720921,4.583272507720921,0-25%
3.0,8.131415013259588,5.131415013259588,5.131415013259588,0-25%
3.0,7.632650263700755,4.632650263700755,4.632650263700755,0-25%
3.0,7.127425525739685,4.127425525739685,4.127425525739685,0-25%
3.0,7.358324294447234,4.358324294447234,4.358324294447234,0-25%
3.0,7.6658096385992245,4.6658096385992245,4.6658096385992245,0-25%
3.0,7.826393806294485,4.826393806294485,4.826393806294485,0-25%
3.0,7.826393806294485,4.826393806294485,4.826393806294485,0-25%
3.0,8.640861416618398,5.640861416618398,5.640861416618398,0-25%
3.0,8.51343409740566,5.513434097405661,5.513434097405661,0-25%
3.0,7.583272507720921,4.583272507720921,4.583272507720921,0-25%
3.0,7.955297066913411,4.955297066913411,4.955297066913411,0-25%
3.0,7.569189543843555,4.569189543843555,4.569189543843555,0-25%
3.0,7.358324294447234,4.358324294447234,4.358324294447234,0-25%
3.0,7.8005588458284665,4.8005588458284665,4.8005588458284665,0-25%
3.0,8.768087589702999,5.768087589702999,5.768087589702999,0-25%
3.0,8.267264666334057,5.267264666334057,5.267264666334057,0-25%
3.0,8.267264666334057,5.267264666334057,5.267264666334057,0-25%
3.0,8.367069357665976,5.367069357665976,5.367069357665976,0-25%
3.0,8.522026866556876,5.522026866556876,5.522026866556876,0-25%
3.0,7.583272507720921,4.583272507720921,4.583272507720921,0-25%
3.0,7.444210904517971,4.444210904517971,4.444210904517971,0-25%
3.0,7.2879013425467445,4.2879013425467445,4.2879013425467445,0-25%
3.0,8.51343409740566,5.513434097405661,5.513434097405661,0-25%
3.0,8.267264666334057,5.267264666334057,5.267264666334057,0-25%
3.0,8.51343409740566,5.513434097405661,5.513434097405661,0-25%
3.0,8.522026866556876,5.522026866556876,5.522026866556876,0-25%
3.0,7.43396941922704,4.43396941922704,4.43396941922704,0-25%
3.0,7.286560167280621,4.286560167280621,4.286560167280621,0-25%
3.0,7.240226739054007,4.240226739054007,4.240226739054007,0-25%
3.0,7.2879013425467445,4.2879013425467445,4.2879013425467445,0-25%
3.0,8.51343409740566,5.513434097405661,5.513434097405661,0-25%
3.0,8.367069357665976,5.367069357665976,5.367069357665976,0-25%
3.0,8.51343409740566,5.513434097405661,5.513434097405661,0-25%
3.0,8.51343409740566,5.513434097405661,5.513434097405661,0-25%
3.0,8.51343409740566,5.513434097405661,5.513434097405661,0-25%
3.0,7.198268136110603,4.198268136110603,4.198268136110603,0-25%
3.0,7.152428383475141,4.152428383475141,4.152428383475141,0-25%
3.0,7.152428383475141,4.152428383475141,4.152428383475141,0-25%
3.0,8.232496556294835,5.232496556294835,5.232496556294835,0-25%
3.0,8.51343409740566,5.513434097405661,5.513434097405661,0-25%
3.0,8.280703997094026,5.280703997094026,5.280703997094026,0-25%
3.0,7.152428383475141,4.152428383475141,4.152428383475141,0-25%
3.0,8.232496556294835,5.232496556294835,5.232496556294835,0-25%
3.0,8.232496556294835,5.232496556294835,5.232496556294835,0-25%
3.0,8.267264666334057,5.267264666334057,5.267264666334057,0-25%
8.0,6.520938371718729,-1.4790616282812712,1.4790616282812712,25-50%
8.0,6.9701276473246665,-1.0298723526753335,1.0298723526753335,25-50%
8.0,6.9701276473246665,-1.0298723526753335,1.0298723526753335,25-50%
8.0,6.993987942078747,-1.0060120579212528,1.0060120579212528,25-50%
8.0,6.686192859196082,-1.3138071408039176,1.3138071408039176,25-50%
8.0,6.904815683582152,-1.095184316417848,1.095184316417848,25-50%
8.0,7.038650745699894,-0.9613492543001056,0.9613492543001056,25-50%
8.0,7.022163440541207,-0.977836559458793,0.977836559458793,25-50%
8.0,6.993987942078747,-1.0060120579212528,1.0060120579212528,25-50%
8.0,6.993987942078747,-1.0060120579212528,1.0060120579212528,25-50%
8.0,7.128212020325467,-0.8717879796745329,0.8717879796745329,25-50%
8.0,7.042511167799301,-0.9574888322006991,0.9574888322006991,25-50%
8.0,7.042511167799301,-0.9574888322006991,0.9574888322006991,25-50%
8.0,6.9775922405107424,-1.0224077594892576,1.0224077594892576,25-50%
8.0,7.042511167799301,-0.9574888322006991,0.9574888322006991,25-50%
8.0,7.042511167799301,-0.9574888322006991,0.9574888322006991,25-50%
8.0,6.9775922405107424,-1.0224077594892576,1.0224077594892576,25-50%
8.0,6.9775922405107424,-1.0224077594892576,1.0224077594892576,25-50%
8.0,7.260600050992326,-0.7393999490076739,0.7393999490076739,25-50%
8.0,7.042511167799301,-0.9574888322006991,0.9574888322006991,25-50%
8.0,7.170618039714789,-0.829381960285211,0.829381960285211,25-50%
8.0,7.042511167799301,-0.9574888322006991,0.9574888322006991,25-50%
8.0,7.022163440541207,-0.977836559458793,0.977836559458793,25-50%
8.0,6.9775922405107424,-1.0224077594892576,1.0224077594892576,25-50%
8.0,6.993987942078747,-1.0060120579212528,1.0060120579212528,25-50%
8.0,6.993987942078747,-1.0060120579212528,1.0060120579212528,25-50%
8.0,7.290707262025492,-0.7092927379745078,0.7092927379745078,25-50%
8.0,6.9775922405107424,-1.0224077594892576,1.0224077594892576,25-50%
8.0,7.022163440541207,-0.977836559458793,0.977836559458793,25-50%
8.0,7.038650745699894,-0.9613492543001056,0.9613492543001056,25-50%
8.0,6.993987942078747,-1.0060120579212528,1.0060120579212528,25-50%
8.0,6.993987942078747,-1.0060120579212528,1.0060120579212528,25-50%
8.0,6.993987942078747,-1.0060120579212528,1.0060120579212528,25-50%
8.0,6.9775922405107424,-1.0224077594892576,1.0224077594892576,25-50%
8.0,6.993987942078747,-1.0060120579212528,1.0060120579212528,25-50%
8.0,6.993987942078747,-1.0060120579212528,1.0060120579212528,25-50%
8.0,6.993987942078747,-1.0060120579212528,1.0060120579212528,25-50%
8.0,6.993987942078747,-1.0060120579212528,1.0060120579212528,25-50%
8.0,6.993987942078747,-1.0060120579212528,1.0060120579212528,25-50%
1.0,7.203772423631778,6.203772423631778,6.203772423631778,0-25%
1.0,7.203772423631778,6.203772423631778,6.203772423631778,0-25%
1.0,7.203772423631778,6.203772423631778,6.203772423631778,0-25%
1.0,7.1435831613218275,6.1435831613218275,6.1435831613218275,0-25%
1.0,7.132543515932837,6.132543515932837,6.132543515932837,0-25%
1.0,7.192651184170625,6.192651184170625,6.192651184170625,0-25%
1.0,7.197162179066756,6.197162179066756,6.197162179066756,0-25%
1.0,7.18604990061877,6.18604990061877,6.18604990061877,0-25%
1.0,7.1435831613218275,6.1435831613218275,6.1435831613218275,0-25%
1.0,7.1435831613218275,6.1435831613218275,6.1435831613218275,0-25%
1.0,7.345254252301204,6.345254252301204,6.345254252301204,0-25%
1.0,7.204665557040818,6.204665557040818,6.204665557040818,0-25%
1.0,7.18604990061877,6.18604990061877,6.18604990061877,0-25%
1.0,7.18604990061877,6.18604990061877,6.18604990061877,0-25%
1.0,7.192651184170625,6.192651184170625,6.192651184170625,0-25%
1.0,7.1764707289040155,6.1764707289040155,6.1764707289040155,0-25%
1.0,7.192651184170625,6.192651184170625,6.192651184170625,0-25%
1.0,7.132543515932837,6.132543515932837,6.132543515932837,0-25%
1.0,7.345254252301204,6.345254252301204,6.345254252301204,0-25%
1.0,7.356582645127615,6.356582645127615,6.356582645127615,0-25%
1.0,7.203772423631778,6.203772423631778,6.203772423631778,0-25%
1.0,7.203772423631778,6.203772423631778,6.203772423631778,0-25%
1.0,7.203772423631778,6.203772423631778,6.203772423631778,0-25%
1.0,7.18604990061877,6.18604990061877,6.18604990061877,0-25%
1.0,7.192651184170625,6.192651184170625,6.192651184170625,0-25%
1.0,7.356582645127615,6.356582645127615,6.356582645127615,0-25%
1.0,7.356582645127615,6.356582645127615,6.356582645127615,0-25%
1.0,7.192651184170625,6.192651184170625,6.192651184170625,0-25%
1.0,7.203772423631778,6.203772423631778,6.203772423631778,0-25%
1.0,7.203772423631778,6.203772423631778,6.203772423631778,0-25%
1.0,6.879075492261945,5.879075492261945,5.879075492261945,0-25%
1.0,6.821268459463525,5.821268459463525,5.821268459463525,0-25%
1.0,7.737323375382299,6.737323375382299,6.737323375382299,0-25%
1.0,7.749183988427183,6.749183988427183,6.749183988427183,0-25%
1.0,7.749183988427183,6.749183988427183,6.749183988427183,0-25%
1.0,7.749183988427183,6.749183988427183,6.749183988427183,0-25%
1.0,7.356582645127615,6.356582645127615,6.356582645127615,0-25%
1.0,7.356582645127615,6.356582645127615,6.356582645127615,0-25%
1.0,7.192651184170625,6.192651184170625,6.192651184170625,0-25%
1.0,6.821268459463525,5.821268459463525,5.821268459463525,0-25%
1.0,6.821268459463525,5.821268459463525,5.821268459463525,0-25%
1.0,6.821268459463525,5.821268459463525,5.821268459463525,0-25%
1.0,7.44154344595132,6.44154344595132,6.44154344595132,0-25%
1.0,7.430099878134431,6.430099878134431,6.430099878134431,0-25%
1.0,7.44154344595132,6.44154344595132,6.44154344595132,0-25%
1.0,7.44154344595132,6.44154344595132,6.44154344595132,0-25%
1.0,7.756239386947365,6.756239386947365,6.756239386947365,0-25%
1.0,7.756239386947365,6.756239386947365,6.756239386947365,0-25%
1.0,7.029444764038989,6.029444764038989,6.029444764038989,0-25%
2.0,7.008062919268334,5.008062919268334,5.008062919268334,0-25%
1.0,7.44154344595132,6.44154344595132,6.44154344595132,0-25%
1.0,7.44154344595132,6.44154344595132,6.44154344595132,0-25%
1.0,7.44154344595132,6.44154344595132,6.44154344595132,0-25%
1.0,7.44154344595132,6.44154344595132,6.44154344595132,0-25%
1.0,7.029444764038989,6.029444764038989,6.029444764038989,0-25%
3.0,6.968548739005039,3.9685487390050387,3.9685487390050387,0-25%
3.0,6.726680622638232,3.7266806226382316,3.7266806226382316,0-25%
2.0,6.995380672443124,4.995380672443124,4.995380672443124,0-25%
2.0,6.978982114379514,4.978982114379514,4.978982114379514,0-25%
1.0,7.271813528680403,6.271813528680403,6.271813528680403,0-25%
1.0,7.44154344595132,6.44154344595132,6.44154344595132,0-25%
1.0,6.906919501529919,5.906919501529919,5.906919501529919,0-25%
1.0,6.919461431533463,5.919461431533463,5.919461431533463,0-25%
3.0,6.968548739005039,3.9685487390050387,3.9685487390050387,0-25%
3.0,6.809893847071557,3.8098938470715566,3.8098938470715566,0-25%
2.0,6.858198731892651,4.858198731892651,4.858198731892651,0-25%
1.0,7.291191966301411,6.291191966301411,6.291191966301411,0-25%
1.0,6.573691014160519,5.573691014160519,5.573691014160519,0-25%
1.0,7.1302351811942195,6.1302351811942195,6.1302351811942195,0-25%
1.0,7.159867254510743,6.159867254510743,6.159867254510743,0-25%
3.0,6.726680622638232,3.7266806226382316,3.7266806226382316,0-25%
2.0,7.2016928807740825,5.2016928807740825,5.2016928807740825,0-25%
1.6666666666666667,7.213586925822437,5.54692025915577,5.54692025915577,0-25%
1.6666666666666667,7.24482423904205,5.578157572375383,5.578157572375383,0-25%
1.5,6.482884512706329,4.982884512706329,4.982884512706329,0-25%
1.0,6.441645892571963,5.441645892571963,5.441645892571963,0-25%
1.0,6.800898248345745,5.800898248345745,5.800898248345745,0-25%
1.0,6.983690837998883,5.983690837998883,5.983690837998883,0-25%
1.0,7.1302351811942195,6.1302351811942195,6.1302351811942195,0-25%
1.0,7.1302351811942195,6.1302351811942195,6.1302351811942195,0-25%
1.0,6.918468764234638,5.918468764234638,5.918468764234638,0-25%
1.0,6.918468764234638,5.918468764234638,5.918468764234638,0-25%
1.0,6.764308436727076,5.764308436727076,5.764308436727076,0-25%
1.0,7.1302351811942195,6.1302351811942195,6.1302351811942195,0-25%
1.0,8.200493019506943,7.200493019506943,7.200493019506943,0-25%
1.0,6.699721007710568,5.699721007710568,5.699721007710568,0-25%
1.0,6.854371117882708,5.854371117882708,5.854371117882708,0-25%
1.0,6.971149740174859,5.971149740174859,5.971149740174859,0-25%
1.0,7.118861321663877,6.118861321663877,6.118861321663877,0-25%
1.0,7.118861321663877,6.118861321663877,6.118861321663877,0-25%
1.0,8.212982369258377,7.212982369258377,7.212982369258377,0-25%
1.0,6.854371117882708,5.854371117882708,5.854371117882708,0-25%
1.0,6.971149740174859,5.971149740174859,5.971149740174859,0-25%
1.0,6.983690837998883,5.983690837998883,5.983690837998883,0-25%
1.0,6.748677968681084,5.748677968681084,5.748677968681084,0-25%
1.0,6.699721007710568,5.699721007710568,5.699721007710568,0-25%
1.0,6.90145493256351,5.90145493256351,5.90145493256351,0-25%
1.0,8.181834267130338,7.181834267130338,7.181834267130338,0-25%
1.0,6.404879620854999,5.404879620854999,5.404879620854999,0-25%
1.0,6.746846066444974,5.746846066444974,5.746846066444974,0-25%
1.0,6.890401127047996,5.890401127047996,5.890401127047996,0-25%
1.0,6.890401127047996,5.890401127047996,5.890401127047996,0-25%
1.0,8.194298288273417,7.194298288273417,7.194298288273417,0-25%
1.0,6.404879620854999,5.404879620854999,5.404879620854999,0-25%
1.0,6.746846066444974,5.746846066444974,5.746846066444974,0-25%
1.0,6.7590342648245985,5.7590342648245985,5.7590342648245985,0-25%
1.0,7.943626068690508,6.943626068690508,6.943626068690508,0-25%
1.0,7.590904770017931,6.590904770017931,6.590904770017931,0-25%
1.0,6.61714596533619,5.61714596533619,5.61714596533619,0-25%
1.0,6.263672072251123,5.263672072251123,5.263672072251123,0-25%
1.0,6.394328968181284,5.394328968181284,5.394328968181284,0-25%
1.0,7.870728569405203,6.870728569405203,6.870728569405203,0-25%
1.0,6.263672072251123,5.263672072251123,5.263672072251123,0-25%
1.0,6.341898881909517,5.341898881909517,5.341898881909517,0-25%
1.0,6.394328968181284,5.394328968181284,5.394328968181284,0-25%
1.0,7.870728569405203,6.870728569405203,6.870728569405203,0-25%
1.0,6.287437757225461,5.287437757225461,5.287437757225461,0-25%
1.0,6.263672072251123,5.263672072251123,5.263672072251123,0-25%
1.0,6.263672072251123,5.263672072251123,5.263672072251123,0-25%
2.0,10.348189555286567,8.348189555286567,8.348189555286567,0-25%
2.0,10.462465978460099,8.462465978460099,8.462465978460099,0-25%
2.0,10.462465978460099,8.462465978460099,8.462465978460099,0-25%
2.0,10.348189555286567,8.348189555286567,8.348189555286567,0-25%
2.0,10.447765172910039,8.447765172910039,8.447765172910039,0-25%
2.0,10.447546139808608,8.447546139808608,8.447546139808608,0-25%
2.0,11.173715314124573,9.173715314124573,9.173715314124573,0-25%
2.0,10.150245123130881,8.150245123130881,8.150245123130881,0-25%
2.0,10.462465978460099,8.462465978460099,8.462465978460099,0-25%
2.0,10.248083861141001,8.248083861141001,8.248083861141001,0-25%
2.0,10.348189555286567,8.348189555286567,8.348189555286567,0-25%
2.0,10.447765172910039,8.447765172910039,8.447765172910039,0-25%
2.0,10.447765172910039,8.447765172910039,8.447765172910039,0-25%
2.0,10.178124809410933,8.178124809410933,8.178124809410933,0-25%
2.0,10.376301429557385,8.376301429557385,8.376301429557385,0-25%
2.0,10.376301429557385,8.376301429557385,8.376301429557385,0-25%
2.0,10.733263642432604,8.733263642432604,8.733263642432604,0-25%
2.0,10.348189555286567,8.348189555286567,8.348189555286567,0-25%
2.0,11.033084599787228,9.033084599787228,9.033084599787228,0-25%
2.0,11.104226296677579,9.104226296677579,9.104226296677579,0-25%
2.0,11.208208071586952,9.208208071586952,9.208208071586952,0-25%
2.0,11.115000801699816,9.115000801699816,9.115000801699816,0-25%
2.0,10.404964553373627,8.404964553373627,8.404964553373627,0-25%
2.0,10.733263642432604,8.733263642432604,8.733263642432604,0-25%
2.0,11.063402519535636,9.063402519535636,9.063402519535636,0-25%
2.0,11.238967223117625,9.238967223117625,9.238967223117625,0-25%
2.0,11.238967223117625,9.238967223117625,9.238967223117625,0-25%
2.0,11.204387559538699,9.204387559538699,9.204387559538699,0-25%
2.0,11.760930261897634,9.760930261897634,9.760930261897634,0-25%
2.0,11.951220740301837,9.951220740301837,9.951220740301837,0-25%
2.0,11.238967223117625,9.238967223117625,9.238967223117625,0-25%
2.0,11.238967223117625,9.238967223117625,9.238967223117625,0-25%
2.0,11.951220740301837,9.951220740301837,9.951220740301837,0-25%
2.0,10.404964553373627,8.404964553373627,8.404964553373627,0-25%
5.0,11.34308544077083,6.34308544077083,6.34308544077083,0-25%
5.0,11.162055502721412,6.162055502721412,6.162055502721412,0-25%
5.0,11.312064617811881,6.312064617811881,6.312064617811881,0-25%
5.0,11.34308544077083,6.34308544077083,6.34308544077083,0-25%
5.0,11.308211604254494,6.308211604254494,6.308211604254494,0-25%
5.0,11.187357805291631,6.187357805291631,6.187357805291631,0-25%
5.0,11.308211604254494,6.308211604254494,6.308211604254494,0-25%
5.0,11.308211604254494,6.308211604254494,6.308211604254494,0-25%
5.0,11.176806885474248,6.176806885474248,6.176806885474248,0-25%
5.0,11.277278426731824,6.277278426731824,6.277278426731824,0-25%
5.0,11.20748692024706,6.20748692024706,6.20748692024706,0-25%
5.0,11.20748692024706,6.20748692024706,6.20748692024706,0-25%
5.0,11.176806885474248,6.176806885474248,6.176806885474248,0-25%
5.0,11.464017248464064,6.464017248464064,6.464017248464064,0-25%
5.0,10.85262376061457,5.85262376061457,5.85262376061457,0-25%
5.0,10.85262376061457,5.85262376061457,5.85262376061457,0-25%
5.0,11.266649660240706,6.266649660240706,6.266649660240706,0-25%
5.0,11.267652591760257,6.267652591760257,6.267652591760257,0-25%
5.0,11.20748692024706,6.20748692024706,6.20748692024706,0-25%
5.0,10.50881069059369,5.508810690593689,5.508810690593689,0-25%
5.0,11.29755605808882,6.297556058088819,6.297556058088819,0-25%
5.0,11.464017248464064,6.464017248464064,6.464017248464064,0-25%
5.0,10.85262376061457,5.85262376061457,5.85262376061457,0-25%
5.0,11.20748692024706,6.20748692024706,6.20748692024706,0-25%
3.0,8.179506483843808,5.179506483843808,5.179506483843808,0-25%
3.0,8.546961265786694,5.546961265786694,5.546961265786694,0-25%
3.0,8.559920934150007,5.559920934150007,5.559920934150007,0-25%
11.5,9.142277744550595,-2.3577222554494046,2.3577222554494046,50-75%
11.5,8.639331224144177,-2.8606687758558227,2.8606687758558227,50-75%
3.0,8.49360320507083,5.49360320507083,5.49360320507083,0-25%
11.5,8.65241628151806,-2.847583718481941,2.847583718481941,50-75%
11.5,8.632507595436403,-2.867492404563597,2.867492404563597,50-75%
11.5,8.382925202705025,-3.1170747972949755,3.1170747972949755,50-75%
11.5,8.255343470735678,-3.244656529264322,3.244656529264322,50-75%
11.5,8.632507595436403,-2.867492404563597,2.867492404563597,50-75%
11.5,8.639331224144177,-2.8606687758558227,2.8606687758558227,50-75%
11.5,8.191875099328879,-3.308124900671121,3.308124900671121,50-75%
11.5,8.255343470735678,-3.244656529264322,3.244656529264322,50-75%
11.5,8.43295870866625,-3.0670412913337497,3.0670412913337497,50-75%
11.5,8.43295870866625,-3.0670412913337497,3.0670412913337497,50-75%
20.0,9.858873065366176,-10.141126934633824,10.141126934633824,75-100%
20.0,10.390232943787012,-9.609767056212988,9.609767056212988,75-100%
20.0,9.153903692543143,-10.846096307456857,10.846096307456857,75-100%
20.0,9.153903692543143,-10.846096307456857,10.846096307456857,75-100%
20.0,9.153903692543143,-10.846096307456857,10.846096307456857,75-100%
20.0,9.293871768654057,-10.706128231345943,10.706128231345943,75-100%
20.0,9.153903692543143,-10.846096307456857,10.846096307456857,75-100%
20.0,9.153903692543143,-10.846096307456857,10.846096307456857,75-100%
20.0,9.841815517405625,-10.158184482594375,10.158184482594375,75-100%
20.0,9.153903692543143,-10.846096307456857,10.846096307456857,75-100%
20.0,9.153903692543143,-10.846096307456857,10.846096307456857,75-100%
20.0,9.153903692543143,-10.846096307456857,10.846096307456857,75-100%
20.0,9.293871768654057,-10.706128231345943,10.706128231345943,75-100%
1.0,9.923573955456146,8.923573955456146,8.923573955456146,0-25%
1.0,9.923573955456146,8.923573955456146,8.923573955456146,0-25%
1.0,9.923573955456146,8.923573955456146,8.923573955456146,0-25%
1.0,10.24913704544377,9.24913704544377,9.24913704544377,0-25%
1.0,10.04718770256109,9.04718770256109,9.04718770256109,0-25%
1.0,9.923573955456146,8.923573955456146,8.923573955456146,0-25%
1.0,9.951096411215591,8.951096411215591,8.951096411215591,0-25%
1.0,9.923573955456146,8.923573955456146,8.923573955456146,0-25%
1.0,9.923573955456146,8.923573955456146,8.923573955456146,0-25%
1.0,10.24913704544377,9.24913704544377,9.24913704544377,0-25%
1.0,10.04718770256109,9.04718770256109,9.04718770256109,0-25%
1.0,10.227107644693415,9.227107644693415,9.227107644693415,0-25%
1.0,10.227107644693415,9.227107644693415,9.227107644693415,0-25%
1.0,10.198891513462833,9.198891513462833,9.198891513462833,0-25%
1.0,10.297157103204576,9.297157103204576,9.297157103204576,0-25%
1.0,10.019212911229705,9.019212911229705,9.019212911229705,0-25%
1.0,11.02765035263695,10.02765035263695,10.02765035263695,0-25%
1.0,9.942726959111207,8.942726959111207,8.942726959111207,0-25%
1.0,10.227107644693415,9.227107644693415,9.227107644693415,0-25%
1.0,10.198891513462833,9.198891513462833,9.198891513462833,0-25%
1.0,10.198891513462833,9.198891513462833,9.198891513462833,0-25%
1.0,10.198891513462833,9.198891513462833,9.198891513462833,0-25%
1.0,10.297157103204576,9.297157103204576,9.297157103204576,0-25%
1.6666666666666667,10.297157103204576,8.63049043653791,8.63049043653791,0-25%
2.0,10.048589139119693,8.048589139119693,8.048589139119693,0-25%
4.333333333333333,10.32023559036106,5.986902257027727,5.986902257027727,0-25%
6.0,10.32023559036106,4.32023559036106,4.32023559036106,25-50%
6.0,10.67543858595901,4.675438585959011,4.675438585959011,25-50%
9.0,11.148042345946227,2.1480423459462266,2.1480423459462266,50-75%
1.0,10.244944078575276,9.244944078575276,9.244944078575276,0-25%
1.0,10.198891513462833,9.198891513462833,9.198891513462833,0-25%
1.0,10.198891513462833,9.198891513462833,9.198891513462833,0-25%
1.0,10.198891513462833,9.198891513462833,9.198891513462833,0-25%
1.0,10.954789438072366,9.954789438072366,9.954789438072366,0-25%
1.6666666666666667,11.025468240297887,9.35880157363122,9.35880157363122,0-25%
1.6666666666666667,11.148042345946227,9.48137567927956,9.48137567927956,0-25%
3.5,11.055294429552653,7.555294429552653,7.555294429552653,0-25%
6.0,10.348757453671794,4.348757453671794,4.348757453671794,25-50%
6.0,10.67543858595901,4.675438585959011,4.675438585959011,25-50%
6.0,11.178649907115638,5.178649907115638,5.178649907115638,25-50%
9.0,10.646818695719524,1.6468186957195243,1.6468186957195243,50-75%
9.0,10.622244598436772,1.6222445984367724,1.6222445984367724,50-75%
2.5,10.216683120558043,7.716683120558043,7.716683120558043,0-25%
2.0,10.315104824211737,8.315104824211737,8.315104824211737,0-25%
1.0,10.954789438072366,9.954789438072366,9.954789438072366,0-25%
1.0,10.984910089496939,9.984910089496939,9.984910089496939,0-25%
3.5,11.178649907115638,7.678649907115638,7.678649907115638,0-25%
3.6,11.178649907115638,7.578649907115638,7.578649907115638,0-25%
5.333333333333333,11.14424066253182,5.8109073291984865,5.8109073291984865,25-50%
6.0,11.581981933197723,5.5819819331977225,5.5819819331977225,25-50%
6.0,11.769603941327494,5.769603941327494,5.769603941327494,25-50%
6.0,11.769603941327494,5.769603941327494,5.769603941327494,25-50%
6.0,11.752293146253939,5.752293146253939,5.752293146253939,25-50%
9.0,11.752293146253939,2.7522931462539386,2.7522931462539386,50-75%
4.0,11.003950439260791,7.003950439260791,7.003950439260791,0-25%
2.5,10.806259730984497,8.306259730984497,8.306259730984497,0-25%
2.5,10.973781935350553,8.473781935350553,8.473781935350553,0-25%
2.5,10.973781935350553,8.473781935350553,8.473781935350553,0-25%
2.5,10.56964095349965,8.06964095349965,8.06964095349965,0-25%
4.25,11.178649907115638,6.928649907115638,6.928649907115638,0-25%
5.333333333333333,11.178649907115638,5.845316573782305,5.845316573782305,25-50%
5.333333333333333,11.769603941327494,6.436270607994161,6.436270607994161,25-50%
6.0,11.581981933197723,5.5819819331977225,5.5819819331977225,25-50%
6.0,11.752293146253939,5.752293146253939,5.752293146253939,25-50%
9.0,11.72024389650121,2.7202438965012092,2.7202438965012092,50-75%
4.0,11.044573024535694,7.044573024535694,7.044573024535694,0-25%
4.0,11.074919889907868,7.074919889907868,7.074919889907868,0-25%
4.0,10.973781935350553,6.973781935350553,6.973781935350553,0-25%
4.0,10.973781935350553,6.973781935350553,6.973781935350553,0-25%
2.5,10.189464270639757,7.689464270639757,7.689464270639757,0-25%
2.5,10.54056396254473,8.04056396254473,8.04056396254473,0-25%
2.5,10.704855399839207,8.204855399839207,8.204855399839207,0-25%
2.5,10.348757453671794,7.848757453671794,7.848757453671794,0-25%
2.6666666666666665,11.055294429552653,8.388627762885987,8.388627762885987,0-25%
2.6666666666666665,10.32023559036106,7.653568923694394,7.653568923694394,0-25%
5.333333333333333,10.348757453671794,5.015424120338461,5.015424120338461,25-50%
5.333333333333333,11.113719579179445,5.780386245846112,5.780386245846112,25-50%
5.333333333333333,10.704855399839207,5.371522066505874,5.371522066505874,25-50%
5.333333333333333,10.804661598104293,5.47132826477096,5.47132826477096,25-50%
5.333333333333333,11.550360712077987,6.217027378744654,6.217027378744654,25-50%
9.0,11.72024389650121,2.7202438965012092,2.7202438965012092,50-75%
9.0,11.752293146253939,2.7522931462539386,2.7522931462539386,50-75%
4.0,11.074919889907868,7.074919889907868,7.074919889907868,0-25%
4.0,11.044573024535694,7.044573024535694,7.044573024535694,0-25%
3.0,10.886084167556039,7.886084167556039,7.886084167556039,0-25%
4.0,11.14424066253182,7.1442406625318196,7.1442406625318196,0-25%
2.5,11.055294429552653,8.555294429552653,8.555294429552653,0-25%
3.0,10.348757453671794,7.348757453671794,7.348757453671794,0-25%
4.0,10.32023559036106,6.32023559036106,6.32023559036106,0-25%
3.5,10.704855399839207,7.204855399839207,7.204855399839207,0-25%
5.333333333333333,10.348757453671794,5.015424120338461,5.015424120338461,25-50%
5.333333333333333,10.32023559036106,4.986902257027727,4.986902257027727,25-50%
5.333333333333333,10.348757453671794,5.015424120338461,5.015424120338461,25-50%
5.333333333333333,11.581981933197723,6.2486485998643895,6.2486485998643895,25-50%
6.5,11.752293146253939,5.252293146253939,5.252293146253939,25-50%
9.0,11.752293146253939,2.7522931462539386,2.7522931462539386,50-75%
4.0,10.694468845756274,6.694468845756274,6.694468845756274,0-25%
4.0,10.71966871296036,6.71966871296036,6.71966871296036,0-25%
3.0,10.782329905196569,7.782329905196569,7.782329905196569,0-25%
3.0,10.782329905196569,7.782329905196569,7.782329905196569,0-25%
3.0,11.178649907115638,8.178649907115638,8.178649907115638,0-25%
2.6666666666666665,11.113719579179445,8.44705291251278,8.44705291251278,0-25%
2.6666666666666665,11.113719579179445,8.44705291251278,8.44705291251278,0-25%
2.0,10.268123361899129,8.268123361899129,8.268123361899129,0-25%
3.0,10.32023559036106,7.32023559036106,7.32023559036106,0-25%
3.0,10.32023559036106,7.32023559036106,7.32023559036106,0-25%
4.0,10.348757453671794,6.348757453671794,6.348757453671794,0-25%
4.0,10.348757453671794,6.348757453671794,6.348757453671794,0-25%
4.0,11.14424066253182,7.1442406625318196,7.1442406625318196,0-25%
4.0,11.752293146253939,7.752293146253939,7.752293146253939,0-25%
3.0,10.449600949584838,7.449600949584838,7.449600949584838,0-25%
2.6666666666666665,11.178649907115638,8.511983240448972,8.511983240448972,0-25%
2.6666666666666665,11.14424066253182,8.477573995865153,8.477573995865153,0-25%
2.6666666666666665,11.055294429552653,8.388627762885987,8.388627762885987,0-25%
2.0,10.62169119544509,8.62169119544509,8.62169119544509,0-25%
3.0,10.67543858595901,7.675438585959011,7.675438585959011,0-25%
3.0,10.348757453671794,7.348757453671794,7.348757453671794,0-25%
3.0,10.348757453671794,7.348757453671794,7.348757453671794,0-25%
3.0,11.055294429552653,8.055294429552653,8.055294429552653,0-25%
4.0,11.055294429552653,7.055294429552653,7.055294429552653,0-25%
4.0,11.14424066253182,7.1442406625318196,7.1442406625318196,0-25%
4.0,11.752293146253939,7.752293146253939,7.752293146253939,0-25%
2.0,11.092119343898798,9.092119343898798,9.092119343898798,0-25%
2.0,11.092119343898798,9.092119343898798,9.092119343898798,0-25%
2.0,10.969640319721929,8.969640319721929,8.969640319721929,0-25%
2.0,10.969640319721929,8.969640319721929,8.969640319721929,0-25%
2.0,10.93955804450621,8.93955804450621,8.93955804450621,0-25%
2.0,10.93955804450621,8.93955804450621,8.93955804450621,0-25%
3.0,10.348757453671794,7.348757453671794,7.348757453671794,0-25%
3.0,10.67543858595901,7.675438585959011,7.675438585959011,0-25%
4.0,11.113719579179445,7.113719579179445,7.113719579179445,0-25%
2.0,10.08519013674239,8.08519013674239,8.08519013674239,0-25%
2.0,9.819968368440623,7.819968368440623,7.819968368440623,0-25%
2.0,9.679012852679188,7.679012852679188,7.679012852679188,0-25%
2.0,11.092119343898798,9.092119343898798,9.092119343898798,0-25%
2.0,10.969640319721929,8.969640319721929,8.969640319721929,0-25%
2.0,10.969640319721929,8.969640319721929,8.969640319721929,0-25%
2.0,10.239804149367838,8.239804149367838,8.239804149367838,0-25%
2.0,10.969640319721929,8.969640319721929,8.969640319721929,0-25%
2.0,10.969640319721929,8.969640319721929,8.969640319721929,0-25%
2.0,10.268123361899129,8.268123361899129,8.268123361899129,0-25%
2.0,10.550388494285084,8.550388494285084,8.550388494285084,0-25%
2.0,10.887889888172046,8.887889888172046,8.887889888172046,0-25%
2.0,11.057954580545363,9.057954580545363,9.057954580545363,0-25%
2.0,10.969640319721929,8.969640319721929,8.969640319721929,0-25%
2.0,10.969640319721929,8.969640319721929,8.969640319721929,0-25%
2.0,10.239804149367838,8.239804149367838,8.239804149367838,0-25%
2.0,10.62169119544509,8.62169119544509,8.62169119544509,0-25%
2.0,10.592483391060407,8.592483391060407,8.592483391060407,0-25%
2.0,10.903368304744419,8.903368304744419,8.903368304744419,0-25%
2.0,11.178649907115638,9.178649907115638,9.178649907115638,0-25%
2.0,11.178649907115638,9.178649907115638,9.178649907115638,0-25%
2.0,10.969640319721929,8.969640319721929,8.969640319721929,0-25%
2.0,10.592483391060407,8.592483391060407,8.592483391060407,0-25%
2.0,10.239804149367838,8.239804149367838,8.239804149367838,0-25%
2.0,11.057954580545363,9.057954580545363,9.057954580545363,0-25%
6.0,8.966009855851844,2.966009855851844,2.966009855851844,25-50%
6.0,8.419438503470237,2.4194385034702375,2.4194385034702375,25-50%
6.0,7.596321638070299,1.5963216380702994,1.5963216380702994,25-50%
6.0,8.596679675142305,2.5966796751423047,2.5966796751423047,25-50%
6.0,9.845091165571983,3.845091165571983,3.845091165571983,25-50%
6.0,9.971439565845715,3.9714395658457153,3.9714395658457153,25-50%
6.0,7.596321638070299,1.5963216380702994,1.5963216380702994,25-50%
6.0,8.825233311620309,2.825233311620309,2.825233311620309,25-50%
6.0,9.878635927286002,3.878635927286002,3.878635927286002,25-50%
6.0,9.51839972570886,3.5183997257088606,3.5183997257088606,25-50%
6.0,7.522238001159934,1.5222380011599341,1.5222380011599341,25-50%
15.0,9.599248200330571,-5.400751799669429,5.400751799669429,50-75%
6.0,9.944931933075196,3.944931933075196,3.944931933075196,25-50%
6.0,8.973069736187322,2.9730697361873215,2.9730697361873215,25-50%
6.0,10.017487628802625,4.017487628802625,4.017487628802625,25-50%
10.5,8.713450496759133,-1.7865495032408667,1.7865495032408667,50-75%
15.0,10.012111809432238,-4.987888190567762,4.987888190567762,50-75%
15.0,9.665507420852467,-5.334492579147533,5.334492579147533,50-75%
15.0,8.895341113639063,-6.104658886360937,6.104658886360937,50-75%
7.0,9.155293379179898,2.1552933791798985,2.1552933791798985,25-50%
7.0,9.266319780410136,2.266319780410136,2.266319780410136,25-50%
7.0,8.840279676410908,1.8402796764109084,1.8402796764109084,25-50%
10.5,8.964194646542037,-1.5358053534579632,1.5358053534579632,50-75%
15.0,10.327203040543523,-4.672796959456477,4.672796959456477,50-75%
15.0,9.970152516007039,-5.029847483992961,5.029847483992961,50-75%
15.0,9.306478026069012,-5.693521973930988,5.693521973930988,50-75%
7.0,9.059090341650865,2.0590903416508652,2.0590903416508652,25-50%
7.0,9.129770947246376,2.129770947246376,2.129770947246376,25-50%
7.0,9.083372149868245,2.0833721498682447,2.0833721498682447,25-50%
6.0,7.445289221081183,1.4452892210811834,1.4452892210811834,25-50%
10.5,8.7680441921318,-1.7319558078682,1.7319558078682,50-75%
10.5,8.939152486739928,-1.5608475132600717,1.5608475132600717,50-75%
10.5,9.412676834192204,-1.0873231658077955,1.0873231658077955,50-75%
15.0,10.327203040543523,-4.672796959456477,4.672796959456477,50-75%
15.0,10.298735348099289,-4.701264651900711,4.701264651900711,50-75%
15.0,10.298735348099289,-4.701264651900711,4.701264651900711,50-75%
15.0,10.327203040543523,-4.672796959456477,4.672796959456477,50-75%
8.0,9.463381412004097,1.4633814120040967,1.4633814120040967,25-50%
8.0,9.519494109729004,1.5194941097290044,1.5194941097290044,25-50%
8.0,8.106673312073685,0.10667331207368491,0.10667331207368491,25-50%
8.0,7.992964759396217,-0.007035240603783244,0.007035240603783244,25-50%
8.0,7.992964759396217,-0.007035240603783244,0.007035240603783244,25-50%
15.0,8.594917230205667,-6.405082769794333,6.405082769794333,50-75%
15.0,9.342654650920208,-5.657345349079792,5.657345349079792,50-75%
15.0,10.238466050483993,-4.761533949516007,4.761533949516007,50-75%
15.0,10.327203040543523,-4.672796959456477,4.672796959456477,50-75%
15.0,10.327203040543523,-4.672796959456477,4.672796959456477,50-75%
15.0,10.298735348099289,-4.701264651900711,4.701264651900711,50-75%
15.0,10.327203040543523,-4.672796959456477,4.672796959456477,50-75%
15.0,10.298735348099289,-4.701264651900711,4.701264651900711,50-75%
8.0,8.696090613735246,0.6960906137352456,0.6960906137352456,25-50%
8.0,8.416229408585446,0.4162294085854459,0.4162294085854459,25-50%
8.0,8.487339396167156,0.4873393961671564,0.4873393961671564,25-50%
8.0,8.487339396167156,0.4873393961671564,0.4873393961671564,25-50%
8.0,8.093718638295288,0.0937186382952877,0.0937186382952877,25-50%
15.0,8.987335521424734,-6.012664478575266,6.012664478575266,50-75%
15.0,8.935780570988927,-6.064219429011073,6.064219429011073,50-75%
15.0,9.430328754751908,-5.569671245248092,5.569671245248092,50-75%
15.0,10.012111809432238,-4.987888190567762,4.987888190567762,50-75%
15.0,10.238466050483993,-4.761533949516007,4.761533949516007,50-75%
8.0,8.772649273301624,0.7726492733016244,0.7726492733016244,25-50%
8.0,8.797271920465805,0.7972719204658052,0.7972719204658052,25-50%
8.0,8.487339396167156,0.4873393961671564,0.4873393961671564,25-50%
8.0,8.487339396167156,0.4873393961671564,0.4873393961671564,25-50%
8.0,7.992964759396217,-0.007035240603783244,0.007035240603783244,25-50%
15.0,9.249215157129195,-5.7507848428708055,5.7507848428708055,50-75%
8.0,8.487339396167156,0.4873393961671564,0.4873393961671564,25-50%
8.0,8.23834325923629,0.23834325923628974,0.23834325923628974,25-50%
3.0,9.606045388083142,6.6060453880831425,6.6060453880831425,0-25%
3.0,8.38506095366957,5.385060953669569,5.385060953669569,0-25%
3.0,8.47200426299259,5.47200426299259,5.47200426299259,0-25%
3.0,8.47200426299259,5.47200426299259,5.47200426299259,0-25%
3.0,8.36147428113945,5.361474281139451,5.361474281139451,0-25%
3.0,8.148890423790842,5.148890423790842,5.148890423790842,0-25%
3.0,9.772498030109748,6.772498030109748,6.772498030109748,0-25%
3.0,9.86684898763865,6.866848987638649,6.866848987638649,0-25%
3.0,8.542011892053715,5.542011892053715,5.542011892053715,0-25%
3.0,8.660538880009057,5.660538880009057,5.660538880009057,0-25%
3.0,8.542011892053715,5.542011892053715,5.542011892053715,0-25%
3.0,8.47200426299259,5.47200426299259,5.47200426299259,0-25%
3.0,10.001832562763198,7.001832562763198,7.001832562763198,0-25%
3.0,9.840184172725616,6.840184172725616,6.840184172725616,0-25%
2.5,8.548268969792618,6.048268969792618,6.048268969792618,0-25%
2.5,8.485084321809422,5.985084321809422,5.985084321809422,0-25%
2.5,8.381643848410027,5.881643848410027,5.881643848410027,0-25%
2.5,8.381643848410027,5.881643848410027,5.881643848410027,0-25%
3.0,8.397800847981795,5.397800847981795,5.397800847981795,0-25%
3.0,9.10788464778713,6.107884647787129,6.107884647787129,0-25%
2.5,8.368710019181963,5.868710019181963,5.868710019181963,0-25%
2.5,8.29997386760052,5.799973867600521,5.799973867600521,0-25%
2.5,8.143861647867167,5.643861647867167,5.643861647867167,0-25%
2.5,8.094286951360791,5.594286951360791,5.594286951360791,0-25%
2.5,8.007339960949333,5.5073399609493325,5.5073399609493325,0-25%
3.0,8.711485271712762,5.711485271712762,5.711485271712762,0-25%
2.5,8.227118133869139,5.727118133869139,5.727118133869139,0-25%
2.5,7.305982124292271,4.805982124292271,4.805982124292271,0-25%
2.5,7.44854995643613,4.94854995643613,4.94854995643613,0-25%
2.5,8.045477421392341,5.5454774213923415,5.5454774213923415,0-25%
2.0,7.994922158831019,5.994922158831019,5.994922158831019,0-25%
2.0,8.143861647867167,6.143861647867167,6.143861647867167,0-25%
2.5,8.107341715502956,5.607341715502956,5.607341715502956,0-25%
2.5,7.506331713546827,5.006331713546827,5.006331713546827,0-25%
2.0,8.227118133869139,6.227118133869139,6.227118133869139,0-25%
2.0,8.227118133869139,6.227118133869139,6.227118133869139,0-25%
2.0,8.368710019181963,6.368710019181963,6.368710019181963,0-25%
2.0,7.193043828160683,5.193043828160683,5.193043828160683,0-25%
3.0,8.537572043975619,5.537572043975619,5.537572043975619,0-25%
3.0,8.198901336408255,5.198901336408255,5.198901336408255,0-25%
2.5,9.626379510809123,7.126379510809123,7.126379510809123,0-25%
4.0,10.549713172629172,6.549713172629172,6.549713172629172,0-25%
4.0,10.549713172629172,6.549713172629172,6.549713172629172,0-25%
4.0,10.953158053973631,6.953158053973631,6.953158053973631,0-25%
4.0,11.14548163393304,7.14548163393304,7.14548163393304,0-25%
4.0,10.953158053973631,6.953158053973631,6.953158053973631,0-25%
3.0,8.537572043975619,5.537572043975619,5.537572043975619,0-25%
2.5,8.981835328223712,6.481835328223712,6.481835328223712,0-25%
2.5,8.981835328223712,6.481835328223712,6.481835328223712,0-25%
2.5,9.561202579665903,7.061202579665903,7.061202579665903,0-25%
4.0,10.895507301597256,6.895507301597256,6.895507301597256,0-25%
4.0,10.214686732581573,6.214686732581573,6.214686732581573,0-25%
4.0,10.983274595049625,6.983274595049625,6.983274595049625,0-25%
4.0,11.11495743175318,7.114957431753179,7.114957431753179,0-25%
4.0,10.320862991132898,6.320862991132898,6.320862991132898,0-25%
3.0,8.449898940701797,5.449898940701797,5.449898940701797,0-25%
2.5,8.981835328223712,6.481835328223712,6.481835328223712,0-25%
2.5,8.981835328223712,6.481835328223712,6.481835328223712,0-25%
2.5,9.254195761520307,6.754195761520307,6.754195761520307,0-25%
2.5,9.496002440551383,6.996002440551383,6.996002440551383,0-25%
2.0,9.301774313057527,7.3017743130575266,7.3017743130575266,0-25%
4.0,10.9964664109504,6.996466410950401,6.996466410950401,0-25%
4.0,10.549713172629172,6.549713172629172,6.549713172629172,0-25%
4.0,10.895507301597256,6.895507301597256,6.895507301597256,0-25%
4.0,10.895507301597256,6.895507301597256,6.895507301597256,0-25%
4.0,10.320862991132898,6.320862991132898,6.320862991132898,0-25%
4.0,10.349386435209238,6.349386435209238,6.349386435209238,0-25%
3.0,8.175782522952506,5.175782522952506,5.175782522952506,0-25%
3.0,8.198901336408255,5.198901336408255,5.198901336408255,0-25%
2.5,8.956748833602244,6.456748833602244,6.456748833602244,0-25%
2.5,9.228424766672148,6.728424766672148,6.728424766672148,0-25%
2.5,9.469623733618873,6.969623733618873,6.969623733618873,0-25%
2.5,9.418995594008393,6.918995594008393,6.918995594008393,0-25%
2.5,9.418995594008393,6.918995594008393,6.918995594008393,0-25%
2.0,10.290351700718919,8.290351700718919,8.290351700718919,0-25%
2.0,10.207516889488826,8.207516889488826,8.207516889488826,0-25%
2.0,9.986890977544547,7.986890977544547,7.986890977544547,0-25%
4.0,10.983274595049625,6.983274595049625,6.983274595049625,0-25%
4.0,10.983274595049625,6.983274595049625,6.983274595049625,0-25%
4.0,10.983274595049625,6.983274595049625,6.983274595049625,0-25%
4.0,10.242942660605877,6.242942660605877,6.242942660605877,0-25%
4.0,10.201563503277722,6.201563503277722,6.201563503277722,0-25%
3.0,8.198901336408255,5.198901336408255,5.198901336408255,0-25%
3.0,8.198901336408255,5.198901336408255,5.198901336408255,0-25%
2.5,8.956748833602244,6.456748833602244,6.456748833602244,0-25%
2.5,8.956748833602244,6.456748833602244,6.456748833602244,0-25%
2.5,9.53466001078963,7.034660010789629,7.034660010789629,0-25%
2.5,9.418995594008393,6.918995594008393,6.918995594008393,0-25%
4.0,10.908450992394755,6.908450992394755,6.908450992394755,0-25%
4.0,10.908450992394755,6.908450992394755,6.908450992394755,0-25%
3.0,8.175782522952506,5.175782522952506,5.175782522952506,0-25%
3.0,8.175782522952506,5.175782522952506,5.175782522952506,0-25%
2.5,8.956748833602244,6.456748833602244,6.456748833602244,0-25%
2.5,9.228424766672148,6.728424766672148,6.728424766672148,0-25%
2.5,9.53466001078963,7.034660010789629,7.034660010789629,0-25%
2.0,10.360486259633907,8.360486259633907,8.360486259633907,0-25%
2.0,10.207516889488826,8.207516889488826,8.207516889488826,0-25%
4.0,10.26709183605929,6.26709183605929,6.26709183605929,0-25%
4.0,10.349386435209238,6.349386435209238,6.349386435209238,0-25%
3.0,7.798426413716981,4.798426413716981,4.798426413716981,0-25%
3.0,7.9365996844260245,4.9365996844260245,4.9365996844260245,0-25%
3.0,7.627986781538064,4.627986781538064,4.627986781538064,0-25%
3.0,7.691756273334658,4.691756273334658,4.691756273334658,0-25%
3.0,7.691756273334658,4.691756273334658,4.691756273334658,0-25%
3.0,7.8205944607967846,4.8205944607967846,4.8205944607967846,0-25%
3.0,7.483154743569826,4.483154743569826,4.483154743569826,0-25%
3.0,7.606302798896402,4.606302798896402,4.606302798896402,0-25%
3.0,7.669912024273007,4.669912024273007,4.669912024273007,0-25%
3.0,7.799721732063359,4.799721732063359,4.799721732063359,0-25%
3.0,7.691756273334658,4.691756273334658,4.691756273334658,0-25%
3.0,7.245442779132413,4.245442779132413,4.245442779132413,0-25%
3.0,7.8205944607967846,4.8205944607967846,4.8205944607967846,0-25%
3.0,7.560395375740296,4.560395375740296,4.560395375740296,0-25%
3.0,7.627986781538064,4.627986781538064,4.627986781538064,0-25%
3.0,7.669912024273007,4.669912024273007,4.669912024273007,0-25%
3.0,7.691756273334658,4.691756273334658,4.691756273334658,0-25%
3.0,7.691756273334658,4.691756273334658,4.691756273334658,0-25%
3.0,7.691756273334658,4.691756273334658,4.691756273334658,0-25%
3.0,7.771296071321187,4.771296071321187,4.771296071321187,0-25%
3.0,7.560395375740296,4.560395375740296,4.560395375740296,0-25%
3.0,7.627986781538064,4.627986781538064,4.627986781538064,0-25%
3.0,7.669912024273007,4.669912024273007,4.669912024273007,0-25%
3.0,7.691756273334658,4.691756273334658,4.691756273334658,0-25%
3.0,7.627986781538064,4.627986781538064,4.627986781538064,0-25%
3.0,7.560395375740296,4.560395375740296,4.560395375740296,0-25%
3.0,7.440155900771191,4.440155900771191,4.440155900771191,0-25%
3.0,7.560395375740296,4.560395375740296,4.560395375740296,0-25%
3.0,7.627986781538064,4.627986781538064,4.627986781538064,0-25%
3.0,7.669912024273007,4.669912024273007,4.669912024273007,0-25%
3.0,7.627986781538064,4.627986781538064,4.627986781538064,0-25%
3.0,7.487593142593575,4.487593142593575,4.487593142593575,0-25%
3.0,7.461834754925463,4.461834754925463,4.461834754925463,0-25%
3.0,7.560395375740296,4.560395375740296,4.560395375740296,0-25%
3.0,7.627986781538064,4.627986781538064,4.627986781538064,0-25%
3.0,7.627986781538064,4.627986781538064,4.627986781538064,0-25%
3.0,7.53888126480882,4.53888126480882,4.53888126480882,0-25%
4.0,7.296198873551693,3.2961988735516927,3.2961988735516927,0-25%
4.0,7.099579145702468,3.099579145702468,3.099579145702468,0-25%
4.0,7.824453809075715,3.824453809075715,3.824453809075715,0-25%
4.0,7.952646220983739,3.9526462209837394,3.9526462209837394,0-25%
4.0,8.090026282512905,4.0900262825129055,4.0900262825129055,0-25%
4.0,7.880290362769454,3.880290362769454,3.880290362769454,0-25%
4.0,7.679233653903516,3.679233653903516,3.679233653903516,0-25%
4.0,7.099579145702468,3.099579145702468,3.099579145702468,0-25%
4.0,7.384995842727478,3.384995842727478,3.384995842727478,0-25%
6.0,8.111008604298144,2.111008604298144,2.111008604298144,25-50%
4.0,8.090026282512905,4.0900262825129055,4.0900262825129055,0-25%
6.0,7.093845498886695,1.0938454988866946,1.0938454988866946,25-50%
6.0,7.352938663305604,1.3529386633056042,1.3529386633056042,25-50%
6.0,7.880290362769454,1.880290362769454,1.880290362769454,25-50%
6.0,8.009203546834536,2.009203546834536,2.009203546834536,25-50%
6.0,8.075790613576807,2.0757906135768067,2.0757906135768067,25-50%
6.0,8.251472054401948,2.2514720544019475,2.2514720544019475,25-50%
6.0,6.783126587809201,0.7831265878092006,0.7831265878092006,25-50%
6.0,6.8904143155255255,0.8904143155255255,0.8904143155255255,25-50%
6.0,7.687433354510728,1.6874333545107278,1.6874333545107278,25-50%
6.0,8.009203546834536,2.009203546834536,2.009203546834536,25-50%
6.0,8.047442600764176,2.0474426007641764,2.0474426007641764,25-50%
6.0,8.075790613576807,2.0757906135768067,2.0757906135768067,25-50%
8.0,8.075790613576807,0.07579061357680672,0.07579061357680672,25-50%
6.0,7.701101389247235,1.7011013892472349,1.7011013892472349,25-50%
6.0,7.844823115351233,1.8448231153512333,1.8448231153512333,25-50%
6.0,8.009203546834536,2.009203546834536,2.009203546834536,25-50%
6.0,8.047442600764176,2.0474426007641764,2.0474426007641764,25-50%
8.0,8.188526390571221,0.18852639057122111,0.18852639057122111,25-50%
8.0,8.075790613576807,0.07579061357680672,0.07579061357680672,25-50%
6.0,7.099579145702468,1.0995791457024682,1.0995791457024682,25-50%
6.0,7.701101389247235,1.7011013892472349,1.7011013892472349,25-50%
6.0,7.973311431182248,1.973311431182248,1.973311431182248,25-50%
6.0,8.009203546834536,2.009203546834536,2.009203546834536,25-50%
8.0,8.047442600764176,0.04744260076417639,0.04744260076417639,25-50%
8.0,8.211677312797796,0.21167731279779645,0.21167731279779645,25-50%
8.0,8.075790613576807,0.07579061357680672,0.07579061357680672,25-50%
8.0,6.8904143155255255,-1.1095856844744745,1.1095856844744745,25-50%
8.0,8.009203546834536,0.00920354683453617,0.00920354683453617,25-50%
8.0,8.075790613576807,0.07579061357680672,0.07579061357680672,25-50%
8.0,8.09865749273767,0.09865749273767044,0.09865749273767044,25-50%
8.0,8.075790613576807,0.07579061357680672,0.07579061357680672,25-50%
8.0,8.075790613576807,0.07579061357680672,0.07579061357680672,25-50%
2.0,8.534732779900095,6.534732779900095,6.534732779900095,0-25%
2.0,8.854790774917362,6.854790774917362,6.854790774917362,0-25%
2.0,8.826947302226817,6.826947302226817,6.826947302226817,0-25%
2.0,8.87962038143875,6.87962038143875,6.87962038143875,0-25%
2.0,8.8517067558158,6.851706755815799,6.851706755815799,0-25%
2.0,8.826947302226817,6.826947302226817,6.826947302226817,0-25%
2.0,8.8517067558158,6.851706755815799,6.851706755815799,0-25%
2.0,8.8517067558158,6.851706755815799,6.851706755815799,0-25%
2.0,9.294990307835057,7.294990307835057,7.294990307835057,0-25%
2.0,9.320929017679173,7.320929017679173,7.320929017679173,0-25%
2.0,8.826947302226817,6.826947302226817,6.826947302226817,0-25%
2.0,9.320929017679173,7.320929017679173,7.320929017679173,0-25%
2.0,9.320929017679173,7.320929017679173,7.320929017679173,0-25%
2.0,9.294990307835057,7.294990307835057,7.294990307835057,0-25%
2.0,9.320929017679173,7.320929017679173,7.320929017679173,0-25%
2.0,9.332290836558167,7.332290836558167,7.332290836558167,0-25%
2.0,9.226054989836802,7.226054989836802,7.226054989836802,0-25%
2.0,9.226054989836802,7.226054989836802,7.226054989836802,0-25%
2.0,9.294990307835057,7.294990307835057,7.294990307835057,0-25%
2.0,9.460634347904623,7.460634347904623,7.460634347904623,0-25%
2.0,9.084316594448605,7.084316594448605,7.084316594448605,0-25%
2.0,9.320929017679173,7.320929017679173,7.320929017679173,0-25%
2.0,8.929424350809763,6.929424350809763,6.929424350809763,0-25%
2.0,9.320929017679173,7.320929017679173,7.320929017679173,0-25%
2.0,9.43434452858013,7.43434452858013,7.43434452858013,0-25%
2.0,9.332290836558167,7.332290836558167,7.332290836558167,0-25%
2.0,9.226054989836802,7.226054989836802,7.226054989836802,0-25%
2.0,9.320929017679173,7.320929017679173,7.320929017679173,0-25%
2.0,9.320929017679173,7.320929017679173,7.320929017679173,0-25%
4.0,6.874289920568732,2.8742899205687316,2.8742899205687316,0-25%
4.0,6.874289920568732,2.8742899205687316,2.8742899205687316,0-25%
4.0,6.874289920568732,2.8742899205687316,2.8742899205687316,0-25%
4.0,6.874289920568732,2.8742899205687316,2.8742899205687316,0-25%
4.0,8.281995067278128,4.281995067278128,4.281995067278128,0-25%
4.0,8.281995067278128,4.281995067278128,4.281995067278128,0-25%
4.0,8.281995067278128,4.281995067278128,4.281995067278128,0-25%
2.0,8.281995067278128,6.281995067278128,6.281995067278128,0-25%
2.0,8.339627277357936,6.339627277357936,6.339627277357936,0-25%
2.0,8.281995067278128,6.281995067278128,6.281995067278128,0-25%
2.0,8.281995067278128,6.281995067278128,6.281995067278128,0-25%
2.0,8.281995067278128,6.281995067278128,6.281995067278128,0-25%
2.0,8.281995067278128,6.281995067278128,6.281995067278128,0-25%
2.0,8.339627277357936,6.339627277357936,6.339627277357936,0-25%
2.0,8.281995067278128,6.281995067278128,6.281995067278128,0-25%
2.0,8.281995067278128,6.281995067278128,6.281995067278128,0-25%
2.0,8.281995067278128,6.281995067278128,6.281995067278128,0-25%
2.0,8.281995067278128,6.281995067278128,6.281995067278128,0-25%
2.0,8.281995067278128,6.281995067278128,6.281995067278128,0-25%
2.0,8.281995067278128,6.281995067278128,6.281995067278128,0-25%
2.0,8.281995067278128,6.281995067278128,6.281995067278128,0-25%
2.0,8.281995067278128,6.281995067278128,6.281995067278128,0-25%
2.0,8.281995067278128,6.281995067278128,6.281995067278128,0-25%
2.0,8.281995067278128,6.281995067278128,6.281995067278128,0-25%
2.0,8.281995067278128,6.281995067278128,6.281995067278128,0-25%
2.0,8.281995067278128,6.281995067278128,6.281995067278128,0-25%
2.0,7.070979246465626,5.070979246465626,5.070979246465626,0-25%
2.0,8.281995067278128,6.281995067278128,6.281995067278128,0-25%
2.0,8.281995067278128,6.281995067278128,6.281995067278128,0-25%
2.0,8.281995067278128,6.281995067278128,6.281995067278128,0-25%
7.0,7.726370241757507,0.7263702417575066,0.7263702417575066,25-50%
7.0,7.714540555599258,0.7145405555992577,0.7145405555992577,25-50%
7.0,7.714540555599258,0.7145405555992577,0.7145405555992577,25-50%
7.0,7.7613624997587145,0.7613624997587145,0.7613624997587145,25-50%
7.0,7.714540555599258,0.7145405555992577,0.7145405555992577,25-50%
7.0,7.793294827687678,0.7932948276876779,0.7932948276876779,25-50%
7.0,7.781374416883798,0.7813744168837982,0.7813744168837982,25-50%
7.0,7.80889740357034,0.8088974035703398,0.8088974035703398,25-50%
7.0,8.08987681392374,1.0898768139237394,1.0898768139237394,25-50%
7.0,7.843826943671003,0.8438269436710026,0.8438269436710026,25-50%
7.0,7.781374416883798,0.7813744168837982,0.7813744168837982,25-50%
7.0,7.781374416883798,0.7813744168837982,0.7813744168837982,25-50%
7.0,7.793294827687678,0.7932948276876779,0.7932948276876779,25-50%
7.0,7.924071159075132,0.9240711590751323,0.9240711590751323,25-50%
4.5,7.924071159075132,3.4240711590751323,3.4240711590751323,0-25%
4.5,7.842157315113348,3.342157315113348,3.342157315113348,0-25%
4.5,7.854160236590655,3.354160236590655,3.354160236590655,0-25%
7.0,8.08987681392374,1.0898768139237394,1.0898768139237394,25-50%
7.0,8.102216006017667,1.1022160060176667,1.1022160060176667,25-50%
4.5,7.924071159075132,3.4240711590751323,3.4240711590751323,0-25%
4.5,7.924071159075132,3.4240711590751323,3.4240711590751323,0-25%
4.5,7.854160236590655,3.354160236590655,3.354160236590655,0-25%
4.5,8.120002174465977,3.620002174465977,3.620002174465977,0-25%
7.0,8.181930137786779,1.1819301377867788,1.1819301377867788,25-50%
2.0,7.911973464599534,5.911973464599534,5.911973464599534,0-25%
4.5,7.924071159075132,3.4240711590751323,3.4240711590751323,0-25%
4.5,7.924071159075132,3.4240711590751323,3.4240711590751323,0-25%
4.5,7.924071159075132,3.4240711590751323,3.4240711590751323,0-25%
4.5,7.8929702274227616,3.3929702274227616,3.3929702274227616,0-25%
4.5,8.153241627822224,3.653241627822224,3.653241627822224,0-25%
4.5,8.153241627822224,3.653241627822224,3.653241627822224,0-25%
2.0,7.8929702274227616,5.8929702274227616,5.8929702274227616,0-25%
2.0,7.8929702274227616,5.8929702274227616,5.8929702274227616,0-25%
2.0,7.8929702274227616,5.8929702274227616,5.8929702274227616,0-25%
2.0,7.8929702274227616,5.8929702274227616,5.8929702274227616,0-25%
4.5,7.8929702274227616,3.3929702274227616,3.3929702274227616,0-25%
2.0,8.22551404540056,6.22551404540056,6.22551404540056,0-25%
2.0,7.911973464599534,5.911973464599534,5.911973464599534,0-25%
2.0,7.911973464599534,5.911973464599534,5.911973464599534,0-25%
2.0,8.05669151517956,6.05669151517956,6.05669151517956,0-25%
2.0,8.05669151517956,6.05669151517956,6.05669151517956,0-25%
2.0,8.108737283579048,6.108737283579048,6.108737283579048,0-25%
2.0,8.108737283579048,6.108737283579048,6.108737283579048,0-25%
2.0,8.108737283579048,6.108737283579048,6.108737283579048,0-25%
2.0,8.22551404540056,6.22551404540056,6.22551404540056,0-25%
2.0,8.06898565938293,6.06898565938293,6.06898565938293,0-25%
2.0,8.05669151517956,6.05669151517956,6.05669151517956,0-25%
2.0,8.06898565938293,6.06898565938293,6.06898565938293,0-25%
2.0,8.05669151517956,6.05669151517956,6.05669151517956,0-25%
2.0,8.121102078105531,6.121102078105531,6.121102078105531,0-25%
2.0,7.936085702311941,5.936085702311941,5.936085702311941,0-25%
6.0,8.00509906212621,2.0050990621262095,2.0050990621262095,25-50%
1.0,6.809585981593715,5.809585981593715,5.809585981593715,0-25%
6.0,7.9071600801189845,1.9071600801189845,1.9071600801189845,25-50%
6.0,8.00509906212621,2.0050990621262095,2.0050990621262095,25-50%
1.0,6.96843641541507,5.96843641541507,5.96843641541507,0-25%
1.0,6.701798897059881,5.701798897059881,5.701798897059881,0-25%
1.0,6.701798897059881,5.701798897059881,5.701798897059881,0-25%
1.0,7.010440815100023,6.010440815100023,6.010440815100023,0-25%
1.0,7.010440815100023,6.010440815100023,6.010440815100023,0-25%
1.0,6.809585981593715,5.809585981593715,5.809585981593715,0-25%
6.0,7.9071600801189845,1.9071600801189845,1.9071600801189845,25-50%
6.0,7.9071600801189845,1.9071600801189845,1.9071600801189845,25-50%
6.0,8.00509906212621,2.0050990621262095,2.0050990621262095,25-50%
1.0,6.733273968453387,5.733273968453387,5.733273968453387,0-25%
1.0,7.010440815100023,6.010440815100023,6.010440815100023,0-25%
1.0,7.010440815100023,6.010440815100023,6.010440815100023,0-25%
1.0,7.010440815100023,6.010440815100023,6.010440815100023,0-25%
1.0,7.010440815100023,6.010440815100023,6.010440815100023,0-25%
1.0,7.9071600801189845,6.9071600801189845,6.9071600801189845,0-25%
6.0,7.972141223098674,1.9721412230986743,1.9721412230986743,25-50%
6.0,7.9071600801189845,1.9071600801189845,1.9071600801189845,25-50%
1.0,7.010440815100023,6.010440815100023,6.010440815100023,0-25%
1.0,7.010440815100023,6.010440815100023,6.010440815100023,0-25%
1.0,7.9071600801189845,6.9071600801189845,6.9071600801189845,0-25%
6.0,7.9071600801189845,1.9071600801189845,1.9071600801189845,25-50%
6.0,7.9071600801189845,1.9071600801189845,1.9071600801189845,25-50%
6.0,7.9071600801189845,1.9071600801189845,1.9071600801189845,25-50%
6.0,7.9071600801189845,1.9071600801189845,1.9071600801189845,25-50%
1.0,6.981645953027338,5.981645953027338,5.981645953027338,0-25%
1.0,6.981645953027338,5.981645953027338,5.981645953027338,0-25%
6.0,7.975605980275203,1.975605980275203,1.975605980275203,25-50%
6.0,7.9071600801189845,1.9071600801189845,1.9071600801189845,25-50%
6.0,7.9071600801189845,1.9071600801189845,1.9071600801189845,25-50%
6.0,7.9071600801189845,1.9071600801189845,1.9071600801189845,25-50%
1.0,6.7735952313912,5.7735952313912,5.7735952313912,0-25%
1.0,6.803969902422273,5.803969902422273,5.803969902422273,0-25%
1.0,6.817930285243684,5.817930285243684,5.817930285243684,0-25%
3.5,6.80155183051858,3.30155183051858,3.30155183051858,0-25%
6.0,6.80155183051858,0.80155183051858,0.80155183051858,25-50%
6.0,7.074159426460254,1.0741594264602536,1.0741594264602536,25-50%
6.0,7.975605980275203,1.975605980275203,1.975605980275203,25-50%
6.0,7.910599743633267,1.9105997436332673,1.9105997436332673,25-50%
6.0,7.9071600801189845,1.9071600801189845,1.9071600801189845,25-50%
5.5,7.0451355172392365,1.5451355172392365,1.5451355172392365,25-50%
6.0,7.074159426460254,1.0741594264602536,1.0741594264602536,25-50%
6.0,7.074159426460254,1.0741594264602536,1.0741594264602536,25-50%
6.0,7.074159426460254,1.0741594264602536,1.0741594264602536,25-50%
6.0,7.074159426460254,1.0741594264602536,1.0741594264602536,25-50%
6.0,7.972141223098674,1.9721412230986743,1.9721412230986743,25-50%
5.0,7.383222111320229,2.3832221113202294,2.3832221113202294,0-25%
5.0,7.067311209314881,2.067311209314881,2.067311209314881,0-25%
5.5,6.844689268243399,1.3446892682433988,1.3446892682433988,25-50%
5.5,6.80155183051858,1.30155183051858,1.30155183051858,25-50%
6.0,7.074159426460254,1.0741594264602536,1.0741594264602536,25-50%
6.0,6.80155183051858,0.80155183051858,0.80155183051858,25-50%
6.0,6.80155183051858,0.80155183051858,0.80155183051858,25-50%
5.0,7.47540011554806,2.4754001155480596,2.4754001155480596,0-25%
5.0,6.8609028506882845,1.8609028506882845,1.8609028506882845,0-25%
5.0,6.874965079847249,1.8749650798472492,1.8749650798472492,0-25%
5.0,7.074159426460254,2.0741594264602536,2.0741594264602536,0-25%
5.5,6.80155183051858,1.30155183051858,1.30155183051858,25-50%
5.5,6.80155183051858,1.30155183051858,1.30155183051858,25-50%
5.5,7.050665217188598,1.5506652171885982,1.5506652171885982,25-50%
5.5,7.074159426460254,1.5741594264602536,1.5741594264602536,25-50%
6.0,7.074159426460254,1.0741594264602536,1.0741594264602536,25-50%
5.0,6.80155183051858,1.80155183051858,1.80155183051858,0-25%
5.0,6.80155183051858,1.80155183051858,1.80155183051858,0-25%
5.5,6.80155183051858,1.30155183051858,1.30155183051858,25-50%
5.5,7.079709075546458,1.5797090755464582,1.5797090755464582,25-50%
5.5,6.844689268243399,1.3446892682433988,1.3446892682433988,25-50%
6.0,7.0451355172392365,1.0451355172392365,1.0451355172392365,25-50%
5.0,6.745048734729446,1.7450487347294459,1.7450487347294459,0-25%
5.0,6.80155183051858,1.80155183051858,1.80155183051858,0-25%
5.0,6.80155183051858,1.80155183051858,1.80155183051858,0-25%
5.0,6.844689268243399,1.8446892682433988,1.8446892682433988,0-25%
5.0,6.745048734729446,1.7450487347294459,1.7450487347294459,0-25%
5.0,7.079709075546458,2.0797090755464582,2.0797090755464582,0-25%
5.0,7.074159426460254,2.0741594264602536,2.0741594264602536,0-25%
8.0,7.159396557545106,-0.8406034424548938,0.8406034424548938,25-50%
8.0,7.301537526269157,-0.6984624737308431,0.6984624737308431,25-50%
8.0,7.17362751033813,-0.8263724896618703,0.8263724896618703,25-50%
8.0,7.238679681437612,-0.7613203185623876,0.7613203185623876,25-50%
8.0,6.991838183721628,-1.0081618162783723,1.0081618162783723,25-50%
8.0,6.975354539318541,-1.0246454606814588,1.0246454606814588,25-50%
8.0,7.370142481272649,-0.6298575187273512,0.6298575187273512,25-50%
8.0,7.381504659005548,-0.6184953409944516,0.6184953409944516,25-50%
8.0,7.192580353721757,-0.8074196462782428,0.8074196462782428,25-50%
8.0,6.991838183721628,-1.0081618162783723,1.0081618162783723,25-50%
8.0,7.012461220666514,-0.9875387793334864,0.9875387793334864,25-50%
8.0,7.323774840621002,-0.6762251593789976,0.6762251593789976,25-50%
8.0,7.370142481272649,-0.6298575187273512,0.6298575187273512,25-50%
8.0,7.192580353721757,-0.8074196462782428,0.8074196462782428,25-50%
8.0,7.329496059016398,-0.6705039409836022,0.6705039409836022,25-50%
8.0,7.329496059016398,-0.6705039409836022,0.6705039409836022,25-50%
8.0,7.329496059016398,-0.6705039409836022,0.6705039409836022,25-50%
8.0,7.248362075593032,-0.7516379244069684,0.7516379244069684,25-50%
8.0,6.981004247626578,-1.0189957523734217,1.0189957523734217,25-50%
8.0,7.323774840621002,-0.6762251593789976,0.6762251593789976,25-50%
8.0,7.188622936177519,-0.8113770638224809,0.8113770638224809,25-50%
8.0,7.188622936177519,-0.8113770638224809,0.8113770638224809,25-50%
8.0,7.375747717853714,-0.6242522821462861,0.6242522821462861,25-50%
8.0,8.248507407789674,0.24850740778967406,0.24850740778967406,25-50%
8.0,8.248507407789674,0.24850740778967406,0.24850740778967406,25-50%
8.0,6.674957545942836,-1.3250424540571641,1.3250424540571641,25-50%
8.0,6.674957545942836,-1.3250424540571641,1.3250424540571641,25-50%
8.0,6.545611251845034,-1.4543887481549662,1.4543887481549662,25-50%
8.0,7.024607052968909,-0.9753929470310911,0.9753929470310911,25-50%
8.0,6.814168229560072,-1.1858317704399282,1.1858317704399282,25-50%
8.0,7.103999876696597,-0.896000123303403,0.896000123303403,25-50%
8.0,7.103999876696597,-0.896000123303403,0.896000123303403,25-50%
8.0,7.103999876696597,-0.896000123303403,0.896000123303403,25-50%
8.0,7.147077693524519,-0.852922306475481,0.852922306475481,25-50%
8.0,7.147077693524519,-0.852922306475481,0.852922306475481,25-50%
8.0,7.158137068554835,-0.8418629314451653,0.8418629314451653,25-50%
8.0,7.370354797175928,-0.6296452028240722,0.6296452028240722,25-50%
8.0,7.414848456630971,-0.5851515433690286,0.5851515433690286,25-50%
8.0,7.414848456630971,-0.5851515433690286,0.5851515433690286,25-50%
8.0,7.194273726858097,-0.8057262731419028,0.8057262731419028,25-50%
8.0,7.147077693524519,-0.852922306475481,0.852922306475481,25-50%
8.0,7.043214350707607,-0.9567856492923932,0.9567856492923932,25-50%
8.0,7.426271321172834,-0.573728678827166,0.573728678827166,25-50%
8.0,7.414848456630971,-0.5851515433690286,0.5851515433690286,25-50%
8.0,7.414848456630971,-0.5851515433690286,0.5851515433690286,25-50%
8.0,7.414848456630971,-0.5851515433690286,0.5851515433690286,25-50%
8.0,7.194273726858097,-0.8057262731419028,0.8057262731419028,25-50%
8.0,7.194273726858097,-0.8057262731419028,0.8057262731419028,25-50%
8.0,6.6274378020301885,-1.3725621979698115,1.3725621979698115,25-50%
8.0,7.226224546303321,-0.773775453696679,0.773775453696679,25-50%
8.0,6.865682149984398,-1.1343178500156021,1.1343178500156021,25-50%
8.0,6.865682149984398,-1.1343178500156021,1.1343178500156021,25-50%
8.0,7.145321943681563,-0.8546780563184369,0.8546780563184369,25-50%
8.0,7.158137068554835,-0.8418629314451653,0.8418629314451653,25-50%
6.0,7.026788613318133,1.026788613318133,1.026788613318133,25-50%
6.0,7.026788613318133,1.026788613318133,1.026788613318133,25-50%
8.0,6.653990933912986,-1.3460090660870137,1.3460090660870137,25-50%
6.0,7.4662799175819465,1.4662799175819465,1.4662799175819465,25-50%
6.0,7.408976700636692,1.4089767006366918,1.4089767006366918,25-50%
6.0,7.155273450036095,1.1552734500360948,1.1552734500360948,25-50%
6.0,6.997934986365244,0.9979349863652436,0.9979349863652436,25-50%
6.0,7.420391594473711,1.4203915944737107,1.4203915944737107,25-50%
6.0,7.460412791045878,1.4604127910458784,1.4604127910458784,25-50%
6.0,7.472265136201387,1.4722651362013872,1.4722651362013872,25-50%
6.0,7.472265136201387,1.4722651362013872,1.4722651362013872,25-50%
6.0,7.500322601923717,1.5003226019237168,1.5003226019237168,25-50%
6.0,7.4777725985458945,1.4777725985458945,1.4777725985458945,25-50%
6.0,7.471897507589311,1.4718975075893113,1.4718975075893113,25-50%
6.0,7.460412791045878,1.4604127910458784,1.4604127910458784,25-50%
6.0,7.503143797897871,1.503143797897871,1.503143797897871,25-50%
6.0,7.51223085745444,1.5122308574544396,1.5122308574544396,25-50%
6.0,7.506217405112951,1.5062174051129507,1.5062174051129507,25-50%
6.0,7.48376594189175,1.4837659418917504,1.4837659418917504,25-50%
6.0,7.460412791045878,1.4604127910458784,1.4604127910458784,25-50%
6.0,7.514686520299106,1.5146865202991062,1.5146865202991062,25-50%
6.0,7.503143797897871,1.503143797897871,1.503143797897871,25-50%
6.0,7.503143797897871,1.503143797897871,1.503143797897871,25-50%
6.0,7.506217405112951,1.5062174051129507,1.5062174051129507,25-50%
6.0,7.503143797897871,1.503143797897871,1.503143797897871,25-50%
6.0,7.503143797897871,1.503143797897871,1.503143797897871,25-50%
6.0,7.399810746033828,1.399810746033828,1.399810746033828,25-50%
6.0,6.845265719963394,0.8452657199633942,0.8452657199633942,25-50%
6.0,7.132814093302675,1.1328140933026747,1.1328140933026747,25-50%
6.0,7.450587277576995,1.4505872775769948,1.4505872775769948,25-50%
6.0,7.462058656327123,1.4620586563271232,1.4620586563271232,25-50%
6.0,7.399810746033828,1.399810746033828,1.399810746033828,25-50%
6.0,7.399810746033828,1.399810746033828,1.399810746033828,25-50%
6.0,7.462058656327123,1.4620586563271232,1.4620586563271232,25-50%
6.0,7.585867810392414,1.585867810392414,1.585867810392414,25-50%
6.0,7.597522827767702,1.597522827767702,1.597522827767702,25-50%
6.0,7.462058656327123,1.4620586563271232,1.4620586563271232,25-50%
6.0,7.462058656327123,1.4620586563271232,1.4620586563271232,25-50%
6.0,7.399810746033828,1.399810746033828,1.399810746033828,25-50%
6.0,6.940722201107532,0.9407222011075316,0.9407222011075316,25-50%
6.0,6.940722201107532,0.9407222011075316,0.9407222011075316,25-50%
6.0,7.336436128819994,1.3364361288199937,1.3364361288199937,25-50%
6.0,7.585867810392414,1.585867810392414,1.585867810392414,25-50%
6.0,7.597522827767702,1.597522827767702,1.597522827767702,25-50%
6.0,7.462058656327123,1.4620586563271232,1.4620586563271232,25-50%
10.5,7.5375669980295985,-2.9624330019704015,2.9624330019704015,50-75%
10.5,7.432541156786492,-3.067458843213508,3.067458843213508,50-75%
10.5,7.150050298709743,-3.3499497012902566,3.3499497012902566,50-75%
10.5,6.9343584879037214,-3.5656415120962786,3.5656415120962786,50-75%
6.0,7.597522827767702,1.597522827767702,1.597522827767702,25-50%
6.0,7.585867810392414,1.585867810392414,1.585867810392414,25-50%
10.5,7.5259932582794296,-2.9740067417205704,2.9740067417205704,50-75%
10.5,7.5375669980295985,-2.9624330019704015,2.9624330019704015,50-75%
10.5,7.5375669980295985,-2.9624330019704015,2.9624330019704015,50-75%
10.5,7.432541156786492,-3.067458843213508,3.067458843213508,50-75%
10.5,7.262986763986567,-3.237013236013433,3.237013236013433,50-75%
6.0,7.597522827767702,1.597522827767702,1.597522827767702,25-50%
10.5,7.5375669980295985,-2.9624330019704015,2.9624330019704015,50-75%
10.5,7.5259932582794296,-2.9740067417205704,2.9740067417205704,50-75%
10.5,7.443988038554368,-3.0560119614456323,3.0560119614456323,50-75%
15.0,7.672084078917946,-7.327915921082054,7.327915921082054,50-75%
15.0,7.404543934435955,-7.595456065564045,7.595456065564045,50-75%
17.0,6.85822851555048,-10.14177148444952,10.14177148444952,75-100%
17.0,7.1174589680499984,-9.882541031950002,9.882541031950002,75-100%
17.0,7.162442673492616,-9.837557326507383,9.837557326507383,75-100%
15.0,7.859850076874307,-7.140149923125693,7.140149923125693,50-75%
15.0,7.847839442106941,-7.152160557893059,7.152160557893059,50-75%
15.0,7.847839442106941,-7.152160557893059,7.152160557893059,50-75%
15.0,7.859850076874307,-7.140149923125693,7.140149923125693,50-75%
15.0,7.859850076874307,-7.140149923125693,7.140149923125693,50-75%
15.0,7.815709038650143,-7.184290961349857,7.184290961349857,50-75%
15.0,7.404543934435955,-7.595456065564045,7.595456065564045,50-75%
15.0,7.672084078917946,-7.327915921082054,7.327915921082054,50-75%
17.0,7.356631116090852,-9.643368883909147,9.643368883909147,75-100%
17.0,7.356631116090852,-9.643368883909147,9.643368883909147,75-100%
17.0,7.401051825616357,-9.598948174383644,9.598948174383644,75-100%
17.0,7.401051825616357,-9.598948174383644,9.598948174383644,75-100%
17.0,7.412455961710758,-9.587544038289241,9.587544038289241,75-100%
15.0,7.847839442106941,-7.152160557893059,7.152160557893059,50-75%
15.0,7.859850076874307,-7.140149923125693,7.140149923125693,50-75%
15.0,7.859850076874307,-7.140149923125693,7.140149923125693,50-75%
15.0,7.859850076874307,-7.140149923125693,7.140149923125693,50-75%
15.0,7.859850076874307,-7.140149923125693,7.140149923125693,50-75%
15.0,7.859850076874307,-7.140149923125693,7.140149923125693,50-75%
15.0,7.859850076874307,-7.140149923125693,7.140149923125693,50-75%
17.0,7.551781023340044,-9.448218976659955,9.448218976659955,75-100%
17.0,7.539817438778714,-9.460182561221286,9.460182561221286,75-100%
17.0,7.401051825616357,-9.598948174383644,9.598948174383644,75-100%
17.0,7.202679819142457,-9.797320180857543,9.797320180857543,75-100%
17.0,6.867810065942973,-10.132189934057028,10.132189934057028,75-100%
17.0,6.867810065942973,-10.132189934057028,10.132189934057028,75-100%
15.0,7.847839442106941,-7.152160557893059,7.152160557893059,50-75%
15.0,7.847839442106941,-7.152160557893059,7.152160557893059,50-75%
15.0,7.9190365786937615,-7.0809634213062385,7.0809634213062385,50-75%
15.0,7.9190365786937615,-7.0809634213062385,7.0809634213062385,50-75%
15.0,7.9190365786937615,-7.0809634213062385,7.0809634213062385,50-75%
17.0,7.551781023340044,-9.448218976659955,9.448218976659955,75-100%
17.0,7.551781023340044,-9.448218976659955,9.448218976659955,75-100%
17.0,7.539817438778714,-9.460182561221286,9.460182561221286,75-100%
17.0,7.539817438778714,-9.460182561221286,9.460182561221286,75-100%
17.0,6.99633527375077,-10.00366472624923,10.00366472624923,75-100%
17.0,6.867810065942973,-10.132189934057028,10.132189934057028,75-100%
17.0,6.929566720698412,-10.070433279301588,10.070433279301588,75-100%
17.0,7.191560060843328,-9.808439939156672,9.808439939156672,75-100%
17.0,7.191560060843328,-9.808439939156672,9.808439939156672,75-100%
17.0,7.399241342645855,-9.600758657354145,9.600758657354145,75-100%
17.0,7.412455961710758,-9.587544038289241,9.587544038289241,75-100%
17.0,6.8301860209526115,-10.169813979047388,10.169813979047388,75-100%
17.0,6.98911930345096,-10.010880696549041,10.010880696549041,75-100%
17.0,7.007190021181353,-9.992809978818647,9.992809978818647,75-100%
9.0,11.111309392437393,2.111309392437393,2.111309392437393,50-75%
9.0,10.952487575367645,1.9524875753676447,1.9524875753676447,50-75%
9.0,11.111309392437393,2.111309392437393,2.111309392437393,50-75%
13.5,10.896739270197521,-2.6032607298024786,2.6032607298024786,50-75%
13.5,10.611868989450025,-2.8881310105499747,2.8881310105499747,50-75%
13.5,11.22565910642549,-2.274340893574511,2.274340893574511,50-75%
9.0,11.111309392437393,2.111309392437393,2.111309392437393,50-75%
9.0,10.805086229230518,1.8050862292305183,1.8050862292305183,50-75%
9.0,11.046760191494375,2.046760191494375,2.046760191494375,50-75%
18.0,10.821591268550431,-7.178408731449569,7.178408731449569,75-100%
13.5,10.611868989450025,-2.8881310105499747,2.8881310105499747,50-75%
13.5,10.73976433245869,-2.760235667541309,2.760235667541309,50-75%
13.5,10.802668581806543,-2.697331418193457,2.697331418193457,50-75%
13.5,10.802668581806543,-2.697331418193457,2.697331418193457,50-75%
13.5,11.22565910642549,-2.274340893574511,2.274340893574511,50-75%
13.5,11.22565910642549,-2.274340893574511,2.274340893574511,50-75%
9.0,11.16665235619459,2.1666523561945894,2.1666523561945894,50-75%
9.0,11.16665235619459,2.1666523561945894,2.1666523561945894,50-75%
18.0,10.446787937029292,-7.553212062970708,7.553212062970708,75-100%
13.5,10.73976433245869,-2.760235667541309,2.760235667541309,50-75%
13.5,10.802668581806543,-2.697331418193457,2.697331418193457,50-75%
13.5,10.73976433245869,-2.760235667541309,2.760235667541309,50-75%
13.5,10.73976433245869,-2.760235667541309,2.760235667541309,50-75%
13.5,11.160500460010738,-2.339499539989262,2.339499539989262,50-75%
13.5,11.160500460010738,-2.339499539989262,2.339499539989262,50-75%
9.0,11.16665235619459,2.1666523561945894,2.1666523561945894,50-75%
18.0,10.446787937029292,-7.553212062970708,7.553212062970708,75-100%
18.0,10.446787937029292,-7.553212062970708,7.553212062970708,75-100%
13.5,10.519553372680434,-2.9804466273195658,2.9804466273195658,50-75%
13.5,10.73976433245869,-2.760235667541309,2.760235667541309,50-75%
13.5,10.73976433245869,-2.760235667541309,2.760235667541309,50-75%
13.5,10.73976433245869,-2.760235667541309,2.760235667541309,50-75%
13.5,10.916544717340834,-2.583455282659166,2.583455282659166,50-75%
13.5,11.256898012627989,-2.243101987372011,2.243101987372011,50-75%
9.0,11.250443294804858,2.2504432948048585,2.2504432948048585,50-75%
9.0,11.213223668205417,2.2132236682054174,2.2132236682054174,50-75%
9.0,11.148131298489119,2.148131298489119,2.148131298489119,50-75%
18.0,10.385780411686014,-7.614219588313986,7.614219588313986,75-100%
18.0,10.474780346242284,-7.525219653757716,7.525219653757716,75-100%
13.5,10.802668581806543,-2.697331418193457,2.697331418193457,50-75%
13.5,10.802668581806543,-2.697331418193457,2.697331418193457,50-75%
13.5,10.73976433245869,-2.760235667541309,2.760235667541309,50-75%
13.5,10.802668581806543,-2.697331418193457,2.697331418193457,50-75%
13.5,11.256898012627989,-2.243101987372011,2.243101987372011,50-75%
9.0,11.213223668205417,2.2132236682054174,2.2132236682054174,50-75%
9.0,11.148131298489119,2.148131298489119,2.148131298489119,50-75%
9.0,11.148131298489119,2.148131298489119,2.148131298489119,50-75%
9.0,11.2216857354235,2.2216857354235007,2.2216857354235007,50-75%
18.0,10.611620626052655,-7.388379373947345,7.388379373947345,75-100%
18.0,10.611620626052655,-7.388379373947345,7.388379373947345,75-100%
18.0,10.549734597979327,-7.450265402020673,7.450265402020673,75-100%
18.0,10.611620626052655,-7.388379373947345,7.388379373947345,75-100%
9.0,11.148131298489119,2.148131298489119,2.148131298489119,50-75%
9.0,11.213223668205417,2.2132236682054174,2.2132236682054174,50-75%
9.0,11.213223668205417,2.2132236682054174,2.2132236682054174,50-75%
9.0,11.065946688261668,2.0659466882616684,2.0659466882616684,50-75%
9.0,11.185206693154253,2.185206693154253,2.185206693154253,50-75%
9.0,11.148131298489119,2.148131298489119,2.148131298489119,50-75%
9.0,11.16665235619459,2.1666523561945894,2.1666523561945894,50-75%
6.0,10.482948656691022,4.482948656691022,4.482948656691022,25-50%
6.0,10.449915462061444,4.449915462061444,4.449915462061444,25-50%
6.0,10.500409240744732,4.500409240744732,4.500409240744732,25-50%
6.0,9.803888554731358,3.8038885547313583,3.8038885547313583,25-50%
9.0,11.213223668205417,2.2132236682054174,2.2132236682054174,50-75%
9.0,11.213223668205417,2.2132236682054174,2.2132236682054174,50-75%
9.0,11.133915768760572,2.1339157687605717,2.1339157687605717,50-75%
9.0,11.148131298489119,2.148131298489119,2.148131298489119,50-75%
9.0,11.148131298489119,2.148131298489119,2.148131298489119,50-75%
9.0,11.213223668205417,2.2132236682054174,2.2132236682054174,50-75%
9.0,11.194356835650815,2.194356835650815,2.194356835650815,50-75%
7.5,11.219334098908682,3.719334098908682,3.719334098908682,25-50%
6.0,10.482948656691022,4.482948656691022,4.482948656691022,25-50%
6.0,10.386299646181604,4.3862996461816035,4.3862996461816035,25-50%
6.0,10.373601054575595,4.373601054575595,4.373601054575595,25-50%
6.0,9.952108721109068,3.9521087211090684,3.9521087211090684,25-50%
6.0,9.947569042790917,3.947569042790917,3.947569042790917,25-50%
6.0,9.947569042790917,3.947569042790917,3.947569042790917,25-50%
9.0,10.94540982787445,1.9454098278744496,1.9454098278744496,50-75%
9.0,11.213223668205417,2.2132236682054174,2.2132236682054174,50-75%
9.0,11.148131298489119,2.148131298489119,2.148131298489119,50-75%
7.5,11.033612421203314,3.5336124212033138,3.5336124212033138,25-50%
7.5,10.966874146719395,3.4668741467193946,3.4668741467193946,25-50%
6.0,10.386299646181604,4.3862996461816035,4.3862996461816035,25-50%
6.0,9.954585454432582,3.954585454432582,3.954585454432582,25-50%
6.0,9.908366778684375,3.9083667786843748,3.9083667786843748,25-50%
6.0,9.947569042790917,3.947569042790917,3.947569042790917,25-50%
6.0,9.893737669418318,3.893737669418318,3.893737669418318,25-50%
9.0,10.86584945508201,1.8658494550820102,1.8658494550820102,50-75%
9.0,11.061974177098598,2.061974177098598,2.061974177098598,50-75%
9.0,11.148131298489119,2.148131298489119,2.148131298489119,50-75%
9.0,11.213223668205417,2.2132236682054174,2.2132236682054174,50-75%
6.0,10.034845640466614,4.034845640466614,4.034845640466614,25-50%
6.0,9.990755936925403,3.990755936925403,3.990755936925403,25-50%
6.0,9.954585454432582,3.954585454432582,3.954585454432582,25-50%
6.0,9.908366778684375,3.9083667786843748,3.9083667786843748,25-50%
6.0,10.445785180898675,4.445785180898675,4.445785180898675,25-50%
6.0,10.056639125346887,4.056639125346887,4.056639125346887,25-50%
6.0,9.768893743875616,3.7688937438756156,3.7688937438756156,25-50%
6.0,9.768893743875616,3.7688937438756156,3.7688937438756156,25-50%
6.0,9.547735901329688,3.5477359013296876,3.5477359013296876,25-50%
6.0,9.547735901329688,3.5477359013296876,3.5477359013296876,25-50%
7.0,9.68529406456196,2.68529406456196,2.68529406456196,25-50%
7.0,9.002854004449874,2.0028540044498744,2.0028540044498744,25-50%
7.0,8.976762358237066,1.9767623582370657,1.9767623582370657,25-50%
7.0,8.976762358237066,1.9767623582370657,1.9767623582370657,25-50%
7.0,8.94954216076598,1.9495421607659793,1.9495421607659793,25-50%
7.0,9.496357839117604,2.4963578391176036,2.4963578391176036,25-50%
7.0,8.94954216076598,1.9495421607659793,1.9495421607659793,25-50%
7.0,8.94954216076598,1.9495421607659793,1.9495421607659793,25-50%
7.0,8.94954216076598,1.9495421607659793,1.9495421607659793,25-50%
7.0,9.002854004449874,2.0028540044498744,2.0028540044498744,25-50%
7.0,8.94954216076598,1.9495421607659793,1.9495421607659793,25-50%
7.0,9.660741871177473,2.660741871177473,2.660741871177473,25-50%
7.0,9.289231546842288,2.289231546842288,2.289231546842288,25-50%
7.0,9.007001933480158,2.007001933480158,2.007001933480158,25-50%
7.0,9.194695555275597,2.1946955552755973,2.1946955552755973,25-50%
7.0,9.06636632223091,2.0663663222309108,2.0663663222309108,25-50%
7.0,9.237214071729113,2.237214071729113,2.237214071729113,25-50%
7.0,9.741070609142866,2.7410706091428665,2.7410706091428665,25-50%
7.0,9.092927757827413,2.092927757827413,2.092927757827413,25-50%
7.0,9.421072298241935,2.421072298241935,2.421072298241935,25-50%
7.0,9.421072298241935,2.421072298241935,2.421072298241935,25-50%
7.0,9.365531491874544,2.3655314918745436,2.3655314918745436,25-50%
7.0,9.365531491874544,2.3655314918745436,2.3655314918745436,25-50%
7.0,9.365531491874544,2.3655314918745436,2.3655314918745436,25-50%
7.0,9.027596269987178,2.0275962699871783,2.0275962699871783,25-50%
7.0,9.08132634482206,2.0813263448220596,2.0813263448220596,25-50%
7.0,9.08132634482206,2.0813263448220596,2.0813263448220596,25-50%
7.0,9.421072298241935,2.421072298241935,2.421072298241935,25-50%
7.0,9.421072298241935,2.421072298241935,2.421072298241935,25-50%
7.0,9.394900978057866,2.3949009780578656,2.3949009780578656,25-50%
7.0,9.394900978057866,2.3949009780578656,2.3949009780578656,25-50%
7.0,9.365531491874544,2.3655314918745436,2.3655314918745436,25-50%
7.0,9.08132634482206,2.0813263448220596,2.0813263448220596,25-50%
7.0,9.027596269987178,2.0275962699871783,2.0275962699871783,25-50%
7.0,9.027596269987178,2.0275962699871783,2.0275962699871783,25-50%
7.0,9.365531491874544,2.3655314918745436,2.3655314918745436,25-50%
7.0,9.514906749599275,2.514906749599275,2.514906749599275,25-50%
7.0,9.544699472600826,2.5446994726008256,2.5446994726008256,25-50%
7.0,9.601200300567935,2.6012003005679354,2.6012003005679354,25-50%
7.0,9.027596269987178,2.0275962699871783,2.0275962699871783,25-50%
7.0,9.17210162201501,2.17210162201501,2.17210162201501,25-50%
7.0,9.027596269987178,2.0275962699871783,2.0275962699871783,25-50%
7.0,9.514906749599275,2.514906749599275,2.514906749599275,25-50%
7.0,9.601200300567935,2.6012003005679354,2.6012003005679354,25-50%
7.0,9.617320127839864,2.6173201278398643,2.6173201278398643,25-50%
7.0,9.601200300567935,2.6012003005679354,2.6012003005679354,25-50%
7.0,9.601200300567935,2.6012003005679354,2.6012003005679354,25-50%
14.0,9.743742088829112,-4.256257911170888,4.256257911170888,50-75%
14.0,9.765110679510752,-4.234889320489248,4.234889320489248,50-75%
10.5,9.218758202259249,-1.2812417977407513,1.2812417977407513,50-75%
10.5,9.164295661900265,-1.3357043380997347,1.3357043380997347,50-75%
10.5,9.218758202259249,-1.2812417977407513,1.2812417977407513,50-75%
10.5,9.593065054795762,-0.9069349452042381,0.9069349452042381,50-75%
7.0,9.617320127839864,2.6173201278398643,2.6173201278398643,25-50%
7.0,9.601200300567935,2.6012003005679354,2.6012003005679354,25-50%
14.0,9.729177602845255,-4.270822397154745,4.270822397154745,50-75%
14.0,9.508190443286432,-4.491809556713568,4.491809556713568,50-75%
14.0,9.508190443286432,-4.491809556713568,4.491809556713568,50-75%
10.5,9.02068087946657,-1.4793191205334306,1.4793191205334306,50-75%
10.5,8.995451538304899,-1.5045484616951015,1.5045484616951015,50-75%
10.5,8.99959639772083,-1.5004036022791691,1.5004036022791691,50-75%
14.0,9.729177602845255,-4.270822397154745,4.270822397154745,50-75%
14.0,9.370303200643814,-4.629696799356186,4.629696799356186,50-75%
14.0,9.47376633270736,-4.52623366729264,4.52623366729264,50-75%
14.0,9.47376633270736,-4.52623366729264,4.52623366729264,50-75%
14.0,9.425869574880352,-4.574130425119648,4.574130425119648,50-75%
14.0,9.452185326540365,-4.547814673459635,4.547814673459635,50-75%
14.0,9.508190443286432,-4.491809556713568,4.491809556713568,50-75%
10.5,8.995451538304899,-1.5045484616951015,1.5045484616951015,50-75%
14.0,9.525364064308192,-4.474635935691808,4.474635935691808,50-75%
14.0,9.430192917703945,-4.569807082296055,4.569807082296055,50-75%
14.0,9.370303200643814,-4.629696799356186,4.629696799356186,50-75%
14.0,9.452185326540365,-4.547814673459635,4.547814673459635,50-75%
7.0,8.909128222260865,1.9091282222608648,1.9091282222608648,25-50%
10.5,8.995451538304899,-1.5045484616951015,1.5045484616951015,50-75%
10.5,8.9463019159839,-1.5536980840160997,1.5536980840160997,50-75%
10.5,9.090838531232613,-1.4091614687673868,1.4091614687673868,50-75%
10.5,9.047510377327056,-1.4524896226729442,1.4524896226729442,50-75%
10.5,8.987853816754479,-1.5121461832455214,1.5121461832455214,50-75%
14.0,9.425869574880352,-4.574130425119648,4.574130425119648,50-75%
14.0,9.508190443286432,-4.491809556713568,4.491809556713568,50-75%
7.0,8.990824048437775,1.9908240484377746,1.9908240484377746,25-50%
7.0,8.957944333120032,1.9579443331200324,1.9579443331200324,25-50%
7.0,8.909128222260865,1.9091282222608648,1.9091282222608648,25-50%
10.0,9.083119654836244,-0.9168803451637562,0.9168803451637562,50-75%
10.5,8.99959639772083,-1.5004036022791691,1.5004036022791691,50-75%
8.0,8.810678225212964,0.8106782252129641,0.8106782252129641,25-50%
8.0,8.916637505729533,0.9166375057295326,0.9166375057295326,25-50%
8.0,9.08864112689884,1.0886411268988407,1.0886411268988407,25-50%
8.0,9.042505554888827,1.0425055548888267,1.0425055548888267,25-50%
8.0,8.55467180324216,0.5546718032421598,0.5546718032421598,25-50%
8.0,8.55467180324216,0.5546718032421598,0.5546718032421598,25-50%
8.0,8.957944333120032,0.9579443331200324,0.9579443331200324,25-50%
8.0,8.899841250659907,0.8998412506599074,0.8998412506599074,25-50%
9.0,9.042505554888827,0.04250555488882668,0.04250555488882668,50-75%
8.0,8.865635754969015,0.8656357549690146,0.8656357549690146,25-50%
8.0,8.957944333120032,0.9579443331200324,0.9579443331200324,25-50%
9.0,8.899841250659907,-0.10015874934009261,0.10015874934009261,50-75%
9.0,8.899841250659907,-0.10015874934009261,0.10015874934009261,50-75%
8.0,9.332079920491935,1.3320799204919354,1.3320799204919354,25-50%
9.0,8.899841250659907,-0.10015874934009261,0.10015874934009261,50-75%
9.0,8.899841250659907,-0.10015874934009261,0.10015874934009261,50-75%
9.0,9.332079920491935,0.33207992049193535,0.33207992049193535,50-75%
9.0,9.274674807235364,0.27467480723536397,0.27467480723536397,50-75%
9.0,9.012602041616786,0.012602041616785797,0.012602041616785797,50-75%
9.0,8.95697194984291,-0.04302805015709055,0.04302805015709055,50-75%
9.0,9.760405645736922,0.7604056457369222,0.7604056457369222,50-75%
9.0,9.703056306887667,0.7030563068876674,0.7030563068876674,50-75%
9.0,9.703056306887667,0.7030563068876674,0.7030563068876674,50-75%
9.0,9.760405645736922,0.7604056457369222,0.7604056457369222,50-75%
9.0,9.760405645736922,0.7604056457369222,0.7604056457369222,50-75%
9.0,9.627698966839407,0.6276989668394073,0.6276989668394073,50-75%
9.0,9.689629685015866,0.6896296850158663,0.6896296850158663,50-75%
9.0,9.703056306887667,0.7030563068876674,0.7030563068876674,50-75%
9.0,9.795984318233067,0.7959843182330673,0.7959843182330673,50-75%
9.0,9.760405645736922,0.7604056457369222,0.7604056457369222,50-75%
9.0,9.690531778515489,0.6905317785154885,0.6905317785154885,50-75%
9.0,9.703056306887667,0.7030563068876674,0.7030563068876674,50-75%
9.0,9.703056306887667,0.7030563068876674,0.7030563068876674,50-75%
9.0,9.760405645736922,0.7604056457369222,0.7604056457369222,50-75%
9.0,9.7437831079817,0.7437831079817006,0.7437831079817006,50-75%
9.0,9.7437831079817,0.7437831079817006,0.7437831079817006,50-75%
9.0,9.85383158588494,0.8538315858849401,0.8538315858849401,50-75%
9.0,9.479264793059716,0.47926479305971625,0.47926479305971625,50-75%
9.0,9.760405645736922,0.7604056457369222,0.7604056457369222,50-75%
9.0,9.703056306887667,0.7030563068876674,0.7030563068876674,50-75%
9.0,9.527835955372307,0.5278359553723071,0.5278359553723071,50-75%
9.0,9.421960284546955,0.4219602845469552,0.4219602845469552,50-75%
9.0,9.708919668896085,0.708919668896085,0.708919668896085,50-75%
23.0,8.729855930916413,-14.270144069083587,14.270144069083587,75-100%
16.0,9.744052915787524,-6.255947084212476,6.255947084212476,75-100%
16.0,9.353988193408284,-6.646011806591716,6.646011806591716,75-100%
16.0,9.727666205859258,-6.272333794140742,6.272333794140742,75-100%
16.0,9.889601368867822,-6.110398631132178,6.110398631132178,75-100%
16.0,9.947950257346958,-6.0520497426530415,6.0520497426530415,75-100%
23.0,8.731438022613938,-14.268561977386062,14.268561977386062,75-100%
23.0,8.684145911729104,-14.315854088270896,14.315854088270896,75-100%
16.0,9.68435887749015,-6.3156411225098505,6.3156411225098505,75-100%
16.0,9.90204639840202,-6.097953601597981,6.097953601597981,75-100%
16.0,9.744052915787524,-6.255947084212476,6.255947084212476,75-100%
16.0,9.744052915787524,-6.255947084212476,6.255947084212476,75-100%
9.0,9.695814448193454,0.6958144481934543,0.6958144481934543,50-75%
23.0,8.965818545462069,-14.034181454537931,14.034181454537931,75-100%
16.0,9.783481472284517,-6.216518527715483,6.216518527715483,75-100%
23.0,8.823593153793583,-14.176406846206417,14.176406846206417,75-100%
23.0,8.836797210931651,-14.163202789068349,14.163202789068349,75-100%
23.0,9.055921739082729,-13.944078260917271,13.944078260917271,75-100%
23.0,9.055921739082729,-13.944078260917271,13.944078260917271,75-100%
23.0,9.055921739082729,-13.944078260917271,13.944078260917271,75-100%
23.0,9.055921739082729,-13.944078260917271,13.944078260917271,75-100%
3.0,10.744019798340979,7.744019798340979,7.744019798340979,0-25%
3.0,10.424129827602425,7.424129827602425,7.424129827602425,0-25%
3.0,10.49239067999427,7.492390679994269,7.492390679994269,0-25%
3.0,10.49239067999427,7.492390679994269,7.492390679994269,0-25%
3.0,11.295464462120222,8.295464462120222,8.295464462120222,0-25%
3.0,11.396274397511128,8.396274397511128,8.396274397511128,0-25%
3.0,10.658004842764711,7.658004842764711,7.658004842764711,0-25%
3.0,10.49239067999427,7.492390679994269,7.492390679994269,0-25%
3.0,10.577183703083321,7.577183703083321,7.577183703083321,0-25%
2.0,11.229933776664469,9.229933776664469,9.229933776664469,0-25%
2.0,11.4567983162427,9.4567983162427,9.4567983162427,0-25%
2.0,11.396274397511128,9.396274397511128,9.396274397511128,0-25%
3.0,10.49239067999427,7.492390679994269,7.492390679994269,0-25%
3.0,10.49239067999427,7.492390679994269,7.492390679994269,0-25%
1.0,11.295464462120222,10.295464462120222,10.295464462120222,0-25%
2.0,11.312155128120203,9.312155128120203,9.312155128120203,0-25%
2.0,11.373611028418999,9.373611028418999,9.373611028418999,0-25%
2.0,11.373611028418999,9.373611028418999,9.373611028418999,0-25%
2.0,11.220172342870912,9.220172342870912,9.220172342870912,0-25%
2.0,11.220172342870912,9.220172342870912,9.220172342870912,0-25%
3.0,10.288141551633972,7.288141551633972,7.288141551633972,0-25%
3.0,10.259940350166598,7.259940350166598,7.259940350166598,0-25%
1.0,10.547642077862474,9.547642077862474,9.547642077862474,0-25%
1.0,11.295464462120222,10.295464462120222,10.295464462120222,0-25%
2.0,11.4567983162427,9.4567983162427,9.4567983162427,0-25%
2.0,11.4567983162427,9.4567983162427,9.4567983162427,0-25%
2.0,10.288141551633972,8.288141551633972,8.288141551633972,0-25%
3.0,10.300406092141255,7.300406092141255,7.300406092141255,0-25%
3.0,10.315746000961223,7.315746000961223,7.315746000961223,0-25%
1.0,10.020557927255407,9.020557927255407,9.020557927255407,0-25%
1.0,9.924396212812544,8.924396212812544,8.924396212812544,0-25%
1.0,11.4567983162427,10.4567983162427,10.4567983162427,0-25%
1.0,11.4567983162427,10.4567983162427,10.4567983162427,0-25%
2.0,11.4567983162427,9.4567983162427,9.4567983162427,0-25%
2.0,10.315746000961223,8.315746000961223,8.315746000961223,0-25%
2.0,10.288141551633972,8.288141551633972,8.288141551633972,0-25%
2.0,10.288141551633972,8.288141551633972,8.288141551633972,0-25%
3.0,10.288141551633972,7.288141551633972,7.288141551633972,0-25%
1.0,9.898455627528763,8.898455627528763,8.898455627528763,0-25%
1.0,10.645012551931513,9.645012551931513,9.645012551931513,0-25%
1.0,10.645012551931513,9.645012551931513,9.645012551931513,0-25%
1.0,10.432485541189278,9.432485541189278,9.432485541189278,0-25%
1.0,10.270075116178662,9.270075116178662,9.270075116178662,0-25%
1.0,10.210009410667796,9.210009410667796,9.210009410667796,0-25%
1.0,10.242582079711386,9.242582079711386,9.242582079711386,0-25%
1.0,10.448452149878719,9.448452149878719,9.448452149878719,0-25%
1.0,10.51046904790391,9.51046904790391,9.51046904790391,0-25%
1.0,10.64569402862817,9.64569402862817,9.64569402862817,0-25%
1.0,10.466032038413301,9.466032038413301,9.466032038413301,0-25%
1.0,10.270734651196507,9.270734651196507,9.270734651196507,0-25%
1.0,10.270075116178662,9.270075116178662,9.270075116178662,0-25%
4.0,10.619993086945183,6.619993086945183,6.619993086945183,0-25%
4.0,10.432485541189278,6.432485541189278,6.432485541189278,0-25%
4.0,10.784718369374579,6.784718369374579,6.784718369374579,0-25%
4.0,10.433154580612502,6.433154580612502,6.433154580612502,0-25%
4.0,10.584758212620244,6.584758212620244,6.584758212620244,0-25%
4.0,10.448452149878719,6.448452149878719,6.448452149878719,0-25%
4.0,10.224275895123577,6.2242758951235775,6.2242758951235775,0-25%
4.0,10.356138678928922,6.356138678928922,6.356138678928922,0-25%
4.0,10.437226302040482,6.437226302040482,6.437226302040482,0-25%
4.0,10.432485541189278,6.432485541189278,6.432485541189278,0-25%
4.0,10.584758212620244,6.584758212620244,6.584758212620244,0-25%
4.0,10.617304108310801,6.617304108310801,6.617304108310801,0-25%
4.0,10.509795484232697,6.509795484232697,6.509795484232697,0-25%
4.0,10.284418043608094,6.284418043608094,6.284418043608094,0-25%
4.0,10.416987377323409,6.416987377323409,6.416987377323409,0-25%
4.0,10.371554242799924,6.371554242799924,6.371554242799924,0-25%
4.0,10.371554242799924,6.371554242799924,6.371554242799924,0-25%
4.0,10.280025559480197,6.2800255594801975,6.2800255594801975,0-25%
4.0,10.617304108310801,6.617304108310801,6.617304108310801,0-25%
4.0,10.509795484232697,6.509795484232697,6.509795484232697,0-25%
4.0,10.299736249207424,6.299736249207424,6.299736249207424,0-25%
4.0,10.599501623344507,6.599501623344507,6.599501623344507,0-25%
4.0,10.825309258858224,6.8253092588582245,6.8253092588582245,0-25%
4.0,10.619993086945183,6.619993086945183,6.619993086945183,0-25%
4.0,10.481596778703334,6.481596778703334,6.481596778703334,0-25%
4.0,10.440508336496931,6.440508336496931,6.440508336496931,0-25%
4.0,10.289097404635669,6.289097404635669,6.289097404635669,0-25%
4.0,10.838875876767322,6.838875876767322,6.838875876767322,0-25%
4.0,10.784718369374579,6.784718369374579,6.784718369374579,0-25%
4.0,10.440508336496931,6.440508336496931,6.440508336496931,0-25%
4.0,10.332893218385344,6.332893218385344,6.332893218385344,0-25%
4.0,10.838875876767322,6.838875876767322,6.838875876767322,0-25%
4.0,10.944435605718958,6.944435605718958,6.944435605718958,0-25%
7.0,11.084753396697339,4.084753396697339,4.084753396697339,25-50%
7.0,11.020345730269684,4.020345730269684,4.020345730269684,25-50%
7.0,10.880770448995861,3.880770448995861,3.880770448995861,25-50%
9.5,10.309518495176372,0.8095184951763716,0.8095184951763716,50-75%
9.5,10.457915346122302,0.9579153461223022,0.9579153461223022,50-75%
9.5,11.786235808638104,2.2862358086381036,2.2862358086381036,50-75%
9.5,11.786235808638104,2.2862358086381036,2.2862358086381036,50-75%
9.5,11.425959543894193,1.9259595438941925,1.9259595438941925,50-75%
7.0,10.959878632354581,3.959878632354581,3.959878632354581,25-50%
7.0,10.880770448995861,3.880770448995861,3.880770448995861,25-50%
7.0,10.193358600744833,3.1933586007448334,3.1933586007448334,25-50%
8.25,10.238079784517865,1.9880797845178648,1.9880797845178648,50-75%
8.25,10.253335087539753,2.003335087539753,2.003335087539753,50-75%
9.5,11.705483276330709,2.2054832763307086,2.2054832763307086,50-75%
9.5,11.6377673286567,2.1377673286567003,2.1377673286567003,50-75%
9.5,11.705483276330709,2.2054832763307086,2.2054832763307086,50-75%
9.5,11.854747283208614,2.3547472832086136,2.3547472832086136,50-75%
9.5,11.786235808638104,2.2862358086381036,2.2862358086381036,50-75%
9.5,11.786235808638104,2.2862358086381036,2.2862358086381036,50-75%
7.0,10.665008021422643,3.6650080214226435,3.6650080214226435,25-50%
7.0,10.880770448995861,3.880770448995861,3.880770448995861,25-50%
7.0,10.238079784517865,3.238079784517865,3.238079784517865,25-50%
8.25,10.253335087539753,2.003335087539753,2.003335087539753,50-75%
8.25,11.625226690345956,3.375226690345956,3.375226690345956,50-75%
9.5,11.6377673286567,2.1377673286567003,2.1377673286567003,50-75%
9.5,11.705483276330709,2.2054832763307086,2.2054832763307086,50-75%
9.5,11.705483276330709,2.2054832763307086,2.2054832763307086,50-75%
9.5,11.854747283208614,2.3547472832086136,2.3547472832086136,50-75%
7.0,10.660172844440348,3.660172844440348,3.660172844440348,25-50%
7.0,10.660172844440348,3.660172844440348,3.660172844440348,25-50%
7.0,10.5404242299544,3.5404242299544,3.5404242299544,25-50%
7.0,10.238079784517865,3.238079784517865,3.238079784517865,25-50%
8.25,11.625226690345956,3.375226690345956,3.375226690345956,50-75%
8.25,11.625226690345956,3.375226690345956,3.375226690345956,50-75%
9.5,11.499238552481335,1.9992385524813354,1.9992385524813354,50-75%
9.5,11.705483276330709,2.2054832763307086,2.2054832763307086,50-75%
9.5,11.705483276330709,2.2054832763307086,2.2054832763307086,50-75%
9.5,11.705483276330709,2.2054832763307086,2.2054832763307086,50-75%
7.0,10.660172844440348,3.660172844440348,3.660172844440348,25-50%
7.0,10.598028049391509,3.598028049391509,3.598028049391509,25-50%
7.0,10.5404242299544,3.5404242299544,3.5404242299544,25-50%
7.0,10.5404242299544,3.5404242299544,3.5404242299544,25-50%
7.0,11.625226690345956,4.625226690345956,4.625226690345956,25-50%
9.5,11.354222319256944,1.8542223192569445,1.8542223192569445,50-75%
9.5,10.8625109529881,1.3625109529880994,1.3625109529880994,50-75%
9.5,11.705483276330709,2.2054832763307086,2.2054832763307086,50-75%
7.0,10.598028049391509,3.598028049391509,3.598028049391509,25-50%
7.0,10.676001124132275,3.6760011241322754,3.6760011241322754,25-50%
7.0,10.5404242299544,3.5404242299544,3.5404242299544,25-50%
7.0,11.625226690345956,4.625226690345956,4.625226690345956,25-50%
9.5,11.6377673286567,2.1377673286567003,2.1377673286567003,50-75%
9.5,11.145600611788797,1.6456006117887974,1.6456006117887974,50-75%
9.0,10.625809145239657,1.625809145239657,1.625809145239657,50-75%
9.0,10.621670287184028,1.6216702871840276,1.6216702871840276,50-75%
9.0,10.621670287184028,1.6216702871840276,1.6216702871840276,50-75%
9.0,11.437504269310812,2.4375042693108124,2.4375042693108124,50-75%
9.0,10.65508984534251,1.6550898453425091,1.6550898453425091,50-75%
9.0,10.65508984534251,1.6550898453425091,1.6550898453425091,50-75%
9.0,10.670911225039687,1.6709112250396867,1.6709112250396867,50-75%
9.0,10.621670287184028,1.6216702871840276,1.6216702871840276,50-75%
9.0,10.621670287184028,1.6216702871840276,1.6216702871840276,50-75%
9.0,11.497561278113098,2.497561278113098,2.497561278113098,50-75%
9.0,10.815551451469075,1.8155514514690747,1.8155514514690747,50-75%
9.0,10.849657469357151,1.849657469357151,1.849657469357151,50-75%
9.0,10.60870919803808,1.6087091980380794,1.6087091980380794,50-75%
9.0,10.36514818619795,1.3651481861979509,1.3651481861979509,50-75%
9.0,10.380575980162181,1.380575980162181,1.380575980162181,50-75%
9.0,10.771222902773241,1.771222902773241,1.771222902773241,50-75%
9.0,10.80201156190558,1.80201156190558,1.80201156190558,50-75%
9.0,10.849657469357151,1.849657469357151,1.849657469357151,50-75%
9.0,10.217369719859548,1.2173697198595477,1.2173697198595477,50-75%
9.0,10.217369719859548,1.2173697198595477,1.2173697198595477,50-75%
9.0,10.122840843516746,1.1228408435167463,1.1228408435167463,50-75%
9.0,10.186673159061854,1.1866731590618542,1.1866731590618542,50-75%
9.0,10.231079508147012,1.2310795081470118,1.2310795081470118,50-75%
9.0,9.83798070015057,0.8379807001505704,0.8379807001505704,50-75%
9.0,10.122840843516746,1.1228408435167463,1.1228408435167463,50-75%
13.0,10.412927541741745,-2.5870724582582554,2.5870724582582554,50-75%
13.0,10.419374186678045,-2.580625813321955,2.580625813321955,50-75%
13.0,10.764739697953509,-2.235260302046491,2.235260302046491,50-75%
13.0,10.715102886809571,-2.2848971131904285,2.2848971131904285,50-75%
13.0,10.719275019279126,-2.2807249807208745,2.2807249807208745,50-75%
13.0,10.719275019279126,-2.2807249807208745,2.2807249807208745,50-75%
13.0,10.702037596785182,-2.297962403214818,2.297962403214818,50-75%
13.0,10.715102886809571,-2.2848971131904285,2.2848971131904285,50-75%
13.0,10.715102886809571,-2.2848971131904285,2.2848971131904285,50-75%
13.0,10.719275019279126,-2.2807249807208745,2.2807249807208745,50-75%
13.0,10.651983448491096,-2.3480165515089038,2.3480165515089038,50-75%
13.0,10.46930364321317,-2.53069635678683,2.53069635678683,50-75%
13.0,10.656815229539273,-2.343184770460727,2.343184770460727,50-75%
13.0,10.656815229539273,-2.343184770460727,2.343184770460727,50-75%
13.0,10.719275019279126,-2.2807249807208745,2.2807249807208745,50-75%
13.0,10.715102886809571,-2.2848971131904285,2.2848971131904285,50-75%
13.0,10.656815229539273,-2.343184770460727,2.343184770460727,50-75%
13.0,10.702037596785182,-2.297962403214818,2.297962403214818,50-75%
13.0,10.715102886809571,-2.2848971131904285,2.2848971131904285,50-75%
13.0,10.652665333130944,-2.347334666869056,2.347334666869056,50-75%
13.0,10.715102886809571,-2.2848971131904285,2.2848971131904285,50-75%
13.0,10.715102886809571,-2.2848971131904285,2.2848971131904285,50-75%
13.0,10.764739697953509,-2.235260302046491,2.235260302046491,50-75%
13.0,10.805276420730694,-2.194723579269306,2.194723579269306,50-75%
13.0,10.356253031446592,-2.6437469685534083,2.6437469685534083,50-75%
13.0,10.411812246338876,-2.588187753661124,2.588187753661124,50-75%
13.0,10.458679079564522,-2.541320920435478,2.541320920435478,50-75%
13.0,10.500706654851514,-2.4992933451484856,2.4992933451484856,50-75%
13.0,10.702037596785182,-2.297962403214818,2.297962403214818,50-75%
13.0,10.559803847530072,-2.4401961524699285,2.4401961524699285,50-75%
13.0,10.764739697953509,-2.235260302046491,2.235260302046491,50-75%
13.0,10.371945770524674,-2.6280542294753264,2.6280542294753264,50-75%
13.0,10.371945770524674,-2.6280542294753264,2.6280542294753264,50-75%
13.0,10.412927541741745,-2.5870724582582554,2.5870724582582554,50-75%
13.0,10.764739697953509,-2.235260302046491,2.235260302046491,50-75%
4.0,10.49246904972113,6.49246904972113,6.49246904972113,0-25%
4.0,10.55472438972548,6.5547243897254805,6.5547243897254805,0-25%
4.0,10.690469282168356,6.6904692821683565,6.6904692821683565,0-25%
4.0,9.94035790597773,5.940357905977731,5.940357905977731,0-25%
4.0,10.062929663464011,6.062929663464011,6.062929663464011,0-25%
4.0,10.669964807826453,6.669964807826453,6.669964807826453,0-25%
4.0,10.554048236343077,6.5540482363430765,6.5540482363430765,0-25%
4.0,10.646167334427195,6.646167334427195,6.646167334427195,0-25%
4.0,10.003967973466123,6.003967973466123,6.003967973466123,0-25%
4.0,10.49246904972113,6.49246904972113,6.49246904972113,0-25%
4.0,10.554048236343077,6.5540482363430765,6.5540482363430765,0-25%
4.0,10.674116156753694,6.674116156753694,6.674116156753694,0-25%
4.0,10.352091987020845,6.352091987020845,6.352091987020845,0-25%
4.0,10.554048236343077,6.5540482363430765,6.5540482363430765,0-25%
4.0,10.49246904972113,6.49246904972113,6.49246904972113,0-25%
4.0,10.26743088423575,6.2674308842357505,6.2674308842357505,0-25%
4.0,10.399800652817003,6.399800652817003,6.399800652817003,0-25%
4.0,10.347885096253407,6.347885096253407,6.347885096253407,0-25%
4.0,10.062929663464011,6.062929663464011,6.062929663464011,0-25%
4.0,10.584492242064634,6.584492242064634,6.584492242064634,0-25%
4.0,10.554048236343077,6.5540482363430765,6.5540482363430765,0-25%
4.0,10.554048236343077,6.5540482363430765,6.5540482363430765,0-25%
4.0,10.327804266680237,6.327804266680237,6.327804266680237,0-25%
4.0,10.460883301707831,6.460883301707831,6.460883301707831,0-25%
4.0,10.282726030356176,6.2827260303561765,6.2827260303561765,0-25%
4.0,10.520254326942288,6.520254326942288,6.520254326942288,0-25%
4.0,10.605252933266787,6.605252933266787,6.605252933266787,0-25%
4.0,10.554048236343077,6.5540482363430765,6.5540482363430765,0-25%
4.0,10.343181367570633,6.343181367570633,6.343181367570633,0-25%
4.0,10.625629713429046,6.625629713429046,6.625629713429046,0-25%
21.0,10.066291211385487,-10.933708788614513,10.933708788614513,75-100%
21.0,10.458855250478367,-10.541144749521633,10.541144749521633,75-100%
21.0,10.646105562710378,-10.353894437289622,10.353894437289622,75-100%
21.0,9.372272369074755,-11.627727630925245,11.627727630925245,75-100%
21.0,10.584035741536427,-10.415964258463573,10.415964258463573,75-100%
21.0,10.543400842851876,-10.456599157148124,10.456599157148124,75-100%
21.0,10.458855250478367,-10.541144749521633,10.541144749521633,75-100%
21.0,10.646105562710378,-10.353894437289622,10.353894437289622,75-100%
21.0,10.661914746555897,-10.338085253444103,10.338085253444103,75-100%
21.0,10.661914746555897,-10.338085253444103,10.338085253444103,75-100%
21.0,9.420000545408085,-11.579999454591915,11.579999454591915,75-100%
21.0,10.696134461005801,-10.303865538994199,10.303865538994199,75-100%
21.0,10.661914746555897,-10.338085253444103,10.338085253444103,75-100%
21.0,10.543400842851876,-10.456599157148124,10.456599157148124,75-100%
21.0,10.520254326942288,-10.479745673057712,10.479745673057712,75-100%
21.0,10.543400842851876,-10.456599157148124,10.456599157148124,75-100%
21.0,10.661914746555897,-10.338085253444103,10.338085253444103,75-100%
21.0,9.214163009515142,-11.785836990484858,11.785836990484858,75-100%
21.0,9.711842552482373,-11.288157447517627,11.288157447517627,75-100%
21.0,10.841998433493714,-10.158001566506286,10.158001566506286,75-100%
21.0,10.661914746555897,-10.338085253444103,10.338085253444103,75-100%
21.0,10.543400842851876,-10.456599157148124,10.456599157148124,75-100%
21.0,10.584035741536427,-10.415964258463573,10.415964258463573,75-100%
21.0,10.371803305521405,-10.628196694478595,10.628196694478595,75-100%
21.0,10.599760667755316,-10.400239332244684,10.400239332244684,75-100%
21.0,10.584035741536427,-10.415964258463573,10.415964258463573,75-100%
21.0,10.584035741536427,-10.415964258463573,10.415964258463573,75-100%
21.0,10.371803305521405,-10.628196694478595,10.628196694478595,75-100%
21.0,10.37246879376516,-10.62753120623484,10.62753120623484,75-100%
21.0,10.29771306028331,-10.70228693971669,10.70228693971669,75-100%
21.0,10.760208747265512,-10.239791252734488,10.239791252734488,75-100%
21.0,10.841998433493714,-10.158001566506286,10.158001566506286,75-100%
21.0,10.829471713549797,-10.170528286450203,10.170528286450203,75-100%
21.0,10.359785627042726,-10.640214372957274,10.640214372957274,75-100%
13.0,11.702856106895725,-1.2971438931042751,1.2971438931042751,50-75%
13.0,11.635154161150183,-1.364845838849817,1.364845838849817,50-75%
13.0,10.549498698668604,-2.4505013013313963,2.4505013013313963,50-75%
13.0,10.611383462741344,-2.388616537258656,2.388616537258656,50-75%
13.0,11.702856106895725,-1.2971438931042751,1.2971438931042751,50-75%
13.0,11.702856106895725,-1.2971438931042751,1.2971438931042751,50-75%
13.0,11.702856106895725,-1.2971438931042751,1.2971438931042751,50-75%
13.0,11.702856106895725,-1.2971438931042751,1.2971438931042751,50-75%
13.0,11.28341891537733,-1.7165810846226695,1.7165810846226695,50-75%
13.0,10.611383462741344,-2.388616537258656,2.388616537258656,50-75%
13.0,10.616198408008508,-2.3838015919914923,2.3838015919914923,50-75%
13.0,10.533841908834434,-2.466158091165566,2.466158091165566,50-75%
13.0,11.702856106895725,-1.2971438931042751,1.2971438931042751,50-75%
13.0,11.702856106895725,-1.2971438931042751,1.2971438931042751,50-75%
13.0,11.702856106895725,-1.2971438931042751,1.2971438931042751,50-75%
13.0,10.596321367903183,-2.403678632096817,2.403678632096817,50-75%
13.0,10.616198408008508,-2.3838015919914923,2.3838015919914923,50-75%
13.0,10.612062971433199,-2.3879370285668013,2.3879370285668013,50-75%
13.0,10.612062971433199,-2.3879370285668013,2.3879370285668013,50-75%
13.0,11.427222526005867,-1.5727774739941331,1.5727774739941331,50-75%
13.0,11.702856106895725,-1.2971438931042751,1.2971438931042751,50-75%
13.0,10.645454902560491,-2.354545097439509,2.354545097439509,50-75%
13.0,10.661263203157453,-2.3387367968425465,2.3387367968425465,50-75%
13.0,10.612062971433199,-2.3879370285668013,2.3879370285668013,50-75%
13.0,10.612062971433199,-2.3879370285668013,2.3879370285668013,50-75%
13.0,11.487229887327853,-1.512770112672147,1.512770112672147,50-75%
13.0,10.672574308855708,-2.327425691144292,2.327425691144292,50-75%
13.0,10.599112596863797,-2.4008874031362026,2.4008874031362026,50-75%
13.0,10.355752930225135,-2.644247069774865,2.644247069774865,50-75%
13.0,10.672574308855708,-2.327425691144292,2.327425691144292,50-75%
8.0,10.794616311227962,2.794616311227962,2.794616311227962,25-50%
8.0,10.815835311304784,2.8158353113047845,2.8158353113047845,25-50%
8.0,10.241231647101822,2.241231647101822,2.241231647101822,25-50%
8.0,10.77408092131392,2.774080921313921,2.774080921313921,25-50%
8.0,10.686135621691584,2.6861356216915837,2.6861356216915837,25-50%
8.0,10.385633853050011,2.3856338530500114,2.3856338530500114,25-50%
8.0,9.750444521251872,1.7504445212518718,1.7504445212518718,25-50%
8.0,10.86511503578226,2.86511503578226,2.86511503578226,25-50%
8.0,10.815835311304784,2.8158353113047845,2.8158353113047845,25-50%
8.0,10.794616311227962,2.794616311227962,2.794616311227962,25-50%
8.0,10.390355185698297,2.390355185698297,2.390355185698297,25-50%
8.0,10.44664059309976,2.44664059309976,2.44664059309976,25-50%
8.0,10.44664059309976,2.44664059309976,2.44664059309976,25-50%
8.0,10.241231647101822,2.241231647101822,2.241231647101822,25-50%
8.0,10.815835311304784,2.8158353113047845,2.8158353113047845,25-50%
8.0,10.817406975497898,2.8174069754978976,2.8174069754978976,25-50%
8.0,10.794616311227962,2.794616311227962,2.794616311227962,25-50%
8.0,10.44664059309976,2.44664059309976,2.44664059309976,25-50%
8.0,10.385633853050011,2.3856338530500114,2.3856338530500114,25-50%
8.0,10.44664059309976,2.44664059309976,2.44664059309976,25-50%
8.0,10.794616311227962,2.794616311227962,2.794616311227962,25-50%
8.0,10.794616311227962,2.794616311227962,2.794616311227962,25-50%
8.0,10.809472933813325,2.809472933813325,2.809472933813325,25-50%
8.0,10.670293603420822,2.670293603420822,2.670293603420822,25-50%
8.0,10.44664059309976,2.44664059309976,2.44664059309976,25-50%
8.0,10.44664059309976,2.44664059309976,2.44664059309976,25-50%
8.0,10.44664059309976,2.44664059309976,2.44664059309976,25-50%
8.0,10.241231647101822,2.241231647101822,2.241231647101822,25-50%
8.0,10.794616311227962,2.794616311227962,2.794616311227962,25-50%
8.0,10.815835311304784,2.8158353113047845,2.8158353113047845,25-50%
8.0,10.653403690807561,2.6534036908075613,2.6534036908075613,25-50%
8.0,10.44664059309976,2.44664059309976,2.44664059309976,25-50%
8.0,10.559118959826815,2.559118959826815,2.559118959826815,25-50%
5.0,11.142295313133372,6.142295313133372,6.142295313133372,0-25%
5.0,10.503867583506395,5.503867583506395,5.503867583506395,0-25%
5.0,10.488272652355327,5.488272652355327,5.488272652355327,0-25%
5.0,10.488272652355327,5.488272652355327,5.488272652355327,0-25%
5.0,10.809686278113935,5.809686278113935,5.809686278113935,0-25%
5.0,10.936184402861285,5.936184402861285,5.936184402861285,0-25%
5.0,10.504540800271482,5.5045408002714815,5.5045408002714815,0-25%
5.0,10.488272652355327,5.488272652355327,5.488272652355327,0-25%
5.0,10.432542615328448,5.4325426153284475,5.4325426153284475,0-25%
5.0,10.809686278113935,5.809686278113935,5.809686278113935,0-25%
5.0,10.776575917539496,5.776575917539496,5.776575917539496,0-25%
5.0,10.504540800271482,5.5045408002714815,5.5045408002714815,0-25%
5.0,10.488272652355327,5.488272652355327,5.488272652355327,0-25%
5.0,10.986757934883023,5.986757934883023,5.986757934883023,0-25%
5.0,10.697367945830088,5.697367945830088,5.697367945830088,0-25%
5.0,10.537623538024356,5.537623538024356,5.537623538024356,0-25%
5.0,10.488944956490897,5.488944956490897,5.488944956490897,0-25%
5.0,10.618364820605938,5.6183648206059384,5.6183648206059384,0-25%
5.0,10.936184402861285,5.936184402861285,5.936184402861285,0-25%
5.0,10.699168013268917,5.699168013268917,5.699168013268917,0-25%
5.0,10.71504922754827,5.7150492275482705,5.7150492275482705,0-25%
5.0,10.427069840207587,5.4270698402075865,5.4270698402075865,0-25%
5.0,10.670949473815064,5.670949473815064,5.670949473815064,0-25%
5.0,10.699168013268917,5.699168013268917,5.699168013268917,0-25%
5.0,10.618364820605938,5.6183648206059384,5.6183648206059384,0-25%
5.0,10.618364820605938,5.6183648206059384,5.6183648206059384,0-25%
3.0,10.333618653101414,7.333618653101414,7.333618653101414,0-25%
3.0,10.333618653101414,7.333618653101414,7.333618653101414,0-25%
3.0,10.033828183315336,7.033828183315336,7.033828183315336,0-25%
3.0,10.333618653101414,7.333618653101414,7.333618653101414,0-25%
3.0,10.333618653101414,7.333618653101414,7.333618653101414,0-25%
3.0,10.333618653101414,7.333618653101414,7.333618653101414,0-25%
3.0,10.273963822436873,7.273963822436873,7.273963822436873,0-25%
3.0,10.338318416369821,7.338318416369821,7.338318416369821,0-25%
3.0,10.333618653101414,7.333618653101414,7.333618653101414,0-25%
3.0,10.333618653101414,7.333618653101414,7.333618653101414,0-25%
3.0,10.228215540199862,7.228215540199862,7.228215540199862,0-25%
3.0,10.333618653101414,7.333618653101414,7.333618653101414,0-25%
3.0,10.333618653101414,7.333618653101414,7.333618653101414,0-25%
3.0,10.333618653101414,7.333618653101414,7.333618653101414,0-25%
5.0,9.66670554271253,4.6667055427125295,4.6667055427125295,0-25%
5.0,10.400319909704645,5.4003199097046455,5.4003199097046455,0-25%
5.0,9.66670554271253,4.6667055427125295,4.6667055427125295,0-25%
5.0,9.715788557978904,4.715788557978904,4.715788557978904,0-25%
5.0,10.23748535307331,5.2374853530733105,5.2374853530733105,0-25%
5.0,10.145274701895541,5.145274701895541,5.145274701895541,0-25%
5.0,10.17741246695607,5.177412466956071,5.177412466956071,0-25%
5.0,10.432553822617578,5.432553822617578,5.432553822617578,0-25%
5.0,10.14971593883541,5.14971593883541,5.14971593883541,0-25%
5.0,10.185901754843197,5.185901754843197,5.185901754843197,0-25%
5.0,10.23737385974031,5.237373859740311,5.237373859740311,0-25%
5.0,10.140402799433755,5.140402799433755,5.140402799433755,0-25%
5.0,10.177834379564192,5.177834379564192,5.177834379564192,0-25%
5.0,10.085694751677476,5.085694751677476,5.085694751677476,0-25%
5.0,10.085694751677476,5.085694751677476,5.085694751677476,0-25%
5.0,10.241963334675042,5.241963334675042,5.241963334675042,0-25%
5.0,10.480519591701862,5.480519591701862,5.480519591701862,0-25%
5.0,10.7388979625692,5.738897962569199,5.738897962569199,0-25%
5.0,10.127441710654109,5.127441710654109,5.127441710654109,0-25%
5.0,10.085694751677476,5.085694751677476,5.085694751677476,0-25%
5.0,10.177834379564192,5.177834379564192,5.177834379564192,0-25%
6.0,10.593660237637879,4.593660237637879,4.593660237637879,25-50%
6.0,10.16929179963133,4.1692917996313295,4.1692917996313295,25-50%
5.0,10.480333816753552,5.480333816753552,5.480333816753552,0-25%
5.0,10.034917403674488,5.034917403674488,5.034917403674488,0-25%
6.0,10.655781628986961,4.655781628986961,4.655781628986961,25-50%
6.0,10.655781628986961,4.655781628986961,4.655781628986961,25-50%
6.0,10.42195121443713,4.421951214437129,4.421951214437129,25-50%
6.0,10.259777959373597,4.259777959373597,4.259777959373597,25-50%
6.0,10.259777959373597,4.259777959373597,4.259777959373597,25-50%
6.0,10.842238500027081,4.842238500027081,4.842238500027081,25-50%
6.0,10.655781628986961,4.655781628986961,4.655781628986961,25-50%
6.0,10.42195121443713,4.421951214437129,4.421951214437129,25-50%
6.0,10.593472631875425,4.593472631875425,4.593472631875425,25-50%
6.0,10.311590006801257,4.311590006801257,4.311590006801257,25-50%
6.0,10.67878743137755,4.67878743137755,4.67878743137755,25-50%
6.0,11.01659806930695,5.01659806930695,5.01659806930695,25-50%
6.0,10.856112314272856,4.856112314272856,4.856112314272856,25-50%
6.0,10.655781628986961,4.655781628986961,4.655781628986961,25-50%
6.0,10.593472631875425,4.593472631875425,4.593472631875425,25-50%
7.0,10.717944581210004,3.717944581210004,3.717944581210004,25-50%
7.0,9.978429186701678,2.9784291867016783,2.9784291867016783,25-50%
7.0,10.078557436618903,3.078557436618903,3.078557436618903,25-50%
6.0,10.67878743137755,4.67878743137755,4.67878743137755,25-50%
6.0,10.952553647825031,4.952553647825031,4.952553647825031,25-50%
6.0,11.032910183863395,5.032910183863395,5.032910183863395,25-50%
6.0,10.856112314272856,4.856112314272856,4.856112314272856,25-50%
6.0,10.593472631875425,4.593472631875425,4.593472631875425,25-50%
6.5,10.667170519126312,4.167170519126312,4.167170519126312,25-50%
7.0,9.973878598480235,2.973878598480235,2.973878598480235,25-50%
7.0,10.05223672328164,3.0522367232816396,3.0522367232816396,25-50%
7.0,9.978429186701678,2.9784291867016783,2.9784291867016783,25-50%
6.0,11.032910183863395,5.032910183863395,5.032910183863395,25-50%
6.0,10.952553647825031,4.952553647825031,4.952553647825031,25-50%
6.0,10.952553647825031,4.952553647825031,4.952553647825031,25-50%
6.0,10.856112314272856,4.856112314272856,4.856112314272856,25-50%
6.5,10.931479760793476,4.431479760793476,4.431479760793476,25-50%
7.0,9.945561547608108,2.945561547608108,2.945561547608108,25-50%
7.0,9.944779471786626,2.9447794717866262,2.9447794717866262,25-50%
7.0,9.988775257567482,2.9887752575674824,2.9887752575674824,25-50%
7.0,10.032679062963435,3.0326790629634353,3.0326790629634353,25-50%
7.0,9.973878598480235,2.973878598480235,2.973878598480235,25-50%
7.0,10.032679062963435,3.0326790629634353,3.0326790629634353,25-50%
7.0,10.004388353390087,3.0043883533900875,3.0043883533900875,25-50%
7.0,9.960494335424016,2.9604943354240163,2.9604943354240163,25-50%
7.0,9.975372825838983,2.975372825838983,2.975372825838983,25-50%
7.0,10.119819777431537,3.1198197774315375,3.1198197774315375,25-50%
7.0,9.973878598480235,2.973878598480235,2.973878598480235,25-50%
7.0,10.032679062963435,3.0326790629634353,3.0326790629634353,25-50%
7.0,9.945561547608108,2.945561547608108,2.945561547608108,25-50%
7.0,9.945561547608108,2.945561547608108,2.945561547608108,25-50%
7.0,9.975372825838983,2.975372825838983,2.975372825838983,25-50%
7.0,10.119819777431537,3.1198197774315375,3.1198197774315375,25-50%
7.0,10.119819777431537,3.1198197774315375,3.1198197774315375,25-50%
7.0,10.032679062963435,3.0326790629634353,3.0326790629634353,25-50%
7.0,9.975372825838983,2.975372825838983,2.975372825838983,25-50%
7.0,10.17940222697431,3.179402226974309,3.179402226974309,25-50%
7.0,10.171023709553054,3.1710237095530545,3.1710237095530545,25-50%
6.0,10.733754849373586,4.733754849373586,4.733754849373586,25-50%
6.0,10.733754849373586,4.733754849373586,4.733754849373586,25-50%
6.0,10.671217887014977,4.671217887014977,4.671217887014977,25-50%
6.0,10.733754849373586,4.733754849373586,4.733754849373586,25-50%
6.0,10.733754849373586,4.733754849373586,4.733754849373586,25-50%
6.0,10.733754849373586,4.733754849373586,4.733754849373586,25-50%
6.0,10.733754849373586,4.733754849373586,4.733754849373586,25-50%
6.0,10.671217887014977,4.671217887014977,4.671217887014977,25-50%
6.0,10.671217887014977,4.671217887014977,4.671217887014977,25-50%
6.0,9.984874268546623,3.9848742685466227,3.9848742685466227,25-50%
6.0,10.729566435829113,4.729566435829113,4.729566435829113,25-50%
6.0,10.616819677357324,4.616819677357324,4.616819677357324,25-50%
6.0,10.733944725185161,4.733944725185161,4.733944725185161,25-50%
6.0,9.999963852587484,3.9999638525874843,3.9999638525874843,25-50%
6.0,10.043912360135124,4.043912360135124,4.043912360135124,25-50%
6.0,10.058904087621624,4.058904087621624,4.058904087621624,25-50%
6.0,10.479373059203958,4.479373059203958,4.479373059203958,25-50%
6.0,10.484133263115817,4.484133263115817,4.484133263115817,25-50%
6.0,10.733944725185161,4.733944725185161,4.733944725185161,25-50%
6.0,10.043912360135124,4.043912360135124,4.043912360135124,25-50%
6.0,10.058904087621624,4.058904087621624,4.058904087621624,25-50%
23.0,11.820201143399476,-11.179798856600524,11.179798856600524,75-100%
23.0,11.819993690053336,-11.180006309946664,11.180006309946664,75-100%
23.0,11.819993690053336,-11.180006309946664,11.180006309946664,75-100%
23.0,11.819993690053336,-11.180006309946664,11.180006309946664,75-100%
6.0,10.479373059203958,4.479373059203958,4.479373059203958,25-50%
6.0,10.479373059203958,4.479373059203958,4.479373059203958,25-50%
6.0,10.494955909466395,4.494955909466395,4.494955909466395,25-50%
6.0,10.043912360135124,4.043912360135124,4.043912360135124,25-50%
6.0,11.888894611732937,5.888894611732937,5.888894611732937,25-50%
23.0,11.888894611732937,-11.111105388267063,11.111105388267063,75-100%
23.0,11.679672620557465,-11.320327379442535,11.320327379442535,75-100%
23.0,11.888894611732937,-11.111105388267063,11.111105388267063,75-100%
23.0,11.819993690053336,-11.180006309946664,11.180006309946664,75-100%
23.0,11.819993690053336,-11.180006309946664,11.180006309946664,75-100%
23.0,11.819993690053336,-11.180006309946664,11.180006309946664,75-100%
6.0,10.418191866131547,4.418191866131547,4.418191866131547,25-50%
6.0,10.494955909466395,4.494955909466395,4.494955909466395,25-50%
6.0,10.494955909466395,4.494955909466395,4.494955909466395,25-50%
6.0,11.888894611732937,5.888894611732937,5.888894611732937,25-50%
23.0,11.451588264433678,-11.548411735566322,11.548411735566322,75-100%
23.0,10.890069013170917,-12.109930986829083,12.109930986829083,75-100%
23.0,11.819993690053336,-11.180006309946664,11.180006309946664,75-100%
23.0,11.819993690053336,-11.180006309946664,11.180006309946664,75-100%
23.0,11.888894611732937,-11.111105388267063,11.111105388267063,75-100%
23.0,11.820201143399476,-11.179798856600524,11.179798856600524,75-100%
23.0,11.173816323786252,-11.826183676213748,11.826183676213748,75-100%
23.0,11.388257856860902,-11.611742143139098,11.611742143139098,75-100%
23.0,11.52095328592439,-11.47904671407561,11.47904671407561,75-100%
23.0,11.888894611732937,-11.111105388267063,11.111105388267063,75-100%
23.0,11.888894611732937,-11.111105388267063,11.111105388267063,75-100%
23.0,11.888894611732937,-11.111105388267063,11.111105388267063,75-100%
23.0,11.588247018087205,-11.411752981912795,11.411752981912795,75-100%
23.0,11.388257856860902,-11.611742143139098,11.611742143139098,75-100%
23.0,11.353525377532476,-11.646474622467524,11.646474622467524,75-100%
23.0,11.888894611732937,-11.111105388267063,11.111105388267063,75-100%
23.0,11.888894611732937,-11.111105388267063,11.111105388267063,75-100%
23.0,11.574004479721012,-11.425995520278988,11.425995520278988,75-100%
3.0,9.237372506874987,6.237372506874987,6.237372506874987,0-25%
3.0,9.285904355414424,6.285904355414424,6.285904355414424,0-25%
3.0,9.543040735724011,6.543040735724011,6.543040735724011,0-25%
3.0,9.685931060916804,6.685931060916804,6.685931060916804,0-25%
3.0,9.626559948079473,6.626559948079473,6.626559948079473,0-25%
3.0,9.474071526065476,6.474071526065476,6.474071526065476,0-25%
3.0,9.139818085495811,6.139818085495811,6.139818085495811,0-25%
3.0,9.237372506874987,6.237372506874987,6.237372506874987,0-25%
3.0,9.237372506874987,6.237372506874987,6.237372506874987,0-25%
3.0,9.704354304802434,6.704354304802434,6.704354304802434,0-25%
3.0,9.555271391187453,6.555271391187453,6.555271391187453,0-25%
3.0,9.454718776589196,6.454718776589196,6.454718776589196,0-25%
3.0,9.525829120397288,6.5258291203972885,6.5258291203972885,0-25%
3.0,9.321963510592175,6.321963510592175,6.321963510592175,0-25%
3.0,9.343372208708722,6.343372208708722,6.343372208708722,0-25%
3.0,9.413265033881279,6.413265033881279,6.413265033881279,0-25%
3.0,9.569599805528547,6.569599805528547,6.569599805528547,0-25%
3.0,9.525005429207134,6.525005429207134,6.525005429207134,0-25%
3.0,9.474071526065476,6.474071526065476,6.474071526065476,0-25%
3.0,9.525829120397288,6.5258291203972885,6.5258291203972885,0-25%
3.0,9.457905286854489,6.457905286854489,6.457905286854489,0-25%
3.0,9.454718776589196,6.454718776589196,6.454718776589196,0-25%
3.0,9.525829120397288,6.5258291203972885,6.5258291203972885,0-25%
3.0,9.525829120397288,6.5258291203972885,6.5258291203972885,0-25%
3.0,9.525829120397288,6.5258291203972885,6.5258291203972885,0-25%
3.0,9.354301157043832,6.354301157043832,6.354301157043832,0-25%
3.0,9.525829120397288,6.5258291203972885,6.5258291203972885,0-25%
3.0,9.474071526065476,6.474071526065476,6.474071526065476,0-25%
3.0,9.525005429207134,6.525005429207134,6.525005429207134,0-25%
3.0,9.510737468119991,6.510737468119991,6.510737468119991,0-25%
3.0,9.303386999807781,6.303386999807781,6.303386999807781,0-25%
3.0,9.358594822265628,6.358594822265628,6.358594822265628,0-25%
3.0,9.704354304802434,6.704354304802434,6.704354304802434,0-25%
3.0,9.763720988191565,6.763720988191565,6.763720988191565,0-25%
3.0,9.704354304802434,6.704354304802434,6.704354304802434,0-25%
11.0,9.385766741519081,-1.614233258480919,1.614233258480919,50-75%
11.0,9.328063343883647,-1.671936656116353,1.671936656116353,50-75%
11.0,9.172333864015968,-1.8276661359840318,1.8276661359840318,50-75%
11.0,9.192436092792994,-1.8075639072070064,1.8075639072070064,50-75%
11.0,9.22816757755212,-1.7718324224478792,1.7718324224478792,50-75%
11.0,9.24973940221815,-1.7502605977818497,1.7502605977818497,50-75%
11.0,9.294164037910818,-1.705835962089182,1.705835962089182,50-75%
11.0,9.383056522059483,-1.6169434779405165,1.6169434779405165,50-75%
11.0,9.385766741519081,-1.614233258480919,1.614233258480919,50-75%
11.0,9.192436092792994,-1.8075639072070064,1.8075639072070064,50-75%
11.0,9.135806841686765,-1.8641931583132347,1.8641931583132347,50-75%
11.0,9.273018243925021,-1.726981756074979,1.726981756074979,50-75%
11.0,9.438691231408004,-1.5613087685919957,1.5613087685919957,50-75%
11.0,9.328063343883647,-1.671936656116353,1.671936656116353,50-75%
11.0,9.385766741519081,-1.614233258480919,1.614233258480919,50-75%
11.0,9.135806841686765,-1.8641931583132347,1.8641931583132347,50-75%
11.0,9.135806841686765,-1.8641931583132347,1.8641931583132347,50-75%
11.0,9.135806841686765,-1.8641931583132347,1.8641931583132347,50-75%
11.0,9.171339802049527,-1.828660197950473,1.828660197950473,50-75%
11.0,9.273018243925021,-1.726981756074979,1.726981756074979,50-75%
11.0,9.383056522059483,-1.6169434779405165,1.6169434779405165,50-75%
11.0,9.50093092713806,-1.4990690728619391,1.4990690728619391,50-75%
11.0,9.514505094407454,-1.485494905592546,1.485494905592546,50-75%
11.0,8.991852342115891,-2.008147657884109,2.008147657884109,50-75%
11.0,8.991852342115891,-2.008147657884109,2.008147657884109,50-75%
11.0,9.08798319629123,-1.9120168037087701,1.9120168037087701,50-75%
11.0,9.135806841686765,-1.8641931583132347,1.8641931583132347,50-75%
11.0,9.35664856906678,-1.6433514309332207,1.6433514309332207,50-75%
11.0,9.497012712489564,-1.502987287510436,1.502987287510436,50-75%
11.0,9.438691231408004,-1.5613087685919957,1.5613087685919957,50-75%
11.0,9.288898677510405,-1.7111013224895952,1.7111013224895952,50-75%
11.0,8.991852342115891,-2.008147657884109,2.008147657884109,50-75%
11.0,9.08798319629123,-1.9120168037087701,1.9120168037087701,50-75%
11.0,9.08798319629123,-1.9120168037087701,1.9120168037087701,50-75%
11.0,9.54815054170162,-1.4518494582983799,1.4518494582983799,50-75%
11.0,9.368662996742753,-1.6313370032572472,1.6313370032572472,50-75%
11.0,9.229167193391635,-1.7708328066083645,1.7708328066083645,50-75%
11.0,9.382738096669083,-1.6172619033309168,1.6172619033309168,50-75%
4.0,8.121086523820736,4.121086523820736,4.121086523820736,0-25%
4.0,8.09906148696071,4.099061486960711,4.099061486960711,0-25%
4.0,8.18115709412864,4.18115709412864,4.18115709412864,0-25%
4.0,8.18115709412864,4.18115709412864,4.18115709412864,0-25%
4.0,8.132224618295071,4.132224618295071,4.132224618295071,0-25%
4.0,8.072474203899953,4.072474203899953,4.072474203899953,0-25%
4.0,8.160234110304284,4.160234110304284,4.160234110304284,0-25%
4.0,8.155207639798006,4.155207639798006,4.155207639798006,0-25%
4.0,8.193620196032887,4.193620196032887,4.193620196032887,0-25%
4.0,8.193620196032887,4.193620196032887,4.193620196032887,0-25%
4.0,8.132224618295071,4.132224618295071,4.132224618295071,0-25%
4.0,8.072474203899953,4.072474203899953,4.072474203899953,0-25%
4.0,8.133468082011971,4.133468082011971,4.133468082011971,0-25%
4.0,8.105461612058948,4.1054616120589476,4.1054616120589476,0-25%
4.0,8.212423201158577,4.212423201158577,4.212423201158577,0-25%
4.0,8.212423201158577,4.212423201158577,4.212423201158577,0-25%
4.0,8.160234110304284,4.160234110304284,4.160234110304284,0-25%
4.0,8.326634183777646,4.326634183777646,4.326634183777646,0-25%
4.0,8.144621296062741,4.144621296062741,4.144621296062741,0-25%
4.0,8.193620196032887,4.193620196032887,4.193620196032887,0-25%
4.0,8.193620196032887,4.193620196032887,4.193620196032887,0-25%
4.0,8.154250685796026,4.1542506857960255,4.1542506857960255,0-25%
4.0,8.16525254878713,4.16525254878713,4.16525254878713,0-25%
4.0,8.09798413703047,4.097984137030471,4.097984137030471,0-25%
4.0,8.053751319510734,4.053751319510734,4.053751319510734,0-25%
4.0,8.128886721866333,4.128886721866333,4.128886721866333,0-25%
4.0,8.066041472500594,4.066041472500594,4.066041472500594,0-25%
4.0,8.154250685796026,4.1542506857960255,4.1542506857960255,0-25%
4.0,8.066041472500594,4.066041472500594,4.066041472500594,0-25%
6.0,8.57342285166452,2.5734228516645192,2.5734228516645192,25-50%
6.0,8.57342285166452,2.5734228516645192,2.5734228516645192,25-50%
6.0,8.694184592213569,2.6941845922135688,2.6941845922135688,25-50%
6.0,8.672663045638313,2.6726630456383127,2.6726630456383127,25-50%
6.0,8.57342285166452,2.5734228516645192,2.5734228516645192,25-50%
6.0,8.57342285166452,2.5734228516645192,2.5734228516645192,25-50%
6.0,8.694184592213569,2.6941845922135688,2.6941845922135688,25-50%
6.0,8.57342285166452,2.5734228516645192,2.5734228516645192,25-50%
6.0,8.522399731426963,2.5223997314269635,2.5223997314269635,25-50%
6.0,8.57342285166452,2.5734228516645192,2.5734228516645192,25-50%
6.0,8.446336116537726,2.4463361165377258,2.4463361165377258,25-50%
6.0,8.487582174892694,2.487582174892694,2.487582174892694,25-50%
6.0,8.57342285166452,2.5734228516645192,2.5734228516645192,25-50%
6.0,8.57342285166452,2.5734228516645192,2.5734228516645192,25-50%
6.0,8.522399731426963,2.5223997314269635,2.5223997314269635,25-50%
6.0,8.57342285166452,2.5734228516645192,2.5734228516645192,25-50%
6.0,8.57342285166452,2.5734228516645192,2.5734228516645192,25-50%
11.0,7.924436782021565,-3.075563217978435,3.075563217978435,50-75%
11.0,7.876872539008692,-3.1231274609913076,3.1231274609913076,50-75%
11.0,7.9123385918983375,-3.0876614081016625,3.0876614081016625,50-75%
11.0,8.037012037070442,-2.9629879629295583,2.9629879629295583,50-75%
11.0,8.783829089776125,-2.216170910223875,2.216170910223875,50-75%
11.0,8.783829089776125,-2.216170910223875,2.216170910223875,50-75%
6.0,8.522399731426963,2.5223997314269635,2.5223997314269635,25-50%
6.0,8.522399731426963,2.5223997314269635,2.5223997314269635,25-50%
6.0,8.57342285166452,2.5734228516645192,2.5734228516645192,25-50%
6.0,8.57342285166452,2.5734228516645192,2.5734228516645192,25-50%
6.0,8.57342285166452,2.5734228516645192,2.5734228516645192,25-50%
8.5,8.623995890819042,0.12399589081904239,0.12399589081904239,50-75%
11.0,7.876872539008692,-3.1231274609913076,3.1231274609913076,50-75%
11.0,7.9123385918983375,-3.0876614081016625,3.0876614081016625,50-75%
11.0,8.661950635855948,-2.3380493641440516,2.3380493641440516,50-75%
11.0,8.661950635855948,-2.3380493641440516,2.3380493641440516,50-75%
11.0,8.783829089776125,-2.216170910223875,2.216170910223875,50-75%
6.0,8.036529574821893,2.036529574821893,2.036529574821893,25-50%
6.0,8.080699317395949,2.0806993173959487,2.0806993173959487,25-50%
6.0,8.080699317395949,2.0806993173959487,2.0806993173959487,25-50%
6.0,8.560768276696026,2.5607682766960256,2.5607682766960256,25-50%
6.0,7.9267768531129725,1.9267768531129725,1.9267768531129725,25-50%
6.0,8.57342285166452,2.5734228516645192,2.5734228516645192,25-50%
6.0,8.259176112664182,2.259176112664182,2.259176112664182,25-50%
6.0,8.538418734974876,2.5384187349748757,2.5384187349748757,25-50%
11.0,8.626622827532065,-2.3733771724679347,2.3733771724679347,50-75%
11.0,8.661950635855948,-2.3380493641440516,2.3380493641440516,50-75%
11.0,8.661950635855948,-2.3380493641440516,2.3380493641440516,50-75%
11.0,8.610455692337718,-2.389544307662282,2.389544307662282,50-75%
11.0,8.610455692337718,-2.389544307662282,2.389544307662282,50-75%
11.0,8.661950635855948,-2.3380493641440516,2.3380493641440516,50-75%
11.0,8.661950635855948,-2.3380493641440516,2.3380493641440516,50-75%
11.0,8.610455692337718,-2.389544307662282,2.389544307662282,50-75%
6.0,8.080699317395949,2.0806993173959487,2.0806993173959487,25-50%
6.0,8.080699317395949,2.0806993173959487,2.0806993173959487,25-50%
6.0,8.080699317395949,2.0806993173959487,2.0806993173959487,25-50%
6.0,8.036529574821893,2.036529574821893,2.036529574821893,25-50%
6.0,8.084949295483764,2.0849492954837636,2.0849492954837636,25-50%
6.0,8.509812601082006,2.5098126010820057,2.5098126010820057,25-50%
6.0,8.509812601082006,2.5098126010820057,2.5098126010820057,25-50%
6.0,8.4198834838078,2.4198834838077996,2.4198834838077996,25-50%
6.0,8.22532100293806,2.2253210029380597,2.2253210029380597,25-50%
6.0,8.174065050498942,2.1740650504989425,2.1740650504989425,25-50%
11.0,8.575316169336626,-2.4246838306633745,2.4246838306633745,50-75%
11.0,8.589120027865409,-2.410879972134591,2.410879972134591,50-75%
11.0,8.626622827532065,-2.3733771724679347,2.3733771724679347,50-75%
11.0,8.661950635855948,-2.3380493641440516,2.3380493641440516,50-75%
11.0,8.610455692337718,-2.389544307662282,2.389544307662282,50-75%
11.0,8.661950635855948,-2.3380493641440516,2.3380493641440516,50-75%
6.0,8.084949295483764,2.0849492954837636,2.0849492954837636,25-50%
6.0,8.080699317395949,2.0806993173959487,2.0806993173959487,25-50%
6.0,8.032302247686234,2.032302247686234,2.032302247686234,25-50%
6.0,8.036529574821893,2.036529574821893,2.036529574821893,25-50%
6.0,8.036529574821893,2.036529574821893,2.036529574821893,25-50%
6.0,8.120373005294384,2.1203730052943843,2.1203730052943843,25-50%
6.0,8.036529574821893,2.036529574821893,2.036529574821893,25-50%
6.0,8.509812601082006,2.5098126010820057,2.5098126010820057,25-50%
11.0,8.450231196261692,-2.549768803738308,2.549768803738308,50-75%
11.0,8.548916994821866,-2.451083005178134,2.451083005178134,50-75%
11.0,8.540543977350067,-2.459456022649933,2.459456022649933,50-75%
11.0,8.626622827532065,-2.3733771724679347,2.3733771724679347,50-75%
6.0,8.074318247496295,2.0743182474962953,2.0743182474962953,25-50%
6.0,8.084949295483764,2.0849492954837636,2.0849492954837636,25-50%
6.0,8.036529574821893,2.036529574821893,2.036529574821893,25-50%
6.0,8.036529574821893,2.036529574821893,2.036529574821893,25-50%
6.0,8.084949295483764,2.0849492954837636,2.0849492954837636,25-50%
6.0,8.036529574821893,2.036529574821893,2.036529574821893,25-50%
6.0,8.036529574821893,2.036529574821893,2.036529574821893,25-50%
6.0,8.509812601082006,2.5098126010820057,2.5098126010820057,25-50%
11.0,8.602267263501837,-2.3977327364981633,2.3977327364981633,50-75%
11.0,8.560107480496615,-2.4398925195033847,2.4398925195033847,50-75%
6.0,8.036529574821893,2.036529574821893,2.036529574821893,25-50%
6.0,8.084949295483764,2.0849492954837636,2.0849492954837636,25-50%
6.0,8.036529574821893,2.036529574821893,2.036529574821893,25-50%
6.0,8.003713954354533,2.0037139543545326,2.0037139543545326,25-50%
6.0,7.967753761899476,1.967753761899476,1.967753761899476,25-50%
6.0,8.028043608704085,2.0280436087040847,2.0280436087040847,25-50%
6.0,8.441955284677453,2.4419552846774533,2.4419552846774533,25-50%
6.0,8.003713954354533,2.0037139543545326,2.0037139543545326,25-50%
6.0,8.036529574821893,2.036529574821893,2.036529574821893,25-50%
6.0,8.003713954354533,2.0037139543545326,2.0037139543545326,25-50%
6.0,8.028043608704085,2.0280436087040847,2.0280436087040847,25-50%
6.0,9.764584453925469,3.764584453925469,3.764584453925469,25-50%
6.0,9.20953670297958,3.2095367029795803,3.2095367029795803,25-50%
6.0,9.822263474171521,3.822263474171521,3.822263474171521,25-50%
6.0,9.822263474171521,3.822263474171521,3.822263474171521,25-50%
6.0,9.118245582923443,3.118245582923443,3.118245582923443,25-50%
6.0,9.06561254434762,3.065612544347619,3.065612544347619,25-50%
6.0,9.822263474171521,3.822263474171521,3.822263474171521,25-50%
6.0,9.155123310106697,3.1551233101066973,3.1551233101066973,25-50%
6.0,9.186270139832848,3.186270139832848,3.186270139832848,25-50%
6.0,9.118245582923443,3.118245582923443,3.118245582923443,25-50%
6.0,9.822263474171521,3.822263474171521,3.822263474171521,25-50%
6.0,9.447963967031052,3.4479639670310522,3.4479639670310522,25-50%
6.0,9.236770872656491,3.236770872656491,3.236770872656491,25-50%
6.0,9.249200485686341,3.249200485686341,3.249200485686341,25-50%
6.0,9.290149444331918,3.2901494443319184,3.2901494443319184,25-50%
6.0,9.155123310106697,3.1551233101066973,3.1551233101066973,25-50%
6.0,9.20953670297958,3.2095367029795803,3.2095367029795803,25-50%
6.0,9.358890782337074,3.358890782337074,3.358890782337074,25-50%
6.0,9.372952616821724,3.372952616821724,3.372952616821724,25-50%
6.0,9.073160616580179,3.0731606165801786,3.0731606165801786,25-50%
6.0,9.155123310106697,3.1551233101066973,3.1551233101066973,25-50%
6.0,9.20953670297958,3.2095367029795803,3.2095367029795803,25-50%
6.0,9.447963967031052,3.4479639670310522,3.4479639670310522,25-50%
6.0,9.447963967031052,3.4479639670310522,3.4479639670310522,25-50%
6.0,9.372952616821724,3.372952616821724,3.372952616821724,25-50%
6.0,8.994247759601972,2.994247759601972,2.994247759601972,25-50%
6.0,8.994247759601972,2.994247759601972,2.994247759601972,25-50%
6.0,9.20953670297958,3.2095367029795803,3.2095367029795803,25-50%
6.0,9.372952616821724,3.372952616821724,3.372952616821724,25-50%
6.0,9.12713483524438,3.12713483524438,3.12713483524438,25-50%
6.0,8.83967749656685,2.83967749656685,2.83967749656685,25-50%
5.0,8.71420974086034,3.7142097408603405,3.7142097408603405,0-25%
5.0,8.662436273909115,3.6624362739091154,3.6624362739091154,0-25%
5.0,8.71420974086034,3.7142097408603405,3.7142097408603405,0-25%
5.0,8.722521854452983,3.7225218544529834,3.7225218544529834,0-25%
5.0,8.638108894947583,3.6381088949475835,3.6381088949475835,0-25%
5.0,8.662436273909115,3.6624362739091154,3.6624362739091154,0-25%
5.0,9.017329359661385,4.017329359661385,4.017329359661385,0-25%
5.0,9.101759369331395,4.101759369331395,4.101759369331395,0-25%
5.0,9.189893042114385,4.1898930421143845,4.1898930421143845,0-25%
5.0,8.797937960546875,3.797937960546875,3.797937960546875,0-25%
5.0,9.21840085164073,4.21840085164073,4.21840085164073,0-25%
5.0,8.482174525162181,3.482174525162181,3.482174525162181,0-25%
5.0,8.658403111554316,3.658403111554316,3.658403111554316,0-25%
5.0,8.924510629926916,3.9245106299269157,3.9245106299269157,0-25%
5.0,9.195173196173414,4.195173196173414,4.195173196173414,0-25%
5.0,9.195173196173414,4.195173196173414,4.195173196173414,0-25%
5.0,9.21840085164073,4.21840085164073,4.21840085164073,0-25%
5.0,7.9691083695980085,2.9691083695980085,2.9691083695980085,0-25%
5.0,8.319576721685321,3.319576721685321,3.319576721685321,0-25%
5.0,9.504112379528191,4.504112379528191,4.504112379528191,0-25%
5.0,9.560395732889283,4.560395732889283,4.560395732889283,0-25%
5.0,9.163940215840217,4.163940215840217,4.163940215840217,0-25%
5.0,8.246567419746338,3.246567419746338,3.246567419746338,0-25%
5.0,8.826944697081553,3.8269446970815526,3.8269446970815526,0-25%
5.0,8.007451715816082,3.0074517158160816,3.0074517158160816,0-25%
5.0,8.373349822971033,3.373349822971033,3.373349822971033,0-25%
9.5,8.77457039077377,-0.7254296092262305,0.7254296092262305,50-75%
9.5,9.480235267357312,-0.019764732642688188,0.019764732642688188,50-75%
9.5,9.560395732889283,0.06039573288928324,0.06039573288928324,50-75%
9.5,8.325012459511914,-1.174987540488086,1.174987540488086,50-75%
9.5,8.164108653303572,-1.3358913466964282,1.3358913466964282,50-75%
9.5,8.068907133696218,-1.431092866303782,1.431092866303782,50-75%
9.5,8.783921225393406,-0.7160787746065935,0.7160787746065935,50-75%
9.5,8.806211925803291,-0.6937880741967088,0.6937880741967088,50-75%
9.5,8.806211925803291,-0.6937880741967088,0.6937880741967088,50-75%
9.5,8.14051366065093,-1.3594863393490701,1.3594863393490701,50-75%
9.5,8.164108653303572,-1.3358913466964282,1.3358913466964282,50-75%
9.5,8.138127023495699,-1.3618729765043014,1.3618729765043014,50-75%
9.5,8.068907133696218,-1.431092866303782,1.431092866303782,50-75%
9.5,8.14051366065093,-1.3594863393490701,1.3594863393490701,50-75%
9.5,8.13311573956489,-1.3668842604351106,1.3668842604351106,50-75%
9.5,8.858755774441983,-0.6412442255580171,0.6412442255580171,50-75%
9.5,8.14051366065093,-1.3594863393490701,1.3594863393490701,50-75%
9.5,8.311159961867014,-1.1888400381329856,1.1888400381329856,50-75%
9.5,8.122818823358367,-1.377181176641633,1.377181176641633,50-75%
9.5,8.068907133696218,-1.431092866303782,1.431092866303782,50-75%
9.5,8.14051366065093,-1.3594863393490701,1.3594863393490701,50-75%
9.5,8.14051366065093,-1.3594863393490701,1.3594863393490701,50-75%
9.5,8.182052990222976,-1.3179470097770238,1.3179470097770238,50-75%
9.5,8.189490551003603,-1.310509448996397,1.310509448996397,50-75%
9.5,8.164108653303572,-1.3358913466964282,1.3358913466964282,50-75%
9.5,8.117500340467268,-1.3824996595327317,1.3824996595327317,50-75%
9.5,8.14051366065093,-1.3594863393490701,1.3594863393490701,50-75%
9.5,8.117500340467268,-1.3824996595327317,1.3824996595327317,50-75%
9.5,8.035973936046725,-1.4640260639532752,1.4640260639532752,50-75%
9.5,8.189490551003603,-1.310509448996397,1.310509448996397,50-75%
9.5,8.189490551003603,-1.310509448996397,1.310509448996397,50-75%
13.0,8.369095475122062,-4.630904524877938,4.630904524877938,50-75%
13.0,8.303315693006054,-4.696684306993946,4.696684306993946,50-75%
11.25,8.138127023495699,-3.1118729765043014,3.1118729765043014,50-75%
11.25,8.199630073679371,-3.050369926320629,3.050369926320629,50-75%
11.25,8.199630073679371,-3.050369926320629,3.050369926320629,50-75%
9.5,8.140881700204574,-1.3591182997954263,1.3591182997954263,50-75%
9.5,8.194952202128231,-1.3050477978717687,1.3050477978717687,50-75%
9.5,8.174197252667884,-1.3258027473321157,1.3258027473321157,50-75%
13.0,8.261941468561558,-4.738058531438442,4.738058531438442,50-75%
13.0,8.319161351000387,-4.680838648999613,4.680838648999613,50-75%
13.0,8.369095475122062,-4.630904524877938,4.630904524877938,50-75%
13.0,8.319161351000387,-4.680838648999613,4.680838648999613,50-75%
13.0,8.199630073679371,-4.800369926320629,4.800369926320629,50-75%
13.0,8.261478815574769,-4.738521184425231,4.738521184425231,50-75%
13.0,8.295698244661294,-4.704301755338706,4.704301755338706,50-75%
13.0,8.369095475122062,-4.630904524877938,4.630904524877938,50-75%
13.0,8.319161351000387,-4.680838648999613,4.680838648999613,50-75%
13.0,8.319161351000387,-4.680838648999613,4.680838648999613,50-75%
13.0,8.319161351000387,-4.680838648999613,4.680838648999613,50-75%
13.0,8.369095475122062,-4.630904524877938,4.630904524877938,50-75%
13.0,8.139950776702149,-4.860049223297851,4.860049223297851,50-75%
13.0,8.261478815574769,-4.738521184425231,4.738521184425231,50-75%
13.0,8.369095475122062,-4.630904524877938,4.630904524877938,50-75%
13.0,8.369095475122062,-4.630904524877938,4.630904524877938,50-75%
13.0,8.331811788890608,-4.668188211109392,4.668188211109392,50-75%
13.0,8.331811788890608,-4.668188211109392,4.668188211109392,50-75%
13.0,8.25870663777923,-4.74129336222077,4.74129336222077,50-75%
13.0,8.269425053319708,-4.730574946680292,4.730574946680292,50-75%
13.0,8.09333743710943,-4.9066625628905705,4.9066625628905705,50-75%
13.0,8.331811788890608,-4.668188211109392,4.668188211109392,50-75%
13.0,8.25870663777923,-4.74129336222077,4.74129336222077,50-75%
13.0,8.220022138985227,-4.779977861014773,4.779977861014773,50-75%
13.0,8.066373075895918,-4.933626924104082,4.933626924104082,50-75%
13.0,8.309542345557833,-4.690457654442167,4.690457654442167,50-75%
13.0,8.270645446268471,-4.729354553731529,4.729354553731529,50-75%
13.0,8.393465874498952,-4.606534125501048,4.606534125501048,50-75%
5.0,8.869633752625322,3.8696337526253224,3.8696337526253224,0-25%
5.0,8.844784706928642,3.8447847069286425,3.8447847069286425,0-25%
5.0,8.869633752625322,3.8696337526253224,3.8696337526253224,0-25%
5.0,8.17736069296752,3.17736069296752,3.17736069296752,0-25%
5.0,8.844784706928642,3.8447847069286425,3.8447847069286425,0-25%
5.0,8.664645076521701,3.664645076521701,3.664645076521701,0-25%
5.0,8.844784706928642,3.8447847069286425,3.8447847069286425,0-25%
6.0,8.014043306806641,2.0140433068066415,2.0140433068066415,25-50%
6.0,8.014043306806641,2.0140433068066415,2.0140433068066415,25-50%
6.0,8.014043306806641,2.0140433068066415,2.0140433068066415,25-50%
6.0,7.970197788031418,1.9701977880314177,1.9701977880314177,25-50%
6.0,8.01826208833409,2.0182620883340903,2.0182620883340903,25-50%
5.0,8.922517429415205,3.9225174294152048,3.9225174294152048,0-25%
5.0,8.79231531937546,3.7923153193754597,3.7923153193754597,0-25%
5.0,8.713272021462437,3.713272021462437,3.713272021462437,0-25%
5.0,8.756072292034021,3.7560722920340215,3.7560722920340215,0-25%
5.0,8.664645076521701,3.664645076521701,3.664645076521701,0-25%
5.0,8.6109482362464,3.6109482362464007,3.6109482362464007,0-25%
5.0,8.810579947543385,3.810579947543385,3.810579947543385,0-25%
6.0,8.01826208833409,2.0182620883340903,2.0182620883340903,25-50%
6.0,8.014043306806641,2.0140433068066415,2.0140433068066415,25-50%
6.0,7.966001491188964,1.9660014911889636,1.9660014911889636,25-50%
6.0,7.970197788031418,1.9701977880314177,1.9701977880314177,25-50%
6.0,7.970197788031418,1.9701977880314177,1.9701977880314177,25-50%
6.0,8.053425773768424,2.0534257737684243,2.0534257737684243,25-50%
6.0,7.970197788031418,1.9701977880314177,1.9701977880314177,25-50%
5.0,8.79231531937546,3.7923153193754597,3.7923153193754597,0-25%
5.0,8.819877188623504,3.8198771886235043,3.8198771886235043,0-25%
5.0,8.6109482362464,3.6109482362464007,3.6109482362464007,0-25%
5.0,8.379946606040289,3.3799466060402885,3.3799466060402885,0-25%
5.0,8.389629592389275,3.3896295923892747,3.3896295923892747,0-25%
5.0,8.350547351258848,3.3505473512588484,3.3505473512588484,0-25%
5.0,8.451322538550395,3.4513225385503947,3.4513225385503947,0-25%
5.0,8.492286659111173,3.4922866591111728,3.4922866591111728,0-25%
6.0,7.9997660233018895,1.9997660233018895,1.9997660233018895,25-50%
6.0,8.007709076544327,2.0077090765443266,2.0077090765443266,25-50%
6.0,8.01826208833409,2.0182620883340903,2.0182620883340903,25-50%
6.0,7.970197788031418,1.9701977880314177,1.9701977880314177,25-50%
6.0,7.970197788031418,1.9701977880314177,1.9701977880314177,25-50%
6.0,8.01826208833409,2.0182620883340903,2.0182620883340903,25-50%
6.0,7.970197788031418,1.9701977880314177,1.9701977880314177,25-50%
6.0,7.970197788031418,1.9701977880314177,1.9701977880314177,25-50%
5.0,8.756072292034021,3.7560722920340215,3.7560722920340215,0-25%
5.0,8.704075711780995,3.7040757117809946,3.7040757117809946,0-25%
5.0,8.664645076521701,3.664645076521701,3.664645076521701,0-25%
5.0,8.389629592389275,3.3896295923892747,3.3896295923892747,0-25%
5.0,8.337460740199182,3.337460740199182,3.337460740199182,0-25%
5.0,8.559725118344568,3.559725118344568,3.559725118344568,0-25%
5.0,8.756072292034021,3.7560722920340215,3.7560722920340215,0-25%
5.0,8.6109482362464,3.6109482362464007,3.6109482362464007,0-25%
6.0,7.970197788031418,1.9701977880314177,1.9701977880314177,25-50%
6.0,7.970197788031418,1.9701977880314177,1.9701977880314177,25-50%
6.0,7.970197788031418,1.9701977880314177,1.9701977880314177,25-50%
6.0,8.01826208833409,2.0182620883340903,2.0182620883340903,25-50%
6.0,7.970197788031418,1.9701977880314177,1.9701977880314177,25-50%
6.0,7.937623047508313,1.9376230475083132,1.9376230475083132,25-50%
6.0,7.901926817429422,1.9019268174294224,1.9019268174294224,25-50%
6.0,7.961774112341653,1.9617741123416534,1.9617741123416534,25-50%
5.0,8.337460740199182,3.337460740199182,3.337460740199182,0-25%
5.0,8.337460740199182,3.337460740199182,3.337460740199182,0-25%
5.0,8.337460740199182,3.337460740199182,3.337460740199182,0-25%
5.0,8.298595640292564,3.2985956402925645,3.2985956402925645,0-25%
5.0,8.559725118344568,3.559725118344568,3.559725118344568,0-25%
5.0,8.704075711780995,3.7040757117809946,3.7040757117809946,0-25%
6.0,7.970197788031418,1.9701977880314177,1.9701977880314177,25-50%
6.0,7.970197788031418,1.9701977880314177,1.9701977880314177,25-50%
6.0,7.937623047508313,1.9376230475083132,1.9376230475083132,25-50%
6.0,7.970197788031418,1.9701977880314177,1.9701977880314177,25-50%
6.0,7.937623047508313,1.9376230475083132,1.9376230475083132,25-50%
6.0,7.961774112341653,1.9617741123416534,1.9617741123416534,25-50%
6.0,7.846765419917744,1.8467654199177437,1.8467654199177437,25-50%
6.0,7.901926817429422,1.9019268174294224,1.9019268174294224,25-50%
6.0,7.937623047508313,1.9376230475083132,1.9376230475083132,25-50%
6.0,7.901926817429422,1.9019268174294224,1.9019268174294224,25-50%
6.0,7.846765419917744,1.8467654199177437,1.8467654199177437,25-50%
13.0,8.325491965410182,-4.6745080345898185,4.6745080345898185,50-75%
13.0,8.453244072352938,-4.546755927647062,4.546755927647062,50-75%
13.0,8.130600643350524,-4.869399356649476,4.869399356649476,50-75%
13.0,8.218038999844042,-4.781961000155958,4.781961000155958,50-75%
13.0,8.218038999844042,-4.781961000155958,4.781961000155958,50-75%
13.0,8.148548654713395,-4.8514513452866055,4.8514513452866055,50-75%
13.0,8.322011094221638,-4.677988905778362,4.677988905778362,50-75%
13.0,8.17856492183887,-4.82143507816113,4.82143507816113,50-75%
13.0,8.13561360391287,-4.864386396087131,4.864386396087131,50-75%
13.0,8.191985303170295,-4.808014696829705,4.808014696829705,50-75%
13.0,8.179524417567778,-4.820475582432222,4.820475582432222,50-75%
13.0,8.083619717665684,-4.916380282334316,4.916380282334316,50-75%
13.0,8.150175997712957,-4.849824002287043,4.849824002287043,50-75%
13.0,8.191985303170295,-4.808014696829705,4.808014696829705,50-75%
13.0,8.130600643350524,-4.869399356649476,4.869399356649476,50-75%
13.0,8.112262681530872,-4.887737318469128,4.887737318469128,50-75%
13.0,8.225592809581965,-4.774407190418035,4.774407190418035,50-75%
13.0,8.112262681530872,-4.887737318469128,4.887737318469128,50-75%
13.0,8.271167677408044,-4.7288323225919555,4.7288323225919555,50-75%
13.0,8.245286179599793,-4.754713820400207,4.754713820400207,50-75%
13.0,8.191024504959255,-4.808975495040745,4.808975495040745,50-75%
13.0,8.322011094221638,-4.677988905778362,4.677988905778362,50-75%
13.0,8.348107377778115,-4.651892622221885,4.651892622221885,50-75%
13.0,8.322011094221638,-4.677988905778362,4.677988905778362,50-75%
13.0,8.204461267600117,-4.7955387323998835,4.7955387323998835,50-75%
13.0,8.191024504959255,-4.808975495040745,4.808975495040745,50-75%
13.0,8.322011094221638,-4.677988905778362,4.677988905778362,50-75%
13.0,8.255833069090045,-4.744166930909955,4.744166930909955,50-75%
13.0,8.12463226166264,-4.87536773833736,4.87536773833736,50-75%
13.0,8.294639691249298,-4.705360308750702,4.705360308750702,50-75%
13.0,8.290689060715774,-4.709310939284226,4.709310939284226,50-75%
12.0,7.590434443853239,-4.409565556146761,4.409565556146761,50-75%
12.0,7.649187851708128,-4.350812148291872,4.350812148291872,50-75%
12.0,7.716787056434002,-4.283212943565998,4.283212943565998,50-75%
12.0,7.721013733377298,-4.278986266622702,4.278986266622702,50-75%
12.0,7.450132341963265,-4.549867658036735,4.549867658036735,50-75%
12.0,7.667117513760058,-4.332882486239942,4.332882486239942,50-75%
12.0,7.721013733377298,-4.278986266622702,4.278986266622702,50-75%
12.0,7.716787056434002,-4.283212943565998,4.283212943565998,50-75%
12.0,7.716787056434002,-4.283212943565998,4.283212943565998,50-75%
12.0,8.000440932617321,-3.9995590673826786,3.9995590673826786,50-75%
12.0,7.411427026670846,-4.588572973329154,4.588572973329154,50-75%
12.0,7.667117513760058,-4.332882486239942,4.332882486239942,50-75%
12.0,7.721013733377298,-4.278986266622702,4.278986266622702,50-75%
12.0,7.652693557055061,-4.347306442944939,4.347306442944939,50-75%
12.0,7.830651894697104,-4.169348105302896,4.169348105302896,50-75%
12.0,7.346383727188189,-4.653616272811811,4.653616272811811,50-75%
12.0,7.721013733377298,-4.278986266622702,4.278986266622702,50-75%
12.0,7.721013733377298,-4.278986266622702,4.278986266622702,50-75%
12.0,7.652693557055061,-4.347306442944939,4.347306442944939,50-75%
12.0,7.732812664456201,-4.267187335543799,4.267187335543799,50-75%
12.0,7.891864686079434,-4.108135313920566,4.108135313920566,50-75%
12.0,7.891864686079434,-4.108135313920566,4.108135313920566,50-75%
12.0,7.724913591102085,-4.275086408897915,4.275086408897915,50-75%
12.0,7.913966560198938,-4.086033439801062,4.086033439801062,50-75%
12.0,7.938327979949985,-4.061672020050015,4.061672020050015,50-75%
3.0,7.4072843927897924,4.4072843927897924,4.4072843927897924,0-25%
3.0,7.7790759736244715,4.7790759736244715,4.7790759736244715,0-25%
3.0,7.44596873626617,4.44596873626617,4.44596873626617,0-25%
4.5,7.869688421046044,3.3696884210460443,3.3696884210460443,0-25%
4.5,7.869688421046044,3.3696884210460443,3.3696884210460443,0-25%
3.0,7.7790759736244715,4.7790759736244715,4.7790759736244715,0-25%
3.0,7.749033535331833,4.749033535331833,4.749033535331833,0-25%
3.0,7.810314736110666,4.810314736110666,4.810314736110666,0-25%
2.0,8.453168331147687,6.453168331147687,6.453168331147687,0-25%
2.0,7.5691757401784585,5.5691757401784585,5.5691757401784585,0-25%
4.5,7.869688421046044,3.3696884210460443,3.3696884210460443,0-25%
4.5,7.869688421046044,3.3696884210460443,3.3696884210460443,0-25%
4.5,7.920454553031829,3.4204545530318287,3.4204545530318287,0-25%
3.0,7.830246467688003,4.830246467688003,4.830246467688003,0-25%
3.0,7.829323480462788,4.829323480462788,4.829323480462788,0-25%
2.0,8.453168331147687,6.453168331147687,6.453168331147687,0-25%
2.0,8.453168331147687,6.453168331147687,6.453168331147687,0-25%
2.0,7.771035495271743,5.771035495271743,5.771035495271743,0-25%
2.0,7.5691757401784585,5.5691757401784585,5.5691757401784585,0-25%
2.0,7.5691757401784585,5.5691757401784585,5.5691757401784585,0-25%
2.0,7.5691757401784585,5.5691757401784585,5.5691757401784585,0-25%
4.5,7.989683018448479,3.4896830184484786,3.4896830184484786,0-25%
4.5,7.821957773663577,3.321957773663577,3.321957773663577,0-25%
4.5,7.784708446978819,3.2847084469788186,3.2847084469788186,0-25%
2.0,8.507342576170034,6.507342576170034,6.507342576170034,0-25%
2.0,8.507342576170034,6.507342576170034,6.507342576170034,0-25%
2.0,7.618283997846778,5.618283997846778,5.618283997846778,0-25%
2.0,7.5691757401784585,5.5691757401784585,5.5691757401784585,0-25%
2.0,7.618283997846778,5.618283997846778,5.618283997846778,0-25%
4.5,7.989683018448479,3.4896830184484786,3.4896830184484786,0-25%
4.5,7.869688421046044,3.3696884210460443,3.3696884210460443,0-25%
4.5,7.821957773663577,3.321957773663577,3.321957773663577,0-25%
4.5,7.869688421046044,3.3696884210460443,3.3696884210460443,0-25%
2.0,8.507342576170034,6.507342576170034,6.507342576170034,0-25%
2.0,8.507342576170034,6.507342576170034,6.507342576170034,0-25%
2.0,8.453168331147687,6.453168331147687,6.453168331147687,0-25%
2.0,7.373828459557231,5.373828459557231,5.373828459557231,0-25%
6.0,8.305208480685193,2.3052084806851934,2.3052084806851934,25-50%
4.5,8.305208480685193,3.8052084806851934,3.8052084806851934,0-25%
4.5,8.134200552222097,3.6342005522220973,3.6342005522220973,0-25%
6.0,8.220244174897068,2.2202441748970685,2.2202441748970685,25-50%
5.0,7.806044779050998,2.806044779050998,2.806044779050998,0-25%
2.0,8.507342576170034,6.507342576170034,6.507342576170034,0-25%
2.0,8.48573124177679,6.48573124177679,6.48573124177679,0-25%
2.0,8.453168331147687,6.453168331147687,6.453168331147687,0-25%
2.0,8.453168331147687,6.453168331147687,6.453168331147687,0-25%
2.0,7.804065816528631,5.804065816528631,5.804065816528631,0-25%
6.0,8.305208480685193,2.3052084806851934,2.3052084806851934,25-50%
6.0,8.181002238585876,2.181002238585876,2.181002238585876,25-50%
6.0,8.093039584757483,2.0930395847574825,2.0930395847574825,25-50%
5.0,7.703510561825022,2.7035105618250217,2.7035105618250217,0-25%
5.0,8.003390200013984,3.0033902000139836,3.0033902000139836,0-25%
5.0,7.989475075794589,2.989475075794589,2.989475075794589,0-25%
5.0,8.02151104064096,3.0215110406409593,3.0215110406409593,0-25%
5.0,8.712699295783942,3.712699295783942,3.712699295783942,0-25%
2.0,8.507342576170034,6.507342576170034,6.507342576170034,0-25%
2.0,8.507342576170034,6.507342576170034,6.507342576170034,0-25%
2.0,7.88026252138332,5.88026252138332,5.88026252138332,0-25%
2.0,7.3574679603489805,5.3574679603489805,5.3574679603489805,0-25%
6.0,7.989683018448479,1.9896830184484786,1.9896830184484786,25-50%
6.0,8.181002238585876,2.181002238585876,2.181002238585876,25-50%
5.0,7.5880735459450985,2.5880735459450985,2.5880735459450985,0-25%
5.0,7.740819368634581,2.7408193686345808,2.7408193686345808,0-25%
5.0,7.989475075794589,2.989475075794589,2.989475075794589,0-25%
5.0,7.9903983638453075,2.9903983638453075,2.9903983638453075,0-25%
5.0,8.02151104064096,3.0215110406409593,3.0215110406409593,0-25%
5.0,8.092743336217527,3.092743336217527,3.092743336217527,0-25%
5.0,7.868392297902424,2.8683922979024237,2.8683922979024237,0-25%
5.0,8.060872253661076,3.060872253661076,3.060872253661076,0-25%
5.0,7.5880735459450985,2.5880735459450985,2.5880735459450985,0-25%
5.0,8.068472262144692,3.0684722621446916,3.0684722621446916,0-25%
5.0,8.02151104064096,3.0215110406409593,3.0215110406409593,0-25%
5.0,8.092743336217527,3.092743336217527,3.092743336217527,0-25%
5.0,8.092743336217527,3.092743336217527,3.092743336217527,0-25%
6.0,8.00056968456957,2.0005696845695695,2.0005696845695695,25-50%
6.0,8.18532032358578,2.1853203235857794,2.1853203235857794,25-50%
6.0,8.18532032358578,2.1853203235857794,2.1853203235857794,25-50%
5.0,8.00853182544775,3.0085318254477507,3.0085318254477507,0-25%
5.0,8.055823413945012,3.055823413945012,3.055823413945012,0-25%
5.0,8.082756399337878,3.082756399337878,3.082756399337878,0-25%
5.0,8.063185462581037,3.0631854625810373,3.0631854625810373,0-25%
5.0,8.18709624624735,3.18709624624735,3.18709624624735,0-25%
5.0,7.970105135607885,2.970105135607885,2.970105135607885,0-25%
5.0,8.167575878692194,3.167575878692194,3.167575878692194,0-25%
6.0,8.00056968456957,2.0005696845695695,2.0005696845695695,25-50%
6.0,8.052150175929908,2.052150175929908,2.052150175929908,25-50%
6.0,8.22079558061857,2.220795580618571,2.220795580618571,25-50%
6.0,8.18532032358578,2.1853203235857794,2.1853203235857794,25-50%
6.0,8.18532032358578,2.1853203235857794,2.1853203235857794,25-50%
6.0,7.985000971268136,1.9850009712681356,1.9850009712681356,25-50%
6.0,7.9338031060135945,1.9338031060135945,1.9338031060135945,25-50%
5.0,8.3597701096012,3.3597701096012003,3.3597701096012003,0-25%
5.0,8.35416524942583,3.3541652494258294,3.3541652494258294,0-25%
5.0,8.083689268096109,3.0836892680961085,3.0836892680961085,0-25%
5.0,8.18709624624735,3.18709624624735,3.18709624624735,0-25%
5.0,8.18709624624735,3.18709624624735,3.18709624624735,0-25%
5.0,8.086427534613215,3.0864275346132146,3.0864275346132146,0-25%
5.0,8.14017592712096,3.1401759271209606,3.1401759271209606,0-25%
6.0,8.205450183947843,2.2054501839478426,2.2054501839478426,25-50%
6.0,8.205450183947843,2.2054501839478426,2.2054501839478426,25-50%
6.0,8.200988722788088,2.2009887227880878,2.2009887227880878,25-50%
6.0,8.280633879686542,2.280633879686542,2.280633879686542,25-50%
6.0,8.280633879686542,2.280633879686542,2.280633879686542,25-50%
6.0,8.280633879686542,2.280633879686542,2.280633879686542,25-50%
6.0,8.092146901888079,2.0921469018880785,2.0921469018880785,25-50%
5.0,8.413409107819358,3.4134091078193585,3.4134091078193585,0-25%
5.0,8.18709624624735,3.18709624624735,3.18709624624735,0-25%
5.0,8.19155097109361,3.1915509710936103,3.1915509710936103,0-25%
6.0,8.074835925822688,2.074835925822688,2.074835925822688,25-50%
6.0,8.074835925822688,2.074835925822688,2.074835925822688,25-50%
6.0,8.086427534613215,2.0864275346132146,2.0864275346132146,25-50%
6.0,8.285133959932221,2.285133959932221,2.285133959932221,25-50%
6.0,8.280633879686542,2.280633879686542,2.280633879686542,25-50%
6.0,7.722334724493071,1.722334724493071,1.722334724493071,25-50%
6.0,8.039340663121102,2.039340663121102,2.039340663121102,25-50%
6.0,8.058477098253203,2.058477098253203,2.058477098253203,25-50%
6.0,8.256572289809101,2.2565722898091014,2.2565722898091014,25-50%
6.0,8.199366296528178,2.1993662965281775,2.1993662965281775,25-50%
6.0,8.199366296528178,2.1993662965281775,2.1993662965281775,25-50%
6.0,8.04692114599794,2.04692114599794,2.04692114599794,25-50%
6.0,8.112060157243622,2.112060157243622,2.112060157243622,25-50%
7.0,8.64703627651543,1.6470362765154292,1.6470362765154292,25-50%
8.0,8.375917369864592,0.3759173698645917,0.3759173698645917,25-50%
8.0,8.41655466776025,0.4165546677602503,0.4165546677602503,25-50%
8.0,8.731291251710452,0.7312912517104522,0.7312912517104522,25-50%
8.0,8.787095469097892,0.787095469097892,0.787095469097892,25-50%
8.0,8.875680898860015,0.8756808988600149,0.8756808988600149,25-50%
7.0,9.069173680986346,2.0691736809863457,2.0691736809863457,25-50%
7.0,8.929591016926002,1.9295910169260022,1.9295910169260022,25-50%
7.0,8.64703627651543,1.6470362765154292,1.6470362765154292,25-50%
7.0,8.593437270864566,1.593437270864566,1.593437270864566,25-50%
7.5,8.738830588116773,1.2388305881167732,1.2388305881167732,25-50%
7.5,8.841067526545737,1.3410675265457375,1.3410675265457375,25-50%
8.0,8.534269531226158,0.5342695312261583,0.5342695312261583,25-50%
8.0,8.587537963806945,0.5875379638069447,0.5875379638069447,25-50%
8.0,8.88588565061787,0.8858856506178707,0.8858856506178707,25-50%
8.0,8.841776452622627,0.8417764526226268,0.8417764526226268,25-50%
8.0,8.896050054608729,0.8960500546087289,0.8960500546087289,25-50%
7.0,8.64703627651543,1.6470362765154292,1.6470362765154292,25-50%
7.0,8.593437270864566,1.593437270864566,1.593437270864566,25-50%
7.0,8.593437270864566,1.593437270864566,1.593437270864566,25-50%
7.0,8.593437270864566,1.593437270864566,1.593437270864566,25-50%
7.0,8.553506725681672,1.5535067256816717,1.5535067256816717,25-50%
7.5,8.738830588116773,1.2388305881167732,1.2388305881167732,25-50%
7.5,8.88588565061787,1.3858856506178707,1.3858856506178707,25-50%
7.5,8.911674556352544,1.4116745563525441,1.4116745563525441,25-50%
8.0,8.787095469097892,0.787095469097892,0.787095469097892,25-50%
8.0,8.831667793986085,0.8316677939860853,0.8316677939860853,25-50%
8.0,8.31877436833592,0.31877436833591943,0.31877436833591943,25-50%
8.0,8.276527269734876,0.27652726973487596,0.27652726973487596,25-50%
8.0,8.242840111892013,0.24284011189201316,0.24284011189201316,25-50%
7.0,8.54827829991086,1.5482782999108604,1.5482782999108604,25-50%
7.0,8.54827829991086,1.5482782999108604,1.5482782999108604,25-50%
7.0,8.54827829991086,1.5482782999108604,1.5482782999108604,25-50%
7.0,8.694367738785665,1.6943677387856653,1.6943677387856653,25-50%
7.0,8.593437270864566,1.593437270864566,1.593437270864566,25-50%
7.5,8.674297249679071,1.1742972496790713,1.1742972496790713,25-50%
7.5,8.896050054608729,1.3960500546087289,1.3960500546087289,25-50%
7.5,8.841067526545737,1.3410675265457375,1.3410675265457375,25-50%
8.0,8.284933792663562,0.284933792663562,0.284933792663562,25-50%
8.0,8.276527269734876,0.27652726973487596,0.27652726973487596,25-50%
8.0,8.31877436833592,0.31877436833591943,0.31877436833591943,25-50%
8.0,8.31877436833592,0.31877436833591943,0.31877436833591943,25-50%
8.0,8.276527269734876,0.27652726973487596,0.27652726973487596,25-50%
7.0,8.228285061925453,1.2282850619254528,1.2282850619254528,25-50%
7.0,8.24308468823083,1.2430846882308302,1.2430846882308302,25-50%
7.0,8.24308468823083,1.2430846882308302,1.2430846882308302,25-50%
7.0,8.384504639887304,1.3845046398873038,1.3845046398873038,25-50%
7.5,8.213679562683923,0.7136795626839234,0.7136795626839234,25-50%
7.5,8.255224425787683,0.7552244257876826,0.7552244257876826,25-50%
7.5,8.29654189357381,0.79654189357381,0.79654189357381,25-50%
8.0,8.339856397174021,0.33985639717402094,0.33985639717402094,25-50%
8.0,8.276527269734876,0.27652726973487596,0.27652726973487596,25-50%
8.0,8.31877436833592,0.31877436833591943,0.31877436833591943,25-50%
8.0,8.34977312948332,0.34977312948332084,0.34977312948332084,25-50%
7.0,8.215761037861393,1.2157610378613928,1.2157610378613928,25-50%
7.0,8.177402485850562,1.1774024858505623,1.1774024858505623,25-50%
7.0,8.2672499478317,1.2672499478317008,1.2672499478317008,25-50%
7.0,8.309416351413406,1.3094163514134056,1.3094163514134056,25-50%
7.0,8.365404988315381,1.3654049883153814,1.3654049883153814,25-50%
7.5,8.240529456794281,0.7405294567942811,0.7405294567942811,25-50%
8.0,8.170997049431211,0.17099704943121097,0.17099704943121097,25-50%
8.0,8.162693684141104,0.16269368414110374,0.16269368414110374,25-50%
8.0,8.14798143587906,0.14798143587906054,0.14798143587906054,25-50%
7.0,8.528883676286506,1.5288836762865063,1.5288836762865063,25-50%
7.0,8.402570058528994,1.402570058528994,1.402570058528994,25-50%
7.0,8.399214634079506,1.399214634079506,1.399214634079506,25-50%
7.0,8.399214634079506,1.399214634079506,1.399214634079506,25-50%
3.0,8.374940753471662,5.3749407534716624,5.3749407534716624,0-25%
3.0,8.382303803967126,5.382303803967126,5.382303803967126,0-25%
3.0,8.551298762160883,5.551298762160883,5.551298762160883,0-25%
3.0,8.436981592273474,5.436981592273474,5.436981592273474,0-25%
3.0,8.630563218427424,5.630563218427424,5.630563218427424,0-25%
3.0,8.630563218427424,5.630563218427424,5.630563218427424,0-25%
3.0,8.630563218427424,5.630563218427424,5.630563218427424,0-25%
3.0,8.47723468722087,5.47723468722087,5.47723468722087,0-25%
3.0,8.436981592273474,5.436981592273474,5.436981592273474,0-25%
3.0,8.630563218427424,5.630563218427424,5.630563218427424,0-25%
3.0,8.638005338498825,5.638005338498825,5.638005338498825,0-25%
3.0,8.674300529959154,5.6743005299591545,5.6743005299591545,0-25%
3.0,8.622240005919569,5.6222400059195685,5.6222400059195685,0-25%
3.0,8.395039955544384,5.395039955544384,5.395039955544384,0-25%
3.0,8.602285840934753,5.602285840934753,5.602285840934753,0-25%
3.0,8.704151123867746,5.704151123867746,5.704151123867746,0-25%
3.0,8.674300529959154,5.6743005299591545,5.6743005299591545,0-25%
3.0,8.674300529959154,5.6743005299591545,5.6743005299591545,0-25%
3.0,8.630563218427424,5.630563218427424,5.630563218427424,0-25%
3.0,8.674300529959154,5.6743005299591545,5.6743005299591545,0-25%
3.0,8.704151123867746,5.704151123867746,5.704151123867746,0-25%
3.0,8.674300529959154,5.6743005299591545,5.6743005299591545,0-25%
3.0,8.674300529959154,5.6743005299591545,5.6743005299591545,0-25%
7.0,7.8107291089880135,0.8107291089880135,0.8107291089880135,25-50%
7.0,7.902155634534628,0.902155634534628,0.902155634534628,25-50%
7.0,7.805687672214803,0.8056876722148028,0.8056876722148028,25-50%
7.0,7.72597262901478,0.7259726290147803,0.7259726290147803,25-50%
7.0,7.902155634534628,0.902155634534628,0.902155634534628,25-50%
7.0,7.87477203040835,0.8747720304083497,0.8747720304083497,25-50%
7.0,8.224262790252675,1.2242627902526753,1.2242627902526753,25-50%
7.0,8.319980441676257,1.3199804416762575,1.3199804416762575,25-50%
7.0,7.81651965975618,0.8165196597561799,0.8165196597561799,25-50%
7.0,7.789399477404196,0.7893994774041957,0.7893994774041957,25-50%
7.0,7.76601514301896,0.7660151430189597,0.7660151430189597,25-50%
7.0,8.311753455111424,1.3117534551114236,1.3117534551114236,25-50%
7.0,8.377936470530774,1.3779364705307735,1.3779364705307735,25-50%
7.0,8.377936470530774,1.3779364705307735,1.3779364705307735,25-50%
7.0,7.76601514301896,0.7660151430189597,0.7660151430189597,25-50%
7.0,8.26659190216494,1.26659190216494,1.26659190216494,25-50%
7.0,8.324215935930436,1.324215935930436,1.324215935930436,25-50%
7.0,8.377936470530774,1.3779364705307735,1.3779364705307735,25-50%
7.0,8.377936470530774,1.3779364705307735,1.3779364705307735,25-50%
7.0,7.873391112253804,0.8733911122538043,0.8733911122538043,25-50%
7.0,7.793063171702842,0.7930631717028422,0.7930631717028422,25-50%
7.0,7.793063171702842,0.7930631717028422,0.7930631717028422,25-50%
7.0,7.76601514301896,0.7660151430189597,0.7660151430189597,25-50%
7.0,7.846095989650805,0.8460959896508049,0.8460959896508049,25-50%
7.0,8.352986324296761,1.3529863242967615,1.3529863242967615,25-50%
7.0,8.352986324296761,1.3529863242967615,1.3529863242967615,25-50%
7.0,7.873391112253804,0.8733911122538043,0.8733911122538043,25-50%
7.0,7.793063171702842,0.7930631717028422,0.7930631717028422,25-50%
7.0,7.873391112253804,0.8733911122538043,0.8733911122538043,25-50%
7.0,8.398568928079474,1.3985689280794737,1.3985689280794737,25-50%
7.0,8.352986324296761,1.3529863242967615,1.3529863242967615,25-50%
7.0,7.873391112253804,0.8733911122538043,0.8733911122538043,25-50%
7.0,7.483288352914361,0.4832883529143608,0.4832883529143608,25-50%
7.0,7.578332004284436,0.5783320042844364,0.5783320042844364,25-50%
7.0,7.470898236666737,0.4708982366667369,0.4708982366667369,25-50%
7.0,7.9546225649030315,0.9546225649030315,0.9546225649030315,25-50%
7.0,7.578332004284436,0.5783320042844364,0.5783320042844364,25-50%
7.0,7.495454342169398,0.4954543421693982,0.4954543421693982,25-50%
7.0,7.5482830793183835,0.5482830793183835,0.5482830793183835,25-50%
3.5,7.772279741051269,4.272279741051269,4.272279741051269,0-25%
3.0,8.398568928079474,5.398568928079474,5.398568928079474,0-25%
7.0,7.678164134258536,0.6781641342585356,0.6781641342585356,25-50%
5.5,8.010306626366523,2.510306626366523,2.510306626366523,25-50%
4.666666666666667,7.9546225649030315,3.2879558982363646,3.2879558982363646,0-25%
4.666666666666667,7.97999892445294,3.313332257786273,3.313332257786273,0-25%
4.666666666666667,8.199721495241668,3.5330548285750014,3.5330548285750014,0-25%
4.666666666666667,8.223313706892988,3.556647040226321,3.556647040226321,0-25%
3.5,8.352986324296761,4.8529863242967615,4.8529863242967615,0-25%
3.0,7.878234885359577,4.878234885359577,4.878234885359577,0-25%
7.0,7.578332004284436,0.5783320042844364,0.5783320042844364,25-50%
5.5,7.470898236666737,1.970898236666737,1.970898236666737,25-50%
5.0,7.495454342169398,2.495454342169398,2.495454342169398,0-25%
4.5,8.010306626366523,3.510306626366523,3.510306626366523,0-25%
4.5,7.97999892445294,3.47999892445294,3.47999892445294,0-25%
4.666666666666667,8.199721495241668,3.5330548285750014,3.5330548285750014,0-25%
4.666666666666667,8.25692969731552,3.5902630306488534,3.5902630306488534,0-25%
3.5,8.352986324296761,4.8529863242967615,4.8529863242967615,0-25%
3.0,8.324838198709621,5.324838198709621,5.324838198709621,0-25%
5.5,7.66947922740355,2.16947922740355,2.16947922740355,25-50%
5.0,7.8107291089880135,2.8107291089880135,2.8107291089880135,0-25%
5.0,7.8107291089880135,2.8107291089880135,2.8107291089880135,0-25%
4.5,7.757442428870538,3.2574424288705384,3.2574424288705384,0-25%
4.5,8.25692969731552,3.7569296973155204,3.7569296973155204,0-25%
4.5,7.732749678300012,3.232749678300012,3.232749678300012,0-25%
3.5,7.7697786870128835,4.2697786870128835,4.2697786870128835,0-25%
3.5,7.8145511636563825,4.3145511636563825,4.3145511636563825,0-25%
3.5,8.39758653658138,4.897586536581381,4.897586536581381,0-25%
3.0,7.809534176674967,4.809534176674967,4.809534176674967,0-25%
4.0,7.823138115206666,3.8231381152066657,3.8231381152066657,0-25%
4.0,7.8107291089880135,3.8107291089880135,3.8107291089880135,0-25%
5.5,7.836270342929317,2.336270342929317,2.336270342929317,25-50%
5.0,8.371777190074438,3.3717771900744378,3.3717771900744378,0-25%
4.5,8.371777190074438,3.8717771900744378,3.8717771900744378,0-25%
4.5,8.166313253007349,3.666313253007349,3.666313253007349,0-25%
3.5,7.908720975350413,4.408720975350413,4.408720975350413,0-25%
3.5,7.863307288025687,4.363307288025687,4.363307288025687,0-25%
3.0,7.809534176674967,4.809534176674967,4.809534176674967,0-25%
4.0,7.8107291089880135,3.8107291089880135,3.8107291089880135,0-25%
4.0,7.8107291089880135,3.8107291089880135,3.8107291089880135,0-25%
4.0,7.836270342929317,3.836270342929317,3.836270342929317,0-25%
4.0,7.8912184345230605,3.8912184345230605,3.8912184345230605,0-25%
4.0,8.371777190074438,4.371777190074438,4.371777190074438,0-25%
3.6666666666666665,8.25692969731552,4.590263030648854,4.590263030648854,0-25%
3.6666666666666665,8.339509069519364,4.672842402852698,4.672842402852698,0-25%
3.5,7.881317175812907,4.381317175812907,4.381317175812907,0-25%
3.5,7.488198260405758,3.988198260405758,3.988198260405758,0-25%
3.0,7.482524593151771,4.482524593151771,4.482524593151771,0-25%
4.0,8.371777190074438,4.371777190074438,4.371777190074438,0-25%
4.0,7.8107291089880135,3.8107291089880135,3.8107291089880135,0-25%
4.0,7.8107291089880135,3.8107291089880135,3.8107291089880135,0-25%
4.0,7.8107291089880135,3.8107291089880135,3.8107291089880135,0-25%
4.0,8.371777190074438,4.371777190074438,4.371777190074438,0-25%
4.0,7.954733501573708,3.954733501573708,3.954733501573708,0-25%
3.6666666666666665,7.450763183465723,3.7840965167990563,3.7840965167990563,0-25%
3.0,7.424768091593455,4.424768091593455,4.424768091593455,0-25%
4.0,7.8912184345230605,3.8912184345230605,3.8912184345230605,0-25%
4.0,7.8107291089880135,3.8107291089880135,3.8107291089880135,0-25%
4.0,7.836270342929317,3.836270342929317,3.836270342929317,0-25%
4.0,8.444778856255633,4.444778856255633,4.444778856255633,0-25%
4.0,8.063811153727114,4.063811153727114,4.063811153727114,0-25%
4.0,8.05941833853463,4.0594183385346305,4.0594183385346305,0-25%
4.0,8.621363326580784,4.621363326580784,4.621363326580784,0-25%
4.0,8.352937607149048,4.352937607149048,4.352937607149048,0-25%
4.0,7.58317221836252,3.5831722183625203,3.5831722183625203,0-25%
4.0,7.539418069988414,3.5394180699884137,3.5394180699884137,0-25%
4.0,7.631384928436182,3.631384928436182,3.631384928436182,0-25%
4.0,7.631384928436182,3.631384928436182,3.631384928436182,0-25%
4.0,8.00779643210813,4.00779643210813,4.00779643210813,0-25%
4.0,7.967631973309892,3.967631973309892,3.967631973309892,0-25%
4.0,7.58317221836252,3.5831722183625203,3.5831722183625203,0-25%
4.0,7.58317221836252,3.5831722183625203,3.5831722183625203,0-25%
4.0,7.58317221836252,3.5831722183625203,3.5831722183625203,0-25%
4.0,7.58317221836252,3.5831722183625203,3.5831722183625203,0-25%
4.0,7.58317221836252,3.5831722183625203,3.5831722183625203,0-25%
4.0,7.58317221836252,3.5831722183625203,3.5831722183625203,0-25%
4.0,7.58317221836252,3.5831722183625203,3.5831722183625203,0-25%
4.0,7.624628144227941,3.624628144227941,3.624628144227941,0-25%
4.0,7.532966916642486,3.5329669166424864,3.5329669166424864,0-25%
4.0,7.553800172545858,3.5538001725458583,3.5538001725458583,0-25%
4.0,7.9400469597481615,3.9400469597481615,3.9400469597481615,0-25%
4.0,8.030896461826226,4.0308964618262255,4.0308964618262255,0-25%
4.0,8.084316374754383,4.084316374754383,4.084316374754383,0-25%
4.0,8.08336683070775,4.0833668307077495,4.0833668307077495,0-25%
4.0,8.07896453777202,4.07896453777202,4.07896453777202,0-25%
4.0,7.999462909420945,3.999462909420945,3.999462909420945,0-25%
16.0,7.951166325686553,-8.048833674313446,8.048833674313446,75-100%
16.0,7.9050279111142014,-8.094972088885799,8.094972088885799,75-100%
16.0,7.857107090564533,-8.142892909435467,8.142892909435467,75-100%
16.0,7.9050279111142014,-8.094972088885799,8.094972088885799,75-100%
16.0,7.951166325686553,-8.048833674313446,8.048833674313446,75-100%
16.0,7.951166325686553,-8.048833674313446,8.048833674313446,75-100%
16.0,7.885641301848256,-8.114358698151744,8.114358698151744,75-100%
16.0,7.885641301848256,-8.114358698151744,8.114358698151744,75-100%
16.0,7.951166325686553,-8.048833674313446,8.048833674313446,75-100%
16.0,7.9050279111142014,-8.094972088885799,8.094972088885799,75-100%
12.75,7.936899477236697,-4.813100522763303,4.813100522763303,50-75%
9.5,7.977870195370656,-1.522129804629344,1.522129804629344,50-75%
16.0,7.951166325686553,-8.048833674313446,8.048833674313446,75-100%
12.75,7.996940360192864,-4.753059639807136,4.753059639807136,50-75%
12.75,7.936899477236697,-4.813100522763303,4.813100522763303,50-75%
9.5,8.01891346949887,-1.4810865305011305,1.4810865305011305,50-75%
9.5,8.074997322093378,-1.4250026779066225,1.4250026779066225,50-75%
9.5,8.170261177875156,-1.3297388221248436,1.3297388221248436,50-75%
9.5,8.167497647429244,-1.3325023525707564,1.3325023525707564,50-75%
5.0,7.527723349431943,2.527723349431943,2.527723349431943,0-25%
5.0,7.582035921706316,2.582035921706316,2.582035921706316,0-25%
5.0,8.018929962518415,3.018929962518415,3.018929962518415,0-25%
5.0,8.171611127830346,3.171611127830346,3.171611127830346,0-25%
5.0,8.192583872201476,3.1925838722014763,3.1925838722014763,0-25%
5.0,8.265166929357555,3.265166929357555,3.265166929357555,0-25%
16.0,7.951166325686553,-8.048833674313446,8.048833674313446,75-100%
12.75,7.996940360192864,-4.753059639807136,4.753059639807136,50-75%
12.75,7.996940360192864,-4.753059639807136,4.753059639807136,50-75%
12.75,7.992473328192063,-4.757526671807937,4.757526671807937,50-75%
9.5,8.228644526397366,-1.2713554736026342,1.2713554736026342,50-75%
10.75,8.174375898279667,-2.575624101720333,2.575624101720333,50-75%
8.833333333333334,8.245599164414863,-0.5877341689184714,0.5877341689184714,50-75%
8.833333333333334,8.014868474210807,-0.8184648591225265,0.8184648591225265,50-75%
8.5,7.797558812694852,-0.7024411873051477,0.7024411873051477,50-75%
5.0,8.004746202957303,3.0047462029573033,3.0047462029573033,0-25%
5.0,8.192583872201476,3.1925838722014763,3.1925838722014763,0-25%
5.0,8.265166929357555,3.265166929357555,3.265166929357555,0-25%
5.0,8.265166929357555,3.265166929357555,3.265166929357555,0-25%
12.75,8.043554988284397,-4.706445011715603,4.706445011715603,50-75%
12.75,7.996940360192864,-4.753059639807136,4.753059639807136,50-75%
9.5,7.936899477236697,-1.5631005227633032,1.5631005227633032,50-75%
10.75,8.074997322093378,-2.6750026779066225,2.6750026779066225,50-75%
10.75,8.117677882041901,-2.6323221179580987,2.6323221179580987,50-75%
10.75,8.143046844071712,-2.606953155928288,2.606953155928288,50-75%
8.833333333333334,8.318600821176707,-0.5147325121566269,0.5147325121566269,50-75%
8.833333333333334,8.170261177875156,-0.6630721554581775,0.6630721554581775,50-75%
8.5,8.10175097258089,-0.3982490274191104,0.3982490274191104,50-75%
8.5,8.018929962518415,-0.48107003748158483,0.48107003748158483,50-75%
5.0,8.150908864105256,3.150908864105256,3.150908864105256,0-25%
5.0,8.265166929357555,3.265166929357555,3.265166929357555,0-25%
5.0,8.150908864105256,3.150908864105256,3.150908864105256,0-25%
5.0,8.15920154982132,3.1592015498213204,3.1592015498213204,0-25%
9.5,7.996940360192864,-1.5030596398071356,1.5030596398071356,50-75%
9.5,7.977353653773406,-1.522646346226594,1.522646346226594,50-75%
10.75,7.977353653773406,-2.772646346226594,2.772646346226594,50-75%
10.75,8.186634088763725,-2.563365911236275,2.563365911236275,50-75%
8.5,8.215238765395464,-0.2847612346045363,0.2847612346045363,50-75%
8.5,8.301984158854399,-0.198015841145601,0.198015841145601,50-75%
8.5,8.171611127830346,-0.3283888721696542,0.3283888721696542,50-75%
8.5,8.19998307470515,-0.3000169252948499,0.3000169252948499,50-75%
5.0,8.19998307470515,3.19998307470515,3.19998307470515,0-25%
5.0,8.174375898279667,3.174375898279667,3.174375898279667,0-25%
5.0,8.228644526397366,3.2286445263973658,3.2286445263973658,0-25%
9.5,7.963186429154738,-1.5368135708452622,1.5368135708452622,50-75%
10.75,8.223361127470058,-2.526638872529942,2.526638872529942,50-75%
10.75,8.16373132140918,-2.5862686785908195,2.5862686785908195,50-75%
12.0,8.109844412467181,-3.890155587532819,3.890155587532819,50-75%
8.5,8.257206744298948,-0.24279325570105215,0.24279325570105215,50-75%
8.5,8.215238765395464,-0.2847612346045363,0.2847612346045363,50-75%
8.5,8.192078892474102,-0.30792110752589785,0.30792110752589785,50-75%
8.5,8.19998307470515,-0.3000169252948499,0.3000169252948499,50-75%
5.0,8.280516834122297,3.280516834122297,3.280516834122297,0-25%
12.0,8.16373132140918,-3.8362686785908195,3.8362686785908195,50-75%
12.0,8.109844412467181,-3.890155587532819,3.890155587532819,50-75%
12.0,8.143046844071712,-3.856953155928288,3.856953155928288,50-75%
12.0,8.215238765395464,-3.7847612346045363,3.7847612346045363,50-75%
12.0,8.257206744298948,-3.742793255701052,3.742793255701052,50-75%
8.5,8.192078892474102,-0.30792110752589785,0.30792110752589785,50-75%
8.5,8.192078892474102,-0.30792110752589785,0.30792110752589785,50-75%
5.0,8.215238765395464,3.2152387653954637,3.2152387653954637,0-25%
5.0,8.184672314542318,3.1846723145423184,3.1846723145423184,0-25%
12.0,8.215238765395464,-3.7847612346045363,3.7847612346045363,50-75%
12.0,8.215238765395464,-3.7847612346045363,3.7847612346045363,50-75%
12.0,8.249239569243656,-3.750760430756344,3.750760430756344,50-75%
12.0,8.249239569243656,-3.750760430756344,3.750760430756344,50-75%
3.0,8.223162862583527,5.223162862583527,5.223162862583527,0-25%
3.0,8.79635576506599,5.796355765065989,5.796355765065989,0-25%
3.0,8.79635576506599,5.796355765065989,5.796355765065989,0-25%
3.0,8.79635576506599,5.796355765065989,5.796355765065989,0-25%
3.0,8.79635576506599,5.796355765065989,5.796355765065989,0-25%
3.0,8.821038141845538,5.821038141845538,5.821038141845538,0-25%
3.0,8.127910666033223,5.127910666033223,5.127910666033223,0-25%
3.0,8.186589761110003,5.186589761110003,5.186589761110003,0-25%
3.0,8.19998307470515,5.19998307470515,5.19998307470515,0-25%
3.0,8.79635576506599,5.796355765065989,5.796355765065989,0-25%
3.0,8.719611389509836,5.719611389509836,5.719611389509836,0-25%
3.0,8.719611389509836,5.719611389509836,5.719611389509836,0-25%
3.0,8.719611389509836,5.719611389509836,5.719611389509836,0-25%
3.0,8.719447620400326,5.7194476204003255,5.7194476204003255,0-25%
3.0,8.150908864105256,5.150908864105256,5.150908864105256,0-25%
3.0,8.127910666033223,5.127910666033223,5.127910666033223,0-25%
3.0,8.127910666033223,5.127910666033223,5.127910666033223,0-25%
3.0,8.719611389509836,5.719611389509836,5.719611389509836,0-25%
3.0,8.66544629678166,5.66544629678166,5.66544629678166,0-25%
3.0,8.670383466558297,5.670383466558297,5.670383466558297,0-25%
3.0,8.646079717313366,5.646079717313366,5.646079717313366,0-25%
3.0,8.094763200560294,5.094763200560294,5.094763200560294,0-25%
3.0,8.148560900526162,5.148560900526162,5.148560900526162,0-25%
3.0,8.228644526397366,5.228644526397366,5.228644526397366,0-25%
3.0,8.670383466558297,5.670383466558297,5.670383466558297,0-25%
3.0,8.064420270187705,5.064420270187705,5.064420270187705,0-25%
3.0,7.969538625782136,4.969538625782136,4.969538625782136,0-25%
3.0,7.919703802142125,4.919703802142125,4.919703802142125,0-25%
3.0,8.228644526397366,5.228644526397366,5.228644526397366,0-25%
3.0,8.174242447647707,5.174242447647707,5.174242447647707,0-25%
3.0,8.42125113562168,5.421251135621681,5.421251135621681,0-25%
3.0,7.919703802142125,4.919703802142125,4.919703802142125,0-25%
3.0,7.818615819601007,4.818615819601007,4.818615819601007,0-25%
3.0,8.215236627627213,5.215236627627213,5.215236627627213,0-25%
3.0,8.151247237048855,5.151247237048855,5.151247237048855,0-25%
3.0,7.919703802142125,4.919703802142125,4.919703802142125,0-25%
3.0,7.979825291227039,4.979825291227039,4.979825291227039,0-25%
5.0,7.979825291227039,2.979825291227039,2.979825291227039,0-25%
5.0,8.345360520744318,3.3453605207443182,3.3453605207443182,0-25%
5.0,8.140700897749808,3.1407008977498077,3.1407008977498077,0-25%
5.0,8.143046844071712,3.143046844071712,3.143046844071712,0-25%
5.0,8.143046844071712,3.143046844071712,3.143046844071712,0-25%
5.0,7.771463899877394,2.7714638998773937,2.7714638998773937,0-25%
5.0,8.394438288319838,3.3944382883198383,3.3944382883198383,0-25%
5.0,8.166360380523322,3.1663603805233222,3.1663603805233222,0-25%
5.0,8.086949418175944,3.0869494181759443,3.0869494181759443,0-25%
5.0,8.220715719627844,3.2207157196278438,3.2207157196278438,0-25%
5.0,8.16373132140918,3.1637313214091805,3.1637313214091805,0-25%
5.0,8.103306390397085,3.1033063903970852,3.1033063903970852,0-25%
5.0,7.969538625782136,2.9695386257821363,2.9695386257821363,0-25%
5.0,8.243760907178864,3.2437609071788636,3.2437609071788636,0-25%
5.0,8.220715719627844,3.2207157196278438,3.2207157196278438,0-25%
5.0,8.140700897749808,3.1407008977498077,3.1407008977498077,0-25%
5.0,8.186634088763725,3.186634088763725,3.186634088763725,0-25%
5.0,8.301984158854399,3.301984158854399,3.301984158854399,0-25%
5.0,8.394438288319838,3.3944382883198383,3.3944382883198383,0-25%
5.0,8.352104625234261,3.3521046252342614,3.3521046252342614,0-25%
5.0,8.352104625234261,3.3521046252342614,3.3521046252342614,0-25%
5.0,8.223361127470058,3.223361127470058,3.223361127470058,0-25%
5.0,8.394438288319838,3.3944382883198383,3.3944382883198383,0-25%
5.0,8.394438288319838,3.3944382883198383,3.3944382883198383,0-25%
5.0,8.394438288319838,3.3944382883198383,3.3944382883198383,0-25%
5.0,8.32463213827978,3.32463213827978,3.32463213827978,0-25%
5.0,8.223361127470058,3.223361127470058,3.223361127470058,0-25%
5.0,8.394438288319838,3.3944382883198383,3.3944382883198383,0-25%
5.0,8.37417919167584,3.3741791916758395,3.3741791916758395,0-25%
5.0,8.358845411767668,3.3588454117676676,3.3588454117676676,0-25%
5.0,8.243760907178864,3.2437609071788636,3.2437609071788636,0-25%
5.0,8.366854223734485,3.366854223734485,3.366854223734485,0-25%
5.0,8.409480855930601,3.4094808559306014,3.4094808559306014,0-25%
6.0,7.778894399463866,1.7788943994638657,1.7788943994638657,25-50%
6.0,7.14713987372034,1.1471398737203398,1.1471398737203398,25-50%
6.0,7.127808240740437,1.1278082407404373,1.1278082407404373,25-50%
6.0,7.679912281164099,1.679912281164099,1.679912281164099,25-50%
6.0,7.726460645878482,1.7264606458784817,1.7264606458784817,25-50%
6.0,7.726460645878482,1.7264606458784817,1.7264606458784817,25-50%
6.0,7.784756065599274,1.7847560655992742,1.7847560655992742,25-50%
6.0,7.784756065599274,1.7847560655992742,1.7847560655992742,25-50%
6.0,7.2597250919488925,1.2597250919488925,1.2597250919488925,25-50%
6.0,7.792233101817013,1.792233101817013,1.792233101817013,25-50%
6.0,7.86165505832356,1.86165505832356,1.86165505832356,25-50%
6.0,7.726460645878482,1.7264606458784817,1.7264606458784817,25-50%
6.0,7.726460645878482,1.7264606458784817,1.7264606458784817,25-50%
6.0,7.784756065599274,1.7847560655992742,1.7847560655992742,25-50%
6.0,7.784756065599274,1.7847560655992742,1.7847560655992742,25-50%
6.0,7.806889669597279,1.806889669597279,1.806889669597279,25-50%
6.0,7.3149640103674365,1.3149640103674365,1.3149640103674365,25-50%
6.0,7.784756065599274,1.7847560655992742,1.7847560655992742,25-50%
6.0,7.784756065599274,1.7847560655992742,1.7847560655992742,25-50%
6.0,7.784756065599274,1.7847560655992742,1.7847560655992742,25-50%
6.0,7.706165590529085,1.7061655905290847,1.7061655905290847,25-50%
6.0,7.806889669597279,1.806889669597279,1.806889669597279,25-50%
6.0,7.806889669597279,1.806889669597279,1.806889669597279,25-50%
6.0,7.806889669597279,1.806889669597279,1.806889669597279,25-50%
6.0,7.676703766711654,1.676703766711654,1.676703766711654,25-50%
6.0,7.784756065599274,1.7847560655992742,1.7847560655992742,25-50%
6.0,7.737896743605822,1.7378967436058224,1.7378967436058224,25-50%
6.0,7.806889669597279,1.806889669597279,1.806889669597279,25-50%
6.0,7.806889669597279,1.806889669597279,1.806889669597279,25-50%
6.0,7.784756065599274,1.7847560655992742,1.7847560655992742,25-50%
6.0,7.784756065599274,1.7847560655992742,1.7847560655992742,25-50%
6.0,7.784756065599274,1.7847560655992742,1.7847560655992742,25-50%
6.0,7.806889669597279,1.806889669597279,1.806889669597279,25-50%
6.0,7.737896743605822,1.7378967436058224,1.7378967436058224,25-50%
6.0,7.715936533639065,1.7159365336390646,1.7159365336390646,25-50%
6.0,7.665411351652076,1.665411351652076,1.665411351652076,25-50%
6.0,7.792233101817013,1.792233101817013,1.792233101817013,25-50%
8.0,7.59156758105559,-0.4084324189444102,0.4084324189444102,25-50%
8.0,7.598339540690102,-0.40166045930989824,0.40166045930989824,25-50%
8.0,7.299949278796858,-0.7000507212031417,0.7000507212031417,25-50%
8.0,7.755678148614194,-0.24432185138580564,0.24432185138580564,25-50%
8.0,7.59156758105559,-0.4084324189444102,0.4084324189444102,25-50%
8.0,7.447058573547906,-0.5529414264520938,0.5529414264520938,25-50%
8.0,7.564943419219435,-0.4350565807805653,0.4350565807805653,25-50%
8.0,7.459631050066574,-0.5403689499334261,0.5403689499334261,25-50%
8.0,7.232905133099727,-0.7670948669002726,0.7670948669002726,25-50%
8.0,7.244500333647885,-0.7554996663521152,0.7554996663521152,25-50%
8.0,7.244500333647885,-0.7554996663521152,0.7554996663521152,25-50%
8.0,7.692140638312988,-0.30785936168701156,0.30785936168701156,25-50%
8.0,7.714960243710714,-0.2850397562892857,0.2850397562892857,25-50%
8.0,7.507724144510181,-0.4922758554898188,0.4922758554898188,25-50%
8.0,7.507724144510181,-0.4922758554898188,0.4922758554898188,25-50%
8.0,7.282437533106488,-0.7175624668935123,0.7175624668935123,25-50%
8.0,7.692140638312988,-0.30785936168701156,0.30785936168701156,25-50%
8.0,7.692140638312988,-0.30785936168701156,0.30785936168701156,25-50%
8.0,7.507724144510181,-0.4922758554898188,0.4922758554898188,25-50%
8.0,7.507724144510181,-0.4922758554898188,0.4922758554898188,25-50%
8.0,7.244500333647885,-0.7554996663521152,0.7554996663521152,25-50%
8.0,7.507724144510181,-0.4922758554898188,0.4922758554898188,25-50%
8.0,7.39062684465634,-0.6093731553436603,0.6093731553436603,25-50%
3.0,7.503832799110713,4.503832799110713,4.503832799110713,0-25%
3.0,7.424185559637421,4.424185559637421,4.424185559637421,0-25%
3.0,7.469089156129879,4.469089156129879,4.469089156129879,0-25%
3.0,7.503832799110713,4.503832799110713,4.503832799110713,0-25%
3.0,7.503832799110713,4.503832799110713,4.503832799110713,0-25%
3.0,7.496373322042148,4.496373322042148,4.496373322042148,0-25%
3.0,7.503832799110713,4.503832799110713,4.503832799110713,0-25%
3.0,7.424185559637421,4.424185559637421,4.424185559637421,0-25%
3.0,7.304893157475113,4.304893157475113,4.304893157475113,0-25%
3.0,7.503832799110713,4.503832799110713,4.503832799110713,0-25%
3.0,7.2716061723583385,4.2716061723583385,4.2716061723583385,0-25%
3.0,7.304893157475113,4.304893157475113,4.304893157475113,0-25%
3.0,7.269556363612285,4.269556363612285,4.269556363612285,0-25%
3.0,7.2716061723583385,4.2716061723583385,4.2716061723583385,0-25%
3.0,7.360688024509426,4.360688024509426,4.360688024509426,0-25%
3.0,7.356536895407866,4.356536895407866,4.356536895407866,0-25%
3.0,7.269556363612285,4.269556363612285,4.269556363612285,0-25%
3.0,7.2716061723583385,4.2716061723583385,4.2716061723583385,0-25%
4.0,7.0744507317174214,3.0744507317174214,3.0744507317174214,0-25%
4.0,7.104857825815412,3.1048578258154116,3.1048578258154116,0-25%
4.0,8.173656094509298,4.1736560945092975,4.1736560945092975,0-25%
4.0,8.173656094509298,4.1736560945092975,4.1736560945092975,0-25%
4.0,8.008155697618934,4.008155697618934,4.008155697618934,0-25%
4.0,7.209302928741354,3.209302928741354,3.209302928741354,0-25%
4.0,7.192143865733222,3.1921438657332217,3.1921438657332217,0-25%
4.0,8.173656094509298,4.1736560945092975,4.1736560945092975,0-25%
4.0,8.173656094509298,4.1736560945092975,4.1736560945092975,0-25%
4.0,7.459937448836567,3.459937448836567,3.459937448836567,0-25%
4.0,7.246463533576233,3.2464635335762333,3.2464635335762333,0-25%
4.0,7.246463533576233,3.2464635335762333,3.2464635335762333,0-25%
4.0,8.016424670481582,4.016424670481582,4.016424670481582,0-25%
4.0,8.173656094509298,4.1736560945092975,4.1736560945092975,0-25%
4.0,8.173656094509298,4.1736560945092975,4.1736560945092975,0-25%
4.0,8.020924389638026,4.020924389638026,4.020924389638026,0-25%
4.0,7.38656559390671,3.3865655939067096,3.3865655939067096,0-25%
4.0,8.173656094509298,4.1736560945092975,4.1736560945092975,0-25%
4.0,8.111600464803645,4.1116004648036455,4.1116004648036455,0-25%
4.0,8.290988196257807,4.290988196257807,4.290988196257807,0-25%
4.0,8.269580296372132,4.269580296372132,4.269580296372132,0-25%
4.0,7.459937448836567,3.459937448836567,3.459937448836567,0-25%
4.0,8.293653765155456,4.293653765155456,4.293653765155456,0-25%
10.0,8.121059956093617,-1.8789400439063826,1.8789400439063826,50-75%
10.0,7.786400041598911,-2.2135999584010886,2.2135999584010886,50-75%
10.0,8.209694591829997,-1.7903054081700027,1.7903054081700027,50-75%
10.0,8.152512000186242,-1.847487999813758,1.847487999813758,50-75%
10.0,8.165028019423962,-1.8349719805760376,1.8349719805760376,50-75%
10.0,8.165028019423962,-1.8349719805760376,1.8349719805760376,50-75%
7.5,8.222020481121731,0.7220204811217315,0.7220204811217315,25-50%
5.0,8.290954368547135,3.290954368547135,3.290954368547135,0-25%
5.0,8.16941411736433,3.1694141173643295,3.1694141173643295,0-25%
10.0,8.21233683772917,-1.7876631622708299,1.7876631622708299,50-75%
10.0,8.209694591829997,-1.7903054081700027,1.7903054081700027,50-75%
10.0,8.209694591829997,-1.7903054081700027,1.7903054081700027,50-75%
10.0,8.131745764486611,-1.8682542355133887,1.8682542355133887,50-75%
7.5,8.222020481121731,0.7220204811217315,0.7220204811217315,25-50%
7.5,8.165028019423962,0.6650280194239624,0.6650280194239624,25-50%
5.0,8.348729899605297,3.3487298996052974,3.3487298996052974,0-25%
5.0,8.514586184437132,3.5145861844371318,3.5145861844371318,0-25%
5.0,8.441688498727556,3.4416884987275562,3.4416884987275562,0-25%
5.0,8.441688498727556,3.4416884987275562,3.4416884987275562,0-25%
10.0,7.952156282254416,-2.047843717745584,2.047843717745584,50-75%
10.0,8.209694591829997,-1.7903054081700027,1.7903054081700027,50-75%
10.0,8.209694591829997,-1.7903054081700027,1.7903054081700027,50-75%
10.0,7.717380369577487,-2.282619630422513,2.282619630422513,50-75%
10.0,7.684352674484907,-2.3156473255150933,2.3156473255150933,50-75%
7.5,7.968807748515977,0.4688077485159772,0.4688077485159772,25-50%
7.5,8.188531261444535,0.6885312614445347,0.6885312614445347,25-50%
5.0,8.348729899605297,3.3487298996052974,3.3487298996052974,0-25%
5.0,8.441688498727556,3.4416884987275562,3.4416884987275562,0-25%
5.0,8.441688498727556,3.4416884987275562,3.4416884987275562,0-25%
5.0,8.441688498727556,3.4416884987275562,3.4416884987275562,0-25%
10.0,8.21233683772917,-1.7876631622708299,1.7876631622708299,50-75%
10.0,7.835390514442059,-2.164609485557941,2.164609485557941,50-75%
7.5,7.933863914681391,0.43386391468139074,0.43386391468139074,25-50%
7.5,7.761009106898795,0.2610091068987952,0.2610091068987952,25-50%
7.5,8.351446082333362,0.8514460823333625,0.8514460823333625,25-50%
5.0,8.314780542200207,3.3147805422002072,3.3147805422002072,0-25%
5.0,8.441688498727556,3.4416884987275562,3.4416884987275562,0-25%
5.0,8.417800822550346,3.417800822550346,3.417800822550346,0-25%
5.0,8.441688498727556,3.4416884987275562,3.4416884987275562,0-25%
10.0,7.639242905057328,-2.360757094942672,2.360757094942672,50-75%
10.0,7.678097696976045,-2.321902303023955,2.321902303023955,50-75%
7.5,7.933863914681391,0.43386391468139074,0.43386391468139074,25-50%
7.5,7.794328336130021,0.29432833613002085,0.29432833613002085,25-50%
5.0,7.957482236056152,2.957482236056152,2.957482236056152,0-25%
5.0,8.582031577939098,3.582031577939098,3.582031577939098,0-25%
5.0,8.441688498727556,3.4416884987275562,3.4416884987275562,0-25%
5.0,7.790926056530866,2.790926056530866,2.790926056530866,0-25%
5.0,7.1270653383272835,2.1270653383272835,2.1270653383272835,0-25%
5.0,7.231692632259333,2.2316926322593327,2.2316926322593327,0-25%
5.0,8.528793738879347,3.5287937388793473,3.5287937388793473,0-25%
2.0,7.7312889266414535,5.7312889266414535,5.7312889266414535,0-25%
2.0,7.83998311403341,5.83998311403341,5.83998311403341,0-25%
2.0,7.763233604574721,5.763233604574721,5.763233604574721,0-25%
2.0,7.886966663028798,5.886966663028798,5.886966663028798,0-25%
2.0,7.886966663028798,5.886966663028798,5.886966663028798,0-25%
2.0,7.886966663028798,5.886966663028798,5.886966663028798,0-25%
2.0,7.83998311403341,5.83998311403341,5.83998311403341,0-25%
2.0,7.83998311403341,5.83998311403341,5.83998311403341,0-25%
2.0,7.83998311403341,5.83998311403341,5.83998311403341,0-25%
2.0,7.7312889266414535,5.7312889266414535,5.7312889266414535,0-25%
2.0,7.83998311403341,5.83998311403341,5.83998311403341,0-25%
2.0,7.83998311403341,5.83998311403341,5.83998311403341,0-25%
2.0,7.4146307363165285,5.4146307363165285,5.4146307363165285,0-25%
2.0,7.83998311403341,5.83998311403341,5.83998311403341,0-25%
2.0,7.83998311403341,5.83998311403341,5.83998311403341,0-25%
2.0,7.851018863917627,5.851018863917627,5.851018863917627,0-25%
2.0,8.07846669372417,6.07846669372417,6.07846669372417,0-25%
2.0,8.07846669372417,6.07846669372417,6.07846669372417,0-25%
2.0,7.83998311403341,5.83998311403341,5.83998311403341,0-25%
2.0,7.83998311403341,5.83998311403341,5.83998311403341,0-25%
2.0,7.83998311403341,5.83998311403341,5.83998311403341,0-25%
2.0,7.888933966744881,5.888933966744881,5.888933966744881,0-25%
2.0,7.658724969879334,5.658724969879334,5.658724969879334,0-25%
2.0,7.612948087363014,5.612948087363014,5.612948087363014,0-25%
2.0,8.07846669372417,6.07846669372417,6.07846669372417,0-25%
2.0,8.07846669372417,6.07846669372417,6.07846669372417,0-25%
2.0,7.83998311403341,5.83998311403341,5.83998311403341,0-25%
2.0,8.097349728073912,6.097349728073912,6.097349728073912,0-25%
2.0,8.271034517180627,6.271034517180627,6.271034517180627,0-25%
2.0,7.658724969879334,5.658724969879334,5.658724969879334,0-25%
2.6666666666666665,8.07846669372417,5.411800027057504,5.411800027057504,0-25%
2.6666666666666665,8.07846669372417,5.411800027057504,5.411800027057504,0-25%
2.0,8.07846669372417,6.07846669372417,6.07846669372417,0-25%
2.0,8.458686384922323,6.4586863849223235,6.4586863849223235,0-25%
2.6666666666666665,8.271034517180627,5.604367850513961,5.604367850513961,0-25%
2.6666666666666665,8.126717757013019,5.460051090346353,5.460051090346353,0-25%
2.6666666666666665,8.126717757013019,5.460051090346353,5.460051090346353,0-25%
2.6666666666666665,8.126717757013019,5.460051090346353,5.460051090346353,0-25%
3.0,7.926480755574541,4.926480755574541,4.926480755574541,0-25%
3.0,7.897789193594052,4.897789193594052,4.897789193594052,0-25%
3.0,8.458686384922323,5.4586863849223235,5.4586863849223235,0-25%
3.0,7.973924030129006,4.973924030129006,4.973924030129006,0-25%
3.0,7.973924030129006,4.973924030129006,4.973924030129006,0-25%
3.0,7.9513706329317255,4.9513706329317255,4.9513706329317255,0-25%
3.0,7.897789193594052,4.897789193594052,4.897789193594052,0-25%
3.0,7.897789193594052,4.897789193594052,4.897789193594052,0-25%
4.0,8.049286617391386,4.049286617391386,4.049286617391386,0-25%
3.0,8.458686384922323,5.4586863849223235,5.4586863849223235,0-25%
3.0,8.458686384922323,5.4586863849223235,5.4586863849223235,0-25%
3.0,7.973924030129006,4.973924030129006,4.973924030129006,0-25%
3.0,7.922599069719124,4.922599069719124,4.922599069719124,0-25%
3.0,7.9450799756164985,4.9450799756164985,4.9450799756164985,0-25%
4.0,8.049286617391386,4.049286617391386,4.049286617391386,0-25%
4.0,8.049286617391386,4.049286617391386,4.049286617391386,0-25%
4.0,8.476442775629408,4.476442775629408,4.476442775629408,0-25%
3.0,8.458686384922323,5.4586863849223235,5.4586863849223235,0-25%
3.0,8.376606519399658,5.376606519399658,5.376606519399658,0-25%
3.0,7.9513706329317255,4.9513706329317255,4.9513706329317255,0-25%
4.0,8.097382591747555,4.0973825917475555,4.0973825917475555,0-25%
4.0,8.097382591747555,4.0973825917475555,4.0973825917475555,0-25%
4.0,8.097382591747555,4.0973825917475555,4.0973825917475555,0-25%
4.0,8.097382591747555,4.0973825917475555,4.0973825917475555,0-25%
4.0,8.16810814314044,4.16810814314044,4.16810814314044,0-25%
4.0,8.120921581673345,4.120921581673345,4.120921581673345,0-25%
4.0,7.907809756088449,3.907809756088449,3.907809756088449,0-25%
4.0,8.389265250922875,4.389265250922875,4.389265250922875,0-25%
4.0,8.097382591747555,4.0973825917475555,4.0973825917475555,0-25%
4.0,8.343125376706809,4.3431253767068085,4.3431253767068085,0-25%
4.0,8.328307089467478,4.3283070894674776,4.3283070894674776,0-25%
4.0,7.907809756088449,3.907809756088449,3.907809756088449,0-25%
5.0,7.371231213205705,2.3712312132057054,2.3712312132057054,0-25%
5.0,7.31460362448914,2.3146036244891404,2.3146036244891404,0-25%
5.0,7.490619230811401,2.490619230811401,2.490619230811401,0-25%
5.0,7.363357840722569,2.3633578407225686,2.3633578407225686,0-25%
5.0,6.928437559297796,1.9284375592977963,1.9284375592977963,0-25%
5.0,6.90148003691882,1.9014800369188203,1.9014800369188203,0-25%
5.0,7.480732619806974,2.4807326198069743,2.4807326198069743,0-25%
5.0,7.478300209726733,2.478300209726733,2.478300209726733,0-25%
5.0,7.490619230811401,2.490619230811401,2.490619230811401,0-25%
5.0,7.490619230811401,2.490619230811401,2.490619230811401,0-25%
24.0,7.202618461543335,-16.797381538456666,16.797381538456666,75-100%
24.0,6.606678959378819,-17.39332104062118,17.39332104062118,75-100%
5.0,7.161471616962963,2.161471616962963,2.161471616962963,0-25%
5.0,7.480732619806974,2.4807326198069743,2.4807326198069743,0-25%
5.0,7.478300209726733,2.478300209726733,2.478300209726733,0-25%
5.0,7.323235688731773,2.3232356887317733,2.3232356887317733,0-25%
5.0,7.363357840722569,2.3633578407225686,2.3633578407225686,0-25%
5.0,7.420948347728871,2.4209483477288707,2.4209483477288707,0-25%
24.0,7.18200352078834,-16.817996479211658,16.817996479211658,75-100%
24.0,7.202618461543335,-16.797381538456666,16.797381538456666,75-100%
24.0,7.0319539765055445,-16.968046023494455,16.968046023494455,75-100%
24.0,7.182895695485644,-16.817104304514356,16.817104304514356,75-100%
24.0,7.263790259265283,-16.736209740734715,16.736209740734715,75-100%
24.0,7.263790259265283,-16.736209740734715,16.736209740734715,75-100%
5.0,7.337227047024167,2.337227047024167,2.337227047024167,0-25%
5.0,7.114037741635808,2.1140377416358076,2.1140377416358076,0-25%
5.0,7.478300209726733,2.478300209726733,2.478300209726733,0-25%
5.0,7.351936604758578,2.3519366047585777,2.3519366047585777,0-25%
5.0,7.363357840722569,2.3633578407225686,2.3633578407225686,0-25%
5.0,7.363357840722569,2.3633578407225686,2.3633578407225686,0-25%
14.5,7.253626207237091,-7.246373792762909,7.246373792762909,50-75%
24.0,7.267384922518917,-16.732615077481082,16.732615077481082,75-100%
24.0,7.329039722207682,-16.670960277792318,16.670960277792318,75-100%
24.0,7.263790259265283,-16.736209740734715,16.736209740734715,75-100%
24.0,7.145182533727237,-16.854817466272763,16.854817466272763,75-100%
5.0,7.480732619806974,2.4807326198069743,2.4807326198069743,0-25%
5.0,7.478300209726733,2.478300209726733,2.478300209726733,0-25%
5.0,7.478300209726733,2.478300209726733,2.478300209726733,0-25%
5.0,7.332986803427615,2.332986803427615,2.332986803427615,0-25%
24.0,7.253626207237091,-16.74637379276291,16.74637379276291,75-100%
24.0,7.202618461543335,-16.797381538456666,16.797381538456666,75-100%
24.0,7.253626207237091,-16.74637379276291,16.74637379276291,75-100%
24.0,7.688863234325702,-16.3111367656743,16.3111367656743,75-100%
24.0,7.744698545434474,-16.255301454565526,16.255301454565526,75-100%
24.0,7.722721241079823,-16.277278758920176,16.277278758920176,75-100%
24.0,7.744698545434474,-16.255301454565526,16.255301454565526,75-100%
24.0,7.6865599366430315,-16.313440063356968,16.313440063356968,75-100%
24.0,7.439758835621699,-16.5602411643783,16.5602411643783,75-100%
24.0,7.674403088041937,-16.325596911958062,16.325596911958062,75-100%
24.0,7.67619282296068,-16.32380717703932,16.32380717703932,75-100%
24.0,8.07069593620809,-15.92930406379191,15.92930406379191,75-100%
24.0,8.07069593620809,-15.92930406379191,15.92930406379191,75-100%
24.0,7.722721241079823,-16.277278758920176,16.277278758920176,75-100%
24.0,7.5670772856279225,-16.432922714372076,16.432922714372076,75-100%
24.0,7.439758835621699,-16.5602411643783,16.5602411643783,75-100%
24.0,7.67619282296068,-16.32380717703932,16.32380717703932,75-100%
24.0,7.654241867405023,-16.345758132594977,16.345758132594977,75-100%
24.0,8.07069593620809,-15.92930406379191,15.92930406379191,75-100%
27.0,6.996945904842376,-20.003054095157623,20.003054095157623,75-100%
27.0,7.505918427664404,-19.494081572335595,19.494081572335595,75-100%
27.0,7.628705149074694,-19.371294850925306,19.371294850925306,75-100%
27.0,7.6682946004700066,-19.331705399529994,19.331705399529994,75-100%
6.0,7.750009879484921,1.7500098794849208,1.7500098794849208,25-50%
6.0,7.820119243826623,1.820119243826623,1.820119243826623,25-50%
6.0,7.765610548123488,1.7656105481234876,1.7656105481234876,25-50%
27.0,7.6682946004700066,-19.331705399529994,19.331705399529994,75-100%
27.0,7.65650353666458,-19.34349646333542,19.34349646333542,75-100%
6.0,8.345090186563118,2.3450901865631177,2.3450901865631177,25-50%
6.0,8.222936496878624,2.2229364968786243,2.2229364968786243,25-50%
6.0,8.165938374166217,2.165938374166217,2.165938374166217,25-50%
6.0,8.222936496878624,2.2229364968786243,2.2229364968786243,25-50%
6.0,7.836518006094759,1.8365180060947592,1.8365180060947592,25-50%
27.0,7.494348236349159,-19.50565176365084,19.50565176365084,75-100%
27.0,7.505918427664404,-19.494081572335595,19.494081572335595,75-100%
27.0,7.505918427664404,-19.494081572335595,19.494081572335595,75-100%
4.5,8.345090186563118,3.8450901865631177,3.8450901865631177,0-25%
4.5,8.222936496878624,3.7229364968786243,3.7229364968786243,0-25%
6.0,8.222936496878624,2.2229364968786243,2.2229364968786243,25-50%
6.0,8.222936496878624,2.2229364968786243,2.2229364968786243,25-50%
6.0,7.4543696077068065,1.4543696077068065,1.4543696077068065,25-50%
6.0,7.4543696077068065,1.4543696077068065,1.4543696077068065,25-50%
27.0,7.505918427664404,-19.494081572335595,19.494081572335595,75-100%
27.0,7.449154368739469,-19.55084563126053,19.55084563126053,75-100%
3.0,7.726348117619233,4.726348117619233,4.726348117619233,0-25%
4.5,7.865899866574888,3.365899866574888,3.365899866574888,0-25%
4.5,8.345090186563118,3.8450901865631177,3.8450901865631177,0-25%
4.5,8.165938374166217,3.665938374166217,3.665938374166217,0-25%
4.5,8.170051154917289,3.6700511549172887,3.6700511549172887,0-25%
6.0,8.170051154917289,2.1700511549172887,2.1700511549172887,25-50%
6.0,7.4543696077068065,1.4543696077068065,1.4543696077068065,25-50%
3.0,8.197995847656825,5.197995847656825,5.197995847656825,0-25%
4.5,8.255193318841073,3.755193318841073,3.755193318841073,0-25%
4.5,8.255193318841073,3.755193318841073,3.755193318841073,0-25%
4.5,8.345090186563118,3.8450901865631177,3.8450901865631177,0-25%
4.5,7.811108244760948,3.3111082447609483,3.3111082447609483,0-25%
4.5,7.695934462505258,3.1959344625052584,3.1959344625052584,0-25%
4.5,8.170051154917289,3.6700511549172887,3.6700511549172887,0-25%
6.0,8.170051154917289,2.1700511549172887,2.1700511549172887,25-50%
6.0,7.840482975056846,1.8404829750568457,1.8404829750568457,25-50%
3.0,8.18811245215747,5.188112452157471,5.188112452157471,0-25%
4.5,8.255193318841073,3.755193318841073,3.755193318841073,0-25%
4.5,8.607847353909957,4.107847353909957,4.107847353909957,0-25%
4.5,8.558397535839154,4.058397535839154,4.058397535839154,0-25%
4.5,7.865914375963283,3.365914375963283,3.365914375963283,0-25%
6.0,8.345105480165024,2.3451054801650244,2.3451054801650244,25-50%
3.0,8.287452763690146,5.287452763690146,5.287452763690146,0-25%
3.0,8.78942746774549,5.78942746774549,5.78942746774549,0-25%
3.0,8.12498852269469,5.124988522694689,5.124988522694689,0-25%
3.0,8.812543924645762,5.812543924645762,5.812543924645762,0-25%
3.0,8.335064012983107,5.335064012983107,5.335064012983107,0-25%
3.0,8.287452763690146,5.287452763690146,5.287452763690146,0-25%
3.0,8.12498852269469,5.124988522694689,5.124988522694689,0-25%
3.0,8.618182246499764,5.618182246499764,5.618182246499764,0-25%
3.0,8.78942746774549,5.78942746774549,5.78942746774549,0-25%
3.0,8.287452763690146,5.287452763690146,5.287452763690146,0-25%
5.0,7.3971219994805635,2.3971219994805635,2.3971219994805635,0-25%
5.0,7.3971219994805635,2.3971219994805635,2.3971219994805635,0-25%
5.0,7.3971219994805635,2.3971219994805635,2.3971219994805635,0-25%
5.0,7.3971219994805635,2.3971219994805635,2.3971219994805635,0-25%
5.0,7.3971219994805635,2.3971219994805635,2.3971219994805635,0-25%
5.0,7.7460404162495475,2.7460404162495475,2.7460404162495475,0-25%
5.0,7.335514174131887,2.3355141741318874,2.3355141741318874,0-25%
5.0,7.335514174131887,2.3355141741318874,2.3355141741318874,0-25%
5.0,7.335514174131887,2.3355141741318874,2.3355141741318874,0-25%
5.0,7.335514174131887,2.3355141741318874,2.3355141741318874,0-25%
5.0,7.335514174131887,2.3355141741318874,2.3355141741318874,0-25%
5.0,7.335514174131887,2.3355141741318874,2.3355141741318874,0-25%
5.0,7.335514174131887,2.3355141741318874,2.3355141741318874,0-25%
5.0,7.7460404162495475,2.7460404162495475,2.7460404162495475,0-25%
5.0,7.499371366873303,2.4993713668733033,2.4993713668733033,0-25%
5.0,7.335514174131887,2.3355141741318874,2.3355141741318874,0-25%
5.0,7.335514174131887,2.3355141741318874,2.3355141741318874,0-25%
5.0,7.335514174131887,2.3355141741318874,2.3355141741318874,0-25%
5.0,7.335514174131887,2.3355141741318874,2.3355141741318874,0-25%
5.0,7.335514174131887,2.3355141741318874,2.3355141741318874,0-25%
5.0,7.85951961113803,2.8595196111380297,2.8595196111380297,0-25%
5.0,7.85951961113803,2.8595196111380297,2.8595196111380297,0-25%
5.0,7.499371366873303,2.4993713668733033,2.4993713668733033,0-25%
5.0,7.499371366873303,2.4993713668733033,2.4993713668733033,0-25%
5.0,7.401002213066943,2.401002213066943,2.401002213066943,0-25%
5.0,7.370494472469537,2.370494472469537,2.370494472469537,0-25%
5.0,7.234480230213035,2.234480230213035,2.234480230213035,0-25%
5.0,7.4433708189486305,2.4433708189486305,2.4433708189486305,0-25%
5.0,7.20759779951292,2.2075977995129197,2.2075977995129197,0-25%
5.0,7.734378775602054,2.734378775602054,2.734378775602054,0-25%
5.0,7.734378775602054,2.734378775602054,2.734378775602054,0-25%
5.0,7.3862975387154135,2.3862975387154135,2.3862975387154135,0-25%
5.0,7.592451686987145,2.592451686987145,2.592451686987145,0-25%
5.0,7.734378775602054,2.734378775602054,2.734378775602054,0-25%
2.0,8.572138304824163,6.572138304824163,6.572138304824163,0-25%
2.0,8.519222220028603,6.5192222200286025,6.5192222200286025,0-25%
2.0,8.290723502925745,6.290723502925745,6.290723502925745,0-25%
2.0,8.25982301845109,6.25982301845109,6.25982301845109,0-25%
2.0,8.634639569716835,6.634639569716835,6.634639569716835,0-25%
2.0,8.572138304824163,6.572138304824163,6.572138304824163,0-25%
2.0,8.572138304824163,6.572138304824163,6.572138304824163,0-25%
2.0,8.495298371440551,6.495298371440551,6.495298371440551,0-25%
2.0,8.234398887059037,6.2343988870590366,6.2343988870590366,0-25%
2.0,8.647718258332768,6.647718258332768,6.647718258332768,0-25%
2.0,8.535137848272775,6.535137848272775,6.535137848272775,0-25%
2.0,8.532144233600645,6.532144233600645,6.532144233600645,0-25%
2.0,8.45317848770336,6.45317848770336,6.45317848770336,0-25%
2.0,8.182728037236753,6.182728037236753,6.182728037236753,0-25%
2.0,8.647718258332768,6.647718258332768,6.647718258332768,0-25%
2.0,8.610425652556525,6.6104256525565255,6.6104256525565255,0-25%
2.0,8.535137848272775,6.535137848272775,6.535137848272775,0-25%
2.0,8.649640647849132,6.649640647849132,6.649640647849132,0-25%
2.0,8.649640647849132,6.649640647849132,6.649640647849132,0-25%
2.0,8.322546139420531,6.322546139420531,6.322546139420531,0-25%
2.0,7.938344665852036,5.938344665852036,5.938344665852036,0-25%
2.0,8.377254056051747,6.377254056051747,6.377254056051747,0-25%
2.0,7.362137131436676,5.362137131436676,5.362137131436676,0-25%
2.0,7.352444068494329,5.352444068494329,5.352444068494329,0-25%
2.0,7.373488442185191,5.373488442185191,5.373488442185191,0-25%
4.0,8.725832546494352,4.7258325464943525,4.7258325464943525,0-25%
4.0,8.443202740724105,4.4432027407241055,4.4432027407241055,0-25%
4.0,8.369224956028765,4.369224956028765,4.369224956028765,0-25%
4.0,8.369224956028765,4.369224956028765,4.369224956028765,0-25%
6.0,7.824914138674307,1.8249141386743073,1.8249141386743073,25-50%
2.0,7.362137131436676,5.362137131436676,5.362137131436676,0-25%
4.0,7.362137131436676,3.3621371314366764,3.3621371314366764,0-25%
4.0,7.725254590437688,3.7252545904376877,3.7252545904376877,0-25%
4.0,7.7033261529152774,3.7033261529152774,3.7033261529152774,0-25%
4.0,7.725254590437688,3.7252545904376877,3.7252545904376877,0-25%
6.0,7.85915862022807,1.8591586202280697,1.8591586202280697,25-50%
6.0,7.847148922816659,1.8471489228166593,1.8471489228166593,25-50%
6.0,7.815021026939654,1.8150210269396538,1.8150210269396538,25-50%
6.0,7.110858978746759,1.1108589787467587,1.1108589787467587,25-50%
6.0,7.110858978746759,1.1108589787467587,1.1108589787467587,25-50%
6.0,7.070449521125555,1.0704495211255551,1.0704495211255551,25-50%
6.0,7.066021045171572,1.0660210451715724,1.0660210451715724,25-50%
6.0,7.84453633899842,1.8445363389984202,1.8445363389984202,25-50%
6.0,7.53620441177962,1.5362044117796199,1.5362044117796199,25-50%
6.0,6.805572301722063,0.8055723017220631,0.8055723017220631,25-50%
6.0,6.825238806405176,0.8252388064051761,0.8252388064051761,25-50%
6.0,6.676326833532578,0.6763268335325776,0.6763268335325776,25-50%
6.0,6.7360647520906305,0.7360647520906305,0.7360647520906305,25-50%
6.0,6.69173461386872,0.6917346138687197,0.6917346138687197,25-50%
6.0,7.983947082479409,1.9839470824794088,1.9839470824794088,25-50%
6.0,8.044999801394887,2.044999801394887,2.044999801394887,25-50%
6.0,7.963090149220378,1.9630901492203776,1.9630901492203776,25-50%
6.0,7.963090149220378,1.9630901492203776,1.9630901492203776,25-50%
6.0,6.805572301722063,0.8055723017220631,0.8055723017220631,25-50%
6.0,6.7968219164242125,0.7968219164242125,0.7968219164242125,25-50%
13.5,7.180245244161407,-6.319754755838593,6.319754755838593,50-75%
13.5,7.332341472082034,-6.167658527917966,6.167658527917966,50-75%
6.0,8.000341001647799,2.000341001647799,2.000341001647799,25-50%
6.0,8.005282445946076,2.005282445946076,2.005282445946076,25-50%
6.0,8.005282445946076,2.005282445946076,2.005282445946076,25-50%
5.5,7.963090149220378,2.4630901492203776,2.4630901492203776,25-50%
5.5,7.963090149220378,2.4630901492203776,2.4630901492203776,25-50%
13.5,7.193115314248597,-6.306884685751403,6.306884685751403,50-75%
13.5,7.172524256942452,-6.327475743057548,6.327475743057548,50-75%
13.5,7.043220276221602,-6.456779723778398,6.456779723778398,50-75%
13.5,7.39964317829392,-6.10035682170608,6.10035682170608,50-75%
21.0,7.2613963592616,-13.7386036407384,13.7386036407384,75-100%
21.0,8.206465249942465,-12.793534750057535,12.793534750057535,75-100%
6.0,8.000341001647799,2.000341001647799,2.000341001647799,25-50%
6.0,8.03810378305715,2.0381037830571493,2.0381037830571493,25-50%
5.5,7.968011141736628,2.4680111417366284,2.4680111417366284,25-50%
5.5,7.817446672728928,2.317446672728928,2.317446672728928,25-50%
5.5,7.817446672728928,2.317446672728928,2.317446672728928,25-50%
5.5,7.738079931478738,2.2380799314787376,2.2380799314787376,25-50%
5.5,7.967100733501336,2.4671007335013364,2.4671007335013364,25-50%
5.0,8.717780550920265,3.7177805509202653,3.7177805509202653,0-25%
21.0,7.193115314248597,-13.806884685751402,13.806884685751402,75-100%
21.0,6.813329627863767,-14.186670372136234,14.186670372136234,75-100%
21.0,6.948013084871671,-14.051986915128328,14.051986915128328,75-100%
21.0,7.161445378279056,-13.838554621720945,13.838554621720945,75-100%
21.0,7.32844630540198,-13.671553694598021,13.671553694598021,75-100%
21.0,7.3984015929319265,-13.601598407068074,13.601598407068074,75-100%
21.0,8.206465249942465,-12.793534750057535,12.793534750057535,75-100%
6.0,8.03810378305715,2.0381037830571493,2.0381037830571493,25-50%
6.0,8.0153890883656,2.0153890883656,2.0153890883656,25-50%
5.5,7.817446672728928,2.317446672728928,2.317446672728928,25-50%
5.5,7.866104439066413,2.3661044390664134,2.3661044390664134,25-50%
5.5,7.738079931478738,2.2380799314787376,2.2380799314787376,25-50%
5.5,7.874112524047655,2.3741125240476553,2.3741125240476553,25-50%
5.5,7.924219855772633,2.424219855772633,2.424219855772633,25-50%
5.0,8.671309905392492,3.6713099053924925,3.6713099053924925,0-25%
21.0,6.839403092807977,-14.160596907192023,14.160596907192023,75-100%
21.0,7.32844630540198,-13.671553694598021,13.671553694598021,75-100%
21.0,7.333018860319822,-13.666981139680178,13.666981139680178,75-100%
21.0,7.193115314248597,-13.806884685751402,13.806884685751402,75-100%
6.0,8.03810378305715,2.0381037830571493,2.0381037830571493,25-50%
6.0,8.03810378305715,2.0381037830571493,2.0381037830571493,25-50%
5.5,7.94056397989114,2.44056397989114,2.44056397989114,25-50%
5.5,8.000696637018489,2.500696637018489,2.500696637018489,25-50%
5.0,8.541820665228476,3.5418206652284763,3.5418206652284763,0-25%
21.0,7.12151526006365,-13.87848473993635,13.87848473993635,75-100%
21.0,7.3310618930856,-13.6689381069144,13.6689381069144,75-100%
21.0,7.3633900144517614,-13.636609985548239,13.636609985548239,75-100%
21.0,7.4785990558206406,-13.521400944179359,13.521400944179359,75-100%
21.0,7.76425629300017,-13.23574370699983,13.23574370699983,75-100%
6.0,7.817446672728928,1.817446672728928,1.817446672728928,25-50%
5.5,7.829416050367369,2.329416050367369,2.329416050367369,25-50%
5.5,7.817446672728928,2.317446672728928,2.317446672728928,25-50%
5.5,8.000696637018489,2.500696637018489,2.500696637018489,25-50%
5.0,8.763329666809568,3.763329666809568,3.763329666809568,0-25%
5.0,8.787928832789072,3.7879288327890723,3.7879288327890723,0-25%
5.0,8.752384550542349,3.7523845505423488,3.7523845505423488,0-25%
21.0,7.32844630540198,-13.671553694598021,13.671553694598021,75-100%
21.0,7.352052393384922,-13.647947606615078,13.647947606615078,75-100%
21.0,7.545544611980654,-13.454455388019346,13.454455388019346,75-100%
21.0,7.545544611980654,-13.454455388019346,13.454455388019346,75-100%
5.0,8.787928832789072,3.7879288327890723,3.7879288327890723,0-25%
5.0,8.787928832789072,3.7879288327890723,3.7879288327890723,0-25%
5.0,8.763329666809568,3.763329666809568,3.763329666809568,0-25%
5.0,8.763329666809568,3.763329666809568,3.763329666809568,0-25%
10.0,7.5977088394661045,-2.4022911605338955,2.4022911605338955,50-75%
7.0,8.64188087011043,1.6418808701104304,1.6418808701104304,25-50%
7.0,8.505689171103745,1.5056891711037448,1.5056891711037448,25-50%
10.0,7.701025656527944,-2.2989743434720564,2.2989743434720564,50-75%
10.0,7.579494335652192,-2.4205056643478082,2.4205056643478082,50-75%
10.0,7.5698029439464705,-2.4301970560535295,2.4301970560535295,50-75%
10.0,7.680576524950022,-2.3194234750499776,2.3194234750499776,50-75%
7.0,8.83413490509306,1.8341349050930607,1.8341349050930607,25-50%
7.0,8.83413490509306,1.8341349050930607,1.8341349050930607,25-50%
7.0,8.429342993073599,1.4293429930735986,1.4293429930735986,25-50%
7.0,8.405645030274027,1.4056450302740267,1.4056450302740267,25-50%
7.0,8.429342993073599,1.4293429930735986,1.4293429930735986,25-50%
10.0,7.734404879292661,-2.2655951207073386,2.2655951207073386,50-75%
10.0,7.56706158424868,-2.4329384157513196,2.4329384157513196,50-75%
10.0,7.680576524950022,-2.3194234750499776,2.3194234750499776,50-75%
7.0,8.640976674451137,1.640976674451137,1.640976674451137,25-50%
7.0,8.61674683078647,1.6167468307864699,1.6167468307864699,25-50%
7.0,8.61674683078647,1.6167468307864699,1.6167468307864699,25-50%
7.0,8.480910150428587,1.4809101504285866,1.4809101504285866,25-50%
7.0,8.429342993073599,1.4293429930735986,1.4293429930735986,25-50%
7.0,8.405645030274027,1.4056450302740267,1.4056450302740267,25-50%
7.0,8.429342993073599,1.4293429930735986,1.4293429930735986,25-50%
10.0,7.5977088394661045,-2.4022911605338955,2.4022911605338955,50-75%
10.0,7.627428392278043,-2.372571607721957,2.372571607721957,50-75%
10.0,7.627428392278043,-2.372571607721957,2.372571607721957,50-75%
10.0,7.680576524950022,-2.3194234750499776,2.3194234750499776,50-75%
7.0,8.517700180071639,1.517700180071639,1.517700180071639,25-50%
7.0,8.640976674451137,1.640976674451137,1.640976674451137,25-50%
7.0,8.629801230630699,1.629801230630699,1.629801230630699,25-50%
7.0,8.4412575340619,1.4412575340619007,1.4412575340619007,25-50%
7.0,8.4412575340619,1.4412575340619007,1.4412575340619007,25-50%
7.0,8.442142998716452,1.4421429987164522,1.4421429987164522,25-50%
7.0,8.405645030274027,1.4056450302740267,1.4056450302740267,25-50%
7.0,8.395100894007227,1.3951008940072267,1.3951008940072267,25-50%
10.0,7.792124164451955,-2.2078758355480446,2.2078758355480446,50-75%
10.0,7.579494335652192,-2.4205056643478082,2.4205056643478082,50-75%
10.0,7.579494335652192,-2.4205056643478082,2.4205056643478082,50-75%
10.0,7.5698029439464705,-2.4301970560535295,2.4301970560535295,50-75%
7.0,8.417529627463558,1.4175296274635585,1.4175296274635585,25-50%
7.0,8.417529627463558,1.4175296274635585,1.4175296274635585,25-50%
7.0,8.22859114708211,1.2285911470821098,1.2285911470821098,25-50%
7.0,8.26440206992367,1.2644020699236709,1.2644020699236709,25-50%
7.0,8.030290661886829,1.0302906618868288,1.0302906618868288,25-50%
10.0,7.743275056885028,-2.256724943114972,2.256724943114972,50-75%
10.0,7.730604966902795,-2.2693950330972052,2.2693950330972052,50-75%
10.0,7.56706158424868,-2.4329384157513196,2.4329384157513196,50-75%
10.0,7.56706158424868,-2.4329384157513196,2.4329384157513196,50-75%
10.0,7.680576524950022,-2.3194234750499776,2.3194234750499776,50-75%
10.0,7.680576524950022,-2.3194234750499776,2.3194234750499776,50-75%
7.0,7.194296177013669,0.19429617701366908,0.19429617701366908,25-50%
7.0,7.194296177013669,0.19429617701366908,0.19429617701366908,25-50%
7.0,7.173702151945943,0.1737021519459434,0.1737021519459434,25-50%
7.0,7.417318649469912,0.4173186494699124,0.4173186494699124,25-50%
7.0,7.280543549539477,0.2805435495394768,0.2805435495394768,25-50%
7.0,7.008481090147886,0.008481090147886228,0.008481090147886228,25-50%
10.0,7.629824708115605,-2.3701752918843946,2.3701752918843946,50-75%
7.0,7.132979600662179,0.1329796006621793,0.1329796006621793,25-50%
4.0,8.59240335796508,4.592403357965081,4.592403357965081,0-25%
4.0,8.59240335796508,4.592403357965081,4.592403357965081,0-25%
4.0,8.480468424275674,4.480468424275674,4.480468424275674,0-25%
4.0,8.639067892952147,4.639067892952147,4.639067892952147,0-25%
4.0,8.568295589470232,4.568295589470232,4.568295589470232,0-25%
4.0,8.59240335796508,4.592403357965081,4.592403357965081,0-25%
4.0,8.623026093614246,4.623026093614246,4.623026093614246,0-25%
4.0,8.547639577829617,4.547639577829617,4.547639577829617,0-25%
4.0,8.51725673983031,4.5172567398303105,4.5172567398303105,0-25%
4.0,8.576537900902474,4.5765379009024745,4.5765379009024745,0-25%
4.0,8.614842846465077,4.614842846465077,4.614842846465077,0-25%
4.0,8.55532456821432,4.555324568214321,4.555324568214321,0-25%
4.0,8.579399655614125,4.579399655614125,4.579399655614125,0-25%
4.0,8.568295589470232,4.568295589470232,4.568295589470232,0-25%
4.0,8.59240335796508,4.592403357965081,4.592403357965081,0-25%
4.0,8.59240335796508,4.592403357965081,4.592403357965081,0-25%
4.0,8.639067892952147,4.639067892952147,4.639067892952147,0-25%
4.0,8.614842846465077,4.614842846465077,4.614842846465077,0-25%
4.0,8.639067892952147,4.639067892952147,4.639067892952147,0-25%
4.0,8.579399655614125,4.579399655614125,4.579399655614125,0-25%
4.0,8.579399655614125,4.579399655614125,4.579399655614125,0-25%
4.0,8.656483539217927,4.656483539217927,4.656483539217927,0-25%
4.0,8.632214723473801,4.632214723473801,4.632214723473801,0-25%
4.0,8.561650466382272,4.561650466382272,4.561650466382272,0-25%
4.0,8.561650466382272,4.561650466382272,4.561650466382272,0-25%
4.0,8.561650466382272,4.561650466382272,4.561650466382272,0-25%
4.0,8.614842846465077,4.614842846465077,4.614842846465077,0-25%
4.0,8.65215259286308,4.6521525928630805,4.6521525928630805,0-25%
4.0,8.59240335796508,4.592403357965081,4.592403357965081,0-25%
4.0,8.55532456821432,4.555324568214321,4.555324568214321,0-25%
4.0,8.656483539217927,4.656483539217927,4.656483539217927,0-25%
4.0,8.561650466382272,4.561650466382272,4.561650466382272,0-25%
4.0,8.537619986504588,4.537619986504588,4.537619986504588,0-25%
4.0,8.537619986504588,4.537619986504588,4.537619986504588,0-25%
4.0,8.537619986504588,4.537619986504588,4.537619986504588,0-25%
4.0,8.537619986504588,4.537619986504588,4.537619986504588,0-25%
4.0,8.47857973704118,4.47857973704118,4.47857973704118,0-25%
4.0,8.55532456821432,4.555324568214321,4.555324568214321,0-25%
4.0,8.619157051838199,4.619157051838199,4.619157051838199,0-25%
4.0,8.5678468988605,4.5678468988605,4.5678468988605,0-25%
4.0,7.572288197783689,3.5722881977836893,3.5722881977836893,0-25%
4.0,8.541899541776537,4.541899541776537,4.541899541776537,0-25%
4.0,8.57892623662156,4.578926236621561,4.578926236621561,0-25%
4.0,8.541899541776537,4.541899541776537,4.541899541776537,0-25%
4.0,8.57892623662156,4.578926236621561,4.578926236621561,0-25%
4.0,8.57892623662156,4.578926236621561,4.578926236621561,0-25%
4.0,8.321673920511705,4.321673920511705,4.321673920511705,0-25%
4.0,8.289808109097551,4.289808109097551,4.289808109097551,0-25%
4.0,7.246587993965618,3.246587993965618,3.246587993965618,0-25%
4.0,7.267365658323072,3.2673656583230724,3.2673656583230724,0-25%
4.0,8.37586899500634,4.375868995006339,4.375868995006339,0-25%
4.0,8.291990285909465,4.291990285909465,4.291990285909465,0-25%
4.0,8.250993662906273,4.250993662906273,4.250993662906273,0-25%
4.0,8.27430197434871,4.27430197434871,4.27430197434871,0-25%
4.0,7.490936742965609,3.4909367429656086,3.4909367429656086,0-25%
4.0,8.50626952393625,4.5062695239362505,4.5062695239362505,0-25%
4.0,7.292887860661948,3.2928878606619483,3.2928878606619483,0-25%
4.0,7.211454766120347,3.2114547661203474,3.2114547661203474,0-25%
4.0,7.136082011643014,3.1360820116430137,3.1360820116430137,0-25%
4.0,8.289808109097551,4.289808109097551,4.289808109097551,0-25%
4.0,7.505133133124616,3.505133133124616,3.505133133124616,0-25%
4.0,8.533214025532669,4.5332140255326685,4.5332140255326685,0-25%
4.0,7.211454766120347,3.2114547661203474,3.2114547661203474,0-25%
4.0,7.211454766120347,3.2114547661203474,3.2114547661203474,0-25%
4.0,7.190817617835378,3.1908176178353784,3.1908176178353784,0-25%
4.0,7.5101730775267965,3.5101730775267965,3.5101730775267965,0-25%
11.0,8.471916174084066,-2.5280838259159335,2.5280838259159335,50-75%
11.0,8.484757393333762,-2.515242606666238,2.515242606666238,50-75%
3.0,7.211454766120347,4.211454766120347,4.211454766120347,0-25%
3.0,7.147126460417042,4.147126460417042,4.147126460417042,0-25%
3.0,7.23510344117103,4.23510344117103,4.23510344117103,0-25%
3.0,7.273800557411793,4.273800557411793,4.273800557411793,0-25%
3.0,7.402650808567519,4.402650808567519,4.402650808567519,0-25%
11.0,8.441507464856397,-2.5584925351436034,2.5584925351436034,50-75%
11.0,8.517952134470638,-2.4820478655293616,2.4820478655293616,50-75%
11.0,8.530872423945643,-2.4691275760543565,2.4691275760543565,50-75%
11.0,8.606126549174405,-2.3938734508255948,2.3938734508255948,50-75%
11.0,8.606126549174405,-2.3938734508255948,2.3938734508255948,50-75%
3.0,7.211454766120347,4.211454766120347,4.211454766120347,0-25%
3.0,7.211454766120347,4.211454766120347,4.211454766120347,0-25%
3.0,7.16088712343585,4.16088712343585,4.16088712343585,0-25%
3.0,7.248047810245579,4.248047810245579,4.248047810245579,0-25%
3.0,7.292673353886225,4.292673353886225,4.292673353886225,0-25%
11.0,8.52897369528846,-2.4710263047115397,2.4710263047115397,50-75%
6.5,8.52897369528846,2.0289736952884603,2.0289736952884603,25-50%
6.5,8.414822161004194,1.914822161004194,1.914822161004194,25-50%
6.5,8.414822161004194,1.914822161004194,1.914822161004194,25-50%
6.5,8.606126549174405,2.1061265491744052,2.1061265491744052,25-50%
6.5,8.59310424332158,2.09310424332158,2.09310424332158,25-50%
11.0,8.606126549174405,-2.3938734508255948,2.3938734508255948,50-75%
3.0,7.211454766120347,4.211454766120347,4.211454766120347,0-25%
3.0,7.211454766120347,4.211454766120347,4.211454766120347,0-25%
3.0,7.211454766120347,4.211454766120347,4.211454766120347,0-25%
3.0,7.4054284521183495,4.4054284521183495,4.4054284521183495,0-25%
3.0,7.384303806327112,4.384303806327112,4.384303806327112,0-25%
3.0,7.293478224362323,4.293478224362323,4.293478224362323,0-25%
11.0,8.52897369528846,-2.4710263047115397,2.4710263047115397,50-75%
6.5,8.52897369528846,2.0289736952884603,2.0289736952884603,25-50%
6.5,8.454323983347237,1.954323983347237,1.954323983347237,25-50%
6.5,8.52897369528846,2.0289736952884603,2.0289736952884603,25-50%
6.5,8.59310424332158,2.09310424332158,2.09310424332158,25-50%
6.5,8.606126549174405,2.1061265491744052,2.1061265491744052,25-50%
6.5,8.606126549174405,2.1061265491744052,2.1061265491744052,25-50%
3.0,7.200323112283219,4.200323112283219,4.200323112283219,0-25%
3.0,7.4054284521183495,4.4054284521183495,4.4054284521183495,0-25%
3.0,7.4054284521183495,4.4054284521183495,4.4054284521183495,0-25%
3.0,7.4054284521183495,4.4054284521183495,4.4054284521183495,0-25%
3.0,7.4054284521183495,4.4054284521183495,4.4054284521183495,0-25%
3.0,7.4054284521183495,4.4054284521183495,4.4054284521183495,0-25%
2.0,7.724097306283741,5.724097306283741,5.724097306283741,0-25%
6.5,7.7122707013737735,1.2122707013737735,1.2122707013737735,25-50%
6.5,8.52897369528846,2.0289736952884603,2.0289736952884603,25-50%
6.5,8.454323983347237,1.954323983347237,1.954323983347237,25-50%
6.5,8.417778930128325,1.9177789301283248,1.9177789301283248,25-50%
6.5,8.494031477880197,1.9940314778801973,1.9940314778801973,25-50%
6.5,8.494031477880197,1.9940314778801973,1.9940314778801973,25-50%
6.5,8.494031477880197,1.9940314778801973,1.9940314778801973,25-50%
3.0,7.394033842692042,4.394033842692042,4.394033842692042,0-25%
3.0,7.4054284521183495,4.4054284521183495,4.4054284521183495,0-25%
3.0,7.384303806327112,4.384303806327112,4.384303806327112,0-25%
3.0,7.394033842692042,4.394033842692042,4.394033842692042,0-25%
3.0,7.394033842692042,4.394033842692042,4.394033842692042,0-25%
2.0,7.7122707013737735,5.7122707013737735,5.7122707013737735,0-25%
6.5,7.7020757553268915,1.2020757553268915,1.2020757553268915,25-50%
6.5,8.5160559797776,2.016055979777599,2.016055979777599,25-50%
6.5,8.5160559797776,2.016055979777599,2.016055979777599,25-50%
6.5,8.5160559797776,2.016055979777599,2.016055979777599,25-50%
6.5,8.59310424332158,2.09310424332158,2.09310424332158,25-50%
2.0,8.579399655614125,6.579399655614125,6.579399655614125,0-25%
3.0,7.394033842692042,4.394033842692042,4.394033842692042,0-25%
3.0,7.4054284521183495,4.4054284521183495,4.4054284521183495,0-25%
3.0,7.394033842692042,4.394033842692042,4.394033842692042,0-25%
2.0,7.724097306283741,5.724097306283741,5.724097306283741,0-25%
2.0,8.5160559797776,6.516055979777599,6.516055979777599,0-25%
2.0,8.5160559797776,6.516055979777599,6.516055979777599,0-25%
2.0,8.502461462247497,6.502461462247497,6.502461462247497,0-25%
2.0,8.515360723672934,6.515360723672934,6.515360723672934,0-25%
2.0,8.579399655614125,6.579399655614125,6.579399655614125,0-25%
2.0,7.42830785331075,5.42830785331075,5.42830785331075,0-25%
2.0,7.548446152893507,5.548446152893507,5.548446152893507,0-25%
2.0,7.548446152893507,5.548446152893507,5.548446152893507,0-25%
2.0,8.3371171442391,6.3371171442391,6.3371171442391,0-25%
4.0,7.48313681639491,3.48313681639491,3.48313681639491,0-25%
4.0,7.48313681639491,3.48313681639491,3.48313681639491,0-25%
4.0,7.48313681639491,3.48313681639491,3.48313681639491,0-25%
4.0,7.48313681639491,3.48313681639491,3.48313681639491,0-25%
4.0,7.48313681639491,3.48313681639491,3.48313681639491,0-25%
4.0,7.5125699883103865,3.5125699883103865,3.5125699883103865,0-25%
4.0,7.504510476579995,3.504510476579995,3.504510476579995,0-25%
4.0,7.504510476579995,3.504510476579995,3.504510476579995,0-25%
4.0,7.504510476579995,3.504510476579995,3.504510476579995,0-25%
4.0,7.48313681639491,3.48313681639491,3.48313681639491,0-25%
4.0,7.504510476579995,3.504510476579995,3.504510476579995,0-25%
4.0,7.48313681639491,3.48313681639491,3.48313681639491,0-25%
4.0,7.5520255946989625,3.5520255946989625,3.5520255946989625,0-25%
4.0,7.48313681639491,3.48313681639491,3.48313681639491,0-25%
4.0,7.2253996905759355,3.2253996905759355,3.2253996905759355,0-25%
4.0,6.965451254944883,2.965451254944883,2.965451254944883,0-25%
4.0,7.459608387601749,3.459608387601749,3.459608387601749,0-25%
4.0,7.5125699883103865,3.5125699883103865,3.5125699883103865,0-25%
4.0,7.48313681639491,3.48313681639491,3.48313681639491,0-25%
4.0,7.48313681639491,3.48313681639491,3.48313681639491,0-25%
4.0,7.504510476579995,3.504510476579995,3.504510476579995,0-25%
4.0,7.5520255946989625,3.5520255946989625,3.5520255946989625,0-25%
4.0,7.504510476579995,3.504510476579995,3.504510476579995,0-25%
4.0,7.345292220733911,3.345292220733911,3.345292220733911,0-25%
4.0,7.242729035687794,3.242729035687794,3.242729035687794,0-25%
4.0,7.061170368663236,3.0611703686632357,3.0611703686632357,0-25%
4.0,6.826543514377839,2.826543514377839,2.826543514377839,0-25%
4.0,6.817702655472611,2.817702655472611,2.817702655472611,0-25%
4.0,7.447800094666379,3.4478000946663787,3.4478000946663787,0-25%
4.0,7.447800094666379,3.4478000946663787,3.4478000946663787,0-25%
4.0,7.4363480451797175,3.4363480451797175,3.4363480451797175,0-25%
4.0,7.459608387601749,3.459608387601749,3.459608387601749,0-25%
4.0,7.48313681639491,3.48313681639491,3.48313681639491,0-25%
4.0,7.5520255946989625,3.5520255946989625,3.5520255946989625,0-25%
4.0,7.366318575009664,3.3663185750096636,3.3663185750096636,0-25%
4.0,7.242729035687794,3.242729035687794,3.242729035687794,0-25%
4.0,7.345292220733911,3.345292220733911,3.345292220733911,0-25%
4.0,7.22201328845088,3.2220132884508796,3.2220132884508796,0-25%
4.0,7.242729035687794,3.242729035687794,3.242729035687794,0-25%
4.0,7.092094952971073,3.092094952971073,3.092094952971073,0-25%
4.0,6.877162038503686,2.877162038503686,2.877162038503686,0-25%
4.0,7.426568959843021,3.4265689598430207,3.4265689598430207,0-25%
4.0,7.4363480451797175,3.4363480451797175,3.4363480451797175,0-25%
4.0,7.4363480451797175,3.4363480451797175,3.4363480451797175,0-25%
4.0,7.447800094666379,3.4478000946663787,3.4478000946663787,0-25%
4.0,7.4363480451797175,3.4363480451797175,3.4363480451797175,0-25%
5.0,7.557479977024043,2.557479977024043,2.557479977024043,0-25%
5.0,7.511832982764728,2.5118329827647283,2.5118329827647283,0-25%
5.0,7.490440919549942,2.4904409195499424,2.4904409195499424,0-25%
5.0,7.459608387601749,2.459608387601749,2.459608387601749,0-25%
4.0,7.482147175516349,3.4821471755163493,3.4821471755163493,0-25%
4.0,7.28878156802718,3.28878156802718,3.28878156802718,0-25%
4.0,7.047135212934904,3.0471352129349043,3.0471352129349043,0-25%
4.0,7.047135212934904,3.0471352129349043,3.0471352129349043,0-25%
4.0,7.010272536147155,3.0102725361471547,3.0102725361471547,0-25%
4.0,7.061170368663236,3.0611703686632357,3.0611703686632357,0-25%
4.0,7.28878156802718,3.28878156802718,3.28878156802718,0-25%
4.0,7.106208523804434,3.106208523804434,3.106208523804434,0-25%
4.0,6.965451254944883,2.965451254944883,2.965451254944883,0-25%
4.0,6.870270797749763,2.870270797749763,2.870270797749763,0-25%
4.0,6.932137056859977,2.932137056859977,2.932137056859977,0-25%
4.0,6.722375426423248,2.7223754264232483,2.7223754264232483,0-25%
4.0,7.447800094666379,3.4478000946663787,3.4478000946663787,0-25%
4.0,7.4363480451797175,3.4363480451797175,3.4363480451797175,0-25%
4.0,7.4363480451797175,3.4363480451797175,3.4363480451797175,0-25%
4.0,7.4363480451797175,3.4363480451797175,3.4363480451797175,0-25%
4.0,7.4363480451797175,3.4363480451797175,3.4363480451797175,0-25%
4.0,7.426475978975466,3.426475978975466,3.426475978975466,0-25%
5.0,7.343913953357843,2.343913953357843,2.343913953357843,0-25%
5.0,7.523387500432656,2.523387500432656,2.523387500432656,0-25%
5.0,7.490440919549942,2.4904409195499424,2.4904409195499424,0-25%
5.0,7.480922766809456,2.4809227668094556,2.4809227668094556,0-25%
5.0,7.476269052980741,2.476269052980741,2.476269052980741,0-25%
5.0,7.482147175516349,2.4821471755163493,2.4821471755163493,0-25%
4.0,7.3407556031253725,3.3407556031253725,3.3407556031253725,0-25%
4.0,6.870270797749763,2.870270797749763,2.870270797749763,0-25%
4.0,6.817702655472611,2.817702655472611,2.817702655472611,0-25%
4.0,6.826543514377839,2.826543514377839,2.826543514377839,0-25%
4.0,6.826543514377839,2.826543514377839,2.826543514377839,0-25%
4.0,6.826543514377839,2.826543514377839,2.826543514377839,0-25%
4.0,7.009954622692134,3.009954622692134,3.009954622692134,0-25%
4.0,6.965451254944883,2.965451254944883,2.965451254944883,0-25%
4.0,6.968491491959069,2.9684914919590693,2.9684914919590693,0-25%
4.0,6.8880660440900705,2.8880660440900705,2.8880660440900705,0-25%
4.0,6.8880660440900705,2.8880660440900705,2.8880660440900705,0-25%
4.0,6.6040621649143985,2.6040621649143985,2.6040621649143985,0-25%
4.0,7.409077197026716,3.4090771970267157,3.4090771970267157,0-25%
4.0,7.4363480451797175,3.4363480451797175,3.4363480451797175,0-25%
4.0,7.4363480451797175,3.4363480451797175,3.4363480451797175,0-25%
4.0,7.409077197026716,3.4090771970267157,3.4090771970267157,0-25%
4.0,7.4363480451797175,3.4363480451797175,3.4363480451797175,0-25%
4.0,7.254599896275204,3.254599896275204,3.254599896275204,0-25%
4.0,7.4363480451797175,3.4363480451797175,3.4363480451797175,0-25%
4.0,7.447800094666379,3.4478000946663787,3.4478000946663787,0-25%
5.0,7.343913953357843,2.343913953357843,2.343913953357843,0-25%
5.0,7.161195677435088,2.161195677435088,2.161195677435088,0-25%
5.0,7.476269052980741,2.476269052980741,2.476269052980741,0-25%
5.0,7.460829719106763,2.460829719106763,2.460829719106763,0-25%
5.0,7.443131766254727,2.4431317662547274,2.4431317662547274,0-25%
5.0,7.3407556031253725,2.3407556031253725,2.3407556031253725,0-25%
4.0,6.939339995964523,2.939339995964523,2.939339995964523,0-25%
4.0,6.892921889044641,2.892921889044641,2.892921889044641,0-25%
4.0,6.817702655472611,2.817702655472611,2.817702655472611,0-25%
4.0,6.826543514377839,2.826543514377839,2.826543514377839,0-25%
4.0,6.826543514377839,2.826543514377839,2.826543514377839,0-25%
4.0,6.612661422735945,2.612661422735945,2.612661422735945,0-25%
4.0,6.661896654761521,2.661896654761521,2.661896654761521,0-25%
4.0,6.661896654761521,2.661896654761521,2.661896654761521,0-25%
4.0,6.661896654761521,2.661896654761521,2.661896654761521,0-25%
4.0,6.666445769360411,2.6664457693604113,2.6664457693604113,0-25%
4.0,6.666445769360411,2.6664457693604113,2.6664457693604113,0-25%
4.0,7.41514569181472,3.41514569181472,3.41514569181472,0-25%
4.0,7.4363480451797175,3.4363480451797175,3.4363480451797175,0-25%
4.0,7.41514569181472,3.41514569181472,3.41514569181472,0-25%
4.0,7.41514569181472,3.41514569181472,3.41514569181472,0-25%
4.0,7.41514569181472,3.41514569181472,3.41514569181472,0-25%
4.0,7.447800094666379,3.4478000946663787,3.4478000946663787,0-25%
4.0,7.447800094666379,3.4478000946663787,3.4478000946663787,0-25%
5.0,7.322943906705095,2.3229439067050954,2.3229439067050954,0-25%
5.0,7.309051618704224,2.309051618704224,2.309051618704224,0-25%
5.0,7.174035776628792,2.1740357766287923,2.1740357766287923,0-25%
5.0,6.929504323693639,1.9295043236936387,1.9295043236936387,0-25%
5.0,7.013611603935706,2.013611603935706,2.013611603935706,0-25%
5.0,7.428431584549741,2.428431584549741,2.428431584549741,0-25%
5.0,7.313014664657005,2.313014664657005,2.313014664657005,0-25%
4.0,6.64962875815496,2.64962875815496,2.64962875815496,0-25%
4.0,6.722375426423248,2.7223754264232483,2.7223754264232483,0-25%
4.0,6.6216231645093115,2.6216231645093115,2.6216231645093115,0-25%
4.0,6.666445769360411,2.6664457693604113,2.6664457693604113,0-25%
4.0,6.611572700374799,2.611572700374799,2.611572700374799,0-25%
4.0,7.381620266306091,3.381620266306091,3.381620266306091,0-25%
4.0,7.360555455595847,3.360555455595847,3.360555455595847,0-25%
4.0,7.41514569181472,3.41514569181472,3.41514569181472,0-25%
4.0,7.447800094666379,3.4478000946663787,3.4478000946663787,0-25%
5.0,7.37253708300434,2.3725370830043397,2.3725370830043397,0-25%
5.0,6.764502238222154,1.7645022382221542,1.7645022382221542,0-25%
5.0,6.755334664480951,1.7553346644809507,1.7553346644809507,0-25%
5.0,6.795134507832745,1.7951345078327448,1.7951345078327448,0-25%
5.0,6.795134507832745,1.7951345078327448,1.7951345078327448,0-25%
5.0,7.371129238695238,2.3711292386952376,2.3711292386952376,0-25%
4.0,6.611572700374799,2.611572700374799,2.611572700374799,0-25%
5.0,7.367942843358969,2.3679428433589687,2.3679428433589687,0-25%
5.0,6.764502238222154,1.7645022382221542,1.7645022382221542,0-25%
5.0,6.82542420373713,1.8254242037371302,1.8254242037371302,0-25%
5.0,6.82542420373713,1.8254242037371302,1.8254242037371302,0-25%
5.0,6.82542420373713,1.8254242037371302,1.8254242037371302,0-25%
5.0,6.800748913591052,1.8007489135910522,1.8007489135910522,0-25%
4.0,6.775411877918968,2.775411877918968,2.775411877918968,0-25%
4.0,7.048643270545624,3.0486432705456243,3.0486432705456243,0-25%
4.0,7.082413008426867,3.082413008426867,3.082413008426867,0-25%
4.0,7.051107312370469,3.051107312370469,3.051107312370469,0-25%
4.0,7.0620364109413085,3.0620364109413085,3.0620364109413085,0-25%
4.0,7.0620364109413085,3.0620364109413085,3.0620364109413085,0-25%
4.0,6.775411877918968,2.775411877918968,2.775411877918968,0-25%
4.0,7.048643270545624,3.0486432705456243,3.0486432705456243,0-25%
4.0,7.062100169775736,3.0621001697757357,3.0621001697757357,0-25%
4.0,7.0620364109413085,3.0620364109413085,3.0620364109413085,0-25%
4.0,7.114677467437605,3.1146774674376054,3.1146774674376054,0-25%
4.0,7.114677467437605,3.1146774674376054,3.1146774674376054,0-25%
4.0,7.0620364109413085,3.0620364109413085,3.0620364109413085,0-25%
4.0,6.9178588683532904,2.9178588683532904,2.9178588683532904,0-25%
4.0,7.048643270545624,3.0486432705456243,3.0486432705456243,0-25%
4.0,7.053062205604954,3.053062205604954,3.053062205604954,0-25%
4.0,7.082413008426867,3.082413008426867,3.082413008426867,0-25%
5.0,7.0620364109413085,2.0620364109413085,2.0620364109413085,0-25%
5.0,7.125692860286231,2.1256928602862306,2.1256928602862306,0-25%
5.0,7.125692860286231,2.1256928602862306,2.1256928602862306,0-25%
5.0,7.030873151652795,2.030873151652795,2.030873151652795,0-25%
4.0,7.048643270545624,3.0486432705456243,3.0486432705456243,0-25%
4.0,7.082413008426867,3.082413008426867,3.082413008426867,0-25%
5.0,7.14623034787195,2.14623034787195,2.14623034787195,0-25%
5.0,7.105271250078047,2.1052712500780473,2.1052712500780473,0-25%
5.0,7.125692860286231,2.1256928602862306,2.1256928602862306,0-25%
5.0,7.094283541275929,2.094283541275929,2.094283541275929,0-25%
6.0,6.809121524882919,0.8091215248829187,0.8091215248829187,25-50%
4.0,7.1257571225494205,3.1257571225494205,3.1257571225494205,0-25%
5.0,7.082413008426867,2.082413008426867,2.082413008426867,0-25%
5.0,7.082413008426867,2.082413008426867,2.082413008426867,0-25%
5.0,7.215104161724876,2.2151041617248763,2.2151041617248763,0-25%
5.0,7.183284511616614,2.1832845116166144,2.1832845116166144,0-25%
5.0,7.203902679887946,2.203902679887946,2.203902679887946,0-25%
5.0,7.194393036145068,2.194393036145068,2.194393036145068,0-25%
6.0,6.90570415721118,0.9057041572111801,0.9057041572111801,25-50%
6.0,6.819722136151133,0.8197221361511327,0.8197221361511327,25-50%
5.0,7.1257571225494205,2.1257571225494205,2.1257571225494205,0-25%
5.0,7.235802501093686,2.235802501093686,2.235802501093686,0-25%
5.0,7.215104161724876,2.2151041617248763,2.2151041617248763,0-25%
5.0,7.235802501093686,2.235802501093686,2.235802501093686,0-25%
6.0,6.894986986560748,0.894986986560748,0.894986986560748,25-50%
6.0,6.894986986560748,0.894986986560748,0.894986986560748,25-50%
6.0,6.871960265964072,0.8719602659640717,0.8719602659640717,25-50%
6.0,6.925685628794809,0.9256856287948088,0.9256856287948088,25-50%
6.0,6.925685628794809,0.9256856287948088,0.9256856287948088,25-50%
6.0,6.919299454526871,0.9192994545268709,0.9192994545268709,25-50%
6.0,6.925685628794809,0.9256856287948088,0.9256856287948088,25-50%
6.0,6.90570415721118,0.9057041572111801,0.9057041572111801,25-50%
6.0,6.894986986560748,0.894986986560748,0.894986986560748,25-50%
6.0,6.871960265964072,0.8719602659640717,0.8719602659640717,25-50%
6.0,6.919299454526871,0.9192994545268709,0.9192994545268709,25-50%
6.0,6.919299454526871,0.9192994545268709,0.9192994545268709,25-50%
6.0,6.925685628794809,0.9256856287948088,0.9256856287948088,25-50%
6.0,6.894986986560748,0.894986986560748,0.894986986560748,25-50%
4.5,7.183284511616614,2.6832845116166144,2.6832845116166144,0-25%
4.5,7.14835582504892,2.6483558250489203,2.6483558250489203,0-25%
3.0,7.104891165760497,4.104891165760497,4.104891165760497,0-25%
4.5,7.269918161234189,2.769918161234189,2.769918161234189,0-25%
4.5,7.171283455919342,2.671283455919342,2.671283455919342,0-25%
3.0,7.1734154698387185,4.1734154698387185,4.1734154698387185,0-25%
3.0,7.084521834675408,4.084521834675408,4.084521834675408,0-25%
3.0,7.075458734845215,4.075458734845215,4.075458734845215,0-25%
3.0,6.938168283722659,3.938168283722659,3.938168283722659,0-25%
6.0,6.893093511139853,0.8930935111398526,0.8930935111398526,25-50%
6.0,6.88673359818896,0.8867335981889601,0.8867335981889601,25-50%
6.0,6.886652469464512,0.8866524694645124,0.8866524694645124,25-50%
6.0,6.886652469464512,0.8866524694645124,0.8866524694645124,25-50%
3.0,7.159772768057885,4.159772768057885,4.159772768057885,0-25%
3.0,7.159772768057885,4.159772768057885,4.159772768057885,0-25%
3.0,7.2009925411506615,4.2009925411506615,4.2009925411506615,0-25%
3.0,7.081983649746512,4.081983649746512,4.081983649746512,0-25%
3.0,6.950657491457395,3.9506574914573953,3.9506574914573953,0-25%
3.0,6.930675782699627,3.930675782699627,3.930675782699627,0-25%
7.0,7.436219457094024,0.4362194570940243,0.4362194570940243,25-50%
7.0,7.318736531201345,0.3187365312013446,0.3187365312013446,25-50%
7.0,7.318736531201345,0.3187365312013446,0.3187365312013446,25-50%
7.0,7.339695977174622,0.33969597717462197,0.33969597717462197,25-50%
6.0,6.88673359818896,0.8867335981889601,0.8867335981889601,25-50%
6.0,6.893093511139853,0.8930935111398526,0.8930935111398526,25-50%
6.0,6.88673359818896,0.8867335981889601,0.8867335981889601,25-50%
6.0,6.897439565151309,0.8974395651513092,0.8974395651513092,25-50%
6.0,6.903808111463159,0.9038081114631593,0.9038081114631593,25-50%
3.0,7.1734154698387185,4.1734154698387185,4.1734154698387185,0-25%
3.0,7.1734154698387185,4.1734154698387185,4.1734154698387185,0-25%
3.0,7.422193480103166,4.422193480103166,4.422193480103166,0-25%
3.0,6.950657491457395,3.9506574914573953,3.9506574914573953,0-25%
3.0,6.58211075474144,3.58211075474144,3.58211075474144,0-25%
3.0,6.712808541280952,3.7128085412809524,3.7128085412809524,0-25%
3.0,6.919924759887962,3.9199247598879623,3.9199247598879623,0-25%
7.0,7.0347784117368235,0.0347784117368235,0.0347784117368235,25-50%
7.0,7.054428375194123,0.05442837519412258,0.05442837519412258,25-50%
7.0,7.3682635271837675,0.36826352718376754,0.36826352718376754,25-50%
7.0,7.4835831108997075,0.4835831108997075,0.4835831108997075,25-50%
7.0,7.4835831108997075,0.4835831108997075,0.4835831108997075,25-50%
7.0,7.3682635271837675,0.36826352718376754,0.36826352718376754,25-50%
7.0,7.3682635271837675,0.36826352718376754,0.36826352718376754,25-50%
7.0,7.318736531201345,0.3187365312013446,0.3187365312013446,25-50%
7.0,7.318736531201345,0.3187365312013446,0.3187365312013446,25-50%
6.0,6.886652469464512,0.8866524694645124,0.8866524694645124,25-50%
6.0,6.88673359818896,0.8867335981889601,0.8867335981889601,25-50%
6.0,6.893093511139853,0.8930935111398526,0.8930935111398526,25-50%
6.0,6.897439565151309,0.8974395651513092,0.8974395651513092,25-50%
6.0,6.897439565151309,0.8974395651513092,0.8974395651513092,25-50%
6.0,6.903808111463159,0.9038081114631593,0.9038081114631593,25-50%
3.0,7.593681197444911,4.593681197444911,4.593681197444911,0-25%
3.0,7.504929971568762,4.504929971568762,4.504929971568762,0-25%
3.0,7.433626315259307,4.433626315259307,4.433626315259307,0-25%
3.0,6.607412630943087,3.607412630943087,3.607412630943087,0-25%
3.0,7.081983649746512,4.081983649746512,4.081983649746512,0-25%
7.0,7.090706100758124,0.09070610075812358,0.09070610075812358,25-50%
7.0,7.341174592313408,0.34117459231340774,0.34117459231340774,25-50%
7.0,6.930962389476499,-0.06903761052350088,0.06903761052350088,25-50%
7.0,7.4835831108997075,0.4835831108997075,0.4835831108997075,25-50%
7.0,7.4835831108997075,0.4835831108997075,0.4835831108997075,25-50%
7.0,7.436219457094024,0.4362194570940243,0.4362194570940243,25-50%
7.0,7.389347758741084,0.38934775874108407,0.38934775874108407,25-50%
7.0,7.318736531201345,0.3187365312013446,0.3187365312013446,25-50%
7.0,7.318736531201345,0.3187365312013446,0.3187365312013446,25-50%
7.0,7.318736531201345,0.3187365312013446,0.3187365312013446,25-50%
7.0,7.318736531201345,0.3187365312013446,0.3187365312013446,25-50%
6.0,6.886652469464512,0.8866524694645124,0.8866524694645124,25-50%
6.0,6.886652469464512,0.8866524694645124,0.8866524694645124,25-50%
6.0,6.88673359818896,0.8867335981889601,0.8867335981889601,25-50%
6.0,6.897439565151309,0.8974395651513092,0.8974395651513092,25-50%
6.0,6.903808111463159,0.9038081114631593,0.9038081114631593,25-50%
3.0,7.153675815411705,4.153675815411705,4.153675815411705,0-25%
3.0,7.48510384036365,4.48510384036365,4.48510384036365,0-25%
3.0,7.496622074149041,4.496622074149041,4.496622074149041,0-25%
3.0,7.054063755847671,4.054063755847671,4.054063755847671,0-25%
4.0,7.084521834675408,3.0845218346754084,3.0845218346754084,0-25%
4.0,7.1158932740444625,3.1158932740444625,3.1158932740444625,0-25%
7.0,7.116715892282436,0.11671589228243562,0.11671589228243562,25-50%
7.0,7.145122763618463,0.14512276361846332,0.14512276361846332,25-50%
7.0,7.320211430262925,0.3202114302629253,0.3202114302629253,25-50%
7.0,7.341174592313408,0.34117459231340774,0.34117459231340774,25-50%
7.0,7.310884112167579,0.31088411216757894,0.31088411216757894,25-50%
7.0,7.341174592313408,0.34117459231340774,0.34117459231340774,25-50%
7.0,7.341174592313408,0.34117459231340774,0.34117459231340774,25-50%
7.0,7.389347758741084,0.38934775874108407,0.38934775874108407,25-50%
7.0,7.436219457094024,0.4362194570940243,0.4362194570940243,25-50%
7.0,7.386290268583042,0.38629026858304183,0.38629026858304183,25-50%
7.0,7.339695977174622,0.33969597717462197,0.33969597717462197,25-50%
7.0,7.318736531201345,0.3187365312013446,0.3187365312013446,25-50%
7.0,7.318736531201345,0.3187365312013446,0.3187365312013446,25-50%
7.0,7.318736531201345,0.3187365312013446,0.3187365312013446,25-50%
7.0,7.318736531201345,0.3187365312013446,0.3187365312013446,25-50%
6.0,6.886652469464512,0.8866524694645124,0.8866524694645124,25-50%
6.0,6.897439565151309,0.8974395651513092,0.8974395651513092,25-50%
6.0,6.952104045057743,0.9521040450577427,0.9521040450577427,25-50%
3.0,7.172274603612481,4.172274603612481,4.172274603612481,0-25%
4.0,7.081983649746512,3.081983649746512,3.081983649746512,0-25%
4.0,7.104891165760497,3.104891165760497,3.104891165760497,0-25%
4.0,7.220579271722907,3.220579271722907,3.220579271722907,0-25%
4.0,7.220579271722907,3.220579271722907,3.220579271722907,0-25%
4.0,7.220579271722907,3.220579271722907,3.220579271722907,0-25%
7.0,7.124652321892888,0.12465232189288766,0.12465232189288766,25-50%
7.0,7.145122763618463,0.14512276361846332,0.14512276361846332,25-50%
7.0,7.145122763618463,0.14512276361846332,0.14512276361846332,25-50%
7.0,7.320211430262925,0.3202114302629253,0.3202114302629253,25-50%
7.0,7.320211430262925,0.3202114302629253,0.3202114302629253,25-50%
7.0,7.341174592313408,0.34117459231340774,0.34117459231340774,25-50%
7.0,7.341174592313408,0.34117459231340774,0.34117459231340774,25-50%
7.0,7.289997076595071,0.28999707659507123,0.28999707659507123,25-50%
7.0,7.339695977174622,0.33969597717462197,0.33969597717462197,25-50%
7.0,7.339695977174622,0.33969597717462197,0.33969597717462197,25-50%
7.0,7.339695977174622,0.33969597717462197,0.33969597717462197,25-50%
7.0,7.318736531201345,0.3187365312013446,0.3187365312013446,25-50%
7.0,7.339695977174622,0.33969597717462197,0.33969597717462197,25-50%
7.0,7.318736531201345,0.3187365312013446,0.3187365312013446,25-50%
7.0,7.386290268583042,0.38629026858304183,0.38629026858304183,25-50%
7.0,7.318736531201345,0.3187365312013446,0.3187365312013446,25-50%
6.0,6.88673359818896,0.8867335981889601,0.8867335981889601,25-50%
6.0,6.88673359818896,0.8867335981889601,0.8867335981889601,25-50%
6.0,6.897439565151309,0.8974395651513092,0.8974395651513092,25-50%
6.0,6.952104045057743,0.9521040450577427,0.9521040450577427,25-50%
6.0,6.952104045057743,0.9521040450577427,0.9521040450577427,25-50%
4.0,7.341174592313408,3.3411745923134077,3.3411745923134077,0-25%
4.0,7.220579271722907,3.220579271722907,3.220579271722907,0-25%
4.0,7.220579271722907,3.220579271722907,3.220579271722907,0-25%
4.0,7.220579271722907,3.220579271722907,3.220579271722907,0-25%
7.0,7.145122763618463,0.14512276361846332,0.14512276361846332,25-50%
7.0,7.188803175673675,0.18880317567367477,0.18880317567367477,25-50%
7.0,7.188803175673675,0.18880317567367477,0.18880317567367477,25-50%
7.0,7.341174592313408,0.34117459231340774,0.34117459231340774,25-50%
7.0,7.341174592313408,0.34117459231340774,0.34117459231340774,25-50%
7.0,7.320211430262925,0.3202114302629253,0.3202114302629253,25-50%
7.0,7.320211430262925,0.3202114302629253,0.3202114302629253,25-50%
7.0,7.289997076595071,0.28999707659507123,0.28999707659507123,25-50%
7.0,7.318736531201345,0.3187365312013446,0.3187365312013446,25-50%
7.0,7.339695977174622,0.33969597717462197,0.33969597717462197,25-50%
7.0,7.386290268583042,0.38629026858304183,0.38629026858304183,25-50%
7.0,7.339695977174622,0.33969597717462197,0.33969597717462197,25-50%
7.0,7.183563316578932,0.18356331657893232,0.18356331657893232,25-50%
7.0,7.082987770921037,0.08298777092103737,0.08298777092103737,25-50%
4.0,7.58203138787995,3.58203138787995,3.58203138787995,0-25%
4.0,7.58203138787995,3.58203138787995,3.58203138787995,0-25%
4.0,7.488693667563461,3.488693667563461,3.488693667563461,0-25%
4.0,7.401026700198257,3.4010267001982566,3.4010267001982566,0-25%
4.0,7.407035068605991,3.4070350686059907,3.4070350686059907,0-25%
4.0,7.188803175673675,3.1888031756736748,3.1888031756736748,0-25%
4.0,7.220579271722907,3.220579271722907,3.220579271722907,0-25%
4.0,7.209435248477349,3.209435248477349,3.209435248477349,0-25%
7.0,7.209435248477349,0.20943524847734896,0.20943524847734896,25-50%
7.0,7.341174592313408,0.34117459231340774,0.34117459231340774,25-50%
7.0,7.341174592313408,0.34117459231340774,0.34117459231340774,25-50%
7.0,7.341174592313408,0.34117459231340774,0.34117459231340774,25-50%
7.0,7.320211430262925,0.3202114302629253,0.3202114302629253,25-50%
7.0,7.320211430262925,0.3202114302629253,0.3202114302629253,25-50%
5.0,7.812921035714501,2.812921035714501,2.812921035714501,0-25%
5.0,7.823148485022105,2.823148485022105,2.823148485022105,0-25%
5.0,7.823148485022105,2.823148485022105,2.823148485022105,0-25%
5.0,7.835125602672717,2.8351256026727167,2.8351256026727167,0-25%
4.0,7.488693667563461,3.488693667563461,3.488693667563461,0-25%
4.0,7.488693667563461,3.488693667563461,3.488693667563461,0-25%
4.0,7.224320061312837,3.224320061312837,3.224320061312837,0-25%
4.0,7.385906385042686,3.385906385042686,3.385906385042686,0-25%
4.0,7.209435248477349,3.209435248477349,3.209435248477349,0-25%
4.0,7.209435248477349,3.209435248477349,3.209435248477349,0-25%
7.0,7.320211430262925,0.3202114302629253,0.3202114302629253,25-50%
7.0,7.289997076595071,0.28999707659507123,0.28999707659507123,25-50%
7.0,7.310884112167579,0.31088411216757894,0.31088411216757894,25-50%
7.0,7.310884112167579,0.31088411216757894,0.31088411216757894,25-50%
5.0,7.835125602672717,2.8351256026727167,2.8351256026727167,0-25%
5.0,7.823148485022105,2.823148485022105,2.823148485022105,0-25%
5.0,7.823148485022105,2.823148485022105,2.823148485022105,0-25%
5.0,7.823148485022105,2.823148485022105,2.823148485022105,0-25%
4.5,7.8925050807949395,3.3925050807949395,3.3925050807949395,0-25%
4.0,7.571988845588618,3.571988845588618,3.571988845588618,0-25%
4.0,7.488693667563461,3.488693667563461,3.488693667563461,0-25%
4.0,7.500216774414604,3.5002167744146044,3.5002167744146044,0-25%
4.0,7.418447326744959,3.4184473267449587,3.4184473267449587,0-25%
4.0,7.418447326744959,3.4184473267449587,3.4184473267449587,0-25%
5.0,7.756181810397159,2.756181810397159,2.756181810397159,0-25%
5.0,7.823148485022105,2.823148485022105,2.823148485022105,0-25%
5.0,7.823148485022105,2.823148485022105,2.823148485022105,0-25%
5.0,7.756181810397159,2.756181810397159,2.756181810397159,0-25%
5.0,7.823148485022105,2.823148485022105,2.823148485022105,0-25%
5.0,7.607953746470282,2.607953746470282,2.607953746470282,0-25%
5.0,7.823148485022105,2.823148485022105,2.823148485022105,0-25%
4.0,7.593681197444911,3.593681197444911,3.593681197444911,0-25%
4.0,7.500216774414604,3.5002167744146044,3.5002167744146044,0-25%
10.0,7.050105269880084,-2.949894730119916,2.949894730119916,50-75%
10.0,6.7507424349093625,-3.2492575650906375,3.2492575650906375,50-75%
10.0,6.705426981580124,-3.294573018419876,3.294573018419876,50-75%
5.0,7.835125602672717,2.8351256026727167,2.8351256026727167,0-25%
5.0,7.800974019131242,2.8009740191312424,2.8009740191312424,0-25%
5.0,7.823148485022105,2.823148485022105,2.823148485022105,0-25%
5.0,7.800974019131242,2.8009740191312424,2.8009740191312424,0-25%
5.0,7.800974019131242,2.8009740191312424,2.8009740191312424,0-25%
5.0,7.800974019131242,2.8009740191312424,2.8009740191312424,0-25%
5.0,7.835125602672717,2.8351256026727167,2.8351256026727167,0-25%
10.0,7.1228588251732905,-2.8771411748267095,2.8771411748267095,50-75%
10.0,6.677728542472066,-3.3222714575279344,3.3222714575279344,50-75%
5.0,7.7659114771756395,2.7659114771756395,2.7659114771756395,0-25%
5.0,7.743880860170505,2.7438808601705054,2.7438808601705054,0-25%
5.0,7.800974019131242,2.8009740191312424,2.8009740191312424,0-25%
5.0,7.835125602672717,2.8351256026727167,2.8351256026727167,0-25%
10.0,7.093659857862296,-2.9063401421377044,2.9063401421377044,50-75%
10.0,7.1228588251732905,-2.8771411748267095,2.8771411748267095,50-75%
10.0,7.191177137362526,-2.8088228626374736,2.8088228626374736,50-75%
10.0,7.191177137362526,-2.8088228626374736,2.8088228626374736,50-75%
10.0,6.705426981580124,-3.294573018419876,3.294573018419876,50-75%
10.0,6.690041503389532,-3.3099584966104683,3.3099584966104683,50-75%
10.0,6.690041503389532,-3.3099584966104683,3.3099584966104683,50-75%
5.0,7.3435512993731376,2.3435512993731376,2.3435512993731376,0-25%
5.0,7.3435512993731376,2.3435512993731376,2.3435512993731376,0-25%
5.0,7.7659114771756395,2.7659114771756395,2.7659114771756395,0-25%
10.0,6.615443558201969,-3.384556441798031,3.384556441798031,50-75%
10.0,6.615443558201969,-3.384556441798031,3.384556441798031,50-75%
10.0,6.705426981580124,-3.294573018419876,3.294573018419876,50-75%
4.0,6.751630647601118,2.751630647601118,2.751630647601118,0-25%
4.0,6.610630742672239,2.610630742672239,2.610630742672239,0-25%
4.0,6.682464306019222,2.682464306019222,2.682464306019222,0-25%
4.0,6.64704344643173,2.64704344643173,2.64704344643173,0-25%
4.0,6.615443558201969,2.615443558201969,2.615443558201969,0-25%
4.0,6.615443558201969,2.615443558201969,2.615443558201969,0-25%
4.0,6.600345798928102,2.6003457989281022,2.6003457989281022,0-25%
4.0,6.551782264578527,2.5517822645785273,2.5517822645785273,0-25%
4.0,6.615443558201969,2.615443558201969,2.615443558201969,0-25%
4.0,6.615443558201969,2.615443558201969,2.615443558201969,0-25%
4.0,6.615443558201969,2.615443558201969,2.615443558201969,0-25%
4.0,6.615443558201969,2.615443558201969,2.615443558201969,0-25%
4.0,6.64704344643173,2.64704344643173,2.64704344643173,0-25%
4.0,6.5880685794782785,2.5880685794782785,2.5880685794782785,0-25%
9.0,7.648087298454309,-1.3519127015456913,1.3519127015456913,50-75%
9.0,6.975558641955912,-2.024441358044088,2.024441358044088,50-75%
9.0,6.73482815993596,-2.26517184006404,2.26517184006404,50-75%
9.0,7.719108521841904,-1.2808914781580958,1.2808914781580958,50-75%
9.0,7.650803270893254,-1.3491967291067457,1.3491967291067457,50-75%
9.0,7.411621845960572,-1.588378154039428,1.588378154039428,50-75%
9.0,7.411621845960572,-1.588378154039428,1.588378154039428,50-75%
9.0,7.348679057218748,-1.6513209427812523,1.6513209427812523,50-75%
9.0,6.73482815993596,-2.26517184006404,2.26517184006404,50-75%
9.0,6.975558641955912,-2.024441358044088,2.024441358044088,50-75%
9.0,7.730944408855687,-1.2690555911443129,1.2690555911443129,50-75%
9.0,7.7529424318663605,-1.2470575681336395,1.2470575681336395,50-75%
9.0,7.4780385616205685,-1.5219614383794315,1.5219614383794315,50-75%
9.0,7.45673143103955,-1.5432685689604497,1.5432685689604497,50-75%
9.0,7.120851072297753,-1.8791489277022473,1.8791489277022473,50-75%
9.0,7.120851072297753,-1.8791489277022473,1.8791489277022473,50-75%
9.0,7.164018463746662,-1.835981536253338,1.835981536253338,50-75%
9.0,7.741076723781375,-1.258923276218625,1.258923276218625,50-75%
9.0,7.741076723781375,-1.258923276218625,1.258923276218625,50-75%
9.0,7.697216803575733,-1.3027831964242669,1.3027831964242669,50-75%
9.0,7.513224977305792,-1.486775022694208,1.486775022694208,50-75%
9.0,7.260410205639775,-1.7395897943602252,1.7395897943602252,50-75%
9.0,7.19569838440007,-1.8043016155999299,1.8043016155999299,50-75%
9.0,7.184588090308813,-1.8154119096911874,1.8154119096911874,50-75%
9.0,7.719108521841904,-1.2808914781580958,1.2808914781580958,50-75%
9.0,7.534674446020295,-1.4653255539797048,1.4653255539797048,50-75%
9.0,7.19569838440007,-1.8043016155999299,1.8043016155999299,50-75%
9.0,7.15486624474527,-1.8451337552547296,1.8451337552547296,50-75%
9.0,7.150391447030685,-1.8496085529693147,1.8496085529693147,50-75%
9.0,7.182171162257728,-1.8178288377422724,1.8178288377422724,50-75%
9.0,7.719108521841904,-1.2808914781580958,1.2808914781580958,50-75%
7.0,7.22848014579553,0.22848014579552967,0.22848014579552967,25-50%
7.0,7.184588090308813,0.18458809030881262,0.18458809030881262,25-50%
7.0,7.0288378071762585,0.0288378071762585,0.0288378071762585,25-50%
9.0,6.601213319472734,-2.398786680527266,2.398786680527266,50-75%
5.0,7.595727911807823,2.595727911807823,2.595727911807823,0-25%
5.0,7.164018463746662,2.164018463746662,2.164018463746662,0-25%
5.0,7.15486624474527,2.1548662447452704,2.1548662447452704,0-25%
7.0,7.016225790704656,0.016225790704655907,0.016225790704655907,25-50%
5.0,7.58138030487132,2.5813803048713204,2.5813803048713204,0-25%
5.0,7.539675666301683,2.539675666301683,2.539675666301683,0-25%
5.0,7.161455320366303,2.1614553203663034,2.1614553203663034,0-25%
5.0,7.0288378071762585,2.0288378071762585,2.0288378071762585,0-25%
5.0,7.008659614504932,2.008659614504932,2.008659614504932,0-25%
5.0,6.824862895459914,1.8248628954599138,1.8248628954599138,0-25%
5.0,6.824862895459914,1.8248628954599138,1.8248628954599138,0-25%
5.0,7.563880461257705,2.563880461257705,2.563880461257705,0-25%
5.0,7.0288378071762585,2.0288378071762585,2.0288378071762585,0-25%
5.0,6.601213319472734,1.601213319472734,1.601213319472734,0-25%
5.0,6.7322403893752,1.7322403893751996,1.7322403893751996,0-25%
5.0,6.997802874856815,1.9978028748568146,1.9978028748568146,0-25%
5.0,7.161455320366303,2.1614553203663034,2.1614553203663034,0-25%
5.0,7.933379401503583,2.933379401503583,2.933379401503583,0-25%
5.0,7.575505631570138,2.575505631570138,2.575505631570138,0-25%
5.0,6.62657894187166,1.62657894187166,1.62657894187166,0-25%
5.0,7.161455320366303,2.1614553203663034,2.1614553203663034,0-25%
5.0,7.165936192463381,2.1659361924633806,2.1659361924633806,0-25%
5.0,7.757860066316239,2.7578600663162387,2.7578600663162387,0-25%
5.0,7.189557672282641,2.189557672282641,2.189557672282641,0-25%
5.0,7.164018463746662,2.164018463746662,2.164018463746662,0-25%
9.0,7.362981540573946,-1.637018459426054,1.637018459426054,50-75%
13.0,7.560071286174633,-5.439928713825367,5.439928713825367,50-75%
13.0,7.560071286174633,-5.439928713825367,5.439928713825367,50-75%
13.0,7.4575266363365635,-5.5424733636634365,5.5424733636634365,50-75%
13.0,7.4575266363365635,-5.5424733636634365,5.5424733636634365,50-75%
9.0,7.362981540573946,-1.637018459426054,1.637018459426054,50-75%
9.0,7.362981540573946,-1.637018459426054,1.637018459426054,50-75%
9.0,7.362981540573946,-1.637018459426054,1.637018459426054,50-75%
9.0,7.6631557236963905,-1.3368442763036095,1.3368442763036095,50-75%
9.0,7.6631557236963905,-1.3368442763036095,1.3368442763036095,50-75%
13.0,7.481498588676093,-5.518501411323907,5.518501411323907,50-75%
13.0,7.560071286174633,-5.439928713825367,5.439928713825367,50-75%
13.0,7.560071286174633,-5.439928713825367,5.439928713825367,50-75%
13.0,7.560071286174633,-5.439928713825367,5.439928713825367,50-75%
13.0,7.493011928457523,-5.506988071542477,5.506988071542477,50-75%
13.0,7.560071286174633,-5.439928713825367,5.439928713825367,50-75%
9.0,7.35164447324453,-1.64835552675547,1.64835552675547,50-75%
9.0,7.35164447324453,-1.64835552675547,1.64835552675547,50-75%
9.0,7.6631557236963905,-1.3368442763036095,1.3368442763036095,50-75%
9.0,7.6631557236963905,-1.3368442763036095,1.3368442763036095,50-75%
9.0,7.6631557236963905,-1.3368442763036095,1.3368442763036095,50-75%
9.0,7.6631557236963905,-1.3368442763036095,1.3368442763036095,50-75%
13.0,7.54846703904756,-5.45153296095244,5.45153296095244,50-75%
13.0,7.52698290658642,-5.47301709341358,5.47301709341358,50-75%
13.0,7.560071286174633,-5.439928713825367,5.439928713825367,50-75%
13.0,7.54846703904756,-5.45153296095244,5.45153296095244,50-75%
13.0,7.560071286174633,-5.439928713825367,5.439928713825367,50-75%
13.0,7.493011928457523,-5.506988071542477,5.506988071542477,50-75%
13.0,7.460182762304445,-5.539817237695555,5.539817237695555,50-75%
13.0,7.460182762304445,-5.539817237695555,5.539817237695555,50-75%
9.0,7.351558562105942,-1.648441437894058,1.648441437894058,50-75%
9.0,7.35164447324453,-1.64835552675547,1.64835552675547,50-75%
9.0,7.651411732722805,-1.3485882672771954,1.3485882672771954,50-75%
9.0,7.6631557236963905,-1.3368442763036095,1.3368442763036095,50-75%
9.0,7.6631557236963905,-1.3368442763036095,1.3368442763036095,50-75%
9.0,7.651411732722805,-1.3485882672771954,1.3485882672771954,50-75%
9.0,7.651411732722805,-1.3485882672771954,1.3485882672771954,50-75%
13.0,7.362678208069857,-5.637321791930143,5.637321791930143,50-75%
13.0,7.52698290658642,-5.47301709341358,5.47301709341358,50-75%
13.0,7.54846703904756,-5.45153296095244,5.45153296095244,50-75%
13.0,7.54846703904756,-5.45153296095244,5.45153296095244,50-75%
13.0,7.538463773167301,-5.461536226832699,5.461536226832699,50-75%
13.0,7.54846703904756,-5.45153296095244,5.45153296095244,50-75%
13.0,7.54846703904756,-5.45153296095244,5.45153296095244,50-75%
13.0,7.54846703904756,-5.45153296095244,5.45153296095244,50-75%
9.0,7.35164447324453,-1.64835552675547,1.64835552675547,50-75%
9.0,7.302137352903599,-1.6978626470964011,1.6978626470964011,50-75%
9.0,7.651411732722805,-1.3485882672771954,1.3485882672771954,50-75%
9.0,7.651411732722805,-1.3485882672771954,1.3485882672771954,50-75%
9.0,7.6631557236963905,-1.3368442763036095,1.3368442763036095,50-75%
9.0,7.651411732722805,-1.3485882672771954,1.3485882672771954,50-75%
13.0,7.6432163453424415,-5.3567836546575585,5.3567836546575585,50-75%
13.0,7.560071286174633,-5.439928713825367,5.439928713825367,50-75%
13.0,7.560071286174633,-5.439928713825367,5.439928713825367,50-75%
13.0,7.560071286174633,-5.439928713825367,5.439928713825367,50-75%
13.0,7.54846703904756,-5.45153296095244,5.45153296095244,50-75%
13.0,7.54846703904756,-5.45153296095244,5.45153296095244,50-75%
9.0,7.6701417484678345,-1.3298582515321655,1.3298582515321655,50-75%
9.0,7.658388287064018,-1.3416117129359817,1.3416117129359817,50-75%
9.0,7.651411732722805,-1.3485882672771954,1.3485882672771954,50-75%
9.0,7.651322737958392,-1.3486772620416083,1.3486772620416083,50-75%
9.0,7.651411732722805,-1.3485882672771954,1.3485882672771954,50-75%
9.0,7.651411732722805,-1.3485882672771954,1.3485882672771954,50-75%
13.0,7.52698290658642,-5.47301709341358,5.47301709341358,50-75%
13.0,7.560071286174633,-5.439928713825367,5.439928713825367,50-75%
13.0,7.560071286174633,-5.439928713825367,5.439928713825367,50-75%
13.0,7.260410205639775,-5.739589794360225,5.739589794360225,50-75%
13.0,7.260410205639775,-5.739589794360225,5.739589794360225,50-75%
9.0,7.6701417484678345,-1.3298582515321655,1.3298582515321655,50-75%
9.0,7.6701417484678345,-1.3298582515321655,1.3298582515321655,50-75%
3.0,6.125969391426272,3.1259693914262723,3.1259693914262723,0-25%
3.0,5.987385658315117,2.987385658315117,2.987385658315117,0-25%
3.0,5.987385658315117,2.987385658315117,2.987385658315117,0-25%
3.0,6.125969391426272,3.1259693914262723,3.1259693914262723,0-25%
6.0,5.289705457269255,-0.710294542730745,0.710294542730745,25-50%
3.0,5.987385658315117,2.987385658315117,2.987385658315117,0-25%
3.0,6.179268378642489,3.1792683786424893,3.1792683786424893,0-25%
3.0,5.987385658315117,2.987385658315117,2.987385658315117,0-25%
3.0,5.987385658315117,2.987385658315117,2.987385658315117,0-25%
3.0,6.179268378642489,3.1792683786424893,3.1792683786424893,0-25%
4.5,6.068388982348397,1.568388982348397,1.568388982348397,0-25%
6.0,5.545411404858332,-0.4545885951416677,0.4545885951416677,25-50%
6.0,5.87272650196333,-0.12727349803667032,0.12727349803667032,25-50%
6.0,5.779849046871909,-0.2201509531280914,0.2201509531280914,25-50%
3.0,6.179268378642489,3.1792683786424893,3.1792683786424893,0-25%
3.0,5.987385658315117,2.987385658315117,2.987385658315117,0-25%
3.0,5.987385658315117,2.987385658315117,2.987385658315117,0-25%
3.0,5.987385658315117,2.987385658315117,2.987385658315117,0-25%
3.0,6.179268378642489,3.1792683786424893,3.1792683786424893,0-25%
4.5,6.068388982348397,1.568388982348397,1.568388982348397,0-25%
4.5,6.0165297770221,1.5165297770221002,1.5165297770221002,0-25%
4.5,6.0165297770221,1.5165297770221002,1.5165297770221002,0-25%
6.0,6.068388982348397,0.06838898234839696,0.06838898234839696,25-50%
6.0,6.0165297770221,0.016529777022100234,0.016529777022100234,25-50%
6.0,5.986247776077379,-0.013752223922621098,0.013752223922621098,25-50%
3.0,5.987385658315117,2.987385658315117,2.987385658315117,0-25%
3.0,5.987385658315117,2.987385658315117,2.987385658315117,0-25%
3.0,5.987385658315117,2.987385658315117,2.987385658315117,0-25%
3.0,5.987385658315117,2.987385658315117,2.987385658315117,0-25%
3.0,5.987385658315117,2.987385658315117,2.987385658315117,0-25%
4.5,6.125969391426272,1.6259693914262723,1.6259693914262723,0-25%
4.5,6.0165297770221,1.5165297770221002,1.5165297770221002,0-25%
6.0,5.555552693991595,-0.44444730600840465,0.44444730600840465,25-50%
6.0,5.937408817930055,-0.06259118206994518,0.06259118206994518,25-50%
3.0,6.163267013191328,3.1632670131913283,3.1632670131913283,0-25%
3.0,6.050839141962361,3.050839141962361,3.050839141962361,0-25%
3.0,6.050839141962361,3.050839141962361,3.050839141962361,0-25%
3.0,5.987385658315117,2.987385658315117,2.987385658315117,0-25%
3.0,5.987385658315117,2.987385658315117,2.987385658315117,0-25%
3.0,5.987385658315117,2.987385658315117,2.987385658315117,0-25%
3.0,5.987385658315117,2.987385658315117,2.987385658315117,0-25%
3.0,6.179268378642489,3.1792683786424893,3.1792683786424893,0-25%
4.5,6.125969391426272,1.6259693914262723,1.6259693914262723,0-25%
6.0,6.125969391426272,0.12596939142627228,0.12596939142627228,25-50%
6.0,6.0165297770221,0.016529777022100234,0.016529777022100234,25-50%
6.0,5.962693425587543,-0.037306574412457216,0.037306574412457216,25-50%
3.0,6.110086820332369,3.110086820332369,3.110086820332369,0-25%
3.0,6.110086820332369,3.110086820332369,3.110086820332369,0-25%
3.0,6.050839141962361,3.050839141962361,3.050839141962361,0-25%
3.0,6.050839141962361,3.050839141962361,3.050839141962361,0-25%
3.0,6.050839141962361,3.050839141962361,3.050839141962361,0-25%
3.0,5.987385658315117,2.987385658315117,2.987385658315117,0-25%
3.0,5.987385658315117,2.987385658315117,2.987385658315117,0-25%
3.0,5.987385658315117,2.987385658315117,2.987385658315117,0-25%
3.0,5.987385658315117,2.987385658315117,2.987385658315117,0-25%
6.0,5.987385658315117,-0.012614341684883179,0.012614341684883179,25-50%
6.0,6.125969391426272,0.12596939142627228,0.12596939142627228,25-50%
6.0,5.877450364638911,-0.12254963536108932,0.12254963536108932,25-50%
3.0,6.0707913754184775,3.0707913754184775,3.0707913754184775,0-25%
3.0,6.050839141962361,3.050839141962361,3.050839141962361,0-25%
3.0,6.110086820332369,3.110086820332369,3.110086820332369,0-25%
3.0,6.110086820332369,3.110086820332369,3.110086820332369,0-25%
3.0,6.050839141962361,3.050839141962361,3.050839141962361,0-25%
3.0,6.050839141962361,3.050839141962361,3.050839141962361,0-25%
3.0,6.050839141962361,3.050839141962361,3.050839141962361,0-25%
3.0,5.70008533404953,2.70008533404953,2.70008533404953,0-25%
3.0,6.050839141962361,3.050839141962361,3.050839141962361,0-25%
3.0,6.050839141962361,3.050839141962361,3.050839141962361,0-25%
3.0,6.050839141962361,3.050839141962361,3.050839141962361,0-25%
3.0,5.925693666308285,2.925693666308285,2.925693666308285,0-25%
3.0,5.692245011953091,2.6922450119530907,2.6922450119530907,0-25%
3.0,5.815365458067974,2.8153654580679737,2.8153654580679737,0-25%
3.0,6.050839141962361,3.050839141962361,3.050839141962361,0-25%
3.0,6.110086820332369,3.110086820332369,3.110086820332369,0-25%
3.0,6.110086820332369,3.110086820332369,3.110086820332369,0-25%
3.0,6.110086820332369,3.110086820332369,3.110086820332369,0-25%
3.0,6.163267013191328,3.1632670131913283,3.1632670131913283,0-25%
3.0,5.884078412890549,2.884078412890549,2.884078412890549,0-25%
3.0,5.925693666308285,2.925693666308285,2.925693666308285,0-25%
3.0,6.110086820332369,3.110086820332369,3.110086820332369,0-25%
3.0,6.110086820332369,3.110086820332369,3.110086820332369,0-25%
3.0,6.050839141962361,3.050839141962361,3.050839141962361,0-25%
3.0,6.050839141962361,3.050839141962361,3.050839141962361,0-25%
3.0,5.70008533404953,2.70008533404953,2.70008533404953,0-25%
3.0,5.70008533404953,2.70008533404953,2.70008533404953,0-25%
3.0,6.163267013191328,3.1632670131913283,3.1632670131913283,0-25%
3.0,5.832970920041328,2.832970920041328,2.832970920041328,0-25%
5.0,8.057159907267271,3.0571599072672715,3.0571599072672715,0-25%
5.0,8.005408843182838,3.0054088431828383,3.0054088431828383,0-25%
5.0,8.005408843182838,3.0054088431828383,3.0054088431828383,0-25%
5.0,8.057159907267271,3.0571599072672715,3.0571599072672715,0-25%
5.0,8.057159907267271,3.0571599072672715,3.0571599072672715,0-25%
5.0,8.413122774411244,3.413122774411244,3.413122774411244,0-25%
5.0,8.425710210953005,3.425710210953005,3.425710210953005,0-25%
5.0,8.587657795794975,3.587657795794975,3.587657795794975,0-25%
5.0,8.057159907267271,3.0571599072672715,3.0571599072672715,0-25%
5.0,8.057159907267271,3.0571599072672715,3.0571599072672715,0-25%
5.0,8.057159907267271,3.0571599072672715,3.0571599072672715,0-25%
5.0,8.057159907267271,3.0571599072672715,3.0571599072672715,0-25%
5.0,8.483528621371756,3.4835286213717556,3.4835286213717556,0-25%
5.0,8.413122774411244,3.413122774411244,3.413122774411244,0-25%
5.0,8.359337799328458,3.3593377993284577,3.3593377993284577,0-25%
5.0,8.532875557423354,3.5328755574233544,3.5328755574233544,0-25%
5.0,8.532875557423354,3.5328755574233544,3.5328755574233544,0-25%
5.0,8.005408843182838,3.0054088431828383,3.0054088431828383,0-25%
5.0,8.057159907267271,3.0571599072672715,3.0571599072672715,0-25%
5.0,8.23005916261955,3.2300591626195505,3.2300591626195505,0-25%
5.0,8.23005916261955,3.2300591626195505,3.2300591626195505,0-25%
5.0,8.23005916261955,3.2300591626195505,3.2300591626195505,0-25%
5.0,8.23005916261955,3.2300591626195505,3.2300591626195505,0-25%
5.0,8.532875557423354,3.5328755574233544,3.5328755574233544,0-25%
5.0,8.354303886732497,3.354303886732497,3.354303886732497,0-25%
5.0,8.408059933608037,3.408059933608037,3.408059933608037,0-25%
5.0,8.192080267755529,3.1920802677555287,3.1920802677555287,0-25%
5.0,8.367555124079761,3.367555124079761,3.367555124079761,0-25%
5.0,8.23005916261955,3.2300591626195505,3.2300591626195505,0-25%
5.0,8.23005916261955,3.2300591626195505,3.2300591626195505,0-25%
4.5,8.23005916261955,3.7300591626195505,3.7300591626195505,0-25%
4.0,8.429341359309905,4.429341359309905,4.429341359309905,0-25%
4.0,8.481334001848412,4.481334001848412,4.481334001848412,0-25%
4.0,8.387806640450439,4.387806640450439,4.387806640450439,0-25%
4.0,7.292190260838764,3.2921902608387636,3.2921902608387636,0-25%
5.0,8.354303886732497,3.354303886732497,3.354303886732497,0-25%
5.0,8.049543178733536,3.0495431787335363,3.0495431787335363,0-25%
5.0,8.303131399960765,3.3031313999607654,3.3031313999607654,0-25%
5.0,8.367555124079761,3.367555124079761,3.367555124079761,0-25%
4.5,8.367555124079761,3.867555124079761,3.867555124079761,0-25%
4.5,8.314030514764678,3.814030514764678,3.814030514764678,0-25%
4.0,8.17732018173388,4.177320181733879,4.177320181733879,0-25%
4.0,8.17732018173388,4.177320181733879,4.177320181733879,0-25%
4.0,9.074121635656988,5.074121635656988,5.074121635656988,0-25%
4.0,7.632527486373681,3.6325274863736814,3.6325274863736814,0-25%
4.0,7.583376217919608,3.583376217919608,3.583376217919608,0-25%
4.0,6.9824622641464735,2.9824622641464735,2.9824622641464735,0-25%
4.0,6.9824622641464735,2.9824622641464735,2.9824622641464735,0-25%
5.0,8.444506776537903,3.444506776537903,3.444506776537903,0-25%
5.0,8.17819580017968,3.1781958001796795,3.1781958001796795,0-25%
5.0,8.17819580017968,3.1781958001796795,3.1781958001796795,0-25%
4.5,8.553345750603235,4.053345750603235,4.053345750603235,0-25%
4.0,8.314030514764678,4.314030514764678,4.314030514764678,0-25%
4.0,8.314030514764678,4.314030514764678,4.314030514764678,0-25%
4.0,8.367555124079761,4.367555124079761,4.367555124079761,0-25%
4.0,8.867663295404464,4.867663295404464,4.867663295404464,0-25%
4.0,9.11083854534711,5.110838545347111,5.110838545347111,0-25%
4.0,9.11083854534711,5.110838545347111,5.110838545347111,0-25%
4.0,8.140415461055245,4.140415461055245,4.140415461055245,0-25%
4.0,8.326027406163712,4.326027406163712,4.326027406163712,0-25%
4.0,7.248803338225759,3.248803338225759,3.248803338225759,0-25%
4.0,8.17819580017968,4.1781958001796795,4.1781958001796795,0-25%
4.0,8.553345750603235,4.553345750603235,4.553345750603235,0-25%
4.0,8.569805936328596,4.569805936328596,4.569805936328596,0-25%
4.0,8.314030514764678,4.314030514764678,4.314030514764678,0-25%
4.0,9.196905571005974,5.196905571005974,5.196905571005974,0-25%
4.0,9.196905571005974,5.196905571005974,5.196905571005974,0-25%
4.0,8.867663295404464,4.867663295404464,4.867663295404464,0-25%
4.0,8.867663295404464,4.867663295404464,4.867663295404464,0-25%
4.0,8.830613472504778,4.830613472504778,4.830613472504778,0-25%
4.0,8.428955736458867,4.428955736458867,4.428955736458867,0-25%
4.0,8.024904436636746,4.024904436636746,4.024904436636746,0-25%
4.0,6.9824622641464735,2.9824622641464735,2.9824622641464735,0-25%
4.0,6.9824622641464735,2.9824622641464735,2.9824622641464735,0-25%
4.0,8.314030514764678,4.314030514764678,4.314030514764678,0-25%
4.0,8.230939812950863,4.230939812950863,4.230939812950863,0-25%
4.0,8.314030514764678,4.314030514764678,4.314030514764678,0-25%
4.0,8.314030514764678,4.314030514764678,4.314030514764678,0-25%
4.0,8.867663295404464,4.867663295404464,4.867663295404464,0-25%
4.0,8.696453662537293,4.696453662537293,4.696453662537293,0-25%
4.0,8.867663295404464,4.867663295404464,4.867663295404464,0-25%
4.0,9.168942143153636,5.168942143153636,5.168942143153636,0-25%
4.0,8.933741088667071,4.933741088667071,4.933741088667071,0-25%
4.0,8.6394306257988,4.6394306257988,4.6394306257988,0-25%
4.0,8.530006159667765,4.530006159667765,4.530006159667765,0-25%
4.0,8.17819580017968,4.1781958001796795,4.1781958001796795,0-25%
4.0,8.696453662537293,4.696453662537293,4.696453662537293,0-25%
4.0,8.867663295404464,4.867663295404464,4.867663295404464,0-25%
4.0,8.867663295404464,4.867663295404464,4.867663295404464,0-25%
4.0,9.138642194950902,5.1386421949509025,5.1386421949509025,0-25%
4.0,8.887106710809,4.887106710809,4.887106710809,0-25%
4.0,8.482978332211346,4.482978332211346,4.482978332211346,0-25%
4.0,8.42879421440773,4.428794214407731,4.428794214407731,0-25%
4.0,8.42879421440773,4.428794214407731,4.428794214407731,0-25%
4.0,9.138642194950902,5.1386421949509025,5.1386421949509025,0-25%
4.0,9.063372775807014,5.063372775807014,5.063372775807014,0-25%
9.0,6.385873266508377,-2.6141267334916227,2.6141267334916227,50-75%
9.0,6.492628709529152,-2.5073712904708483,2.5073712904708483,50-75%
9.0,6.566535205276505,-2.433464794723495,2.433464794723495,50-75%
9.0,6.509314744003013,-2.490685255996987,2.490685255996987,50-75%
9.0,7.111061497845072,-1.8889385021549279,1.8889385021549279,50-75%
9.0,6.566535205276505,-2.433464794723495,2.433464794723495,50-75%
9.0,6.602892408058496,-2.397107591941504,2.397107591941504,50-75%
9.0,6.492628709529152,-2.5073712904708483,2.5073712904708483,50-75%
9.0,7.196169930693053,-1.8038300693069473,1.8038300693069473,50-75%
9.0,7.251349331493701,-1.7486506685062988,1.7486506685062988,50-75%
9.0,6.602892408058496,-2.397107591941504,2.397107591941504,50-75%
9.0,6.415324500911519,-2.5846754990884806,2.5846754990884806,50-75%
9.0,6.817102437747358,-2.1828975622526423,2.1828975622526423,50-75%
9.0,7.342281835491368,-1.6577181645086316,1.6577181645086316,50-75%
9.0,7.342281835491368,-1.6577181645086316,1.6577181645086316,50-75%
9.0,7.201976063714881,-1.7980239362851194,1.7980239362851194,50-75%
9.0,6.602892408058496,-2.397107591941504,2.397107591941504,50-75%
9.0,6.773362035037194,-2.226637964962806,2.226637964962806,50-75%
9.0,7.025592580686638,-1.974407419313362,1.974407419313362,50-75%
9.0,7.723488778060716,-1.276511221939284,1.276511221939284,50-75%
9.0,7.5933001547718115,-1.4066998452281885,1.4066998452281885,50-75%
9.0,7.158156490369285,-1.8418435096307153,1.8418435096307153,50-75%
9.0,7.723488778060716,-1.276511221939284,1.276511221939284,50-75%
5.0,7.834779952900426,2.8347799529004263,2.8347799529004263,0-25%
5.0,7.796223911419657,2.7962239114196574,2.7962239114196574,0-25%
5.0,7.796223911419657,2.7962239114196574,2.7962239114196574,0-25%
5.0,7.784299529876476,2.784299529876476,2.784299529876476,0-25%
5.0,7.641654317061543,2.641654317061543,2.641654317061543,0-25%
5.0,7.768185008296738,2.7681850082967383,2.7681850082967383,0-25%
5.0,7.784299529876476,2.784299529876476,2.784299529876476,0-25%
5.0,7.784299529876476,2.784299529876476,2.784299529876476,0-25%
5.0,7.796223911419657,2.7962239114196574,2.7962239114196574,0-25%
5.0,7.743061255208528,2.743061255208528,2.743061255208528,0-25%
5.0,7.743061255208528,2.743061255208528,2.743061255208528,0-25%
5.0,7.723488778060716,2.723488778060716,2.723488778060716,0-25%
5.0,7.779832041162518,2.7798320411625177,2.7798320411625177,0-25%
5.0,7.784299529876476,2.784299529876476,2.784299529876476,0-25%
5.0,7.130756330799977,2.1307563307999766,2.1307563307999766,0-25%
5.0,7.342281835491368,2.3422818354913684,2.3422818354913684,0-25%
5.0,7.342281835491368,2.3422818354913684,2.3422818354913684,0-25%
5.0,7.626608491388159,2.6266084913881587,2.6266084913881587,0-25%
5.0,7.717443405949812,2.717443405949812,2.717443405949812,0-25%
5.0,7.177481060266165,2.1774810602661647,2.1774810602661647,0-25%
5.0,7.940712183269961,2.9407121832699614,2.9407121832699614,0-25%
5.0,8.071861295213516,3.071861295213516,3.071861295213516,0-25%
5.0,7.717443405949812,2.717443405949812,2.717443405949812,0-25%
5.0,7.764280946697081,2.764280946697081,2.764280946697081,0-25%
5.0,6.939915798812813,1.9399157988128133,1.9399157988128133,0-25%
5.0,7.071064529608663,2.0710645296086634,2.0710645296086634,0-25%
5.0,7.441574896509713,2.441574896509713,2.441574896509713,0-25%
5.0,7.478576422977257,2.478576422977257,2.478576422977257,0-25%
5.0,7.441574896509713,2.441574896509713,2.441574896509713,0-25%
5.0,7.377327203737195,2.3773272037371953,2.3773272037371953,0-25%
6.0,8.334853487315062,2.334853487315062,2.334853487315062,25-50%
6.0,8.38849775926908,2.3884977592690806,2.3884977592690806,25-50%
6.0,8.276944981881982,2.2769449818819822,2.2769449818819822,25-50%
6.0,7.977406807756917,1.9774068077569167,1.9774068077569167,25-50%
6.0,7.977406807756917,1.9774068077569167,1.9774068077569167,25-50%
6.0,8.318485053250335,2.3184850532503347,2.3184850532503347,25-50%
6.0,8.265551406595277,2.265551406595277,2.265551406595277,25-50%
6.0,8.334853487315062,2.334853487315062,2.334853487315062,25-50%
6.0,8.188342446489628,2.188342446489628,2.188342446489628,25-50%
6.0,8.241144768633832,2.2411447686338324,2.2411447686338324,25-50%
6.0,8.028996953536023,2.028996953536023,2.028996953536023,25-50%
6.0,8.028996953536023,2.028996953536023,2.028996953536023,25-50%
5.0,8.396401261649567,3.396401261649567,3.396401261649567,0-25%
6.0,8.237855219190672,2.2378552191906724,2.2378552191906724,25-50%
6.0,8.265551406595277,2.265551406595277,2.265551406595277,25-50%
6.0,8.265551406595277,2.265551406595277,2.265551406595277,25-50%
6.0,8.188342446489628,2.188342446489628,2.188342446489628,25-50%
6.0,8.188342446489628,2.188342446489628,2.188342446489628,25-50%
6.0,8.188342446489628,2.188342446489628,2.188342446489628,25-50%
6.0,7.977406807756917,1.9774068077569167,1.9774068077569167,25-50%
6.0,8.028996953536023,2.028996953536023,2.028996953536023,25-50%
5.0,8.044598143277272,3.0445981432772715,3.0445981432772715,0-25%
5.0,8.379191810680185,3.379191810680185,3.379191810680185,0-25%
5.0,8.160928475978785,3.1609284759787855,3.1609284759787855,0-25%
5.0,7.442366604200414,2.442366604200414,2.442366604200414,0-25%
6.0,8.11596368950863,2.1159636895086305,2.1159636895086305,25-50%
6.0,8.188342446489628,2.188342446489628,2.188342446489628,25-50%
6.0,8.265551406595277,2.265551406595277,2.265551406595277,25-50%
6.0,8.318797422736266,2.3187974227362655,2.3187974227362655,25-50%
6.0,8.188342446489628,2.188342446489628,2.188342446489628,25-50%
6.0,8.188342446489628,2.188342446489628,2.188342446489628,25-50%
6.0,8.241144768633832,2.2411447686338324,2.2411447686338324,25-50%
6.0,8.028996953536023,2.028996953536023,2.028996953536023,25-50%
5.0,8.044598143277272,3.0445981432772715,3.0445981432772715,0-25%
5.0,8.044598143277272,3.0445981432772715,3.0445981432772715,0-25%
5.0,8.239876131686422,3.2398761316864224,3.2398761316864224,0-25%
5.0,8.313118828873089,3.3131188288730886,3.3131188288730886,0-25%
5.0,7.442366604200414,2.442366604200414,2.442366604200414,0-25%
5.0,7.0448216358240545,2.0448216358240545,2.0448216358240545,0-25%
6.0,8.188342446489628,2.188342446489628,2.188342446489628,25-50%
6.0,8.188342446489628,2.188342446489628,2.188342446489628,25-50%
6.0,8.188342446489628,2.188342446489628,2.188342446489628,25-50%
6.0,7.88898871763539,1.8889887176353897,1.8889887176353897,25-50%
5.0,7.992918854965809,2.992918854965809,2.992918854965809,0-25%
5.0,7.992918854965809,2.992918854965809,2.992918854965809,0-25%
5.0,7.992918854965809,2.992918854965809,2.992918854965809,0-25%
5.0,8.895389390470172,3.8953893904701715,3.8953893904701715,0-25%
5.0,8.261669844001553,3.2616698440015526,3.2616698440015526,0-25%
5.0,7.426904461823256,2.4269044618232556,2.4269044618232556,0-25%
6.0,8.363745948601267,2.3637459486012666,2.3637459486012666,25-50%
6.0,8.496691282584875,2.496691282584875,2.496691282584875,25-50%
6.0,8.318797422736266,2.3187974227362655,2.3187974227362655,25-50%
6.0,8.265551406595277,2.265551406595277,2.265551406595277,25-50%
6.0,8.334853487315062,2.334853487315062,2.334853487315062,25-50%
5.0,7.992918854965809,2.992918854965809,2.992918854965809,0-25%
5.0,7.992918854965809,2.992918854965809,2.992918854965809,0-25%
5.0,8.044598143277272,3.0445981432772715,3.0445981432772715,0-25%
5.0,8.527464523873624,3.5274645238736237,3.5274645238736237,0-25%
5.0,8.93145487902974,3.93145487902974,3.93145487902974,0-25%
5.0,8.93145487902974,3.93145487902974,3.93145487902974,0-25%
5.0,7.825289375168156,2.825289375168156,2.825289375168156,0-25%
5.0,7.992918854965809,2.992918854965809,2.992918854965809,0-25%
5.0,8.84535580235023,3.8453558023502303,3.8453558023502303,0-25%
5.0,8.84535580235023,3.8453558023502303,3.8453558023502303,0-25%
5.0,8.527464523873624,3.5274645238736237,3.5274645238736237,0-25%
5.0,8.527464523873624,3.5274645238736237,3.5274645238736237,0-25%
5.0,8.879921232905357,3.8799212329053567,3.8799212329053567,0-25%
5.0,8.524421896778074,3.5244218967780743,3.5244218967780743,0-25%
5.0,8.527464523873624,3.5274645238736237,3.5274645238736237,0-25%
9.0,8.109517659315575,-0.8904823406844251,0.8904823406844251,50-75%
9.0,8.153288893017745,-0.846711106982255,0.846711106982255,50-75%
9.0,7.959678832483357,-1.0403211675166428,1.0403211675166428,50-75%
9.0,8.205360031894836,-0.7946399681051641,0.7946399681051641,50-75%
6.5,8.153288893017745,1.653288893017745,1.653288893017745,25-50%
6.5,8.153851668266029,1.6538516682660287,1.6538516682660287,25-50%
6.5,8.367448642602419,1.8674486426024188,1.8674486426024188,25-50%
9.0,9.083696739917572,0.08369673991757232,0.08369673991757232,50-75%
9.0,8.053730290301019,-0.9462697096989814,0.9462697096989814,50-75%
6.5,8.094184618689653,1.5941846186896527,1.5941846186896527,25-50%
6.5,8.52217685778781,2.0221768577878105,2.0221768577878105,25-50%
6.5,9.083696739917572,2.5836967399175723,2.5836967399175723,25-50%
6.5,9.076708744564197,2.576708744564197,2.576708744564197,25-50%
9.0,7.928132884135137,-1.0718671158648627,1.0718671158648627,50-75%
6.5,8.52217685778781,2.0221768577878105,2.0221768577878105,25-50%
6.5,9.108291627545197,2.6082916275451975,2.6082916275451975,25-50%
6.5,9.078066578976467,2.5780665789764665,2.5780665789764665,25-50%
6.5,9.135362219473308,2.6353622194733077,2.6353622194733077,25-50%
6.5,8.568549158163774,2.0685491581637745,2.0685491581637745,25-50%
6.5,8.568549158163774,2.0685491581637745,2.0685491581637745,25-50%
6.5,8.568549158163774,2.0685491581637745,2.0685491581637745,25-50%
6.5,8.5443405217735,2.044340521773499,2.044340521773499,25-50%
6.5,9.083696739917572,2.5836967399175723,2.5836967399175723,25-50%
4.0,9.083696739917572,5.083696739917572,5.083696739917572,0-25%
4.0,8.568549158163774,4.5685491581637745,4.5685491581637745,0-25%
6.5,7.817734465444662,1.317734465444662,1.317734465444662,25-50%
4.0,8.053730290301019,4.053730290301019,4.053730290301019,0-25%
4.0,8.502435072332887,4.5024350723328865,4.5024350723328865,0-25%
4.0,9.020565391727503,5.020565391727503,5.020565391727503,0-25%
9.0,8.502435072332887,-0.49756492766711347,0.49756492766711347,50-75%
9.0,8.44963947205316,-0.5503605279468395,0.5503605279468395,50-75%
9.0,8.502435072332887,-0.49756492766711347,0.49756492766711347,50-75%
9.0,8.568549158163774,-0.4314508418362255,0.4314508418362255,50-75%
9.0,8.008092047892484,-0.9919079521075158,0.9919079521075158,50-75%
9.0,8.568549158163774,-0.4314508418362255,0.4314508418362255,50-75%
9.0,8.677989635111059,-0.32201036488894097,0.32201036488894097,50-75%
9.0,8.568549158163774,-0.4314508418362255,0.4314508418362255,50-75%
9.0,8.568549158163774,-0.4314508418362255,0.4314508418362255,50-75%
9.0,8.568549158163774,-0.4314508418362255,0.4314508418362255,50-75%
9.0,8.568549158163774,-0.4314508418362255,0.4314508418362255,50-75%
9.0,8.568549158163774,-0.4314508418362255,0.4314508418362255,50-75%
9.0,8.677989635111059,-0.32201036488894097,0.32201036488894097,50-75%
9.0,8.687036684236586,-0.3129633157634135,0.3129633157634135,50-75%
9.0,8.631686611877598,-0.36831338812240233,0.36831338812240233,50-75%
9.0,8.568549158163774,-0.4314508418362255,0.4314508418362255,50-75%
9.0,8.568549158163774,-0.4314508418362255,0.4314508418362255,50-75%
9.0,8.568549158163774,-0.4314508418362255,0.4314508418362255,50-75%
9.0,8.568549158163774,-0.4314508418362255,0.4314508418362255,50-75%
9.0,8.568549158163774,-0.4314508418362255,0.4314508418362255,50-75%
9.0,8.631686611877598,-0.36831338812240233,0.36831338812240233,50-75%
9.0,8.631686611877598,-0.36831338812240233,0.36831338812240233,50-75%
9.0,8.597989643363032,-0.4020103566369677,0.4020103566369677,50-75%
9.0,8.568549158163774,-0.4314508418362255,0.4314508418362255,50-75%
9.0,8.131869303584697,-0.868130696415303,0.868130696415303,50-75%
9.0,8.568549158163774,-0.4314508418362255,0.4314508418362255,50-75%
9.0,8.596346308230839,-0.4036536917691613,0.4036536917691613,50-75%
9.0,8.631686611877598,-0.36831338812240233,0.36831338812240233,50-75%
9.0,8.543148370579845,-0.45685162942015545,0.45685162942015545,50-75%
9.0,8.462417908533745,-0.5375820914662555,0.5375820914662555,50-75%
9.0,8.360939730606932,-0.6390602693930685,0.6390602693930685,50-75%
9.0,8.516769281627916,-0.4832307183720843,0.4832307183720843,50-75%
9.0,8.453805081995537,-0.5461949180044634,0.5461949180044634,50-75%
9.0,8.373830421356692,-0.6261695786433084,0.6261695786433084,50-75%
5.5,8.599997711606713,3.0999977116067132,3.0999977116067132,25-50%
5.5,8.53742257273077,3.0374225727307707,3.0374225727307707,25-50%
5.5,8.793310463350611,3.293310463350611,3.293310463350611,25-50%
6.0,8.890291170035576,2.8902911700355762,2.8902911700355762,25-50%
5.666666666666668,8.99499220119139,3.3283255345247227,3.3283255345247227,25-50%
5.5,9.026318964432068,3.5263189644320683,3.5263189644320683,25-50%
5.5,8.747463194898883,3.2474631948988826,3.2474631948988826,25-50%
5.666666666666668,9.089067919871173,3.422401253204505,3.422401253204505,25-50%
5.666666666666668,9.493500532559683,3.8268338658930148,3.8268338658930148,25-50%
5.666666666666668,9.419398491975292,3.752731825308624,3.752731825308624,25-50%
5.5,9.340097849453759,3.840097849453759,3.840097849453759,25-50%
6.0,9.131043947589358,3.131043947589358,3.131043947589358,25-50%
6.0,9.168283040597611,3.1682830405976112,3.1682830405976112,25-50%
5.666666666666668,9.153652512382424,3.486985845715756,3.486985845715756,25-50%
5.666666666666668,9.419398491975292,3.752731825308624,3.752731825308624,25-50%
5.666666666666668,9.433542463574415,3.7668757969077475,3.7668757969077475,25-50%
5.666666666666668,9.433542463574415,3.7668757969077475,3.7668757969077475,25-50%
5.666666666666668,9.452055448889125,3.785388782222457,3.785388782222457,25-50%
5.5,9.172079033065174,3.672079033065174,3.672079033065174,25-50%
5.0,8.970418700991223,3.970418700991223,3.970418700991223,0-25%
5.0,8.702935467823684,3.702935467823684,3.702935467823684,0-25%
6.0,9.235327485584513,3.235327485584513,3.235327485584513,25-50%
6.0,9.176844573274813,3.1768445732748134,3.1768445732748134,25-50%
5.666666666666668,9.190659286352918,3.5239926196862505,3.5239926196862505,25-50%
5.666666666666668,9.433542463574415,3.7668757969077475,3.7668757969077475,25-50%
5.666666666666668,9.433542463574415,3.7668757969077475,3.7668757969077475,25-50%
5.666666666666668,9.433542463574415,3.7668757969077475,3.7668757969077475,25-50%
5.666666666666668,9.433542463574415,3.7668757969077475,3.7668757969077475,25-50%
5.0,9.340097849453759,4.340097849453759,4.340097849453759,0-25%
6.0,9.409732320288622,3.4097323202886223,3.4097323202886223,25-50%
6.0,9.190659286352918,3.1906592863529184,3.1906592863529184,25-50%
6.0,9.10884031785691,3.1088403178569095,3.1088403178569095,25-50%
5.5,9.03787039073342,3.5378703907334206,3.5378703907334206,25-50%
5.5,9.008260444887133,3.5082604448871333,3.5082604448871333,25-50%
5.5,9.433542463574415,3.9335424635744154,3.9335424635744154,25-50%
5.5,9.433542463574415,3.9335424635744154,3.9335424635744154,25-50%
5.0,9.433542463574415,4.433542463574415,4.433542463574415,0-25%
6.0,9.04658187678717,3.0465818767871706,3.0465818767871706,25-50%
6.0,9.008260444887133,3.0082604448871333,3.0082604448871333,25-50%
5.0,8.971916041476671,3.971916041476671,3.971916041476671,0-25%
5.0,9.125508886409847,4.125508886409847,4.125508886409847,0-25%
5.0,9.314654321442665,4.314654321442665,4.314654321442665,0-25%
5.0,8.970443271070831,3.970443271070831,3.970443271070831,0-25%
5.0,8.915047413741188,3.9150474137411884,3.9150474137411884,0-25%
5.0,8.932923195982704,3.9329231959827045,3.9329231959827045,0-25%
5.0,8.976461673700673,3.9764616737006726,3.9764616737006726,0-25%
4.0,8.970443271070831,4.970443271070831,4.970443271070831,0-25%
4.0,9.090025220958616,5.090025220958616,5.090025220958616,0-25%
4.0,8.451753162260378,4.451753162260378,4.451753162260378,0-25%
5.0,8.94750347687416,3.947503476874161,3.947503476874161,0-25%
5.0,8.919457876406852,3.9194578764068524,3.9194578764068524,0-25%
5.0,8.919457876406852,3.9194578764068524,3.9194578764068524,0-25%
5.0,8.781252288888318,3.781252288888318,3.781252288888318,0-25%
3.0,8.986520815451268,5.986520815451268,5.986520815451268,0-25%
3.0,9.090025220958616,6.090025220958616,6.090025220958616,0-25%
4.0,9.090025220958616,5.090025220958616,5.090025220958616,0-25%
4.0,9.090025220958616,5.090025220958616,5.090025220958616,0-25%
4.0,9.090025220958616,5.090025220958616,5.090025220958616,0-25%
4.0,9.090025220958616,5.090025220958616,5.090025220958616,0-25%
4.0,8.919457876406852,4.919457876406852,4.919457876406852,0-25%
5.0,8.788487195561936,3.7884871955619364,3.7884871955619364,0-25%
5.0,8.732557452316406,3.7325574523164065,3.7325574523164065,0-25%
5.0,8.64309196668746,3.643091966687461,3.643091966687461,0-25%
3.0,8.919398056097252,5.919398056097252,5.919398056097252,0-25%
3.0,9.090025220958616,6.090025220958616,6.090025220958616,0-25%
3.0,9.090025220958616,6.090025220958616,6.090025220958616,0-25%
4.0,9.090025220958616,5.090025220958616,5.090025220958616,0-25%
4.0,9.090025220958616,5.090025220958616,5.090025220958616,0-25%
4.0,9.090025220958616,5.090025220958616,5.090025220958616,0-25%
4.0,8.871999581261724,4.871999581261724,4.871999581261724,0-25%
4.0,8.732557452316406,4.7325574523164065,4.7325574523164065,0-25%
5.0,8.69850758179503,3.6985075817950293,3.6985075817950293,0-25%
5.0,8.385357804744219,3.3853578047442188,3.3853578047442188,0-25%
3.0,9.004668442826988,6.004668442826988,6.004668442826988,0-25%
3.0,9.090025220958616,6.090025220958616,6.090025220958616,0-25%
3.0,8.581626620666977,5.581626620666977,5.581626620666977,0-25%
4.0,9.090025220958616,5.090025220958616,5.090025220958616,0-25%
4.0,9.119337287042129,5.1193372870421285,5.1193372870421285,0-25%
4.0,8.871999581261724,4.871999581261724,4.871999581261724,0-25%
5.0,8.781252288888318,3.781252288888318,3.781252288888318,0-25%
5.0,8.69850758179503,3.6985075817950293,3.6985075817950293,0-25%
3.0,9.004668442826988,6.004668442826988,6.004668442826988,0-25%
3.0,8.821979086147644,5.821979086147644,5.821979086147644,0-25%
3.0,8.754215035125686,5.754215035125686,5.754215035125686,0-25%
3.0,9.13677266261741,6.13677266261741,6.13677266261741,0-25%
6.0,8.543281569924375,2.5432815699243747,2.5432815699243747,25-50%
6.0,8.543281569924375,2.5432815699243747,2.5432815699243747,25-50%
6.0,8.561512764319382,2.5615127643193816,2.5615127643193816,25-50%
6.0,8.561512764319382,2.5615127643193816,2.5615127643193816,25-50%
3.0,8.796353557100925,5.796353557100925,5.796353557100925,0-25%
3.0,8.698481117148694,5.6984811171486935,5.6984811171486935,0-25%
3.0,8.624667279942528,5.624667279942528,5.624667279942528,0-25%
6.0,8.977675456064677,2.977675456064677,2.977675456064677,25-50%
6.0,8.893269103104958,2.8932691031049576,2.8932691031049576,25-50%
6.0,8.598123608159518,2.5981236081595185,2.5981236081595185,25-50%
6.0,8.598123608159518,2.5981236081595185,2.5981236081595185,25-50%
6.0,8.561512764319382,2.5615127643193816,2.5615127643193816,25-50%
6.0,8.561512764319382,2.5615127643193816,2.5615127643193816,25-50%
6.0,9.002993009375405,3.0029930093754054,3.0029930093754054,25-50%
6.0,8.977675456064677,2.977675456064677,2.977675456064677,25-50%
6.0,8.836740653944142,2.836740653944142,2.836740653944142,25-50%
6.0,8.836740653944142,2.836740653944142,2.836740653944142,25-50%
6.0,8.543281569924375,2.5432815699243747,2.5432815699243747,25-50%
6.0,8.561512764319382,2.5615127643193816,2.5615127643193816,25-50%
6.0,8.73563965123035,2.7356396512303505,2.7356396512303505,25-50%
6.0,8.73563965123035,2.7356396512303505,2.7356396512303505,25-50%
6.0,9.119337287042129,3.1193372870421285,3.1193372870421285,25-50%
6.0,8.836740653944142,2.836740653944142,2.836740653944142,25-50%
6.0,8.836740653944142,2.836740653944142,2.836740653944142,25-50%
6.0,8.893269103104958,2.8932691031049576,2.8932691031049576,25-50%
6.0,8.498062806733827,2.4980628067338273,2.4980628067338273,25-50%
6.0,8.671034192014318,2.671034192014318,2.671034192014318,25-50%
6.0,8.73563965123035,2.7356396512303505,2.7356396512303505,25-50%
6.0,8.73563965123035,2.7356396512303505,2.7356396512303505,25-50%
6.0,8.977675456064677,2.977675456064677,2.977675456064677,25-50%
6.0,8.836740653944142,2.836740653944142,2.836740653944142,25-50%
6.0,8.378008087699996,2.378008087699996,2.378008087699996,25-50%
6.0,8.604523343614812,2.6045233436148116,2.6045233436148116,25-50%
6.0,8.671034192014318,2.671034192014318,2.671034192014318,25-50%
6.0,8.671034192014318,2.671034192014318,2.671034192014318,25-50%
6.0,9.061517122907286,3.0615171229072864,3.0615171229072864,25-50%
6.0,8.993590610280915,2.993590610280915,2.993590610280915,25-50%
6.0,8.79625859999882,2.7962585999988203,2.7962585999988203,25-50%
6.0,8.466882080458342,2.4668820804583422,2.4668820804583422,25-50%
6.0,8.466882080458342,2.4668820804583422,2.4668820804583422,25-50%
6.0,8.86284384542597,2.862843845425971,2.862843845425971,25-50%
2.0,10.020357576912097,8.020357576912097,8.020357576912097,0-25%
2.0,10.133827225126623,8.133827225126623,8.133827225126623,0-25%
2.0,10.0833514996723,8.0833514996723,8.0833514996723,0-25%
2.0,10.078757420871883,8.078757420871883,8.078757420871883,0-25%
2.0,9.600469930396937,7.600469930396937,7.600469930396937,0-25%
2.0,10.0833514996723,8.0833514996723,8.0833514996723,0-25%
2.0,10.129212224003183,8.129212224003183,8.129212224003183,0-25%
2.0,10.078757420871883,8.078757420871883,8.078757420871883,0-25%
2.0,10.050914125594772,8.050914125594772,8.050914125594772,0-25%
2.0,9.649939203103227,7.6499392031032265,7.6499392031032265,0-25%
2.0,10.10441293235227,8.10441293235227,8.10441293235227,0-25%
2.0,10.0833514996723,8.0833514996723,8.0833514996723,0-25%
2.0,10.093796449318205,8.093796449318205,8.093796449318205,0-25%
2.0,10.129212224003183,8.129212224003183,8.129212224003183,0-25%
2.0,10.078757420871883,8.078757420871883,8.078757420871883,0-25%
2.0,9.791244966052894,7.7912449660528935,7.7912449660528935,0-25%
2.0,9.818434012731082,7.818434012731082,7.818434012731082,0-25%
2.0,9.656960538322764,7.656960538322764,7.656960538322764,0-25%
2.0,10.098396764421047,8.098396764421047,8.098396764421047,0-25%
2.0,10.093796449318205,8.093796449318205,8.093796449318205,0-25%
2.0,10.129212224003183,8.129212224003183,8.129212224003183,0-25%
2.0,10.050914125594772,8.050914125594772,8.050914125594772,0-25%
2.0,9.818434012731082,7.818434012731082,7.818434012731082,0-25%
2.0,10.09434870242203,8.09434870242203,8.09434870242203,0-25%
2.0,10.011341792003911,8.011341792003911,8.011341792003911,0-25%
2.0,10.054070557967304,8.054070557967304,8.054070557967304,0-25%
2.0,10.026289306075313,8.026289306075313,8.026289306075313,0-25%
2.0,10.0833514996723,8.0833514996723,8.0833514996723,0-25%
2.0,10.050914125594772,8.050914125594772,8.050914125594772,0-25%
2.0,10.574951470162029,8.574951470162029,8.574951470162029,0-25%
2.0,10.09434870242203,8.09434870242203,8.09434870242203,0-25%
2.0,10.102207893349195,8.102207893349195,8.102207893349195,0-25%
2.0,10.039085382934717,8.039085382934717,8.039085382934717,0-25%
2.0,9.600419160486585,7.6004191604865845,7.6004191604865845,0-25%
6.0,10.041979559682575,4.041979559682575,4.041979559682575,25-50%
6.0,10.002439219971928,4.002439219971928,4.002439219971928,25-50%
6.0,10.473918704620885,4.4739187046208855,4.4739187046208855,25-50%
6.0,10.041979559682575,4.041979559682575,4.041979559682575,25-50%
6.0,10.056641394031681,4.056641394031681,4.056641394031681,25-50%
6.0,10.056641394031681,4.056641394031681,4.056641394031681,25-50%
6.0,10.092266869323822,4.092266869323822,4.092266869323822,25-50%
6.0,10.549179480334608,4.549179480334608,4.549179480334608,25-50%
6.0,10.463455165873821,4.463455165873821,4.463455165873821,25-50%
6.0,10.041979559682575,4.041979559682575,4.041979559682575,25-50%
6.0,10.076086969957258,4.076086969957258,4.076086969957258,25-50%
6.0,10.1069954765011,4.106995476501099,4.106995476501099,25-50%
6.0,10.092266869323822,4.092266869323822,4.092266869323822,25-50%
6.0,10.041979559682575,4.041979559682575,4.041979559682575,25-50%
6.0,10.740827085138765,4.740827085138765,4.740827085138765,25-50%
6.0,10.549179480334608,4.549179480334608,4.549179480334608,25-50%
6.0,10.164693811745916,4.1646938117459165,4.1646938117459165,25-50%
6.0,10.002439219971928,4.002439219971928,4.002439219971928,25-50%
6.0,10.056641394031681,4.056641394031681,4.056641394031681,25-50%
6.0,9.987474949636136,3.9874749496361357,3.9874749496361357,25-50%
6.0,10.04655838763978,4.046558387639781,4.046558387639781,25-50%
6.0,10.077229914414467,4.077229914414467,4.077229914414467,25-50%
6.0,10.740827085138765,4.740827085138765,4.740827085138765,25-50%
6.0,10.298505664918977,4.298505664918977,4.298505664918977,25-50%
6.0,10.164693811745916,4.1646938117459165,4.1646938117459165,25-50%
6.0,10.164693811745916,4.1646938117459165,4.1646938117459165,25-50%
6.0,10.041652733909308,4.041652733909308,4.041652733909308,25-50%
6.0,9.964812625175348,3.964812625175348,3.964812625175348,25-50%
6.0,10.037563346341097,4.037563346341097,4.037563346341097,25-50%
6.0,9.999297530659504,3.999297530659504,3.999297530659504,25-50%
6.0,10.298505664918977,4.298505664918977,4.298505664918977,25-50%
6.0,10.247283362070634,4.247283362070634,4.247283362070634,25-50%
6.0,10.164693811745916,4.1646938117459165,4.1646938117459165,25-50%
6.0,10.081823359796823,4.081823359796823,4.081823359796823,25-50%
6.0,9.955135453939235,3.955135453939235,3.955135453939235,25-50%
6.0,10.041652733909308,4.041652733909308,4.041652733909308,25-50%
6.0,10.086146087326888,4.086146087326888,4.086146087326888,25-50%
6.0,10.718779589048594,4.718779589048594,4.718779589048594,25-50%
6.0,10.88793824247656,4.88793824247656,4.88793824247656,25-50%
5.0,10.207530718463488,5.207530718463488,5.207530718463488,0-25%
5.0,10.119731238009534,5.119731238009534,5.119731238009534,0-25%
5.0,9.919024006716432,4.919024006716432,4.919024006716432,0-25%
5.0,9.919024006716432,4.919024006716432,4.919024006716432,0-25%
5.0,10.207530718463488,5.207530718463488,5.207530718463488,0-25%
5.0,10.207530718463488,5.207530718463488,5.207530718463488,0-25%
5.0,9.919024006716432,4.919024006716432,4.919024006716432,0-25%
5.0,10.037121088200774,5.037121088200774,5.037121088200774,0-25%
5.0,10.037121088200774,5.037121088200774,5.037121088200774,0-25%
5.0,10.147747921221734,5.147747921221734,5.147747921221734,0-25%
5.0,10.23576861657535,5.235768616575349,5.235768616575349,0-25%
5.0,10.207530718463488,5.207530718463488,5.207530718463488,0-25%
5.0,10.207530718463488,5.207530718463488,5.207530718463488,0-25%
5.0,9.91331414472405,4.913314144724049,4.913314144724049,0-25%
5.0,9.972815245908224,4.972815245908224,4.972815245908224,0-25%
5.0,10.037121088200774,5.037121088200774,5.037121088200774,0-25%
5.0,10.119731238009534,5.119731238009534,5.119731238009534,0-25%
5.0,10.152370608627164,5.152370608627164,5.152370608627164,0-25%
5.0,10.221955898558317,5.221955898558317,5.221955898558317,0-25%
5.0,10.207530718463488,5.207530718463488,5.207530718463488,0-25%
5.0,9.994924475991077,4.994924475991077,4.994924475991077,0-25%
5.0,9.91331414472405,4.913314144724049,4.913314144724049,0-25%
5.0,10.037121088200774,5.037121088200774,5.037121088200774,0-25%
5.0,10.158205545312638,5.158205545312638,5.158205545312638,0-25%
5.0,10.23576861657535,5.235768616575349,5.235768616575349,0-25%
6.0,10.370432320368632,4.370432320368632,4.370432320368632,25-50%
6.0,10.098737808805328,4.098737808805328,4.098737808805328,25-50%
6.0,9.994924475991077,3.994924475991077,3.994924475991077,25-50%
6.666666666666668,10.081268182571021,3.4146015159043532,3.4146015159043532,25-50%
6.5,9.9975981462413,3.4975981462413,3.4975981462413,25-50%
6.0,10.147747921221734,4.147747921221734,4.147747921221734,25-50%
6.0,10.23576861657535,4.235768616575349,4.235768616575349,25-50%
6.666666666666668,10.098737808805328,3.4320711421386605,3.4320711421386605,25-50%
6.666666666666668,10.21408015717775,3.547413490511083,3.547413490511083,25-50%
7.5,9.772218491438181,2.2722184914381813,2.2722184914381813,25-50%
7.5,9.772218491438181,2.2722184914381813,2.2722184914381813,25-50%
8.0,9.662318192793066,1.662318192793066,1.662318192793066,25-50%
8.0,9.58811791598358,1.5881179159835792,1.5881179159835792,25-50%
7.0,10.158205545312638,3.1582055453126383,3.1582055453126383,25-50%
7.0,10.119731238009534,3.1197312380095337,3.1197312380095337,25-50%
7.0,10.207530718463488,3.207530718463488,3.207530718463488,25-50%
7.5,9.970447178400695,2.470447178400695,2.470447178400695,25-50%
7.5,9.901326422513549,2.4013264225135487,2.4013264225135487,25-50%
7.5,9.928792824572652,2.4287928245726516,2.4287928245726516,25-50%
7.5,9.772218491438181,2.2722184914381813,2.2722184914381813,25-50%
7.5,9.692261205557159,2.192261205557159,2.192261205557159,25-50%
8.0,8.921600139635489,0.9216001396354887,0.9216001396354887,25-50%
8.0,8.99995515958399,0.9999551595839904,0.9999551595839904,25-50%
7.0,10.152370608627164,3.152370608627164,3.152370608627164,25-50%
7.0,10.147747921221734,3.1477479212217343,3.1477479212217343,25-50%
7.5,10.239001165269537,2.7390011652695367,2.7390011652695367,25-50%
7.5,9.970447178400695,2.470447178400695,2.470447178400695,25-50%
7.5,9.772218491438181,2.2722184914381813,2.2722184914381813,25-50%
7.5,9.570431208946578,2.0704312089465784,2.0704312089465784,25-50%
7.5,9.103028247312595,1.6030282473125954,1.6030282473125954,25-50%
7.5,9.513807648428013,2.0138076484280134,2.0138076484280134,25-50%
8.0,9.448477831482977,1.4484778314829772,1.4484778314829772,25-50%
8.0,9.422218564093454,1.4222185640934537,1.4222185640934537,25-50%
7.0,10.343422964240858,3.343422964240858,3.343422964240858,25-50%
7.5,9.933262043417656,2.433262043417656,2.433262043417656,25-50%
7.5,10.04624989707603,2.5462498970760308,2.5462498970760308,25-50%
7.5,10.087055317876748,2.5870553178767484,2.5870553178767484,25-50%
7.5,9.813768294268737,2.313768294268737,2.313768294268737,25-50%
7.5,9.132672018165987,1.6326720181659873,1.6326720181659873,25-50%
8.0,9.360877834690132,1.3608778346901325,1.3608778346901325,25-50%
8.0,9.297262172663759,1.2972621726637588,1.2972621726637588,25-50%
7.0,10.302338633339257,3.3023386333392573,3.3023386333392573,25-50%
7.0,10.320482367471957,3.320482367471957,3.320482367471957,25-50%
7.5,10.000199638322808,2.5001996383228082,2.5001996383228082,25-50%
7.5,10.087055317876748,2.5870553178767484,2.5870553178767484,25-50%
7.5,10.087055317876748,2.5870553178767484,2.5870553178767484,25-50%
7.5,9.907989007400488,2.407989007400488,2.407989007400488,25-50%
8.0,8.843022759819078,0.8430227598190783,0.8430227598190783,25-50%
8.0,9.271382942680876,1.2713829426808765,1.2713829426808765,25-50%
8.0,10.087055317876748,2.0870553178767484,2.0870553178767484,25-50%
8.0,9.297262172663759,1.2972621726637588,1.2972621726637588,25-50%
3.0,8.399266647568338,5.3992666475683375,5.3992666475683375,0-25%
3.0,8.399266647568338,5.3992666475683375,5.3992666475683375,0-25%
3.0,8.523701867417381,5.5237018674173815,5.5237018674173815,0-25%
3.0,8.621266961974074,5.621266961974074,5.621266961974074,0-25%
3.0,8.621266961974074,5.621266961974074,5.621266961974074,0-25%
3.0,8.399266647568338,5.3992666475683375,5.3992666475683375,0-25%
3.0,8.951844787955919,5.951844787955919,5.951844787955919,0-25%
3.0,8.829935606542714,5.829935606542714,5.829935606542714,0-25%
3.0,8.601422523227633,5.601422523227633,5.601422523227633,0-25%
3.0,8.60822413139828,5.608224131398281,5.608224131398281,0-25%
3.0,9.12440460759655,6.124404607596549,6.124404607596549,0-25%
3.0,9.12440460759655,6.124404607596549,6.124404607596549,0-25%
3.0,8.983875073760217,5.983875073760217,5.983875073760217,0-25%
3.0,8.983875073760217,5.983875073760217,5.983875073760217,0-25%
3.0,9.110679711021124,6.110679711021124,6.110679711021124,0-25%
3.0,8.966344123353064,5.966344123353064,5.966344123353064,0-25%
3.0,9.049452404956,6.049452404956,6.049452404956,0-25%
3.0,9.06111485655682,6.06111485655682,6.06111485655682,0-25%
3.0,8.983875073760217,5.983875073760217,5.983875073760217,0-25%
3.0,9.110978980595567,6.110978980595567,6.110978980595567,0-25%
3.0,9.110978980595567,6.110978980595567,6.110978980595567,0-25%
3.0,9.07477247056364,6.074772470563641,6.074772470563641,0-25%
3.0,9.049452404956,6.049452404956,6.049452404956,0-25%
3.0,9.097272284136512,6.097272284136512,6.097272284136512,0-25%
3.0,8.978654227209711,5.978654227209711,5.978654227209711,0-25%
3.0,9.033059415861056,6.0330594158610555,6.0330594158610555,0-25%
3.0,9.110978980595567,6.110978980595567,6.110978980595567,0-25%
5.5,9.163659156886773,3.663659156886773,3.663659156886773,25-50%
5.5,9.163659156886773,3.663659156886773,3.663659156886773,25-50%
8.0,9.124671891146235,1.1246718911462352,1.1246718911462352,25-50%
8.0,9.150181475769298,1.1501814757692976,1.1501814757692976,25-50%
8.0,9.15439049775315,1.15439049775315,1.15439049775315,25-50%
3.0,8.978654227209711,5.978654227209711,5.978654227209711,0-25%
2.0,9.150181475769298,7.150181475769298,7.150181475769298,0-25%
5.5,9.018567258102953,3.5185672581029532,3.5185672581029532,25-50%
8.0,9.138115699958295,1.1381156999582949,1.1381156999582949,25-50%
8.0,9.124671891146235,1.1246718911462352,1.1246718911462352,25-50%
8.0,9.150181475769298,1.1501814757692976,1.1501814757692976,25-50%
8.0,9.136421635425481,1.1364216354254815,1.1364216354254815,25-50%
8.0,9.074740238039189,1.0747402380391886,1.0747402380391886,25-50%
1.0,9.190980034603733,8.190980034603733,8.190980034603733,0-25%
1.0,9.095657519533924,8.095657519533924,8.095657519533924,0-25%
1.0,9.190780923388385,8.190780923388385,8.190780923388385,0-25%
4.5,9.113834585113743,4.613834585113743,4.613834585113743,0-25%
4.5,9.163659156886773,4.663659156886773,4.663659156886773,0-25%
4.5,8.65857073566066,4.1585707356606605,4.1585707356606605,0-25%
8.0,9.15439049775315,1.15439049775315,1.15439049775315,25-50%
8.0,9.110946632234533,1.1109466322345334,1.1109466322345334,25-50%
8.0,9.136421635425481,1.1364216354254815,1.1364216354254815,25-50%
8.0,9.110946632234533,1.1109466322345334,1.1109466322345334,25-50%
8.0,9.505896946735664,1.505896946735664,1.505896946735664,25-50%
1.0,9.095657519533924,8.095657519533924,8.095657519533924,0-25%
1.0,9.190980034603733,8.190980034603733,8.190980034603733,0-25%
1.0,9.31292016908849,8.31292016908849,8.31292016908849,0-25%
1.0,9.190780923388385,8.190780923388385,8.190780923388385,0-25%
4.5,9.190780923388385,4.690780923388385,4.690780923388385,0-25%
4.5,9.14988104586072,4.64988104586072,4.64988104586072,0-25%
4.5,8.638649355649116,4.138649355649116,4.138649355649116,0-25%
4.5,9.074740238039189,4.574740238039189,4.574740238039189,0-25%
8.0,9.110946632234533,1.1109466322345334,1.1109466322345334,25-50%
8.0,9.136421635425481,1.1364216354254815,1.1364216354254815,25-50%
8.0,9.570218049727908,1.5702180497279077,1.5702180497279077,25-50%
8.0,9.570218049727908,1.5702180497279077,1.5702180497279077,25-50%
1.0,9.07028496531558,8.07028496531558,8.07028496531558,0-25%
1.0,9.07028496531558,8.07028496531558,8.07028496531558,0-25%
1.0,9.31292016908849,8.31292016908849,8.31292016908849,0-25%
1.0,9.338904054057078,8.338904054057078,8.338904054057078,0-25%
4.5,9.190780923388385,4.690780923388385,4.690780923388385,0-25%
4.5,9.115139384527112,4.615139384527112,4.615139384527112,0-25%
4.5,8.909163919046222,4.409163919046222,4.409163919046222,0-25%
4.5,9.14988104586072,4.64988104586072,4.64988104586072,0-25%
8.0,9.110946632234533,1.1109466322345334,1.1109466322345334,25-50%
8.0,9.141443786776446,1.1414437867764455,1.1414437867764455,25-50%
8.0,9.626903687664251,1.6269036876642513,1.6269036876642513,25-50%
1.0,8.951560343297865,7.951560343297865,7.951560343297865,0-25%
1.0,9.07028496531558,8.07028496531558,8.07028496531558,0-25%
1.0,9.190780923388385,8.190780923388385,8.190780923388385,0-25%
1.0,9.190780923388385,8.190780923388385,8.190780923388385,0-25%
1.0,9.190780923388385,8.190780923388385,8.190780923388385,0-25%
4.5,9.36688166434855,4.866881664348551,4.866881664348551,0-25%
4.5,9.36688166434855,4.866881664348551,4.866881664348551,0-25%
4.5,9.340827465640352,4.840827465640352,4.840827465640352,0-25%
8.0,9.340827465640352,1.340827465640352,1.340827465640352,25-50%
8.0,9.47909691480628,1.4790969148062807,1.4790969148062807,25-50%
1.0,9.61446827174862,8.61446827174862,8.61446827174862,0-25%
1.0,9.653678668801039,8.653678668801039,8.653678668801039,0-25%
1.0,8.971569259350861,7.971569259350861,7.971569259350861,0-25%
1.0,9.078959439793167,8.078959439793167,8.078959439793167,0-25%
1.0,9.265470983560778,8.265470983560778,8.265470983560778,0-25%
1.0,9.653678668801039,8.653678668801039,8.653678668801039,0-25%
1.0,9.653678668801039,8.653678668801039,8.653678668801039,0-25%
1.0,9.265470983560778,8.265470983560778,8.265470983560778,0-25%
1.0,9.104353849755888,8.104353849755888,8.104353849755888,0-25%
3.0,8.630446024864836,5.6304460248648365,5.6304460248648365,0-25%
3.0,8.532559603505623,5.532559603505623,5.532559603505623,0-25%
3.0,8.532559603505623,5.532559603505623,5.532559603505623,0-25%
3.0,8.532559603505623,5.532559603505623,5.532559603505623,0-25%
3.0,9.2252999160589,6.2252999160588995,6.2252999160588995,0-25%
3.0,9.2252999160589,6.2252999160588995,6.2252999160588995,0-25%
3.0,8.703975415062452,5.703975415062452,5.703975415062452,0-25%
3.0,8.630446024864836,5.6304460248648365,5.6304460248648365,0-25%
3.0,8.532559603505623,5.532559603505623,5.532559603505623,0-25%
3.0,8.637268193164509,5.637268193164509,5.637268193164509,0-25%
3.0,9.065664271405339,6.065664271405339,6.065664271405339,0-25%
3.0,9.149600773139047,6.149600773139047,6.149600773139047,0-25%
3.0,9.161379447539854,6.161379447539854,6.161379447539854,0-25%
3.0,8.697106025093166,5.697106025093166,5.697106025093166,0-25%
3.0,8.459481077309999,5.459481077309999,5.459481077309999,0-25%
3.0,9.237859558318837,6.237859558318837,6.237859558318837,0-25%
3.0,9.17517316724686,6.175173167246861,6.175173167246861,0-25%
3.0,9.149600773139047,6.149600773139047,6.149600773139047,0-25%
3.0,9.197897203943834,6.197897203943834,6.197897203943834,0-25%
3.0,8.697106025093166,5.697106025093166,5.697106025093166,0-25%
3.0,8.604472072511175,5.604472072511175,5.604472072511175,0-25%
3.0,9.113519358962655,6.113519358962655,6.113519358962655,0-25%
3.0,9.2252999160589,6.2252999160588995,6.2252999160588995,0-25%
3.0,9.186076199585294,6.186076199585294,6.186076199585294,0-25%
3.0,9.211740495236938,6.211740495236938,6.211740495236938,0-25%
3.0,9.215975044179778,6.215975044179778,6.215975044179778,0-25%
3.0,8.703975415062452,5.703975415062452,5.703975415062452,0-25%
3.0,9.186076199585294,6.186076199585294,6.186076199585294,0-25%
3.0,9.211740495236938,6.211740495236938,6.211740495236938,0-25%
3.0,9.197897203943834,6.197897203943834,6.197897203943834,0-25%
3.0,9.135841720010266,6.135841720010266,6.135841720010266,0-25%
3.0,9.250160349123082,6.250160349123082,6.250160349123082,0-25%
3.0,8.740773205365409,5.740773205365409,5.740773205365409,0-25%
3.0,8.72068227784195,5.72068227784195,5.72068227784195,0-25%
3.0,8.653869356336795,5.653869356336795,5.653869356336795,0-25%
3.0,8.72068227784195,5.72068227784195,5.72068227784195,0-25%
2.5,8.72068227784195,6.22068227784195,6.22068227784195,0-25%
2.5,9.007064973179238,6.507064973179238,6.507064973179238,0-25%
2.0,9.199911728806658,7.199911728806658,7.199911728806658,0-25%
2.0,9.821576727888145,7.821576727888145,7.821576727888145,0-25%
3.0,8.726696971347554,5.726696971347554,5.726696971347554,0-25%
3.0,8.726696971347554,5.726696971347554,5.726696971347554,0-25%
3.0,8.653869356336795,5.653869356336795,5.653869356336795,0-25%
2.5,8.587506574303431,6.087506574303431,6.087506574303431,0-25%
2.5,8.587506574303431,6.087506574303431,6.087506574303431,0-25%
2.5,8.587506574303431,6.087506574303431,6.087506574303431,0-25%
2.5,8.673813027513013,6.173813027513013,6.173813027513013,0-25%
2.5,9.765862271273676,7.265862271273676,7.265862271273676,0-25%
2.0,9.821576727888145,7.821576727888145,7.821576727888145,0-25%
2.0,9.83177498100819,7.83177498100819,7.83177498100819,0-25%
2.0,9.789905483640268,7.789905483640268,7.789905483640268,0-25%
3.0,8.653869356336795,5.653869356336795,5.653869356336795,0-25%
3.0,8.577031011305623,5.577031011305623,5.577031011305623,0-25%
2.5,8.587506574303431,6.087506574303431,6.087506574303431,0-25%
2.5,8.653860209362582,6.153860209362582,6.153860209362582,0-25%
2.5,9.020774810450627,6.520774810450627,6.520774810450627,0-25%
2.5,9.836266642475332,7.336266642475332,7.336266642475332,0-25%
2.0,9.83177498100819,7.83177498100819,7.83177498100819,0-25%
2.0,9.789905483640268,7.789905483640268,7.789905483640268,0-25%
3.0,8.653869356336795,5.653869356336795,5.653869356336795,0-25%
3.0,8.653869356336795,5.653869356336795,5.653869356336795,0-25%
2.5,8.587506574303431,6.087506574303431,6.087506574303431,0-25%
2.5,8.587506574303431,6.087506574303431,6.087506574303431,0-25%
2.5,9.10486787208328,6.604867872083281,6.604867872083281,0-25%
2.5,9.751267798616226,7.251267798616226,7.251267798616226,0-25%
2.0,9.792987365064562,7.792987365064562,7.792987365064562,0-25%
2.0,9.765862271273676,7.765862271273676,7.765862271273676,0-25%
2.0,9.821576727888145,7.821576727888145,7.821576727888145,0-25%
3.0,8.72068227784195,5.72068227784195,5.72068227784195,0-25%
3.0,8.587506574303431,5.587506574303431,5.587506574303431,0-25%
3.0,8.587506574303431,5.587506574303431,5.587506574303431,0-25%
2.5,8.587506574303431,6.087506574303431,6.087506574303431,0-25%
2.5,8.659833556566575,6.159833556566575,6.159833556566575,0-25%
2.0,9.910406434972177,7.910406434972177,7.910406434972177,0-25%
2.0,9.10486787208328,7.104867872083281,7.104867872083281,0-25%
2.0,9.11202611886555,7.1120261188655505,7.1120261188655505,0-25%
3.0,8.587506574303431,5.587506574303431,5.587506574303431,0-25%
2.0,8.660698964174117,6.6606989641741166,6.6606989641741166,0-25%
2.0,10.624093901023194,8.624093901023194,8.624093901023194,0-25%
8.0,10.257360025343024,2.257360025343024,2.257360025343024,25-50%
8.0,10.692202834256008,2.6922028342560083,2.6922028342560083,25-50%
8.0,10.69705129326007,2.6970512932600705,2.6970512932600705,25-50%
8.0,10.514734192969346,2.514734192969346,2.514734192969346,25-50%
8.0,10.338391242400371,2.3383912424003714,2.3383912424003714,25-50%
8.0,10.69288707257079,2.692887072570789,2.692887072570789,25-50%
8.0,10.692202834256008,2.6922028342560083,2.6922028342560083,25-50%
8.0,10.692202834256008,2.6922028342560083,2.6922028342560083,25-50%
8.0,10.539266664459788,2.539266664459788,2.539266664459788,25-50%
8.0,10.803678230657802,2.803678230657802,2.803678230657802,25-50%
8.0,10.805635751394226,2.8056357513942256,2.8056357513942256,25-50%
8.0,10.69288707257079,2.692887072570789,2.692887072570789,25-50%
8.0,10.634709948496727,2.6347099484967273,2.6347099484967273,25-50%
8.0,10.692202834256008,2.6922028342560083,2.6922028342560083,25-50%
8.0,10.692202834256008,2.6922028342560083,2.6922028342560083,25-50%
8.0,10.803678230657802,2.803678230657802,2.803678230657802,25-50%
8.0,10.805635751394226,2.8056357513942256,2.8056357513942256,25-50%
8.0,10.69288707257079,2.692887072570789,2.692887072570789,25-50%
8.0,10.464672606077214,2.4646726060772135,2.4646726060772135,25-50%
8.0,10.530882434785246,2.530882434785246,2.530882434785246,25-50%
8.0,10.759394226869507,2.7593942268695066,2.7593942268695066,25-50%
8.0,10.878153763572698,2.8781537635726977,2.8781537635726977,25-50%
8.0,10.526777371210098,2.5267773712100983,2.5267773712100983,25-50%
8.0,10.57561624842706,2.5756162484270604,2.5756162484270604,25-50%
8.0,10.526777371210098,2.5267773712100983,2.5267773712100983,25-50%
8.0,10.709412154923122,2.709412154923122,2.709412154923122,25-50%
8.0,10.59541572367416,2.5954157236741597,2.5954157236741597,25-50%
8.0,10.637924337021861,2.637924337021861,2.637924337021861,25-50%
7.0,10.216998180004035,3.216998180004035,3.216998180004035,25-50%
7.0,10.201792136204503,3.201792136204503,3.201792136204503,25-50%
7.0,10.216998180004035,3.216998180004035,3.216998180004035,25-50%
7.0,10.399866083845447,3.3998660838454473,3.3998660838454473,25-50%
7.0,10.411062453389103,3.4110624533891034,3.4110624533891034,25-50%
7.0,10.367012719918156,3.367012719918156,3.367012719918156,25-50%
7.0,10.162669999557115,3.1626699995571155,3.1626699995571155,25-50%
7.0,10.158043043026634,3.158043043026634,3.158043043026634,25-50%
7.0,10.31415578340835,3.3141557834083493,3.3141557834083493,25-50%
7.0,10.507375076413895,3.5073750764138953,3.5073750764138953,25-50%
7.0,10.368050822060813,3.3680508220608125,3.3680508220608125,25-50%
7.0,10.205975340872438,3.2059753408724383,3.2059753408724383,25-50%
7.0,10.162669999557115,3.1626699995571155,3.1626699995571155,25-50%
7.0,10.373935764666921,3.3739357646669212,3.3739357646669212,25-50%
7.0,10.378652246415616,3.3786522464156157,3.3786522464156157,25-50%
7.0,10.464000414644687,3.464000414644687,3.464000414644687,25-50%
7.0,10.356896654908127,3.3568966549081267,3.3568966549081267,25-50%
7.0,10.307710678826762,3.307710678826762,3.307710678826762,25-50%
7.0,10.409137731232635,3.4091377312326347,3.4091377312326347,25-50%
7.0,10.299026864498426,3.299026864498426,3.299026864498426,25-50%
7.0,10.20330981040642,3.20330981040642,3.20330981040642,25-50%
7.0,10.412447195662487,3.4124471956624873,3.4124471956624873,25-50%
7.0,10.20330981040642,3.20330981040642,3.20330981040642,25-50%
7.0,10.412447195662487,3.4124471956624873,3.4124471956624873,25-50%
8.0,10.440583216673073,2.4405832166730725,2.4405832166730725,25-50%
8.0,10.440583216673073,2.4405832166730725,2.4405832166730725,25-50%
8.0,10.440583216673073,2.4405832166730725,2.4405832166730725,25-50%
8.0,10.603681678269552,2.6036816782695524,2.6036816782695524,25-50%
8.0,10.506653926332449,2.506653926332449,2.506653926332449,25-50%
8.0,10.501884387545534,2.501884387545534,2.501884387545534,25-50%
8.0,10.501884387545534,2.501884387545534,2.501884387545534,25-50%
8.0,10.440583216673073,2.4405832166730725,2.4405832166730725,25-50%
8.0,10.26743088423575,2.2674308842357505,2.2674308842357505,25-50%
8.0,10.841998433493714,2.841998433493714,2.841998433493714,25-50%
8.0,10.646787103371018,2.646787103371018,2.646787103371018,25-50%
8.0,10.584713649814834,2.5847136498148338,2.5847136498148338,25-50%
8.0,10.570480306514018,2.5704803065140176,2.5704803065140176,25-50%
8.0,10.646105562710378,2.6461055627103782,2.6461055627103782,25-50%
8.0,10.49246904972113,2.49246904972113,2.49246904972113,25-50%
8.0,10.88098508349856,2.88098508349856,2.88098508349856,25-50%
5.5,11.463039519885037,5.9630395198850366,5.9630395198850366,25-50%
5.5,11.286852856360627,5.7868528563606265,5.7868528563606265,25-50%
5.5,11.304951727779752,5.804951727779752,5.804951727779752,25-50%
5.5,11.299851292421872,5.799851292421872,5.799851292421872,25-50%
5.5,11.299851292421872,5.799851292421872,5.799851292421872,25-50%
8.0,10.646105562710378,2.6461055627103782,2.6461055627103782,25-50%
8.0,10.628612287562714,2.6286122875627136,2.6286122875627136,25-50%
5.5,11.499030029337682,5.999030029337682,5.999030029337682,25-50%
5.5,11.299851292421872,5.799851292421872,5.799851292421872,25-50%
5.5,11.234297226637743,5.734297226637743,5.734297226637743,25-50%
5.5,11.299851292421872,5.799851292421872,5.799851292421872,25-50%
5.5,11.444349935092902,5.944349935092902,5.944349935092902,25-50%
5.5,11.645868623643004,6.145868623643004,6.145868623643004,25-50%
5.5,11.533309039870353,6.033309039870353,6.033309039870353,25-50%
5.5,11.44951029036109,5.94951029036109,5.94951029036109,25-50%
5.5,11.444349935092902,5.944349935092902,5.944349935092902,25-50%
3.0,11.367554718601745,8.367554718601745,8.367554718601745,0-25%
3.0,12.622200655618448,9.622200655618448,9.622200655618448,0-25%
3.0,11.567829816976795,8.567829816976795,8.567829816976795,0-25%
5.5,11.534533941021298,6.034533941021298,6.034533941021298,25-50%
3.0,11.367554718601745,8.367554718601745,8.367554718601745,0-25%
3.0,11.367554718601745,8.367554718601745,8.367554718601745,0-25%
3.0,11.301639816353168,8.301639816353168,8.301639816353168,0-25%
3.0,12.389978951321911,9.389978951321911,9.389978951321911,0-25%
3.0,12.622200655618448,9.622200655618448,9.622200655618448,0-25%
3.0,12.38819814183401,9.38819814183401,9.38819814183401,0-25%
3.0,11.384343244621288,8.384343244621288,8.384343244621288,0-25%
3.0,11.384343244621288,8.384343244621288,8.384343244621288,0-25%
3.0,11.367554718601745,8.367554718601745,8.367554718601745,0-25%
3.0,11.244143013367227,8.244143013367227,8.244143013367227,0-25%
3.0,12.197288487866178,9.197288487866178,9.197288487866178,0-25%
3.0,11.367554718601745,8.367554718601745,8.367554718601745,0-25%
3.0,11.367554718601745,8.367554718601745,8.367554718601745,0-25%
18.0,11.186896931308743,-6.813103068691257,6.813103068691257,75-100%
18.0,11.381806737754477,-6.618193262245523,6.618193262245523,75-100%
18.0,11.27827245389577,-6.72172754610423,6.72172754610423,75-100%
18.0,11.557084083360754,-6.442915916639246,6.442915916639246,75-100%
18.0,11.445078189738227,-6.554921810261773,6.554921810261773,75-100%
18.0,11.158488002796638,-6.841511997203362,6.841511997203362,75-100%
18.0,11.125844379497602,-6.874155620502398,6.874155620502398,75-100%
18.0,11.400972290095796,-6.599027709904204,6.599027709904204,75-100%
18.0,11.210003433657269,-6.789996566342731,6.789996566342731,75-100%
18.0,11.272651964133875,-6.727348035866125,6.727348035866125,75-100%
18.0,10.868270346062689,-7.131729653937311,7.131729653937311,75-100%
18.0,11.154754165297845,-6.845245834702155,6.845245834702155,75-100%
18.0,11.267564917114298,-6.7324350828857025,6.7324350828857025,75-100%
18.0,11.202182926839093,-6.797817073160907,6.797817073160907,75-100%
18.0,10.868270346062689,-7.131729653937311,7.131729653937311,75-100%
18.0,11.154754165297845,-6.845245834702155,6.845245834702155,75-100%
18.0,11.386260986904086,-6.613739013095914,6.613739013095914,75-100%
18.0,11.272651964133875,-6.727348035866125,6.727348035866125,75-100%
18.0,12.977638017798796,-5.022361982201204,5.022361982201204,75-100%
18.0,12.977638017798796,-5.022361982201204,5.022361982201204,75-100%
18.0,11.154754165297845,-6.845245834702155,6.845245834702155,75-100%
18.0,11.38747151680409,-6.612528483195909,6.612528483195909,75-100%
18.0,12.977638017798796,-5.022361982201204,5.022361982201204,75-100%
18.0,13.058154349800173,-4.941845650199827,4.941845650199827,75-100%
18.0,12.977638017798796,-5.022361982201204,5.022361982201204,75-100%
2.0,10.682622374534112,8.682622374534112,8.682622374534112,0-25%
2.0,10.84694159758186,8.84694159758186,8.84694159758186,0-25%
2.0,10.767257440031079,8.767257440031079,8.767257440031079,0-25%
2.0,10.81896668127633,8.81896668127633,8.81896668127633,0-25%
2.0,10.710475454275425,8.710475454275425,8.710475454275425,0-25%
2.0,10.710475454275425,8.710475454275425,8.710475454275425,0-25%
2.0,10.710475454275425,8.710475454275425,8.710475454275425,0-25%
2.0,10.666541120481662,8.666541120481662,8.666541120481662,0-25%
2.0,10.862169034374705,8.862169034374705,8.862169034374705,0-25%
2.0,10.710475454275425,8.710475454275425,8.710475454275425,0-25%
2.0,10.767257440031079,8.767257440031079,8.767257440031079,0-25%
2.0,10.710475454275425,8.710475454275425,8.710475454275425,0-25%
2.0,10.666541120481662,8.666541120481662,8.666541120481662,0-25%
2.0,10.904917452922831,8.904917452922831,8.904917452922831,0-25%
2.0,10.853771871202568,8.853771871202568,8.853771871202568,0-25%
2.0,10.904917452922831,8.904917452922831,8.904917452922831,0-25%
2.0,10.768828301378527,8.768828301378527,8.768828301378527,0-25%
2.0,10.904917452922831,8.904917452922831,8.904917452922831,0-25%
1.0,10.051187152018315,9.051187152018315,9.051187152018315,0-25%
1.0,9.992288045652495,8.992288045652495,8.992288045652495,0-25%
1.0,10.098010956715639,9.098010956715639,9.098010956715639,0-25%
1.0,10.051187152018315,9.051187152018315,9.051187152018315,0-25%
3.0,10.051187152018315,7.051187152018315,7.051187152018315,0-25%
3.0,10.051187152018315,7.051187152018315,7.051187152018315,0-25%
1.0,10.738925938361163,9.738925938361163,9.738925938361163,0-25%
1.0,10.053690479074664,9.053690479074664,9.053690479074664,0-25%
2.0,10.071626800813235,8.071626800813235,8.071626800813235,0-25%
2.0,10.03911815480741,8.03911815480741,8.03911815480741,0-25%
2.0,10.116993513541448,8.116993513541448,8.116993513541448,0-25%
3.0,10.09550179617501,7.095501796175011,7.095501796175011,0-25%
3.0,10.09090268104424,7.0909026810442395,7.0909026810442395,0-25%
3.0,10.09090268104424,7.0909026810442395,7.0909026810442395,0-25%
2.0,10.573918586654663,8.573918586654663,8.573918586654663,0-25%
3.0,10.09090268104424,7.0909026810442395,7.0909026810442395,0-25%
3.0,9.959612981253366,6.9596129812533665,6.9596129812533665,0-25%
3.0,9.959612981253366,6.9596129812533665,6.9596129812533665,0-25%
2.0,10.004040841217131,8.004040841217131,8.004040841217131,0-25%
3.0,10.01833700740972,7.01833700740972,7.01833700740972,0-25%
3.0,9.959612981253366,6.9596129812533665,6.9596129812533665,0-25%
3.0,9.999479636896485,6.999479636896485,6.999479636896485,0-25%
2.0,9.598363774962873,7.598363774962873,7.598363774962873,0-25%
3.0,9.999479636896485,6.999479636896485,6.999479636896485,0-25%
3.0,9.999479636896485,6.999479636896485,6.999479636896485,0-25%
3.0,9.999479636896485,6.999479636896485,6.999479636896485,0-25%
3.0,9.959612981253366,6.9596129812533665,6.9596129812533665,0-25%
3.0,9.959612981253366,6.9596129812533665,6.9596129812533665,0-25%
3.0,9.959612981253366,6.9596129812533665,6.9596129812533665,0-25%
3.0,10.01833700740972,7.01833700740972,7.01833700740972,0-25%
3.0,9.999479636896485,6.999479636896485,6.999479636896485,0-25%
3.0,9.940856114175315,6.940856114175315,6.940856114175315,0-25%
3.0,9.959612981253366,6.9596129812533665,6.9596129812533665,0-25%
3.0,10.005443543103201,7.005443543103201,7.005443543103201,0-25%
3.0,10.01833700740972,7.01833700740972,7.01833700740972,0-25%
3.0,9.959612981253366,6.9596129812533665,6.9596129812533665,0-25%
3.0,10.343031154520675,7.343031154520675,7.343031154520675,0-25%
3.0,11.14740272375571,8.14740272375571,8.14740272375571,0-25%
3.0,10.438323279157657,7.4383232791576575,7.4383232791576575,0-25%
3.0,10.30162433595505,7.301624335955051,7.301624335955051,0-25%
3.0,10.268440368373936,7.268440368373936,7.268440368373936,0-25%
3.0,10.410575355759384,7.410575355759384,7.410575355759384,0-25%
3.0,10.9766536480665,7.976653648066501,7.976653648066501,0-25%
3.0,10.386945993934894,7.386945993934894,7.386945993934894,0-25%
3.0,9.751111124080506,6.751111124080506,6.751111124080506,0-25%
3.0,11.24794032500249,8.24794032500249,8.24794032500249,0-25%
3.0,10.10689943453707,7.10689943453707,7.10689943453707,0-25%
3.0,10.100069899589323,7.100069899589323,7.100069899589323,0-25%
3.0,10.100069899589323,7.100069899589323,7.100069899589323,0-25%
8.666666666666666,8.122958168248871,-0.5437084984177947,0.5437084984177947,50-75%
7.0,7.922487646840555,0.9224876468405547,0.9224876468405547,25-50%
7.0,7.922487646840555,0.9224876468405547,0.9224876468405547,25-50%
11.0,8.220787651578412,-2.779212348421588,2.779212348421588,50-75%
8.666666666666666,8.293571176137936,-0.3730954905287298,0.3730954905287298,50-75%
8.666666666666666,8.48636026642578,-0.18030640024088562,0.18030640024088562,50-75%
8.666666666666666,8.293571176137936,-0.3730954905287298,0.3730954905287298,50-75%
8.666666666666666,8.259822124361214,-0.40684454230545164,0.40684454230545164,50-75%
8.666666666666666,8.259822124361214,-0.40684454230545164,0.40684454230545164,50-75%
7.0,8.108641214390845,1.108641214390845,1.108641214390845,25-50%
7.0,8.108641214390845,1.108641214390845,1.108641214390845,25-50%
11.0,8.259822124361214,-2.7401778756387856,2.7401778756387856,50-75%
8.666666666666666,8.48636026642578,-0.18030640024088562,0.18030640024088562,50-75%
8.666666666666666,8.293571176137936,-0.3730954905287298,0.3730954905287298,50-75%
8.666666666666666,8.293571176137936,-0.3730954905287298,0.3730954905287298,50-75%
8.666666666666666,8.293571176137936,-0.3730954905287298,0.3730954905287298,50-75%
8.666666666666666,8.293571176137936,-0.3730954905287298,0.3730954905287298,50-75%
8.666666666666666,8.293571176137936,-0.3730954905287298,0.3730954905287298,50-75%
8.666666666666666,8.133246692229806,-0.5334199744368604,0.5334199744368604,50-75%
8.666666666666666,8.133246692229806,-0.5334199744368604,0.5334199744368604,50-75%
8.666666666666666,8.133246692229806,-0.5334199744368604,0.5334199744368604,50-75%
8.666666666666666,8.133246692229806,-0.5334199744368604,0.5334199744368604,50-75%
8.666666666666666,7.979844019037932,-0.686822647628734,0.686822647628734,50-75%
12.0,8.121844247990502,-3.878155752009498,3.878155752009498,50-75%
13.0,7.620136037286927,-5.379863962713073,5.379863962713073,50-75%
13.0,7.810077242227497,-5.189922757772503,5.189922757772503,50-75%
5.0,8.166633455835289,3.1666334558352887,3.1666334558352887,0-25%
5.0,8.188762148640528,3.188762148640528,3.188762148640528,0-25%
13.0,7.693830151729565,-5.306169848270435,5.306169848270435,50-75%
13.0,7.693830151729565,-5.306169848270435,5.306169848270435,50-75%
13.0,7.693830151729565,-5.306169848270435,5.306169848270435,50-75%
13.0,7.789526783063524,-5.210473216936476,5.210473216936476,50-75%
5.0,8.222252209826756,3.222252209826756,3.222252209826756,0-25%
5.0,8.188762148640528,3.188762148640528,3.188762148640528,0-25%
5.0,8.222252209826756,3.222252209826756,3.222252209826756,0-25%
5.0,8.33473910914528,3.3347391091452803,3.3347391091452803,0-25%
5.0,8.222252209826756,3.222252209826756,3.222252209826756,0-25%
13.0,7.651553640512738,-5.348446359487262,5.348446359487262,50-75%
13.0,7.693830151729565,-5.306169848270435,5.306169848270435,50-75%
13.0,7.789526783063524,-5.210473216936476,5.210473216936476,50-75%
5.0,8.222252209826756,3.222252209826756,3.222252209826756,0-25%
5.0,8.222252209826756,3.222252209826756,3.222252209826756,0-25%
5.0,8.222252209826756,3.222252209826756,3.222252209826756,0-25%
5.0,8.222252209826756,3.222252209826756,3.222252209826756,0-25%
5.0,8.222252209826756,3.222252209826756,3.222252209826756,0-25%
5.0,8.222252209826756,3.222252209826756,3.222252209826756,0-25%
5.0,8.72458987809531,3.72458987809531,3.72458987809531,0-25%
5.0,8.683523406471993,3.683523406471993,3.683523406471993,0-25%
13.0,7.651553640512738,-5.348446359487262,5.348446359487262,50-75%
13.0,7.693830151729565,-5.306169848270435,5.306169848270435,50-75%
5.0,8.222252209826756,3.222252209826756,3.222252209826756,0-25%
5.0,8.222252209826756,3.222252209826756,3.222252209826756,0-25%
5.0,8.222252209826756,3.222252209826756,3.222252209826756,0-25%
5.0,8.222252209826756,3.222252209826756,3.222252209826756,0-25%
5.0,8.222252209826756,3.222252209826756,3.222252209826756,0-25%
5.0,8.222252209826756,3.222252209826756,3.222252209826756,0-25%
5.0,8.683523406471993,3.683523406471993,3.683523406471993,0-25%
5.0,8.612599834310858,3.612599834310858,3.612599834310858,0-25%
5.0,8.222252209826756,3.222252209826756,3.222252209826756,0-25%
5.0,8.222252209826756,3.222252209826756,3.222252209826756,0-25%
5.0,8.166518158388325,3.1665181583883246,3.1665181583883246,0-25%
5.0,8.222252209826756,3.222252209826756,3.222252209826756,0-25%
5.0,8.222252209826756,3.222252209826756,3.222252209826756,0-25%
5.0,8.612599834310858,3.612599834310858,3.612599834310858,0-25%
5.0,8.15002722682652,3.15002722682652,3.15002722682652,0-25%
5.0,8.077486382246875,3.0774863822468745,3.0774863822468745,0-25%
4.0,8.724403188135211,4.724403188135211,4.724403188135211,0-25%
4.0,8.432051791545781,4.432051791545781,4.432051791545781,0-25%
4.0,9.146882631580999,5.146882631580999,5.146882631580999,0-25%
4.0,8.611026477036635,4.611026477036635,4.611026477036635,0-25%
4.0,9.397019347663566,5.397019347663566,5.397019347663566,0-25%
4.0,9.196063641358794,5.196063641358794,5.196063641358794,0-25%
4.0,9.419423401266608,5.419423401266608,5.419423401266608,0-25%
4.0,9.196063641358794,5.196063641358794,5.196063641358794,0-25%
4.0,9.159037241794064,5.1590372417940635,5.1590372417940635,0-25%
4.0,9.141576543835098,5.141576543835098,5.141576543835098,0-25%
3.0,8.615842331445574,5.615842331445574,5.615842331445574,0-25%
3.0,9.089987188113865,6.089987188113865,6.089987188113865,0-25%
3.0,8.39839725867589,5.398397258675891,5.398397258675891,0-25%
3.0,8.72927585288957,5.72927585288957,5.72927585288957,0-25%
3.0,9.071309660321099,6.0713096603210985,6.0713096603210985,0-25%
3.0,8.859916509739186,5.859916509739186,5.859916509739186,0-25%
3.0,9.176638244272462,6.176638244272462,6.176638244272462,0-25%
3.0,8.20283591754361,5.202835917543609,5.202835917543609,0-25%
3.0,8.615842331445574,5.615842331445574,5.615842331445574,0-25%
3.0,9.05086893541074,6.05086893541074,6.05086893541074,0-25%
3.0,9.108016321272105,6.108016321272105,6.108016321272105,0-25%
3.0,9.088649380163469,6.088649380163469,6.088649380163469,0-25%
3.0,8.615842331445574,5.615842331445574,5.615842331445574,0-25%
3.0,9.108016321272105,6.108016321272105,6.108016321272105,0-25%
3.0,9.108016321272105,6.108016321272105,6.108016321272105,0-25%
3.0,9.107359064955693,6.107359064955693,6.107359064955693,0-25%
3.0,8.454864550418774,5.454864550418774,5.454864550418774,0-25%
3.0,9.295002030825737,6.295002030825737,6.295002030825737,0-25%
3.0,9.643437540429202,6.643437540429202,6.643437540429202,0-25%
3.0,9.108016321272105,6.108016321272105,6.108016321272105,0-25%
3.0,9.107359064955693,6.107359064955693,6.107359064955693,0-25%
3.0,8.80858258510999,5.80858258510999,5.80858258510999,0-25%
3.0,9.370377687834814,6.370377687834814,6.370377687834814,0-25%
3.0,9.625144286480493,6.625144286480493,6.625144286480493,0-25%
3.0,9.357495885872789,6.357495885872789,6.357495885872789,0-25%
3.0,9.228284537055385,6.228284537055385,6.228284537055385,0-25%
7.0,9.375328331005234,2.3753283310052336,2.3753283310052336,25-50%
7.0,9.375328331005234,2.3753283310052336,2.3753283310052336,25-50%
7.0,9.375328331005234,2.3753283310052336,2.3753283310052336,25-50%
7.0,9.285771817233243,2.2857718172332433,2.2857718172332433,25-50%
7.0,9.375328331005234,2.3753283310052336,2.3753283310052336,25-50%
7.0,8.83901233766822,1.8390123376682208,1.8390123376682208,25-50%
7.0,9.285771817233243,2.2857718172332433,2.2857718172332433,25-50%
7.0,9.282102198963356,2.282102198963356,2.282102198963356,25-50%
7.0,9.375328331005234,2.3753283310052336,2.3753283310052336,25-50%
7.0,9.375328331005234,2.3753283310052336,2.3753283310052336,25-50%
7.0,9.285771817233243,2.2857718172332433,2.2857718172332433,25-50%
7.0,9.375328331005234,2.3753283310052336,2.3753283310052336,25-50%
7.0,8.869665772857003,1.8696657728570028,1.8696657728570028,25-50%
7.0,9.375328331005234,2.3753283310052336,2.3753283310052336,25-50%
7.0,9.299804839189292,2.2998048391892922,2.2998048391892922,25-50%
7.0,9.375328331005234,2.3753283310052336,2.3753283310052336,25-50%
7.0,9.375328331005234,2.3753283310052336,2.3753283310052336,25-50%
7.0,9.375328331005234,2.3753283310052336,2.3753283310052336,25-50%
7.0,9.375328331005234,2.3753283310052336,2.3753283310052336,25-50%
7.0,9.375328331005234,2.3753283310052336,2.3753283310052336,25-50%
7.0,9.357495885872789,2.3574958858727886,2.3574958858727886,25-50%
7.0,9.299804839189292,2.2998048391892922,2.2998048391892922,25-50%
7.0,9.375328331005234,2.3753283310052336,2.3753283310052336,25-50%
7.0,9.375328331005234,2.3753283310052336,2.3753283310052336,25-50%
7.0,9.375328331005234,2.3753283310052336,2.3753283310052336,25-50%
7.0,9.375328331005234,2.3753283310052336,2.3753283310052336,25-50%
7.0,9.375328331005234,2.3753283310052336,2.3753283310052336,25-50%
7.0,8.926056248281146,1.9260562482811459,1.9260562482811459,25-50%
5.0,9.410530045512076,4.4105300455120755,4.4105300455120755,0-25%
5.0,9.410530045512076,4.4105300455120755,4.4105300455120755,0-25%
5.0,9.535170864806057,4.535170864806057,4.535170864806057,0-25%
5.0,9.136550581791795,4.136550581791795,4.136550581791795,0-25%
5.0,8.891357136196149,3.8913571361961488,3.8913571361961488,0-25%
5.0,9.316519871163164,4.316519871163164,4.316519871163164,0-25%
5.0,9.392637097943227,4.392637097943227,4.392637097943227,0-25%
5.0,9.436799306345737,4.436799306345737,4.436799306345737,0-25%
5.0,9.517063692636269,4.517063692636269,4.517063692636269,0-25%
5.0,9.486611228994372,4.486611228994372,4.486611228994372,0-25%
5.0,9.517063692636269,4.517063692636269,4.517063692636269,0-25%
5.0,9.440035146887165,4.4400351468871655,4.4400351468871655,0-25%
5.0,9.454768287752007,4.454768287752007,4.454768287752007,0-25%
5.0,9.454768287752007,4.454768287752007,4.454768287752007,0-25%
5.0,9.518925690561879,4.518925690561879,4.518925690561879,0-25%
5.0,9.518925690561879,4.518925690561879,4.518925690561879,0-25%
5.0,9.518925690561879,4.518925690561879,4.518925690561879,0-25%
5.0,9.486611228994372,4.486611228994372,4.486611228994372,0-25%
5.0,9.517063692636269,4.517063692636269,4.517063692636269,0-25%
5.0,9.454768287752007,4.454768287752007,4.454768287752007,0-25%
5.0,9.454768287752007,4.454768287752007,4.454768287752007,0-25%
5.0,9.518925690561879,4.518925690561879,4.518925690561879,0-25%
5.0,9.518925690561879,4.518925690561879,4.518925690561879,0-25%
5.0,9.486611228994372,4.486611228994372,4.486611228994372,0-25%
5.0,9.504665971320787,4.504665971320787,4.504665971320787,0-25%
5.0,9.518925690561879,4.518925690561879,4.518925690561879,0-25%
5.0,9.518925690561879,4.518925690561879,4.518925690561879,0-25%
5.0,9.535170864806057,4.535170864806057,4.535170864806057,0-25%
5.0,9.486611228994372,4.486611228994372,4.486611228994372,0-25%
5.0,9.535170864806057,4.535170864806057,4.535170864806057,0-25%
5.0,9.535170864806057,4.535170864806057,4.535170864806057,0-25%
5.0,9.535170864806057,4.535170864806057,4.535170864806057,0-25%
5.0,9.535170864806057,4.535170864806057,4.535170864806057,0-25%
5.0,9.517063692636269,4.517063692636269,4.517063692636269,0-25%
3.0,9.357571957463696,6.357571957463696,6.357571957463696,0-25%
3.0,9.357571957463696,6.357571957463696,6.357571957463696,0-25%
3.0,9.357571957463696,6.357571957463696,6.357571957463696,0-25%
3.0,8.937507022813492,5.937507022813492,5.937507022813492,0-25%
3.0,9.37218872498603,6.37218872498603,6.37218872498603,0-25%
3.0,9.590875874448823,6.590875874448823,6.590875874448823,0-25%
3.0,9.451956222478708,6.451956222478708,6.451956222478708,0-25%
3.0,9.451956222478708,6.451956222478708,6.451956222478708,0-25%
3.0,9.357571957463696,6.357571957463696,6.357571957463696,0-25%
3.0,9.451956222478708,6.451956222478708,6.451956222478708,0-25%
3.0,9.37218872498603,6.37218872498603,6.37218872498603,0-25%
3.0,9.345946863104569,6.345946863104569,6.345946863104569,0-25%
3.0,9.397451962680538,6.397451962680538,6.397451962680538,0-25%
3.0,9.397451962680538,6.397451962680538,6.397451962680538,0-25%
3.0,9.37958149287693,6.37958149287693,6.37958149287693,0-25%
3.0,9.397451962680538,6.397451962680538,6.397451962680538,0-25%
3.0,9.35969423338747,6.35969423338747,6.35969423338747,0-25%
3.0,9.332720089107374,6.332720089107374,6.332720089107374,0-25%
3.0,9.37958149287693,6.37958149287693,6.37958149287693,0-25%
3.0,9.31831835224589,6.318318352245891,6.318318352245891,0-25%
3.0,9.31831835224589,6.318318352245891,6.318318352245891,0-25%
3.0,9.397451962680538,6.397451962680538,6.397451962680538,0-25%
3.0,9.332720089107374,6.332720089107374,6.332720089107374,0-25%
3.0,9.35050987788337,6.35050987788337,6.35050987788337,0-25%
3.0,9.397451962680538,6.397451962680538,6.397451962680538,0-25%
3.0,9.260649169162704,6.260649169162704,6.260649169162704,0-25%
3.0,9.35969423338747,6.35969423338747,6.35969423338747,0-25%
3.0,9.332720089107374,6.332720089107374,6.332720089107374,0-25%
3.0,9.332720089107374,6.332720089107374,6.332720089107374,0-25%
3.0,9.260649169162704,6.260649169162704,6.260649169162704,0-25%
3.0,8.856205226568102,5.856205226568102,5.856205226568102,0-25%
3.0,9.300583892187824,6.300583892187824,6.300583892187824,0-25%
3.0,9.397451962680538,6.397451962680538,6.397451962680538,0-25%
3.0,9.35050987788337,6.35050987788337,6.35050987788337,0-25%
4.0,8.93010016092203,4.930100160922031,4.930100160922031,0-25%
4.0,8.905143687880122,4.905143687880122,4.905143687880122,0-25%
4.0,8.943579927029518,4.943579927029518,4.943579927029518,0-25%
4.0,8.943579927029518,4.943579927029518,4.943579927029518,0-25%
3.0,8.975823205299392,5.975823205299392,5.975823205299392,0-25%
3.0,8.973440507233919,5.973440507233919,5.973440507233919,0-25%
3.0,8.973440507233919,5.973440507233919,5.973440507233919,0-25%
3.0,8.905143687880122,5.905143687880122,5.905143687880122,0-25%
4.0,8.943579927029518,4.943579927029518,4.943579927029518,0-25%
4.0,8.943579927029518,4.943579927029518,4.943579927029518,0-25%
2.0,8.998569057308202,6.9985690573082024,6.9985690573082024,0-25%
3.0,8.973440507233919,5.973440507233919,5.973440507233919,0-25%
3.0,8.95075182043324,5.95075182043324,5.95075182043324,0-25%
3.0,8.95075182043324,5.95075182043324,5.95075182043324,0-25%
3.0,8.998569057308202,5.9985690573082024,5.9985690573082024,0-25%
4.0,8.882104836434461,4.882104836434461,4.882104836434461,0-25%
2.0,9.385163377414704,7.385163377414704,7.385163377414704,0-25%
2.0,9.385163377414704,7.385163377414704,7.385163377414704,0-25%
3.0,9.385163377414704,6.385163377414704,6.385163377414704,0-25%
3.0,8.973440507233919,5.973440507233919,5.973440507233919,0-25%
3.0,8.986979106356364,5.9869791063563635,5.9869791063563635,0-25%
3.0,8.973440507233919,5.973440507233919,5.973440507233919,0-25%
3.0,8.882104836434461,5.882104836434461,5.882104836434461,0-25%
3.0,8.907003262012028,5.907003262012028,5.907003262012028,0-25%
4.0,8.882104836434461,4.882104836434461,4.882104836434461,0-25%
2.0,9.385163377414704,7.385163377414704,7.385163377414704,0-25%
3.0,8.882104836434461,5.882104836434461,5.882104836434461,0-25%
3.0,8.882104836434461,5.882104836434461,5.882104836434461,0-25%
3.0,8.882104836434461,5.882104836434461,5.882104836434461,0-25%
4.0,8.882104836434461,4.882104836434461,4.882104836434461,0-25%
2.0,9.385163377414704,7.385163377414704,7.385163377414704,0-25%
2.0,8.770743004071228,6.770743004071228,6.770743004071228,0-25%
3.0,8.911111444178372,5.911111444178372,5.911111444178372,0-25%
3.0,8.882104836434461,5.882104836434461,5.882104836434461,0-25%
3.0,8.907003262012028,5.907003262012028,5.907003262012028,0-25%
6.0,9.168487435834763,3.1684874358347628,3.1684874358347628,25-50%
6.0,9.385163377414704,3.3851633774147043,3.3851633774147043,25-50%
6.0,9.385163377414704,3.3851633774147043,3.3851633774147043,25-50%
6.0,9.189604706665135,3.1896047066651345,3.1896047066651345,25-50%
2.0,9.385163377414704,7.385163377414704,7.385163377414704,0-25%
2.0,8.907003262012028,6.907003262012028,6.907003262012028,0-25%
6.0,8.402048132644312,2.402048132644312,2.402048132644312,25-50%
6.0,8.402048132644312,2.402048132644312,2.402048132644312,25-50%
6.0,9.168487435834763,3.1684874358347628,3.1684874358347628,25-50%
6.0,9.385163377414704,3.3851633774147043,3.3851633774147043,25-50%
6.0,9.385163377414704,3.3851633774147043,3.3851633774147043,25-50%
6.0,9.215277892555488,3.2152778925554877,3.2152778925554877,25-50%
6.0,8.507385231621589,2.5073852316215888,2.5073852316215888,25-50%
6.0,8.866256016892832,2.866256016892832,2.866256016892832,25-50%
6.0,9.359063232837691,3.3590632328376913,3.3590632328376913,25-50%
6.0,9.359063232837691,3.3590632328376913,3.3590632328376913,25-50%
6.0,8.507385231621589,2.5073852316215888,2.5073852316215888,25-50%
6.0,9.385163377414704,3.3851633774147043,3.3851633774147043,25-50%
3.5,9.119464800517296,5.619464800517296,5.619464800517296,0-25%
3.5,8.998569057308202,5.4985690573082024,5.4985690573082024,0-25%
3.5,8.973440507233919,5.473440507233919,5.473440507233919,0-25%
3.5,9.116706294718764,5.616706294718764,5.616706294718764,0-25%
3.5,8.973440507233919,5.473440507233919,5.473440507233919,0-25%
1.0,8.9933448398425,7.9933448398425,7.9933448398425,0-25%
1.0,8.876525524591672,7.876525524591672,7.876525524591672,0-25%
1.0,8.84332018520083,7.843320185200829,7.843320185200829,0-25%
1.0,8.950187980283157,7.950187980283157,7.950187980283157,0-25%
1.0,8.541962989914483,7.541962989914483,7.541962989914483,0-25%
1.0,8.541962989914483,7.541962989914483,7.541962989914483,0-25%
1.0,9.004053037154428,8.004053037154428,8.004053037154428,0-25%
1.0,8.37734718234516,7.37734718234516,7.37734718234516,0-25%
1.0,8.138424509295653,7.138424509295653,7.138424509295653,0-25%
1.0,8.517981988890766,7.5179819888907655,7.5179819888907655,0-25%
1.0,8.914850712896898,7.914850712896898,7.914850712896898,0-25%
1.0,8.37734718234516,7.37734718234516,7.37734718234516,0-25%
1.0,8.232529316527572,7.232529316527572,7.232529316527572,0-25%
1.0,8.912019578827788,7.912019578827788,7.912019578827788,0-25%
1.0,8.950187980283157,7.950187980283157,7.950187980283157,0-25%
1.0,8.950482499406263,7.950482499406263,7.950482499406263,0-25%
1.0,8.430420198137059,7.430420198137059,7.430420198137059,0-25%
5.0,7.627302220603095,2.627302220603095,2.627302220603095,0-25%
5.0,8.653340089251259,3.653340089251259,3.653340089251259,0-25%
5.0,7.497073246819078,2.4970732468190784,2.4970732468190784,0-25%
5.0,8.62907917367159,3.62907917367159,3.62907917367159,0-25%
5.0,8.616025752665868,3.616025752665868,3.616025752665868,0-25%
5.0,7.4642283819131405,2.4642283819131405,2.4642283819131405,0-25%
5.0,7.497073246819078,2.4970732468190784,2.4970732468190784,0-25%
5.0,7.495932257394573,2.495932257394573,2.495932257394573,0-25%
5.0,6.921225643122233,1.9212256431222334,1.9212256431222334,0-25%
5.0,8.413786638529615,3.413786638529615,3.413786638529615,0-25%
5.0,8.539879233769813,3.5398792337698133,3.5398792337698133,0-25%
5.0,9.017599233115067,4.017599233115067,4.017599233115067,0-25%
5.0,8.1768445457937,3.176844545793699,3.176844545793699,0-25%
5.0,7.4642283819131405,2.4642283819131405,2.4642283819131405,0-25%
5.0,8.500118079549797,3.5001180795497966,3.5001180795497966,0-25%
5.0,7.415351703814264,2.415351703814264,2.415351703814264,0-25%
5.0,7.929789412237184,2.9297894122371844,2.9297894122371844,0-25%
5.0,7.4642283819131405,2.4642283819131405,2.4642283819131405,0-25%
5.0,8.478637783822313,3.478637783822313,3.478637783822313,0-25%
5.0,8.478637783822313,3.478637783822313,3.478637783822313,0-25%
5.0,8.465788304934312,3.4657883049343123,3.4657883049343123,0-25%
5.0,8.061541661740904,3.061541661740904,3.061541661740904,0-25%
5.0,7.478836092450954,2.478836092450954,2.478836092450954,0-25%
5.0,7.415351703814264,2.415351703814264,2.415351703814264,0-25%
5.0,7.4642283819131405,2.4642283819131405,2.4642283819131405,0-25%
5.0,8.478637783822313,3.478637783822313,3.478637783822313,0-25%
5.0,8.478637783822313,3.478637783822313,3.478637783822313,0-25%
5.0,7.478836092450954,2.478836092450954,2.478836092450954,0-25%
5.0,8.277184966297689,3.277184966297689,3.277184966297689,0-25%
2.0,8.091854483799148,6.091854483799148,6.091854483799148,0-25%
2.0,8.429884306377893,6.429884306377893,6.429884306377893,0-25%
2.0,8.073753946756163,6.073753946756163,6.073753946756163,0-25%
2.0,7.914728508812598,5.914728508812598,5.914728508812598,0-25%
2.0,7.595839276242175,5.595839276242175,5.595839276242175,0-25%
2.0,8.14301468292688,6.14301468292688,6.14301468292688,0-25%
2.0,8.509554743397047,6.509554743397047,6.509554743397047,0-25%
2.0,8.073753946756163,6.073753946756163,6.073753946756163,0-25%
2.0,7.92671094566212,5.92671094566212,5.92671094566212,0-25%
2.0,7.891697390102298,5.891697390102298,5.891697390102298,0-25%
2.0,8.506839339484703,6.506839339484703,6.506839339484703,0-25%
2.0,8.543447505721202,6.543447505721202,6.543447505721202,0-25%
2.0,8.543729985589557,6.543729985589557,6.543729985589557,0-25%
2.0,7.914279899327967,5.914279899327967,5.914279899327967,0-25%
2.0,7.859427292385773,5.859427292385773,5.859427292385773,0-25%
2.0,7.889966594041497,5.889966594041497,5.889966594041497,0-25%
2.0,7.891697390102298,5.891697390102298,5.891697390102298,0-25%
2.0,7.891697390102298,5.891697390102298,5.891697390102298,0-25%
2.0,7.504384027252043,5.504384027252043,5.504384027252043,0-25%
2.0,8.353141691264971,6.353141691264971,6.353141691264971,0-25%
2.0,8.14301468292688,6.14301468292688,6.14301468292688,0-25%
2.0,8.506839339484703,6.506839339484703,6.506839339484703,0-25%
2.0,8.589748370766769,6.589748370766769,6.589748370766769,0-25%
2.0,8.639666342575197,6.639666342575197,6.639666342575197,0-25%
2.0,7.926261733193919,5.926261733193919,5.926261733193919,0-25%
2.0,7.725280298442134,5.725280298442134,5.725280298442134,0-25%
2.0,7.891697390102298,5.891697390102298,5.891697390102298,0-25%
2.0,7.891697390102298,5.891697390102298,5.891697390102298,0-25%
2.0,7.504384027252043,5.504384027252043,5.504384027252043,0-25%
2.0,7.818021973961717,5.818021973961717,5.818021973961717,0-25%
2.0,8.14301468292688,6.14301468292688,6.14301468292688,0-25%
2.0,8.721033019660116,6.721033019660116,6.721033019660116,0-25%
2.0,8.734228984384,6.734228984384,6.734228984384,0-25%
1.5,8.734228984384,7.234228984384,7.234228984384,0-25%
1.6666666666666667,8.422464450328897,6.7557977836622305,6.7557977836622305,0-25%
2.0,7.725280298442134,5.725280298442134,5.725280298442134,0-25%
2.0,7.891697390102298,5.891697390102298,5.891697390102298,0-25%
2.0,7.504384027252043,5.504384027252043,5.504384027252043,0-25%
2.0,8.429884306377893,6.429884306377893,6.429884306377893,0-25%
2.0,8.254957368563769,6.254957368563769,6.254957368563769,0-25%
2.0,8.847414324922259,6.8474143249222585,6.8474143249222585,0-25%
1.5,8.733940866035493,7.233940866035493,7.233940866035493,0-25%
1.5,8.58596928341473,7.08596928341473,7.08596928341473,0-25%
1.6666666666666667,7.618358416546375,5.951691749879708,5.951691749879708,0-25%
1.6666666666666667,7.618358416546375,5.951691749879708,5.951691749879708,0-25%
2.0,7.891697390102298,5.891697390102298,5.891697390102298,0-25%
2.0,7.891697390102298,5.891697390102298,5.891697390102298,0-25%
1.5,8.23607830720103,6.73607830720103,6.73607830720103,0-25%
1.5,8.9171320598177,7.4171320598177,7.4171320598177,0-25%
1.5,7.989283399372169,6.489283399372169,6.489283399372169,0-25%
1.5,7.670873552285921,6.170873552285921,6.170873552285921,0-25%
1.5,7.565488872422827,6.065488872422827,6.065488872422827,0-25%
1.6666666666666667,7.562774510218131,5.896107843551464,5.896107843551464,0-25%
1.6666666666666667,7.562774510218131,5.896107843551464,5.896107843551464,0-25%
1.5,7.863418526443343,6.363418526443343,6.363418526443343,0-25%
1.5,8.081726776485183,6.5817267764851834,6.5817267764851834,0-25%
1.5,8.59372499540235,7.093724995402351,7.093724995402351,0-25%
1.5,7.510245947015328,6.010245947015328,6.010245947015328,0-25%
1.0,8.441228768171808,7.441228768171808,7.441228768171808,0-25%
1.0,8.577959477617169,7.577959477617169,7.577959477617169,0-25%
1.0,7.506137809073573,6.506137809073573,6.506137809073573,0-25%
1.0,8.05890244784817,7.058902447848171,7.058902447848171,0-25%
1.0,8.541218925258825,7.541218925258825,7.541218925258825,0-25%
1.0,8.553888009693782,7.553888009693782,7.553888009693782,0-25%
1.0,8.081726776485183,7.0817267764851834,7.0817267764851834,0-25%
1.0,8.081726776485183,7.0817267764851834,7.0817267764851834,0-25%
1.0,8.100587131592732,7.100587131592732,7.100587131592732,0-25%
1.0,7.933549080378763,6.933549080378763,6.933549080378763,0-25%
4.0,7.506715159431745,3.506715159431745,3.506715159431745,0-25%
4.0,7.506715159431745,3.506715159431745,3.506715159431745,0-25%
4.0,7.506715159431745,3.506715159431745,3.506715159431745,0-25%
4.0,7.6239773071674595,3.6239773071674595,3.6239773071674595,0-25%
4.0,8.027753115315855,4.027753115315855,4.027753115315855,0-25%
4.0,8.32135270675201,4.321352706752011,4.321352706752011,0-25%
4.0,8.206456463874567,4.2064564638745665,4.2064564638745665,0-25%
4.0,8.206456463874567,4.2064564638745665,4.2064564638745665,0-25%
4.0,8.218953908794624,4.218953908794624,4.218953908794624,0-25%
4.0,8.218953908794624,4.218953908794624,4.218953908794624,0-25%
4.0,7.906449892901618,3.906449892901618,3.906449892901618,0-25%
4.0,7.37331141874468,3.37331141874468,3.37331141874468,0-25%
4.0,9.18721747458136,5.1872174745813595,5.1872174745813595,0-25%
4.0,8.930840292160767,4.930840292160767,4.930840292160767,0-25%
4.0,8.795311160407373,4.795311160407373,4.795311160407373,0-25%
4.0,8.095081578421755,4.095081578421755,4.095081578421755,0-25%
4.0,7.906449892901618,3.906449892901618,3.906449892901618,0-25%
4.0,7.216901720982516,3.2169017209825164,3.2169017209825164,0-25%
4.0,8.701497383910922,4.701497383910922,4.701497383910922,0-25%
4.0,8.095081578421755,4.095081578421755,4.095081578421755,0-25%
4.0,7.647604778356365,3.6476047783563654,3.6476047783563654,0-25%
4.0,7.50339876704097,3.50339876704097,3.50339876704097,0-25%
4.0,7.579339516563815,3.579339516563815,3.579339516563815,0-25%
4.0,7.50339876704097,3.50339876704097,3.50339876704097,0-25%
4.0,7.50339876704097,3.50339876704097,3.50339876704097,0-25%
4.0,7.579339516563815,3.579339516563815,3.579339516563815,0-25%
4.0,7.940186105846198,3.940186105846198,3.940186105846198,0-25%
4.0,7.579339516563815,3.579339516563815,3.579339516563815,0-25%
5.0,8.170059615006421,3.170059615006421,3.170059615006421,0-25%
5.0,8.510997058541248,3.510997058541248,3.510997058541248,0-25%
5.0,8.489360389302895,3.4893603893028953,3.4893603893028953,0-25%
5.0,8.067984348328356,3.0679843483283555,3.0679843483283555,0-25%
5.0,8.212255790224216,3.2122557902242157,3.2122557902242157,0-25%
5.0,8.547621234985236,3.547621234985236,3.547621234985236,0-25%
5.0,8.547903838393276,3.5479038383932764,3.5479038383932764,0-25%
5.0,8.489360389302895,3.4893603893028953,3.4893603893028953,0-25%
5.0,8.067984348328356,3.0679843483283555,3.0679843483283555,0-25%
5.0,8.169578719187593,3.1695787191875926,3.1695787191875926,0-25%
5.0,8.402107683794757,3.402107683794757,3.402107683794757,0-25%
5.0,8.210354204814317,3.210354204814317,3.210354204814317,0-25%
5.0,8.547903838393276,3.5479038383932764,3.5479038383932764,0-25%
5.0,8.479280976533062,3.4792809765330617,3.4792809765330617,0-25%
5.0,8.490386459964395,3.4903864599643946,3.4903864599643946,0-25%
5.0,8.402107683794757,3.402107683794757,3.402107683794757,0-25%
5.0,8.438591925803774,3.438591925803774,3.438591925803774,0-25%
5.0,8.425796734084342,3.425796734084342,3.425796734084342,0-25%
5.0,8.425796734084342,3.425796734084342,3.425796734084342,0-25%
5.0,8.402107683794757,3.402107683794757,3.402107683794757,0-25%
5.0,8.438591925803774,3.438591925803774,3.438591925803774,0-25%
5.0,8.404793173585546,3.4047931735855457,3.4047931735855457,0-25%
5.0,7.768606740010979,2.768606740010979,2.768606740010979,0-25%
5.0,8.202042692087876,3.2020426920878755,3.2020426920878755,0-25%
5.0,8.402107683794757,3.402107683794757,3.402107683794757,0-25%
3.0,8.402107683794757,5.402107683794757,5.402107683794757,0-25%
3.0,8.438591925803774,5.438591925803774,5.438591925803774,0-25%
3.0,8.438591925803774,5.438591925803774,5.438591925803774,0-25%
3.0,8.390303998876036,5.3903039988760355,5.3903039988760355,0-25%
3.0,8.326000422249361,5.326000422249361,5.326000422249361,0-25%
3.0,8.438591925803774,5.438591925803774,5.438591925803774,0-25%
3.0,8.438591925803774,5.438591925803774,5.438591925803774,0-25%
3.0,8.368941895573856,5.368941895573856,5.368941895573856,0-25%
3.0,8.368941895573856,5.368941895573856,5.368941895573856,0-25%
3.0,8.49078841488157,5.490788414881569,5.490788414881569,0-25%
3.0,8.233228387105168,5.233228387105168,5.233228387105168,0-25%
3.0,7.904753824659221,4.904753824659221,4.904753824659221,0-25%
3.0,8.390303998876036,5.3903039988760355,5.3903039988760355,0-25%
3.0,8.479787063428947,5.479787063428947,5.479787063428947,0-25%
3.0,8.466936026548714,5.466936026548714,5.466936026548714,0-25%
3.0,8.233228387105168,5.233228387105168,5.233228387105168,0-25%
3.0,8.256491938103881,5.256491938103881,5.256491938103881,0-25%
3.0,8.233228387105168,5.233228387105168,5.233228387105168,0-25%
3.0,9.232340346205964,6.232340346205964,6.232340346205964,0-25%
3.0,8.16720782191922,5.16720782191922,5.16720782191922,0-25%
3.0,8.233228387105168,5.233228387105168,5.233228387105168,0-25%
3.0,8.233228387105168,5.233228387105168,5.233228387105168,0-25%
3.0,8.233228387105168,5.233228387105168,5.233228387105168,0-25%
3.0,8.233228387105168,5.233228387105168,5.233228387105168,0-25%
3.0,8.233228387105168,5.233228387105168,5.233228387105168,0-25%
3.0,9.206624278707404,6.2066242787074035,6.2066242787074035,0-25%
3.0,8.26033036977664,5.260330369776639,5.260330369776639,0-25%
3.0,8.233228387105168,5.233228387105168,5.233228387105168,0-25%
3.0,8.256491938103881,5.256491938103881,5.256491938103881,0-25%
3.0,8.256491938103881,5.256491938103881,5.256491938103881,0-25%
2.0,7.206103127205876,5.206103127205876,5.206103127205876,0-25%
2.0,7.163822120021726,5.163822120021726,5.163822120021726,0-25%
2.0,7.206103127205876,5.206103127205876,5.206103127205876,0-25%
2.0,7.206103127205876,5.206103127205876,5.206103127205876,0-25%
2.0,7.206103127205876,5.206103127205876,5.206103127205876,0-25%
2.0,7.206103127205876,5.206103127205876,5.206103127205876,0-25%
2.0,7.206103127205876,5.206103127205876,5.206103127205876,0-25%
2.0,7.319221441290957,5.319221441290957,5.319221441290957,0-25%
2.0,7.413179369719285,5.413179369719285,5.413179369719285,0-25%
2.0,7.413179369719285,5.413179369719285,5.413179369719285,0-25%
2.0,7.319221441290957,5.319221441290957,5.319221441290957,0-25%
2.0,7.206103127205876,5.206103127205876,5.206103127205876,0-25%
2.0,7.206103127205876,5.206103127205876,5.206103127205876,0-25%
2.0,7.665007527164132,5.665007527164132,5.665007527164132,0-25%
2.0,7.665007527164132,5.665007527164132,5.665007527164132,0-25%
2.0,7.665007527164132,5.665007527164132,5.665007527164132,0-25%
2.0,7.206103127205876,5.206103127205876,5.206103127205876,0-25%
2.0,7.206103127205876,5.206103127205876,5.206103127205876,0-25%
2.0,7.163822120021726,5.163822120021726,5.163822120021726,0-25%
2.0,7.815977055781488,5.815977055781488,5.815977055781488,0-25%
2.0,7.815977055781488,5.815977055781488,5.815977055781488,0-25%
2.0,7.206103127205876,5.206103127205876,5.206103127205876,0-25%
4.0,8.753836179258789,4.753836179258789,4.753836179258789,0-25%
4.0,8.905538696984229,4.9055386969842285,4.9055386969842285,0-25%
4.0,8.996156189813888,4.996156189813888,4.996156189813888,0-25%
4.0,8.753836179258789,4.753836179258789,4.753836179258789,0-25%
4.0,8.753836179258789,4.753836179258789,4.753836179258789,0-25%
4.5,8.767723461339802,4.267723461339802,4.267723461339802,0-25%
4.5,8.767723461339802,4.267723461339802,4.267723461339802,0-25%
4.5,8.767723461339802,4.267723461339802,4.267723461339802,0-25%
5.0,9.34885311455212,4.348853114552121,4.348853114552121,0-25%
4.0,8.945570095336034,4.945570095336034,4.945570095336034,0-25%
4.0,8.766679683909416,4.766679683909416,4.766679683909416,0-25%
4.5,8.684055788015321,4.184055788015321,4.184055788015321,0-25%
4.5,8.83507275638872,4.335072756388721,4.335072756388721,0-25%
4.5,8.767723461339802,4.267723461339802,4.267723461339802,0-25%
4.5,8.767723461339802,4.267723461339802,4.267723461339802,0-25%
4.5,8.792333697690237,4.292333697690237,4.292333697690237,0-25%
5.0,9.34885311455212,4.348853114552121,4.348853114552121,0-25%
4.0,8.834021782023,4.834021782022999,4.834021782022999,0-25%
4.5,8.721634110544827,4.2216341105448265,4.2216341105448265,0-25%
4.5,8.70845521974751,4.20845521974751,4.20845521974751,0-25%
4.5,8.708849842303062,4.208849842303062,4.208849842303062,0-25%
4.5,8.859852682439705,4.359852682439705,4.359852682439705,0-25%
4.333333333333333,9.322844225459102,4.989510892125769,4.989510892125769,0-25%
4.333333333333333,9.34885311455212,5.015519781218788,5.015519781218788,0-25%
4.5,9.34885311455212,4.848853114552121,4.848853114552121,0-25%
5.0,9.322844225459102,4.322844225459102,4.322844225459102,0-25%
4.0,8.834021782023,4.834021782022999,4.834021782022999,0-25%
4.0,8.834021782023,4.834021782022999,4.834021782022999,0-25%
4.5,8.686821809616728,4.186821809616728,4.186821809616728,0-25%
4.333333333333333,9.286476815904356,4.953143482571023,4.953143482571023,0-25%
4.333333333333333,9.30044035094443,4.967107017611096,4.967107017611096,0-25%
4.333333333333333,9.34885311455212,5.015519781218788,5.015519781218788,0-25%
4.333333333333333,9.34885311455212,5.015519781218788,5.015519781218788,0-25%
4.5,9.34885311455212,4.848853114552121,4.848853114552121,0-25%
4.5,9.34885311455212,4.848853114552121,4.848853114552121,0-25%
4.0,9.192446566976955,5.192446566976955,5.192446566976955,0-25%
4.0,8.798807030910538,4.798807030910538,4.798807030910538,0-25%
4.5,8.710077759756965,4.210077759756965,4.210077759756965,0-25%
4.5,8.711622945739938,4.211622945739938,4.211622945739938,0-25%
4.333333333333333,9.394021126016963,5.06068779268363,5.06068779268363,0-25%
4.333333333333333,9.420209348641727,5.086876015308394,5.086876015308394,0-25%
4.5,9.34885311455212,4.848853114552121,4.848853114552121,0-25%
4.5,9.229904279324735,4.729904279324735,4.729904279324735,0-25%
4.5,9.190361272657011,4.690361272657011,4.690361272657011,0-25%
4.0,9.28504620515996,5.28504620515996,5.28504620515996,0-25%
4.0,8.834021782023,4.834021782022999,4.834021782022999,0-25%
4.333333333333333,9.286476815904356,4.953143482571023,4.953143482571023,0-25%
4.333333333333333,9.394021126016963,5.06068779268363,5.06068779268363,0-25%
4.5,9.260624691837915,4.760624691837915,4.760624691837915,0-25%
4.5,9.322844225459102,4.822844225459102,4.822844225459102,0-25%
4.5,9.336743068530097,4.836743068530097,4.836743068530097,0-25%
4.0,9.039425761013455,5.0394257610134545,5.0394257610134545,0-25%
4.0,9.17862943101645,5.17862943101645,5.17862943101645,0-25%
4.0,9.223054493943476,5.223054493943476,5.223054493943476,0-25%
4.0,9.07723263778413,5.07723263778413,5.07723263778413,0-25%
4.0,9.039425761013455,5.0394257610134545,5.0394257610134545,0-25%
4.0,9.17862943101645,5.17862943101645,5.17862943101645,0-25%
4.0,9.153048350575952,5.153048350575952,5.153048350575952,0-25%
4.0,9.153048350575952,5.153048350575952,5.153048350575952,0-25%
4.0,9.262724364441903,5.262724364441903,5.262724364441903,0-25%
4.0,9.355962485110425,5.355962485110425,5.355962485110425,0-25%
4.0,8.795717392765535,4.795717392765535,4.795717392765535,0-25%
4.0,9.223054493943476,5.223054493943476,5.223054493943476,0-25%
4.0,9.011278343780146,5.0112783437801465,5.0112783437801465,0-25%
4.0,9.153048350575952,5.153048350575952,5.153048350575952,0-25%
4.0,9.223054493943476,5.223054493943476,5.223054493943476,0-25%
2.0,7.828066687283609,5.828066687283609,5.828066687283609,0-25%
2.0,8.132850571315583,6.132850571315583,6.132850571315583,0-25%
2.0,7.828066687283609,5.828066687283609,5.828066687283609,0-25%
2.0,8.436418249284754,6.436418249284754,6.436418249284754,0-25%
2.0,8.436418249284754,6.436418249284754,6.436418249284754,0-25%
2.0,8.436418249284754,6.436418249284754,6.436418249284754,0-25%
2.0,8.132850571315583,6.132850571315583,6.132850571315583,0-25%
2.0,8.132850571315583,6.132850571315583,6.132850571315583,0-25%
2.0,8.132850571315583,6.132850571315583,6.132850571315583,0-25%
2.0,8.132850571315583,6.132850571315583,6.132850571315583,0-25%
2.0,8.436418249284754,6.436418249284754,6.436418249284754,0-25%
2.0,8.436418249284754,6.436418249284754,6.436418249284754,0-25%
2.0,8.436418249284754,6.436418249284754,6.436418249284754,0-25%
2.0,8.436418249284754,6.436418249284754,6.436418249284754,0-25%
2.0,8.132850571315583,6.132850571315583,6.132850571315583,0-25%
2.0,8.132850571315583,6.132850571315583,6.132850571315583,0-25%
2.0,8.132850571315583,6.132850571315583,6.132850571315583,0-25%
2.0,8.132850571315583,6.132850571315583,6.132850571315583,0-25%
2.0,8.25874378072373,6.25874378072373,6.25874378072373,0-25%
2.0,8.363312746897382,6.363312746897382,6.363312746897382,0-25%
2.0,7.405118389606401,5.405118389606401,5.405118389606401,0-25%
2.0,8.436418249284754,6.436418249284754,6.436418249284754,0-25%
2.0,8.436418249284754,6.436418249284754,6.436418249284754,0-25%
2.0,8.436418249284754,6.436418249284754,6.436418249284754,0-25%
2.0,8.371660497194865,6.371660497194865,6.371660497194865,0-25%
2.0,8.25874378072373,6.25874378072373,6.25874378072373,0-25%
2.0,8.25874378072373,6.25874378072373,6.25874378072373,0-25%
2.0,8.25874378072373,6.25874378072373,6.25874378072373,0-25%
2.0,8.643580846864172,6.643580846864172,6.643580846864172,0-25%
2.0,8.643580846864172,6.643580846864172,6.643580846864172,0-25%
2.0,8.643580846864172,6.643580846864172,6.643580846864172,0-25%
2.0,7.564411113089831,5.564411113089831,5.564411113089831,0-25%
2.0,7.405118389606401,5.405118389606401,5.405118389606401,0-25%
2.0,7.405118389606401,5.405118389606401,5.405118389606401,0-25%
2.0,8.371660497194865,6.371660497194865,6.371660497194865,0-25%
2.0,8.371660497194865,6.371660497194865,6.371660497194865,0-25%
2.0,8.371660497194865,6.371660497194865,6.371660497194865,0-25%
2.0,8.371660497194865,6.371660497194865,6.371660497194865,0-25%
2.0,8.627965960347096,6.627965960347096,6.627965960347096,0-25%
2.0,8.627965960347096,6.627965960347096,6.627965960347096,0-25%
2.0,8.627965960347096,6.627965960347096,6.627965960347096,0-25%
2.0,7.564411113089831,5.564411113089831,5.564411113089831,0-25%
2.0,7.405118389606401,5.405118389606401,5.405118389606401,0-25%
2.0,7.564411113089831,5.564411113089831,5.564411113089831,0-25%
2.0,7.564411113089831,5.564411113089831,5.564411113089831,0-25%
2.0,8.088982957342527,6.088982957342527,6.088982957342527,0-25%
2.0,7.725922504113826,5.725922504113826,5.725922504113826,0-25%
2.0,8.627965960347096,6.627965960347096,6.627965960347096,0-25%
2.0,8.627965960347096,6.627965960347096,6.627965960347096,0-25%
2.0,8.627965960347096,6.627965960347096,6.627965960347096,0-25%
2.0,8.627965960347096,6.627965960347096,6.627965960347096,0-25%
2.0,8.627965960347096,6.627965960347096,6.627965960347096,0-25%
2.0,7.682468579737112,5.682468579737112,5.682468579737112,0-25%
2.0,8.088982957342527,6.088982957342527,6.088982957342527,0-25%
2.0,7.987111870184698,5.987111870184698,5.987111870184698,0-25%
2.0,8.363312746897382,6.363312746897382,6.363312746897382,0-25%
2.0,9.168495018561904,7.168495018561904,7.168495018561904,0-25%
2.0,9.168495018561904,7.168495018561904,7.168495018561904,0-25%
2.0,9.168495018561904,7.168495018561904,7.168495018561904,0-25%
2.0,8.748122626458159,6.748122626458159,6.748122626458159,0-25%
2.0,8.627965960347096,6.627965960347096,6.627965960347096,0-25%
2.0,8.281480551279897,6.281480551279897,6.281480551279897,0-25%
2.0,8.281480551279897,6.281480551279897,6.281480551279897,0-25%
2.0,7.828066687283609,5.828066687283609,5.828066687283609,0-25%
2.0,9.168495018561904,7.168495018561904,7.168495018561904,0-25%
2.0,9.266824676472101,7.266824676472101,7.266824676472101,0-25%
2.0,9.266824676472101,7.266824676472101,7.266824676472101,0-25%
2.0,9.168495018561904,7.168495018561904,7.168495018561904,0-25%
2.0,8.748122626458159,6.748122626458159,6.748122626458159,0-25%
2.0,9.531875720041693,7.531875720041693,7.531875720041693,0-25%
2.0,9.497215408363903,7.497215408363903,7.497215408363903,0-25%
2.0,9.168495018561904,7.168495018561904,7.168495018561904,0-25%
2.0,8.627965960347096,6.627965960347096,6.627965960347096,0-25%
2.0,9.470833652982936,7.470833652982936,7.470833652982936,0-25%
2.0,9.531875720041693,7.531875720041693,7.531875720041693,0-25%
2.0,8.748122626458159,6.748122626458159,6.748122626458159,0-25%
2.0,8.627965960347096,6.627965960347096,6.627965960347096,0-25%
2.0,9.497215408363903,7.497215408363903,7.497215408363903,0-25%
2.0,9.497215408363903,7.497215408363903,7.497215408363903,0-25%
2.0,9.497215408363903,7.497215408363903,7.497215408363903,0-25%
2.0,8.643580846864172,6.643580846864172,6.643580846864172,0-25%
3.0,9.450569356920532,6.450569356920532,6.450569356920532,0-25%
3.0,9.476900055459284,6.476900055459284,6.476900055459284,0-25%
3.0,9.503724026162114,6.503724026162114,6.503724026162114,0-25%
3.0,9.781959742619046,6.781959742619046,6.781959742619046,0-25%
3.0,9.476900055459284,6.476900055459284,6.476900055459284,0-25%
3.0,9.450569356920532,6.450569356920532,6.450569356920532,0-25%
3.0,9.197294900044277,6.197294900044277,6.197294900044277,0-25%
3.0,9.222987461736718,6.222987461736718,6.222987461736718,0-25%
3.0,9.222987461736718,6.222987461736718,6.222987461736718,0-25%
3.0,9.222987461736718,6.222987461736718,6.222987461736718,0-25%
2.0,9.602370328401276,7.6023703284012765,7.6023703284012765,0-25%
2.0,9.602370328401276,7.6023703284012765,7.6023703284012765,0-25%
2.5,9.63241086892875,7.1324108689287495,7.1324108689287495,0-25%
3.0,9.450569356920532,6.450569356920532,6.450569356920532,0-25%
3.0,9.24909990179308,6.24909990179308,6.24909990179308,0-25%
3.0,9.47732591322765,6.47732591322765,6.47732591322765,0-25%
3.0,9.47732591322765,6.47732591322765,6.47732591322765,0-25%
2.5,9.503724026162114,7.003724026162114,7.003724026162114,0-25%
2.5,9.222987461736718,6.722987461736718,6.722987461736718,0-25%
2.0,9.639908040966137,7.639908040966137,7.639908040966137,0-25%
2.0,9.63241086892875,7.6324108689287495,7.6324108689287495,0-25%
2.0,9.659199725666447,7.659199725666447,7.659199725666447,0-25%
2.5,9.659199725666447,7.159199725666447,7.159199725666447,0-25%
2.5,9.262595552102786,6.762595552102786,6.762595552102786,0-25%
2.5,9.288870839732466,6.788870839732466,6.788870839732466,0-25%
2.6666666666666665,9.288870839732466,6.6222041730658,6.6222041730658,0-25%
3.0,9.24909990179308,6.24909990179308,6.24909990179308,0-25%
2.6666666666666665,9.47732591322765,6.810659246560984,6.810659246560984,0-25%
2.6666666666666665,9.476900055459284,6.810233388792618,6.810233388792618,0-25%
2.6666666666666665,9.197294900044277,6.530628233377611,6.530628233377611,0-25%
2.5,9.078036823481135,6.578036823481135,6.578036823481135,0-25%
2.0,9.639908040966137,7.639908040966137,7.639908040966137,0-25%
2.0,9.754862363610268,7.754862363610268,7.754862363610268,0-25%
2.0,9.754862363610268,7.754862363610268,7.754862363610268,0-25%
3.0,9.675407744906071,6.675407744906071,6.675407744906071,0-25%
3.0,9.659199725666447,6.659199725666447,6.659199725666447,0-25%
3.0,9.659199725666447,6.659199725666447,6.659199725666447,0-25%
3.0,9.659199725666447,6.659199725666447,6.659199725666447,0-25%
2.6666666666666665,9.288870839732466,6.6222041730658,6.6222041730658,0-25%
2.6666666666666665,9.288870839732466,6.6222041730658,6.6222041730658,0-25%
2.6666666666666665,9.24909990179308,6.582433235126414,6.582433235126414,0-25%
2.6666666666666665,9.450569356920532,6.783902690253866,6.783902690253866,0-25%
2.6666666666666665,9.450569356920532,6.783902690253866,6.783902690253866,0-25%
2.5,9.354792854393462,6.854792854393462,6.854792854393462,0-25%
2.0,9.809564756575861,7.8095647565758615,7.8095647565758615,0-25%
2.0,9.781959742619046,7.781959742619046,7.781959742619046,0-25%
2.0,9.639908040966137,7.639908040966137,7.639908040966137,0-25%
4.0,9.359472923765596,5.359472923765596,5.359472923765596,0-25%
4.0,9.659199725666447,5.659199725666447,5.659199725666447,0-25%
3.0,9.675407744906071,6.675407744906071,6.675407744906071,0-25%
3.0,9.659199725666447,6.659199725666447,6.659199725666447,0-25%
3.0,9.248683320420307,6.248683320420307,6.248683320420307,0-25%
2.6666666666666665,9.262595552102786,6.59592888543612,6.59592888543612,0-25%
2.6666666666666665,9.288870839732466,6.6222041730658,6.6222041730658,0-25%
2.5,9.503724026162114,7.003724026162114,7.003724026162114,0-25%
2.6666666666666665,9.222926179519789,6.5562595128531225,6.5562595128531225,0-25%
2.6666666666666665,9.248683320420307,6.582016653753641,6.582016653753641,0-25%
2.5,9.302391859482567,6.802391859482567,6.802391859482567,0-25%
2.5,9.32834921788242,6.828349217882421,6.828349217882421,0-25%
2.5,9.354792854393462,6.854792854393462,6.854792854393462,0-25%
2.0,9.754862363610268,7.754862363610268,7.754862363610268,0-25%
2.0,9.781959742619046,7.781959742619046,7.781959742619046,0-25%
4.0,9.064597954738945,5.064597954738945,5.064597954738945,0-25%
4.0,9.068771487414322,5.068771487414322,5.068771487414322,0-25%
3.0,9.039303459873368,6.039303459873368,6.039303459873368,0-25%
3.0,9.064597954738945,6.064597954738945,6.064597954738945,0-25%
3.0,9.476900055459284,6.476900055459284,6.476900055459284,0-25%
3.0,9.476900055459284,6.476900055459284,6.476900055459284,0-25%
2.5,9.32834921788242,6.828349217882421,6.828349217882421,0-25%
2.5,9.32834921788242,6.828349217882421,6.828349217882421,0-25%
3.333333333333333,9.412303659593022,6.078970326259689,6.078970326259689,0-25%
3.0,9.290531040559612,6.290531040559612,6.290531040559612,0-25%
3.0,9.264668727356439,6.2646687273564385,6.2646687273564385,0-25%
3.0,9.290531040559612,6.290531040559612,6.290531040559612,0-25%
3.0,9.252657192424678,6.252657192424678,6.252657192424678,0-25%
3.0,9.290531040559612,6.290531040559612,6.290531040559612,0-25%
2.0,9.781959742619046,7.781959742619046,7.781959742619046,0-25%
2.0,9.781959742619046,7.781959742619046,7.781959742619046,0-25%
4.0,9.07403948344775,5.07403948344775,5.07403948344775,0-25%
4.0,9.064597954738945,5.064597954738945,5.064597954738945,0-25%
4.0,9.039303459873368,5.039303459873368,5.039303459873368,0-25%
3.0,9.064597954738945,6.064597954738945,6.064597954738945,0-25%
3.0,9.039303459873368,6.039303459873368,6.039303459873368,0-25%
3.0,9.417134369802447,6.417134369802447,6.417134369802447,0-25%
3.0,10.025917457941112,7.025917457941112,7.025917457941112,0-25%
3.0,9.758634676034351,6.758634676034351,6.758634676034351,0-25%
3.0,9.264668727356439,6.2646687273564385,6.2646687273564385,0-25%
3.5,9.18549401811052,5.68549401811052,5.68549401811052,0-25%
3.5,9.264668727356439,5.7646687273564385,5.7646687273564385,0-25%
3.0,9.264668727356439,6.2646687273564385,6.2646687273564385,0-25%
3.0,9.290531040559612,6.290531040559612,6.290531040559612,0-25%
3.0,9.264668727356439,6.2646687273564385,6.2646687273564385,0-25%
3.0,9.476900055459284,6.476900055459284,6.476900055459284,0-25%
2.0,9.754862363610268,7.754862363610268,7.754862363610268,0-25%
4.0,9.068771487414322,5.068771487414322,5.068771487414322,0-25%
4.0,9.039303459873368,5.039303459873368,5.039303459873368,0-25%
4.0,9.039303459873368,5.039303459873368,5.039303459873368,0-25%
4.0,9.064597954738945,5.064597954738945,5.064597954738945,0-25%
3.0,9.064597954738945,6.064597954738945,6.064597954738945,0-25%
3.0,9.166517578656752,6.166517578656752,6.166517578656752,0-25%
4.0,9.985545071921369,5.9855450719213685,5.9855450719213685,0-25%
3.5,9.290531040559612,5.790531040559612,5.790531040559612,0-25%
3.5,9.290531040559612,5.790531040559612,5.790531040559612,0-25%
3.5,9.290531040559612,5.790531040559612,5.790531040559612,0-25%
3.5,9.290531040559612,5.790531040559612,5.790531040559612,0-25%
4.0,9.22501813772666,5.225018137726661,5.225018137726661,0-25%
4.0,9.18549401811052,5.18549401811052,5.18549401811052,0-25%
4.0,9.343910159044945,5.343910159044945,5.343910159044945,0-25%
4.0,9.064597954738945,5.064597954738945,5.064597954738945,0-25%
4.0,9.064597954738945,5.064597954738945,5.064597954738945,0-25%
4.0,9.064597954738945,5.064597954738945,5.064597954738945,0-25%
4.0,9.985545071921369,5.9855450719213685,5.9855450719213685,0-25%
4.0,9.760836258410087,5.760836258410087,5.760836258410087,0-25%
4.0,9.22501813772666,5.225018137726661,5.225018137726661,0-25%
4.0,9.438537945916678,5.4385379459166785,5.4385379459166785,0-25%
4.0,9.438537945916678,5.4385379459166785,5.4385379459166785,0-25%
4.0,9.18549401811052,5.18549401811052,5.18549401811052,0-25%
4.0,9.18549401811052,5.18549401811052,5.18549401811052,0-25%
4.0,9.317913692660042,5.317913692660042,5.317913692660042,0-25%
4.0,9.985545071921369,5.9855450719213685,5.9855450719213685,0-25%
4.0,9.985545071921369,5.9855450719213685,5.9855450719213685,0-25%
4.0,9.412303659593022,5.412303659593022,5.412303659593022,0-25%
4.0,9.22501813772666,5.225018137726661,5.225018137726661,0-25%
4.0,9.255723877151864,5.255723877151864,5.255723877151864,0-25%
4.0,9.746248599141614,5.746248599141614,5.746248599141614,0-25%
4.0,9.835033151781325,5.8350331517813245,5.8350331517813245,0-25%
4.0,9.29552051897895,5.29552051897895,5.29552051897895,0-25%
2.0,8.552615804393675,6.552615804393675,6.552615804393675,0-25%
2.0,8.552615804393675,6.552615804393675,6.552615804393675,0-25%
2.0,8.552615804393675,6.552615804393675,6.552615804393675,0-25%
2.0,8.719050040086024,6.7190500400860245,6.7190500400860245,0-25%
2.0,8.719050040086024,6.7190500400860245,6.7190500400860245,0-25%
2.0,8.719050040086024,6.7190500400860245,6.7190500400860245,0-25%
2.0,8.046703096296843,6.046703096296843,6.046703096296843,0-25%
2.0,8.719050040086024,6.7190500400860245,6.7190500400860245,0-25%
2.0,8.719050040086024,6.7190500400860245,6.7190500400860245,0-25%
2.0,8.719050040086024,6.7190500400860245,6.7190500400860245,0-25%
2.0,8.719050040086024,6.7190500400860245,6.7190500400860245,0-25%
2.0,9.26469270090832,7.26469270090832,7.26469270090832,0-25%
2.0,9.26469270090832,7.26469270090832,7.26469270090832,0-25%
2.0,8.84034343220986,6.84034343220986,6.84034343220986,0-25%
2.0,8.719050040086024,6.7190500400860245,6.7190500400860245,0-25%
2.0,8.719050040086024,6.7190500400860245,6.7190500400860245,0-25%
2.0,8.552615804393675,6.552615804393675,6.552615804393675,0-25%
2.0,8.046703096296843,6.046703096296843,6.046703096296843,0-25%
8.0,9.227107607633688,1.2271076076336875,1.2271076076336875,25-50%
5.0,9.363952593349746,4.363952593349746,4.363952593349746,0-25%
2.0,9.363952593349746,7.363952593349746,7.363952593349746,0-25%
2.0,9.26469270090832,7.26469270090832,7.26469270090832,0-25%
2.0,8.84034343220986,6.84034343220986,6.84034343220986,0-25%
2.0,8.046703096296843,6.046703096296843,6.046703096296843,0-25%
2.0,8.046703096296843,6.046703096296843,6.046703096296843,0-25%
8.0,9.592582884927653,1.592582884927653,1.592582884927653,25-50%
8.0,9.557722786496587,1.557722786496587,1.557722786496587,25-50%
5.0,9.26469270090832,4.26469270090832,4.26469270090832,0-25%
2.0,8.719050040086024,6.7190500400860245,6.7190500400860245,0-25%
2.0,8.046703096296843,6.046703096296843,6.046703096296843,0-25%
8.0,9.531188963087429,1.5311889630874287,1.5311889630874287,25-50%
8.0,9.592582884927653,1.592582884927653,1.592582884927653,25-50%
5.0,8.84034343220986,3.8403434322098597,3.8403434322098597,0-25%
2.0,8.719050040086024,6.7190500400860245,6.7190500400860245,0-25%
2.0,8.274991390420858,6.274991390420858,6.274991390420858,0-25%
8.0,8.312112439856659,0.3121124398566586,0.3121124398566586,25-50%
8.0,9.557722786496587,1.557722786496587,1.557722786496587,25-50%
8.0,9.557722786496587,1.557722786496587,1.557722786496587,25-50%
8.0,9.557722786496587,1.557722786496587,1.557722786496587,25-50%
8.0,8.69916775921708,0.6991677592170795,0.6991677592170795,25-50%
8.0,9.592582884927653,1.592582884927653,1.592582884927653,25-50%
8.0,9.557722786496587,1.557722786496587,1.557722786496587,25-50%
8.0,9.505966425070483,1.5059664250704827,1.5059664250704827,25-50%
8.0,9.227107607633688,1.2271076076336875,1.2271076076336875,25-50%
8.0,8.69916775921708,0.6991677592170795,0.6991677592170795,25-50%
8.0,9.505966425070483,1.5059664250704827,1.5059664250704827,25-50%
3.0,8.800023609079304,5.800023609079304,5.800023609079304,0-25%
3.0,8.824715227163484,5.824715227163484,5.824715227163484,0-25%
3.0,8.546739365151575,5.546739365151575,5.546739365151575,0-25%
3.0,8.522746360071713,5.522746360071713,5.522746360071713,0-25%
3.0,8.546739365151575,5.546739365151575,5.546739365151575,0-25%
3.0,8.546739365151575,5.546739365151575,5.546739365151575,0-25%
3.0,8.291958129311794,5.291958129311794,5.291958129311794,0-25%
3.0,8.824715227163484,5.824715227163484,5.824715227163484,0-25%
3.0,8.824715227163484,5.824715227163484,5.824715227163484,0-25%
3.0,8.824715227163484,5.824715227163484,5.824715227163484,0-25%
3.0,8.794406124605418,5.794406124605418,5.794406124605418,0-25%
3.0,8.769790679801332,5.769790679801332,5.769790679801332,0-25%
3.0,8.533015213918912,5.533015213918912,5.533015213918912,0-25%
3.0,8.557034091856583,5.557034091856583,5.557034091856583,0-25%
3.0,8.315369652644309,5.315369652644309,5.315369652644309,0-25%
3.0,8.315369652644309,5.315369652644309,5.315369652644309,0-25%
3.0,8.791392344113579,5.791392344113579,5.791392344113579,0-25%
3.0,8.800023609079304,5.800023609079304,5.800023609079304,0-25%
3.0,8.800023609079304,5.800023609079304,5.800023609079304,0-25%
3.0,9.08274874688135,6.08274874688135,6.08274874688135,0-25%
3.0,8.769790679801332,5.769790679801332,5.769790679801332,0-25%
3.0,8.694433124968096,5.694433124968096,5.694433124968096,0-25%
3.0,8.769790679801332,5.769790679801332,5.769790679801332,0-25%
3.0,8.769790679801332,5.769790679801332,5.769790679801332,0-25%
3.0,8.794406124605418,5.794406124605418,5.794406124605418,0-25%
3.0,8.557034091856583,5.557034091856583,5.557034091856583,0-25%
3.0,8.744043939701779,5.744043939701779,5.744043939701779,0-25%
3.0,9.108152704180604,6.108152704180604,6.108152704180604,0-25%
3.0,8.732051716050732,5.732051716050732,5.732051716050732,0-25%
3.0,8.732051716050732,5.732051716050732,5.732051716050732,0-25%
3.0,8.732051716050732,5.732051716050732,5.732051716050732,0-25%
3.0,8.694433124968096,5.694433124968096,5.694433124968096,0-25%
3.0,8.769790679801332,5.769790679801332,5.769790679801332,0-25%
3.0,8.794406124605418,5.794406124605418,5.794406124605418,0-25%
3.0,8.533015213918912,5.533015213918912,5.533015213918912,0-25%
3.0,8.744043939701779,5.744043939701779,5.744043939701779,0-25%
3.0,8.744043939701779,5.744043939701779,5.744043939701779,0-25%
3.0,9.108152704180604,6.108152704180604,6.108152704180604,0-25%
3.0,8.732051716050732,5.732051716050732,5.732051716050732,0-25%
3.0,8.732051716050732,5.732051716050732,5.732051716050732,0-25%
3.0,8.694433124968096,5.694433124968096,5.694433124968096,0-25%
3.0,8.769790679801332,5.769790679801332,5.769790679801332,0-25%
3.0,8.769790679801332,5.769790679801332,5.769790679801332,0-25%
3.0,9.228152724200054,6.228152724200054,6.228152724200054,0-25%
3.0,8.732051716050732,5.732051716050732,5.732051716050732,0-25%
3.0,8.732051716050732,5.732051716050732,5.732051716050732,0-25%
3.0,8.794406124605418,5.794406124605418,5.794406124605418,0-25%
3.0,8.694433124968096,5.694433124968096,5.694433124968096,0-25%
3.0,8.683272229767814,5.683272229767814,5.683272229767814,0-25%
3.0,8.73401771467969,5.734017714679689,5.734017714679689,0-25%
3.0,9.269916613215102,6.269916613215102,6.269916613215102,0-25%
3.0,8.758543027824123,5.758543027824123,5.758543027824123,0-25%
3.0,8.73401771467969,5.734017714679689,5.734017714679689,0-25%
3.0,8.758543027824123,5.758543027824123,5.758543027824123,0-25%
3.0,9.244106108492403,6.244106108492403,6.244106108492403,0-25%
2.0,6.759892933200933,4.759892933200933,4.759892933200933,0-25%
2.0,6.759892933200933,4.759892933200933,4.759892933200933,0-25%
2.0,7.638583894878854,5.638583894878854,5.638583894878854,0-25%
2.0,6.759892933200933,4.759892933200933,4.759892933200933,0-25%
2.0,6.719883500213071,4.719883500213071,4.719883500213071,0-25%
2.0,7.638583894878854,5.638583894878854,5.638583894878854,0-25%
2.0,7.638583894878854,5.638583894878854,5.638583894878854,0-25%
2.0,7.638583894878854,5.638583894878854,5.638583894878854,0-25%
2.0,7.638583894878854,5.638583894878854,5.638583894878854,0-25%
5.0,6.759892933200933,1.7598929332009332,1.7598929332009332,0-25%
5.0,6.759892933200933,1.7598929332009332,1.7598929332009332,0-25%
5.0,6.759892933200933,1.7598929332009332,1.7598929332009332,0-25%
5.0,6.759892933200933,1.7598929332009332,1.7598929332009332,0-25%
2.0,6.046869889389908,4.046869889389908,4.046869889389908,0-25%
2.0,6.719883500213071,4.719883500213071,4.719883500213071,0-25%
2.0,6.719883500213071,4.719883500213071,4.719883500213071,0-25%
2.0,7.638583894878854,5.638583894878854,5.638583894878854,0-25%
2.0,7.666509888014202,5.666509888014202,5.666509888014202,0-25%
2.0,7.666509888014202,5.666509888014202,5.666509888014202,0-25%
2.0,7.5798145286108225,5.5798145286108225,5.5798145286108225,0-25%
5.0,7.173089913679404,2.173089913679404,2.173089913679404,0-25%
5.0,7.1665589891227155,2.1665589891227155,2.1665589891227155,0-25%
5.0,5.927673928470596,0.9276739284705959,0.9276739284705959,0-25%
5.0,5.927673928470596,0.9276739284705959,0.9276739284705959,0-25%
5.0,5.927673928470596,0.9276739284705959,0.9276739284705959,0-25%
5.0,6.719883500213071,1.7198835002130712,1.7198835002130712,0-25%
2.0,6.719883500213071,4.719883500213071,4.719883500213071,0-25%
2.0,6.046869889389908,4.046869889389908,4.046869889389908,0-25%
2.0,6.719883500213071,4.719883500213071,4.719883500213071,0-25%
2.0,6.719883500213071,4.719883500213071,4.719883500213071,0-25%
2.0,7.666509888014202,5.666509888014202,5.666509888014202,0-25%
2.0,7.19669899728509,5.19669899728509,5.19669899728509,0-25%
2.0,7.388923894066548,5.388923894066548,5.388923894066548,0-25%
2.0,7.3504989403328045,5.3504989403328045,5.3504989403328045,0-25%
5.0,7.173530489104479,2.173530489104479,2.173530489104479,0-25%
5.0,7.173089913679404,2.173089913679404,2.173089913679404,0-25%
5.0,7.173089913679404,2.173089913679404,2.173089913679404,0-25%
5.0,6.290726596523475,1.2907265965234753,1.2907265965234753,0-25%
5.0,5.927673928470596,0.9276739284705959,0.9276739284705959,0-25%
5.0,6.759892933200933,1.7598929332009332,1.7598929332009332,0-25%
5.0,6.759892933200933,1.7598929332009332,1.7598929332009332,0-25%
3.5,6.719883500213071,3.2198835002130712,3.2198835002130712,0-25%
2.0,6.719883500213071,4.719883500213071,4.719883500213071,0-25%
2.0,6.726057211416709,4.726057211416709,4.726057211416709,0-25%
2.0,6.726057211416709,4.726057211416709,4.726057211416709,0-25%
2.0,7.666509888014202,5.666509888014202,5.666509888014202,0-25%
2.0,7.3504989403328045,5.3504989403328045,5.3504989403328045,0-25%
2.0,7.350949079100282,5.350949079100282,5.350949079100282,0-25%
5.0,7.1769198442205875,2.1769198442205875,2.1769198442205875,0-25%
5.0,7.173089913679404,2.173089913679404,2.173089913679404,0-25%
5.0,7.173089913679404,2.173089913679404,2.173089913679404,0-25%
5.0,6.759892933200933,1.7598929332009332,1.7598929332009332,0-25%
5.0,6.759892933200933,1.7598929332009332,1.7598929332009332,0-25%
5.0,6.759892933200933,1.7598929332009332,1.7598929332009332,0-25%
5.0,6.719883500213071,1.7198835002130712,1.7198835002130712,0-25%
2.0,6.726057211416709,4.726057211416709,4.726057211416709,0-25%
2.0,6.726057211416709,4.726057211416709,4.726057211416709,0-25%
2.0,6.719883500213071,4.719883500213071,4.719883500213071,0-25%
2.0,7.3504989403328045,5.3504989403328045,5.3504989403328045,0-25%
2.0,7.350949079100282,5.350949079100282,5.350949079100282,0-25%
5.0,7.21720244190716,2.21720244190716,2.21720244190716,0-25%
5.0,7.176479086100095,2.1764790861000947,2.1764790861000947,0-25%
5.0,7.1665589891227155,2.1665589891227155,2.1665589891227155,0-25%
5.0,7.1665589891227155,2.1665589891227155,2.1665589891227155,0-25%
5.0,6.759892933200933,1.7598929332009332,1.7598929332009332,0-25%
5.0,6.7660986405719585,1.7660986405719585,1.7660986405719585,0-25%
2.0,6.818682373580575,4.818682373580575,4.818682373580575,0-25%
2.0,6.782869376316866,4.782869376316866,4.782869376316866,0-25%
5.0,7.173089913679404,2.173089913679404,2.173089913679404,0-25%
5.0,7.1665589891227155,2.1665589891227155,2.1665589891227155,0-25%
5.0,7.173089913679404,2.173089913679404,2.173089913679404,0-25%
5.0,6.759892933200933,1.7598929332009332,1.7598929332009332,0-25%
2.0,8.710040895358647,6.710040895358647,6.710040895358647,0-25%
2.0,8.734505797784784,6.734505797784784,6.734505797784784,0-25%
2.0,8.77657838788142,6.77657838788142,6.77657838788142,0-25%
2.0,8.801210934633652,6.801210934633652,6.801210934633652,0-25%
2.0,8.77657838788142,6.77657838788142,6.77657838788142,0-25%
2.0,8.801210934633652,6.801210934633652,6.801210934633652,0-25%
2.0,8.77657838788142,6.77657838788142,6.77657838788142,0-25%
2.0,8.801210934633652,6.801210934633652,6.801210934633652,0-25%
2.0,8.765138007686181,6.765138007686181,6.765138007686181,0-25%
2.0,8.801210934633652,6.801210934633652,6.801210934633652,0-25%
2.0,8.77657838788142,6.77657838788142,6.77657838788142,0-25%
2.0,8.710040895358647,6.710040895358647,6.710040895358647,0-25%
2.0,8.77657838788142,6.77657838788142,6.77657838788142,0-25%
2.0,8.77657838788142,6.77657838788142,6.77657838788142,0-25%
2.0,8.801210934633652,6.801210934633652,6.801210934633652,0-25%
2.0,8.77657838788142,6.77657838788142,6.77657838788142,0-25%
2.0,8.801210934633652,6.801210934633652,6.801210934633652,0-25%
2.0,9.039051597382802,7.039051597382802,7.039051597382802,0-25%
2.0,8.801210934633652,6.801210934633652,6.801210934633652,0-25%
2.0,8.801210934633652,6.801210934633652,6.801210934633652,0-25%
2.0,8.801210934633652,6.801210934633652,6.801210934633652,0-25%
2.0,8.801210934633652,6.801210934633652,6.801210934633652,0-25%
2.0,8.801210934633652,6.801210934633652,6.801210934633652,0-25%
2.0,8.74772005133708,6.74772005133708,6.74772005133708,0-25%
2.0,8.710040895358647,6.710040895358647,6.710040895358647,0-25%
2.0,8.652238728211135,6.652238728211135,6.652238728211135,0-25%
2.0,8.801210934633652,6.801210934633652,6.801210934633652,0-25%
2.0,8.74772005133708,6.74772005133708,6.74772005133708,0-25%
2.0,8.74772005133708,6.74772005133708,6.74772005133708,0-25%
2.0,8.801210934633652,6.801210934633652,6.801210934633652,0-25%
2.0,8.801210934633652,6.801210934633652,6.801210934633652,0-25%
2.0,8.710040895358647,6.710040895358647,6.710040895358647,0-25%
2.0,8.710040895358647,6.710040895358647,6.710040895358647,0-25%
2.0,8.62798058058815,6.627980580588151,6.627980580588151,0-25%
2.0,8.801210934633652,6.801210934633652,6.801210934633652,0-25%
2.0,8.801210934633652,6.801210934633652,6.801210934633652,0-25%
2.0,8.77657838788142,6.77657838788142,6.77657838788142,0-25%
2.0,8.74772005133708,6.74772005133708,6.74772005133708,0-25%
2.0,8.586795633145762,6.586795633145762,6.586795633145762,0-25%
2.0,8.623996544232275,6.623996544232275,6.623996544232275,0-25%
2.0,8.365392012505051,6.365392012505051,6.365392012505051,0-25%
4.0,8.666136766312594,4.666136766312594,4.666136766312594,0-25%
6.0,8.610950013366377,2.610950013366377,2.610950013366377,25-50%
6.0,8.623996544232275,2.6239965442322752,2.6239965442322752,25-50%
6.0,8.623996544232275,2.6239965442322752,2.6239965442322752,25-50%
2.0,8.3457286017137,6.3457286017137005,6.3457286017137005,0-25%
2.0,8.36927560226767,6.36927560226767,6.36927560226767,0-25%
4.0,8.755476725722776,4.755476725722776,4.755476725722776,0-25%
4.0,8.690491050231067,4.690491050231067,4.690491050231067,0-25%
4.0,8.690491050231067,4.690491050231067,4.690491050231067,0-25%
4.0,8.614935429783664,4.614935429783664,4.614935429783664,0-25%
6.0,8.586795633145762,2.586795633145762,2.586795633145762,25-50%
6.0,8.589533874683195,2.5895338746831946,2.5895338746831946,25-50%
6.0,8.612556257673283,2.6125562576732833,2.6125562576732833,25-50%
2.0,8.451463045970097,6.4514630459700975,6.4514630459700975,0-25%
2.0,8.374177621026417,6.374177621026417,6.374177621026417,0-25%
4.0,8.730959118853656,4.730959118853656,4.730959118853656,0-25%
4.0,8.755476725722776,4.755476725722776,4.755476725722776,0-25%
4.0,8.699581631878205,4.699581631878205,4.699581631878205,0-25%
4.0,8.623711688596064,4.623711688596064,4.623711688596064,0-25%
4.0,8.499205201435448,4.499205201435448,4.499205201435448,0-25%
6.0,8.623996544232275,2.6239965442322752,2.6239965442322752,25-50%
2.0,8.365392012505051,6.365392012505051,6.365392012505051,0-25%
2.0,8.374177621026417,6.374177621026417,6.374177621026417,0-25%
4.0,8.755476725722776,4.755476725722776,4.755476725722776,0-25%
4.0,8.755476725722776,4.755476725722776,4.755476725722776,0-25%
4.0,8.576534062275677,4.576534062275677,4.576534062275677,0-25%
4.0,8.259616516439813,4.259616516439813,4.259616516439813,0-25%
4.0,8.259616516439813,4.259616516439813,4.259616516439813,0-25%
6.0,8.630611449983617,2.6306114499836166,2.6306114499836166,25-50%
6.0,8.623996544232275,2.6239965442322752,2.6239965442322752,25-50%
2.0,8.341854772245703,6.3418547722457035,6.3418547722457035,0-25%
2.0,8.354432795379218,6.354432795379218,6.354432795379218,0-25%
2.0,8.420358363034936,6.420358363034936,6.420358363034936,0-25%
4.0,8.734994299993323,4.734994299993323,4.734994299993323,0-25%
4.0,8.755476725722776,4.755476725722776,4.755476725722776,0-25%
4.0,8.76384079423702,4.763840794237019,4.763840794237019,0-25%
4.0,8.672579534414606,4.672579534414606,4.672579534414606,0-25%
4.0,8.407680639995334,4.407680639995334,4.407680639995334,0-25%
6.0,8.583116345421281,2.5831163454212813,2.5831163454212813,25-50%
6.0,8.630611449983617,2.6306114499836166,2.6306114499836166,25-50%
2.0,8.405807947058571,6.405807947058571,6.405807947058571,0-25%
2.0,8.420358363034936,6.420358363034936,6.420358363034936,0-25%
4.0,8.777094869028229,4.777094869028229,4.777094869028229,0-25%
4.0,8.767889610570785,4.767889610570785,4.767889610570785,0-25%
4.0,8.75223427130353,4.75223427130353,4.75223427130353,0-25%
6.0,8.407680639995334,2.407680639995334,2.407680639995334,25-50%
6.0,8.794711010072191,2.7947110100721915,2.7947110100721915,25-50%
2.0,8.39003792361113,6.39003792361113,6.39003792361113,0-25%
5.0,8.266714949218258,3.266714949218258,3.266714949218258,0-25%
5.0,8.620948245206936,3.620948245206936,3.620948245206936,0-25%
5.0,8.221772656131451,3.221772656131451,3.221772656131451,0-25%
5.0,8.238120117714539,3.238120117714539,3.238120117714539,0-25%
5.0,8.2483510732609,3.248351073260899,3.248351073260899,0-25%
5.0,8.243425705598408,3.2434257055984084,3.2434257055984084,0-25%
5.0,8.370867631420715,3.3708676314207153,3.3708676314207153,0-25%
5.0,8.245007343879895,3.2450073438798945,3.2450073438798945,0-25%
5.0,8.322622092788137,3.322622092788137,3.322622092788137,0-25%
5.0,8.328543561565555,3.3285435615655548,3.3285435615655548,0-25%
5.0,8.230895086097407,3.230895086097407,3.230895086097407,0-25%
5.0,8.264068886946504,3.2640688869465038,3.2640688869465038,0-25%
5.0,8.264068886946504,3.2640688869465038,3.2640688869465038,0-25%
5.0,8.355848613204163,3.355848613204163,3.355848613204163,0-25%
5.0,8.11632570748212,3.1163257074821207,3.1163257074821207,0-25%
5.0,8.230895086097407,3.230895086097407,3.230895086097407,0-25%
5.0,8.26791046058715,3.2679104605871494,3.2679104605871494,0-25%
5.0,8.287410142027777,3.2874101420277775,3.2874101420277775,0-25%
5.0,8.303873959361447,3.3038739593614466,3.3038739593614466,0-25%
5.0,8.2483510732609,3.248351073260899,3.248351073260899,0-25%
5.0,8.224406637484769,3.224406637484769,3.224406637484769,0-25%
5.0,8.224406637484769,3.224406637484769,3.224406637484769,0-25%
5.0,8.300017478754501,3.3000174787545014,3.3000174787545014,0-25%
5.0,8.287410142027777,3.2874101420277775,3.2874101420277775,0-25%
5.0,8.27664453873007,3.2766445387300696,3.2766445387300696,0-25%
5.0,8.266714949218258,3.266714949218258,3.266714949218258,0-25%
5.0,7.923900409026879,2.9239004090268788,2.9239004090268788,0-25%
5.0,8.34611087541158,3.346110875411579,3.346110875411579,0-25%
5.0,8.303873959361447,3.3038739593614466,3.3038739593614466,0-25%
5.0,8.223566479744811,3.223566479744811,3.223566479744811,0-25%
5.0,8.203013550158342,3.2030135501583423,3.2030135501583423,0-25%
4.0,8.266912305450967,4.266912305450967,4.266912305450967,0-25%
5.0,7.789737610083074,2.7897376100830744,2.7897376100830744,0-25%
5.0,7.789737610083074,2.7897376100830744,2.7897376100830744,0-25%
5.0,7.767647112892044,2.7676471128920443,2.7676471128920443,0-25%
5.0,7.789737610083074,2.7897376100830744,2.7897376100830744,0-25%
3.0,7.84424417815531,4.84424417815531,4.84424417815531,0-25%
3.0,7.811693325380901,4.811693325380901,4.811693325380901,0-25%
3.0,7.84424417815531,4.84424417815531,4.84424417815531,0-25%
3.0,7.828876407891566,4.828876407891566,4.828876407891566,0-25%
3.0,7.828876407891566,4.828876407891566,4.828876407891566,0-25%
4.0,8.305367360832452,4.305367360832452,4.305367360832452,0-25%
4.0,8.33880879861034,4.338808798610341,4.338808798610341,0-25%
4.0,8.273281774852245,4.273281774852245,4.273281774852245,0-25%
4.0,8.290260724658221,4.290260724658221,4.290260724658221,0-25%
4.0,8.266912305450967,4.266912305450967,4.266912305450967,0-25%
4.0,8.296252147133714,4.296252147133714,4.296252147133714,0-25%
5.0,7.789737610083074,2.7897376100830744,2.7897376100830744,0-25%
5.0,7.7079762105506395,2.7079762105506395,2.7079762105506395,0-25%
5.0,7.767647112892044,2.7676471128920443,2.7676471128920443,0-25%
5.0,7.7079762105506395,2.7079762105506395,2.7079762105506395,0-25%
5.0,7.767647112892044,2.7676471128920443,2.7676471128920443,0-25%
4.0,7.767647112892044,3.7676471128920443,3.7676471128920443,0-25%
3.0,7.84424417815531,4.84424417815531,4.84424417815531,0-25%
3.0,7.82201669425975,4.82201669425975,4.82201669425975,0-25%
3.0,7.84424417815531,4.84424417815531,4.84424417815531,0-25%
3.0,7.8066875465011245,4.8066875465011245,4.8066875465011245,0-25%
3.0,7.442474175651774,4.442474175651774,4.442474175651774,0-25%
3.0,7.442474175651774,4.442474175651774,4.442474175651774,0-25%
4.0,8.351209117491852,4.351209117491852,4.351209117491852,0-25%
4.0,8.342681364990575,4.342681364990575,4.342681364990575,0-25%
4.0,8.273281774852245,4.273281774852245,4.273281774852245,0-25%
4.0,8.273281774852245,4.273281774852245,4.273281774852245,0-25%
4.0,8.296646242235722,4.296646242235722,4.296646242235722,0-25%
4.0,8.296646242235722,4.296646242235722,4.296646242235722,0-25%
4.5,7.995759180394335,3.4957591803943346,3.4957591803943346,0-25%
5.0,7.789737610083074,2.7897376100830744,2.7897376100830744,0-25%
5.0,7.789737610083074,2.7897376100830744,2.7897376100830744,0-25%
5.0,7.789737610083074,2.7897376100830744,2.7897376100830744,0-25%
4.0,7.789737610083074,3.7897376100830744,3.7897376100830744,0-25%
4.0,7.789737610083074,3.7897376100830744,3.7897376100830744,0-25%
3.0,7.795976016564339,4.795976016564339,4.795976016564339,0-25%
3.0,7.761975763113767,4.761975763113767,4.761975763113767,0-25%
3.0,7.442474175651774,4.442474175651774,4.442474175651774,0-25%
3.0,7.442474175651774,4.442474175651774,4.442474175651774,0-25%
3.0,7.421256426006023,4.421256426006023,4.421256426006023,0-25%
4.0,8.281980975406093,4.281980975406093,4.281980975406093,0-25%
4.0,8.33880879861034,4.338808798610341,4.338808798610341,0-25%
4.0,8.296646242235722,4.296646242235722,4.296646242235722,0-25%
4.0,8.296646242235722,4.296646242235722,4.296646242235722,0-25%
4.0,8.296646242235722,4.296646242235722,4.296646242235722,0-25%
4.5,7.995759180394335,3.4957591803943346,3.4957591803943346,0-25%
5.0,7.319646533705793,2.319646533705793,2.319646533705793,0-25%
5.0,7.789737610083074,2.7897376100830744,2.7897376100830744,0-25%
5.0,7.741766922395185,2.7417669223951853,2.7417669223951853,0-25%
5.0,7.741766922395185,2.7417669223951853,2.7417669223951853,0-25%
4.0,7.789737610083074,3.7897376100830744,3.7897376100830744,0-25%
4.0,7.789737610083074,3.7897376100830744,3.7897376100830744,0-25%
3.0,7.761975763113767,4.761975763113767,4.761975763113767,0-25%
3.0,7.761975763113767,4.761975763113767,4.761975763113767,0-25%
3.0,7.421256426006023,4.421256426006023,4.421256426006023,0-25%
3.0,7.421256426006023,4.421256426006023,4.421256426006023,0-25%
3.0,7.421256426006023,4.421256426006023,4.421256426006023,0-25%
4.0,8.305367360832452,4.305367360832452,4.305367360832452,0-25%
4.0,8.300501324876667,4.300501324876667,4.300501324876667,0-25%
4.0,8.273281774852245,4.273281774852245,4.273281774852245,0-25%
4.0,8.273281774852245,4.273281774852245,4.273281774852245,0-25%
4.0,8.296646242235722,4.296646242235722,4.296646242235722,0-25%
4.5,8.17112865610148,3.67112865610148,3.67112865610148,0-25%
4.5,8.17112865610148,3.67112865610148,3.67112865610148,0-25%
5.0,7.319646533705793,2.319646533705793,2.319646533705793,0-25%
5.0,7.789737610083074,2.7897376100830744,2.7897376100830744,0-25%
3.0,8.636001225273635,5.636001225273635,5.636001225273635,0-25%
3.0,7.797974549508899,4.797974549508899,4.797974549508899,0-25%
3.0,7.772004839004355,4.772004839004355,4.772004839004355,0-25%
2.0,7.362381595260398,5.362381595260398,5.362381595260398,0-25%
3.0,7.366157741708072,4.366157741708072,4.366157741708072,0-25%
3.0,7.421256426006023,4.421256426006023,4.421256426006023,0-25%
3.0,7.421256426006023,4.421256426006023,4.421256426006023,0-25%
4.0,8.296646242235722,4.296646242235722,4.296646242235722,0-25%
4.0,8.296646242235722,4.296646242235722,4.296646242235722,0-25%
4.0,8.273281774852245,4.273281774852245,4.273281774852245,0-25%
4.0,8.296646242235722,4.296646242235722,4.296646242235722,0-25%
4.0,8.296646242235722,4.296646242235722,4.296646242235722,0-25%
4.0,8.296646242235722,4.296646242235722,4.296646242235722,0-25%
5.0,7.454707521706301,2.4547075217063012,2.4547075217063012,0-25%
5.0,7.319646533705793,2.319646533705793,2.319646533705793,0-25%
5.0,7.298737476287246,2.298737476287246,2.298737476287246,0-25%
3.0,8.583411987022943,5.583411987022943,5.583411987022943,0-25%
3.0,8.570420473599736,5.570420473599736,5.570420473599736,0-25%
2.0,7.394831250609388,5.394831250609388,5.394831250609388,0-25%
2.0,7.394831250609388,5.394831250609388,5.394831250609388,0-25%
2.0,7.383451007014983,5.383451007014983,5.383451007014983,0-25%
2.0,7.362381595260398,5.362381595260398,5.362381595260398,0-25%
3.0,7.387236667640341,4.387236667640341,4.387236667640341,0-25%
4.0,8.296646242235722,4.296646242235722,4.296646242235722,0-25%
4.0,8.273281774852245,4.273281774852245,4.273281774852245,0-25%
4.0,8.296646242235722,4.296646242235722,4.296646242235722,0-25%
4.0,8.296646242235722,4.296646242235722,4.296646242235722,0-25%
1.0,8.171039758877223,7.171039758877223,7.171039758877223,0-25%
1.0,8.18348912685023,7.18348912685023,7.18348912685023,0-25%
1.0,8.18348912685023,7.18348912685023,7.18348912685023,0-25%
1.0,8.150603874904052,7.150603874904052,7.150603874904052,0-25%
1.0,8.171039758877223,7.171039758877223,7.171039758877223,0-25%
1.0,8.030361148535151,7.030361148535151,7.030361148535151,0-25%
1.0,8.174842755705608,7.174842755705608,7.174842755705608,0-25%
1.0,8.147990967545852,7.1479909675458515,7.1479909675458515,0-25%
1.0,8.150603874904052,7.150603874904052,7.150603874904052,0-25%
1.0,8.172572482528954,7.172572482528954,7.172572482528954,0-25%
1.0,8.150603874904052,7.150603874904052,7.150603874904052,0-25%
1.0,8.038832466954247,7.038832466954247,7.038832466954247,0-25%
1.0,8.18321730956249,7.18321730956249,7.18321730956249,0-25%
1.0,8.120485291671391,7.120485291671391,7.120485291671391,0-25%
1.0,8.18348912685023,7.18348912685023,7.18348912685023,0-25%
1.0,8.171039758877223,7.171039758877223,7.171039758877223,0-25%
1.0,7.890448669531322,6.890448669531322,6.890448669531322,0-25%
1.0,7.890448669531322,6.890448669531322,6.890448669531322,0-25%
1.0,8.189801256614967,7.189801256614967,7.189801256614967,0-25%
1.0,8.18348912685023,7.18348912685023,7.18348912685023,0-25%
5.0,6.760755560445977,1.7607555604459773,1.7607555604459773,0-25%
5.0,6.745108637010019,1.745108637010019,1.745108637010019,0-25%
5.0,6.7014330486110865,1.7014330486110865,1.7014330486110865,0-25%
5.0,6.745108637010019,1.745108637010019,1.745108637010019,0-25%
5.0,6.643769383057653,1.643769383057653,1.643769383057653,0-25%
5.0,6.781346264914173,1.7813462649141734,1.7813462649141734,0-25%
5.0,6.760755560445977,1.7607555604459773,1.7607555604459773,0-25%
5.0,6.849275568179752,1.8492755681797517,1.8492755681797517,0-25%
5.0,6.902056014434228,1.902056014434228,1.902056014434228,0-25%
5.0,6.8091555978570435,1.8091555978570435,1.8091555978570435,0-25%
5.0,6.831662682313837,1.831662682313837,1.831662682313837,0-25%
5.0,6.643769383057653,1.643769383057653,1.643769383057653,0-25%
5.0,6.643769383057653,1.643769383057653,1.643769383057653,0-25%
5.0,7.056586099227296,2.056586099227296,2.056586099227296,0-25%
5.0,6.9562215858629886,1.9562215858629886,1.9562215858629886,0-25%
5.0,6.858152132160854,1.8581521321608543,1.8581521321608543,0-25%
5.0,6.78318273457726,1.7831827345772604,1.7831827345772604,0-25%
5.0,6.697164480428262,1.6971644804282624,1.6971644804282624,0-25%
5.0,6.44615017266043,1.4461501726604302,1.4461501726604302,0-25%
5.0,6.643769383057653,1.643769383057653,1.643769383057653,0-25%
5.0,6.643769383057653,1.643769383057653,1.643769383057653,0-25%
5.0,7.056586099227296,2.056586099227296,2.056586099227296,0-25%
5.0,6.849275568179752,1.8492755681797517,1.8492755681797517,0-25%
5.0,6.849275568179752,1.8492755681797517,1.8492755681797517,0-25%
5.0,6.78318273457726,1.7831827345772604,1.7831827345772604,0-25%
5.0,6.78318273457726,1.7831827345772604,1.7831827345772604,0-25%
5.0,6.78318273457726,1.7831827345772604,1.7831827345772604,0-25%
5.0,6.78318273457726,1.7831827345772604,1.7831827345772604,0-25%
5.0,6.849275568179752,1.8492755681797517,1.8492755681797517,0-25%
5.0,6.858152132160854,1.8581521321608543,1.8581521321608543,0-25%
5.0,6.805385896181632,1.8053858961816323,1.8053858961816323,0-25%
5.0,6.78318273457726,1.7831827345772604,1.7831827345772604,0-25%
5.0,6.8091555978570435,1.8091555978570435,1.8091555978570435,0-25%
5.0,6.906613576587498,1.9066135765874979,1.9066135765874979,0-25%
5.0,6.8091555978570435,1.8091555978570435,1.8091555978570435,0-25%
5.0,6.858152132160854,1.8581521321608543,1.8581521321608543,0-25%
5.0,7.015822181172135,2.015822181172135,2.015822181172135,0-25%
5.0,7.015822181172135,2.015822181172135,2.015822181172135,0-25%
5.0,7.015822181172135,2.015822181172135,2.015822181172135,0-25%
4.0,7.436080954345482,3.436080954345482,3.436080954345482,0-25%
4.0,7.360189857843009,3.360189857843009,3.360189857843009,0-25%
4.0,7.064216168031416,3.0642161680314164,3.0642161680314164,0-25%
4.0,7.488540479799288,3.488540479799288,3.488540479799288,0-25%
4.0,7.345395951638397,3.3453959516383973,3.3453959516383973,0-25%
4.0,7.33572229441817,3.3357222944181704,3.3357222944181704,0-25%
4.0,7.355602393457131,3.355602393457131,3.355602393457131,0-25%
4.0,7.1641312269537725,3.1641312269537725,3.1641312269537725,0-25%
4.0,7.025785529057872,3.025785529057872,3.025785529057872,0-25%
4.0,6.839546321975272,2.8395463219752717,2.8395463219752717,0-25%
4.0,6.93421392498472,2.9342139249847197,2.9342139249847197,0-25%
4.0,7.396163964314957,3.3961639643149573,3.3961639643149573,0-25%
4.0,7.492060461543022,3.492060461543022,3.492060461543022,0-25%
4.0,7.345395951638397,3.3453959516383973,3.3453959516383973,0-25%
4.0,7.355602393457131,3.355602393457131,3.355602393457131,0-25%
4.0,6.7852896036354355,2.7852896036354355,2.7852896036354355,0-25%
4.0,7.0817182954770805,3.0817182954770805,3.0817182954770805,0-25%
4.0,7.119694648116642,3.119694648116642,3.119694648116642,0-25%
4.0,7.396163964314957,3.3961639643149573,3.3961639643149573,0-25%
4.0,7.396163964314957,3.3961639643149573,3.3961639643149573,0-25%
4.0,7.355602393457131,3.355602393457131,3.355602393457131,0-25%
4.0,7.345395951638397,3.3453959516383973,3.3453959516383973,0-25%
4.0,7.3567245368167375,3.3567245368167375,3.3567245368167375,0-25%
4.0,7.413833697455093,3.413833697455093,3.413833697455093,0-25%
4.0,7.392687927478272,3.3926879274782724,3.3926879274782724,0-25%
4.0,7.385382383544808,3.3853823835448082,3.3853823835448082,0-25%
4.0,7.492060461543022,3.492060461543022,3.492060461543022,0-25%
4.0,7.488540479799288,3.488540479799288,3.488540479799288,0-25%
4.0,7.324422180405884,3.324422180405884,3.324422180405884,0-25%
4.0,7.3567245368167375,3.3567245368167375,3.3567245368167375,0-25%
4.0,7.33572229441817,3.3357222944181704,3.3357222944181704,0-25%
4.0,7.360189857843009,3.360189857843009,3.360189857843009,0-25%
4.0,7.355602393457131,3.355602393457131,3.355602393457131,0-25%
4.0,7.0817182954770805,3.0817182954770805,3.0817182954770805,0-25%
4.0,7.344275329484447,3.3442753294844474,3.3442753294844474,0-25%
4.0,7.436080954345482,3.436080954345482,3.436080954345482,0-25%
4.0,7.436080954345482,3.436080954345482,3.436080954345482,0-25%
4.0,7.488540479799288,3.488540479799288,3.488540479799288,0-25%
4.0,7.488540479799288,3.488540479799288,3.488540479799288,0-25%
4.0,7.488540479799288,3.488540479799288,3.488540479799288,0-25%
4.0,7.488540479799288,3.488540479799288,3.488540479799288,0-25%
4.0,7.436080954345482,3.436080954345482,3.436080954345482,0-25%
4.0,7.569306411986773,3.569306411986773,3.569306411986773,0-25%
4.0,7.569306411986773,3.569306411986773,3.569306411986773,0-25%
4.0,7.5908971805003365,3.5908971805003365,3.5908971805003365,0-25%
4.0,7.1764060836495736,3.1764060836495736,3.1764060836495736,0-25%
4.0,7.5908971805003365,3.5908971805003365,3.5908971805003365,0-25%
4.0,7.5908971805003365,3.5908971805003365,3.5908971805003365,0-25%
4.0,7.44128287221795,3.4412828722179496,3.4412828722179496,0-25%
4.0,7.44128287221795,3.4412828722179496,3.4412828722179496,0-25%
4.0,7.088539149225668,3.088539149225668,3.088539149225668,0-25%
4.0,7.1764060836495736,3.1764060836495736,3.1764060836495736,0-25%
4.0,7.1764060836495736,3.1764060836495736,3.1764060836495736,0-25%
4.0,7.569306411986773,3.569306411986773,3.569306411986773,0-25%
4.0,7.5908971805003365,3.5908971805003365,3.5908971805003365,0-25%
4.0,7.231901385528553,3.2319013855285528,3.2319013855285528,0-25%
4.0,7.231901385528553,3.2319013855285528,3.2319013855285528,0-25%
4.0,7.088539149225668,3.088539149225668,3.088539149225668,0-25%
4.0,7.1764060836495736,3.1764060836495736,3.1764060836495736,0-25%
4.0,7.146313179689501,3.1463131796895007,3.1463131796895007,0-25%
4.0,7.1764060836495736,3.1764060836495736,3.1764060836495736,0-25%
4.0,7.5908971805003365,3.5908971805003365,3.5908971805003365,0-25%
4.0,7.5908971805003365,3.5908971805003365,3.5908971805003365,0-25%
4.0,7.231901385528553,3.2319013855285528,3.2319013855285528,0-25%
4.0,7.211212850500471,3.2112128505004707,3.2112128505004707,0-25%
4.0,7.231901385528553,3.2319013855285528,3.2319013855285528,0-25%
4.0,7.155857020226294,3.1558570202262937,3.1558570202262937,0-25%
4.0,7.1764060836495736,3.1764060836495736,3.1764060836495736,0-25%
4.0,7.569306411986773,3.569306411986773,3.569306411986773,0-25%
4.0,7.231901385528553,3.2319013855285528,3.2319013855285528,0-25%
4.0,7.231901385528553,3.2319013855285528,3.2319013855285528,0-25%
4.0,7.231901385528553,3.2319013855285528,3.2319013855285528,0-25%
4.0,7.231901385528553,3.2319013855285528,3.2319013855285528,0-25%
4.0,7.159272624924927,3.1592726249249274,3.1592726249249274,0-25%
4.0,7.088468712778718,3.0884687127787176,3.0884687127787176,0-25%
4.0,7.231901385528553,3.2319013855285528,3.2319013855285528,0-25%
4.0,7.231901385528553,3.2319013855285528,3.2319013855285528,0-25%
4.0,7.211212850500471,3.2112128505004707,3.2112128505004707,0-25%
4.0,7.211212850500471,3.2112128505004707,3.2112128505004707,0-25%
5.0,7.438750964612179,2.438750964612179,2.438750964612179,0-25%
5.0,7.438750964612179,2.438750964612179,2.438750964612179,0-25%
5.0,7.438750964612179,2.438750964612179,2.438750964612179,0-25%
5.0,7.4175425721948995,2.4175425721948995,2.4175425721948995,0-25%
5.0,7.438750964612179,2.438750964612179,2.438750964612179,0-25%
4.0,7.211212850500471,3.2112128505004707,3.2112128505004707,0-25%
4.0,7.211212850500471,3.2112128505004707,3.2112128505004707,0-25%
4.0,7.211212850500471,3.2112128505004707,3.2112128505004707,0-25%
5.0,7.60046187016786,2.6004618701678597,2.6004618701678597,0-25%
5.0,7.438750964612179,2.438750964612179,2.438750964612179,0-25%
5.0,7.438750964612179,2.438750964612179,2.438750964612179,0-25%
5.0,7.438750964612179,2.438750964612179,2.438750964612179,0-25%
5.0,7.438750964612179,2.438750964612179,2.438750964612179,0-25%
5.0,7.435796648703627,2.4357966487036267,2.4357966487036267,0-25%
5.0,7.424360871389086,2.4243608713890863,2.4243608713890863,0-25%
5.0,7.438750964612179,2.438750964612179,2.438750964612179,0-25%
5.0,7.438750964612179,2.438750964612179,2.438750964612179,0-25%
5.0,7.438750964612179,2.438750964612179,2.438750964612179,0-25%
5.0,7.438750964612179,2.438750964612179,2.438750964612179,0-25%
5.0,7.4175425721948995,2.4175425721948995,2.4175425721948995,0-25%
5.0,7.457051033120887,2.4570510331208872,2.4570510331208872,0-25%
5.0,6.9500218088923225,1.9500218088923225,1.9500218088923225,0-25%
5.0,7.294620710841394,2.294620710841394,2.294620710841394,0-25%
5.0,7.5159500426653345,2.5159500426653345,2.5159500426653345,0-25%
5.0,7.4175425721948995,2.4175425721948995,2.4175425721948995,0-25%
5.0,7.4175425721948995,2.4175425721948995,2.4175425721948995,0-25%
5.0,7.424360871389086,2.4243608713890863,2.4243608713890863,0-25%
5.0,7.457051033120887,2.4570510331208872,2.4570510331208872,0-25%
5.0,7.424360871389086,2.4243608713890863,2.4243608713890863,0-25%
5.0,7.202720439472265,2.202720439472265,2.202720439472265,0-25%
5.0,7.5159500426653345,2.5159500426653345,2.5159500426653345,0-25%
5.0,7.438750964612179,2.438750964612179,2.438750964612179,0-25%
5.0,7.457051033120887,2.4570510331208872,2.4570510331208872,0-25%
5.0,7.445586442830255,2.4455864428302547,2.4455864428302547,0-25%
5.0,7.438750964612179,2.438750964612179,2.438750964612179,0-25%
5.0,7.202720439472265,2.202720439472265,2.202720439472265,0-25%
5.0,7.4175425721948995,2.4175425721948995,2.4175425721948995,0-25%
5.0,7.420419919387841,2.4204199193878413,2.4204199193878413,0-25%
5.0,7.348106438634141,2.348106438634141,2.348106438634141,0-25%
7.0,6.228777502009903,-0.771222497990097,0.771222497990097,25-50%
7.0,6.228777502009903,-0.771222497990097,0.771222497990097,25-50%
7.0,6.228777502009903,-0.771222497990097,0.771222497990097,25-50%
7.0,6.228777502009903,-0.771222497990097,0.771222497990097,25-50%
7.0,6.228777502009903,-0.771222497990097,0.771222497990097,25-50%
7.0,6.484769124329069,-0.5152308756709312,0.5152308756709312,25-50%
7.0,6.4083746954932765,-0.5916253045067235,0.5916253045067235,25-50%
7.0,6.228777502009903,-0.771222497990097,0.771222497990097,25-50%
7.0,6.441008709274375,-0.5589912907256247,0.5589912907256247,25-50%
7.0,6.441008709274375,-0.5589912907256247,0.5589912907256247,25-50%
7.0,6.352435828459152,-0.6475641715408482,0.6475641715408482,25-50%
7.0,6.484769124329069,-0.5152308756709312,0.5152308756709312,25-50%
7.0,6.441008709274375,-0.5589912907256247,0.5589912907256247,25-50%
7.0,6.352435828459152,-0.6475641715408482,0.6475641715408482,25-50%
7.0,6.352435828459152,-0.6475641715408482,0.6475641715408482,25-50%
7.0,6.352435828459152,-0.6475641715408482,0.6475641715408482,25-50%
7.0,6.441008709274375,-0.5589912907256247,0.5589912907256247,25-50%
7.0,6.407901709148211,-0.5920982908517889,0.5920982908517889,25-50%
7.0,6.4499126522942865,-0.5500873477057135,0.5500873477057135,25-50%
7.0,6.352435828459152,-0.6475641715408482,0.6475641715408482,25-50%
7.0,6.484769124329069,-0.5152308756709312,0.5152308756709312,25-50%
7.0,6.4083746954932765,-0.5916253045067235,0.5916253045067235,25-50%
7.0,6.5331677888503945,-0.4668322111496055,0.4668322111496055,25-50%
7.0,6.352435828459152,-0.6475641715408482,0.6475641715408482,25-50%
7.0,6.352435828459152,-0.6475641715408482,0.6475641715408482,25-50%
7.0,6.352435828459152,-0.6475641715408482,0.6475641715408482,25-50%
7.0,6.206961540608749,-0.7930384593912514,0.7930384593912514,25-50%
6.0,6.352435828459152,0.3524358284591518,0.3524358284591518,25-50%
6.0,6.352435828459152,0.3524358284591518,0.3524358284591518,25-50%
5.0,6.407901709148211,1.4079017091482111,1.4079017091482111,0-25%
5.0,6.352435828459152,1.3524358284591518,1.3524358284591518,0-25%
5.0,6.5331677888503945,1.5331677888503945,1.5331677888503945,0-25%
5.0,6.5331677888503945,1.5331677888503945,1.5331677888503945,0-25%
5.0,6.5331677888503945,1.5331677888503945,1.5331677888503945,0-25%
5.0,6.5331677888503945,1.5331677888503945,1.5331677888503945,0-25%
5.0,6.5331677888503945,1.5331677888503945,1.5331677888503945,0-25%
5.0,6.4499126522942865,1.4499126522942865,1.4499126522942865,0-25%
5.0,6.5331677888503945,1.5331677888503945,1.5331677888503945,0-25%
5.0,6.4992214711086715,1.4992214711086715,1.4992214711086715,0-25%
5.0,6.59281148317436,1.5928114831743603,1.5928114831743603,0-25%
5.0,6.4992214711086715,1.4992214711086715,1.4992214711086715,0-25%
5.0,6.4992214711086715,1.4992214711086715,1.4992214711086715,0-25%
5.0,6.5331677888503945,1.5331677888503945,1.5331677888503945,0-25%
5.0,6.4499126522942865,1.4499126522942865,1.4499126522942865,0-25%
5.0,6.395675348272556,1.3956753482725563,1.3956753482725563,0-25%
5.0,6.871414052747062,1.8714140527470624,1.8714140527470624,0-25%
5.0,6.871414052747062,1.8714140527470624,1.8714140527470624,0-25%
5.0,6.8459913811945015,1.8459913811945015,1.8459913811945015,0-25%
5.0,6.59281148317436,1.5928114831743603,1.5928114831743603,0-25%
5.0,6.4992214711086715,1.4992214711086715,1.4992214711086715,0-25%
5.0,6.395675348272556,1.3956753482725563,1.3956753482725563,0-25%
5.0,7.129292671906728,2.129292671906728,2.129292671906728,0-25%
5.0,6.975252578828156,1.9752525788281563,1.9752525788281563,0-25%
5.0,6.871414052747062,1.8714140527470624,1.8714140527470624,0-25%
5.0,6.4992214711086715,1.4992214711086715,1.4992214711086715,0-25%
5.0,6.5331677888503945,1.5331677888503945,1.5331677888503945,0-25%
5.0,6.5331677888503945,1.5331677888503945,1.5331677888503945,0-25%
5.0,6.261329980982585,1.2613299809825849,1.2613299809825849,0-25%
5.0,7.058748917504624,2.058748917504624,2.058748917504624,0-25%
5.0,6.871414052747062,1.8714140527470624,1.8714140527470624,0-25%
5.0,6.8459913811945015,1.8459913811945015,1.8459913811945015,0-25%
5.0,6.4992214711086715,1.4992214711086715,1.4992214711086715,0-25%
5.0,6.5331677888503945,1.5331677888503945,1.5331677888503945,0-25%
7.0,7.303902406821877,0.3039024068218774,0.3039024068218774,25-50%
7.0,7.358514519806127,0.3585145198061266,0.3585145198061266,25-50%
7.0,7.284947941030416,0.2849479410304161,0.2849479410304161,25-50%
7.0,7.382613700598146,0.3826137005981458,0.3826137005981458,25-50%
7.0,7.365516210174163,0.3655162101741629,0.3655162101741629,25-50%
7.0,7.403383937169313,0.40338393716931265,0.40338393716931265,25-50%
7.0,7.264126088622762,0.26412608862276166,0.26412608862276166,25-50%
7.0,7.306858560074149,0.3068585600741489,0.3068585600741489,25-50%
7.0,7.2337466257477425,0.23374662574774252,0.23374662574774252,25-50%
7.0,7.267958571345846,0.26795857134584633,0.26795857134584633,25-50%
6.0,7.253136311198599,1.253136311198599,1.253136311198599,25-50%
6.0,7.153387647187713,1.1533876471877127,1.1533876471877127,25-50%
6.0,7.224305814800138,1.2243058148001378,1.2243058148001378,25-50%
7.0,7.264126088622762,0.26412608862276166,0.26412608862276166,25-50%
7.0,7.306858560074149,0.3068585600741489,0.3068585600741489,25-50%
7.0,8.161808604101182,1.1618086041011821,1.1618086041011821,25-50%
7.0,8.10185577388679,1.1018557738867898,1.1018557738867898,25-50%
6.0,7.853353199944276,1.8533531999442756,1.8533531999442756,25-50%
6.0,7.222021731731645,1.2220217317316449,1.2220217317316449,25-50%
6.0,7.277440633610596,1.2774406336105963,1.2774406336105963,25-50%
6.0,7.277440633610596,1.2774406336105963,1.2774406336105963,25-50%
7.0,8.242008196204486,1.2420081962044858,1.2420081962044858,25-50%
7.0,8.285946493574315,1.2859464935743148,1.2859464935743148,25-50%
7.0,8.10185577388679,1.1018557738867898,1.1018557738867898,25-50%
7.0,7.930852670416094,0.930852670416094,0.930852670416094,25-50%
6.0,7.930852670416094,1.930852670416094,1.930852670416094,25-50%
6.0,7.650275490698689,1.6502754906986894,1.6502754906986894,25-50%
6.0,7.6022144954232616,1.6022144954232616,1.6022144954232616,25-50%
5.5,7.086207940941311,1.5862079409413106,1.5862079409413106,25-50%
5.5,7.086207940941311,1.5862079409413106,1.5862079409413106,25-50%
5.5,6.935154097969908,1.4351540979699076,1.4351540979699076,25-50%
6.0,7.224305814800138,1.2243058148001378,1.2243058148001378,25-50%
7.0,8.122144090574626,1.1221440905746256,1.1221440905746256,25-50%
7.0,8.182676123581288,1.1826761235812882,1.1826761235812882,25-50%
7.0,8.078980856758939,1.078980856758939,1.078980856758939,25-50%
6.0,8.02287238575816,2.022872385758159,2.022872385758159,25-50%
6.0,7.875659637632329,1.875659637632329,1.875659637632329,25-50%
6.0,7.6022144954232616,1.6022144954232616,1.6022144954232616,25-50%
5.5,7.140581578345449,1.640581578345449,1.640581578345449,25-50%
5.5,6.935154097969908,1.4351540979699076,1.4351540979699076,25-50%
5.5,6.935154097969908,1.4351540979699076,1.4351540979699076,25-50%
5.5,6.935154097969908,1.4351540979699076,1.4351540979699076,25-50%
5.5,6.935154097969908,1.4351540979699076,1.4351540979699076,25-50%
7.0,8.078980856758939,1.078980856758939,1.078980856758939,25-50%
7.0,7.701321366947349,0.701321366947349,0.701321366947349,25-50%
6.0,7.275949012912961,1.2759490129129611,1.2759490129129611,25-50%
5.5,6.935154097969908,1.4351540979699076,1.4351540979699076,25-50%
5.5,6.935154097969908,1.4351540979699076,1.4351540979699076,25-50%
5.5,6.995015934334894,1.4950159343348943,1.4950159343348943,25-50%
5.5,6.995015934334894,1.4950159343348943,1.4950159343348943,25-50%
5.0,7.060412243909741,2.0604122439097408,2.0604122439097408,0-25%
1.0,7.30341534501325,6.30341534501325,6.30341534501325,0-25%
1.0,7.2966949336941935,6.2966949336941935,6.2966949336941935,0-25%
1.0,7.2966949336941935,6.2966949336941935,6.2966949336941935,0-25%
1.0,7.2966949336941935,6.2966949336941935,6.2966949336941935,0-25%
1.0,7.317598844831095,6.317598844831095,6.317598844831095,0-25%
1.0,7.317598844831095,6.317598844831095,6.317598844831095,0-25%
1.0,7.360668109405938,6.360668109405938,6.360668109405938,0-25%
1.0,7.353901360271672,6.353901360271672,6.353901360271672,0-25%
1.0,7.2966949336941935,6.2966949336941935,6.2966949336941935,0-25%
1.0,7.2966949336941935,6.2966949336941935,6.2966949336941935,0-25%
1.0,7.317598844831095,6.317598844831095,6.317598844831095,0-25%
1.0,7.317598844831095,6.317598844831095,6.317598844831095,0-25%
1.0,7.317598844831095,6.317598844831095,6.317598844831095,0-25%
1.0,7.904855415545276,6.904855415545276,6.904855415545276,0-25%
1.0,8.183852673610811,7.1838526736108115,7.1838526736108115,0-25%
1.0,8.127096090516012,7.127096090516012,7.127096090516012,0-25%
1.0,8.127330607611013,7.127330607611013,7.127330607611013,0-25%
1.0,8.286185092267088,7.286185092267088,7.286185092267088,0-25%
1.0,7.8709114175760915,6.8709114175760915,6.8709114175760915,0-25%
1.0,7.360668109405938,6.360668109405938,6.360668109405938,0-25%
1.0,7.374949405677362,6.374949405677362,6.374949405677362,0-25%
1.0,7.2966949336941935,6.2966949336941935,6.2966949336941935,0-25%
1.0,7.317598844831095,6.317598844831095,6.317598844831095,0-25%
1.0,7.317598844831095,6.317598844831095,6.317598844831095,0-25%
1.0,7.2966949336941935,6.2966949336941935,6.2966949336941935,0-25%
1.0,7.126051228015522,6.126051228015522,6.126051228015522,0-25%
1.0,7.904855415545276,6.904855415545276,6.904855415545276,0-25%
1.0,8.070923333183243,7.070923333183243,7.070923333183243,0-25%
1.0,8.127330607611013,7.127330607611013,7.127330607611013,0-25%
1.0,8.127330607611013,7.127330607611013,7.127330607611013,0-25%
1.0,8.185128211757702,7.185128211757702,7.185128211757702,0-25%
1.0,7.381733203952729,6.381733203952729,6.381733203952729,0-25%
1.0,7.433854769492386,6.433854769492386,6.433854769492386,0-25%
1.0,7.317598844831095,6.317598844831095,6.317598844831095,0-25%
1.0,7.317598844831095,6.317598844831095,6.317598844831095,0-25%
1.0,7.317598844831095,6.317598844831095,6.317598844831095,0-25%
1.0,7.317598844831095,6.317598844831095,6.317598844831095,0-25%
1.0,7.12942089469018,6.12942089469018,6.12942089469018,0-25%
1.0,7.126051228015522,6.126051228015522,6.126051228015522,0-25%
1.0,7.92729161547563,6.92729161547563,6.92729161547563,0-25%
1.0,7.92729161547563,6.92729161547563,6.92729161547563,0-25%
1.0,8.074684814277385,7.074684814277385,7.074684814277385,0-25%
1.0,8.048126155918034,7.048126155918034,7.048126155918034,0-25%
1.0,8.185128211757702,7.185128211757702,7.185128211757702,0-25%
1.0,7.989910109958164,6.989910109958164,6.989910109958164,0-25%
1.0,7.342073371081121,6.342073371081121,6.342073371081121,0-25%
1.0,7.353901360271672,6.353901360271672,6.353901360271672,0-25%
1.0,7.374949405677362,6.374949405677362,6.374949405677362,0-25%
1.0,7.317598844831095,6.317598844831095,6.317598844831095,0-25%
1.0,7.376100832400126,6.376100832400126,6.376100832400126,0-25%
1.0,7.30341534501325,6.30341534501325,6.30341534501325,0-25%
1.0,7.214595357343234,6.214595357343234,6.214595357343234,0-25%
1.0,7.105628717152317,6.105628717152317,6.105628717152317,0-25%
1.0,7.126051228015522,6.126051228015522,6.126051228015522,0-25%
1.0,8.02456632383849,7.02456632383849,7.02456632383849,0-25%
1.0,7.956862618002394,6.956862618002394,6.956862618002394,0-25%
1.0,7.7629216576003985,6.7629216576003985,6.7629216576003985,0-25%
1.0,8.127330607611013,7.127330607611013,7.127330607611013,0-25%
1.0,7.381733203952729,6.381733203952729,6.381733203952729,0-25%
1.0,7.353901360271672,6.353901360271672,6.353901360271672,0-25%
1.0,7.360668109405938,6.360668109405938,6.360668109405938,0-25%
1.0,7.2966949336941935,6.2966949336941935,6.2966949336941935,0-25%
1.0,7.126051228015522,6.126051228015522,6.126051228015522,0-25%
1.0,7.126051228015522,6.126051228015522,6.126051228015522,0-25%
1.0,8.128363745785268,7.128363745785268,7.128363745785268,0-25%
1.0,7.422067679615174,6.422067679615174,6.422067679615174,0-25%
1.0,7.422067679615174,6.422067679615174,6.422067679615174,0-25%
1.0,7.289580706488026,6.289580706488026,6.289580706488026,0-25%
1.0,7.126051228015522,6.126051228015522,6.126051228015522,0-25%
1.0,7.181935609380011,6.181935609380011,6.181935609380011,0-25%
1.0,7.752344271620223,6.752344271620223,6.752344271620223,0-25%
1.0,6.383687718418575,5.383687718418575,5.383687718418575,0-25%
1.0,7.29051901831704,6.29051901831704,6.29051901831704,0-25%
2.0,7.3625361350612035,5.3625361350612035,5.3625361350612035,0-25%
2.0,7.854736244772161,5.854736244772161,5.854736244772161,0-25%
2.0,7.854736244772161,5.854736244772161,5.854736244772161,0-25%
2.0,7.854736244772161,5.854736244772161,5.854736244772161,0-25%
2.0,7.386403378508386,5.386403378508386,5.386403378508386,0-25%
2.0,7.366449996107619,5.366449996107619,5.366449996107619,0-25%
2.0,7.3625361350612035,5.3625361350612035,5.3625361350612035,0-25%
2.0,7.366449996107619,5.366449996107619,5.366449996107619,0-25%
2.0,7.366449996107619,5.366449996107619,5.366449996107619,0-25%
2.0,7.366449996107619,5.366449996107619,5.366449996107619,0-25%
2.0,7.366449996107619,5.366449996107619,5.366449996107619,0-25%
2.0,7.685673404778411,5.685673404778411,5.685673404778411,0-25%
2.0,7.398915438610521,5.398915438610521,5.398915438610521,0-25%
2.0,7.366449996107619,5.366449996107619,5.366449996107619,0-25%
2.0,7.3625361350612035,5.3625361350612035,5.3625361350612035,0-25%
2.0,7.387529658388523,5.387529658388523,5.387529658388523,0-25%
2.0,7.366449996107619,5.366449996107619,5.366449996107619,0-25%
2.0,7.387529658388523,5.387529658388523,5.387529658388523,0-25%
2.0,7.387529658388523,5.387529658388523,5.387529658388523,0-25%
2.0,7.685673404778411,5.685673404778411,5.685673404778411,0-25%
2.0,7.366449996107619,5.366449996107619,5.366449996107619,0-25%
2.0,7.366449996107619,5.366449996107619,5.366449996107619,0-25%
2.0,7.387529658388523,5.387529658388523,5.387529658388523,0-25%
2.0,7.387529658388523,5.387529658388523,5.387529658388523,0-25%
2.0,7.685673404778411,5.685673404778411,5.685673404778411,0-25%
2.0,7.366449996107619,5.366449996107619,5.366449996107619,0-25%
2.0,7.366449996107619,5.366449996107619,5.366449996107619,0-25%
2.0,7.377714718602457,5.377714718602457,5.377714718602457,0-25%
2.0,7.387529658388523,5.387529658388523,5.387529658388523,0-25%
2.0,7.366449996107619,5.366449996107619,5.366449996107619,0-25%
2.0,7.179261832837318,5.179261832837318,5.179261832837318,0-25%
2.0,7.366449996107619,5.366449996107619,5.366449996107619,0-25%
2.0,7.3625361350612035,5.3625361350612035,5.3625361350612035,0-25%
2.0,7.380741168723362,5.380741168723362,5.380741168723362,0-25%
2.0,7.19986986578122,5.19986986578122,5.19986986578122,0-25%
2.0,7.19986986578122,5.19986986578122,5.19986986578122,0-25%
10.0,7.300094738334996,-2.6999052616650037,2.6999052616650037,50-75%
10.0,7.506308544229089,-2.493691455770911,2.493691455770911,50-75%
10.0,7.506308544229089,-2.493691455770911,2.493691455770911,50-75%
10.0,7.506308544229089,-2.493691455770911,2.493691455770911,50-75%
10.0,7.506308544229089,-2.493691455770911,2.493691455770911,50-75%
10.0,7.63086423928201,-2.36913576071799,2.36913576071799,50-75%
10.0,7.506308544229089,-2.493691455770911,2.493691455770911,50-75%
10.0,7.506308544229089,-2.493691455770911,2.493691455770911,50-75%
7.5,7.506308544229089,0.006308544229089108,0.006308544229089108,25-50%
7.5,7.506308544229089,0.006308544229089108,0.006308544229089108,25-50%
10.0,7.506308544229089,-2.493691455770911,2.493691455770911,50-75%
7.5,7.506308544229089,0.006308544229089108,0.006308544229089108,25-50%
10.0,7.506308544229089,-2.493691455770911,2.493691455770911,50-75%
9.0,7.649050634902294,-1.3509493650977058,1.3509493650977058,50-75%
9.0,7.649050634902294,-1.3509493650977058,1.3509493650977058,50-75%
9.0,7.714298019820939,-1.285701980179061,1.285701980179061,50-75%
9.0,7.649050634902294,-1.3509493650977058,1.3509493650977058,50-75%
9.0,7.714298019820939,-1.285701980179061,1.285701980179061,50-75%
7.0,7.649050634902294,0.6490506349022942,0.6490506349022942,25-50%
5.0,7.649050634902294,2.649050634902294,2.649050634902294,0-25%
5.0,7.649050634902294,2.649050634902294,2.649050634902294,0-25%
5.0,7.506308544229089,2.506308544229089,2.506308544229089,0-25%
5.0,7.506308544229089,2.506308544229089,2.506308544229089,0-25%
7.5,7.506308544229089,0.006308544229089108,0.006308544229089108,25-50%
7.5,7.506308544229089,0.006308544229089108,0.006308544229089108,25-50%
9.0,7.998108746493989,-1.0018912535060114,1.0018912535060114,50-75%
9.0,7.998108746493989,-1.0018912535060114,1.0018912535060114,50-75%
9.0,7.998108746493989,-1.0018912535060114,1.0018912535060114,50-75%
9.0,7.998108746493989,-1.0018912535060114,1.0018912535060114,50-75%
9.0,7.861654989872448,-1.1383450101275523,1.1383450101275523,50-75%
9.0,7.763717665631919,-1.2362823343680809,1.2362823343680809,50-75%
9.0,7.714298019820939,-1.285701980179061,1.285701980179061,50-75%
7.0,7.649050634902294,0.6490506349022942,0.6490506349022942,25-50%
5.0,7.594024758574013,2.5940247585740126,2.5940247585740126,0-25%
5.0,7.506308544229089,2.506308544229089,2.506308544229089,0-25%
5.0,7.506308544229089,2.506308544229089,2.506308544229089,0-25%
9.0,8.028135877581514,-0.9718641224184861,0.9718641224184861,50-75%
9.0,8.14080668600726,-0.8591933139927406,0.8591933139927406,50-75%
9.0,8.028135877581514,-0.9718641224184861,0.9718641224184861,50-75%
9.0,8.028135877581514,-0.9718641224184861,0.9718641224184861,50-75%
9.0,7.998108746493989,-1.0018912535060114,1.0018912535060114,50-75%
9.0,7.763717665631919,-1.2362823343680809,1.2362823343680809,50-75%
9.0,7.6999155190060655,-1.3000844809939345,1.3000844809939345,50-75%
9.0,7.6999155190060655,-1.3000844809939345,1.3000844809939345,50-75%
9.0,8.146959097862434,-0.8530409021375664,0.8530409021375664,50-75%
9.0,8.256114260701814,-0.7438857392981859,0.7438857392981859,50-75%
9.0,8.14080668600726,-0.8591933139927406,0.8591933139927406,50-75%
9.0,8.028135877581514,-0.9718641224184861,0.9718641224184861,50-75%
9.0,7.6999155190060655,-1.3000844809939345,1.3000844809939345,50-75%
8.0,7.781236294520181,-0.2187637054798186,0.2187637054798186,25-50%
8.5,7.780703718237213,-0.7192962817627873,0.7192962817627873,50-75%
9.0,8.028135877581514,-0.9718641224184861,0.9718641224184861,50-75%
9.0,7.998108746493989,-1.0018912535060114,1.0018912535060114,50-75%
9.0,7.998108746493989,-1.0018912535060114,1.0018912535060114,50-75%
9.0,7.6734078736124145,-1.3265921263875855,1.3265921263875855,50-75%
9.0,7.608466649339524,-1.3915333506604757,1.3915333506604757,50-75%
8.0,7.835842158475407,-0.16415784152459256,0.16415784152459256,25-50%
8.0,7.928348378443212,-0.07165162155678839,0.07165162155678839,25-50%
8.0,7.873170822285705,-0.1268291777142947,0.1268291777142947,25-50%
8.0,7.780703718237213,-0.21929628176278726,0.21929628176278726,25-50%
8.5,7.752344271620223,-0.7476557283797769,0.7476557283797769,50-75%
8.5,7.536773759053441,-0.9632262409465593,0.9632262409465593,50-75%
9.0,7.998108746493989,-1.0018912535060114,1.0018912535060114,50-75%
8.0,7.322071825726935,-0.677928174273065,0.677928174273065,25-50%
8.0,8.001885651687557,0.001885651687556944,0.001885651687556944,25-50%
8.0,8.218781045957869,0.21878104595786851,0.21878104595786851,25-50%
8.0,8.012329040969881,0.012329040969881078,0.012329040969881078,25-50%
8.0,7.974414950544258,-0.025585049455742137,0.025585049455742137,25-50%
8.0,7.365516210174163,-0.6344837898258371,0.6344837898258371,25-50%
8.0,7.403383937169313,-0.5966160628306874,0.5966160628306874,25-50%
8.0,7.275949012912961,-0.7240509870870389,0.7240509870870389,25-50%
8.0,7.627433100658364,-0.3725668993416358,0.3725668993416358,25-50%
8.0,8.001885651687557,0.001885651687556944,0.001885651687556944,25-50%
8.0,8.218781045957869,0.21878104595786851,0.21878104595786851,25-50%
8.0,8.068371948485996,0.06837194848599637,0.06837194848599637,25-50%
8.0,7.752344271620223,-0.2476557283797769,0.2476557283797769,25-50%
8.0,7.403383937169313,-0.5966160628306874,0.5966160628306874,25-50%
8.0,7.599568679273595,-0.40043132072640475,0.40043132072640475,25-50%
8.0,7.855015312792916,-0.14498468720708413,0.14498468720708413,25-50%
8.0,8.218781045957869,0.21878104595786851,0.21878104595786851,25-50%
8.0,8.164570419592257,0.16457041959225727,0.16457041959225727,25-50%
8.0,8.242008196204486,0.24200819620448577,0.24200819620448577,25-50%
8.0,7.835306270382225,-0.16469372961777484,0.16469372961777484,25-50%
8.0,7.365516210174163,-0.6344837898258371,0.6344837898258371,25-50%
8.0,7.403383937169313,-0.5966160628306874,0.5966160628306874,25-50%
8.0,7.855015312792916,-0.14498468720708413,0.14498468720708413,25-50%
8.0,8.218781045957869,0.21878104595786851,0.21878104595786851,25-50%
8.0,7.641271918255392,-0.3587280817446077,0.3587280817446077,25-50%
8.0,8.184892209614464,0.18489220961446406,0.18489220961446406,25-50%
8.0,8.107933001611638,0.10793300161163799,0.10793300161163799,25-50%
8.0,8.161808604101182,0.16180860410118214,0.16180860410118214,25-50%
8.0,8.10185577388679,0.10185577388678979,0.10185577388678979,25-50%
6.0,7.512333651177479,1.512333651177479,1.512333651177479,25-50%
6.0,7.5337808741540915,1.5337808741540915,1.5337808741540915,25-50%
6.0,7.475342656134516,1.475342656134516,1.475342656134516,25-50%
6.0,7.506198481627997,1.5061984816279974,1.5061984816279974,25-50%
6.0,7.473318343740902,1.4733183437409023,1.4733183437409023,25-50%
6.0,7.454042300942618,1.4540423009426178,1.4540423009426178,25-50%
6.0,7.512333651177479,1.512333651177479,1.512333651177479,25-50%
6.0,7.531742603952068,1.5317426039520683,1.5317426039520683,25-50%
6.0,7.454042300942618,1.4540423009426178,1.4540423009426178,25-50%
6.0,7.465424959121899,1.4654249591218989,1.4654249591218989,25-50%
6.0,7.469354489224965,1.4693544892249646,1.4693544892249646,25-50%
6.0,7.494667265824671,1.4946672658246714,1.4946672658246714,25-50%
6.0,7.473318343740902,1.4733183437409023,1.4733183437409023,25-50%
6.0,8.029675728825026,2.0296757288250262,2.0296757288250262,25-50%
6.0,7.501248727911875,1.5012487279118751,1.5012487279118751,25-50%
6.0,7.469354489224965,1.4693544892249646,1.4693544892249646,25-50%
6.0,7.494667265824671,1.4946672658246714,1.4946672658246714,25-50%
6.0,7.473318343740902,1.4733183437409023,1.4733183437409023,25-50%
6.0,7.473318343740902,1.4733183437409023,1.4733183437409023,25-50%
6.0,7.494667265824671,1.4946672658246714,1.4946672658246714,25-50%
6.0,8.009134022643051,2.0091340226430514,2.0091340226430514,25-50%
6.0,7.829731599657062,1.8297315996570616,1.8297315996570616,25-50%
6.0,7.531742603952068,1.5317426039520683,1.5317426039520683,25-50%
6.0,7.416584388322418,1.416584388322418,1.416584388322418,25-50%
6.0,7.473318343740902,1.4733183437409023,1.4733183437409023,25-50%
6.0,7.473318343740902,1.4733183437409023,1.4733183437409023,25-50%
6.0,7.494667265824671,1.4946672658246714,1.4946672658246714,25-50%
1.0,7.907448104128629,6.907448104128629,6.907448104128629,0-25%
1.0,8.001978786837393,7.001978786837393,7.001978786837393,0-25%
3.5,7.768621907751033,4.268621907751033,4.268621907751033,0-25%
3.5,7.9897754788294515,4.4897754788294515,4.4897754788294515,0-25%
3.5,7.967182243539326,4.467182243539326,4.467182243539326,0-25%
3.5,7.040726045004155,3.5407260450041553,3.5407260450041553,0-25%
6.0,7.494667265824671,1.4946672658246714,1.4946672658246714,25-50%
6.0,7.473318343740902,1.4733183437409023,1.4733183437409023,25-50%
6.0,7.45360984392256,1.4536098439225604,1.4536098439225604,25-50%
1.0,7.419745115523959,6.419745115523959,6.419745115523959,0-25%
1.0,8.222872558912064,7.222872558912064,7.222872558912064,0-25%
1.0,8.222872558912064,7.222872558912064,7.222872558912064,0-25%
2.5,7.989394742867374,5.489394742867374,5.489394742867374,0-25%
2.5,7.907448104128629,5.407448104128629,5.407448104128629,0-25%
3.6666666666666665,7.967182243539326,4.300515576872659,4.300515576872659,0-25%
3.6666666666666665,7.453420638822156,3.78675397215549,3.78675397215549,0-25%
3.6666666666666665,6.993068134611174,3.3264014679445073,3.3264014679445073,0-25%
1.0,7.484503485122292,6.484503485122292,6.484503485122292,0-25%
1.0,7.3951032531813485,6.3951032531813485,6.3951032531813485,0-25%
2.5,7.550533397040338,5.050533397040338,5.050533397040338,0-25%
2.5,8.222872558912064,5.722872558912064,5.722872558912064,0-25%
2.5,7.885061775201383,5.385061775201383,5.385061775201383,0-25%
2.5,7.885061775201383,5.385061775201383,5.385061775201383,0-25%
2.5,7.3951032531813485,4.8951032531813485,4.8951032531813485,0-25%
2.5,7.3951032531813485,4.8951032531813485,4.8951032531813485,0-25%
4.0,7.010559554891541,3.0105595548915414,3.0105595548915414,0-25%
1.0,7.415124971542492,6.415124971542492,6.415124971542492,0-25%
1.0,7.3951032531813485,6.3951032531813485,6.3951032531813485,0-25%
2.5,7.550533397040338,5.050533397040338,5.050533397040338,0-25%
2.5,7.3951032531813485,4.8951032531813485,4.8951032531813485,0-25%
2.5,7.3951032531813485,4.8951032531813485,4.8951032531813485,0-25%
2.5,7.3951032531813485,4.8951032531813485,4.8951032531813485,0-25%
2.5,7.3951032531813485,4.8951032531813485,4.8951032531813485,0-25%
2.5,7.826356666909593,5.326356666909593,5.326356666909593,0-25%
4.0,8.615459684682333,4.6154596846823335,4.6154596846823335,0-25%
1.0,7.3951032531813485,6.3951032531813485,6.3951032531813485,0-25%
2.5,7.550533397040338,5.050533397040338,5.050533397040338,0-25%
2.5,7.416255108684306,4.916255108684306,4.916255108684306,0-25%
2.5,7.3951032531813485,4.8951032531813485,4.8951032531813485,0-25%
2.5,7.416255108684306,4.916255108684306,4.916255108684306,0-25%
2.5,7.416255108684306,4.916255108684306,4.916255108684306,0-25%
4.0,7.826356666909593,3.826356666909593,3.826356666909593,0-25%
4.0,7.53730400882906,3.53730400882906,3.53730400882906,0-25%
2.5,7.3951032531813485,4.8951032531813485,4.8951032531813485,0-25%
2.5,7.416255108684306,4.916255108684306,4.916255108684306,0-25%
2.5,7.416255108684306,4.916255108684306,4.916255108684306,0-25%
4.0,7.826356666909593,3.826356666909593,3.826356666909593,0-25%
4.0,7.5588141457902855,3.5588141457902855,3.5588141457902855,0-25%
4.0,7.897024764915504,3.8970247649155043,3.8970247649155043,0-25%
4.0,7.907448104128629,3.907448104128629,3.907448104128629,0-25%
4.0,7.414675352437767,3.414675352437767,3.414675352437767,0-25%
4.0,7.22640821112078,3.2264082111207797,3.2264082111207797,0-25%
5.0,7.599950047944108,2.599950047944108,2.599950047944108,0-25%
5.0,7.620861928012506,2.6208619280125056,2.6208619280125056,0-25%
5.0,7.620861928012506,2.6208619280125056,2.6208619280125056,0-25%
5.0,7.620861928012506,2.6208619280125056,2.6208619280125056,0-25%
5.0,7.599950047944108,2.599950047944108,2.599950047944108,0-25%
5.0,7.442744934874049,2.4427449348740486,2.4427449348740486,0-25%
5.0,7.620861928012506,2.6208619280125056,2.6208619280125056,0-25%
5.0,7.620861928012506,2.6208619280125056,2.6208619280125056,0-25%
5.0,7.620861928012506,2.6208619280125056,2.6208619280125056,0-25%
5.0,7.457483813555082,2.457483813555082,2.457483813555082,0-25%
5.0,7.457483813555082,2.457483813555082,2.457483813555082,0-25%
5.0,7.620861928012506,2.6208619280125056,2.6208619280125056,0-25%
5.0,7.442744934874049,2.4427449348740486,2.4427449348740486,0-25%
5.0,7.457483813555082,2.457483813555082,2.457483813555082,0-25%
5.0,7.442744934874049,2.4427449348740486,2.4427449348740486,0-25%
5.0,7.286343403630206,2.286343403630206,2.286343403630206,0-25%
5.0,7.286343403630206,2.286343403630206,2.286343403630206,0-25%
3.0,9.053724642307662,6.053724642307662,6.053724642307662,0-25%
3.0,9.053724642307662,6.053724642307662,6.053724642307662,0-25%
3.0,9.053724642307662,6.053724642307662,6.053724642307662,0-25%
3.0,8.862377343983399,5.862377343983399,5.862377343983399,0-25%
3.0,8.65149245778135,5.65149245778135,5.65149245778135,0-25%
3.0,9.053724642307662,6.053724642307662,6.053724642307662,0-25%
3.0,9.25640644233078,6.25640644233078,6.25640644233078,0-25%
3.0,9.25640644233078,6.25640644233078,6.25640644233078,0-25%
3.0,9.282247938320191,6.282247938320191,6.282247938320191,0-25%
3.0,9.282247938320191,6.282247938320191,6.282247938320191,0-25%
3.0,9.297021735499436,6.2970217354994364,6.2970217354994364,0-25%
3.0,8.488718303603346,5.488718303603346,5.488718303603346,0-25%
3.0,9.282247938320191,6.282247938320191,6.282247938320191,0-25%
3.0,9.282247938320191,6.282247938320191,6.282247938320191,0-25%
3.0,9.053724642307662,6.053724642307662,6.053724642307662,0-25%
3.0,9.053724642307662,6.053724642307662,6.053724642307662,0-25%
3.0,9.043313939099958,6.043313939099958,6.043313939099958,0-25%
3.0,8.662799696151314,5.662799696151314,5.662799696151314,0-25%
3.0,8.662799696151314,5.662799696151314,5.662799696151314,0-25%
3.0,8.488718303603346,5.488718303603346,5.488718303603346,0-25%
3.0,9.417401745897813,6.417401745897813,6.417401745897813,0-25%
3.0,9.25640644233078,6.25640644233078,6.25640644233078,0-25%
3.0,9.282247938320191,6.282247938320191,6.282247938320191,0-25%
3.0,9.322965563620617,6.322965563620617,6.322965563620617,0-25%
3.0,8.808950493104511,5.808950493104511,5.808950493104511,0-25%
3.0,8.662799696151314,5.662799696151314,5.662799696151314,0-25%
3.0,8.662799696151314,5.662799696151314,5.662799696151314,0-25%
3.0,9.417401745897813,6.417401745897813,6.417401745897813,0-25%
3.0,9.282247938320191,6.282247938320191,6.282247938320191,0-25%
3.0,9.282247938320191,6.282247938320191,6.282247938320191,0-25%
3.0,9.322965563620617,6.322965563620617,6.322965563620617,0-25%
3.0,8.78429849518067,5.7842984951806695,5.7842984951806695,0-25%
3.0,8.808950493104511,5.808950493104511,5.808950493104511,0-25%
3.0,8.808950493104511,5.808950493104511,5.808950493104511,0-25%
3.0,9.322965563620617,6.322965563620617,6.322965563620617,0-25%
3.0,8.808950493104511,5.808950493104511,5.808950493104511,0-25%
3.0,8.808950493104511,5.808950493104511,5.808950493104511,0-25%
2.0,8.78429849518067,6.7842984951806695,6.7842984951806695,0-25%
2.0,8.808950493104511,6.808950493104511,6.808950493104511,0-25%
2.0,8.808950493104511,6.808950493104511,6.808950493104511,0-25%
2.0,8.78429849518067,6.7842984951806695,6.7842984951806695,0-25%
2.0,8.78429849518067,6.7842984951806695,6.7842984951806695,0-25%
2.0,8.769721793913199,6.769721793913199,6.769721793913199,0-25%
2.0,8.808950493104511,6.808950493104511,6.808950493104511,0-25%
2.0,8.808950493104511,6.808950493104511,6.808950493104511,0-25%
2.0,8.808950493104511,6.808950493104511,6.808950493104511,0-25%
2.0,8.808950493104511,6.808950493104511,6.808950493104511,0-25%
2.0,8.830221942727219,6.830221942727219,6.830221942727219,0-25%
2.0,8.404384240983534,6.404384240983534,6.404384240983534,0-25%
2.0,8.724080982448196,6.724080982448196,6.724080982448196,0-25%
2.0,8.748581259530773,6.7485812595307735,6.7485812595307735,0-25%
2.0,8.808950493104511,6.808950493104511,6.808950493104511,0-25%
2.0,8.830221942727219,6.830221942727219,6.830221942727219,0-25%
2.0,8.792223881238797,6.792223881238797,6.792223881238797,0-25%
2.0,8.78429849518067,6.7842984951806695,6.7842984951806695,0-25%
2.0,8.608028225620549,6.608028225620549,6.608028225620549,0-25%
2.0,8.724080982448196,6.724080982448196,6.724080982448196,0-25%
2.0,8.731957591679237,6.731957591679237,6.731957591679237,0-25%
2.0,8.78429849518067,6.7842984951806695,6.7842984951806695,0-25%
2.0,8.797472231640715,6.797472231640715,6.797472231640715,0-25%
2.0,8.608028225620549,6.608028225620549,6.608028225620549,0-25%
2.0,8.404384240983534,6.404384240983534,6.404384240983534,0-25%
2.0,8.043608423765107,6.043608423765107,6.043608423765107,0-25%
2.0,8.323015139455567,6.323015139455567,6.323015139455567,0-25%
2.0,8.483505978112232,6.483505978112232,6.483505978112232,0-25%
2.0,8.483505978112232,6.483505978112232,6.483505978112232,0-25%
2.0,8.404384240983534,6.404384240983534,6.404384240983534,0-25%
2.0,8.380749004884962,6.3807490048849616,6.3807490048849616,0-25%
2.0,8.380749004884962,6.3807490048849616,6.3807490048849616,0-25%
2.0,8.066394218392746,6.066394218392746,6.066394218392746,0-25%
2.0,8.365742340024546,6.365742340024546,6.365742340024546,0-25%
2.0,8.323015139455567,6.323015139455567,6.323015139455567,0-25%
2.0,8.31793925618382,6.31793925618382,6.31793925618382,0-25%
2.0,8.380749004884962,6.3807490048849616,6.3807490048849616,0-25%
2.0,8.380749004884962,6.3807490048849616,6.3807490048849616,0-25%
2.0,7.660673931852639,5.660673931852639,5.660673931852639,0-25%
2.0,7.905811090890797,5.905811090890797,5.905811090890797,0-25%
2.0,7.265533569341628,5.265533569341628,5.265533569341628,0-25%
2.0,7.983538932796448,5.983538932796448,5.983538932796448,0-25%
2.0,7.960961371285079,5.960961371285079,5.960961371285079,0-25%
2.0,7.621235548218651,5.621235548218651,5.621235548218651,0-25%
2.0,8.087311036327888,6.087311036327888,6.087311036327888,0-25%
2.0,8.046146410024281,6.046146410024281,6.046146410024281,0-25%
2.0,7.967876872454096,5.967876872454096,5.967876872454096,0-25%
2.0,8.482945352382165,6.482945352382165,6.482945352382165,0-25%
2.0,7.456608990672003,5.456608990672003,5.456608990672003,0-25%
2.0,7.681318084989366,5.681318084989366,5.681318084989366,0-25%
2.0,7.621235548218651,5.621235548218651,5.621235548218651,0-25%
2.0,7.951912478545937,5.951912478545937,5.951912478545937,0-25%
2.0,7.9744672409485995,5.9744672409485995,5.9744672409485995,0-25%
2.0,8.023411502484944,6.023411502484944,6.023411502484944,0-25%
2.0,8.023411502484944,6.023411502484944,6.023411502484944,0-25%
1.6666666666666667,8.023411502484944,6.356744835818277,6.356744835818277,0-25%
1.6666666666666667,8.023411502484944,6.356744835818277,6.356744835818277,0-25%
1.6666666666666667,7.681318084989366,6.014651418322699,6.014651418322699,0-25%
2.0,7.099500101000116,5.099500101000116,5.099500101000116,0-25%
2.0,8.173697185156222,6.173697185156222,6.173697185156222,0-25%
2.0,7.9744672409485995,5.9744672409485995,5.9744672409485995,0-25%
1.5,8.443328190378791,6.943328190378791,6.943328190378791,0-25%
1.6666666666666667,8.046514111510609,6.379847444843942,6.379847444843942,0-25%
1.6666666666666667,8.046514111510609,6.379847444843942,6.379847444843942,0-25%
1.6666666666666667,8.023411502484944,6.356744835818277,6.356744835818277,0-25%
1.6666666666666667,8.290310620881431,6.6236439542147645,6.6236439542147645,0-25%
1.6666666666666667,8.243296496464746,6.576629829798079,6.576629829798079,0-25%
1.6666666666666667,8.03701149634982,6.370344829683153,6.370344829683153,0-25%
1.5,8.467121097663666,6.967121097663666,6.967121097663666,0-25%
1.5,8.046514111510609,6.546514111510609,6.546514111510609,0-25%
1.6666666666666667,8.046146410024281,6.3794797433576145,6.3794797433576145,0-25%
1.6666666666666667,8.046146410024281,6.3794797433576145,6.3794797433576145,0-25%
1.6666666666666667,8.266585414536136,6.599918747869469,6.599918747869469,0-25%
1.6666666666666667,8.208088297587736,6.541421630921069,6.541421630921069,0-25%
1.6666666666666667,8.208088297587736,6.541421630921069,6.541421630921069,0-25%
1.5,8.069307227154495,6.5693072271544946,6.5693072271544946,0-25%
1.5,8.046146410024281,6.546146410024281,6.546146410024281,0-25%
1.5,8.266585414536136,6.766585414536136,6.766585414536136,0-25%
1.5,8.231288506954456,6.731288506954456,6.731288506954456,0-25%
1.0,8.231288506954456,7.231288506954456,7.231288506954456,0-25%
1.0,8.05869448324046,7.05869448324046,7.05869448324046,0-25%
1.5,8.069307227154495,6.5693072271544946,6.5693072271544946,0-25%
1.5,8.419212214170257,6.919212214170257,6.919212214170257,0-25%
1.5,8.062627358090444,6.5626273580904435,6.5626273580904435,0-25%
1.0,8.265695402531925,7.265695402531925,7.265695402531925,0-25%
1.0,8.590201342219746,7.590201342219746,7.590201342219746,0-25%
1.0,8.085461071813123,7.085461071813123,7.085461071813123,0-25%
1.0,8.085461071813123,7.085461071813123,7.085461071813123,0-25%
1.0,8.085461071813123,7.085461071813123,7.085461071813123,0-25%
7.0,6.440421411966147,-0.5595785880338529,0.5595785880338529,25-50%
7.0,6.413401963498608,-0.5865980365013916,0.5865980365013916,25-50%
7.0,6.413401963498608,-0.5865980365013916,0.5865980365013916,25-50%
7.0,6.413401963498608,-0.5865980365013916,0.5865980365013916,25-50%
7.0,7.000794076409913,0.0007940764099130249,0.0007940764099130249,25-50%
7.0,6.440421411966147,-0.5595785880338529,0.5595785880338529,25-50%
7.0,6.440421411966147,-0.5595785880338529,0.5595785880338529,25-50%
7.0,6.440421411966147,-0.5595785880338529,0.5595785880338529,25-50%
7.0,6.440421411966147,-0.5595785880338529,0.5595785880338529,25-50%
7.0,6.413401963498608,-0.5865980365013916,0.5865980365013916,25-50%
7.0,6.30087910585688,-0.6991208941431202,0.6991208941431202,25-50%
7.0,7.0299543788340015,0.029954378834001538,0.029954378834001538,25-50%
7.0,7.0299543788340015,0.029954378834001538,0.029954378834001538,25-50%
7.0,6.902789287932645,-0.09721071206735488,0.09721071206735488,25-50%
7.0,6.440421411966147,-0.5595785880338529,0.5595785880338529,25-50%
7.0,6.440421411966147,-0.5595785880338529,0.5595785880338529,25-50%
7.0,6.413401963498608,-0.5865980365013916,0.5865980365013916,25-50%
7.0,5.9860766177076705,-1.0139233822923295,1.0139233822923295,25-50%
7.0,7.023537830527829,0.023537830527828874,0.023537830527828874,25-50%
7.0,7.0299543788340015,0.029954378834001538,0.029954378834001538,25-50%
7.0,6.902789287932645,-0.09721071206735488,0.09721071206735488,25-50%
7.0,6.902789287932645,-0.09721071206735488,0.09721071206735488,25-50%
7.0,6.440421411966147,-0.5595785880338529,0.5595785880338529,25-50%
7.0,6.413401963498608,-0.5865980365013916,0.5865980365013916,25-50%
7.0,6.179354676002261,-0.8206453239977387,0.8206453239977387,25-50%
7.0,7.0299543788340015,0.029954378834001538,0.029954378834001538,25-50%
7.0,6.902789287932645,-0.09721071206735488,0.09721071206735488,25-50%
7.0,6.420210281410352,-0.5797897185896481,0.5797897185896481,25-50%
7.0,6.902789287932645,-0.09721071206735488,0.09721071206735488,25-50%
7.0,6.902789287932645,-0.09721071206735488,0.09721071206735488,25-50%
7.0,6.902789287932645,-0.09721071206735488,0.09721071206735488,25-50%
7.0,6.420210281410352,-0.5797897185896481,0.5797897185896481,25-50%
7.0,6.516294715288986,-0.48370528471101437,0.48370528471101437,25-50%
5.0,7.604284631859487,2.604284631859487,2.604284631859487,0-25%
5.0,7.460532362221837,2.460532362221837,2.460532362221837,0-25%
5.0,7.402372836303681,2.402372836303681,2.402372836303681,0-25%
5.0,7.696949296432443,2.696949296432443,2.696949296432443,0-25%
5.0,7.402372836303681,2.402372836303681,2.402372836303681,0-25%
5.0,7.696949296432443,2.696949296432443,2.696949296432443,0-25%
5.0,7.537151527250781,2.5371515272507814,2.5371515272507814,0-25%
5.0,7.537151527250781,2.5371515272507814,2.5371515272507814,0-25%
5.0,7.460532362221837,2.460532362221837,2.460532362221837,0-25%
5.0,7.663841750402439,2.6638417504024394,2.6638417504024394,0-25%
5.0,7.604284631859487,2.604284631859487,2.604284631859487,0-25%
5.0,7.604284631859487,2.604284631859487,2.604284631859487,0-25%
5.0,7.638161943014845,2.638161943014845,2.638161943014845,0-25%
5.0,7.663841750402439,2.6638417504024394,2.6638417504024394,0-25%
5.0,7.663841750402439,2.6638417504024394,2.6638417504024394,0-25%
5.0,8.15850634609858,3.15850634609858,3.15850634609858,0-25%
5.0,8.15850634609858,3.15850634609858,3.15850634609858,0-25%
13.0,8.365155276431189,-4.634844723568811,4.634844723568811,50-75%
13.0,8.059152316150488,-4.940847683849512,4.940847683849512,50-75%
13.0,7.886028982432503,-5.113971017567497,5.113971017567497,50-75%
13.0,7.886028982432503,-5.113971017567497,5.113971017567497,50-75%
13.0,8.036384721977543,-4.963615278022457,4.963615278022457,50-75%
13.0,7.946374628502443,-5.053625371497557,5.053625371497557,50-75%
13.0,8.036384721977543,-4.963615278022457,4.963615278022457,50-75%
13.0,8.036384721977543,-4.963615278022457,4.963615278022457,50-75%
13.0,8.036384721977543,-4.963615278022457,4.963615278022457,50-75%
13.0,8.059152316150488,-4.940847683849512,4.940847683849512,50-75%
13.0,8.036384721977543,-4.963615278022457,4.963615278022457,50-75%
13.0,8.271980672490491,-4.728019327509509,4.728019327509509,50-75%
13.0,7.646811652273918,-5.353188347726082,5.353188347726082,50-75%
13.0,8.026254542541569,-4.973745457458431,4.973745457458431,50-75%
13.0,7.387026087208254,-5.612973912791746,5.612973912791746,50-75%
13.0,7.865766939517653,-5.134233060482347,5.134233060482347,50-75%
13.0,7.381088958308878,-5.618911041691122,5.618911041691122,50-75%
3.0,8.695360772227493,5.6953607722274935,5.6953607722274935,0-25%
13.0,7.01595639908305,-5.98404360091695,5.98404360091695,50-75%
3.0,8.695360772227493,5.6953607722274935,5.6953607722274935,0-25%
3.0,8.512300731514213,5.5123007315142125,5.5123007315142125,0-25%
3.0,8.732982962982483,5.732982962982483,5.732982962982483,0-25%
3.0,8.695360772227493,5.6953607722274935,5.6953607722274935,0-25%
3.0,8.812411511818203,5.812411511818203,5.812411511818203,0-25%
3.0,8.66015264539504,5.660152645395041,5.660152645395041,0-25%
3.0,8.64581268113487,5.645812681134871,5.645812681134871,0-25%
3.0,8.66015264539504,5.660152645395041,5.660152645395041,0-25%
3.0,8.732982962982483,5.732982962982483,5.732982962982483,0-25%
3.0,8.71978868739643,5.719788687396431,5.719788687396431,0-25%
3.0,8.812411511818203,5.812411511818203,5.812411511818203,0-25%
3.0,8.71978868739643,5.719788687396431,5.719788687396431,0-25%
3.0,8.684491852040827,5.684491852040827,5.684491852040827,0-25%
3.0,8.499405618290822,5.499405618290822,5.499405618290822,0-25%
3.0,8.658906536861524,5.658906536861524,5.658906536861524,0-25%
3.0,8.732982962982483,5.732982962982483,5.732982962982483,0-25%
3.0,8.732982962982483,5.732982962982483,5.732982962982483,0-25%
3.0,8.71978868739643,5.719788687396431,5.719788687396431,0-25%
3.0,8.71978868739643,5.719788687396431,5.719788687396431,0-25%
3.0,8.64581268113487,5.645812681134871,5.645812681134871,0-25%
3.0,7.7176780717285896,4.7176780717285896,4.7176780717285896,0-25%
3.0,7.7176780717285896,4.7176780717285896,4.7176780717285896,0-25%
3.0,8.697638213398703,5.697638213398703,5.697638213398703,0-25%
3.0,8.732982962982483,5.732982962982483,5.732982962982483,0-25%
3.0,8.684491852040827,5.684491852040827,5.684491852040827,0-25%
3.0,7.723853638969623,4.723853638969623,4.723853638969623,0-25%
3.0,7.52080273390776,4.52080273390776,4.52080273390776,0-25%
2.5,8.697638213398703,6.197638213398703,6.197638213398703,0-25%
2.5,8.041143460785754,5.541143460785754,5.541143460785754,0-25%
2.5,7.612568332212852,5.112568332212852,5.112568332212852,0-25%
2.0,9.74390020319369,7.743900203193689,7.743900203193689,0-25%
2.0,9.971096308439044,7.971096308439044,7.971096308439044,0-25%
2.0,9.923021632462056,7.923021632462056,7.923021632462056,0-25%
2.0,8.962326340338409,6.962326340338409,6.962326340338409,0-25%
2.0,8.654611022504415,6.654611022504415,6.654611022504415,0-25%
2.0,8.252687808486277,6.252687808486277,6.252687808486277,0-25%
6.0,9.578678409941752,3.5786784099417517,3.5786784099417517,25-50%
6.0,10.012612526324249,4.012612526324249,4.012612526324249,25-50%
2.0,9.038346384056798,7.038346384056798,7.038346384056798,0-25%
2.0,9.903782832673901,7.903782832673901,7.903782832673901,0-25%
2.0,9.550417294544417,7.550417294544417,7.550417294544417,0-25%
2.0,8.762658614967426,6.762658614967426,6.762658614967426,0-25%
2.0,8.252687808486277,6.252687808486277,6.252687808486277,0-25%
6.0,10.02756176537336,4.02756176537336,4.02756176537336,25-50%
2.0,9.458915000128371,7.458915000128371,7.458915000128371,0-25%
2.5,9.458915000128371,6.958915000128371,6.958915000128371,0-25%
2.5,8.993083645717263,6.493083645717263,6.493083645717263,0-25%
2.0,8.312727438369304,6.312727438369304,6.312727438369304,0-25%
6.5,9.637802669214416,3.137802669214416,3.137802669214416,25-50%
6.5,9.456978427410865,2.9569784274108653,2.9569784274108653,25-50%
6.0,9.84545976195717,3.8454597619571693,3.8454597619571693,25-50%
2.5,9.550417294544417,7.050417294544417,7.050417294544417,0-25%
2.5,8.65863898060353,6.158638980603531,6.158638980603531,0-25%
6.5,9.33481870863887,2.8348187086388705,2.8348187086388705,25-50%
6.5,9.449575990817014,2.9495759908170136,2.9495759908170136,25-50%
6.5,9.261307232038394,2.7613072320383942,2.7613072320383942,25-50%
3.0,9.170789515060193,6.170789515060193,6.170789515060193,0-25%
3.0,9.038346384056798,6.038346384056798,6.038346384056798,0-25%
2.5,8.993083645717263,6.493083645717263,6.493083645717263,0-25%
2.5,9.217816085023191,6.717816085023191,6.717816085023191,0-25%
2.5,8.948821161123309,6.448821161123309,6.448821161123309,0-25%
2.5,8.65863898060353,6.158638980603531,6.158638980603531,0-25%
2.5,8.762658614967426,6.262658614967426,6.262658614967426,0-25%
3.0,8.699718255787362,5.699718255787362,5.699718255787362,0-25%
6.5,9.070333213758136,2.5703332137581363,2.5703332137581363,25-50%
6.5,9.449575990817014,2.9495759908170136,2.9495759908170136,25-50%
6.5,9.456978427410865,2.9569784274108653,2.9569784274108653,25-50%
3.0,8.721838419504016,5.7218384195040155,5.7218384195040155,0-25%
3.0,8.312727438369304,5.312727438369304,5.312727438369304,0-25%
3.0,8.65863898060353,5.658638980603531,5.658638980603531,0-25%
6.5,9.115945846795748,2.615945846795748,2.615945846795748,25-50%
6.5,9.203198370034862,2.703198370034862,2.703198370034862,25-50%
6.5,9.449575990817014,2.9495759908170136,2.9495759908170136,25-50%
6.5,9.449575990817014,2.9495759908170136,2.9495759908170136,25-50%
7.0,9.962992918396441,2.9629929183964414,2.9629929183964414,25-50%
7.0,10.173056327093107,3.173056327093107,3.173056327093107,25-50%
3.0,9.017175921107196,6.017175921107196,6.017175921107196,0-25%
3.0,8.948315691316955,5.948315691316955,5.948315691316955,0-25%
3.0,8.312727438369304,5.312727438369304,5.312727438369304,0-25%
3.0,8.312727438369304,5.312727438369304,5.312727438369304,0-25%
7.0,9.070333213758136,2.0703332137581363,2.0703332137581363,25-50%
7.0,9.203198370034862,2.203198370034862,2.203198370034862,25-50%
7.0,9.203198370034862,2.203198370034862,2.203198370034862,25-50%
7.0,9.313082688718342,2.3130826887183424,2.3130826887183424,25-50%
7.0,9.203198370034862,2.203198370034862,2.203198370034862,25-50%
7.0,9.203198370034862,2.203198370034862,2.203198370034862,25-50%
7.0,9.945771814846275,2.9457718148462746,2.9457718148462746,25-50%
3.0,8.312727438369304,5.312727438369304,5.312727438369304,0-25%
7.0,9.203198370034862,2.203198370034862,2.203198370034862,25-50%
7.0,9.203198370034862,2.203198370034862,2.203198370034862,25-50%
7.0,9.203198370034862,2.203198370034862,2.203198370034862,25-50%
7.0,9.313082688718342,2.3130826887183424,2.3130826887183424,25-50%
3.0,8.37718825478064,5.3771882547806396,5.3771882547806396,0-25%
3.0,8.725494126771222,5.725494126771222,5.725494126771222,0-25%
3.0,8.725494126771222,5.725494126771222,5.725494126771222,0-25%
2.0,8.596369241323933,6.5963692413239325,6.5963692413239325,0-25%
2.0,8.596369241323933,6.5963692413239325,6.5963692413239325,0-25%
2.0,8.673031225851908,6.673031225851908,6.673031225851908,0-25%
3.0,9.017175921107196,6.017175921107196,6.017175921107196,0-25%
3.0,9.017175921107196,6.017175921107196,6.017175921107196,0-25%
3.0,9.017175921107196,6.017175921107196,6.017175921107196,0-25%
3.0,9.017175921107196,6.017175921107196,6.017175921107196,0-25%
2.0,8.312727438369304,6.312727438369304,6.312727438369304,0-25%
2.0,8.673031225851908,6.673031225851908,6.673031225851908,0-25%
3.0,9.017175921107196,6.017175921107196,6.017175921107196,0-25%
3.0,9.017175921107196,6.017175921107196,6.017175921107196,0-25%
3.0,8.850105633059547,5.850105633059547,5.850105633059547,0-25%
3.0,8.817763933288678,5.817763933288678,5.817763933288678,0-25%
2.0,8.37718825478064,6.3771882547806396,6.3771882547806396,0-25%
3.0,8.850105633059547,5.850105633059547,5.850105633059547,0-25%
3.0,9.124929592826605,6.124929592826605,6.124929592826605,0-25%
3.0,8.850105633059547,5.850105633059547,5.850105633059547,0-25%
2.0,8.800654490962598,6.800654490962598,6.800654490962598,0-25%
2.0,8.673031225851908,6.673031225851908,6.673031225851908,0-25%
2.0,8.673031225851908,6.673031225851908,6.673031225851908,0-25%
3.0,8.850105633059547,5.850105633059547,5.850105633059547,0-25%
2.0,8.673031225851908,6.673031225851908,6.673031225851908,0-25%
2.0,8.673031225851908,6.673031225851908,6.673031225851908,0-25%
2.0,8.817763933288678,6.817763933288678,6.817763933288678,0-25%
2.0,8.817763933288678,6.817763933288678,6.817763933288678,0-25%
7.0,10.467523067029049,3.467523067029049,3.467523067029049,25-50%
7.0,10.219872169778665,3.2198721697786645,3.2198721697786645,25-50%
7.0,10.422973650231127,3.4229736502311265,3.4229736502311265,25-50%
7.0,9.970885726433135,2.970885726433135,2.970885726433135,25-50%
7.0,9.57532142008803,2.5753214200880308,2.5753214200880308,25-50%
3.0,9.149341797870182,6.149341797870182,6.149341797870182,0-25%
3.0,9.124929592826605,6.124929592826605,6.124929592826605,0-25%
3.0,9.338162609529757,6.338162609529757,6.338162609529757,0-25%
3.0,9.338162609529757,6.338162609529757,6.338162609529757,0-25%
3.0,9.322738107673256,6.322738107673256,6.322738107673256,0-25%
7.0,10.555470198727996,3.5554701987279955,3.5554701987279955,25-50%
7.0,10.480169493959389,3.480169493959389,3.480169493959389,25-50%
7.0,10.377351106805843,3.3773511068058433,3.3773511068058433,25-50%
7.0,9.688186401071047,2.6881864010710466,2.6881864010710466,25-50%
3.0,8.873855210398386,5.873855210398386,5.873855210398386,0-25%
3.0,8.841435531595758,5.841435531595758,5.841435531595758,0-25%
3.0,8.873855210398386,5.873855210398386,5.873855210398386,0-25%
3.0,9.149341797870182,6.149341797870182,6.149341797870182,0-25%
3.0,9.338162609529757,6.338162609529757,6.338162609529757,0-25%
3.0,9.322738107673256,6.322738107673256,6.322738107673256,0-25%
3.0,9.543437838409062,6.543437838409062,6.543437838409062,0-25%
7.0,10.467523067029049,3.467523067029049,3.467523067029049,25-50%
7.0,10.526428821921343,3.5264288219213427,3.5264288219213427,25-50%
7.0,10.526428821921343,3.5264288219213427,3.5264288219213427,25-50%
7.0,10.555470198727996,3.5554701987279955,3.5554701987279955,25-50%
7.0,10.451317363985915,3.4513173639859147,3.4513173639859147,25-50%
7.0,10.451317363985915,3.4513173639859147,3.4513173639859147,25-50%
7.0,10.480169493959389,3.480169493959389,3.480169493959389,25-50%
3.0,8.841435531595758,5.841435531595758,5.841435531595758,0-25%
3.0,8.841435531595758,5.841435531595758,5.841435531595758,0-25%
3.0,8.873855210398386,5.873855210398386,5.873855210398386,0-25%
3.0,9.25864610305943,6.25864610305943,6.25864610305943,0-25%
3.0,9.338162609529757,6.338162609529757,6.338162609529757,0-25%
3.0,9.295196379858712,6.295196379858712,6.295196379858712,0-25%
3.0,9.601865346813144,6.601865346813144,6.601865346813144,0-25%
7.0,9.438693485810543,2.4386934858105427,2.4386934858105427,25-50%
7.0,10.408776621068021,3.4087766210680215,3.4087766210680215,25-50%
7.0,10.555470198727996,3.5554701987279955,3.5554701987279955,25-50%
7.0,10.555470198727996,3.5554701987279955,3.5554701987279955,25-50%
7.0,10.46460668853232,3.464606688532321,3.464606688532321,25-50%
7.0,10.435793671229192,3.4357936712291917,3.4357936712291917,25-50%
7.0,10.46460668853232,3.464606688532321,3.464606688532321,25-50%
7.0,10.435793671229192,3.4357936712291917,3.4357936712291917,25-50%
3.0,8.841435531595758,5.841435531595758,5.841435531595758,0-25%
3.0,8.841435531595758,5.841435531595758,5.841435531595758,0-25%
3.0,8.841435531595758,5.841435531595758,5.841435531595758,0-25%
3.0,9.149341797870182,6.149341797870182,6.149341797870182,0-25%
3.0,9.338162609529757,6.338162609529757,6.338162609529757,0-25%
3.0,9.309171751404035,6.309171751404035,6.309171751404035,0-25%
3.0,9.816185078167855,6.816185078167855,6.816185078167855,0-25%
7.0,9.80426567253297,2.8042656725329707,2.8042656725329707,25-50%
7.0,9.524331440909624,2.5243314409096236,2.5243314409096236,25-50%
7.0,9.818420453839778,2.818420453839778,2.818420453839778,25-50%
7.0,10.43847994025457,3.4384799402545703,3.4384799402545703,25-50%
7.0,10.480169493959389,3.480169493959389,3.480169493959389,25-50%
3.0,8.841435531595758,5.841435531595758,5.841435531595758,0-25%
3.0,8.873855210398386,5.873855210398386,5.873855210398386,0-25%
3.0,9.23397098844363,6.23397098844363,6.23397098844363,0-25%
3.0,9.352627089001562,6.352627089001562,6.352627089001562,0-25%
7.0,9.688186401071047,2.6881864010710466,2.6881864010710466,25-50%
3.0,8.841435531595758,5.841435531595758,5.841435531595758,0-25%
3.0,8.873855210398386,5.873855210398386,5.873855210398386,0-25%
3.0,9.124929592826605,6.124929592826605,6.124929592826605,0-25%
3.0,9.369417249853203,6.369417249853203,6.369417249853203,0-25%
3.0,10.02756176537336,7.02756176537336,7.02756176537336,0-25%
3.0,9.972980901640806,6.972980901640806,6.972980901640806,0-25%
3.0,9.998044398833715,6.998044398833715,6.998044398833715,0-25%
3.0,10.02756176537336,7.02756176537336,7.02756176537336,0-25%
3.0,10.02756176537336,7.02756176537336,7.02756176537336,0-25%
3.0,9.9291555972132,6.9291555972131995,6.9291555972131995,0-25%
3.0,9.998044398833715,6.998044398833715,6.998044398833715,0-25%
3.0,10.012973862155691,7.012973862155691,7.012973862155691,0-25%
3.0,8.95517843745643,5.95517843745643,5.95517843745643,0-25%
3.0,9.115945846795748,6.115945846795748,6.115945846795748,0-25%
3.0,9.84545976195717,6.845459761957169,6.845459761957169,0-25%
3.0,10.071781673047191,7.071781673047191,7.071781673047191,0-25%
3.0,10.012973862155691,7.012973862155691,7.012973862155691,0-25%
3.0,9.970403952704748,6.970403952704748,6.970403952704748,0-25%
3.0,10.012973862155691,7.012973862155691,7.012973862155691,0-25%
3.0,9.985295895081025,6.985295895081025,6.985295895081025,0-25%
3.0,9.019776448453428,6.0197764484534275,6.0197764484534275,0-25%
3.0,9.68225232315839,6.682252323158391,6.682252323158391,0-25%
3.0,10.012612526324249,7.012612526324249,7.012612526324249,0-25%
3.0,10.097070842086156,7.097070842086156,7.097070842086156,0-25%
3.0,9.998044398833715,6.998044398833715,6.998044398833715,0-25%
3.0,10.012973862155691,7.012973862155691,7.012973862155691,0-25%
3.0,10.012973862155691,7.012973862155691,7.012973862155691,0-25%
3.0,10.066636361624056,7.066636361624056,7.066636361624056,0-25%
3.0,9.73760407362469,6.73760407362469,6.73760407362469,0-25%
3.0,9.068531324128045,6.068531324128045,6.068531324128045,0-25%
4.0,8.95517843745643,4.95517843745643,4.95517843745643,0-25%
3.5,9.68225232315839,6.182252323158391,6.182252323158391,0-25%
3.0,10.012612526324249,7.012612526324249,7.012612526324249,0-25%
3.0,10.06918152125085,7.069181521250851,7.069181521250851,0-25%
3.0,10.012973862155691,7.012973862155691,7.012973862155691,0-25%
3.0,9.998044398833715,6.998044398833715,6.998044398833715,0-25%
3.0,9.998044398833715,6.998044398833715,6.998044398833715,0-25%
3.0,9.804007195708003,6.804007195708003,6.804007195708003,0-25%
3.0,10.148288089159113,7.148288089159113,7.148288089159113,0-25%
3.0,9.710618169932332,6.7106181699323315,6.7106181699323315,0-25%
3.0,10.227804998004263,7.227804998004263,7.227804998004263,0-25%
3.0,9.44544524189957,6.44544524189957,6.44544524189957,0-25%
3.0,8.998765152177166,5.998765152177166,5.998765152177166,0-25%
4.0,10.41528394942325,6.41528394942325,6.41528394942325,0-25%
3.5,9.860182096933675,6.360182096933675,6.360182096933675,0-25%
3.5,10.02756176537336,6.52756176537336,6.52756176537336,0-25%
3.5,10.071781673047191,6.571781673047191,6.571781673047191,0-25%
3.0,10.097070842086156,7.097070842086156,7.097070842086156,0-25%
3.0,10.012973862155691,7.012973862155691,7.012973862155691,0-25%
3.0,10.012973862155691,7.012973862155691,7.012973862155691,0-25%
3.0,9.75452010035746,6.75452010035746,6.75452010035746,0-25%
3.0,10.268847215900436,7.268847215900436,7.268847215900436,0-25%
3.0,10.297239603796953,7.297239603796953,7.297239603796953,0-25%
3.0,10.563104640446038,7.5631046404460385,7.5631046404460385,0-25%
3.0,10.227804998004263,7.227804998004263,7.227804998004263,0-25%
3.0,10.460782232594095,7.460782232594095,7.460782232594095,0-25%
3.5,10.460782232594095,6.960782232594095,6.960782232594095,0-25%
4.0,9.463029951825321,5.463029951825321,5.463029951825321,0-25%
4.0,10.226779353304648,6.226779353304648,6.226779353304648,0-25%
4.0,10.487236921859125,6.487236921859125,6.487236921859125,0-25%
4.0,10.473921365229632,6.473921365229632,6.473921365229632,0-25%
4.0,10.41528394942325,6.41528394942325,6.41528394942325,0-25%
4.0,10.502830447042015,6.502830447042015,6.502830447042015,0-25%
3.0,10.268847215900436,7.268847215900436,7.268847215900436,0-25%
3.0,9.885265387676116,6.885265387676116,6.885265387676116,0-25%
3.0,10.297239603796953,7.297239603796953,7.297239603796953,0-25%
3.0,10.563104640446038,7.5631046404460385,7.5631046404460385,0-25%
3.0,10.268847215900436,7.268847215900436,7.268847215900436,0-25%
3.5,10.592238423693743,7.092238423693743,7.092238423693743,0-25%
4.0,10.502830447042015,6.502830447042015,6.502830447042015,0-25%
4.0,10.487236921859125,6.487236921859125,6.487236921859125,0-25%
4.0,10.458367029922428,6.458367029922428,6.458367029922428,0-25%
4.0,10.458367029922428,6.458367029922428,6.458367029922428,0-25%
4.0,10.502830447042015,6.502830447042015,6.502830447042015,0-25%
3.0,10.297239603796953,7.297239603796953,7.297239603796953,0-25%
3.0,10.592238423693743,7.592238423693743,7.592238423693743,0-25%
3.0,10.245493287514128,7.245493287514128,7.245493287514128,0-25%
3.0,10.21449693311512,7.21449693311512,7.21449693311512,0-25%
4.0,10.58098151817719,6.58098151817719,6.58098151817719,0-25%
4.0,10.551876025949163,6.551876025949163,6.551876025949163,0-25%
4.0,10.458367029922428,6.458367029922428,6.458367029922428,0-25%
4.0,10.502830447042015,6.502830447042015,6.502830447042015,0-25%
4.0,10.487236921859125,6.487236921859125,6.487236921859125,0-25%
4.0,10.458367029922428,6.458367029922428,6.458367029922428,0-25%
3.0,10.592238423693743,7.592238423693743,7.592238423693743,0-25%
3.0,10.563104640446038,7.5631046404460385,7.5631046404460385,0-25%
3.0,10.563104640446038,7.5631046404460385,7.5631046404460385,0-25%
3.0,10.60797448476879,7.607974484768789,7.607974484768789,0-25%
3.0,10.60797448476879,7.607974484768789,7.607974484768789,0-25%
4.0,9.548416239735097,5.548416239735097,5.548416239735097,0-25%
4.0,9.03642027047876,5.036420270478761,5.036420270478761,0-25%
4.0,9.463029951825321,5.463029951825321,5.463029951825321,0-25%
4.0,10.226779353304648,6.226779353304648,6.226779353304648,0-25%
4.0,10.58098151817719,6.58098151817719,6.58098151817719,0-25%
8.0,10.05707805411833,2.05707805411833,2.05707805411833,25-50%
8.0,10.05707805411833,2.05707805411833,2.05707805411833,25-50%
8.0,10.01743542445971,2.017435424459711,2.017435424459711,25-50%
8.0,10.102848110940844,2.102848110940844,2.102848110940844,25-50%
8.0,10.102848110940844,2.102848110940844,2.102848110940844,25-50%
8.0,10.087796811835217,2.087796811835217,2.087796811835217,25-50%
8.0,9.67045807737259,1.6704580773725901,1.6704580773725901,25-50%
8.0,9.986911603072203,1.986911603072203,1.986911603072203,25-50%
8.0,9.98974624452137,1.9897462445213705,1.9897462445213705,25-50%
8.0,10.102848110940844,2.102848110940844,2.102848110940844,25-50%
8.0,10.102848110940844,2.102848110940844,2.102848110940844,25-50%
8.0,10.102848110940844,2.102848110940844,2.102848110940844,25-50%
8.0,10.102848110940844,2.102848110940844,2.102848110940844,25-50%
8.0,10.032391210425546,2.032391210425546,2.032391210425546,25-50%
8.0,10.01743542445971,2.017435424459711,2.017435424459711,25-50%
8.0,9.959299136048461,1.959299136048461,1.959299136048461,25-50%
8.0,10.01743542445971,2.017435424459711,2.017435424459711,25-50%
8.0,10.019767316787561,2.0197673167875614,2.0197673167875614,25-50%
8.0,10.087796811835217,2.087796811835217,2.087796811835217,25-50%
8.0,10.087796811835217,2.087796811835217,2.087796811835217,25-50%
8.0,10.004664443387053,2.0046644433870533,2.0046644433870533,25-50%
8.0,9.98974624452137,1.9897462445213705,1.9897462445213705,25-50%
8.0,9.719558359986905,1.7195583599869053,1.7195583599869053,25-50%
8.0,9.860857139300112,1.860857139300112,1.860857139300112,25-50%
8.0,9.916646605327632,1.9166466053276316,1.9166466053276316,25-50%
8.0,9.944151607304256,1.9441516073042564,1.9441516073042564,25-50%
8.0,9.959007913033368,1.9590079130333677,1.9590079130333677,25-50%
8.0,9.889463799436596,1.8894637994365961,1.8894637994365961,25-50%
8.0,10.471152515322427,2.4711525153224265,2.4711525153224265,25-50%
8.0,9.931465573971774,1.9314655739717743,1.9314655739717743,25-50%
8.0,9.889463799436596,1.8894637994365961,1.8894637994365961,25-50%
8.0,9.919210926657657,1.919210926657657,1.919210926657657,25-50%
3.0,9.622091810035432,6.622091810035432,6.622091810035432,0-25%
3.0,10.178329900863417,7.178329900863417,7.178329900863417,0-25%
3.0,10.178329900863417,7.178329900863417,7.178329900863417,0-25%
3.0,9.926547851611268,6.926547851611268,6.926547851611268,0-25%
3.0,10.297349454520466,7.297349454520466,7.297349454520466,0-25%
3.0,10.297349454520466,7.297349454520466,7.297349454520466,0-25%
3.0,9.883952858129852,6.883952858129852,6.883952858129852,0-25%
3.0,9.91137548668048,6.91137548668048,6.91137548668048,0-25%
3.0,9.91137548668048,6.91137548668048,6.91137548668048,0-25%
3.0,10.178329900863417,7.178329900863417,7.178329900863417,0-25%
3.0,10.325813655140973,7.325813655140973,7.325813655140973,0-25%
3.0,10.345356124656696,7.345356124656696,7.345356124656696,0-25%
3.0,10.345356124656696,7.345356124656696,7.345356124656696,0-25%
3.0,10.297349454520466,7.297349454520466,7.297349454520466,0-25%
3.0,9.91137548668048,6.91137548668048,6.91137548668048,0-25%
3.0,9.883952858129852,6.883952858129852,6.883952858129852,0-25%
3.0,9.883952858129852,6.883952858129852,6.883952858129852,0-25%
3.0,10.150236358572444,7.150236358572444,7.150236358572444,0-25%
3.0,10.297349454520466,7.297349454520466,7.297349454520466,0-25%
3.0,10.345356124656696,7.345356124656696,7.345356124656696,0-25%
3.0,10.373941280329129,7.373941280329129,7.373941280329129,0-25%
3.0,9.883952858129852,6.883952858129852,6.883952858129852,0-25%
3.0,10.027552684144375,7.027552684144375,7.027552684144375,0-25%
3.0,9.883952858129852,6.883952858129852,6.883952858129852,0-25%
3.0,10.070709664041273,7.0707096640412725,7.0707096640412725,0-25%
3.0,10.373941280329129,7.373941280329129,7.373941280329129,0-25%
3.0,10.345164962809257,7.345164962809257,7.345164962809257,0-25%
3.0,10.373941280329129,7.373941280329129,7.373941280329129,0-25%
3.0,10.373941280329129,7.373941280329129,7.373941280329129,0-25%
9.0,8.231408329003537,-0.7685916709964626,0.7685916709964626,50-75%
9.0,8.36098959384836,-0.6390104061516393,0.6390104061516393,50-75%
6.0,8.76422144563116,2.7642214456311596,2.7642214456311596,25-50%
6.0,8.739681861403994,2.7396818614039944,2.7396818614039944,25-50%
6.0,8.76422144563116,2.7642214456311596,2.7642214456311596,25-50%
6.0,9.045616897389689,3.0456168973896887,3.0456168973896887,25-50%
3.0,10.345164962809257,7.345164962809257,7.345164962809257,0-25%
3.0,10.373941280329129,7.373941280329129,7.373941280329129,0-25%
9.0,8.21889400055937,-0.78110599944063,0.78110599944063,50-75%
9.0,8.280265225195203,-0.7197347748047971,0.7197347748047971,50-75%
9.0,8.402706445685352,-0.597293554314648,0.597293554314648,50-75%
6.0,8.655691845042785,2.655691845042785,2.655691845042785,25-50%
6.0,8.680019812493338,2.680019812493338,2.680019812493338,25-50%
6.0,8.644867395445052,2.6448673954450523,2.6448673954450523,25-50%
9.0,8.21889400055937,-0.78110599944063,0.78110599944063,50-75%
9.0,8.256941926823472,-0.7430580731765275,0.7430580731765275,50-75%
9.0,8.331143709779006,-0.6688562902209938,0.6688562902209938,50-75%
9.0,8.331143709779006,-0.6688562902209938,0.6688562902209938,50-75%
9.0,8.402706445685352,-0.597293554314648,0.597293554314648,50-75%
9.0,8.242840236539624,-0.7571597634603755,0.7571597634603755,50-75%
9.0,8.280265225195203,-0.7197347748047971,0.7197347748047971,50-75%
10.0,8.553967441608743,-1.4460325583912574,1.4460325583912574,50-75%
9.0,8.189512787773197,-0.8104872122268034,0.8104872122268034,50-75%
9.0,8.368561075658864,-0.6314389243411362,0.6314389243411362,50-75%
9.0,8.242840236539624,-0.7571597634603755,0.7571597634603755,50-75%
9.0,8.242840236539624,-0.7571597634603755,0.7571597634603755,50-75%
11.0,9.73495251021195,-1.2650474897880493,1.2650474897880493,50-75%
10.0,8.553967441608743,-1.4460325583912574,1.4460325583912574,50-75%
10.0,8.495348800612307,-1.504651199387693,1.504651199387693,50-75%
10.0,8.460538448865892,-1.5394615511341083,1.5394615511341083,50-75%
10.0,8.135789486314764,-1.8642105136852365,1.8642105136852365,50-75%
9.333333333333334,10.15882531275629,0.8254919794229565,0.8254919794229565,50-75%
8.5,10.139567237543776,1.6395672375437762,1.6395672375437762,50-75%
8.5,9.977760131097853,1.4777601310978525,1.4777601310978525,50-75%
8.0,10.022246437794983,2.0222464377949834,2.0222464377949834,25-50%
8.0,10.022246437794983,2.0222464377949834,2.0222464377949834,25-50%
11.0,9.55540721494615,-1.4445927850538496,1.4445927850538496,50-75%
11.0,9.572014153564789,-1.4279858464352113,1.4279858464352113,50-75%
11.0,9.73495251021195,-1.2650474897880493,1.2650474897880493,50-75%
8.5,9.876586467362834,1.3765864673628343,1.3765864673628343,50-75%
9.333333333333334,10.068652682205766,0.7353193488724319,0.7353193488724319,50-75%
8.0,9.994545166747525,1.9945451667475247,1.9945451667475247,25-50%
8.0,9.994545166747525,1.9945451667475247,1.9945451667475247,25-50%
8.0,10.022246437794983,2.0222464377949834,2.0222464377949834,25-50%
8.0,10.022246437794983,2.0222464377949834,2.0222464377949834,25-50%
8.5,8.66795983303609,0.16795983303608963,0.16795983303608963,50-75%
8.333333333333334,9.426369256226359,1.0930359228930246,1.0930359228930246,50-75%
8.333333333333334,10.186940495319257,1.8536071619859236,1.8536071619859236,50-75%
8.333333333333334,10.108994335366418,1.7756610020330843,1.7756610020330843,50-75%
8.0,10.022246437794983,2.0222464377949834,2.0222464377949834,25-50%
8.0,9.994545166747525,1.9945451667475247,1.9945451667475247,25-50%
8.0,10.022246437794983,2.0222464377949834,2.0222464377949834,25-50%
8.0,10.022246437794983,2.0222464377949834,2.0222464377949834,25-50%
8.0,10.022246437794983,2.0222464377949834,2.0222464377949834,25-50%
8.5,8.344901544431728,-0.15509845556827173,0.15509845556827173,50-75%
8.5,8.344901544431728,-0.15509845556827173,0.15509845556827173,50-75%
8.333333333333334,9.873677472843914,1.5403441395105801,1.5403441395105801,50-75%
8.333333333333334,10.108994335366418,1.7756610020330843,1.7756610020330843,50-75%
7.0,10.108994335366418,3.1089943353664182,3.1089943353664182,25-50%
8.0,9.994545166747525,1.9945451667475247,1.9945451667475247,25-50%
8.0,10.022246437794983,2.0222464377949834,2.0222464377949834,25-50%
8.0,10.022246437794983,2.0222464377949834,2.0222464377949834,25-50%
8.0,10.022246437794983,2.0222464377949834,2.0222464377949834,25-50%
8.5,8.973771455882005,0.4737714558820052,0.4737714558820052,50-75%
8.333333333333334,9.76433099054606,1.4309976572127265,1.4309976572127265,50-75%
7.0,10.108994335366418,3.1089943353664182,3.1089943353664182,25-50%
7.0,10.108994335366418,3.1089943353664182,3.1089943353664182,25-50%
8.0,9.994545166747525,1.9945451667475247,1.9945451667475247,25-50%
8.0,10.022246437794983,2.0222464377949834,2.0222464377949834,25-50%
8.0,9.987965718007151,1.9879657180071515,1.9879657180071515,25-50%
8.0,9.954619128945525,1.9546191289455255,1.9546191289455255,25-50%
8.5,10.097225368473516,1.5972253684735165,1.5972253684735165,50-75%
7.0,9.964333983296768,2.9643339832967683,2.9643339832967683,25-50%
7.0,9.964333983296768,2.9643339832967683,2.9643339832967683,25-50%
8.0,10.022246437794983,2.0222464377949834,2.0222464377949834,25-50%
8.0,9.994545166747525,1.9945451667475247,1.9945451667475247,25-50%
6.0,10.097225368473516,4.0972253684735165,4.0972253684735165,25-50%
6.0,10.035569101389532,4.035569101389532,4.035569101389532,25-50%
6.0,9.236511403982677,3.236511403982677,3.236511403982677,25-50%
6.0,9.179637270118075,3.179637270118075,3.179637270118075,25-50%
4.0,10.612545393779575,6.612545393779575,6.612545393779575,0-25%
4.0,10.4881794025817,6.4881794025817,6.4881794025817,0-25%
4.0,10.412207043854444,6.412207043854444,6.412207043854444,0-25%
9.0,9.678565362296485,0.6785653622964851,0.6785653622964851,50-75%
9.0,9.57004527142896,0.5700452714289597,0.5700452714289597,50-75%
9.0,10.433546529616313,1.4335465296163132,1.4335465296163132,50-75%
9.0,10.536872761054926,1.5368727610549264,1.5368727610549264,50-75%
9.0,10.536872761054926,1.5368727610549264,1.5368727610549264,50-75%
4.0,10.56467417576268,6.564674175762679,6.564674175762679,0-25%
4.0,10.612545393779575,6.612545393779575,6.612545393779575,0-25%
4.0,10.4881794025817,6.4881794025817,6.4881794025817,0-25%
4.0,10.4881794025817,6.4881794025817,6.4881794025817,0-25%
4.0,10.440960633546146,6.440960633546146,6.440960633546146,0-25%
9.0,10.62670255814658,1.6267025581465795,1.6267025581465795,50-75%
9.0,10.37583560021977,1.3758356002197694,1.3758356002197694,50-75%
9.0,9.57004527142896,0.5700452714289597,0.5700452714289597,50-75%
9.0,9.879925325456744,0.8799253254567443,0.8799253254567443,50-75%
8.5,10.669078122315906,2.1690781223159057,2.1690781223159057,50-75%
9.0,10.536872761054926,1.5368727610549264,1.5368727610549264,50-75%
4.0,10.48931349368935,6.48931349368935,6.48931349368935,0-25%
4.0,10.536872761054926,6.536872761054926,6.536872761054926,0-25%
4.0,10.669078122315906,6.669078122315906,6.669078122315906,0-25%
4.0,9.587188046764215,5.587188046764215,5.587188046764215,0-25%
4.0,10.63975122441315,6.63975122441315,6.63975122441315,0-25%
4.0,10.51712440818641,6.51712440818641,6.51712440818641,0-25%
8.5,9.587188046764215,1.087188046764215,1.087188046764215,50-75%
8.5,9.819455363208705,1.3194553632087054,1.3194553632087054,50-75%
8.5,10.62670255814658,2.1267025581465795,2.1267025581465795,50-75%
8.5,10.63975122441315,2.13975122441315,2.13975122441315,50-75%
8.5,10.63975122441315,2.13975122441315,2.13975122441315,50-75%
8.5,10.770581575216251,2.2705815752162515,2.2705815752162515,50-75%
4.0,10.536872761054926,6.536872761054926,6.536872761054926,0-25%
4.0,10.536872761054926,6.536872761054926,6.536872761054926,0-25%
4.0,10.536872761054926,6.536872761054926,6.536872761054926,0-25%
4.0,10.669078122315906,6.669078122315906,6.669078122315906,0-25%
4.0,9.587188046764215,5.587188046764215,5.587188046764215,0-25%
4.0,9.106680268290217,5.1066802682902175,5.1066802682902175,0-25%
4.0,10.37583560021977,6.375835600219769,6.375835600219769,0-25%
8.5,9.106680268290217,0.6066802682902175,0.6066802682902175,50-75%
8.5,9.215525126064849,0.7155251260648487,0.7155251260648487,50-75%
8.5,10.151413982181195,1.6514139821811948,1.6514139821811948,50-75%
8.5,10.63975122441315,2.13975122441315,2.13975122441315,50-75%
8.5,10.619693619264726,2.1196936192647264,2.1196936192647264,50-75%
8.5,10.63975122441315,2.13975122441315,2.13975122441315,50-75%
8.0,10.63975122441315,2.63975122441315,2.63975122441315,25-50%
4.0,10.507878123600788,6.507878123600788,6.507878123600788,0-25%
4.0,10.449067171956338,6.449067171956338,6.449067171956338,0-25%
4.0,10.536872761054926,6.536872761054926,6.536872761054926,0-25%
4.0,10.669078122315906,6.669078122315906,6.669078122315906,0-25%
4.0,10.404497550357195,6.4044975503571955,6.4044975503571955,0-25%
4.0,9.243236446141541,5.243236446141541,5.243236446141541,0-25%
8.5,10.404497550357195,1.9044975503571955,1.9044975503571955,50-75%
8.5,10.580266335968902,2.0802663359689024,2.0802663359689024,50-75%
8.5,10.63975122441315,2.13975122441315,2.13975122441315,50-75%
8.5,10.619693619264726,2.1196936192647264,2.1196936192647264,50-75%
8.0,10.63975122441315,2.63975122441315,2.63975122441315,25-50%
8.0,10.63975122441315,2.63975122441315,2.63975122441315,25-50%
4.0,9.584044130106978,5.584044130106978,5.584044130106978,0-25%
4.0,10.597482159131818,6.597482159131818,6.597482159131818,0-25%
4.0,10.669078122315906,6.669078122315906,6.669078122315906,0-25%
4.0,9.57004527142896,5.57004527142896,5.57004527142896,0-25%
8.5,9.57004527142896,1.0700452714289597,1.0700452714289597,50-75%
8.5,10.404497550357195,1.9044975503571955,1.9044975503571955,50-75%
8.5,10.669078122315906,2.1690781223159057,2.1690781223159057,50-75%
8.5,10.63975122441315,2.13975122441315,2.13975122441315,50-75%
8.0,10.619693619264726,2.6196936192647264,2.6196936192647264,25-50%
8.0,10.669078122315906,2.6690781223159057,2.6690781223159057,25-50%
8.0,10.63975122441315,2.63975122441315,2.63975122441315,25-50%
8.0,9.215525126064849,1.2155251260648487,1.2155251260648487,25-50%
8.0,10.63975122441315,2.63975122441315,2.63975122441315,25-50%
8.0,10.63975122441315,2.63975122441315,2.63975122441315,25-50%
8.0,10.669078122315906,2.6690781223159057,2.6690781223159057,25-50%
8.0,10.63975122441315,2.63975122441315,2.63975122441315,25-50%
8.0,10.63975122441315,2.63975122441315,2.63975122441315,25-50%
9.0,9.932935782466611,0.9329357824666111,0.9329357824666111,50-75%
9.0,10.58720044649607,1.5872004464960696,1.5872004464960696,50-75%
6.0,9.082357403199104,3.0823574031991043,3.0823574031991043,25-50%
9.0,9.27014915299984,0.2701491529998403,0.2701491529998403,50-75%
9.0,10.402568330194573,1.4025683301945726,1.4025683301945726,50-75%
9.0,10.43303617393327,1.4330361739332709,1.4330361739332709,50-75%
6.0,9.082357403199104,3.0823574031991043,3.0823574031991043,25-50%
9.0,9.737857476689747,0.7378574766897472,0.7378574766897472,50-75%
9.0,10.549208610663184,1.5492086106631842,1.5492086106631842,50-75%
9.0,9.662147835118294,0.6621478351182937,0.6621478351182937,50-75%
6.0,9.098177244478943,3.0981772444789435,3.0981772444789435,25-50%
9.0,10.292870960351534,1.292870960351534,1.292870960351534,50-75%
9.0,9.940680629146083,0.9406806291460832,0.9406806291460832,50-75%
9.0,10.463787315370787,1.4637873153707872,1.4637873153707872,50-75%
6.0,9.963767410636333,3.9637674106363328,3.9637674106363328,25-50%
8.5,10.200205835352211,1.700205835352211,1.700205835352211,50-75%
8.5,10.508486505424848,2.008486505424848,2.008486505424848,50-75%
8.5,9.662147835118294,1.1621478351182937,1.1621478351182937,50-75%
6.0,10.218123189093006,4.218123189093006,4.218123189093006,25-50%
8.5,10.230751707210642,1.7307517072106418,1.7307517072106418,50-75%
8.5,10.172057314142547,1.6720573141425472,1.6720573141425472,50-75%
8.5,10.120884387694819,1.6208843876948187,1.6208843876948187,50-75%
6.0,9.109849917541549,3.109849917541549,3.109849917541549,25-50%
6.0,10.13274356017624,4.132743560176239,4.132743560176239,25-50%
6.0,10.189929637727717,4.189929637727717,4.189929637727717,25-50%
6.0,10.189929637727717,4.189929637727717,4.189929637727717,25-50%
8.0,10.492670863970318,2.492670863970318,2.492670863970318,25-50%
8.0,10.463787315370787,2.463787315370787,2.463787315370787,25-50%
8.0,9.613500764592699,1.6135007645926986,1.6135007645926986,25-50%
8.0,9.37887569328408,1.3788756932840798,1.3788756932840798,25-50%
8.0,9.37887569328408,1.3788756932840798,1.3788756932840798,25-50%
8.0,10.101940463056275,2.101940463056275,2.101940463056275,25-50%
8.0,9.834819712586397,1.8348197125863965,1.8348197125863965,25-50%
8.0,10.128868581405225,2.128868581405225,2.128868581405225,25-50%
8.0,10.128868581405225,2.128868581405225,2.128868581405225,25-50%
8.0,9.426634254918818,1.4266342549188185,1.4266342549188185,25-50%
8.0,10.101940463056275,2.101940463056275,2.101940463056275,25-50%
8.0,10.129912321578445,2.129912321578445,2.129912321578445,25-50%
8.0,10.128868581405225,2.128868581405225,2.128868581405225,25-50%
8.0,10.128868581405225,2.128868581405225,2.128868581405225,25-50%
8.0,9.37887569328408,1.3788756932840798,1.3788756932840798,25-50%
8.0,10.128868581405225,2.128868581405225,2.128868581405225,25-50%
8.0,9.852699688281792,1.8526996882817919,1.8526996882817919,25-50%
3.0,8.549794806921724,5.549794806921724,5.549794806921724,0-25%
3.0,8.549794806921724,5.549794806921724,5.549794806921724,0-25%
3.0,8.549794806921724,5.549794806921724,5.549794806921724,0-25%
3.0,9.814907427085647,6.814907427085647,6.814907427085647,0-25%
3.0,8.549794806921724,5.549794806921724,5.549794806921724,0-25%
3.0,8.549794806921724,5.549794806921724,5.549794806921724,0-25%
3.0,8.904511969164918,5.904511969164918,5.904511969164918,0-25%
3.0,9.088986968689682,6.088986968689682,6.088986968689682,0-25%
3.0,9.418644340464459,6.418644340464459,6.418644340464459,0-25%
3.0,9.936503233612871,6.936503233612871,6.936503233612871,0-25%
3.0,10.133038897553643,7.133038897553643,7.133038897553643,0-25%
4.0,8.255776094258778,4.255776094258778,4.255776094258778,0-25%
4.0,8.255776094258778,4.255776094258778,4.255776094258778,0-25%
4.0,8.97801564686797,4.97801564686797,4.97801564686797,0-25%
3.0,9.440177831875252,6.440177831875252,6.440177831875252,0-25%
3.0,9.964058265293671,6.964058265293671,6.964058265293671,0-25%
3.0,10.105059181274978,7.105059181274978,7.105059181274978,0-25%
5.0,8.745008130692224,3.7450081306922236,3.7450081306922236,0-25%
4.0,8.745008130692224,4.745008130692224,4.745008130692224,0-25%
4.0,8.85502049293758,4.85502049293758,4.85502049293758,0-25%
4.0,8.702955747693137,4.702955747693137,4.702955747693137,0-25%
4.0,8.85502049293758,4.85502049293758,4.85502049293758,0-25%
4.0,8.85502049293758,4.85502049293758,4.85502049293758,0-25%
3.0,10.090004884787003,7.090004884787003,7.090004884787003,0-25%
5.0,8.745008130692224,3.7450081306922236,3.7450081306922236,0-25%
5.0,8.745008130692224,3.7450081306922236,3.7450081306922236,0-25%
5.0,8.745008130692224,3.7450081306922236,3.7450081306922236,0-25%
4.0,8.85502049293758,4.85502049293758,4.85502049293758,0-25%
4.0,8.97801564686797,4.97801564686797,4.97801564686797,0-25%
4.0,9.118746041123547,5.118746041123547,5.118746041123547,0-25%
4.0,9.362732865975502,5.362732865975502,5.362732865975502,0-25%
4.0,9.362732865975502,5.362732865975502,5.362732865975502,0-25%
3.0,10.090004884787003,7.090004884787003,7.090004884787003,0-25%
5.0,8.85502049293758,3.85502049293758,3.85502049293758,0-25%
5.0,8.745008130692224,3.7450081306922236,3.7450081306922236,0-25%
5.0,8.745008130692224,3.7450081306922236,3.7450081306922236,0-25%
4.0,9.5866091858989,5.586609185898901,5.586609185898901,0-25%
5.0,8.97801564686797,3.97801564686797,3.97801564686797,0-25%
5.0,8.787274954566701,3.7872749545667013,3.7872749545667013,0-25%
4.0,10.471666731497688,6.471666731497688,6.471666731497688,0-25%
4.0,10.414887772378801,6.414887772378801,6.414887772378801,0-25%
5.0,8.678018841048894,3.6780188410488943,3.6780188410488943,0-25%
5.0,8.678018841048894,3.6780188410488943,3.6780188410488943,0-25%
4.5,8.655596409691185,4.155596409691185,4.155596409691185,0-25%
4.0,10.471666731497688,6.471666731497688,6.471666731497688,0-25%
4.0,10.471666731497688,6.471666731497688,6.471666731497688,0-25%
4.0,10.369297523373934,6.369297523373934,6.369297523373934,0-25%
4.0,8.655596409691185,4.655596409691185,4.655596409691185,0-25%
4.0,8.655596409691185,4.655596409691185,4.655596409691185,0-25%
4.0,8.924993443395856,4.924993443395856,4.924993443395856,0-25%
4.0,9.109849917541549,5.109849917541549,5.109849917541549,0-25%
4.0,10.28223106668118,6.282231066681179,6.282231066681179,0-25%
4.0,10.517667475318019,6.517667475318019,6.517667475318019,0-25%
4.0,10.456491340274772,6.456491340274772,6.456491340274772,0-25%
4.0,10.412207043854444,6.412207043854444,6.412207043854444,0-25%
4.0,8.924993443395856,4.924993443395856,4.924993443395856,0-25%
4.0,8.924993443395856,4.924993443395856,4.924993443395856,0-25%
4.0,8.924993443395856,4.924993443395856,4.924993443395856,0-25%
4.0,9.822928529123917,5.822928529123917,5.822928529123917,0-25%
4.0,10.456115452628467,6.456115452628467,6.456115452628467,0-25%
4.0,10.543975096649369,6.543975096649369,6.543975096649369,0-25%
4.0,10.440960633546146,6.440960633546146,6.440960633546146,0-25%
4.0,8.924993443395856,4.924993443395856,4.924993443395856,0-25%
4.0,9.822928529123917,5.822928529123917,5.822928529123917,0-25%
4.0,10.456115452628467,6.456115452628467,6.456115452628467,0-25%
4.0,10.51496260950148,6.514962609501479,6.514962609501479,0-25%
4.0,10.456491340274772,6.456491340274772,6.456491340274772,0-25%
4.0,10.471666731497688,6.471666731497688,6.471666731497688,0-25%
4.5,10.297546303535281,5.797546303535281,5.797546303535281,0-25%
4.5,10.471666731497688,5.971666731497688,5.971666731497688,0-25%
4.5,10.517667475318019,6.017667475318019,6.017667475318019,0-25%
4.5,10.543975096649369,6.043975096649369,6.043975096649369,0-25%
5.0,10.543975096649369,5.543975096649369,5.543975096649369,0-25%
5.0,10.530593771342462,5.5305937713424616,5.5305937713424616,0-25%
5.0,10.471666731497688,5.471666731497688,5.471666731497688,0-25%
5.0,10.559645641934084,5.559645641934084,5.559645641934084,0-25%
5.0,10.543975096649369,5.543975096649369,5.543975096649369,0-25%
5.0,10.559645641934084,5.559645641934084,5.559645641934084,0-25%
5.0,10.543975096649369,5.543975096649369,5.543975096649369,0-25%
5.0,10.51496260950148,5.514962609501479,5.514962609501479,0-25%
5.0,10.51496260950148,5.514962609501479,5.514962609501479,0-25%
5.0,10.559645641934084,5.559645641934084,5.559645641934084,0-25%
5.0,10.559645641934084,5.559645641934084,5.559645641934084,0-25%
5.0,10.51496260950148,5.514962609501479,5.514962609501479,0-25%
5.0,10.51496260950148,5.514962609501479,5.514962609501479,0-25%
5.0,10.51496260950148,5.514962609501479,5.514962609501479,0-25%
5.0,10.559645641934084,5.559645641934084,5.559645641934084,0-25%
5.0,10.543975096649369,5.543975096649369,5.543975096649369,0-25%
5.0,10.51496260950148,5.514962609501479,5.514962609501479,0-25%
5.0,10.543975096649369,5.543975096649369,5.543975096649369,0-25%
5.0,10.51496260950148,5.514962609501479,5.514962609501479,0-25%
5.0,8.924993443395856,3.9249934433958558,3.9249934433958558,0-25%
5.0,9.45672486762095,4.4567248676209505,4.4567248676209505,0-25%
5.0,10.28223106668118,5.282231066681179,5.282231066681179,0-25%
5.0,10.543975096649369,5.543975096649369,5.543975096649369,0-25%
5.0,10.543975096649369,5.543975096649369,5.543975096649369,0-25%
5.0,10.543975096649369,5.543975096649369,5.543975096649369,0-25%
5.0,10.51496260950148,5.514962609501479,5.514962609501479,0-25%
5.0,10.543975096649369,5.543975096649369,5.543975096649369,0-25%
5.0,10.51496260950148,5.514962609501479,5.514962609501479,0-25%
5.0,10.51496260950148,5.514962609501479,5.514962609501479,0-25%
2.0,10.12999485040533,8.12999485040533,8.12999485040533,0-25%
2.0,10.12999485040533,8.12999485040533,8.12999485040533,0-25%
2.0,10.12999485040533,8.12999485040533,8.12999485040533,0-25%
2.0,10.176066741572601,8.176066741572601,8.176066741572601,0-25%
2.0,9.98042550509851,7.980425505098509,7.980425505098509,0-25%
2.0,9.98042550509851,7.980425505098509,7.980425505098509,0-25%
2.0,10.160916185456633,8.160916185456633,8.160916185456633,0-25%
2.0,10.132866407570052,8.132866407570052,8.132866407570052,0-25%
2.0,10.176066741572601,8.176066741572601,8.176066741572601,0-25%
2.0,10.176066741572601,8.176066741572601,8.176066741572601,0-25%
2.0,10.176066741572601,8.176066741572601,8.176066741572601,0-25%
2.0,10.025878263670343,8.025878263670343,8.025878263670343,0-25%
2.0,10.010931306818325,8.010931306818325,8.010931306818325,0-25%
2.0,9.809420130349842,7.809420130349842,7.809420130349842,0-25%
2.0,10.12999485040533,8.12999485040533,8.12999485040533,0-25%
2.0,10.132866407570052,8.132866407570052,8.132866407570052,0-25%
2.0,10.160916185456633,8.160916185456633,8.160916185456633,0-25%
2.0,10.527502878358884,8.527502878358884,8.527502878358884,0-25%
2.0,10.025878263670343,8.025878263670343,8.025878263670343,0-25%
2.0,10.025878263670343,8.025878263670343,8.025878263670343,0-25%
2.0,10.176066741572601,8.176066741572601,8.176066741572601,0-25%
2.0,10.160916185456633,8.160916185456633,8.160916185456633,0-25%
2.0,10.102022784470504,8.102022784470504,8.102022784470504,0-25%
2.0,10.160916185456633,8.160916185456633,8.160916185456633,0-25%
2.0,10.51187590660988,8.51187590660988,8.51187590660988,0-25%
2.0,10.147978887086676,8.147978887086676,8.147978887086676,0-25%
2.0,10.132866407570052,8.132866407570052,8.132866407570052,0-25%
2.0,9.859159849061875,7.859159849061875,7.859159849061875,0-25%
2.0,10.51187590660988,8.51187590660988,8.51187590660988,0-25%
2.0,10.176066741572601,8.176066741572601,8.176066741572601,0-25%
11.0,9.622285536661666,-1.377714463338334,1.377714463338334,50-75%
11.0,9.49855129680811,-1.5014487031918904,1.5014487031918904,50-75%
11.0,9.622285536661666,-1.377714463338334,1.377714463338334,50-75%
14.5,9.769415598097932,-4.7305844019020675,4.7305844019020675,50-75%
14.5,9.459976654869747,-5.040023345130253,5.040023345130253,50-75%
14.5,9.622285536661666,-4.877714463338334,4.877714463338334,50-75%
11.0,9.622285536661666,-1.377714463338334,1.377714463338334,50-75%
11.0,9.287583032546145,-1.712416967453855,1.712416967453855,50-75%
11.0,9.595589453203978,-1.4044105467960222,1.4044105467960222,50-75%
18.0,9.690538789291494,-8.309461210708506,8.309461210708506,75-100%
14.5,9.459976654869747,-5.040023345130253,5.040023345130253,50-75%
14.5,9.549479409680856,-4.950520590319144,4.950520590319144,50-75%
14.5,9.576059316726123,-4.923940683273877,4.923940683273877,50-75%
14.5,9.576059316726123,-4.923940683273877,4.923940683273877,50-75%
14.5,9.622285536661666,-4.877714463338334,4.877714463338334,50-75%
14.5,9.622285536661666,-4.877714463338334,4.877714463338334,50-75%
11.0,9.719122537109541,-1.2808774628904587,1.2808774628904587,50-75%
11.0,9.719122537109541,-1.2808774628904587,1.2808774628904587,50-75%
18.0,9.463298059708341,-8.536701940291659,8.536701940291659,75-100%
14.5,9.627315455815253,-4.872684544184747,4.872684544184747,50-75%
14.5,9.576059316726123,-4.923940683273877,4.923940683273877,50-75%
14.5,9.549479409680856,-4.950520590319144,4.950520590319144,50-75%
14.5,9.549479409680856,-4.950520590319144,4.950520590319144,50-75%
14.5,9.595589453203978,-4.904410546796022,4.904410546796022,50-75%
14.5,9.673765707924558,-4.826234292075442,4.826234292075442,50-75%
11.0,9.719122537109541,-1.2808774628904587,1.2808774628904587,50-75%
18.0,9.386663301487463,-8.613336698512537,8.613336698512537,75-100%
18.0,9.463298059708341,-8.536701940291659,8.536701940291659,75-100%
14.5,9.463298059708341,-5.036701940291659,5.036701940291659,50-75%
14.5,9.549479409680856,-4.950520590319144,4.950520590319144,50-75%
14.5,9.549479409680856,-4.950520590319144,4.950520590319144,50-75%
14.5,9.549479409680856,-4.950520590319144,4.950520590319144,50-75%
14.5,9.287583032546145,-5.212416967453855,5.212416967453855,50-75%
14.5,9.746129867952972,-4.7538701320470285,4.7538701320470285,50-75%
11.0,9.71894192688941,-1.2810580731105894,1.2810580731105894,50-75%
2.0,9.729771243939727,7.729771243939727,7.729771243939727,0-25%
2.0,9.702805025829559,7.702805025829559,7.702805025829559,0-25%
18.0,9.437001545904362,-8.562998454095638,8.562998454095638,75-100%
18.0,9.542736080245113,-8.457263919754887,8.457263919754887,75-100%
14.5,9.654091474421165,-4.845908525578835,4.845908525578835,50-75%
14.5,9.654091474421165,-4.845908525578835,4.845908525578835,50-75%
14.5,9.549479409680856,-4.950520590319144,4.950520590319144,50-75%
14.5,9.654091474421165,-4.845908525578835,4.845908525578835,50-75%
14.5,9.746129867952972,-4.7538701320470285,4.7538701320470285,50-75%
3.0,9.729771243939727,6.729771243939727,6.729771243939727,0-25%
3.0,9.702805025829559,6.702805025829559,6.702805025829559,0-25%
2.0,9.702805025829559,7.702805025829559,7.702805025829559,0-25%
2.0,9.76539997820064,7.765399978200641,7.765399978200641,0-25%
18.0,9.623242242853859,-8.376757757146141,8.376757757146141,75-100%
18.0,9.637662925265541,-8.362337074734459,8.362337074734459,75-100%
18.0,9.610928195129782,-8.389071804870218,8.389071804870218,75-100%
18.0,9.637662925265541,-8.362337074734459,8.362337074734459,75-100%
3.0,9.702805025829559,6.702805025829559,6.702805025829559,0-25%
3.0,9.729771243939727,6.729771243939727,6.729771243939727,0-25%
3.0,9.729771243939727,6.729771243939727,6.729771243939727,0-25%
3.0,9.612464715893694,6.612464715893694,6.612464715893694,0-25%
3.0,9.733267628428965,6.733267628428965,6.733267628428965,0-25%
3.0,9.702805025829559,6.702805025829559,6.702805025829559,0-25%
3.0,9.719122537109541,6.719122537109541,6.719122537109541,0-25%
2.0,9.729771243939727,7.729771243939727,7.729771243939727,0-25%
3.0,9.729771243939727,6.729771243939727,6.729771243939727,0-25%
3.0,9.690280791502058,6.690280791502058,6.690280791502058,0-25%
3.0,9.702805025829559,6.702805025829559,6.702805025829559,0-25%
3.0,9.702805025829559,6.702805025829559,6.702805025829559,0-25%
3.0,9.729771243939727,6.729771243939727,6.729771243939727,0-25%
3.0,9.669867172279346,6.669867172279346,6.669867172279346,0-25%
3.0,9.669867172279346,6.669867172279346,6.669867172279346,0-25%
4.0,9.746129867952972,5.7461298679529715,5.7461298679529715,0-25%
3.0,9.34977403171579,6.349774031715789,6.349774031715789,0-25%
3.0,9.729771243939727,6.729771243939727,6.729771243939727,0-25%
3.0,9.702805025829559,6.702805025829559,6.702805025829559,0-25%
3.0,9.537448803756023,6.537448803756023,6.537448803756023,0-25%
3.0,9.044067062554277,6.0440670625542765,6.0440670625542765,0-25%
4.0,9.612586223208046,5.612586223208046,5.612586223208046,0-25%
9.0,9.59654375498817,0.5965437549881702,0.5965437549881702,50-75%
6.5,9.623019977514453,3.1230199775144527,3.1230199775144527,25-50%
5.0,8.955988287488438,3.955988287488438,3.955988287488438,0-25%
5.0,9.583918632249198,4.583918632249198,4.583918632249198,0-25%
5.0,9.702805025829559,4.702805025829559,4.702805025829559,0-25%
5.0,9.729771243939727,4.729771243939727,4.729771243939727,0-25%
9.0,9.49769959483605,0.49769959483604964,0.49769959483604964,50-75%
9.0,9.080820194022264,0.08082019402226415,0.08082019402226415,50-75%
6.5,9.563998399126682,3.0639983991266817,3.0639983991266817,25-50%
6.5,9.729771243939727,3.2297712439397266,3.2297712439397266,25-50%
6.5,9.623019977514453,3.1230199775144527,3.1230199775144527,25-50%
6.5,9.623019977514453,3.1230199775144527,3.1230199775144527,25-50%
4.0,9.5636478140411,5.563647814041101,5.563647814041101,0-25%
9.0,9.40759872803145,0.40759872803145036,0.40759872803145036,50-75%
6.5,9.623019977514453,3.1230199775144527,3.1230199775144527,25-50%
9.0,8.736590345918536,-0.2634096540814639,0.2634096540814639,50-75%
9.0,8.8424312822972,-0.1575687177027998,0.1575687177027998,50-75%
9.0,9.06242718294419,0.06242718294418914,0.06242718294418914,50-75%
9.0,9.06242718294419,0.06242718294418914,0.06242718294418914,50-75%
9.0,9.06242718294419,0.06242718294418914,0.06242718294418914,50-75%
9.0,8.923843708277069,-0.07615629172293126,0.07615629172293126,50-75%
8.0,9.140767088153702,1.1407670881537015,1.1407670881537015,25-50%
8.0,9.68816913009281,1.6881691300928097,1.6881691300928097,25-50%
8.0,9.047551762217811,1.047551762217811,1.047551762217811,25-50%
8.0,9.047551762217811,1.047551762217811,1.047551762217811,25-50%
8.0,8.972996069634734,0.9729960696347337,0.9729960696347337,25-50%
8.0,8.972996069634734,0.9729960696347337,0.9729960696347337,25-50%
8.0,9.201109794791176,1.2011097947911757,1.2011097947911757,25-50%
8.0,9.803452142277537,1.8034521422775374,1.8034521422775374,25-50%
8.0,9.66130746702397,1.6613074670239705,1.6613074670239705,25-50%
8.0,9.047551762217811,1.047551762217811,1.047551762217811,25-50%
8.0,8.93950505543115,0.9395050554311499,0.9395050554311499,25-50%
8.0,9.226811968289454,1.2268119682894536,1.2268119682894536,25-50%
8.0,9.248050363815675,1.2480503638156755,1.2480503638156755,25-50%
8.0,9.113611061161265,1.113611061161265,1.113611061161265,25-50%
8.0,9.106451692407202,1.1064516924072016,1.1064516924072016,25-50%
7.0,8.904439541681064,1.9044395416810644,1.9044395416810644,25-50%
6.0,8.298371499269287,2.2983714992692867,2.2983714992692867,25-50%
8.0,9.71590182555569,1.7159018255556902,1.7159018255556902,25-50%
8.0,9.674355425931035,1.6743554259310347,1.6743554259310347,25-50%
8.0,9.614696348129948,1.6146963481299483,1.6146963481299483,25-50%
7.0,8.978482722338239,1.9784827223382386,1.9784827223382386,25-50%
7.0,8.978482722338239,1.9784827223382386,1.9784827223382386,25-50%
6.0,8.065302900234048,2.065302900234048,2.065302900234048,25-50%
6.0,8.065302900234048,2.065302900234048,2.065302900234048,25-50%
6.0,8.147086340994438,2.147086340994438,2.147086340994438,25-50%
8.0,9.20324600042805,1.2032460004280505,1.2032460004280505,25-50%
8.0,9.75621956842793,1.7562195684279303,1.7562195684279303,25-50%
7.0,9.58801933793194,2.5880193379319394,2.5880193379319394,25-50%
7.0,9.057722415925396,2.0577224159253955,2.0577224159253955,25-50%
7.0,8.978482722338239,1.9784827223382386,1.9784827223382386,25-50%
6.0,8.298371499269287,2.2983714992692867,2.2983714992692867,25-50%
6.0,8.147086340994438,2.147086340994438,2.147086340994438,25-50%
6.0,8.147086340994438,2.147086340994438,2.147086340994438,25-50%
6.0,8.147086340994438,2.147086340994438,2.147086340994438,25-50%
8.0,9.515903959645197,1.5159039596451969,1.5159039596451969,25-50%
8.0,9.20324600042805,1.2032460004280505,1.2032460004280505,25-50%
7.0,8.942803644516587,1.9428036445165873,1.9428036445165873,25-50%
7.0,8.978482722338239,1.9784827223382386,1.9784827223382386,25-50%
6.0,8.147086340994438,2.147086340994438,2.147086340994438,25-50%
7.0,9.153769635344883,2.153769635344883,2.153769635344883,25-50%
7.0,8.755143451610879,1.7551434516108788,1.7551434516108788,25-50%
6.5,9.669052020727102,3.1690520207271025,3.1690520207271025,25-50%
6.5,9.044087915399869,2.544087915399869,2.544087915399869,25-50%
6.5,8.978482722338239,2.4784827223382386,2.4784827223382386,25-50%
6.0,8.765517662159569,2.765517662159569,2.765517662159569,25-50%
6.0,8.710938087587847,2.710938087587847,2.710938087587847,25-50%
7.0,9.60821475075588,2.608214750755881,2.608214750755881,25-50%
7.0,9.687303217956133,2.687303217956133,2.687303217956133,25-50%
7.0,9.22619298573475,2.22619298573475,2.22619298573475,25-50%
6.5,9.75621956842793,3.2562195684279303,3.2562195684279303,25-50%
6.5,9.75621956842793,3.2562195684279303,3.2562195684279303,25-50%
6.5,9.087961405528437,2.5879614055284375,2.5879614055284375,25-50%
6.5,9.63919803464955,3.1391980346495494,3.1391980346495494,25-50%
6.0,8.827071805383744,2.827071805383744,2.827071805383744,25-50%
6.0,8.81568064735185,2.8156806473518508,2.8156806473518508,25-50%
7.0,9.581554030203247,2.5815540302032467,2.5815540302032467,25-50%
7.0,9.221367068520717,2.221367068520717,2.221367068520717,25-50%
7.0,9.60821475075588,2.608214750755881,2.608214750755881,25-50%
7.0,9.687303217956133,2.687303217956133,2.687303217956133,25-50%
7.0,9.581554030203247,2.5815540302032467,2.5815540302032467,25-50%
7.0,9.714230378535941,2.714230378535941,2.714230378535941,25-50%
7.0,9.714230378535941,2.714230378535941,2.714230378535941,25-50%
7.0,9.559624470745865,2.559624470745865,2.559624470745865,25-50%
7.0,9.530518601039013,2.530518601039013,2.530518601039013,25-50%
7.0,9.333540084677097,2.3335400846770966,2.3335400846770966,25-50%
7.0,9.30756968051485,2.3075696805148507,2.3075696805148507,25-50%
7.0,9.687303217956133,2.687303217956133,2.687303217956133,25-50%
7.0,9.687303217956133,2.687303217956133,2.687303217956133,25-50%
7.0,9.728774574181898,2.728774574181898,2.728774574181898,25-50%
7.0,9.728774574181898,2.728774574181898,2.728774574181898,25-50%
7.0,9.631847526039225,2.631847526039225,2.631847526039225,25-50%
7.0,9.687303217956133,2.687303217956133,2.687303217956133,25-50%
7.0,9.701810860916751,2.7018108609167513,2.7018108609167513,25-50%
7.0,9.728774574181898,2.728774574181898,2.728774574181898,25-50%
3.0,9.918768810998872,6.918768810998872,6.918768810998872,0-25%
3.0,9.891327601437373,6.891327601437373,6.891327601437373,0-25%
3.0,9.891327601437373,6.891327601437373,6.891327601437373,0-25%
3.0,9.706851856356948,6.706851856356948,6.706851856356948,0-25%
3.0,9.891327601437373,6.891327601437373,6.891327601437373,0-25%
3.0,9.831428566990486,6.8314285669904855,6.8314285669904855,0-25%
3.0,9.843998506758345,6.843998506758345,6.843998506758345,0-25%
3.0,9.858718858131667,6.858718858131667,6.858718858131667,0-25%
3.0,9.802940982578408,6.8029409825784075,6.8029409825784075,0-25%
3.0,9.891327601437373,6.891327601437373,6.891327601437373,0-25%
3.0,9.843998506758345,6.843998506758345,6.843998506758345,0-25%
3.0,9.858718858131667,6.858718858131667,6.858718858131667,0-25%
3.0,10.45132185580486,7.45132185580486,7.45132185580486,0-25%
3.0,9.842314202675446,6.842314202675446,6.842314202675446,0-25%
3.0,9.842314202675446,6.842314202675446,6.842314202675446,0-25%
3.0,9.857032267664467,6.857032267664467,6.857032267664467,0-25%
3.0,9.843998506758345,6.843998506758345,6.843998506758345,0-25%
3.0,10.45132185580486,7.45132185580486,7.45132185580486,0-25%
3.0,10.45132185580486,7.45132185580486,7.45132185580486,0-25%
3.0,9.842314202675446,6.842314202675446,6.842314202675446,0-25%
3.0,9.815065139954426,6.8150651399544255,6.8150651399544255,0-25%
3.0,9.857032267664467,6.857032267664467,6.857032267664467,0-25%
3.0,9.857032267664467,6.857032267664467,6.857032267664467,0-25%
3.0,10.45132185580486,7.45132185580486,7.45132185580486,0-25%
3.0,9.815065139954426,6.8150651399544255,6.8150651399544255,0-25%
3.0,9.857032267664467,6.857032267664467,6.857032267664467,0-25%
3.0,9.857032267664467,6.857032267664467,6.857032267664467,0-25%
3.0,10.45132185580486,7.45132185580486,7.45132185580486,0-25%
3.0,9.817605599788534,6.817605599788534,6.817605599788534,0-25%
3.0,9.77440085325356,6.77440085325356,6.77440085325356,0-25%
3.0,9.77440085325356,6.77440085325356,6.77440085325356,0-25%
3.0,10.157535544185194,7.157535544185194,7.157535544185194,0-25%
3.0,9.699658206143994,6.699658206143994,6.699658206143994,0-25%
3.0,9.699658206143994,6.699658206143994,6.699658206143994,0-25%
3.0,9.714182620572004,6.714182620572004,6.714182620572004,0-25%
3.0,9.77440085325356,6.77440085325356,6.77440085325356,0-25%
3.0,9.77440085325356,6.77440085325356,6.77440085325356,0-25%
3.0,10.170611188443118,7.170611188443118,7.170611188443118,0-25%
3.0,9.305379156772899,6.305379156772899,6.305379156772899,0-25%
3.0,9.445387987852191,6.445387987852191,6.445387987852191,0-25%
3.0,9.687255580018206,6.687255580018206,6.687255580018206,0-25%
3.0,9.544681660419258,6.544681660419258,6.544681660419258,0-25%
3.0,9.558995699568603,6.558995699568603,6.558995699568603,0-25%
3.0,9.305576336074958,6.305576336074958,6.305576336074958,0-25%
3.0,9.194559893888957,6.1945598938889574,6.1945598938889574,0-25%
3.0,9.445387987852191,6.445387987852191,6.445387987852191,0-25%
3.0,9.126055317431994,6.1260553174319945,6.1260553174319945,0-25%
3.0,9.126055317431994,6.1260553174319945,6.1260553174319945,0-25%
3.0,8.9215556954785,5.921555695478499,5.921555695478499,0-25%
3.0,8.822898055122824,5.822898055122824,5.822898055122824,0-25%
3.0,9.1273639368247,6.1273639368247,6.1273639368247,0-25%
3.0,8.847746506427558,5.847746506427558,5.847746506427558,0-25%
3.0,8.9215556954785,5.921555695478499,5.921555695478499,0-25%
3.0,9.255663864918159,6.255663864918159,6.255663864918159,0-25%
3.0,9.22095966935697,6.22095966935697,6.22095966935697,0-25%
3.0,9.651049319156783,6.651049319156783,6.651049319156783,0-25%
3.0,9.710912716012853,6.710912716012853,6.710912716012853,0-25%
3.0,9.753862878658216,6.753862878658216,6.753862878658216,0-25%
3.0,9.753862878658216,6.753862878658216,6.753862878658216,0-25%
3.0,9.624280946139999,6.624280946139999,6.624280946139999,0-25%
3.0,9.710912716012853,6.710912716012853,6.710912716012853,0-25%
3.0,9.710912716012853,6.710912716012853,6.710912716012853,0-25%
3.0,9.753862878658216,6.753862878658216,6.753862878658216,0-25%
3.0,9.765931955602284,6.765931955602284,6.765931955602284,0-25%
3.0,9.671980054592595,6.671980054592595,6.671980054592595,0-25%
3.0,9.726836113099116,6.726836113099116,6.726836113099116,0-25%
3.0,9.726836113099116,6.726836113099116,6.726836113099116,0-25%
3.0,9.753862878658216,6.753862878658216,6.753862878658216,0-25%
3.0,9.710912716012853,6.710912716012853,6.710912716012853,0-25%
3.0,9.726836113099116,6.726836113099116,6.726836113099116,0-25%
3.0,9.624280946139999,6.624280946139999,6.624280946139999,0-25%
3.0,9.710912716012853,6.710912716012853,6.710912716012853,0-25%
3.0,9.683993893431047,6.683993893431047,6.683993893431047,0-25%
3.0,9.710912716012853,6.710912716012853,6.710912716012853,0-25%
3.0,9.710912716012853,6.710912716012853,6.710912716012853,0-25%
3.0,9.651049319156783,6.651049319156783,6.651049319156783,0-25%
3.0,9.707809250411355,6.707809250411355,6.707809250411355,0-25%
3.0,9.205796966933077,6.205796966933077,6.205796966933077,0-25%
3.0,9.230323305243052,6.2303233052430524,6.2303233052430524,0-25%
3.0,9.322345641671005,6.322345641671005,6.322345641671005,0-25%
3.0,9.29664330688158,6.296643306881579,6.296643306881579,0-25%
3.0,9.624280946139999,6.624280946139999,6.624280946139999,0-25%
3.0,9.56939357502236,6.56939357502236,6.56939357502236,0-25%
3.0,9.651049319156783,6.651049319156783,6.651049319156783,0-25%
3.0,9.228200155090288,6.228200155090288,6.228200155090288,0-25%
3.0,9.228200155090288,6.228200155090288,6.228200155090288,0-25%
3.0,9.255663864918159,6.255663864918159,6.255663864918159,0-25%
3.0,9.651049319156783,6.651049319156783,6.651049319156783,0-25%
6.0,9.799207540061072,3.7992075400610723,3.7992075400610723,25-50%
6.0,9.724590195006206,3.724590195006206,3.724590195006206,25-50%
6.0,9.771885311338718,3.7718853113387176,3.7718853113387176,25-50%
6.0,9.737616521338285,3.7376165213382855,3.7376165213382855,25-50%
6.0,9.722568164931241,3.722568164931241,3.722568164931241,25-50%
6.0,9.799207540061072,3.7992075400610723,3.7992075400610723,25-50%
6.0,9.66500429173095,3.66500429173095,3.66500429173095,25-50%
6.0,9.578743837370887,3.5787438373708866,3.5787438373708866,25-50%
6.0,9.76984545669608,3.76984545669608,3.76984545669608,25-50%
6.0,9.8090980543231,3.8090980543230994,3.8090980543230994,25-50%
6.0,9.8090980543231,3.8090980543230994,3.8090980543230994,25-50%
6.0,9.589495750827608,3.5894957508276075,3.5894957508276075,25-50%
6.0,9.038014447883832,3.038014447883832,3.038014447883832,25-50%
6.0,9.66500429173095,3.66500429173095,3.66500429173095,25-50%
6.0,9.666879093894417,3.6668790938944174,3.6668790938944174,25-50%
6.0,9.726831460772019,3.7268314607720185,3.7268314607720185,25-50%
6.0,9.8090980543231,3.8090980543230994,3.8090980543230994,25-50%
6.0,9.742778523487965,3.7427785234879654,3.7427785234879654,25-50%
6.0,9.19756443791169,3.1975644379116908,3.1975644379116908,25-50%
6.0,9.430164428433311,3.4301644284333115,3.4301644284333115,25-50%
6.0,9.666879093894417,3.6668790938944174,3.6668790938944174,25-50%
6.0,9.86835827107085,3.86835827107085,3.86835827107085,25-50%
6.0,9.61582416420892,3.61582416420892,3.61582416420892,25-50%
6.0,8.948338774162817,2.948338774162817,2.948338774162817,25-50%
6.0,8.844048377134321,2.844048377134321,2.844048377134321,25-50%
6.0,8.844048377134321,2.844048377134321,2.844048377134321,25-50%
6.0,8.613097273635711,2.613097273635711,2.613097273635711,25-50%
6.0,8.73992978696506,2.7399297869650603,2.7399297869650603,25-50%
8.0,9.811940131887177,1.8119401318871766,1.8119401318871766,25-50%
8.0,9.214899872077636,1.2148998720776358,1.2148998720776358,25-50%
8.0,9.832811468132775,1.8328114681327747,1.8328114681327747,25-50%
8.0,9.97724276541818,1.9772427654181808,1.9772427654181808,25-50%
8.0,9.868483299643538,1.8684832996435379,1.8684832996435379,25-50%
8.0,9.760941363422239,1.7609413634222388,1.7609413634222388,25-50%
8.0,9.895866951917647,1.8958669519176468,1.8958669519176468,25-50%
8.0,9.992143991245213,1.9921439912452126,1.9921439912452126,25-50%
8.0,9.97724276541818,1.9772427654181808,1.9772427654181808,25-50%
8.0,9.895866951917647,1.8958669519176468,1.8958669519176468,25-50%
8.0,9.738640035774807,1.7386400357748073,1.7386400357748073,25-50%
8.0,9.709040739078613,1.7090407390786133,1.7090407390786133,25-50%
8.0,9.97724276541818,1.9772427654181808,1.9772427654181808,25-50%
8.0,9.949654598258725,1.949654598258725,1.949654598258725,25-50%
8.0,9.949654598258725,1.949654598258725,1.949654598258725,25-50%
8.0,9.992143991245213,1.9921439912452126,1.9921439912452126,25-50%
8.0,9.910657712903939,1.910657712903939,1.910657712903939,25-50%
8.0,9.910657712903939,1.910657712903939,1.910657712903939,25-50%
8.0,9.812087476564763,1.8120874765647628,1.8120874765647628,25-50%
8.0,9.868483299643538,1.8684832996435379,1.8684832996435379,25-50%
8.0,9.214899872077636,1.2148998720776358,1.2148998720776358,25-50%
8.0,8.923855218891473,0.9238552188914735,0.9238552188914735,25-50%
8.0,9.214899872077636,1.2148998720776358,1.2148998720776358,25-50%
8.0,9.832811468132775,1.8328114681327747,1.8328114681327747,25-50%
8.0,9.88323688827287,1.8832368882728705,1.8832368882728705,25-50%
8.0,9.910657712903939,1.910657712903939,1.910657712903939,25-50%
8.0,9.868483299643538,1.8684832996435379,1.8684832996435379,25-50%
8.0,9.895866951917647,1.8958669519176468,1.8958669519176468,25-50%
8.0,8.87124475958538,0.8712447595853803,0.8712447595853803,25-50%
8.0,9.71803535077667,1.7180353507766704,1.7180353507766704,25-50%
8.0,9.599950150336031,1.5999501503360314,1.5999501503360314,25-50%
8.0,9.024989638418525,1.0249896384185249,1.0249896384185249,25-50%
8.0,9.460483019646647,1.460483019646647,1.460483019646647,25-50%
8.0,9.614339214541028,1.6143392145410278,1.6143392145410278,25-50%
5.0,9.442205647403247,4.442205647403247,4.442205647403247,0-25%
5.0,9.442205647403247,4.442205647403247,4.442205647403247,0-25%
5.0,9.415962143358541,4.415962143358541,4.415962143358541,0-25%
5.0,9.456380578923797,4.456380578923797,4.456380578923797,0-25%
5.0,9.442205647403247,4.442205647403247,4.442205647403247,0-25%
5.0,9.442205647403247,4.442205647403247,4.442205647403247,0-25%
5.0,9.442205647403247,4.442205647403247,4.442205647403247,0-25%
5.0,9.415962143358541,4.415962143358541,4.415962143358541,0-25%
5.0,9.415962143358541,4.415962143358541,4.415962143358541,0-25%
12.0,9.112555049594551,-2.887444950405449,2.887444950405449,50-75%
19.0,8.94206786000473,-10.05793213999527,10.05793213999527,75-100%
19.0,9.826002578252748,-9.173997421747252,9.173997421747252,75-100%
19.0,9.826002578252748,-9.173997421747252,9.173997421747252,75-100%
19.0,9.518801829080791,-9.481198170919209,9.481198170919209,75-100%
5.0,9.362731422684918,4.362731422684918,4.362731422684918,0-25%
5.0,9.310140567677223,4.310140567677223,4.310140567677223,0-25%
5.0,9.415962143358541,4.415962143358541,4.415962143358541,0-25%
5.0,9.430101450233757,4.430101450233757,4.430101450233757,0-25%
12.0,9.112555049594551,-2.887444950405449,2.887444950405449,50-75%
12.0,9.126282491876962,-2.873717508123038,2.873717508123038,50-75%
19.0,9.853279198361388,-9.146720801638612,9.146720801638612,75-100%
19.0,9.826002578252748,-9.173997421747252,9.173997421747252,75-100%
19.0,9.853279198361388,-9.146720801638612,9.146720801638612,75-100%
19.0,9.853279198361388,-9.146720801638612,9.146720801638612,75-100%
19.0,9.826002578252748,-9.173997421747252,9.173997421747252,75-100%
19.0,9.826002578252748,-9.173997421747252,9.173997421747252,75-100%
5.0,9.895866951917647,4.895866951917647,4.895866951917647,0-25%
5.0,9.856299258192259,4.856299258192259,4.856299258192259,0-25%
5.0,9.415962143358541,4.415962143358541,4.415962143358541,0-25%
5.0,9.442205647403247,4.442205647403247,4.442205647403247,0-25%
12.0,9.126282491876962,-2.873717508123038,2.873717508123038,50-75%
19.0,9.853279198361388,-9.146720801638612,9.146720801638612,75-100%
19.0,9.826002578252748,-9.173997421747252,9.173997421747252,75-100%
19.0,9.853279198361388,-9.146720801638612,9.146720801638612,75-100%
19.0,9.853279198361388,-9.146720801638612,9.146720801638612,75-100%
19.0,9.853279198361388,-9.146720801638612,9.146720801638612,75-100%
5.0,9.895866951917647,4.895866951917647,4.895866951917647,0-25%
5.0,9.895866951917647,4.895866951917647,4.895866951917647,0-25%
5.0,9.910657712903939,4.910657712903939,4.910657712903939,0-25%
5.0,9.442205647403247,4.442205647403247,4.442205647403247,0-25%
12.0,10.054377486995655,-1.945622513004345,1.945622513004345,50-75%
19.0,9.941850217144985,-9.058149782855015,9.058149782855015,75-100%
19.0,9.633917937015418,-9.366082062984582,9.366082062984582,75-100%
19.0,9.853279198361388,-9.146720801638612,9.146720801638612,75-100%
19.0,9.853279198361388,-9.146720801638612,9.146720801638612,75-100%
19.0,9.853279198361388,-9.146720801638612,9.146720801638612,75-100%
5.0,9.868483299643538,4.868483299643538,4.868483299643538,0-25%
5.0,9.910657712903939,4.910657712903939,4.910657712903939,0-25%
5.0,9.910657712903939,4.910657712903939,4.910657712903939,0-25%
5.0,10.41472975495559,5.414729754955591,5.414729754955591,0-25%
19.0,9.58764958658359,-9.41235041341641,9.41235041341641,75-100%
19.0,8.67592780662782,-10.32407219337218,10.32407219337218,75-100%
19.0,9.853279198361388,-9.146720801638612,9.146720801638612,75-100%
5.0,10.507882637605881,5.507882637605881,5.507882637605881,0-25%
12.0,10.478960858554238,-1.5210391414457618,1.5210391414457618,50-75%
19.0,8.898332584509857,-10.101667415490143,10.101667415490143,75-100%
5.0,9.88323688827287,4.8832368882728705,4.8832368882728705,0-25%
5.0,9.910657712903939,4.910657712903939,4.910657712903939,0-25%
5.0,10.507882637605881,5.507882637605881,5.507882637605881,0-25%
5.0,10.507882637605881,5.507882637605881,5.507882637605881,0-25%
5.0,10.507882637605881,5.507882637605881,5.507882637605881,0-25%
5.0,10.507882637605881,5.507882637605881,5.507882637605881,0-25%
5.0,10.134916083868944,5.134916083868944,5.134916083868944,0-25%
5.0,9.910657712903939,4.910657712903939,4.910657712903939,0-25%
5.0,9.87103630740846,4.87103630740846,4.87103630740846,0-25%
5.0,9.868483299643538,4.868483299643538,4.868483299643538,0-25%
5.0,10.507882637605881,5.507882637605881,5.507882637605881,0-25%
5.0,10.507882637605881,5.507882637605881,5.507882637605881,0-25%
5.0,10.507882637605881,5.507882637605881,5.507882637605881,0-25%
5.0,9.812939971940668,4.8129399719406685,4.8129399719406685,0-25%
5.0,9.87103630740846,4.87103630740846,4.87103630740846,0-25%
5.0,9.827618162431602,4.827618162431602,4.827618162431602,0-25%
5.0,9.827618162431602,4.827618162431602,4.827618162431602,0-25%
5.0,10.212645246043056,5.212645246043056,5.212645246043056,0-25%
5.0,10.507882637605881,5.507882637605881,5.507882637605881,0-25%
5.0,9.752506343744496,4.752506343744496,4.752506343744496,0-25%
5.0,9.767102497683943,4.767102497683943,4.767102497683943,0-25%
5.0,9.827618162431602,4.827618162431602,4.827618162431602,0-25%
5.0,9.827618162431602,4.827618162431602,4.827618162431602,0-25%
5.0,10.225785473994556,5.225785473994556,5.225785473994556,0-25%
5.0,9.496980224822497,4.496980224822497,4.496980224822497,0-25%
5.0,9.74004245812056,4.740042458120559,4.740042458120559,0-25%
5.0,9.319968600885288,4.319968600885288,4.319968600885288,0-25%
5.0,9.496980224822497,4.496980224822497,4.496980224822497,0-25%
5.0,9.578242213841383,4.578242213841383,4.578242213841383,0-25%
5.0,9.520294305182869,4.520294305182869,4.520294305182869,0-25%
5.0,9.594077517253776,4.594077517253776,4.594077517253776,0-25%
5.0,9.636862594150175,4.636862594150175,4.636862594150175,0-25%
5.0,9.783377626707134,4.783377626707134,4.783377626707134,0-25%
5.0,9.722172843844106,4.722172843844106,4.722172843844106,0-25%
5.0,9.131544850109158,4.131544850109158,4.131544850109158,0-25%
5.0,9.512847047632961,4.512847047632961,4.512847047632961,0-25%
5.0,9.520294305182869,4.520294305182869,4.520294305182869,0-25%
5.0,9.578242213841383,4.578242213841383,4.578242213841383,0-25%
5.0,9.683235909956414,4.683235909956414,4.683235909956414,0-25%
5.0,9.749187860078095,4.749187860078095,4.749187860078095,0-25%
5.0,9.749187860078095,4.749187860078095,4.749187860078095,0-25%
5.0,9.594077517253776,4.594077517253776,4.594077517253776,0-25%
5.0,9.520294305182869,4.520294305182869,4.520294305182869,0-25%
5.0,9.26039903994273,4.26039903994273,4.26039903994273,0-25%
5.0,9.578242213841383,4.578242213841383,4.578242213841383,0-25%
5.0,9.749187860078095,4.749187860078095,4.749187860078095,0-25%
5.0,9.722172843844106,4.722172843844106,4.722172843844106,0-25%
5.0,9.749187860078095,4.749187860078095,4.749187860078095,0-25%
5.0,9.578242213841383,4.578242213841383,4.578242213841383,0-25%
5.0,9.578242213841383,4.578242213841383,4.578242213841383,0-25%
5.0,9.566428715894345,4.566428715894345,4.566428715894345,0-25%
5.0,9.768759409794974,4.768759409794974,4.768759409794974,0-25%
5.0,9.749187860078095,4.749187860078095,4.749187860078095,0-25%
5.0,9.749187860078095,4.749187860078095,4.749187860078095,0-25%
5.0,9.749187860078095,4.749187860078095,4.749187860078095,0-25%
5.0,9.594077517253776,4.594077517253776,4.594077517253776,0-25%
5.0,9.578242213841383,4.578242213841383,4.578242213841383,0-25%
5.0,9.520294305182869,4.520294305182869,4.520294305182869,0-25%
5.0,9.364346062905211,4.364346062905211,4.364346062905211,0-25%
5.0,9.749187860078095,4.749187860078095,4.749187860078095,0-25%
5.0,9.80206807109087,4.80206807109087,4.80206807109087,0-25%
4.0,10.526162950798884,6.526162950798884,6.526162950798884,0-25%
4.0,10.661125288309137,6.661125288309137,6.661125288309137,0-25%
4.0,10.661125288309137,6.661125288309137,6.661125288309137,0-25%
4.0,10.524607420209517,6.524607420209517,6.524607420209517,0-25%
4.0,10.784789247275562,6.784789247275562,6.784789247275562,0-25%
4.0,10.526162950798884,6.526162950798884,6.526162950798884,0-25%
4.0,10.690506039166099,6.690506039166099,6.690506039166099,0-25%
4.0,10.661125288309137,6.661125288309137,6.661125288309137,0-25%
4.0,10.661125288309137,6.661125288309137,6.661125288309137,0-25%
4.0,10.524607420209517,6.524607420209517,6.524607420209517,0-25%
4.0,10.524607420209517,6.524607420209517,6.524607420209517,0-25%
4.0,10.784789247275562,6.784789247275562,6.784789247275562,0-25%
4.5,9.996384660454337,5.496384660454337,5.496384660454337,0-25%
4.5,9.996384660454337,5.496384660454337,5.496384660454337,0-25%
4.333333333333333,9.968748385604153,5.63541505227082,5.63541505227082,0-25%
4.333333333333333,10.186681936519307,5.853348603185974,5.853348603185974,0-25%
4.0,10.892587842808638,6.892587842808638,6.892587842808638,0-25%
4.0,11.31273985962386,7.312739859623861,7.312739859623861,0-25%
4.0,10.21069392263989,6.210693922639891,6.210693922639891,0-25%
4.0,10.524607420209517,6.524607420209517,6.524607420209517,0-25%
4.0,10.43343458993338,6.4334345899333805,6.4334345899333805,0-25%
4.5,9.996384660454337,5.496384660454337,5.496384660454337,0-25%
4.5,9.968748385604153,5.468748385604153,5.468748385604153,0-25%
4.5,9.968748385604153,5.468748385604153,5.468748385604153,0-25%
4.333333333333333,9.968748385604153,5.63541505227082,5.63541505227082,0-25%
4.333333333333333,10.186681936519307,5.853348603185974,5.853348603185974,0-25%
4.333333333333333,10.186681936519307,5.853348603185974,5.853348603185974,0-25%
4.0,10.23872475300222,6.23872475300222,6.23872475300222,0-25%
4.0,10.562817511284491,6.562817511284491,6.562817511284491,0-25%
4.0,10.562817511284491,6.562817511284491,6.562817511284491,0-25%
4.0,10.867258203913757,6.867258203913757,6.867258203913757,0-25%
5.0,9.996384660454337,4.996384660454337,4.996384660454337,0-25%
4.5,9.968748385604153,5.468748385604153,5.468748385604153,0-25%
4.5,9.968748385604153,5.468748385604153,5.468748385604153,0-25%
4.333333333333333,9.968748385604153,5.63541505227082,5.63541505227082,0-25%
4.333333333333333,10.700136936048185,6.366803602714852,6.366803602714852,0-25%
4.333333333333333,10.769310188224495,6.435976854891162,6.435976854891162,0-25%
4.333333333333333,10.431591369614893,6.0982580362815595,6.0982580362815595,0-25%
4.333333333333333,10.383770631381381,6.050437298048048,6.050437298048048,0-25%
4.0,10.591950571096838,6.591950571096838,6.591950571096838,0-25%
4.0,10.867258203913757,6.867258203913757,6.867258203913757,0-25%
5.0,9.968748385604153,4.968748385604153,4.968748385604153,0-25%
4.5,10.186681936519307,5.686681936519307,5.686681936519307,0-25%
4.5,10.700136936048185,6.200136936048185,6.200136936048185,0-25%
4.333333333333333,10.729615978577211,6.396282645243878,6.396282645243878,0-25%
4.333333333333333,10.460393799022455,6.127060465689122,6.127060465689122,0-25%
4.333333333333333,10.460393799022455,6.127060465689122,6.127060465689122,0-25%
4.0,11.191638234476791,7.191638234476791,7.191638234476791,0-25%
4.0,10.648798100017828,6.648798100017828,6.648798100017828,0-25%
4.0,10.708920593882487,6.708920593882487,6.708920593882487,0-25%
5.0,10.460264259479843,5.4602642594798425,5.4602642594798425,0-25%
5.0,10.487632533201737,5.487632533201737,5.487632533201737,0-25%
5.0,10.700136936048185,5.700136936048185,5.700136936048185,0-25%
5.0,10.3052320634979,5.3052320634979,5.3052320634979,0-25%
4.5,10.460393799022455,5.960393799022455,5.960393799022455,0-25%
4.0,11.18380468268906,7.183804682689059,7.183804682689059,0-25%
4.0,10.708920593882487,6.708920593882487,6.708920593882487,0-25%
5.0,9.787964346886174,4.787964346886174,4.787964346886174,0-25%
5.0,10.072003711394055,5.072003711394055,5.072003711394055,0-25%
5.0,10.052852331720263,5.052852331720263,5.052852331720263,0-25%
5.0,9.7693042735607,4.769304273560699,4.769304273560699,0-25%
5.0,10.383770631381381,5.383770631381381,5.383770631381381,0-25%
5.0,9.74223870046196,4.742238700461961,4.742238700461961,0-25%
4.0,10.449091727432975,6.449091727432975,6.449091727432975,0-25%
5.0,10.098377860388453,5.098377860388453,5.098377860388453,0-25%
5.0,9.7693042735607,4.769304273560699,4.769304273560699,0-25%
6.0,8.307941381928686,2.3079413819286856,2.3079413819286856,25-50%
6.0,8.33139317581412,2.331393175814121,2.331393175814121,25-50%
6.0,8.33139317581412,2.331393175814121,2.331393175814121,25-50%
6.0,8.33139317581412,2.331393175814121,2.331393175814121,25-50%
6.0,8.33139317581412,2.331393175814121,2.331393175814121,25-50%
6.0,8.142791543095523,2.142791543095523,2.142791543095523,25-50%
6.0,8.33139317581412,2.331393175814121,2.331393175814121,25-50%
6.0,8.33139317581412,2.331393175814121,2.331393175814121,25-50%
6.0,8.33139317581412,2.331393175814121,2.331393175814121,25-50%
6.0,8.33139317581412,2.331393175814121,2.331393175814121,25-50%
6.0,8.029324944089407,2.0293249440894066,2.0293249440894066,25-50%
6.0,7.3504398283975485,1.3504398283975485,1.3504398283975485,25-50%
6.0,8.33139317581412,2.331393175814121,2.331393175814121,25-50%
5.0,8.606603305316941,3.6066033053169413,3.6066033053169413,0-25%
4.0,9.261173609778957,5.261173609778957,5.261173609778957,0-25%
4.0,9.247263305717123,5.247263305717123,5.247263305717123,0-25%
4.0,9.247263305717123,5.247263305717123,5.247263305717123,0-25%
6.0,8.33139317581412,2.331393175814121,2.331393175814121,25-50%
6.0,8.41028716838915,2.41028716838915,2.41028716838915,25-50%
6.0,7.612090079381688,1.6120900793816881,1.6120900793816881,25-50%
5.0,8.18107875807037,3.1810787580703703,3.1810787580703703,0-25%
5.0,8.37111293495869,3.37111293495869,3.37111293495869,0-25%
4.0,9.18307719558507,5.183077195585071,5.183077195585071,0-25%
4.0,9.247263305717123,5.247263305717123,5.247263305717123,0-25%
4.0,9.192661337358428,5.1926613373584285,5.1926613373584285,0-25%
6.0,8.433996827272937,2.433996827272937,2.433996827272937,25-50%
6.0,8.433996827272937,2.433996827272937,2.433996827272937,25-50%
6.0,8.433996827272937,2.433996827272937,2.433996827272937,25-50%
6.0,8.102649137459304,2.102649137459304,2.102649137459304,25-50%
5.0,8.18107875807037,3.1810787580703703,3.1810787580703703,0-25%
5.0,8.110873746158983,3.1108737461589833,3.1108737461589833,0-25%
4.0,9.18307719558507,5.183077195585071,5.183077195585071,0-25%
4.0,9.247263305717123,5.247263305717123,5.247263305717123,0-25%
6.0,8.433996827272937,2.433996827272937,2.433996827272937,25-50%
6.0,8.433996827272937,2.433996827272937,2.433996827272937,25-50%
5.0,8.318737692298948,3.3187376922989476,3.3187376922989476,0-25%
4.0,8.933482272400646,4.933482272400646,4.933482272400646,0-25%
4.0,9.112436595176256,5.112436595176256,5.112436595176256,0-25%
4.0,9.169272760979196,5.1692727609791955,5.1692727609791955,0-25%
4.0,8.92797796288335,4.92797796288335,4.92797796288335,0-25%
4.0,9.61024816517231,5.61024816517231,5.61024816517231,0-25%
4.0,8.935010901582487,4.935010901582487,4.935010901582487,0-25%
4.0,8.948497333849877,4.948497333849877,4.948497333849877,0-25%
4.0,8.740673206575885,4.7406732065758845,4.7406732065758845,0-25%
4.0,9.179613207971896,5.1796132079718955,5.1796132079718955,0-25%
4.0,8.935010901582487,4.935010901582487,4.935010901582487,0-25%
4.0,8.92797796288335,4.92797796288335,4.92797796288335,0-25%
4.0,8.92797796288335,4.92797796288335,4.92797796288335,0-25%
6.0,9.749187860078095,3.749187860078095,3.749187860078095,25-50%
6.0,9.749187860078095,3.749187860078095,3.749187860078095,25-50%
6.0,9.590974276054222,3.5909742760542223,3.5909742760542223,25-50%
6.0,9.749187860078095,3.749187860078095,3.749187860078095,25-50%
6.0,9.749187860078095,3.749187860078095,3.749187860078095,25-50%
6.0,9.749187860078095,3.749187860078095,3.749187860078095,25-50%
6.0,9.730879968147377,3.730879968147377,3.730879968147377,25-50%
6.0,9.710152822763384,3.7101528227633835,3.7101528227633835,25-50%
6.0,9.749187860078095,3.749187860078095,3.749187860078095,25-50%
6.0,9.749187860078095,3.749187860078095,3.749187860078095,25-50%
6.0,9.603974649240188,3.603974649240188,3.603974649240188,25-50%
6.0,9.749187860078095,3.749187860078095,3.749187860078095,25-50%
6.0,9.749187860078095,3.749187860078095,3.749187860078095,25-50%
6.0,9.749187860078095,3.749187860078095,3.749187860078095,25-50%
7.0,10.076439284438948,3.0764392844389477,3.0764392844389477,25-50%
7.0,10.03621585301228,3.03621585301228,3.03621585301228,25-50%
7.0,10.126883530328772,3.1268835303287723,3.1268835303287723,25-50%
7.0,10.076439284438948,3.0764392844389477,3.0764392844389477,25-50%
7.0,10.083560857955437,3.0835608579554368,3.0835608579554368,25-50%
7.0,10.052490182506833,3.0524901825068333,3.0524901825068333,25-50%
7.0,10.083560857955437,3.0835608579554368,3.0835608579554368,25-50%
7.0,10.083560857955437,3.0835608579554368,3.0835608579554368,25-50%
7.0,10.584779807218194,3.584779807218194,3.584779807218194,25-50%
7.0,10.134037536867858,3.134037536867858,3.134037536867858,25-50%
7.0,10.532259667182405,3.532259667182405,3.532259667182405,25-50%
7.0,10.532259667182405,3.532259667182405,3.532259667182405,25-50%
7.0,10.584779807218194,3.584779807218194,3.584779807218194,25-50%
7.0,10.774600648322378,3.7746006483223784,3.7746006483223784,25-50%
7.0,10.197024894461812,3.197024894461812,3.197024894461812,25-50%
7.0,10.197024894461812,3.197024894461812,3.197024894461812,25-50%
7.0,10.67025449468988,3.67025449468988,3.67025449468988,25-50%
7.0,10.73184188536689,3.73184188536689,3.73184188536689,25-50%
7.0,10.532259667182405,3.532259667182405,3.532259667182405,25-50%
7.0,10.05814255703695,3.05814255703695,3.05814255703695,25-50%
7.0,10.617346851168463,3.617346851168463,3.617346851168463,25-50%
7.0,10.774600648322378,3.7746006483223784,3.7746006483223784,25-50%
7.0,10.197024894461812,3.197024894461812,3.197024894461812,25-50%
7.0,10.532259667182405,3.532259667182405,3.532259667182405,25-50%
2.0,7.328605055559948,5.328605055559948,5.328605055559948,0-25%
2.0,7.389676973485077,5.389676973485077,5.389676973485077,0-25%
2.0,7.0696075230737065,5.0696075230737065,5.0696075230737065,0-25%
2.0,7.182282811620621,5.182282811620621,5.182282811620621,0-25%
2.0,7.380271781501101,5.380271781501101,5.380271781501101,0-25%
2.0,7.4108151572224115,5.4108151572224115,5.4108151572224115,0-25%
2.0,7.325824268834432,5.325824268834432,5.325824268834432,0-25%
2.0,7.038713201394717,5.038713201394717,5.038713201394717,0-25%
2.0,7.171190704015981,5.171190704015981,5.171190704015981,0-25%
2.0,7.233085333349677,5.233085333349677,5.233085333349677,0-25%
2.0,7.233085333349677,5.233085333349677,5.233085333349677,0-25%
2.0,7.19053588380403,5.19053588380403,5.19053588380403,0-25%
2.0,6.883920343107933,4.883920343107933,4.883920343107933,0-25%
2.0,7.171190704015981,5.171190704015981,5.171190704015981,0-25%
2.0,7.203187372928304,5.203187372928304,5.203187372928304,0-25%
2.0,7.25382897712184,5.25382897712184,5.25382897712184,0-25%
2.0,7.235019285880661,5.235019285880661,5.235019285880661,0-25%
2.0,7.0696075230737065,5.0696075230737065,5.0696075230737065,0-25%
2.0,7.32753070961398,5.32753070961398,5.32753070961398,0-25%
2.0,7.32753070961398,5.32753070961398,5.32753070961398,0-25%
2.0,7.26503326331229,5.26503326331229,5.26503326331229,0-25%
2.0,7.25382897712184,5.25382897712184,5.25382897712184,0-25%
2.0,7.2442614607641085,5.2442614607641085,5.2442614607641085,0-25%
2.0,7.202129205199215,5.202129205199215,5.202129205199215,0-25%
2.0,6.8102412373112,4.8102412373112,4.8102412373112,0-25%
2.0,7.321810841143367,5.321810841143367,5.321810841143367,0-25%
2.0,7.2293629600368154,5.2293629600368154,5.2293629600368154,0-25%
2.0,7.25382897712184,5.25382897712184,5.25382897712184,0-25%
2.0,7.202129205199215,5.202129205199215,5.202129205199215,0-25%
2.0,7.321810841143367,5.321810841143367,5.321810841143367,0-25%
2.0,7.32753070961398,5.32753070961398,5.32753070961398,0-25%
2.0,7.202129205199215,5.202129205199215,5.202129205199215,0-25%
6.0,8.810672030207666,2.810672030207666,2.810672030207666,25-50%
6.0,8.344632370015638,2.3446323700156384,2.3446323700156384,25-50%
6.5,9.189900479696218,2.6899004796962185,2.6899004796962185,25-50%
6.5,9.189900479696218,2.6899004796962185,2.6899004796962185,25-50%
6.5,9.458193251491195,2.9581932514911955,2.9581932514911955,25-50%
7.0,9.585127931508731,2.5851279315087314,2.5851279315087314,25-50%
6.0,9.37325561648748,3.37325561648748,3.37325561648748,25-50%
6.0,8.889182996341066,2.8891829963410665,2.8891829963410665,25-50%
6.5,8.85067932783203,2.3506793278320295,2.3506793278320295,25-50%
6.5,9.143704090204988,2.643704090204988,2.643704090204988,25-50%
6.5,9.458193251491195,2.9581932514911955,2.9581932514911955,25-50%
6.5,9.537139759915414,3.037139759915414,3.037139759915414,25-50%
7.0,9.201111548183524,2.2011115481835244,2.2011115481835244,25-50%
7.0,9.604358025779693,2.6043580257796926,2.6043580257796926,25-50%
7.0,8.376509221258479,1.3765092212584786,1.3765092212584786,25-50%
7.0,8.643538023325839,1.6435380233258385,1.6435380233258385,25-50%
6.5,8.844349923598177,2.344349923598177,2.344349923598177,25-50%
7.666666666666668,9.974942992079693,2.3082763254130256,2.3082763254130256,25-50%
7.666666666666668,9.981999308766879,2.315332642100211,2.315332642100211,25-50%
6.5,9.651176074434392,3.1511760744343924,3.1511760744343924,25-50%
6.5,9.81000598331833,3.31000598331833,3.31000598331833,25-50%
6.5,9.81000598331833,3.31000598331833,3.31000598331833,25-50%
6.5,9.795351668338716,3.295351668338716,3.295351668338716,25-50%
7.0,9.795351668338716,2.795351668338716,2.795351668338716,25-50%
7.0,9.090653287680194,2.090653287680194,2.090653287680194,25-50%
7.0,9.062135207566786,2.0621352075667865,2.0621352075667865,25-50%
7.0,9.13660807356051,2.1366080735605095,2.1366080735605095,25-50%
7.0,9.13660807356051,2.1366080735605095,2.1366080735605095,25-50%
7.0,8.99789604467201,1.9978960446720109,1.9978960446720109,25-50%
7.666666666666668,9.974942992079693,2.3082763254130256,2.3082763254130256,25-50%
7.666666666666668,9.974942992079693,2.3082763254130256,2.3082763254130256,25-50%
7.666666666666668,10.606617452892898,2.9399507862262304,2.9399507862262304,25-50%
6.5,9.651176074434392,3.1511760744343924,3.1511760744343924,25-50%
6.5,9.795351668338716,3.295351668338716,3.295351668338716,25-50%
7.0,9.844515786882646,2.8445157868826456,2.8445157868826456,25-50%
7.0,9.196537470140857,2.196537470140857,2.196537470140857,25-50%
7.0,9.150310991543629,2.1503109915436287,2.1503109915436287,25-50%
7.0,9.13660807356051,2.1366080735605095,2.1366080735605095,25-50%
7.0,9.13660807356051,2.1366080735605095,2.1366080735605095,25-50%
7.0,8.785775933809495,1.7857759338094947,1.7857759338094947,25-50%
7.0,9.043428396135072,2.043428396135072,2.043428396135072,25-50%
7.0,8.593855077373345,1.5938550773733446,1.5938550773733446,25-50%
7.0,8.347735895119682,1.3477358951196816,1.3477358951196816,25-50%
8.0,9.981999308766879,1.9819993087668788,1.9819993087668788,25-50%
8.0,9.436534037170382,1.4365340371703823,1.4365340371703823,25-50%
7.666666666666668,9.389219522933441,1.7225528562667733,1.7225528562667733,25-50%
7.666666666666668,10.032013456749578,2.36534679008291,2.36534679008291,25-50%
7.666666666666668,9.662760222192299,1.996093555525631,1.996093555525631,25-50%
7.666666666666668,9.916205459821905,2.249538793155237,2.249538793155237,25-50%
7.666666666666668,10.488165175985039,2.8214985093183707,2.8214985093183707,25-50%
7.0,9.844515786882646,2.8445157868826456,2.8445157868826456,25-50%
7.0,9.795351668338716,2.795351668338716,2.795351668338716,25-50%
7.0,9.150310991543629,2.1503109915436287,2.1503109915436287,25-50%
7.0,9.196537470140857,2.196537470140857,2.196537470140857,25-50%
7.0,9.13660807356051,2.1366080735605095,2.1366080735605095,25-50%
7.0,8.682863759082078,1.6828637590820783,1.6828637590820783,25-50%
7.0,8.682863759082078,1.6828637590820783,1.6828637590820783,25-50%
8.5,8.509743298589806,0.009743298589805605,0.009743298589805605,50-75%
10.0,9.502877447223959,-0.497122552776041,0.497122552776041,50-75%
8.0,9.662760222192299,1.6627602221922988,1.6627602221922988,25-50%
7.666666666666668,9.389219522933441,1.7225528562667733,1.7225528562667733,25-50%
7.666666666666668,9.576083199683334,1.9094165330166657,1.9094165330166657,25-50%
7.666666666666668,9.389219522933441,1.7225528562667733,1.7225528562667733,25-50%
7.666666666666668,10.436083042889933,2.7694163762232655,2.7694163762232655,25-50%
8.5,10.590883231444266,2.0908832314442662,2.0908832314442662,50-75%
7.0,9.795351668338716,2.795351668338716,2.795351668338716,25-50%
7.0,8.63000672442788,1.6300067244278793,1.6300067244278793,25-50%
7.0,8.650757978189874,1.6507579781898745,1.6507579781898745,25-50%
7.0,8.53999104334166,1.5399910433416597,1.5399910433416597,25-50%
7.0,8.53999104334166,1.5399910433416597,1.5399910433416597,25-50%
7.0,8.676642182190482,1.6766421821904824,1.6766421821904824,25-50%
7.0,8.726961392611926,1.7269613926119263,1.7269613926119263,25-50%
7.0,8.726961392611926,1.7269613926119263,1.7269613926119263,25-50%
10.0,9.643313701876718,-0.35668629812328234,0.35668629812328234,50-75%
10.0,9.643313701876718,-0.35668629812328234,0.35668629812328234,50-75%
10.0,9.595061742377315,-0.4049382576226854,0.4049382576226854,50-75%
10.0,9.455262162040615,-0.544737837959385,0.544737837959385,50-75%
10.0,10.051810156003587,0.05181015600358663,0.05181015600358663,50-75%
10.0,10.664564658282721,0.6645646582827212,0.6645646582827212,50-75%
7.0,8.399681530617485,1.3996815306174852,1.3996815306174852,25-50%
7.0,8.676642182190482,1.6766421821904824,1.6766421821904824,25-50%
7.0,8.682863759082078,1.6828637590820783,1.6828637590820783,25-50%
7.0,8.682863759082078,1.6828637590820783,1.6828637590820783,25-50%
10.0,9.923544518639815,-0.07645548136018476,0.07645548136018476,50-75%
10.0,9.595061742377315,-0.4049382576226854,0.4049382576226854,50-75%
10.0,9.595061742377315,-0.4049382576226854,0.4049382576226854,50-75%
10.0,10.051810156003587,0.05181015600358663,0.05181015600358663,50-75%
10.0,10.051810156003587,0.05181015600358663,0.05181015600358663,50-75%
10.0,10.051810156003587,0.05181015600358663,0.05181015600358663,50-75%
10.0,10.664564658282721,0.6645646582827212,0.6645646582827212,50-75%
10.0,9.595061742377315,-0.4049382576226854,0.4049382576226854,50-75%
10.0,9.779410678117953,-0.22058932188204672,0.22058932188204672,50-75%
10.0,10.250591390333451,0.2505913903334509,0.2505913903334509,50-75%
17.0,8.718505106696846,-8.281494893303154,8.281494893303154,75-100%
17.0,8.705330457655549,-8.294669542344451,8.294669542344451,75-100%
17.0,8.633136042440993,-8.366863957559007,8.366863957559007,75-100%
17.0,8.631464491038702,-8.368535508961298,8.368535508961298,75-100%
17.0,8.718505106696846,-8.281494893303154,8.281494893303154,75-100%
17.0,8.705330457655549,-8.294669542344451,8.294669542344451,75-100%
17.0,8.408557000782977,-8.591442999217023,8.591442999217023,75-100%
17.0,9.756148989895996,-7.243851010104004,7.243851010104004,75-100%
17.0,8.749530408874149,-8.250469591125851,8.250469591125851,75-100%
17.0,8.70288510855272,-8.29711489144728,8.29711489144728,75-100%
17.0,8.48286754657144,-8.51713245342856,8.51713245342856,75-100%
17.0,8.48286754657144,-8.51713245342856,8.51713245342856,75-100%
17.0,9.375118515311643,-7.624881484688357,7.624881484688357,75-100%
17.0,9.795351668338716,-7.204648331661284,7.204648331661284,75-100%
17.0,9.795351668338716,-7.204648331661284,7.204648331661284,75-100%
17.0,8.408557000782977,-8.591442999217023,8.591442999217023,75-100%
17.0,8.68962312621163,-8.31037687378837,8.31037687378837,75-100%
17.0,8.68962312621163,-8.31037687378837,8.31037687378837,75-100%
17.0,9.601327901020557,-7.398672098979443,7.398672098979443,75-100%
17.0,9.375118515311643,-7.624881484688357,7.624881484688357,75-100%
17.0,9.375118515311643,-7.624881484688357,7.624881484688357,75-100%
17.0,9.651176074434392,-7.348823925565608,7.348823925565608,75-100%
17.0,8.749530408874149,-8.250469591125851,8.250469591125851,75-100%
17.0,8.48286754657144,-8.51713245342856,8.51713245342856,75-100%
17.0,8.48286754657144,-8.51713245342856,8.51713245342856,75-100%
17.0,9.375118515311643,-7.624881484688357,7.624881484688357,75-100%
17.0,9.844515786882646,-7.155484213117354,7.155484213117354,75-100%
17.0,9.844515786882646,-7.155484213117354,7.155484213117354,75-100%
17.0,9.375118515311643,-7.624881484688357,7.624881484688357,75-100%
17.0,9.406656048566726,-7.593343951433274,7.593343951433274,75-100%
2.0,8.331002379345174,6.331002379345174,6.331002379345174,0-25%
2.0,8.331002379345174,6.331002379345174,6.331002379345174,0-25%
2.0,8.274148678018657,6.274148678018657,6.274148678018657,0-25%
2.0,8.049349324852294,6.049349324852294,6.049349324852294,0-25%
2.0,8.23039521729649,6.23039521729649,6.23039521729649,0-25%
2.0,7.936472977231915,5.936472977231915,5.936472977231915,0-25%
2.0,7.909170285178198,5.909170285178198,5.909170285178198,0-25%
2.0,8.049349324852294,6.049349324852294,6.049349324852294,0-25%
2.0,8.052444803917107,6.052444803917107,6.052444803917107,0-25%
2.0,7.936472977231915,5.936472977231915,5.936472977231915,0-25%
2.0,8.23039521729649,6.23039521729649,6.23039521729649,0-25%
2.0,8.296363775154882,6.296363775154882,6.296363775154882,0-25%
2.0,8.252269316576777,6.252269316576777,6.252269316576777,0-25%
2.0,8.096904012827537,6.096904012827537,6.096904012827537,0-25%
2.5,8.379802578205407,5.879802578205407,5.879802578205407,0-25%
2.5,8.16601104482119,5.66601104482119,5.66601104482119,0-25%
2.5,8.52980586942819,6.0298058694281895,6.0298058694281895,0-25%
2.0,8.635964601829016,6.635964601829016,6.635964601829016,0-25%
2.0,8.119096282568558,6.119096282568558,6.119096282568558,0-25%
3.0,8.661714054891727,5.661714054891727,5.661714054891727,0-25%
2.5,8.525891369254152,6.025891369254152,6.025891369254152,0-25%
2.5,8.549892298331823,6.049892298331823,6.049892298331823,0-25%
2.5,8.674332241099707,6.174332241099707,6.174332241099707,0-25%
2.5,8.578986014052695,6.0789860140526955,6.0789860140526955,0-25%
2.5,8.627007506417716,6.127007506417716,6.127007506417716,0-25%
2.5,8.627007506417716,6.127007506417716,6.127007506417716,0-25%
2.0,8.243201269470124,6.2432012694701235,6.2432012694701235,0-25%
3.0,8.543030507803888,5.543030507803888,5.543030507803888,0-25%
3.0,8.543030507803888,5.543030507803888,5.543030507803888,0-25%
2.5,8.543030507803888,6.043030507803888,6.043030507803888,0-25%
2.5,8.543030507803888,6.043030507803888,6.043030507803888,0-25%
2.5,8.578986014052695,6.0789860140526955,6.0789860140526955,0-25%
2.5,8.641392429643165,6.141392429643165,6.141392429643165,0-25%
2.5,8.641392429643165,6.141392429643165,6.141392429643165,0-25%
3.0,8.094559559277151,5.094559559277151,5.094559559277151,0-25%
3.0,8.094559559277151,5.094559559277151,5.094559559277151,0-25%
3.0,8.270166839335355,5.270166839335355,5.270166839335355,0-25%
3.0,8.572975490535185,5.572975490535185,5.572975490535185,0-25%
3.0,8.641392429643165,5.641392429643165,5.641392429643165,0-25%
3.0,8.627007506417716,5.627007506417716,5.627007506417716,0-25%
3.0,8.094559559277151,5.094559559277151,5.094559559277151,0-25%
3.0,7.777100165580537,4.777100165580537,4.777100165580537,0-25%
3.0,7.817012506466222,4.817012506466222,4.817012506466222,0-25%
3.0,7.846057528662495,4.846057528662495,4.846057528662495,0-25%
3.0,8.339613316533937,5.339613316533937,5.339613316533937,0-25%
3.0,8.641392429643165,5.641392429643165,5.641392429643165,0-25%
3.0,8.49102589387637,5.491025893876371,5.491025893876371,0-25%
3.0,7.817012506466222,4.817012506466222,4.817012506466222,0-25%
3.0,7.817012506466222,4.817012506466222,4.817012506466222,0-25%
3.0,7.909279269894628,4.909279269894628,4.909279269894628,0-25%
3.0,8.339613316533937,5.339613316533937,5.339613316533937,0-25%
3.0,8.50520762986475,5.505207629864749,5.505207629864749,0-25%
2.0,7.877231924066686,5.877231924066686,5.877231924066686,0-25%
2.0,8.173040160970489,6.173040160970489,6.173040160970489,0-25%
2.0,8.147669650100248,6.147669650100248,6.147669650100248,0-25%
2.0,8.13220776206581,6.132207762065811,6.132207762065811,0-25%
2.0,7.877231924066686,5.877231924066686,5.877231924066686,0-25%
2.0,7.906475321202267,5.906475321202267,5.906475321202267,0-25%
2.0,8.040378432961765,6.040378432961765,6.040378432961765,0-25%
2.0,8.199573484337035,6.199573484337035,6.199573484337035,0-25%
2.0,7.877231924066686,5.877231924066686,5.877231924066686,0-25%
2.0,7.877231924066686,5.877231924066686,5.877231924066686,0-25%
2.0,7.882301576591093,5.882301576591093,5.882301576591093,0-25%
2.0,8.040378432961765,6.040378432961765,6.040378432961765,0-25%
2.0,8.159402902682274,6.159402902682274,6.159402902682274,0-25%
2.0,8.270979971710899,6.270979971710899,6.270979971710899,0-25%
2.0,8.517339998636249,6.517339998636249,6.517339998636249,0-25%
2.0,7.877231924066686,5.877231924066686,5.877231924066686,0-25%
2.0,7.879264277919491,5.879264277919491,5.879264277919491,0-25%
2.0,8.06490197113319,6.064901971133191,6.064901971133191,0-25%
2.0,8.2191044333372,6.2191044333372005,6.2191044333372005,0-25%
2.0,8.386280115320748,6.386280115320748,6.386280115320748,0-25%
2.0,8.495366629028053,6.495366629028053,6.495366629028053,0-25%
2.0,7.906475321202267,5.906475321202267,5.906475321202267,0-25%
2.0,8.169903444382426,6.169903444382426,6.169903444382426,0-25%
2.0,8.326206875308763,6.326206875308763,6.326206875308763,0-25%
2.0,8.439815899756944,6.439815899756944,6.439815899756944,0-25%
2.0,7.258502636933898,5.258502636933898,5.258502636933898,0-25%
2.0,7.354482220969029,5.354482220969029,5.354482220969029,0-25%
2.0,7.624096743378684,5.624096743378684,5.624096743378684,0-25%
2.0,8.06490197113319,6.064901971133191,6.064901971133191,0-25%
2.0,8.2191044333372,6.2191044333372005,6.2191044333372005,0-25%
2.0,8.21045449883507,6.21045449883507,6.21045449883507,0-25%
3.0,8.610904879437385,5.610904879437385,5.610904879437385,0-25%
3.0,8.490853533590906,5.490853533590906,5.490853533590906,0-25%
3.0,8.538765108746057,5.538765108746057,5.538765108746057,0-25%
3.0,8.635120004032247,5.635120004032247,5.635120004032247,0-25%
3.0,8.769654418938334,5.769654418938334,5.769654418938334,0-25%
3.0,9.006053460504921,6.006053460504921,6.006053460504921,0-25%
3.0,8.854403811902532,5.854403811902532,5.854403811902532,0-25%
3.0,8.5422031993899,5.542203199389901,5.542203199389901,0-25%
3.0,8.363456801503713,5.3634568015037125,5.3634568015037125,0-25%
3.0,8.573651461391679,5.5736514613916786,5.5736514613916786,0-25%
3.0,8.646169363621228,5.646169363621228,5.646169363621228,0-25%
3.0,7.95272498589577,4.95272498589577,4.95272498589577,0-25%
3.0,7.906456363057577,4.906456363057577,4.906456363057577,0-25%
3.0,8.36008311383949,5.36008311383949,5.36008311383949,0-25%
3.0,8.319342172536409,5.319342172536409,5.319342172536409,0-25%
3.0,8.319342172536409,5.319342172536409,5.319342172536409,0-25%
3.0,8.573651461391679,5.5736514613916786,5.5736514613916786,0-25%
3.0,8.611139872467628,5.6111398724676285,5.6111398724676285,0-25%
3.0,7.975281795448723,4.975281795448723,4.975281795448723,0-25%
3.0,7.954827981849856,4.954827981849856,4.954827981849856,0-25%
3.0,8.454633070571006,5.454633070571006,5.454633070571006,0-25%
3.0,8.756824854019959,5.756824854019959,5.756824854019959,0-25%
3.0,8.756824854019959,5.756824854019959,5.756824854019959,0-25%
3.0,8.683600670447134,5.6836006704471345,5.6836006704471345,0-25%
3.0,8.670473338734226,5.670473338734226,5.670473338734226,0-25%
3.0,7.9648779991462755,4.9648779991462755,4.9648779991462755,0-25%
3.0,8.363456801503713,5.3634568015037125,5.3634568015037125,0-25%
3.0,7.748402567453897,4.748402567453897,4.748402567453897,0-25%
3.0,7.651215633520044,4.651215633520044,4.651215633520044,0-25%
3.0,7.670975963068559,4.670975963068559,4.670975963068559,0-25%
3.0,7.748402567453897,4.748402567453897,4.748402567453897,0-25%
3.0,7.748402567453897,4.748402567453897,4.748402567453897,0-25%
4.0,9.16384222824028,5.163842228240281,5.163842228240281,0-25%
4.0,8.729258344700526,4.729258344700526,4.729258344700526,0-25%
4.0,8.729258344700526,4.729258344700526,4.729258344700526,0-25%
4.0,9.065049583114288,5.065049583114288,5.065049583114288,0-25%
5.5,8.877367148185641,3.377367148185641,3.377367148185641,25-50%
5.5,8.877367148185641,3.377367148185641,3.377367148185641,25-50%
5.5,8.671467236757756,3.1714672367577563,3.1714672367577563,25-50%
7.0,8.776155044857157,1.7761550448571573,1.7761550448571573,25-50%
7.0,8.776155044857157,1.7761550448571573,1.7761550448571573,25-50%
4.0,8.586165181267706,4.586165181267706,4.586165181267706,0-25%
5.5,8.774476525400367,3.2744765254003667,3.2744765254003667,25-50%
5.5,8.90225363693596,3.40225363693596,3.40225363693596,25-50%
5.5,8.90225363693596,3.40225363693596,3.40225363693596,25-50%
5.5,8.942416300318587,3.4424163003185875,3.4424163003185875,25-50%
7.0,9.03355419607638,2.0335541960763805,2.0335541960763805,25-50%
7.0,8.800786524976829,1.8007865249768287,1.8007865249768287,25-50%
7.0,8.800786524976829,1.8007865249768287,1.8007865249768287,25-50%
7.0,9.018201268699022,2.0182012686990216,2.0182012686990216,25-50%
5.5,8.459513678574027,2.9595136785740266,2.9595136785740266,25-50%
5.5,8.647799677928983,3.147799677928983,3.147799677928983,25-50%
5.5,8.654002710592671,3.154002710592671,3.154002710592671,25-50%
5.5,8.783088476840623,3.283088476840623,3.283088476840623,25-50%
5.5,8.827642553111412,3.3276425531114118,3.3276425531114118,25-50%
7.0,9.126642263870124,2.1266422638701243,2.1266422638701243,25-50%
7.0,8.800786524976829,1.8007865249768287,1.8007865249768287,25-50%
7.0,8.901163588073914,1.9011635880739135,1.9011635880739135,25-50%
4.0,8.449108267816367,4.449108267816367,4.449108267816367,0-25%
4.0,8.537062686407374,4.537062686407374,4.537062686407374,0-25%
4.0,8.34493038953094,4.344930389530941,4.344930389530941,0-25%
5.5,8.647799677928983,3.147799677928983,3.147799677928983,25-50%
5.5,8.654002710592671,3.154002710592671,3.154002710592671,25-50%
5.5,8.783088476840623,3.283088476840623,3.283088476840623,25-50%
5.5,8.487503836038066,2.9875038360380657,2.9875038360380657,25-50%
7.0,9.034658820218425,2.034658820218425,2.034658820218425,25-50%
7.0,9.15215681293947,2.15215681293947,2.15215681293947,25-50%
7.0,8.800786524976829,1.8007865249768287,1.8007865249768287,25-50%
4.0,8.655210266149068,4.6552102661490675,4.6552102661490675,0-25%
4.0,8.837927771664212,4.837927771664212,4.837927771664212,0-25%
5.5,8.654002710592671,3.154002710592671,3.154002710592671,25-50%
5.5,8.654002710592671,3.154002710592671,3.154002710592671,25-50%
5.5,8.783088476840623,3.283088476840623,3.283088476840623,25-50%
7.0,8.487503836038066,1.4875038360380657,1.4875038360380657,25-50%
7.0,8.942416300318587,1.9424163003185875,1.9424163003185875,25-50%
7.0,9.03355419607638,2.0335541960763805,2.0335541960763805,25-50%
4.0,8.808071350281134,4.808071350281134,4.808071350281134,0-25%
4.0,8.868620554467553,4.868620554467553,4.868620554467553,0-25%
4.0,8.812717338929072,4.8127173389290725,4.8127173389290725,0-25%
5.5,8.654002710592671,3.154002710592671,3.154002710592671,25-50%
7.0,8.78657051503168,1.7865705150316806,1.7865705150316806,25-50%
7.0,8.53550744259606,1.5355074425960602,1.5355074425960602,25-50%
7.0,9.034658820218425,2.034658820218425,2.034658820218425,25-50%
8.0,8.42720224194997,0.4272022419499706,0.4272022419499706,25-50%
5.0,9.881912616810492,4.881912616810492,4.881912616810492,0-25%
5.0,9.881912616810492,4.881912616810492,4.881912616810492,0-25%
5.0,9.955269166077496,4.955269166077496,4.955269166077496,0-25%
5.0,10.131536942001244,5.131536942001244,5.131536942001244,0-25%
5.0,9.955269166077496,4.955269166077496,4.955269166077496,0-25%
8.0,8.1265445330863,0.12654453308629954,0.12654453308629954,25-50%
8.0,8.1265445330863,0.12654453308629954,0.12654453308629954,25-50%
8.0,8.369380468243152,0.3693804682431523,0.3693804682431523,25-50%
5.0,9.98287147940331,4.982871479403309,4.982871479403309,0-25%
5.0,9.67133011142426,4.671330111424259,4.671330111424259,0-25%
5.0,9.98287147940331,4.982871479403309,4.982871479403309,0-25%
5.0,10.103561000459251,5.103561000459251,5.103561000459251,0-25%
5.0,9.655038145575759,4.655038145575759,4.655038145575759,0-25%
8.0,8.1265445330863,0.12654453308629954,0.12654453308629954,25-50%
8.0,8.1265445330863,0.12654453308629954,0.12654453308629954,25-50%
8.0,8.283253447905427,0.2832534479054267,0.2832534479054267,25-50%
8.0,8.3115381055635,0.3115381055634998,0.3115381055634998,25-50%
8.0,8.071823734161852,0.0718237341618515,0.0718237341618515,25-50%
5.0,9.99496199919145,4.99496199919145,4.99496199919145,0-25%
5.0,9.881912616810492,4.881912616810492,4.881912616810492,0-25%
5.0,9.98287147940331,4.982871479403309,4.982871479403309,0-25%
5.0,9.98287147940331,4.982871479403309,4.982871479403309,0-25%
5.0,9.655038145575759,4.655038145575759,4.655038145575759,0-25%
5.0,9.681884012795832,4.681884012795832,4.681884012795832,0-25%
8.0,8.103607567807531,0.103607567807531,0.103607567807531,25-50%
8.0,8.259922639488652,0.2599226394886518,0.2599226394886518,25-50%
8.0,8.288136211731178,0.2881362117311781,0.2881362117311781,25-50%
8.0,8.243221411656874,0.24322141165687405,0.24322141165687405,25-50%
8.0,8.243221411656874,0.24322141165687405,0.24322141165687405,25-50%
8.0,8.3115381055635,0.3115381055634998,0.3115381055634998,25-50%
8.0,8.243221411656874,0.24322141165687405,0.24322141165687405,25-50%
8.0,8.17287249492452,0.17287249492452084,0.17287249492452084,25-50%
5.0,9.98287147940331,4.982871479403309,4.982871479403309,0-25%
5.0,9.98287147940331,4.982871479403309,4.982871479403309,0-25%
5.0,9.98287147940331,4.982871479403309,4.982871479403309,0-25%
5.0,9.698217027014685,4.698217027014685,4.698217027014685,0-25%
5.0,9.65884270848839,4.65884270848839,4.65884270848839,0-25%
8.0,7.973850671940575,-0.02614932805942516,0.02614932805942516,25-50%
8.0,7.973850671940575,-0.02614932805942516,0.02614932805942516,25-50%
8.0,8.345833204138478,0.3458332041384775,0.3458332041384775,25-50%
8.0,8.243221411656874,0.24322141165687405,0.24322141165687405,25-50%
5.0,9.914294396814896,4.9142943968148955,4.9142943968148955,0-25%
5.0,9.914294396814896,4.9142943968148955,4.9142943968148955,0-25%
8.0,7.973850671940575,-0.02614932805942516,0.02614932805942516,25-50%
8.0,8.259922639488652,0.2599226394886518,0.2599226394886518,25-50%
8.0,8.345833204138478,0.3458332041384775,0.3458332041384775,25-50%
8.0,8.369380468243152,0.3693804682431523,0.3693804682431523,25-50%
8.0,8.243221411656874,0.24322141165687405,0.24322141165687405,25-50%
5.0,8.649279878803075,3.6492798788030747,3.6492798788030747,0-25%
5.0,9.681884012795832,4.681884012795832,4.681884012795832,0-25%
3.0,8.612504131874996,5.612504131874996,5.612504131874996,0-25%
3.0,8.568925395679585,5.568925395679585,5.568925395679585,0-25%
3.0,8.762294680459243,5.762294680459243,5.762294680459243,0-25%
3.0,8.516801621336299,5.516801621336299,5.516801621336299,0-25%
3.0,8.564511370126825,5.564511370126825,5.564511370126825,0-25%
3.0,8.639655036122317,5.639655036122317,5.639655036122317,0-25%
3.0,8.451381655373677,5.451381655373677,5.451381655373677,0-25%
3.0,8.451381655373677,5.451381655373677,5.451381655373677,0-25%
3.0,8.451381655373677,5.451381655373677,5.451381655373677,0-25%
3.0,8.451381655373677,5.451381655373677,5.451381655373677,0-25%
3.0,8.516801621336299,5.516801621336299,5.516801621336299,0-25%
3.0,8.654058857613261,5.654058857613261,5.654058857613261,0-25%
3.0,8.654058857613261,5.654058857613261,5.654058857613261,0-25%
3.0,8.849914445474337,5.849914445474337,5.849914445474337,0-25%
3.0,8.213137651732575,5.213137651732575,5.213137651732575,0-25%
3.0,8.213137651732575,5.213137651732575,5.213137651732575,0-25%
3.0,8.209987223827193,5.209987223827193,5.209987223827193,0-25%
3.0,8.510830116641273,5.510830116641273,5.510830116641273,0-25%
3.0,8.654058857613261,5.654058857613261,5.654058857613261,0-25%
3.0,8.639655036122317,5.639655036122317,5.639655036122317,0-25%
3.0,8.704233381326228,5.704233381326228,5.704233381326228,0-25%
3.0,8.965249226312661,5.965249226312661,5.965249226312661,0-25%
3.0,8.213137651732575,5.213137651732575,5.213137651732575,0-25%
3.0,7.996545483369412,4.996545483369412,4.996545483369412,0-25%
3.0,7.967006351116702,4.967006351116702,4.967006351116702,0-25%
3.0,7.996545483369412,4.996545483369412,4.996545483369412,0-25%
3.0,8.278982871783041,5.278982871783041,5.278982871783041,0-25%
3.0,8.578802910011518,5.578802910011518,5.578802910011518,0-25%
3.0,8.752527844013459,5.752527844013459,5.752527844013459,0-25%
3.0,8.695163540331297,5.695163540331297,5.695163540331297,0-25%
3.0,8.695163540331297,5.695163540331297,5.695163540331297,0-25%
3.0,7.967006351116702,4.967006351116702,4.967006351116702,0-25%
3.0,7.967006351116702,4.967006351116702,4.967006351116702,0-25%
3.0,8.060842744458862,5.060842744458862,5.060842744458862,0-25%
3.0,8.351883280670933,5.351883280670933,5.351883280670933,0-25%
3.0,8.767100322968801,5.767100322968801,5.767100322968801,0-25%
3.0,8.704233381326228,5.704233381326228,5.704233381326228,0-25%
3.0,8.678283469091374,5.678283469091374,5.678283469091374,0-25%
3.0,8.849262224794384,5.8492622247943835,5.8492622247943835,0-25%
3.0,7.967006351116702,4.967006351116702,4.967006351116702,0-25%
3.0,7.967006351116702,4.967006351116702,4.967006351116702,0-25%
3.0,8.285520747081762,5.285520747081762,5.285520747081762,0-25%
3.0,8.767100322968801,5.767100322968801,5.767100322968801,0-25%
3.0,8.717406541124507,5.717406541124507,5.717406541124507,0-25%
3.0,8.809076187057608,5.809076187057608,5.809076187057608,0-25%
5.0,9.070692118642045,4.070692118642045,4.070692118642045,0-25%
5.0,8.124896180462038,3.124896180462038,3.124896180462038,0-25%
5.0,8.137282910129858,3.1372829101298585,3.1372829101298585,0-25%
5.0,8.137282910129858,3.1372829101298585,3.1372829101298585,0-25%
5.0,8.166452721767962,3.1664527217679623,3.1664527217679623,0-25%
5.0,7.908303601946015,2.908303601946015,2.908303601946015,0-25%
5.0,9.172995888154976,4.172995888154976,4.172995888154976,0-25%
5.0,9.182100345207566,4.182100345207566,4.182100345207566,0-25%
5.0,8.204816612062212,3.2048166120622117,3.2048166120622117,0-25%
5.0,8.319155097493947,3.3191550974939474,3.3191550974939474,0-25%
5.0,8.204816612062212,3.2048166120622117,3.2048166120622117,0-25%
5.0,8.137282910129858,3.1372829101298585,3.1372829101298585,0-25%
5.0,9.389567685260396,4.3895676852603955,4.3895676852603955,0-25%
5.0,9.225812532766582,4.225812532766582,4.225812532766582,0-25%
5.0,8.426654492749538,3.426654492749538,3.426654492749538,0-25%
5.0,8.398847525915254,3.3988475259152544,3.3988475259152544,0-25%
5.0,8.204816612062212,3.2048166120622117,3.2048166120622117,0-25%
5.0,8.204816612062212,3.2048166120622117,3.2048166120622117,0-25%
5.0,8.137282910129858,3.1372829101298585,3.1372829101298585,0-25%
5.0,8.991490865351324,3.9914908653513237,3.9914908653513237,0-25%
5.0,8.28353127892995,3.2835312789299493,3.2835312789299493,0-25%
5.0,8.215420064910829,3.2154200649108287,3.2154200649108287,0-25%
5.0,8.1819548142531,3.1819548142531,3.1819548142531,0-25%
5.0,8.104101409909115,3.1041014099091147,3.1041014099091147,0-25%
5.0,7.920396314710512,2.920396314710512,2.920396314710512,0-25%
5.0,8.50071508500002,3.500715085000021,3.500715085000021,0-25%
5.0,8.287821092058818,3.2878210920588185,3.2878210920588185,0-25%
5.0,7.626875271284585,2.626875271284585,2.626875271284585,0-25%
5.0,7.761839315953092,2.7618393159530923,2.7618393159530923,0-25%
5.0,8.145282740494638,3.145282740494638,3.145282740494638,0-25%
5.0,7.996678771367009,2.9966787713670087,2.9966787713670087,0-25%
5.0,8.254092921370932,3.2540929213709315,3.2540929213709315,0-25%
5.0,8.217132733148986,3.2171327331489863,3.2171327331489863,0-25%
5.0,7.761839315953092,2.7618393159530923,2.7618393159530923,0-25%
5.0,8.215420064910829,3.2154200649108287,3.2154200649108287,0-25%
5.0,8.215420064910829,3.2154200649108287,3.2154200649108287,0-25%
5.0,8.356467422417786,3.3564674224177864,3.3564674224177864,0-25%
3.0,8.218936440399213,5.218936440399213,5.218936440399213,0-25%
3.0,8.47967928679965,5.47967928679965,5.47967928679965,0-25%
3.0,8.485774226808804,5.485774226808804,5.485774226808804,0-25%
5.0,7.694652391190039,2.694652391190039,2.694652391190039,0-25%
3.0,8.43670271823968,5.43670271823968,5.43670271823968,0-25%
3.0,8.442770026553788,5.442770026553788,5.442770026553788,0-25%
3.0,8.485774226808804,5.485774226808804,5.485774226808804,0-25%
3.0,8.442770026553788,5.442770026553788,5.442770026553788,0-25%
3.0,8.442770026553788,5.442770026553788,5.442770026553788,0-25%
3.0,9.499117978521777,6.499117978521777,6.499117978521777,0-25%
3.0,9.52557099758453,6.525570997584531,6.525570997584531,0-25%
3.0,8.493039074450909,5.493039074450909,5.493039074450909,0-25%
3.0,9.52557099758453,6.525570997584531,6.525570997584531,0-25%
3.0,9.52557099758453,6.525570997584531,6.525570997584531,0-25%
3.0,9.499117978521777,6.499117978521777,6.499117978521777,0-25%
3.0,9.52557099758453,6.525570997584531,6.525570997584531,0-25%
6.0,8.803211470805003,2.803211470805003,2.803211470805003,25-50%
6.0,8.54913148834276,2.549131488342759,2.549131488342759,25-50%
6.0,8.863710569671385,2.863710569671385,2.863710569671385,25-50%
3.0,9.466369701864913,6.466369701864913,6.466369701864913,0-25%
3.0,9.428815820393492,6.428815820393492,6.428815820393492,0-25%
3.0,9.428815820393492,6.428815820393492,6.428815820393492,0-25%
3.0,9.499117978521777,6.499117978521777,6.499117978521777,0-25%
3.0,9.596378686303739,6.596378686303739,6.596378686303739,0-25%
6.0,8.803211470805003,2.803211470805003,2.803211470805003,25-50%
6.0,8.54913148834276,2.549131488342759,2.549131488342759,25-50%
6.0,8.54913148834276,2.549131488342759,2.549131488342759,25-50%
6.0,8.803211470805003,2.803211470805003,2.803211470805003,25-50%
3.0,9.351851120478836,6.351851120478836,6.351851120478836,0-25%
3.0,9.52557099758453,6.525570997584531,6.525570997584531,0-25%
3.0,9.22700146651994,6.2270014665199405,6.2270014665199405,0-25%
3.0,9.648817187277317,6.6488171872773165,6.6488171872773165,0-25%
3.0,9.693511176731796,6.693511176731796,6.693511176731796,0-25%
6.0,8.71309650572457,2.71309650572457,2.71309650572457,25-50%
6.0,8.54913148834276,2.549131488342759,2.549131488342759,25-50%
6.0,8.54913148834276,2.549131488342759,2.549131488342759,25-50%
6.0,8.71309650572457,2.71309650572457,2.71309650572457,25-50%
6.0,8.74269082963331,2.7426908296333092,2.7426908296333092,25-50%
3.0,9.588922690768499,6.588922690768499,6.588922690768499,0-25%
3.0,9.55092908276817,6.550929082768169,6.550929082768169,0-25%
3.0,9.648817187277317,6.6488171872773165,6.6488171872773165,0-25%
3.0,9.648817187277317,6.6488171872773165,6.6488171872773165,0-25%
6.0,8.525132471343888,2.5251324713438876,2.5251324713438876,25-50%
6.0,8.54913148834276,2.549131488342759,2.549131488342759,25-50%
6.0,8.525132471343888,2.5251324713438876,2.5251324713438876,25-50%
6.0,8.688685409444542,2.688685409444542,2.688685409444542,25-50%
6.0,8.71820535646535,2.7182053564653508,2.7182053564653508,25-50%
6.0,8.671210863628847,2.671210863628847,2.671210863628847,25-50%
6.0,8.671210863628847,2.671210863628847,2.671210863628847,25-50%
6.0,8.54913148834276,2.549131488342759,2.549131488342759,25-50%
6.0,8.54913148834276,2.549131488342759,2.549131488342759,25-50%
6.0,8.525132471343888,2.5251324713438876,2.5251324713438876,25-50%
6.0,8.525132471343888,2.5251324713438876,2.5251324713438876,25-50%
6.0,8.77857389627599,2.77857389627599,2.77857389627599,25-50%
6.0,8.671210863628847,2.671210863628847,2.671210863628847,25-50%
6.0,8.525132471343888,2.5251324713438876,2.5251324713438876,25-50%
6.0,8.525132471343888,2.5251324713438876,2.5251324713438876,25-50%
6.0,8.525132471343888,2.5251324713438876,2.5251324713438876,25-50%
6.0,8.688685409444542,2.688685409444542,2.688685409444542,25-50%
6.0,8.77857389627599,2.77857389627599,2.77857389627599,25-50%
3.0,9.080652901059622,6.080652901059622,6.080652901059622,0-25%
3.0,9.035415803385611,6.035415803385611,6.035415803385611,0-25%
3.0,9.035415803385611,6.035415803385611,6.035415803385611,0-25%
3.0,9.028637348117309,6.028637348117309,6.028637348117309,0-25%
3.0,8.998972786903531,5.998972786903531,5.998972786903531,0-25%
3.0,9.018167577981469,6.018167577981469,6.018167577981469,0-25%
3.0,9.018167577981469,6.018167577981469,6.018167577981469,0-25%
3.0,9.035415803385611,6.035415803385611,6.035415803385611,0-25%
3.0,8.784194078419539,5.784194078419539,5.784194078419539,0-25%
3.0,9.028637348117309,6.028637348117309,6.028637348117309,0-25%
3.0,9.035415803385611,6.035415803385611,6.035415803385611,0-25%
3.0,9.035415803385611,6.035415803385611,6.035415803385611,0-25%
3.0,9.018167577981469,6.018167577981469,6.018167577981469,0-25%
3.0,9.035415803385611,6.035415803385611,6.035415803385611,0-25%
3.0,9.035415803385611,6.035415803385611,6.035415803385611,0-25%
3.0,8.984353582867941,5.984353582867941,5.984353582867941,0-25%
4.0,9.035415803385611,5.035415803385611,5.035415803385611,0-25%
4.0,9.035415803385611,5.035415803385611,5.035415803385611,0-25%
4.0,9.018167577981469,5.018167577981469,5.018167577981469,0-25%
4.0,9.035415803385611,5.035415803385611,5.035415803385611,0-25%
3.0,9.035415803385611,6.035415803385611,6.035415803385611,0-25%
3.0,8.782458838144253,5.782458838144253,5.782458838144253,0-25%
4.0,8.951276036514797,4.9512760365147965,4.9512760365147965,0-25%
4.0,9.047256321016931,5.047256321016931,5.047256321016931,0-25%
4.0,9.035415803385611,5.035415803385611,5.035415803385611,0-25%
4.0,9.018167577981469,5.018167577981469,5.018167577981469,0-25%
4.0,9.035415803385611,5.035415803385611,5.035415803385611,0-25%
4.0,8.99541309238678,4.99541309238678,4.99541309238678,0-25%
5.0,9.18149693301787,4.18149693301787,4.18149693301787,0-25%
4.0,9.176794595025546,5.176794595025546,5.176794595025546,0-25%
4.0,9.047256321016931,5.047256321016931,5.047256321016931,0-25%
4.0,9.047256321016931,5.047256321016931,5.047256321016931,0-25%
4.0,9.035415803385611,5.035415803385611,5.035415803385611,0-25%
4.0,9.018167577981469,5.018167577981469,5.018167577981469,0-25%
5.0,9.060687635910593,4.060687635910593,4.060687635910593,0-25%
5.0,9.120252248197813,4.120252248197813,4.120252248197813,0-25%
5.0,8.886385176528243,3.8863851765282433,3.8863851765282433,0-25%
4.0,8.831456346600099,4.831456346600099,4.831456346600099,0-25%
5.0,9.248275924402275,4.248275924402275,4.248275924402275,0-25%
5.0,9.248275924402275,4.248275924402275,4.248275924402275,0-25%
5.0,9.236198508648513,4.236198508648513,4.236198508648513,0-25%
5.0,8.870967089068285,3.8709670890682855,3.8709670890682855,0-25%
5.0,8.821943293937546,3.8219432939375455,3.8219432939375455,0-25%
5.0,9.1844750459187,4.184475045918701,4.184475045918701,0-25%
5.0,9.241653969810004,4.241653969810004,4.241653969810004,0-25%
5.0,9.23066184875149,4.23066184875149,4.23066184875149,0-25%
5.0,9.224220289066288,4.224220289066288,4.224220289066288,0-25%
5.0,9.120252248197813,4.120252248197813,4.120252248197813,0-25%
5.0,9.1844750459187,4.184475045918701,4.184475045918701,0-25%
5.0,9.241653969810004,4.241653969810004,4.241653969810004,0-25%
5.0,9.224051275547659,4.224051275547659,4.224051275547659,0-25%
10.0,9.168177837919094,-0.8318221620809059,0.8318221620809059,50-75%
10.0,9.168177837919094,-0.8318221620809059,0.8318221620809059,50-75%
10.0,9.150701429693072,-0.849298570306928,0.849298570306928,50-75%
10.0,9.168177837919094,-0.8318221620809059,0.8318221620809059,50-75%
10.0,9.168177837919094,-0.8318221620809059,0.8318221620809059,50-75%
10.0,9.168177837919094,-0.8318221620809059,0.8318221620809059,50-75%
10.0,9.150701429693072,-0.849298570306928,0.849298570306928,50-75%
10.0,9.168177837919094,-0.8318221620809059,0.8318221620809059,50-75%
10.0,9.168177837919094,-0.8318221620809059,0.8318221620809059,50-75%
10.0,8.876642807376427,-1.1233571926235726,1.1233571926235726,50-75%
10.0,9.12865347853559,-0.8713465214644103,0.8713465214644103,50-75%
10.0,9.18017499790998,-0.8198250020900204,0.8198250020900204,50-75%
10.0,9.168177837919094,-0.8318221620809059,0.8318221620809059,50-75%
10.0,9.150701429693072,-0.849298570306928,0.849298570306928,50-75%
10.0,9.168177837919094,-0.8318221620809059,0.8318221620809059,50-75%
10.0,9.17357725945069,-0.8264227405493099,0.8264227405493099,50-75%
10.0,9.113839760305924,-0.8861602396940764,0.8861602396940764,50-75%
10.0,9.15501621347148,-0.8449837865285197,0.8449837865285197,50-75%
10.0,9.18017499790998,-0.8198250020900204,0.8198250020900204,50-75%
10.0,9.18017499790998,-0.8198250020900204,0.8198250020900204,50-75%
10.0,9.168177837919094,-0.8318221620809059,0.8318221620809059,50-75%
10.0,9.150701429693072,-0.849298570306928,0.849298570306928,50-75%
10.0,9.03915772371818,-0.9608422762818201,0.9608422762818201,50-75%
10.0,9.098594867494427,-0.9014051325055732,0.9014051325055732,50-75%
10.0,8.8652282723032,-1.1347717276967995,1.1347717276967995,50-75%
10.0,8.81041699029305,-1.1895830097069506,1.1895830097069506,50-75%
10.0,9.18017499790998,-0.8198250020900204,0.8198250020900204,50-75%
10.0,9.18017499790998,-0.8198250020900204,0.8198250020900204,50-75%
10.0,9.168177837919094,-0.8318221620809059,0.8318221620809059,50-75%
10.0,9.009185429512307,-0.990814570487693,0.990814570487693,50-75%
10.0,8.800924295601632,-1.1990757043983677,1.1990757043983677,50-75%
10.0,9.162680228168691,-0.837319771831309,0.837319771831309,50-75%
10.0,9.219736788931828,-0.7802632110681724,0.7802632110681724,50-75%
10.0,9.162677969739178,-0.8373220302608217,0.8373220302608217,50-75%
6.0,7.974409869014564,1.974409869014564,1.974409869014564,25-50%
6.0,7.860409049419417,1.8604090494194168,1.8604090494194168,25-50%
6.0,7.974409869014564,1.974409869014564,1.974409869014564,25-50%
2.0,9.402667259214697,7.402667259214697,7.402667259214697,0-25%
2.0,9.680105980776808,7.680105980776808,7.680105980776808,0-25%
2.0,9.394434372974478,7.394434372974478,7.394434372974478,0-25%
6.0,8.556931222139038,2.5569312221390383,2.5569312221390383,25-50%
6.0,8.344661891107293,2.344661891107293,2.344661891107293,25-50%
2.0,9.402667259214697,7.402667259214697,7.402667259214697,0-25%
2.0,9.529530573056865,7.529530573056865,7.529530573056865,0-25%
2.0,9.404501912424497,7.404501912424497,7.404501912424497,0-25%
2.0,9.492046527049254,7.492046527049254,7.492046527049254,0-25%
2.0,9.35876735652198,7.35876735652198,7.35876735652198,0-25%
2.0,9.29992139636472,7.29992139636472,7.29992139636472,0-25%
6.0,8.31830920034081,2.31830920034081,2.31830920034081,25-50%
6.0,8.344840688401566,2.3448406884015665,2.3448406884015665,25-50%
2.0,9.759861410113032,7.759861410113032,7.759861410113032,0-25%
2.0,9.6232386468855,7.6232386468855005,7.6232386468855005,0-25%
2.0,9.499885995019245,7.499885995019245,7.499885995019245,0-25%
2.0,9.695238714193817,7.695238714193817,7.695238714193817,0-25%
2.0,9.924910804392265,7.924910804392265,7.924910804392265,0-25%
2.0,10.173076391874536,8.173076391874536,8.173076391874536,0-25%
2.0,9.29992139636472,7.29992139636472,7.29992139636472,0-25%
6.0,8.556931222139038,2.5569312221390383,2.5569312221390383,25-50%
6.0,8.556931222139038,2.5569312221390383,2.5569312221390383,25-50%
6.0,8.556931222139038,2.5569312221390383,2.5569312221390383,25-50%
6.0,8.556931222139038,2.5569312221390383,2.5569312221390383,25-50%
2.0,9.634922351247027,7.6349223512470274,7.6349223512470274,0-25%
2.0,9.605128599590545,7.605128599590545,7.605128599590545,0-25%
2.0,9.924910804392265,7.924910804392265,7.924910804392265,0-25%
2.0,10.173076391874536,8.173076391874536,8.173076391874536,0-25%
2.0,9.29992139636472,7.29992139636472,7.29992139636472,0-25%
6.0,8.556931222139038,2.5569312221390383,2.5569312221390383,25-50%
6.0,8.31830920034081,2.31830920034081,2.31830920034081,25-50%
6.0,8.556931222139038,2.5569312221390383,2.5569312221390383,25-50%
6.5,8.915394025381485,2.4153940253814845,2.4153940253814845,25-50%
7.0,9.994358748960178,2.9943587489601775,2.9943587489601775,25-50%
4.5,9.634922351247027,5.1349223512470274,5.1349223512470274,0-25%
2.0,9.605128599590545,7.605128599590545,7.605128599590545,0-25%
2.0,10.173076391874536,8.173076391874536,8.173076391874536,0-25%
2.0,10.173076391874536,8.173076391874536,8.173076391874536,0-25%
2.0,10.173076391874536,8.173076391874536,8.173076391874536,0-25%
7.0,9.702526884698827,2.702526884698827,2.702526884698827,25-50%
4.5,9.8043938550914,5.3043938550914,5.3043938550914,0-25%
4.5,9.8043938550914,5.3043938550914,5.3043938550914,0-25%
2.0,9.68998341466554,7.689983414665541,7.689983414665541,0-25%
2.0,9.932812492337245,7.932812492337245,7.932812492337245,0-25%
7.0,10.244101886160859,3.244101886160859,3.244101886160859,25-50%
7.0,9.994358748960178,2.9943587489601775,2.9943587489601775,25-50%
7.0,9.994358748960178,2.9943587489601775,2.9943587489601775,25-50%
7.0,9.994358748960178,2.9943587489601775,2.9943587489601775,25-50%
7.0,9.87307569231396,2.873075692313961,2.873075692313961,25-50%
7.0,9.757937962661952,2.757937962661952,2.757937962661952,25-50%
7.0,9.757937962661952,2.757937962661952,2.757937962661952,25-50%
7.0,10.002310666696156,3.0023106666961556,3.0023106666961556,25-50%
7.0,10.120063815625453,3.1200638156254534,3.1200638156254534,25-50%
7.0,10.002310666696156,3.0023106666961556,3.0023106666961556,25-50%
8.0,7.493471480777061,-0.5065285192229387,0.5065285192229387,25-50%
8.0,7.46760797790801,-0.5323920220919902,0.5323920220919902,25-50%
8.0,7.46760797790801,-0.5323920220919902,0.5323920220919902,25-50%
8.0,7.46760797790801,-0.5323920220919902,0.5323920220919902,25-50%
8.0,7.46760797790801,-0.5323920220919902,0.5323920220919902,25-50%
8.0,7.493471480777061,-0.5065285192229387,0.5065285192229387,25-50%
8.0,7.46760797790801,-0.5323920220919902,0.5323920220919902,25-50%
8.0,7.493519575082121,-0.5064804249178794,0.5064804249178794,25-50%
8.0,7.801919454239518,-0.19808054576048217,0.19808054576048217,25-50%
8.0,7.413516443234498,-0.5864835567655016,0.5864835567655016,25-50%
8.0,7.758328385904717,-0.24167161409528326,0.24167161409528326,25-50%
8.0,7.674419073239987,-0.32558092676001316,0.32558092676001316,25-50%
8.0,7.801919454239518,-0.19808054576048217,0.19808054576048217,25-50%
8.0,7.413516443234498,-0.5864835567655016,0.5864835567655016,25-50%
6.0,7.361237239783145,1.3612372397831454,1.3612372397831454,25-50%
6.0,7.386775843353853,1.3867758433538526,1.3867758433538526,25-50%
6.0,7.703906618898049,1.7039066188980492,1.7039066188980492,25-50%
4.0,7.473614115395323,3.473614115395323,3.473614115395323,0-25%
8.0,8.263812375729568,0.26381237572956806,0.26381237572956806,25-50%
6.0,7.2638091721069955,1.2638091721069955,1.2638091721069955,25-50%
6.0,7.386775843353853,1.3867758433538526,1.3867758433538526,25-50%
6.0,7.583745463276141,1.5837454632761414,1.5837454632761414,25-50%
6.0,7.481821242529896,1.4818212425298958,1.4818212425298958,25-50%
4.0,7.361237239783145,3.3612372397831454,3.3612372397831454,0-25%
7.5,7.760788456586695,0.26078845658669536,0.26078845658669536,25-50%
18.0,8.141410040511438,-9.858589959488562,9.858589959488562,75-100%
6.0,7.706303561889003,1.706303561889003,1.706303561889003,25-50%
6.0,7.691636570067202,1.6916365700672022,1.6916365700672022,25-50%
7.5,7.803330906369997,0.3033309063699967,0.3033309063699967,25-50%
7.5,7.86819905693815,0.3681990569381499,0.3681990569381499,25-50%
7.5,7.898863250075952,0.39886325007595236,0.39886325007595236,25-50%
7.5,8.101006010407836,0.6010060104078363,0.6010060104078363,25-50%
7.5,7.389779434714546,-0.11022056528545399,0.11022056528545399,25-50%
18.0,8.358831118554171,-9.641168881445829,9.641168881445829,75-100%
18.0,8.358831118554171,-9.641168881445829,9.641168881445829,75-100%
11.0,8.849003031444264,-2.150996968555736,2.150996968555736,50-75%
4.0,7.778754703640742,3.7787547036407423,3.7787547036407423,0-25%
7.5,7.898863250075952,0.39886325007595236,0.39886325007595236,25-50%
7.5,8.101006010407836,0.6010060104078363,0.6010060104078363,25-50%
7.5,7.389779434714546,-0.11022056528545399,0.11022056528545399,25-50%
11.0,7.376425817396092,-3.6235741826039076,3.6235741826039076,50-75%
11.0,7.358012619527175,-3.641987380472825,3.641987380472825,50-75%
18.0,9.119993504872486,-8.880006495127514,8.880006495127514,75-100%
18.0,9.119993504872486,-8.880006495127514,8.880006495127514,75-100%
18.0,9.119993504872486,-8.880006495127514,8.880006495127514,75-100%
18.0,9.119993504872486,-8.880006495127514,8.880006495127514,75-100%
11.0,8.884700239377471,-2.115299760622529,2.115299760622529,50-75%
11.0,8.849003031444264,-2.150996968555736,2.150996968555736,50-75%
7.5,9.058584017728387,1.5585840177283874,1.5585840177283874,25-50%
7.5,8.101006010407836,0.6010060104078363,0.6010060104078363,25-50%
7.5,8.101006010407836,0.6010060104078363,0.6010060104078363,25-50%
7.5,8.101006010407836,0.6010060104078363,0.6010060104078363,25-50%
11.0,7.358012619527175,-3.641987380472825,3.641987380472825,50-75%
18.0,9.119993504872486,-8.880006495127514,8.880006495127514,75-100%
18.0,7.706303561889003,-10.293696438110997,10.293696438110997,75-100%
7.5,7.850147446207309,0.3501474462073091,0.3501474462073091,25-50%
7.5,7.850147446207309,0.3501474462073091,0.3501474462073091,25-50%
7.5,7.850147446207309,0.3501474462073091,0.3501474462073091,25-50%
11.0,8.036777256017238,-2.9632227439827616,2.9632227439827616,50-75%
11.0,7.376425817396092,-3.6235741826039076,3.6235741826039076,50-75%
11.0,7.330570037194388,-3.669429962805612,3.669429962805612,50-75%
11.0,7.330570037194388,-3.669429962805612,3.669429962805612,50-75%
18.0,9.119993504872486,-8.880006495127514,8.880006495127514,75-100%
18.0,9.119993504872486,-8.880006495127514,8.880006495127514,75-100%
18.0,9.119993504872486,-8.880006495127514,8.880006495127514,75-100%
18.0,8.884700239377471,-9.115299760622529,9.115299760622529,75-100%
18.0,8.884700239377471,-9.115299760622529,9.115299760622529,75-100%
18.0,8.884700239377471,-9.115299760622529,9.115299760622529,75-100%
18.0,8.884700239377471,-9.115299760622529,9.115299760622529,75-100%
11.0,7.83606108277807,-3.1639389172219303,3.1639389172219303,50-75%
11.0,8.036777256017238,-2.9632227439827616,2.9632227439827616,50-75%
11.0,8.036777256017238,-2.9632227439827616,2.9632227439827616,50-75%
11.0,8.094875811309622,-2.905124188690378,2.905124188690378,50-75%
11.0,7.330570037194388,-3.669429962805612,3.669429962805612,50-75%
11.0,7.330570037194388,-3.669429962805612,3.669429962805612,50-75%
18.0,8.884700239377471,-9.115299760622529,9.115299760622529,75-100%
11.0,8.036777256017238,-2.9632227439827616,2.9632227439827616,50-75%
11.0,8.036777256017238,-2.9632227439827616,2.9632227439827616,50-75%
4.0,9.183659988946555,5.183659988946555,5.183659988946555,0-25%
4.0,9.183659988946555,5.183659988946555,5.183659988946555,0-25%
4.0,9.183659988946555,5.183659988946555,5.183659988946555,0-25%
4.0,9.183659988946555,5.183659988946555,5.183659988946555,0-25%
4.0,7.795176530948053,3.795176530948053,3.795176530948053,0-25%
4.0,8.07078278416989,4.070782784169889,4.070782784169889,0-25%
4.0,9.183659988946555,5.183659988946555,5.183659988946555,0-25%
4.0,9.183659988946555,5.183659988946555,5.183659988946555,0-25%
4.0,9.183659988946555,5.183659988946555,5.183659988946555,0-25%
4.0,9.183659988946555,5.183659988946555,5.183659988946555,0-25%
4.0,9.100389695638057,5.100389695638057,5.100389695638057,0-25%
3.0,7.970751510886177,4.970751510886177,4.970751510886177,0-25%
4.0,9.100389695638057,5.100389695638057,5.100389695638057,0-25%
4.0,7.7662985707116645,3.7662985707116645,3.7662985707116645,0-25%
3.0,7.651585131734887,4.651585131734887,4.651585131734887,0-25%
3.0,8.055375107911372,5.055375107911372,5.055375107911372,0-25%
3.0,8.157091771323417,5.157091771323417,5.157091771323417,0-25%
4.0,9.100389695638057,5.100389695638057,5.100389695638057,0-25%
4.0,9.100389695638057,5.100389695638057,5.100389695638057,0-25%
4.0,7.7662985707116645,3.7662985707116645,3.7662985707116645,0-25%
3.0,7.933139327387001,4.933139327387001,4.933139327387001,0-25%
3.0,8.020871540584473,5.020871540584473,5.020871540584473,0-25%
3.0,8.083756880137994,5.083756880137994,5.083756880137994,0-25%
4.0,9.100389695638057,5.100389695638057,5.100389695638057,0-25%
4.0,7.795176530948053,3.795176530948053,3.795176530948053,0-25%
3.0,7.758685383050125,4.758685383050125,4.758685383050125,0-25%
3.0,7.6403588697286775,4.6403588697286775,4.6403588697286775,0-25%
3.0,7.786234689460697,4.786234689460697,4.786234689460697,0-25%
3.0,8.10596793380639,5.10596793380639,5.10596793380639,0-25%
3.0,7.814596643143007,4.814596643143007,4.814596643143007,0-25%
3.0,7.53342120847692,4.53342120847692,4.53342120847692,0-25%
3.0,7.53342120847692,4.53342120847692,4.53342120847692,0-25%
3.0,7.53342120847692,4.53342120847692,4.53342120847692,0-25%
3.0,7.6403588697286775,4.6403588697286775,4.6403588697286775,0-25%
3.0,8.0936026290122,5.093602629012199,5.093602629012199,0-25%
3.0,7.7700653845549885,4.7700653845549885,4.7700653845549885,0-25%
3.0,7.53342120847692,4.53342120847692,4.53342120847692,0-25%
5.0,8.7401049993098,3.7401049993098,3.7401049993098,0-25%
5.0,8.222420217399801,3.222420217399801,3.222420217399801,0-25%
5.0,8.256534809435621,3.256534809435621,3.256534809435621,0-25%
5.0,8.053545544909271,3.053545544909271,3.053545544909271,0-25%
5.0,8.219636837882957,3.219636837882957,3.219636837882957,0-25%
5.0,8.309729010217023,3.3097290102170227,3.3097290102170227,0-25%
5.0,8.309729010217023,3.3097290102170227,3.3097290102170227,0-25%
5.0,8.256534809435621,3.256534809435621,3.256534809435621,0-25%
5.0,8.309729010217023,3.3097290102170227,3.3097290102170227,0-25%
5.0,8.238555798871886,3.238555798871886,3.238555798871886,0-25%
5.0,8.238555798871886,3.238555798871886,3.238555798871886,0-25%
5.0,8.00439173942459,3.004391739424589,3.004391739424589,0-25%
5.0,8.17842440837926,3.1784244083792608,3.1784244083792608,0-25%
5.0,8.256534809435621,3.256534809435621,3.256534809435621,0-25%
5.0,8.256534809435621,3.256534809435621,3.256534809435621,0-25%
5.0,8.238555798871886,3.238555798871886,3.238555798871886,0-25%
5.0,8.073219729585158,3.0732197295851584,3.0732197295851584,0-25%
5.0,8.069354610761327,3.0693546107613265,3.0693546107613265,0-25%
5.0,8.098600409081769,3.0986004090817687,3.0986004090817687,0-25%
5.0,8.37824060438202,3.37824060438202,3.37824060438202,0-25%
5.0,8.00439173942459,3.004391739424589,3.004391739424589,0-25%
9.0,7.624860042349538,-1.375139957650462,1.375139957650462,50-75%
9.0,7.744168090899267,-1.255831909100733,1.255831909100733,50-75%
9.0,7.744168090899267,-1.255831909100733,1.255831909100733,50-75%
9.0,7.587172463788767,-1.4128275362112328,1.4128275362112328,50-75%
9.0,7.671426224956699,-1.328573775043301,1.328573775043301,50-75%
9.0,7.671426224956699,-1.328573775043301,1.328573775043301,50-75%
9.0,7.69999165650083,-1.3000083434991696,1.3000083434991696,50-75%
9.0,7.672668311600045,-1.3273316883999549,1.3273316883999549,50-75%
9.0,7.672668311600045,-1.3273316883999549,1.3273316883999549,50-75%
9.0,7.69999165650083,-1.3000083434991696,1.3000083434991696,50-75%
9.0,7.639920548722197,-1.3600794512778034,1.3600794512778034,50-75%
9.0,7.516956414693798,-1.483043585306202,1.483043585306202,50-75%
9.0,7.672668311600045,-1.3273316883999549,1.3273316883999549,50-75%
3.0,8.74878493462239,5.748784934622391,5.748784934622391,0-25%
3.0,8.700848221029302,5.700848221029302,5.700848221029302,0-25%
3.0,8.74878493462239,5.748784934622391,5.748784934622391,0-25%
3.0,8.74878493462239,5.748784934622391,5.748784934622391,0-25%
3.0,8.69682719353057,5.69682719353057,5.69682719353057,0-25%
3.0,8.69682719353057,5.69682719353057,5.69682719353057,0-25%
3.0,8.766066632311453,5.766066632311453,5.766066632311453,0-25%
3.0,8.762589853788084,5.762589853788084,5.762589853788084,0-25%
3.0,8.762018571607046,5.762018571607046,5.762018571607046,0-25%
3.0,8.762018571607046,5.762018571607046,5.762018571607046,0-25%
3.0,8.69682719353057,5.69682719353057,5.69682719353057,0-25%
3.0,8.69682719353057,5.69682719353057,5.69682719353057,0-25%
3.0,8.762018571607046,5.762018571607046,5.762018571607046,0-25%
3.0,8.758396418664649,5.758396418664649,5.758396418664649,0-25%
3.0,8.977192336365189,5.977192336365189,5.977192336365189,0-25%
3.0,8.977192336365189,5.977192336365189,5.977192336365189,0-25%
3.0,8.766066632311453,5.766066632311453,5.766066632311453,0-25%
3.0,9.650382671732492,6.650382671732492,6.650382671732492,0-25%
3.0,8.709990299686124,5.709990299686124,5.709990299686124,0-25%
3.0,8.762018571607046,5.762018571607046,5.762018571607046,0-25%
3.0,8.762018571607046,5.762018571607046,5.762018571607046,0-25%
3.0,8.810684061258776,5.810684061258776,5.810684061258776,0-25%
3.0,8.915569668112798,5.9155696681127985,5.9155696681127985,0-25%
3.0,8.932863594553028,5.932863594553028,5.932863594553028,0-25%
3.0,8.935753775684395,5.935753775684395,5.935753775684395,0-25%
3.0,8.977192336365189,5.977192336365189,5.977192336365189,0-25%
3.0,8.949241216377578,5.949241216377578,5.949241216377578,0-25%
3.0,8.810684061258776,5.810684061258776,5.810684061258776,0-25%
3.0,8.949241216377578,5.949241216377578,5.949241216377578,0-25%
11.0,8.337501263411681,-2.6624987365883186,2.6624987365883186,50-75%
11.0,8.287735525800024,-2.7122644741999764,2.7122644741999764,50-75%
11.0,8.337501263411681,-2.6624987365883186,2.6624987365883186,50-75%
11.0,8.300343304223917,-2.699656695776083,2.699656695776083,50-75%
11.0,8.337501263411681,-2.6624987365883186,2.6624987365883186,50-75%
11.0,8.287735525800024,-2.7122644741999764,2.7122644741999764,50-75%
11.0,8.337501263411681,-2.6624987365883186,2.6624987365883186,50-75%
11.0,8.350176597096077,-2.649823402903923,2.649823402903923,50-75%
11.0,8.316694452250088,-2.683305547749912,2.683305547749912,50-75%
11.0,8.384050454828838,-2.615949545171162,2.615949545171162,50-75%
11.0,8.774945941090163,-2.225054058909837,2.225054058909837,50-75%
11.0,8.316694452250088,-2.683305547749912,2.683305547749912,50-75%
11.0,8.444920880884684,-2.555079119115316,2.555079119115316,50-75%
11.0,8.34137328759034,-2.65862671240966,2.65862671240966,50-75%
11.0,8.750032735556951,-2.2499672644430486,2.2499672644430486,50-75%
11.0,8.750032735556951,-2.2499672644430486,2.2499672644430486,50-75%
11.0,8.774945941090163,-2.225054058909837,2.225054058909837,50-75%
11.0,8.444920880884684,-2.555079119115316,2.555079119115316,50-75%
11.0,8.289000164222886,-2.7109998357771143,2.7109998357771143,50-75%
11.0,8.7228487706428,-2.2771512293572,2.2771512293572,50-75%
11.0,8.774945941090163,-2.225054058909837,2.225054058909837,50-75%
11.0,8.7228487706428,-2.2771512293572,2.2771512293572,50-75%
11.0,8.276407762843805,-2.723592237156195,2.723592237156195,50-75%
11.0,8.774945941090163,-2.225054058909837,2.225054058909837,50-75%
11.0,8.431408501851047,-2.568591498148953,2.568591498148953,50-75%
11.0,8.193926688436626,-2.806073311563374,2.806073311563374,50-75%
8.0,8.226967633018777,0.2269676330187771,0.2269676330187771,25-50%
14.0,9.161842158057485,-4.838157841942515,4.838157841942515,50-75%
14.0,9.135942878019982,-4.864057121980018,4.864057121980018,50-75%
14.0,9.216291552001163,-4.783708447998837,4.783708447998837,50-75%
8.0,8.37739128171813,0.37739128171813086,0.37739128171813086,25-50%
11.0,8.399034781063408,-2.600965218936592,2.600965218936592,50-75%
11.0,8.390210141062408,-2.6097898589375923,2.6097898589375923,50-75%
11.0,8.226967633018777,-2.773032366981223,2.773032366981223,50-75%
11.0,8.698068344106307,-2.301931655893693,2.301931655893693,50-75%
14.0,9.161842158057485,-4.838157841942515,4.838157841942515,50-75%
14.0,9.161842158057485,-4.838157841942515,4.838157841942515,50-75%
14.0,11.015790137873216,-2.984209862126784,2.984209862126784,50-75%
8.0,8.399034781063408,0.39903478106340806,0.39903478106340806,25-50%
8.0,8.37739128171813,0.37739128171813086,0.37739128171813086,25-50%
11.0,8.390210141062408,-2.6097898589375923,2.6097898589375923,50-75%
11.0,8.243189777585382,-2.756810222414618,2.756810222414618,50-75%
11.0,8.226967633018777,-2.773032366981223,2.773032366981223,50-75%
11.0,8.226967633018777,-2.773032366981223,2.773032366981223,50-75%
11.0,8.216953433761526,-2.7830465662384736,2.7830465662384736,50-75%
14.0,9.216291552001163,-4.783708447998837,4.783708447998837,50-75%
14.0,11.015790137873216,-2.984209862126784,2.984209862126784,50-75%
8.0,8.288725223969179,0.28872522396917866,0.28872522396917866,25-50%
11.0,8.399034781063408,-2.600965218936592,2.600965218936592,50-75%
11.0,8.319395273008622,-2.680604726991378,2.680604726991378,50-75%
11.0,8.226967633018777,-2.773032366981223,2.773032366981223,50-75%
11.0,8.226967633018777,-2.773032366981223,2.773032366981223,50-75%
11.0,8.226967633018777,-2.773032366981223,2.773032366981223,50-75%
14.0,8.74850421474973,-5.25149578525027,5.25149578525027,50-75%
14.0,8.759095942739702,-5.240904057260298,5.240904057260298,50-75%
3.0,8.337501263411681,5.337501263411681,5.337501263411681,0-25%
3.0,9.080306094591897,6.080306094591897,6.080306094591897,0-25%
3.0,9.080306094591897,6.080306094591897,6.080306094591897,0-25%
8.0,8.292852076229835,0.2928520762298348,0.2928520762298348,25-50%
8.0,8.40569301859107,0.40569301859106943,0.40569301859106943,25-50%
11.0,8.390210141062408,-2.6097898589375923,2.6097898589375923,50-75%
11.0,8.276407762843805,-2.723592237156195,2.723592237156195,50-75%
11.0,8.226967633018777,-2.773032366981223,2.773032366981223,50-75%
11.0,8.276407762843805,-2.723592237156195,2.723592237156195,50-75%
11.0,8.291586913393598,-2.7084130866064022,2.7084130866064022,50-75%
14.0,8.759095942739702,-5.240904057260298,5.240904057260298,50-75%
8.5,8.759095942739702,0.2590959427397017,0.2590959427397017,50-75%
3.0,8.287735525800024,5.287735525800024,5.287735525800024,0-25%
3.0,8.337501263411681,5.337501263411681,5.337501263411681,0-25%
3.0,9.080306094591897,6.080306094591897,6.080306094591897,0-25%
3.0,9.080306094591897,6.080306094591897,6.080306094591897,0-25%
3.0,8.537062150935764,5.537062150935764,5.537062150935764,0-25%
3.0,8.588163835654404,5.588163835654404,5.588163835654404,0-25%
7.0,9.134318600304956,2.1343186003049563,2.1343186003049563,25-50%
7.0,9.249547595841513,2.2495475958415128,2.2495475958415128,25-50%
9.333333333333334,8.243189777585382,-1.090143555747952,1.090143555747952,50-75%
9.333333333333334,8.226967633018777,-1.1063657003145568,1.1063657003145568,50-75%
9.333333333333334,8.226967633018777,-1.1063657003145568,1.1063657003145568,50-75%
11.0,8.354053877413087,-2.6459461225869134,2.6459461225869134,50-75%
11.0,8.316694452250088,-2.683305547749912,2.683305547749912,50-75%
8.5,8.772343576559786,0.2723435765597859,0.2723435765597859,50-75%
3.0,8.350176597096077,5.350176597096077,5.350176597096077,0-25%
3.0,8.287735525800024,5.287735525800024,5.287735525800024,0-25%
3.0,9.080306094591897,6.080306094591897,6.080306094591897,0-25%
3.0,9.080306094591897,6.080306094591897,6.080306094591897,0-25%
3.0,9.080306094591897,6.080306094591897,6.080306094591897,0-25%
3.0,8.95929128167431,5.959291281674311,5.959291281674311,0-25%
6.0,9.301345927365352,3.301345927365352,3.301345927365352,25-50%
6.0,9.242196044156456,3.242196044156456,3.242196044156456,25-50%
6.0,9.297075991963405,3.297075991963405,3.297075991963405,25-50%
7.0,9.080306094591897,2.080306094591897,2.080306094591897,25-50%
7.0,8.226967633018777,1.226967633018777,1.226967633018777,25-50%
7.0,8.289000164222886,1.2890001642228857,1.2890001642228857,25-50%
3.0,8.399034781063408,5.399034781063408,5.399034781063408,0-25%
3.0,8.444920880884684,5.444920880884684,5.444920880884684,0-25%
3.0,8.354053877413087,5.354053877413087,5.354053877413087,0-25%
3.0,9.148075585851632,6.1480755858516325,6.1480755858516325,0-25%
3.0,9.080306094591897,6.080306094591897,6.080306094591897,0-25%
3.0,8.518726204046354,5.518726204046354,5.518726204046354,0-25%
6.0,9.297075991963405,3.297075991963405,3.297075991963405,25-50%
6.0,9.297075991963405,3.297075991963405,3.297075991963405,25-50%
6.0,9.242196044156456,3.242196044156456,3.242196044156456,25-50%
6.0,9.242196044156456,3.242196044156456,3.242196044156456,25-50%
6.0,9.242196044156456,3.242196044156456,3.242196044156456,25-50%
6.0,9.297075991963405,3.297075991963405,3.297075991963405,25-50%
6.0,8.698358734441607,2.698358734441607,2.698358734441607,25-50%
6.0,8.750324681867783,2.7503246818677827,2.7503246818677827,25-50%
3.0,8.448404830961733,5.448404830961733,5.448404830961733,0-25%
3.0,8.354053877413087,5.354053877413087,5.354053877413087,0-25%
3.0,9.148075585851632,6.1480755858516325,6.1480755858516325,0-25%
3.0,9.134318600304956,6.134318600304956,6.134318600304956,0-25%
3.0,9.134318600304956,6.134318600304956,6.134318600304956,0-25%
6.0,9.297075991963405,3.297075991963405,3.297075991963405,25-50%
6.0,9.297075991963405,3.297075991963405,3.297075991963405,25-50%
6.0,9.256099469586703,3.2560994695867027,3.2560994695867027,25-50%
6.0,9.256099469586703,3.2560994695867027,3.2560994695867027,25-50%
6.0,9.256099469586703,3.2560994695867027,3.2560994695867027,25-50%
6.0,9.444461478512128,3.444461478512128,3.444461478512128,25-50%
6.0,9.026687588749732,3.0266875887497324,3.0266875887497324,25-50%
3.0,8.399034781063408,5.399034781063408,5.399034781063408,0-25%
3.0,8.316694452250088,5.316694452250088,5.316694452250088,0-25%
6.0,9.256099469586703,3.2560994695867027,3.2560994695867027,25-50%
6.0,9.256099469586703,3.2560994695867027,3.2560994695867027,25-50%
6.0,9.388796015689499,3.3887960156894987,3.3887960156894987,25-50%
6.0,8.977509026677486,2.9775090266774864,2.9775090266774864,25-50%
6.0,8.750324681867783,2.7503246818677827,2.7503246818677827,25-50%
6.0,8.876477359355109,2.8764773593551087,2.8764773593551087,25-50%
6.0,9.50608876749276,3.506088767492759,3.506088767492759,25-50%
8.0,8.282414108068771,0.282414108068771,0.282414108068771,25-50%
8.0,8.565342038114078,0.5653420381140783,0.5653420381140783,25-50%
8.0,8.230705473955128,0.23070547395512797,0.23070547395512797,25-50%
10.5,8.49779158853372,-2.0022084114662793,2.0022084114662793,50-75%
10.5,8.508997777790444,-1.9910022222095556,1.9910022222095556,50-75%
8.0,8.57662792833237,0.5766279283323694,0.5766279283323694,25-50%
8.0,8.513626496037404,0.5136264960374035,0.5136264960374035,25-50%
8.0,8.334601153781641,0.3346011537816409,0.3346011537816409,25-50%
2.0,9.060251354929196,7.060251354929196,7.060251354929196,0-25%
2.0,8.401021712945965,6.4010217129459654,6.4010217129459654,0-25%
10.5,8.49779158853372,-2.0022084114662793,2.0022084114662793,50-75%
10.5,8.508997777790444,-1.9910022222095556,1.9910022222095556,50-75%
10.5,8.381135887609505,-2.1188641123904954,2.1188641123904954,50-75%
8.0,8.335147423107717,0.33514742310771695,0.33514742310771695,25-50%
8.0,8.381135887609505,0.38113588760950456,0.38113588760950456,25-50%
2.0,9.060251354929196,7.060251354929196,7.060251354929196,0-25%
2.0,9.060251354929196,7.060251354929196,7.060251354929196,0-25%
2.0,8.44772461040139,6.447724610401391,6.447724610401391,0-25%
2.0,8.401021712945965,6.4010217129459654,6.4010217129459654,0-25%
2.0,8.401021712945965,6.4010217129459654,6.4010217129459654,0-25%
2.0,8.389942771612327,6.389942771612327,6.389942771612327,0-25%
10.5,8.831829880432494,-1.668170119567506,1.668170119567506,50-75%
10.5,8.573214287542259,-1.9267857124577414,1.9267857124577414,50-75%
10.5,8.500729585574405,-1.9992704144255953,1.9992704144255953,50-75%
2.0,9.006633602694077,7.006633602694077,7.006633602694077,0-25%
2.0,9.006633602694077,7.006633602694077,7.006633602694077,0-25%
2.0,8.350917432726888,6.350917432726888,6.350917432726888,0-25%
2.0,8.401021712945965,6.4010217129459654,6.4010217129459654,0-25%
2.0,8.339897538420058,6.3398975384200575,6.3398975384200575,0-25%
10.5,8.831829880432494,-1.668170119567506,1.668170119567506,50-75%
10.5,8.508997777790444,-1.9910022222095556,1.9910022222095556,50-75%
10.5,8.573214287542259,-1.9267857124577414,1.9267857124577414,50-75%
10.5,8.508997777790444,-1.9910022222095556,1.9910022222095556,50-75%
2.0,9.006633602694077,7.006633602694077,7.006633602694077,0-25%
2.0,9.006633602694077,7.006633602694077,7.006633602694077,0-25%
2.0,9.060251354929196,7.060251354929196,7.060251354929196,0-25%
2.0,7.959814861060108,5.959814861060108,5.959814861060108,0-25%
13.0,8.843430192500096,-4.1565698074999045,4.1565698074999045,50-75%
10.5,8.843430192500096,-1.6565698074999045,1.6565698074999045,50-75%
10.5,8.540353812214072,-1.9596461877859284,1.9596461877859284,50-75%
13.0,8.540353812214072,-4.459646187785928,4.459646187785928,50-75%
2.0,9.006633602694077,7.006633602694077,7.006633602694077,0-25%
2.0,8.9783611171787,6.9783611171787,6.9783611171787,0-25%
2.0,9.060251354929196,7.060251354929196,7.060251354929196,0-25%
2.0,9.048395522875385,7.048395522875385,7.048395522875385,0-25%
2.0,8.472127326294437,6.472127326294437,6.472127326294437,0-25%
13.0,8.843430192500096,-4.1565698074999045,4.1565698074999045,50-75%
13.0,8.508997777790444,-4.491002222209556,4.491002222209556,50-75%
13.0,8.500729585574405,-4.499270414425595,4.499270414425595,50-75%
2.0,8.994840958233018,6.994840958233018,6.994840958233018,0-25%
2.0,8.994840958233018,6.994840958233018,6.994840958233018,0-25%
2.0,8.496265668758758,6.496265668758758,6.496265668758758,0-25%
2.0,8.031090013979787,6.031090013979787,6.031090013979787,0-25%
13.0,8.843430192500096,-4.1565698074999045,4.1565698074999045,50-75%
13.0,8.508997777790444,-4.491002222209556,4.491002222209556,50-75%
5.0,9.839546818918913,4.8395468189189135,4.8395468189189135,0-25%
5.0,9.89664767698884,4.89664767698884,4.89664767698884,0-25%
5.0,9.635248979867004,4.635248979867004,4.635248979867004,0-25%
5.0,9.89664767698884,4.89664767698884,4.89664767698884,0-25%
5.0,9.910133879384732,4.910133879384732,4.910133879384732,0-25%
5.0,9.910133879384732,4.910133879384732,4.910133879384732,0-25%
5.0,9.598743024164452,4.5987430241644525,4.5987430241644525,0-25%
5.0,9.598743024164452,4.5987430241644525,4.5987430241644525,0-25%
5.0,9.910133879384732,4.910133879384732,4.910133879384732,0-25%
5.0,9.89664767698884,4.89664767698884,4.89664767698884,0-25%
10.5,9.554722959086005,-0.9452770409139948,0.9452770409139948,50-75%
16.0,9.537348643062563,-6.462651356937437,6.462651356937437,75-100%
5.0,9.839546818918913,4.8395468189189135,4.8395468189189135,0-25%
10.5,9.89664767698884,-0.6033523230111602,0.6033523230111602,50-75%
10.5,9.554722959086005,-0.9452770409139948,0.9452770409139948,50-75%
16.0,9.476277920803266,-6.523722079196734,6.523722079196734,75-100%
16.0,9.490499104251665,-6.509500895748335,6.509500895748335,75-100%
16.0,9.374464789604875,-6.625535210395125,6.625535210395125,75-100%
16.0,9.356712540077861,-6.6432874599221385,6.6432874599221385,75-100%
3.0,9.598743024164452,6.5987430241644525,6.5987430241644525,0-25%
3.0,9.89664767698884,6.89664767698884,6.89664767698884,0-25%
3.0,9.537348643062563,6.537348643062563,6.537348643062563,0-25%
3.0,9.356712540077861,6.3567125400778615,6.3567125400778615,0-25%
3.0,9.300911930841075,6.300911930841075,6.300911930841075,0-25%
3.0,9.300911930841075,6.300911930841075,6.300911930841075,0-25%
5.0,9.735362170031241,4.735362170031241,4.735362170031241,0-25%
10.5,9.82614787039126,-0.6738521296087399,0.6738521296087399,50-75%
10.5,9.89664767698884,-0.6033523230111602,0.6033523230111602,50-75%
10.5,9.569050628949569,-0.9309493710504313,0.9309493710504313,50-75%
16.0,9.439072288624882,-6.560927711375118,6.560927711375118,75-100%
15.5,9.442789984736319,-6.057210015263681,6.057210015263681,75-100%
11.333333333333336,9.31489506104836,-2.0184382722849765,2.0184382722849765,50-75%
11.333333333333336,9.407733620454762,-1.925599712878574,1.925599712878574,50-75%
9.0,9.598743024164452,0.5987430241644525,0.5987430241644525,50-75%
3.0,9.442098476000828,6.442098476000828,6.442098476000828,0-25%
3.0,9.300911930841075,6.300911930841075,6.300911930841075,0-25%
3.0,9.300911930841075,6.300911930841075,6.300911930841075,0-25%
3.0,9.300911930841075,6.300911930841075,6.300911930841075,0-25%
10.5,9.735362170031241,-0.7646378299687591,0.7646378299687591,50-75%
10.5,9.82614787039126,-0.6738521296087399,0.6738521296087399,50-75%
16.0,9.554722959086005,-6.445277040913995,6.445277040913995,75-100%
15.5,9.490499104251665,-6.009500895748335,6.009500895748335,75-100%
15.5,9.428633476965793,-6.071366523034207,6.071366523034207,75-100%
15.5,10.339801817343378,-5.160198182656622,5.160198182656622,75-100%
11.333333333333336,9.31489506104836,-2.0184382722849765,2.0184382722849765,50-75%
11.333333333333336,9.374464789604875,-1.9588685437284603,1.9588685437284603,50-75%
9.0,9.554722959086005,0.5547229590860052,0.5547229590860052,50-75%
9.0,9.537348643062563,0.5373486430625629,0.5373486430625629,50-75%
3.0,9.35610649133292,6.35610649133292,6.35610649133292,0-25%
3.0,9.300911930841075,6.300911930841075,6.300911930841075,0-25%
3.0,9.35610649133292,6.35610649133292,6.35610649133292,0-25%
3.0,9.373052372061801,6.373052372061801,6.373052372061801,0-25%
16.0,9.82614787039126,-6.17385212960874,6.17385212960874,75-100%
16.0,9.598743024164452,-6.4012569758355475,6.4012569758355475,75-100%
15.5,9.598743024164452,-5.9012569758355475,5.9012569758355475,75-100%
15.5,10.093774586840723,-5.406225413159277,5.406225413159277,75-100%
9.0,10.339801817343378,1.3398018173433783,1.3398018173433783,50-75%
9.0,10.223457535478877,1.223457535478877,1.223457535478877,50-75%
9.0,9.356712540077861,0.35671254007786146,0.35671254007786146,50-75%
9.0,9.300911930841075,0.3009119308410746,0.3009119308410746,50-75%
3.0,9.300911930841075,6.300911930841075,6.300911930841075,0-25%
3.0,9.442789984736319,6.442789984736319,6.442789984736319,0-25%
3.0,9.439072288624882,6.439072288624882,6.439072288624882,0-25%
16.0,9.78553127919515,-6.214468720804851,6.214468720804851,75-100%
15.5,10.41180297783984,-5.088197022160159,5.088197022160159,75-100%
15.5,10.34046543283102,-5.159534567168979,5.159534567168979,75-100%
15.0,10.344504144612667,-4.655495855387333,4.655495855387333,50-75%
9.0,10.279364491993672,1.2793644919936717,1.2793644919936717,50-75%
9.0,10.339801817343378,1.3398018173433783,1.3398018173433783,50-75%
9.0,10.279364491993672,1.2793644919936717,1.2793644919936717,50-75%
9.0,9.300911930841075,0.3009119308410746,0.3009119308410746,50-75%
3.0,9.370164546239229,6.370164546239229,6.370164546239229,0-25%
15.0,10.34046543283102,-4.659534567168979,4.659534567168979,50-75%
15.0,10.344504144612667,-4.655495855387333,4.655495855387333,50-75%
15.0,10.339801817343378,-4.660198182656622,4.660198182656622,50-75%
15.0,10.339801817343378,-4.660198182656622,4.660198182656622,50-75%
15.0,10.279364491993672,-4.720635508006328,4.720635508006328,50-75%
9.0,10.279364491993672,1.2793644919936717,1.2793644919936717,50-75%
9.0,10.279364491993672,1.2793644919936717,1.2793644919936717,50-75%
3.0,10.339801817343378,7.339801817343378,7.339801817343378,0-25%
3.0,9.38282793586159,6.38282793586159,6.38282793586159,0-25%
15.0,10.339801817343378,-4.660198182656622,4.660198182656622,50-75%
15.0,10.339801817343378,-4.660198182656622,4.660198182656622,50-75%
15.0,10.29467583757219,-4.705324162427811,4.705324162427811,50-75%
15.0,10.29467583757219,-4.705324162427811,4.705324162427811,50-75%
7.0,8.750054875462173,1.7500548754621725,1.7500548754621725,25-50%
7.0,9.594276338792476,2.5942763387924757,2.5942763387924757,25-50%
7.0,9.594276338792476,2.5942763387924757,2.5942763387924757,25-50%
7.0,9.594276338792476,2.5942763387924757,2.5942763387924757,25-50%
7.0,9.594276338792476,2.5942763387924757,2.5942763387924757,25-50%
7.0,9.651042810554852,2.651042810554852,2.651042810554852,25-50%
7.0,8.69809036601329,1.6980903660132896,1.6980903660132896,25-50%
7.0,8.788071941195021,1.788071941195021,1.788071941195021,25-50%
7.0,8.69809036601329,1.6980903660132896,1.6980903660132896,25-50%
7.0,9.594276338792476,2.5942763387924757,2.5942763387924757,25-50%
7.0,9.594276338792476,2.5942763387924757,2.5942763387924757,25-50%
7.0,9.594276338792476,2.5942763387924757,2.5942763387924757,25-50%
7.0,9.594276338792476,2.5942763387924757,2.5942763387924757,25-50%
7.0,9.667238426664742,2.667238426664742,2.667238426664742,25-50%
7.0,8.750054875462173,1.7500548754621725,1.7500548754621725,25-50%
7.0,8.69809036601329,1.6980903660132896,1.6980903660132896,25-50%
7.0,8.69809036601329,1.6980903660132896,1.6980903660132896,25-50%
7.0,9.594276338792476,2.5942763387924757,2.5942763387924757,25-50%
7.0,9.607971170243019,2.607971170243019,2.607971170243019,25-50%
7.0,9.50883837156069,2.5088383715606906,2.5088383715606906,25-50%
7.0,9.452829801575092,2.452829801575092,2.452829801575092,25-50%
7.0,8.702111917317508,1.7021119173175077,1.7021119173175077,25-50%
7.0,8.663362373125413,1.6633623731254126,1.6633623731254126,25-50%
7.0,8.728328768564191,1.7283287685641913,1.7283287685641913,25-50%
7.0,9.50883837156069,2.5088383715606906,2.5088383715606906,25-50%
7.0,9.13726981293411,2.1372698129341092,2.1372698129341092,25-50%
7.0,9.158295439398337,2.158295439398337,2.158295439398337,25-50%
7.0,9.101855874017525,2.1018558740175255,2.1018558740175255,25-50%
7.0,8.728328768564191,1.7283287685641913,1.7283287685641913,25-50%
7.0,8.763001257830119,1.763001257830119,1.763001257830119,25-50%
7.0,9.462735725097861,2.462735725097861,2.462735725097861,25-50%
7.0,9.101855874017525,2.1018558740175255,2.1018558740175255,25-50%
7.0,8.896581072763999,1.8965810727639987,1.8965810727639987,25-50%
7.0,8.809416176345772,1.8094161763457723,1.8094161763457723,25-50%
7.0,8.732412234491848,1.7324122344918482,1.7324122344918482,25-50%
7.0,9.101855874017525,2.1018558740175255,2.1018558740175255,25-50%
7.0,9.1169503279364,2.116950327936401,2.116950327936401,25-50%
3.0,9.1169503279364,6.116950327936401,6.116950327936401,0-25%
3.0,9.349151647668837,6.349151647668837,6.349151647668837,0-25%
3.0,9.74865410146906,6.748654101469061,6.748654101469061,0-25%
3.0,9.845083034259588,6.845083034259588,6.845083034259588,0-25%
3.0,9.845083034259588,6.845083034259588,6.845083034259588,0-25%
3.0,8.793010826784197,5.793010826784197,5.793010826784197,0-25%
3.0,9.567759068381692,6.567759068381692,6.567759068381692,0-25%
3.0,9.859483424161702,6.859483424161702,6.859483424161702,0-25%
3.0,9.791755604965271,6.791755604965271,6.791755604965271,0-25%
3.0,9.820916869419554,6.820916869419554,6.820916869419554,0-25%
3.0,9.806247763369344,6.806247763369344,6.806247763369344,0-25%
3.0,9.62318168595364,6.623181685953639,6.623181685953639,0-25%
3.0,9.158295439398337,6.158295439398337,6.158295439398337,0-25%
3.0,9.569550858422026,6.569550858422026,6.569550858422026,0-25%
3.0,9.820916869419554,6.820916869419554,6.820916869419554,0-25%
3.0,9.74865410146906,6.748654101469061,6.748654101469061,0-25%
3.0,9.555222510434856,6.555222510434856,6.555222510434856,0-25%
3.0,9.694751781432164,6.6947517814321635,6.6947517814321635,0-25%
3.0,9.567759068381692,6.567759068381692,6.567759068381692,0-25%
3.0,9.575245225380936,6.575245225380936,6.575245225380936,0-25%
3.0,9.575245225380936,6.575245225380936,6.575245225380936,0-25%
3.0,9.874224795772625,6.874224795772625,6.874224795772625,0-25%
3.0,9.567759068381692,6.567759068381692,6.567759068381692,0-25%
3.0,9.567759068381692,6.567759068381692,6.567759068381692,0-25%
3.0,9.567759068381692,6.567759068381692,6.567759068381692,0-25%
3.0,9.671758738573011,6.671758738573011,6.671758738573011,0-25%
3.0,9.874224795772625,6.874224795772625,6.874224795772625,0-25%
3.0,9.567759068381692,6.567759068381692,6.567759068381692,0-25%
3.0,9.296748950434242,6.296748950434242,6.296748950434242,0-25%
3.0,9.395061287014443,6.3950612870144425,6.3950612870144425,0-25%
3.0,9.569550858422026,6.569550858422026,6.569550858422026,0-25%
3.0,9.536729884973557,6.536729884973557,6.536729884973557,0-25%
3.0,9.335524865309711,6.335524865309711,6.335524865309711,0-25%
6.0,10.069702015698166,4.069702015698166,4.069702015698166,25-50%
6.0,10.229041370023468,4.229041370023468,4.229041370023468,25-50%
6.0,9.724489458335865,3.7244894583358654,3.7244894583358654,25-50%
6.0,10.267397369722776,4.267397369722776,4.267397369722776,25-50%
6.0,10.010704231343254,4.010704231343254,4.010704231343254,25-50%
6.0,9.960270372840313,3.960270372840313,3.960270372840313,25-50%
6.0,10.245361540899037,4.245361540899037,4.245361540899037,25-50%
6.0,10.18542755042286,4.18542755042286,4.18542755042286,25-50%
6.0,9.047493631287953,3.047493631287953,3.047493631287953,25-50%
6.0,8.939379686231762,2.939379686231762,2.939379686231762,25-50%
6.0,8.939379686231762,2.939379686231762,2.939379686231762,25-50%
6.0,9.21512374987925,3.2151237498792504,3.2151237498792504,25-50%
6.0,9.140261186939773,3.1402611869397727,3.1402611869397727,25-50%
6.0,9.337494907760675,3.337494907760675,3.337494907760675,25-50%
6.0,9.337494907760675,3.337494907760675,3.337494907760675,25-50%
6.0,8.985115899997492,2.985115899997492,2.985115899997492,25-50%
6.0,9.21512374987925,3.2151237498792504,3.2151237498792504,25-50%
6.0,9.269858638356098,3.269858638356098,3.269858638356098,25-50%
6.0,9.337494907760675,3.337494907760675,3.337494907760675,25-50%
6.0,9.337494907760675,3.337494907760675,3.337494907760675,25-50%
6.0,8.939379686231762,2.939379686231762,2.939379686231762,25-50%
6.0,9.337494907760675,3.337494907760675,3.337494907760675,25-50%
6.0,9.212328011374114,3.2123280113741135,3.2123280113741135,25-50%
12.0,9.110894161560145,-2.889105838439855,2.889105838439855,50-75%
12.0,9.091299384137747,-2.9087006158622533,2.9087006158622533,50-75%
12.0,9.077753705518141,-2.922246294481859,2.922246294481859,50-75%
12.0,9.110894161560145,-2.889105838439855,2.889105838439855,50-75%
12.0,9.110894161560145,-2.889105838439855,2.889105838439855,50-75%
12.0,9.168959774952196,-2.831040225047804,2.831040225047804,50-75%
12.0,9.110894161560145,-2.889105838439855,2.889105838439855,50-75%
12.0,9.091299384137747,-2.9087006158622533,2.9087006158622533,50-75%
12.0,9.11359719980359,-2.886402800196411,2.886402800196411,50-75%
12.0,9.110894161560145,-2.889105838439855,2.889105838439855,50-75%
12.0,9.029254930334856,-2.970745069665144,2.970745069665144,50-75%
12.0,9.11359719980359,-2.886402800196411,2.886402800196411,50-75%
12.0,9.048729232958491,-2.9512707670415086,2.9512707670415086,50-75%
12.0,9.029254930334856,-2.970745069665144,2.970745069665144,50-75%
12.0,9.029254930334856,-2.970745069665144,2.970745069665144,50-75%
12.0,9.127326056768716,-2.872673943231284,2.872673943231284,50-75%
12.0,9.048729232958491,-2.9512707670415086,2.9512707670415086,50-75%
12.0,9.029254930334856,-2.970745069665144,2.970745069665144,50-75%
16.0,8.920414273570712,-7.079585726429288,7.079585726429288,75-100%
16.0,8.957772972054386,-7.042227027945614,7.042227027945614,75-100%
16.0,8.974331858399939,-7.025668141600061,7.025668141600061,75-100%
16.0,8.921172028150515,-7.078827971849485,7.078827971849485,75-100%
16.0,9.021597416445408,-6.978402583554592,6.978402583554592,75-100%
16.0,9.112931632616696,-6.8870683673833035,6.8870683673833035,75-100%
16.0,8.957772972054386,-7.042227027945614,7.042227027945614,75-100%
16.0,8.921172028150515,-7.078827971849485,7.078827971849485,75-100%
16.0,8.921172028150515,-7.078827971849485,7.078827971849485,75-100%
16.0,9.096284557104656,-6.903715442895344,6.903715442895344,75-100%
16.0,9.105772744826304,-6.894227255173696,6.894227255173696,75-100%
16.0,9.105772744826304,-6.894227255173696,6.894227255173696,75-100%
16.0,8.960955374681259,-7.039044625318741,7.039044625318741,75-100%
16.0,8.974331858399939,-7.025668141600061,7.025668141600061,75-100%
16.0,8.974331858399939,-7.025668141600061,7.025668141600061,75-100%
16.0,9.016593034552287,-6.983406965447713,6.983406965447713,75-100%
16.0,8.99958823297835,-7.0004117670216495,7.0004117670216495,75-100%
16.0,8.921172028150515,-7.078827971849485,7.078827971849485,75-100%
16.0,9.030677670637099,-6.969322329362901,6.969322329362901,75-100%
16.0,10.218513950946402,-5.781486049053598,5.781486049053598,75-100%
16.0,10.166990115936807,-5.833009884063193,5.833009884063193,75-100%
16.0,9.096284557104656,-6.903715442895344,6.903715442895344,75-100%
16.0,10.26604671815118,-5.7339532818488195,5.7339532818488195,75-100%
29.0,10.1769714442172,-18.8230285557828,18.8230285557828,75-100%
29.0,9.996261644465225,-19.003738355534775,19.003738355534775,75-100%
29.0,10.145373536306819,-18.85462646369318,18.85462646369318,75-100%
29.0,10.006107064379067,-18.993892935620934,18.993892935620934,75-100%
29.0,10.18542755042286,-18.814572449577142,18.814572449577142,75-100%
29.0,10.18542755042286,-18.814572449577142,18.814572449577142,75-100%
15.5,10.260626728652326,-5.239373271347674,5.239373271347674,75-100%
2.0,10.245361540899037,8.245361540899037,8.245361540899037,0-25%
2.0,9.529574097207647,7.529574097207647,7.529574097207647,0-25%
29.0,10.200279858832035,-18.799720141167967,18.799720141167967,75-100%
29.0,10.205092908531727,-18.794907091468275,18.794907091468275,75-100%
29.0,10.145373536306819,-18.85462646369318,18.85462646369318,75-100%
29.0,10.19006586261175,-18.80993413738825,18.80993413738825,75-100%
15.5,10.260626728652326,-5.239373271347674,5.239373271347674,75-100%
15.5,10.245361540899037,-5.254638459100963,5.254638459100963,75-100%
2.0,10.260626728652326,8.260626728652326,8.260626728652326,0-25%
2.0,10.438781892710306,8.438781892710306,8.438781892710306,0-25%
2.0,10.062901445452159,8.062901445452159,8.062901445452159,0-25%
2.0,10.11328403740599,8.11328403740599,8.11328403740599,0-25%
29.0,10.09476008249858,-18.90523991750142,18.90523991750142,75-100%
29.0,10.205092908531727,-18.794907091468275,18.794907091468275,75-100%
29.0,10.145373536306819,-18.85462646369318,18.85462646369318,75-100%
29.0,9.988477452295603,-19.011522547704395,19.011522547704395,75-100%
29.0,9.808904312490279,-19.191095687509723,19.191095687509723,75-100%
15.5,10.096617505787426,-5.403382494212574,5.403382494212574,75-100%
15.5,10.306637640725661,-5.193362359274339,5.193362359274339,75-100%
2.0,10.301951009223378,8.301951009223378,8.301951009223378,0-25%
2.0,10.062901445452159,8.062901445452159,8.062901445452159,0-25%
2.0,10.062901445452159,8.062901445452159,8.062901445452159,0-25%
2.0,10.062901445452159,8.062901445452159,8.062901445452159,0-25%
29.0,10.26029343125595,-18.739706568744047,18.739706568744047,75-100%
29.0,10.081574653046268,-18.918425346953732,18.918425346953732,75-100%
15.5,9.541751556446666,-5.958248443553334,5.958248443553334,75-100%
15.5,9.808904312490279,-5.691095687509721,5.691095687509721,75-100%
15.5,10.316958040582499,-5.183041959417501,5.183041959417501,75-100%
2.0,10.45905945262435,8.45905945262435,8.45905945262435,0-25%
2.0,10.062901445452159,8.062901445452159,8.062901445452159,0-25%
2.0,10.079723319897592,8.079723319897592,8.079723319897592,0-25%
2.0,10.062901445452159,8.062901445452159,8.062901445452159,0-25%
29.0,9.597159316162907,-19.40284068383709,19.40284068383709,75-100%
29.0,9.996261644465225,-19.003738355534775,19.003738355534775,75-100%
15.5,9.541751556446666,-5.958248443553334,5.958248443553334,75-100%
15.5,10.136610230271433,-5.363389769728567,5.363389769728567,75-100%
2.0,10.164219524104267,8.164219524104267,8.164219524104267,0-25%
2.0,9.976181939203762,7.976181939203762,7.976181939203762,0-25%
2.0,10.062901445452159,8.062901445452159,8.062901445452159,0-25%
2.0,9.780462028204703,7.780462028204703,7.780462028204703,0-25%
2.0,9.17266404338849,7.17266404338849,7.17266404338849,0-25%
2.0,9.512521447095352,7.512521447095352,7.512521447095352,0-25%
2.0,9.915198190317437,7.915198190317437,7.915198190317437,0-25%
4.0,9.974508242724255,5.974508242724255,5.974508242724255,0-25%
4.0,9.91353379290808,5.91353379290808,5.91353379290808,0-25%
4.0,9.735945165290559,5.735945165290559,5.735945165290559,0-25%
4.0,9.715256877132799,5.7152568771327985,5.7152568771327985,0-25%
4.0,9.79228194201345,5.7922819420134495,5.7922819420134495,0-25%
4.0,9.918558230839949,5.918558230839949,5.918558230839949,0-25%
4.0,9.965881675140325,5.965881675140325,5.965881675140325,0-25%
4.0,10.176367882550533,6.176367882550533,6.176367882550533,0-25%
4.0,10.076890459830024,6.0768904598300235,6.0768904598300235,0-25%
4.0,9.715256877132799,5.7152568771327985,5.7152568771327985,0-25%
4.0,9.6557228298414,5.6557228298414,5.6557228298414,0-25%
4.0,10.065513194256901,6.065513194256901,6.065513194256901,0-25%
4.0,10.125699297039972,6.125699297039972,6.125699297039972,0-25%
4.0,10.015347173650438,6.015347173650438,6.015347173650438,0-25%
4.0,10.656505836491448,6.656505836491448,6.656505836491448,0-25%
4.0,9.6557228298414,5.6557228298414,5.6557228298414,0-25%
4.0,9.6557228298414,5.6557228298414,5.6557228298414,0-25%
4.0,9.6557228298414,5.6557228298414,5.6557228298414,0-25%
4.0,9.732319942885916,5.7323199428859155,5.7323199428859155,0-25%
4.0,10.065513194256901,6.065513194256901,6.065513194256901,0-25%
4.0,10.176367882550533,6.176367882550533,6.176367882550533,0-25%
4.0,10.327605257085814,6.327605257085814,6.327605257085814,0-25%
4.0,10.81831225677013,6.818312256770129,6.818312256770129,0-25%
4.0,9.342705106607145,5.342705106607145,5.342705106607145,0-25%
4.0,9.342705106607145,5.342705106607145,5.342705106607145,0-25%
3.5,9.565481382833335,6.065481382833335,6.065481382833335,0-25%
3.5,9.549717722175288,6.049717722175288,6.049717722175288,0-25%
3.5,9.935948598506052,6.435948598506052,6.435948598506052,0-25%
3.5,10.656158324446288,7.156158324446288,7.156158324446288,0-25%
3.5,10.591396621681653,7.091396621681653,7.091396621681653,0-25%
3.5,10.567314997281478,7.067314997281478,7.067314997281478,0-25%
3.5,9.239813957325904,5.739813957325904,5.739813957325904,0-25%
3.5,9.565481382833335,6.065481382833335,6.065481382833335,0-25%
3.5,10.118336490819496,6.618336490819496,6.618336490819496,0-25%
3.5,10.233826862381004,6.7338268623810045,6.7338268623810045,0-25%
3.5,10.525384507307725,7.0253845073077255,7.0253845073077255,0-25%
3.0,10.405725198699027,7.405725198699027,7.405725198699027,0-25%
3.0,10.394820643113707,7.394820643113707,7.394820643113707,0-25%
3.0,9.734156481793729,6.734156481793729,6.734156481793729,0-25%
3.0,9.717090496170135,6.717090496170135,6.717090496170135,0-25%
3.5,10.352753196667765,6.852753196667765,6.852753196667765,0-25%
3.5,10.541029816513038,7.0410298165130385,7.0410298165130385,0-25%
3.0,10.369429494598364,7.369429494598364,7.369429494598364,0-25%
3.0,10.451461520650383,7.451461520650383,7.451461520650383,0-25%
3.0,10.394820643113707,7.394820643113707,7.394820643113707,0-25%
3.0,10.646525876864526,7.646525876864526,7.646525876864526,0-25%
3.0,10.405725198699027,7.405725198699027,7.405725198699027,0-25%
3.0,10.394820643113707,7.394820643113707,7.394820643113707,0-25%
3.0,10.394820643113707,7.394820643113707,7.394820643113707,0-25%
3.0,10.394820643113707,7.394820643113707,7.394820643113707,0-25%
3.0,10.175813441470215,7.175813441470215,7.175813441470215,0-25%
3.0,10.394820643113707,7.394820643113707,7.394820643113707,0-25%
3.0,10.451461520650383,7.451461520650383,7.451461520650383,0-25%
3.0,10.369429494598364,7.369429494598364,7.369429494598364,0-25%
3.0,10.354016811089265,7.354016811089265,7.354016811089265,0-25%
3.0,10.231365687559634,7.231365687559634,7.231365687559634,0-25%
3.0,10.180447766932756,7.180447766932756,7.180447766932756,0-25%
3.0,10.121313465954568,7.121313465954568,7.121313465954568,0-25%
3.0,10.23686909423098,7.236869094230981,7.236869094230981,0-25%
3.0,10.121313465954568,7.121313465954568,7.121313465954568,0-25%
2.0,8.138932431750522,6.138932431750522,6.138932431750522,0-25%
2.0,8.246146954341024,6.2461469543410235,6.2461469543410235,0-25%
2.0,9.53997544404931,7.539975444049309,7.539975444049309,0-25%
2.0,9.523143298275356,7.523143298275356,7.523143298275356,0-25%
2.0,8.411191516575112,6.411191516575112,6.411191516575112,0-25%
2.0,8.306622520739847,6.306622520739847,6.306622520739847,0-25%
2.0,9.593576403188582,7.593576403188582,7.593576403188582,0-25%
2.0,9.541644279168453,7.5416442791684535,7.5416442791684535,0-25%
2.0,9.483800923951817,7.483800923951817,7.483800923951817,0-25%
2.0,9.53997544404931,7.539975444049309,7.539975444049309,0-25%
16.0,9.816008730219785,-6.183991269780215,6.183991269780215,75-100%
16.0,8.538158840593349,-7.461841159406651,7.461841159406651,75-100%
2.0,9.444195279963065,7.444195279963065,7.444195279963065,0-25%
2.0,9.537116208027387,7.537116208027387,7.537116208027387,0-25%
2.0,9.541644279168453,7.5416442791684535,7.5416442791684535,0-25%
2.0,9.515187874403853,7.515187874403853,7.515187874403853,0-25%
2.0,9.579528623500984,7.579528623500984,7.579528623500984,0-25%
2.0,9.453488301369502,7.453488301369502,7.453488301369502,0-25%
16.0,9.758363045652901,-6.241636954347099,6.241636954347099,75-100%
16.0,9.816008730219785,-6.183991269780215,6.183991269780215,75-100%
16.0,8.494921014256064,-7.5050789857439355,7.5050789857439355,75-100%
16.0,8.536809408967631,-7.463190591032369,7.463190591032369,75-100%
16.0,8.545796897459917,-7.454203102540083,7.454203102540083,75-100%
16.0,8.545796897459917,-7.454203102540083,7.454203102540083,75-100%
2.0,9.251188166058137,7.251188166058137,7.251188166058137,0-25%
2.0,9.444195279963065,7.444195279963065,7.444195279963065,0-25%
2.0,9.485460864741707,7.485460864741707,7.485460864741707,0-25%
2.0,9.354440299445072,7.354440299445072,7.354440299445072,0-25%
2.0,9.523143298275356,7.523143298275356,7.523143298275356,0-25%
2.0,9.523143298275356,7.523143298275356,7.523143298275356,0-25%
9.0,9.530104023145237,0.5301040231452365,0.5301040231452365,50-75%
16.0,9.816008730219785,-6.183991269780215,6.183991269780215,75-100%
16.0,8.545796897459917,-7.454203102540083,7.454203102540083,75-100%
16.0,8.545796897459917,-7.454203102540083,7.454203102540083,75-100%
16.0,8.48812660620802,-7.51187339379198,7.51187339379198,75-100%
2.0,9.537116208027387,7.537116208027387,7.537116208027387,0-25%
2.0,9.541644279168453,7.5416442791684535,7.5416442791684535,0-25%
2.0,9.485460864741707,7.485460864741707,7.485460864741707,0-25%
2.0,9.527506978036886,7.527506978036886,7.527506978036886,0-25%
16.0,9.830691086443508,-6.169308913556492,6.169308913556492,75-100%
16.0,9.816008730219785,-6.183991269780215,6.183991269780215,75-100%
16.0,9.830691086443508,-6.169308913556492,6.169308913556492,75-100%
16.0,9.816008730219785,-6.183991269780215,6.183991269780215,75-100%
16.0,9.029408791908628,-6.970591208091372,6.970591208091372,75-100%
16.0,8.975955420149104,-7.024044579850896,7.024044579850896,75-100%
16.0,9.029408791908628,-6.970591208091372,6.970591208091372,75-100%
16.0,8.895503926810994,-7.104496073189006,7.104496073189006,75-100%
16.0,9.835182298447155,-6.164817701552845,6.164817701552845,75-100%
16.0,9.830691086443508,-6.169308913556492,6.169308913556492,75-100%
16.0,9.029408791908628,-6.970591208091372,6.970591208091372,75-100%
16.0,9.029408791908628,-6.970591208091372,6.970591208091372,75-100%
16.0,9.029408791908628,-6.970591208091372,6.970591208091372,75-100%
16.0,8.975955420149104,-7.024044579850896,7.024044579850896,75-100%
16.0,9.837632589779012,-6.1623674102209876,6.1623674102209876,75-100%
16.0,9.835182298447155,-6.164817701552845,6.164817701552845,75-100%
16.0,9.029408791908628,-6.970591208091372,6.970591208091372,75-100%
16.0,9.044659172316635,-6.955340827683365,6.955340827683365,75-100%
16.0,9.029408791908628,-6.970591208091372,6.970591208091372,75-100%
6.0,8.569087165763726,2.569087165763726,2.569087165763726,25-50%
6.0,8.39489388230152,2.3948938823015204,2.3948938823015204,25-50%
6.0,8.456746611251244,2.456746611251244,2.456746611251244,25-50%
6.0,8.39489388230152,2.3948938823015204,2.3948938823015204,25-50%
6.0,8.39489388230152,2.3948938823015204,2.3948938823015204,25-50%
6.0,8.542332418689043,2.5423324186890426,2.5423324186890426,25-50%
6.0,8.542332418689043,2.5423324186890426,2.5423324186890426,25-50%
6.0,8.39489388230152,2.3948938823015204,2.3948938823015204,25-50%
6.0,8.39489388230152,2.3948938823015204,2.3948938823015204,25-50%
6.0,8.39489388230152,2.3948938823015204,2.3948938823015204,25-50%
6.0,8.541281950697321,2.5412819506973214,2.5412819506973214,25-50%
3.0,11.086334754181356,8.086334754181356,8.086334754181356,0-25%
3.0,11.069950215938718,8.069950215938718,8.069950215938718,0-25%
3.0,11.025817834830798,8.025817834830798,8.025817834830798,0-25%
3.0,11.088418547491855,8.088418547491855,8.088418547491855,0-25%
3.0,11.025817834830798,8.025817834830798,8.025817834830798,0-25%
3.0,11.083407865715568,8.083407865715568,8.083407865715568,0-25%
3.0,11.111310906941299,8.111310906941299,8.111310906941299,0-25%
3.0,11.046761697926485,8.046761697926485,8.046761697926485,0-25%
3.0,11.968931385816814,8.968931385816814,8.968931385816814,0-25%
3.0,11.019007370514977,8.019007370514977,8.019007370514977,0-25%
3.0,11.067027295236272,8.067027295236272,8.067027295236272,0-25%
3.0,11.111310906941299,8.111310906941299,8.111310906941299,0-25%
3.0,11.083407865715568,8.083407865715568,8.083407865715568,0-25%
3.0,11.083407865715568,8.083407865715568,8.083407865715568,0-25%
4.0,10.852600897748708,6.852600897748708,6.852600897748708,0-25%
4.0,10.83653321497857,6.836533214978569,6.836533214978569,0-25%
4.0,10.852600897748708,6.852600897748708,6.852600897748708,0-25%
3.0,11.92151198372802,8.92151198372802,8.92151198372802,0-25%
3.0,11.986536259776981,8.986536259776981,8.986536259776981,0-25%
4.0,10.852600897748708,6.852600897748708,6.852600897748708,0-25%
4.0,10.852600897748708,6.852600897748708,6.852600897748708,0-25%
4.0,10.852600897748708,6.852600897748708,6.852600897748708,0-25%
4.0,11.669721628866315,7.669721628866315,7.669721628866315,0-25%
3.0,11.889403450681076,8.889403450681076,8.889403450681076,0-25%
5.0,10.12713969565731,5.127139695657309,5.127139695657309,0-25%
4.0,10.852600897748708,6.852600897748708,6.852600897748708,0-25%
4.0,10.852600897748708,6.852600897748708,6.852600897748708,0-25%
4.0,10.852600897748708,6.852600897748708,6.852600897748708,0-25%
4.0,10.773448478538803,6.773448478538803,6.773448478538803,0-25%
4.0,11.664469995410128,7.664469995410128,7.664469995410128,0-25%
4.0,11.664469995410128,7.664469995410128,7.664469995410128,0-25%
5.0,10.067835787808624,5.067835787808624,5.067835787808624,0-25%
5.0,10.067835787808624,5.067835787808624,5.067835787808624,0-25%
5.0,10.067835787808624,5.067835787808624,5.067835787808624,0-25%
5.0,10.067835787808624,5.067835787808624,5.067835787808624,0-25%
4.0,10.773448478538803,6.773448478538803,6.773448478538803,0-25%
5.0,11.255451003535361,6.255451003535361,6.255451003535361,0-25%
5.0,10.12713969565731,5.127139695657309,5.127139695657309,0-25%
5.0,10.12713969565731,5.127139695657309,5.127139695657309,0-25%
5.0,10.200421932994738,5.200421932994738,5.200421932994738,0-25%
5.0,10.200421932994738,5.200421932994738,5.200421932994738,0-25%
5.0,10.14072745549663,5.140727455496631,5.140727455496631,0-25%
5.0,10.14072745549663,5.140727455496631,5.140727455496631,0-25%
5.0,10.14072745549663,5.140727455496631,5.140727455496631,0-25%
5.0,11.255451003535361,6.255451003535361,6.255451003535361,0-25%
5.0,10.215626116790999,5.2156261167909985,5.2156261167909985,0-25%
5.0,10.200421932994738,5.200421932994738,5.200421932994738,0-25%
5.0,10.215626116790999,5.2156261167909985,5.2156261167909985,0-25%
5.0,10.200421932994738,5.200421932994738,5.200421932994738,0-25%
5.0,10.155850606112809,5.155850606112809,5.155850606112809,0-25%
5.0,10.256785253986354,5.256785253986354,5.256785253986354,0-25%
4.0,11.28568003518711,7.285680035187109,7.285680035187109,0-25%
4.0,10.94953455331576,6.949534553315759,6.949534553315759,0-25%
4.0,11.2690252594865,7.269025259486501,7.269025259486501,0-25%
4.0,11.319156487174157,7.319156487174157,7.319156487174157,0-25%
4.0,11.634565157290105,7.634565157290105,7.634565157290105,0-25%
4.0,10.850720998832468,6.850720998832468,6.850720998832468,0-25%
4.0,11.20363548607818,7.203635486078181,7.203635486078181,0-25%
4.0,11.20363548607818,7.203635486078181,7.203635486078181,0-25%
4.0,11.33076605935026,7.33076605935026,7.33076605935026,0-25%
4.0,11.705445227877272,7.705445227877272,7.705445227877272,0-25%
4.0,11.797909894827042,7.7979098948270416,7.7979098948270416,0-25%
4.0,11.563135777355704,7.563135777355704,7.563135777355704,0-25%
4.0,11.31581335645093,7.31581335645093,7.31581335645093,0-25%
4.0,10.574572681195626,6.574572681195626,6.574572681195626,0-25%
4.0,11.112156591759062,7.112156591759062,7.112156591759062,0-25%
4.0,11.20363548607818,7.203635486078181,7.203635486078181,0-25%
4.0,11.637729482988707,7.637729482988707,7.637729482988707,0-25%
4.0,11.882761101247269,7.882761101247269,7.882761101247269,0-25%
4.0,11.780560727493652,7.780560727493652,7.780560727493652,0-25%
4.0,11.289483265072358,7.2894832650723576,7.2894832650723576,0-25%
4.0,11.31581335645093,7.31581335645093,7.31581335645093,0-25%
4.0,11.103040111842889,7.103040111842889,7.103040111842889,0-25%
4.0,11.620597460235283,7.620597460235283,7.620597460235283,0-25%
4.0,11.882761101247269,7.882761101247269,7.882761101247269,0-25%
4.0,12.108594995415427,8.108594995415427,8.108594995415427,0-25%
4.0,11.614477756132837,7.614477756132837,7.614477756132837,0-25%
4.0,11.31581335645093,7.31581335645093,7.31581335645093,0-25%
8.0,11.231569890309153,3.231569890309153,3.231569890309153,25-50%
8.0,11.231569890309153,3.231569890309153,3.231569890309153,25-50%
8.0,11.231569890309153,3.231569890309153,3.231569890309153,25-50%
8.0,11.240800009597374,3.2408000095973737,3.2408000095973737,25-50%
4.0,10.574572681195626,6.574572681195626,6.574572681195626,0-25%
4.0,10.574572681195626,6.574572681195626,6.574572681195626,0-25%
4.0,11.326969609359285,7.326969609359285,7.326969609359285,0-25%
4.0,11.82435650242498,7.82435650242498,7.82435650242498,0-25%
4.0,12.221761413594695,8.221761413594695,8.221761413594695,0-25%
4.0,12.3451084663854,8.3451084663854,8.3451084663854,0-25%
8.0,11.231569890309153,3.231569890309153,3.231569890309153,25-50%
8.0,11.231569890309153,3.231569890309153,3.231569890309153,25-50%
8.0,11.231569890309153,3.231569890309153,3.231569890309153,25-50%
8.0,11.231569890309153,3.231569890309153,3.231569890309153,25-50%
8.0,11.16637974140658,3.1663797414065797,3.1663797414065797,25-50%
8.0,11.231569890309153,3.231569890309153,3.231569890309153,25-50%
8.0,11.105178034600144,3.1051780346001436,3.1051780346001436,25-50%
4.0,11.109702097356356,7.109702097356356,7.109702097356356,0-25%
4.0,11.882761101247269,7.882761101247269,7.882761101247269,0-25%
8.0,11.16637974140658,3.1663797414065797,3.1663797414065797,25-50%
8.0,11.231569890309153,3.231569890309153,3.231569890309153,25-50%
8.0,11.231569890309153,3.231569890309153,3.231569890309153,25-50%
8.0,11.16637974140658,3.1663797414065797,3.1663797414065797,25-50%
8.0,11.231569890309153,3.231569890309153,3.231569890309153,25-50%
8.0,11.231569890309153,3.231569890309153,3.231569890309153,25-50%
8.0,11.16637974140658,3.1663797414065797,3.1663797414065797,25-50%
8.0,11.16637974140658,3.1663797414065797,3.1663797414065797,25-50%
8.0,11.231569890309153,3.231569890309153,3.231569890309153,25-50%
8.0,11.231569890309153,3.231569890309153,3.231569890309153,25-50%
8.0,11.231569890309153,3.231569890309153,3.231569890309153,25-50%
8.0,11.231569890309153,3.231569890309153,3.231569890309153,25-50%
3.0,10.355470005165557,7.355470005165557,7.355470005165557,0-25%
3.0,10.396776629143616,7.396776629143616,7.396776629143616,0-25%
3.0,10.396776629143616,7.396776629143616,7.396776629143616,0-25%
3.0,11.231569890309153,8.231569890309153,8.231569890309153,0-25%
8.0,10.314943248674464,2.3149432486744637,2.3149432486744637,25-50%
8.0,11.231569890309153,3.231569890309153,3.231569890309153,25-50%
8.0,11.069136140329427,3.0691361403294266,3.0691361403294266,25-50%
8.0,11.231569890309153,3.231569890309153,3.231569890309153,25-50%
3.0,10.396776629143616,7.396776629143616,7.396776629143616,0-25%
3.0,10.396776629143616,7.396776629143616,7.396776629143616,0-25%
3.0,10.396776629143616,7.396776629143616,7.396776629143616,0-25%
3.0,10.355470005165557,7.355470005165557,7.355470005165557,0-25%
3.0,10.416315120658382,7.416315120658382,7.416315120658382,0-25%
3.0,11.16637974140658,8.16637974140658,8.16637974140658,0-25%
3.0,11.16637974140658,8.16637974140658,8.16637974140658,0-25%
8.0,11.130638857415624,3.130638857415624,3.130638857415624,25-50%
8.0,11.069136140329427,3.0691361403294266,3.0691361403294266,25-50%
8.0,11.002079929733291,3.0020799297332914,3.0020799297332914,25-50%
3.0,10.416315120658382,7.416315120658382,7.416315120658382,0-25%
3.0,10.396776629143616,7.396776629143616,7.396776629143616,0-25%
3.0,10.336035647231567,7.336035647231567,7.336035647231567,0-25%
3.0,10.355470005165557,7.355470005165557,7.355470005165557,0-25%
3.0,10.355470005165557,7.355470005165557,7.355470005165557,0-25%
3.0,10.460829208826365,7.460829208826365,7.460829208826365,0-25%
3.0,10.355470005165557,7.355470005165557,7.355470005165557,0-25%
3.0,11.16637974140658,8.16637974140658,8.16637974140658,0-25%
3.0,10.402955949358649,7.402955949358649,7.402955949358649,0-25%
3.0,10.416315120658382,7.416315120658382,7.416315120658382,0-25%
3.0,10.355470005165557,7.355470005165557,7.355470005165557,0-25%
3.0,10.355470005165557,7.355470005165557,7.355470005165557,0-25%
3.0,10.416315120658382,7.416315120658382,7.416315120658382,0-25%
3.0,10.355470005165557,7.355470005165557,7.355470005165557,0-25%
3.0,10.355470005165557,7.355470005165557,7.355470005165557,0-25%
3.0,11.16637974140658,8.16637974140658,8.16637974140658,0-25%
3.0,10.355470005165557,7.355470005165557,7.355470005165557,0-25%
3.0,10.416315120658382,7.416315120658382,7.416315120658382,0-25%
3.0,10.355470005165557,7.355470005165557,7.355470005165557,0-25%
3.0,10.360178829633654,7.360178829633654,7.360178829633654,0-25%
3.0,10.316690546056506,7.316690546056506,7.316690546056506,0-25%
3.0,10.3927722001108,7.3927722001108,7.3927722001108,0-25%
3.0,11.130638857415624,8.130638857415624,8.130638857415624,0-25%
3.0,10.360178829633654,7.360178829633654,7.360178829633654,0-25%
3.0,10.355470005165557,7.355470005165557,7.355470005165557,0-25%
3.0,10.360178829633654,7.360178829633654,7.360178829633654,0-25%
3.0,10.3927722001108,7.3927722001108,7.3927722001108,0-25%
3.0,9.588162402988385,6.5881624029883845,6.5881624029883845,0-25%
3.0,9.588162402988385,6.5881624029883845,6.5881624029883845,0-25%
3.0,9.816297004108486,6.8162970041084865,6.8162970041084865,0-25%
3.0,9.588162402988385,6.5881624029883845,6.5881624029883845,0-25%
3.0,10.655035785170318,7.655035785170318,7.655035785170318,0-25%
3.0,10.655035785170318,7.655035785170318,7.655035785170318,0-25%
3.5,10.268069394975047,6.768069394975047,6.768069394975047,0-25%
2.0,9.746794047212724,7.746794047212724,7.746794047212724,0-25%
4.0,10.715288083652021,6.7152880836520215,6.7152880836520215,0-25%
4.0,10.28547094444784,6.285470944447839,6.285470944447839,0-25%
2.0,9.898487732951738,7.898487732951738,7.898487732951738,0-25%
2.0,9.809171972884982,7.809171972884982,7.809171972884982,0-25%
2.0,9.809171972884982,7.809171972884982,7.809171972884982,0-25%
2.0,9.765546093653391,7.765546093653391,7.765546093653391,0-25%
2.0,9.765546093653391,7.765546093653391,7.765546093653391,0-25%
2.0,9.746794047212724,7.746794047212724,7.746794047212724,0-25%
4.0,10.885384848764827,6.8853848487648275,6.8853848487648275,0-25%
4.0,10.715288083652021,6.7152880836520215,6.7152880836520215,0-25%
4.0,10.25396629458312,6.253966294583121,6.253966294583121,0-25%
2.0,9.921092195132042,7.921092195132042,7.921092195132042,0-25%
2.0,9.765546093653391,7.765546093653391,7.765546093653391,0-25%
2.0,9.765546093653391,7.765546093653391,7.765546093653391,0-25%
2.0,9.765546093653391,7.765546093653391,7.765546093653391,0-25%
2.0,9.765546093653391,7.765546093653391,7.765546093653391,0-25%
2.0,10.84549259889944,8.84549259889944,8.84549259889944,0-25%
4.0,10.885384848764827,6.8853848487648275,6.8853848487648275,0-25%
3.0,10.655035785170318,7.655035785170318,7.655035785170318,0-25%
2.0,9.880765249962842,7.880765249962842,7.880765249962842,0-25%
2.0,9.880765249962842,7.880765249962842,7.880765249962842,0-25%
2.0,10.84549259889944,8.84549259889944,8.84549259889944,0-25%
2.0,10.684413331438009,8.684413331438009,8.684413331438009,0-25%
3.0,10.715288083652021,7.7152880836520215,7.7152880836520215,0-25%
3.0,10.715288083652021,7.7152880836520215,7.7152880836520215,0-25%
3.0,10.655035785170318,7.655035785170318,7.655035785170318,0-25%
3.0,10.655035785170318,7.655035785170318,7.655035785170318,0-25%
2.0,9.880765249962842,7.880765249962842,7.880765249962842,0-25%
2.0,9.880765249962842,7.880765249962842,7.880765249962842,0-25%
2.0,10.95306879187238,8.95306879187238,8.95306879187238,0-25%
2.0,10.684413331438009,8.684413331438009,8.684413331438009,0-25%
3.0,10.715288083652021,7.7152880836520215,7.7152880836520215,0-25%
3.0,10.655035785170318,7.655035785170318,7.655035785170318,0-25%
3.0,10.655035785170318,7.655035785170318,7.655035785170318,0-25%
2.0,9.706168734828086,7.706168734828086,7.706168734828086,0-25%
2.0,9.96103649604733,7.961036496047329,7.961036496047329,0-25%
2.0,9.680417194325173,7.680417194325173,7.680417194325173,0-25%
2.0,10.251968857882094,8.251968857882094,8.251968857882094,0-25%
2.0,10.251968857882094,8.251968857882094,8.251968857882094,0-25%
2.0,9.986847305842554,7.986847305842554,7.986847305842554,0-25%
2.0,10.814274702571797,8.814274702571797,8.814274702571797,0-25%
2.0,10.87573408646072,8.87573408646072,8.87573408646072,0-25%
2.0,10.715288083652021,8.715288083652021,8.715288083652021,0-25%
2.0,10.655035785170318,8.655035785170318,8.655035785170318,0-25%
2.0,10.655035785170318,8.655035785170318,8.655035785170318,0-25%
2.0,10.655035785170318,8.655035785170318,8.655035785170318,0-25%
2.0,9.986847305842554,7.986847305842554,7.986847305842554,0-25%
2.0,9.986847305842554,7.986847305842554,7.986847305842554,0-25%
2.0,9.986847305842554,7.986847305842554,7.986847305842554,0-25%
2.0,10.115920778780088,8.115920778780088,8.115920778780088,0-25%
2.0,10.030987139958473,8.030987139958473,8.030987139958473,0-25%
2.0,10.715288083652021,8.715288083652021,8.715288083652021,0-25%
2.0,10.715288083652021,8.715288083652021,8.715288083652021,0-25%
2.0,10.655035785170318,8.655035785170318,8.655035785170318,0-25%
2.0,10.655035785170318,8.655035785170318,8.655035785170318,0-25%
2.0,10.655035785170318,8.655035785170318,8.655035785170318,0-25%
2.0,9.991830125393182,7.991830125393182,7.991830125393182,0-25%
2.0,10.384156978590708,8.384156978590708,8.384156978590708,0-25%
2.0,10.044002305476326,8.044002305476326,8.044002305476326,0-25%
2.0,10.297173822057784,8.297173822057784,8.297173822057784,0-25%
2.0,10.515436097500967,8.515436097500967,8.515436097500967,0-25%
2.0,10.715288083652021,8.715288083652021,8.715288083652021,0-25%
2.0,10.655035785170318,8.655035785170318,8.655035785170318,0-25%
2.0,10.655035785170318,8.655035785170318,8.655035785170318,0-25%
2.0,10.384156978590708,8.384156978590708,8.384156978590708,0-25%
2.0,10.384156978590708,8.384156978590708,8.384156978590708,0-25%
2.0,10.115920778780088,8.115920778780088,8.115920778780088,0-25%
2.0,10.044002305476326,8.044002305476326,8.044002305476326,0-25%
2.0,10.030987139958473,8.030987139958473,8.030987139958473,0-25%
2.0,10.384156978590708,8.384156978590708,8.384156978590708,0-25%
2.0,10.115920778780088,8.115920778780088,8.115920778780088,0-25%
2.0,10.120962136490618,8.120962136490618,8.120962136490618,0-25%
2.0,10.044002305476326,8.044002305476326,8.044002305476326,0-25%
2.0,10.487693471661107,8.487693471661107,8.487693471661107,0-25%
2.0,10.470390024569404,8.470390024569404,8.470390024569404,0-25%
2.0,10.486859576611858,8.486859576611858,8.486859576611858,0-25%
2.0,10.167199423309283,8.167199423309283,8.167199423309283,0-25%
2.0,10.995697766811983,8.995697766811983,8.995697766811983,0-25%
2.0,10.446565555986073,8.446565555986073,8.446565555986073,0-25%
2.0,9.984933397219727,7.984933397219727,7.984933397219727,0-25%
2.0,10.167199423309283,8.167199423309283,8.167199423309283,0-25%
2.0,10.167199423309283,8.167199423309283,8.167199423309283,0-25%
2.0,10.91558973765069,8.91558973765069,8.91558973765069,0-25%
2.0,10.995697766811983,8.995697766811983,8.995697766811983,0-25%
2.0,9.945303102023814,7.945303102023814,7.945303102023814,0-25%
2.0,10.91558973765069,8.91558973765069,8.91558973765069,0-25%
2.0,10.995697766811983,8.995697766811983,8.995697766811983,0-25%
2.0,10.979436098340532,8.979436098340532,8.979436098340532,0-25%
2.0,9.635369777125753,7.635369777125753,7.635369777125753,0-25%
2.0,10.7017655410187,8.7017655410187,8.7017655410187,0-25%
2.0,10.995697766811983,8.995697766811983,8.995697766811983,0-25%
2.0,11.136623214119153,9.136623214119153,9.136623214119153,0-25%
2.0,11.136623214119153,9.136623214119153,9.136623214119153,0-25%
2.0,9.406939308015563,7.406939308015563,7.406939308015563,0-25%
2.0,9.722582627614386,7.722582627614386,7.722582627614386,0-25%
2.0,10.91558973765069,8.91558973765069,8.91558973765069,0-25%
10.5,11.137119766768215,0.6371197667682154,0.6371197667682154,50-75%
19.0,11.229877033695999,-7.770122966304001,7.770122966304001,75-100%
19.0,10.50563082833663,-8.49436917166337,8.49436917166337,75-100%
19.0,10.50563082833663,-8.49436917166337,8.49436917166337,75-100%
2.0,10.166639095712835,8.166639095712835,8.166639095712835,0-25%
10.5,10.195123896439537,-0.30487610356046346,0.30487610356046346,50-75%
10.5,10.97992621990268,0.4799262199026799,0.4799262199026799,50-75%
19.0,11.229877033695999,-7.770122966304001,7.770122966304001,75-100%
19.0,11.229877033695999,-7.770122966304001,7.770122966304001,75-100%
19.0,10.50563082833663,-8.49436917166337,8.49436917166337,75-100%
19.0,10.50563082833663,-8.49436917166337,8.49436917166337,75-100%
19.0,10.356521582130277,-8.643478417869723,8.643478417869723,75-100%
19.0,10.341126396910754,-8.658873603089246,8.658873603089246,75-100%
19.0,11.213297905942479,-7.786702094057521,7.786702094057521,75-100%
19.0,11.14820514056404,-7.851794859435961,7.851794859435961,75-100%
19.0,10.428795497217711,-8.571204502782289,8.571204502782289,75-100%
19.0,10.50563082833663,-8.49436917166337,8.49436917166337,75-100%
19.0,10.50563082833663,-8.49436917166337,8.49436917166337,75-100%
9.0,10.02677241816428,1.0267724181642794,1.0267724181642794,50-75%
9.0,10.097901057445835,1.097901057445835,1.097901057445835,50-75%
9.0,10.383799106849633,1.383799106849633,1.383799106849633,50-75%
19.0,10.489937988155699,-8.510062011844301,8.510062011844301,75-100%
19.0,10.474361940313127,-8.525638059686873,8.525638059686873,75-100%
19.0,10.474361940313127,-8.525638059686873,8.525638059686873,75-100%
19.0,10.428795497217711,-8.571204502782289,8.571204502782289,75-100%
19.0,10.428795497217711,-8.571204502782289,8.571204502782289,75-100%
19.0,10.608346212469023,-8.391653787530977,8.391653787530977,75-100%
19.0,10.433534727901574,-8.566465272098426,8.566465272098426,75-100%
9.0,10.053737705503034,1.0537377055030337,1.0537377055030337,50-75%
9.0,10.038752981693587,1.0387529816935874,1.0387529816935874,50-75%
9.0,10.078907516767352,1.0789075167673516,1.0789075167673516,50-75%
9.0,10.383799106849633,1.383799106849633,1.383799106849633,50-75%
9.0,10.383799106849633,1.383799106849633,1.383799106849633,50-75%
19.0,10.489937988155699,-8.510062011844301,8.510062011844301,75-100%
19.0,10.489937988155699,-8.510062011844301,8.510062011844301,75-100%
19.0,10.414821201272463,-8.585178798727537,8.585178798727537,75-100%
19.0,10.338592302592442,-8.661407697407558,8.661407697407558,75-100%
19.0,10.40407400276301,-8.59592599723699,8.59592599723699,75-100%
9.0,10.414821201272463,1.4148212012724635,1.4148212012724635,50-75%
9.0,10.11296607271397,1.11296607271397,1.11296607271397,50-75%
9.0,10.399252218790924,1.3992522187909238,1.3992522187909238,50-75%
9.0,10.383799106849633,1.383799106849633,1.383799106849633,50-75%
9.0,10.383799106849633,1.383799106849633,1.383799106849633,50-75%
9.0,10.34386660545951,1.3438666054595103,1.3438666054595103,50-75%
19.0,10.516725891418064,-8.483274108581936,8.483274108581936,75-100%
19.0,10.507811265769345,-8.492188734230655,8.492188734230655,75-100%
19.0,10.459258465695203,-8.540741534304797,8.540741534304797,75-100%
9.0,10.353984047866934,1.353984047866934,1.353984047866934,50-75%
9.0,10.11296607271397,1.11296607271397,1.11296607271397,50-75%
9.0,10.399252218790924,1.3992522187909238,1.3992522187909238,50-75%
8.5,10.399252218790924,1.8992522187909238,1.8992522187909238,50-75%
8.5,10.399252218790924,1.8992522187909238,1.8992522187909238,50-75%
9.0,10.419554637171379,1.4195546371713785,1.4195546371713785,50-75%
8.5,10.399252218790924,1.8992522187909238,1.8992522187909238,50-75%
8.5,10.399252218790924,1.8992522187909238,1.8992522187909238,50-75%
8.0,10.399252218790924,2.3992522187909238,2.3992522187909238,25-50%
8.0,9.846533287165888,1.8465332871658884,1.8465332871658884,25-50%
8.0,10.007485702423981,2.007485702423981,2.007485702423981,25-50%
8.0,9.819064331371266,1.8190643313712656,1.8190643313712656,25-50%
8.5,10.40397919862896,1.90397919862896,1.90397919862896,50-75%
8.5,10.629474922238943,2.129474922238943,2.129474922238943,50-75%
8.5,10.666211835248248,2.166211835248248,2.166211835248248,50-75%
8.0,10.633644304754721,2.6336443047547213,2.6336443047547213,25-50%
8.0,10.64214957535227,2.6421495753522706,2.6421495753522706,25-50%
8.0,10.64214957535227,2.6421495753522706,2.6421495753522706,25-50%
8.0,9.124862145405894,1.1248621454058938,1.1248621454058938,25-50%
8.0,9.769633558155562,1.7696335581555616,1.7696335581555616,25-50%
8.0,9.900580649472111,1.9005806494721114,1.9005806494721114,25-50%
8.0,10.45916320280271,2.45916320280271,2.45916320280271,25-50%
8.5,10.644123530996243,2.144123530996243,2.144123530996243,50-75%
8.5,10.386304858304726,1.886304858304726,1.886304858304726,50-75%
8.0,10.402103151672655,2.402103151672655,2.402103151672655,25-50%
8.0,9.135410585746095,1.1354105857460954,1.1354105857460954,25-50%
8.0,9.815588519919908,1.815588519919908,1.815588519919908,25-50%
8.0,9.831829454857907,1.8318294548579068,1.8318294548579068,25-50%
8.0,9.831829454857907,1.8318294548579068,1.8318294548579068,25-50%
8.0,9.885803549205509,1.8858035492055087,1.8858035492055087,25-50%
8.0,9.890317614945111,1.8903176149451113,1.8903176149451113,25-50%
8.0,9.742258470714903,1.7422584707149031,1.7422584707149031,25-50%
8.0,9.840561295564477,1.840561295564477,1.840561295564477,25-50%
8.0,9.827785881754734,1.8277858817547337,1.8277858817547337,25-50%
8.0,9.900580649472111,1.9005806494721114,1.9005806494721114,25-50%
8.0,9.900580649472111,1.9005806494721114,1.9005806494721114,25-50%
8.0,9.213064280490457,1.2130642804904568,1.2130642804904568,25-50%
8.0,9.75930005482616,1.7593000548261593,1.7593000548261593,25-50%
8.0,9.827785881754734,1.8277858817547337,1.8277858817547337,25-50%
8.0,9.842484225052658,1.842484225052658,1.842484225052658,25-50%
8.0,9.827785881754734,1.8277858817547337,1.8277858817547337,25-50%
8.0,9.213064280490457,1.2130642804904568,1.2130642804904568,25-50%
8.0,9.738531726781218,1.7385317267812184,1.7385317267812184,25-50%
8.0,9.827785881754734,1.8277858817547337,1.8277858817547337,25-50%
8.0,9.201028361049445,1.2010283610494454,1.2010283610494454,25-50%
5.0,11.367631344033027,6.367631344033027,6.367631344033027,0-25%
5.0,11.433899843457363,6.433899843457363,6.433899843457363,0-25%
5.0,11.367631344033027,6.367631344033027,6.367631344033027,0-25%
5.0,10.502110714331735,5.502110714331735,5.502110714331735,0-25%
5.0,11.433899843457363,6.433899843457363,6.433899843457363,0-25%
5.0,11.420724846224523,6.420724846224523,6.420724846224523,0-25%
5.0,11.433899843457363,6.433899843457363,6.433899843457363,0-25%
3.0,10.386451160443052,7.386451160443052,7.386451160443052,0-25%
3.0,10.386451160443052,7.386451160443052,7.386451160443052,0-25%
3.0,10.386451160443052,7.386451160443052,7.386451160443052,0-25%
3.0,10.186348523312256,7.186348523312256,7.186348523312256,0-25%
3.0,10.24628744856452,7.2462874485645195,7.2462874485645195,0-25%
5.0,11.433899843457363,6.433899843457363,6.433899843457363,0-25%
5.0,11.367631344033027,6.367631344033027,6.367631344033027,0-25%
5.0,11.317618009354506,6.317618009354506,6.317618009354506,0-25%
5.0,11.484019212726052,6.484019212726052,6.484019212726052,0-25%
5.0,11.420724846224523,6.420724846224523,6.420724846224523,0-25%
5.0,11.351715206150788,6.3517152061507876,6.3517152061507876,0-25%
5.0,11.553768041788661,6.553768041788661,6.553768041788661,0-25%
3.0,10.405971950103236,7.405971950103236,7.405971950103236,0-25%
3.0,10.386451160443052,7.386451160443052,7.386451160443052,0-25%
3.0,10.325765209802386,7.325765209802386,7.325765209802386,0-25%
3.0,10.34518196022672,7.34518196022672,7.34518196022672,0-25%
3.0,10.186348523312256,7.186348523312256,7.186348523312256,0-25%
3.0,10.290138570906262,7.290138570906262,7.290138570906262,0-25%
3.0,10.186348523312256,7.186348523312256,7.186348523312256,0-25%
5.0,11.367631344033027,6.367631344033027,6.367631344033027,0-25%
5.0,11.452806411780788,6.452806411780788,6.452806411780788,0-25%
5.0,11.351715206150788,6.3517152061507876,6.3517152061507876,0-25%
5.0,11.136566015506904,6.136566015506904,6.136566015506904,0-25%
5.0,11.160549894710304,6.160549894710304,6.160549894710304,0-25%
5.0,11.20318096929047,6.20318096929047,6.20318096929047,0-25%
5.0,11.22891821677311,6.22891821677311,6.22891821677311,0-25%
5.0,11.281921050833262,6.281921050833262,6.281921050833262,0-25%
3.0,10.368416235848457,7.368416235848457,7.368416235848457,0-25%
3.0,10.392624882199893,7.392624882199893,7.392624882199893,0-25%
3.0,10.405971950103236,7.405971950103236,7.405971950103236,0-25%
3.0,10.34518196022672,7.34518196022672,7.34518196022672,0-25%
3.0,10.186348523312256,7.186348523312256,7.186348523312256,0-25%
3.0,10.24628744856452,7.2462874485645195,7.2462874485645195,0-25%
3.0,10.186348523312256,7.186348523312256,7.186348523312256,0-25%
3.0,10.213006033763076,7.213006033763076,7.213006033763076,0-25%
5.0,11.484019212726052,6.484019212726052,6.484019212726052,0-25%
5.0,11.417483593939702,6.417483593939702,6.417483593939702,0-25%
5.0,11.420724846224523,6.420724846224523,6.420724846224523,0-25%
5.0,11.160549894710304,6.160549894710304,6.160549894710304,0-25%
5.0,11.092985788611635,6.092985788611635,6.092985788611635,0-25%
5.0,11.285884723170094,6.285884723170094,6.285884723170094,0-25%
5.0,11.484019212726052,6.484019212726052,6.484019212726052,0-25%
5.0,11.351715206150788,6.3517152061507876,6.3517152061507876,0-25%
3.0,10.34518196022672,7.34518196022672,7.34518196022672,0-25%
3.0,10.34518196022672,7.34518196022672,7.34518196022672,0-25%
3.0,10.34518196022672,7.34518196022672,7.34518196022672,0-25%
3.0,10.24628744856452,7.2462874485645195,7.2462874485645195,0-25%
3.0,10.186348523312256,7.186348523312256,7.186348523312256,0-25%
3.0,10.19098721740517,7.190987217405169,7.190987217405169,0-25%
3.0,10.286213546165328,7.286213546165328,7.286213546165328,0-25%
3.0,10.389166614637025,7.389166614637025,7.389166614637025,0-25%
5.0,11.092985788611635,6.092985788611635,6.092985788611635,0-25%
5.0,11.092985788611635,6.092985788611635,6.092985788611635,0-25%
5.0,11.092985788611635,6.092985788611635,6.092985788611635,0-25%
5.0,11.135380004622824,6.135380004622824,6.135380004622824,0-25%
5.0,11.285884723170094,6.285884723170094,6.285884723170094,0-25%
5.0,11.417483593939702,6.417483593939702,6.417483593939702,0-25%
3.0,10.34518196022672,7.34518196022672,7.34518196022672,0-25%
3.0,10.34518196022672,7.34518196022672,7.34518196022672,0-25%
3.0,10.19098721740517,7.190987217405169,7.190987217405169,0-25%
3.0,10.186348523312256,7.186348523312256,7.186348523312256,0-25%
3.0,10.19098721740517,7.190987217405169,7.190987217405169,0-25%
3.0,10.389166614637025,7.389166614637025,7.389166614637025,0-25%
3.0,10.39476340821637,7.39476340821637,7.39476340821637,0-25%
3.0,10.286213546165328,7.286213546165328,7.286213546165328,0-25%
3.0,10.19098721740517,7.190987217405169,7.190987217405169,0-25%
3.0,10.313109038910804,7.313109038910804,7.313109038910804,0-25%
3.0,10.421917579571405,7.421917579571405,7.421917579571405,0-25%
6.0,11.10605185670122,5.106051856701219,5.106051856701219,25-50%
6.0,11.285884723170094,5.285884723170094,5.285884723170094,25-50%
6.0,10.946097041810702,4.946097041810702,4.946097041810702,25-50%
6.0,10.903836541024578,4.903836541024578,4.903836541024578,25-50%
6.0,10.903836541024578,4.903836541024578,4.903836541024578,25-50%
6.0,11.14051561871187,5.14051561871187,5.14051561871187,25-50%
6.0,11.16873878621238,5.16873878621238,5.16873878621238,25-50%
6.0,11.060993608372435,5.060993608372435,5.060993608372435,25-50%
6.0,10.845303010256096,4.845303010256096,4.845303010256096,25-50%
6.0,11.026410170347276,5.026410170347276,5.026410170347276,25-50%
6.0,11.010106867372025,5.010106867372025,5.010106867372025,25-50%
6.0,10.686268341351518,4.686268341351518,4.686268341351518,25-50%
6.0,11.111672824160276,5.1116728241602765,5.1116728241602765,25-50%
6.0,11.026410170347276,5.026410170347276,5.026410170347276,25-50%
6.0,10.946097041810702,4.946097041810702,4.946097041810702,25-50%
6.0,11.095253936995073,5.095253936995073,5.095253936995073,25-50%
6.0,11.181953717257969,5.181953717257969,5.181953717257969,25-50%
6.0,11.095253936995073,5.095253936995073,5.095253936995073,25-50%
6.0,11.11819801245549,5.11819801245549,5.11819801245549,25-50%
6.0,11.11819801245549,5.11819801245549,5.11819801245549,25-50%
6.0,11.077365988331357,5.077365988331357,5.077365988331357,25-50%
6.0,11.16873878621238,5.16873878621238,5.16873878621238,25-50%
6.0,11.16873878621238,5.16873878621238,5.16873878621238,25-50%
6.0,11.16873878621238,5.16873878621238,5.16873878621238,25-50%
6.0,11.112856518102156,5.112856518102156,5.112856518102156,25-50%
6.0,11.077365988331357,5.077365988331357,5.077365988331357,25-50%
6.0,11.16873878621238,5.16873878621238,5.16873878621238,25-50%
6.0,11.28374450043086,5.28374450043086,5.28374450043086,25-50%
6.0,11.111672824160276,5.1116728241602765,5.1116728241602765,25-50%
6.0,11.133008786578605,5.133008786578605,5.133008786578605,25-50%
6.0,11.330003123749108,5.330003123749108,5.330003123749108,25-50%
2.0,9.650182971201026,7.650182971201026,7.650182971201026,0-25%
2.0,9.739987735611724,7.739987735611724,7.739987735611724,0-25%
2.0,9.68964875158177,7.689648751581769,7.689648751581769,0-25%
2.0,9.719679951789182,7.719679951789182,7.719679951789182,0-25%
2.0,9.536879496768249,7.536879496768249,7.536879496768249,0-25%
2.0,9.739987735611724,7.739987735611724,7.739987735611724,0-25%
2.0,9.68964875158177,7.689648751581769,7.689648751581769,0-25%
2.0,9.532161772920196,7.532161772920196,7.532161772920196,0-25%
2.0,9.650182971201026,7.650182971201026,7.650182971201026,0-25%
2.0,9.536879496768249,7.536879496768249,7.536879496768249,0-25%
2.0,9.536879496768249,7.536879496768249,7.536879496768249,0-25%
2.0,9.650182971201026,7.650182971201026,7.650182971201026,0-25%
2.0,9.775301311817454,7.775301311817454,7.775301311817454,0-25%
2.0,9.536879496768249,7.536879496768249,7.536879496768249,0-25%
2.0,9.536879496768249,7.536879496768249,7.536879496768249,0-25%
2.0,9.536879496768249,7.536879496768249,7.536879496768249,0-25%
2.0,9.775301311817454,7.775301311817454,7.775301311817454,0-25%
2.0,9.845614742875295,7.845614742875295,7.845614742875295,0-25%
2.0,9.536879496768249,7.536879496768249,7.536879496768249,0-25%
2.0,9.660666748262036,7.660666748262036,7.660666748262036,0-25%
2.0,9.660666748262036,7.660666748262036,7.660666748262036,0-25%
2.0,9.845614742875295,7.845614742875295,7.845614742875295,0-25%
2.0,9.660666748262036,7.660666748262036,7.660666748262036,0-25%
2.0,9.775301311817454,7.775301311817454,7.775301311817454,0-25%
2.0,9.520563693487663,7.520563693487663,7.520563693487663,0-25%
8.0,9.82061956513379,1.8206195651337893,1.8206195651337893,25-50%
8.0,9.808039509012282,1.808039509012282,1.808039509012282,25-50%
8.0,9.82671785198508,1.8267178519850802,1.8267178519850802,25-50%
8.0,9.918185487111234,1.9181854871112343,1.9181854871112343,25-50%
8.0,9.912211533397404,1.9122115333974037,1.9122115333974037,25-50%
8.0,9.889704444235594,1.8897044442355941,1.8897044442355941,25-50%
8.0,9.79359619072147,1.7935961907214697,1.7935961907214697,25-50%
8.0,9.853355519786106,1.8533555197861062,1.8533555197861062,25-50%
8.0,9.917118538947678,1.917118538947678,1.917118538947678,25-50%
8.0,9.912211533397404,1.9122115333974037,1.9122115333974037,25-50%
8.0,9.778681675516262,1.7786816755162622,1.7786816755162622,25-50%
8.0,9.716948115709718,1.7169481157097177,1.7169481157097177,25-50%
8.0,9.79359619072147,1.7935961907214697,1.7935961907214697,25-50%
8.0,9.917118538947678,1.917118538947678,1.917118538947678,25-50%
8.0,9.814265820361253,1.8142658203612534,1.8142658203612534,25-50%
8.0,9.814265820361253,1.8142658203612534,1.8142658203612534,25-50%
8.0,9.716948115709718,1.7169481157097177,1.7169481157097177,25-50%
8.0,9.975556781004743,1.9755567810047427,1.9755567810047427,25-50%
8.0,9.897418666013117,1.8974186660131167,1.8974186660131167,25-50%
8.0,9.716948115709718,1.7169481157097177,1.7169481157097177,25-50%
8.0,9.839780114154667,1.8397801141546672,1.8397801141546672,25-50%
8.0,9.839780114154667,1.8397801141546672,1.8397801141546672,25-50%
8.0,9.813857789100132,1.8138577891001315,1.8138577891001315,25-50%
8.0,11.002137322706961,3.002137322706961,3.002137322706961,25-50%
8.0,11.002137322706961,3.002137322706961,3.002137322706961,25-50%
9.0,9.146444956840629,0.14644495684062875,0.14644495684062875,50-75%
9.0,9.316488634379818,0.31648863437981767,0.31648863437981767,50-75%
9.0,9.41271499284288,0.41271499284287927,0.41271499284287927,50-75%
9.0,9.41271499284288,0.41271499284287927,0.41271499284287927,50-75%
9.0,9.344586572681793,0.34458657268179316,0.34458657268179316,50-75%
9.0,9.31838880204342,0.3183888020434207,0.3183888020434207,50-75%
9.0,9.24941221747143,0.2494122174714306,0.2494122174714306,50-75%
9.0,9.31838880204342,0.3183888020434207,0.3183888020434207,50-75%
9.0,9.398599255484958,0.39859925548495845,0.39859925548495845,50-75%
9.0,9.398599255484958,0.39859925548495845,0.39859925548495845,50-75%
9.0,9.277327466770334,0.27732746677033404,0.27732746677033404,50-75%
9.0,9.263395264135191,0.2633952641351911,0.2633952641351911,50-75%
9.0,9.30072936027749,0.3007293602774901,0.3007293602774901,50-75%
9.0,10.289897003710283,1.2898970037102835,1.2898970037102835,50-75%
9.0,9.330988966398833,0.3309889663988326,0.3309889663988326,50-75%
9.0,9.386344686287988,0.38634468628798757,0.38634468628798757,50-75%
9.0,9.40044378849381,0.4004437884938099,0.4004437884938099,50-75%
9.0,9.332395656496411,0.332395656496411,0.332395656496411,50-75%
9.0,10.305222646807675,1.3052226468076746,1.3052226468076746,50-75%
9.0,10.289897003710283,1.2898970037102835,1.2898970037102835,50-75%
16.0,9.413324354368676,-6.586675645631324,6.586675645631324,75-100%
16.0,9.443269163529862,-6.5567308364701375,6.5567308364701375,75-100%
16.0,9.386952504599526,-6.613047495400474,6.613047495400474,75-100%
16.0,9.386952504599526,-6.613047495400474,6.613047495400474,75-100%
16.0,9.386952504599526,-6.613047495400474,6.613047495400474,75-100%
9.0,9.345012925137347,0.3450129251373468,0.3450129251373468,50-75%
9.0,9.332395656496411,0.332395656496411,0.332395656496411,50-75%
9.0,10.305222646807675,1.3052226468076746,1.3052226468076746,50-75%
16.0,9.289453409477373,-6.710546590522627,6.710546590522627,75-100%
16.0,9.417032880796025,-6.582967119203975,6.582967119203975,75-100%
16.0,9.404756587890756,-6.5952434121092445,6.5952434121092445,75-100%
16.0,9.430961951619606,-6.569038048380394,6.569038048380394,75-100%
16.0,9.483489706754693,-6.516510293245307,6.516510293245307,75-100%
16.0,9.483489706754693,-6.516510293245307,6.516510293245307,75-100%
9.0,9.404756587890756,0.4047565878907555,0.4047565878907555,50-75%
9.0,10.305222646807675,1.3052226468076746,1.3052226468076746,50-75%
9.0,10.305222646807675,1.3052226468076746,1.3052226468076746,50-75%
16.0,9.331167745845246,-6.668832254154754,6.668832254154754,75-100%
16.0,9.334847013609028,-6.6651529863909715,6.6651529863909715,75-100%
16.0,9.41271499284288,-6.587285007157121,6.587285007157121,75-100%
16.0,9.40044378849381,-6.59955621150619,6.59955621150619,75-100%
16.0,9.331593545243436,-6.668406454756564,6.668406454756564,75-100%
17.5,9.60745460029029,-7.892545399709711,7.892545399709711,75-100%
16.0,9.401052431897597,-6.598947568102403,6.598947568102403,75-100%
16.0,9.3632007309138,-6.6367992690862,6.6367992690862,75-100%
19.0,9.440980161909014,-9.559019838090986,9.559019838090986,75-100%
19.0,9.56364078809728,-9.43635921190272,9.43635921190272,75-100%
17.5,9.593074869040882,-7.906925130959118,7.906925130959118,75-100%
17.5,9.59746754764538,-7.90253245235462,7.90253245235462,75-100%
17.5,9.66354483401652,-7.83645516598348,7.83645516598348,75-100%
16.0,9.398532952607413,-6.601467047392587,6.601467047392587,75-100%
19.0,9.354641203894833,-9.645358796105167,9.645358796105167,75-100%
19.0,9.572156434417924,-9.427843565582076,9.427843565582076,75-100%
19.0,9.572156434417924,-9.427843565582076,9.427843565582076,75-100%
17.5,9.60745460029029,-7.892545399709711,7.892545399709711,75-100%
17.5,9.60745460029029,-7.892545399709711,7.892545399709711,75-100%
17.5,9.59557392499713,-7.9044260750028705,7.9044260750028705,75-100%
17.5,9.694125555466819,-7.805874444533181,7.805874444533181,75-100%
16.0,9.285186959082228,-6.714813040917772,6.714813040917772,75-100%
19.0,8.844542142147427,-10.155457857852573,10.155457857852573,75-100%
19.0,9.492907166255776,-9.507092833744224,9.507092833744224,75-100%
19.0,9.572156434417924,-9.427843565582076,9.427843565582076,75-100%
19.0,9.586507769618805,-9.413492230381195,9.413492230381195,75-100%
19.0,9.572156434417924,-9.427843565582076,9.427843565582076,75-100%
19.0,9.792912940466643,-9.207087059533357,9.207087059533357,75-100%
19.0,9.592218622802289,-9.407781377197711,9.407781377197711,75-100%
19.0,9.485009449881426,-9.514990550118574,9.514990550118574,75-100%
19.0,9.572156434417924,-9.427843565582076,9.427843565582076,75-100%
19.0,9.572156434417924,-9.427843565582076,9.427843565582076,75-100%
19.0,9.841956065687341,-9.158043934312659,9.158043934312659,75-100%
19.0,9.740902991486026,-9.259097008513974,9.259097008513974,75-100%
19.0,8.960195814979592,-10.039804185020408,10.039804185020408,75-100%
19.0,8.960195814979592,-10.039804185020408,10.039804185020408,75-100%
19.0,9.254063792041817,-9.745936207958183,9.745936207958183,75-100%
19.0,9.628804382848745,-9.371195617151255,9.371195617151255,75-100%
19.0,9.827959161045452,-9.172040838954548,9.172040838954548,75-100%
8.0,9.557694888858144,1.5576948888581441,1.5576948888581441,25-50%
8.0,9.755146441505287,1.7551464415052873,1.7551464415052873,25-50%
8.0,9.757953785095749,1.757953785095749,1.757953785095749,25-50%
8.0,9.557694888858144,1.5576948888581441,1.5576948888581441,25-50%
8.0,9.499036257151163,1.4990362571511628,1.4990362571511628,25-50%
8.0,9.641164802958599,1.641164802958599,1.641164802958599,25-50%
8.0,9.812774890796947,1.8127748907969465,1.8127748907969465,25-50%
8.0,9.557694888858144,1.5576948888581441,1.5576948888581441,25-50%
8.0,9.499036257151163,1.4990362571511628,1.4990362571511628,25-50%
8.0,9.499036257151163,1.4990362571511628,1.4990362571511628,25-50%
8.0,9.499036257151163,1.4990362571511628,1.4990362571511628,25-50%
8.0,9.535842585941705,1.5358425859417046,1.5358425859417046,25-50%
8.0,9.641164802958599,1.641164802958599,1.641164802958599,25-50%
8.0,9.755146441505287,1.7551464415052873,1.7551464415052873,25-50%
8.0,9.630723232235109,1.630723232235109,1.630723232235109,25-50%
8.0,9.465370548237361,1.4653705482373613,1.4653705482373613,25-50%
8.0,9.465370548237361,1.4653705482373613,1.4653705482373613,25-50%
8.0,9.465370548237361,1.4653705482373613,1.4653705482373613,25-50%
8.0,9.566057085189374,1.5660570851893745,1.5660570851893745,25-50%
8.0,9.499036257151163,1.4990362571511628,1.4990362571511628,25-50%
8.0,9.72779212622698,1.72779212622698,1.72779212622698,25-50%
8.0,9.873186395673667,1.8731863956736667,1.8731863956736667,25-50%
8.0,9.812774890796947,1.8127748907969465,1.8127748907969465,25-50%
8.0,9.636040119451206,1.6360401194512058,1.6360401194512058,25-50%
8.0,9.465370548237361,1.4653705482373613,1.4653705482373613,25-50%
8.0,9.465370548237361,1.4653705482373613,1.4653705482373613,25-50%
8.0,9.566057085189374,1.5660570851893745,1.5660570851893745,25-50%
8.0,9.566057085189374,1.5660570851893745,1.5660570851893745,25-50%
8.0,10.377758638604327,2.377758638604327,2.377758638604327,25-50%
8.0,10.258930120488383,2.258930120488383,2.258930120488383,25-50%
8.0,9.499036257151163,1.4990362571511628,1.4990362571511628,25-50%
8.0,9.535842585941705,1.5358425859417046,1.5358425859417046,25-50%
8.0,9.557694888858144,1.5576948888581441,1.5576948888581441,25-50%
8.0,9.595742294750307,1.5957422947503073,1.5957422947503073,25-50%
8.0,10.274213727117244,2.2742137271172442,2.2742137271172442,25-50%
8.0,10.226646502347567,2.226646502347567,2.226646502347567,25-50%
8.0,9.641164802958599,1.641164802958599,1.641164802958599,25-50%
8.0,10.151674246220729,2.151674246220729,2.151674246220729,25-50%
8.0,10.02794364498332,2.0279436449833206,2.0279436449833206,25-50%
8.0,10.02794364498332,2.0279436449833206,2.0279436449833206,25-50%
3.0,10.151674246220729,7.151674246220729,7.151674246220729,0-25%
3.0,10.377758638604327,7.377758638604327,7.377758638604327,0-25%
3.0,10.399341662336973,7.3993416623369725,7.3993416623369725,0-25%
3.0,10.274213727117244,7.274213727117244,7.274213727117244,0-25%
3.0,10.44688433719189,7.446884337191889,7.446884337191889,0-25%
3.0,10.44688433719189,7.446884337191889,7.446884337191889,0-25%
3.0,10.44688433719189,7.446884337191889,7.446884337191889,0-25%
3.0,10.39431702756384,7.39431702756384,7.39431702756384,0-25%
3.0,10.274213727117244,7.274213727117244,7.274213727117244,0-25%
3.0,10.44688433719189,7.446884337191889,7.446884337191889,0-25%
3.0,10.555067866471576,7.5550678664715765,7.5550678664715765,0-25%
3.0,10.59858240976358,7.59858240976358,7.59858240976358,0-25%
3.0,10.40085792730206,7.400857927302059,7.400857927302059,0-25%
3.0,10.393203550819752,7.393203550819752,7.393203550819752,0-25%
3.0,10.41327385541878,7.41327385541878,7.41327385541878,0-25%
3.0,10.59858240976358,7.59858240976358,7.59858240976358,0-25%
3.0,10.59858240976358,7.59858240976358,7.59858240976358,0-25%
3.0,10.59858240976358,7.59858240976358,7.59858240976358,0-25%
3.0,10.44688433719189,7.446884337191889,7.446884337191889,0-25%
3.0,10.59858240976358,7.59858240976358,7.59858240976358,0-25%
3.0,10.59858240976358,7.59858240976358,7.59858240976358,0-25%
3.0,10.59858240976358,7.59858240976358,7.59858240976358,0-25%
3.0,10.59858240976358,7.59858240976358,7.59858240976358,0-25%
5.0,9.33779124750759,4.337791247507591,4.337791247507591,0-25%
2.0,9.709955352985972,7.709955352985972,7.709955352985972,0-25%
2.0,9.68010183810332,7.680101838103321,7.680101838103321,0-25%
2.0,9.71019831732096,7.710198317320961,7.710198317320961,0-25%
2.0,9.6362256880612,7.6362256880612005,7.6362256880612005,0-25%
5.0,9.33779124750759,4.337791247507591,4.337791247507591,0-25%
5.0,9.33779124750759,4.337791247507591,4.337791247507591,0-25%
5.0,9.33779124750759,4.337791247507591,4.337791247507591,0-25%
5.0,9.40129278926037,4.401292789260371,4.401292789260371,0-25%
5.0,9.529121231745178,4.529121231745178,4.529121231745178,0-25%
2.0,9.695436669147826,7.695436669147826,7.695436669147826,0-25%
2.0,9.709955352985972,7.709955352985972,7.709955352985972,0-25%
2.0,9.709955352985972,7.709955352985972,7.709955352985972,0-25%
2.0,9.623180491508865,7.623180491508865,7.623180491508865,0-25%
2.0,9.782569880816052,7.782569880816052,7.782569880816052,0-25%
2.0,9.372104503494938,7.372104503494938,7.372104503494938,0-25%
2.0,9.372104503494938,7.372104503494938,7.372104503494938,0-25%
5.0,9.407646360690514,4.407646360690514,4.407646360690514,0-25%
5.0,9.374032301858135,4.374032301858135,4.374032301858135,0-25%
5.0,9.33779124750759,4.337791247507591,4.337791247507591,0-25%
5.0,9.529121231745178,4.529121231745178,4.529121231745178,0-25%
5.0,9.529121231745178,4.529121231745178,4.529121231745178,0-25%
5.0,9.308870892452898,4.308870892452898,4.308870892452898,0-25%
5.0,9.529121231745178,4.529121231745178,4.529121231745178,0-25%
2.0,9.709955352985972,7.709955352985972,7.709955352985972,0-25%
2.0,9.638433593067445,7.638433593067445,7.638433593067445,0-25%
2.0,9.694599705440886,7.694599705440886,7.694599705440886,0-25%
2.0,9.682499669081814,7.682499669081814,7.682499669081814,0-25%
2.0,9.690290062217398,7.690290062217398,7.690290062217398,0-25%
2.0,9.540476209298657,7.540476209298657,7.540476209298657,0-25%
2.0,9.685502981702797,7.685502981702797,7.685502981702797,0-25%
2.0,9.666898648643823,7.666898648643823,7.666898648643823,0-25%
5.0,9.374032301858135,4.374032301858135,4.374032301858135,0-25%
5.0,9.33779124750759,4.337791247507591,4.337791247507591,0-25%
5.0,9.529121231745178,4.529121231745178,4.529121231745178,0-25%
5.0,9.529121231745178,4.529121231745178,4.529121231745178,0-25%
2.0,9.709955352985972,7.709955352985972,7.709955352985972,0-25%
2.0,9.638433593067445,7.638433593067445,7.638433593067445,0-25%
2.0,9.638433593067445,7.638433593067445,7.638433593067445,0-25%
2.0,9.709955352985972,7.709955352985972,7.709955352985972,0-25%
2.0,9.709955352985972,7.709955352985972,7.709955352985972,0-25%
2.0,9.585950998126604,7.585950998126604,7.585950998126604,0-25%
2.0,9.693952972274868,7.693952972274868,7.693952972274868,0-25%
2.0,9.686159909846943,7.686159909846943,7.686159909846943,0-25%
2.0,9.544054423613305,7.544054423613305,7.544054423613305,0-25%
2.0,9.544054423613305,7.544054423613305,7.544054423613305,0-25%
2.0,9.529760639232032,7.529760639232032,7.529760639232032,0-25%
2.0,9.47364056060469,7.473640560604689,7.473640560604689,0-25%
2.0,9.544054423613305,7.544054423613305,7.544054423613305,0-25%
5.0,9.33779124750759,4.337791247507591,4.337791247507591,0-25%
5.0,9.33779124750759,4.337791247507591,4.337791247507591,0-25%
5.0,9.36016731791082,4.36016731791082,4.36016731791082,0-25%
5.0,9.36016731791082,4.36016731791082,4.36016731791082,0-25%
5.0,9.40129278926037,4.401292789260371,4.401292789260371,0-25%
5.0,9.40129278926037,4.401292789260371,4.401292789260371,0-25%
2.0,9.695436669147826,7.695436669147826,7.695436669147826,0-25%
2.0,9.652874897209463,7.652874897209463,7.652874897209463,0-25%
2.0,9.709955352985972,7.709955352985972,7.709955352985972,0-25%
2.0,9.709955352985972,7.709955352985972,7.709955352985972,0-25%
2.0,9.595927197576087,7.595927197576087,7.595927197576087,0-25%
2.0,9.595927197576087,7.595927197576087,7.595927197576087,0-25%
2.0,9.59955777523809,7.59955777523809,7.59955777523809,0-25%
2.0,9.444425986188191,7.444425986188191,7.444425986188191,0-25%
2.0,9.504743771026869,7.5047437710268685,7.5047437710268685,0-25%
2.0,9.42945104754758,7.42945104754758,7.42945104754758,0-25%
2.0,9.47364056060469,7.473640560604689,7.473640560604689,0-25%
2.0,9.740974558303517,7.740974558303517,7.740974558303517,0-25%
2.0,9.674241510330432,7.6742415103304324,7.6742415103304324,0-25%
2.0,9.674241510330432,7.6742415103304324,7.6742415103304324,0-25%
5.0,9.36016731791082,4.36016731791082,4.36016731791082,0-25%
5.0,9.374032301858135,4.374032301858135,4.374032301858135,0-25%
5.0,9.33779124750759,4.337791247507591,4.337791247507591,0-25%
2.0,9.695436669147826,7.695436669147826,7.695436669147826,0-25%
2.0,9.638261444547942,7.6382614445479415,7.6382614445479415,0-25%
2.0,9.652702515004323,7.652702515004323,7.652702515004323,0-25%
2.0,9.595927197576087,7.595927197576087,7.595927197576087,0-25%
2.0,9.652702515004323,7.652702515004323,7.652702515004323,0-25%
2.0,9.514643440791449,7.514643440791449,7.514643440791449,0-25%
2.0,9.500389526675445,7.500389526675445,7.500389526675445,0-25%
2.0,9.504743771026869,7.5047437710268685,7.5047437710268685,0-25%
2.0,9.504743771026869,7.5047437710268685,7.5047437710268685,0-25%
2.0,9.42945104754758,7.42945104754758,7.42945104754758,0-25%
2.0,8.883326874959867,6.883326874959867,6.883326874959867,0-25%
2.0,9.019366094196286,7.019366094196286,7.019366094196286,0-25%
2.0,8.923813882840243,6.923813882840243,6.923813882840243,0-25%
2.0,9.022918136323831,7.022918136323831,7.022918136323831,0-25%
2.0,9.526218390201748,7.526218390201748,7.526218390201748,0-25%
2.0,9.726413824053386,7.726413824053386,7.726413824053386,0-25%
2.0,9.164739595200084,7.164739595200084,7.164739595200084,0-25%
2.0,8.898378048489043,6.898378048489043,6.898378048489043,0-25%
2.0,8.865802572155578,6.865802572155578,6.865802572155578,0-25%
3.0,10.40448069867801,7.404480698678009,7.404480698678009,0-25%
3.0,10.40448069867801,7.404480698678009,7.404480698678009,0-25%
3.0,9.239948650510906,6.239948650510906,6.239948650510906,0-25%
3.0,9.239948650510906,6.239948650510906,6.239948650510906,0-25%
3.0,9.053873367419953,6.053873367419953,6.053873367419953,0-25%
2.0,9.07734952288247,7.07734952288247,7.07734952288247,0-25%
2.0,8.950164868267056,6.950164868267056,6.950164868267056,0-25%
2.0,9.032967035708088,7.032967035708088,7.032967035708088,0-25%
3.0,10.095143062377831,7.095143062377831,7.095143062377831,0-25%
3.0,10.348794769076044,7.348794769076044,7.348794769076044,0-25%
3.0,9.083882522553127,6.083882522553127,6.083882522553127,0-25%
3.0,9.053873367419953,6.053873367419953,6.053873367419953,0-25%
3.0,8.93220085020145,5.9322008502014505,5.9322008502014505,0-25%
3.0,10.255321285954073,7.255321285954073,7.255321285954073,0-25%
3.0,10.40448069867801,7.404480698678009,7.404480698678009,0-25%
3.0,10.364200363844466,7.364200363844466,7.364200363844466,0-25%
3.0,10.107530756467268,7.107530756467268,7.107530756467268,0-25%
3.0,10.11148651256889,7.11148651256889,7.11148651256889,0-25%
3.0,10.11148651256889,7.11148651256889,7.11148651256889,0-25%
3.0,9.646335732187774,6.646335732187774,6.646335732187774,0-25%
3.0,9.08911909471494,6.08911909471494,6.08911909471494,0-25%
3.0,8.93220085020145,5.9322008502014505,5.9322008502014505,0-25%
3.0,8.879265564039379,5.879265564039379,5.879265564039379,0-25%
3.0,8.908452955607334,5.908452955607334,5.908452955607334,0-25%
3.0,10.16973526163602,7.169735261636021,7.169735261636021,0-25%
3.0,10.122608843717396,7.122608843717396,7.122608843717396,0-25%
3.0,10.107530756467268,7.107530756467268,7.107530756467268,0-25%
3.0,10.106880771730477,7.106880771730477,7.106880771730477,0-25%
3.0,9.650127241611054,6.650127241611054,6.650127241611054,0-25%
3.0,9.691444184176579,6.691444184176579,6.691444184176579,0-25%
3.0,9.749327454431684,6.749327454431684,6.749327454431684,0-25%
3.0,9.220687916224788,6.220687916224788,6.220687916224788,0-25%
3.0,9.059643083180914,6.059643083180914,6.059643083180914,0-25%
3.0,9.017200273844288,6.0172002738442885,6.0172002738442885,0-25%
3.0,9.074896646202355,6.074896646202355,6.074896646202355,0-25%
3.0,8.908452955607334,5.908452955607334,5.908452955607334,0-25%
3.0,10.126569969620547,7.126569969620547,7.126569969620547,0-25%
3.0,10.107530756467268,7.107530756467268,7.107530756467268,0-25%
3.0,10.121957976648899,7.121957976648899,7.121957976648899,0-25%
3.0,10.106880771730477,7.106880771730477,7.106880771730477,0-25%
3.0,10.047684837124741,7.047684837124741,7.047684837124741,0-25%
3.0,9.691444184176579,6.691444184176579,6.691444184176579,0-25%
3.0,9.708999071328416,6.7089990713284156,6.7089990713284156,0-25%
3.0,9.608736803033924,6.608736803033924,6.608736803033924,0-25%
3.0,9.090484297981831,6.090484297981831,6.090484297981831,0-25%
3.0,9.090484297981831,6.090484297981831,6.090484297981831,0-25%
3.0,8.96552297273695,5.9655229727369505,5.9655229727369505,0-25%
3.0,9.090484297981831,6.090484297981831,6.090484297981831,0-25%
3.0,9.090484297981831,6.090484297981831,6.090484297981831,0-25%
3.0,10.106880771730477,7.106880771730477,7.106880771730477,0-25%
3.0,10.106880771730477,7.106880771730477,7.106880771730477,0-25%
3.0,9.53505621896942,6.5350562189694195,6.5350562189694195,0-25%
3.0,9.258066028575582,6.258066028575582,6.258066028575582,0-25%
3.0,9.090484297981831,6.090484297981831,6.090484297981831,0-25%
3.0,9.090484297981831,6.090484297981831,6.090484297981831,0-25%
3.0,9.090484297981831,6.090484297981831,6.090484297981831,0-25%
3.0,9.074896646202355,6.074896646202355,6.074896646202355,0-25%
18.0,10.0358470894336,-7.9641529105663995,7.9641529105663995,75-100%
18.0,10.0358470894336,-7.9641529105663995,7.9641529105663995,75-100%
18.0,9.862637680446797,-8.137362319553203,8.137362319553203,75-100%
18.0,9.977029740436052,-8.022970259563948,8.022970259563948,75-100%
18.0,10.0358470894336,-7.9641529105663995,7.9641529105663995,75-100%
18.0,9.977029740436052,-8.022970259563948,8.022970259563948,75-100%
18.0,9.977029740436052,-8.022970259563948,8.022970259563948,75-100%
18.0,9.918349187199786,-8.081650812800214,8.081650812800214,75-100%
18.0,10.0358470894336,-7.9641529105663995,7.9641529105663995,75-100%
18.0,9.977029740436052,-8.022970259563948,8.022970259563948,75-100%
18.0,9.918349187199786,-8.081650812800214,8.081650812800214,75-100%
18.0,9.976852112836855,-8.023147887163145,8.023147887163145,75-100%
18.0,9.453962710629982,-8.546037289370018,8.546037289370018,75-100%
18.0,9.976852112836855,-8.023147887163145,8.023147887163145,75-100%
18.0,9.918349187199786,-8.081650812800214,8.081650812800214,75-100%
18.0,10.246929184761866,-7.753070815238134,7.753070815238134,75-100%
18.0,9.918349187199786,-8.081650812800214,8.081650812800214,75-100%
18.0,9.918349187199786,-8.081650812800214,8.081650812800214,75-100%
18.0,9.918349187199786,-8.081650812800214,8.081650812800214,75-100%
18.0,9.976852112836855,-8.023147887163145,8.023147887163145,75-100%
18.0,9.976852112836855,-8.023147887163145,8.023147887163145,75-100%
5.0,9.097596457781119,4.097596457781119,4.097596457781119,0-25%
5.0,9.097596457781119,4.097596457781119,4.097596457781119,0-25%
18.0,10.061151676285116,-7.938848323714884,7.938848323714884,75-100%
18.0,10.0358470894336,-7.9641529105663995,7.9641529105663995,75-100%
18.0,9.976852112836855,-8.023147887163145,8.023147887163145,75-100%
18.0,9.976852112836855,-8.023147887163145,8.023147887163145,75-100%
18.0,9.918349187199786,-8.081650812800214,8.081650812800214,75-100%
18.0,9.918349187199786,-8.081650812800214,8.081650812800214,75-100%
5.0,8.661161573020957,3.661161573020957,3.661161573020957,0-25%
5.0,9.114904561221081,4.114904561221081,4.114904561221081,0-25%
5.0,9.308632791361704,4.308632791361704,4.308632791361704,0-25%
5.0,9.360544526976662,4.360544526976662,4.360544526976662,0-25%
5.0,9.360544526976662,4.360544526976662,4.360544526976662,0-25%
18.0,10.27520830902846,-7.724791690971539,7.724791690971539,75-100%
18.0,9.976852112836855,-8.023147887163145,8.023147887163145,75-100%
18.0,9.976852112836855,-8.023147887163145,8.023147887163145,75-100%
18.0,9.918349187199786,-8.081650812800214,8.081650812800214,75-100%
18.0,9.918349187199786,-8.081650812800214,8.081650812800214,75-100%
5.0,8.58493920231344,3.584939202313439,3.584939202313439,0-25%
5.0,8.657156995743827,3.6571569957438275,3.6571569957438275,0-25%
5.0,9.278472530151868,4.278472530151868,4.278472530151868,0-25%
5.0,9.210429728485446,4.210429728485446,4.210429728485446,0-25%
5.0,9.279074035686989,4.279074035686989,4.279074035686989,0-25%
18.0,10.215115245328153,-7.784884754671847,7.784884754671847,75-100%
18.0,9.976852112836855,-8.023147887163145,8.023147887163145,75-100%
18.0,9.976852112836855,-8.023147887163145,8.023147887163145,75-100%
18.0,9.918349187199786,-8.081650812800214,8.081650812800214,75-100%
5.0,8.657156995743827,3.6571569957438275,3.6571569957438275,0-25%
5.0,9.279074035686989,4.279074035686989,4.279074035686989,0-25%
5.0,9.279074035686989,4.279074035686989,4.279074035686989,0-25%
5.0,9.327082595124267,4.327082595124267,4.327082595124267,0-25%
5.0,8.644065511738951,3.644065511738951,3.644065511738951,0-25%
5.0,9.101192543146565,4.101192543146565,4.101192543146565,0-25%
5.0,9.387410705449135,4.387410705449135,4.387410705449135,0-25%
5.0,9.35112291445487,4.351122914454869,4.351122914454869,0-25%
5.0,9.304975239382813,4.304975239382813,4.304975239382813,0-25%
5.0,9.110711906263388,4.110711906263388,4.110711906263388,0-25%
5.0,9.110711906263388,4.110711906263388,4.110711906263388,0-25%
5.0,9.279074035686989,4.279074035686989,4.279074035686989,0-25%
5.0,9.302283346037825,4.302283346037825,4.302283346037825,0-25%
5.0,9.260703272171732,4.260703272171732,4.260703272171732,0-25%
5.0,9.260703272171732,4.260703272171732,4.260703272171732,0-25%
5.0,9.003138383815866,4.003138383815866,4.003138383815866,0-25%
5.0,9.097596457781119,4.097596457781119,4.097596457781119,0-25%
5.0,9.204110373428684,4.2041103734286835,4.2041103734286835,0-25%
5.0,9.260703272171732,4.260703272171732,4.260703272171732,0-25%
7.0,9.685361136256114,2.6853611362561143,2.6853611362561143,25-50%
7.0,9.628411759373414,2.6284117593734138,2.6284117593734138,25-50%
7.0,9.67087579295443,2.67087579295443,2.67087579295443,25-50%
7.0,9.685361136256114,2.6853611362561143,2.6853611362561143,25-50%
7.0,9.741153121526363,2.741153121526363,2.741153121526363,25-50%
7.0,9.741153121526363,2.741153121526363,2.741153121526363,25-50%
7.0,9.999056814086648,2.9990568140866483,2.9990568140866483,25-50%
7.0,9.628411759373414,2.6284117593734138,2.6284117593734138,25-50%
7.0,9.67087579295443,2.67087579295443,2.67087579295443,25-50%
7.0,9.741153121526363,2.741153121526363,2.741153121526363,25-50%
7.0,9.117648747263429,2.117648747263429,2.117648747263429,25-50%
7.0,9.117648747263429,2.117648747263429,2.117648747263429,25-50%
7.0,9.999056814086648,2.9990568140866483,2.9990568140866483,25-50%
7.0,9.999056814086648,2.9990568140866483,2.9990568140866483,25-50%
7.0,9.999056814086648,2.9990568140866483,2.9990568140866483,25-50%
7.0,9.683906392148444,2.683906392148444,2.683906392148444,25-50%
7.0,9.06372508625401,2.06372508625401,2.06372508625401,25-50%
7.0,9.117648747263429,2.117648747263429,2.117648747263429,25-50%
7.0,9.117648747263429,2.117648747263429,2.117648747263429,25-50%
7.0,8.969415116902768,1.969415116902768,1.969415116902768,25-50%
7.0,9.940435544868683,2.9404355448686825,2.9404355448686825,25-50%
7.0,8.980769134938708,1.9807691349387078,1.9807691349387078,25-50%
7.0,9.117648747263429,2.117648747263429,2.117648747263429,25-50%
7.0,9.117648747263429,2.117648747263429,2.117648747263429,25-50%
7.0,9.06372508625401,2.06372508625401,2.06372508625401,25-50%
7.0,9.036439092592563,2.0364390925925626,2.0364390925925626,25-50%
2.0,9.602857199565326,7.602857199565326,7.602857199565326,0-25%
2.0,9.648812325828356,7.648812325828356,7.648812325828356,0-25%
4.5,9.982690592374688,5.482690592374688,5.482690592374688,0-25%
4.5,9.954577843595958,5.454577843595958,5.454577843595958,0-25%
4.5,9.30963656080476,4.80963656080476,4.80963656080476,0-25%
7.0,9.117648747263429,2.117648747263429,2.117648747263429,25-50%
2.0,9.626938029789734,7.626938029789734,7.626938029789734,0-25%
2.0,9.798318682426356,7.7983186824263555,7.7983186824263555,0-25%
2.0,9.683879510103937,7.683879510103937,7.683879510103937,0-25%
2.0,9.743570870152158,7.743570870152158,7.743570870152158,0-25%
2.0,9.740767279857618,7.740767279857618,7.740767279857618,0-25%
4.5,9.376335550828184,4.876335550828184,4.876335550828184,0-25%
4.5,8.904969520439138,4.404969520439138,4.404969520439138,0-25%
2.0,9.626938029789734,7.626938029789734,7.626938029789734,0-25%
2.0,9.740767279857618,7.740767279857618,7.740767279857618,0-25%
2.0,9.86270262235632,7.86270262235632,7.86270262235632,0-25%
2.0,9.876744438593057,7.876744438593057,7.876744438593057,0-25%
2.0,9.818775053151462,7.818775053151462,7.818775053151462,0-25%
2.0,9.49409415166738,7.49409415166738,7.49409415166738,0-25%
2.0,9.550323825151642,7.550323825151642,7.550323825151642,0-25%
2.0,9.55469877598605,7.554698775986051,7.554698775986051,0-25%
2.0,9.71344953610563,7.71344953610563,7.71344953610563,0-25%
2.0,9.858649419756233,7.858649419756233,7.858649419756233,0-25%
2.0,9.798318682426356,7.7983186824263555,7.7983186824263555,0-25%
2.0,10.145416937948053,8.145416937948053,8.145416937948053,0-25%
2.0,10.200491983702484,8.200491983702484,8.200491983702484,0-25%
2.0,9.49409415166738,7.49409415166738,7.49409415166738,0-25%
2.0,9.49409415166738,7.49409415166738,7.49409415166738,0-25%
2.0,9.550323825151642,7.550323825151642,7.550323825151642,0-25%
2.0,9.435528267064324,7.435528267064324,7.435528267064324,0-25%
2.0,10.349489399896482,8.349489399896482,8.349489399896482,0-25%
2.0,10.231821384379169,8.231821384379169,8.231821384379169,0-25%
2.0,10.12482375589158,8.12482375589158,8.12482375589158,0-25%
2.0,10.200491983702484,8.200491983702484,8.200491983702484,0-25%
2.0,9.49409415166738,7.49409415166738,7.49409415166738,0-25%
2.0,9.550323825151642,7.550323825151642,7.550323825151642,0-25%
2.0,10.199615497255017,8.199615497255017,8.199615497255017,0-25%
2.0,10.145416937948053,8.145416937948053,8.145416937948053,0-25%
2.0,10.200491983702484,8.200491983702484,8.200491983702484,0-25%
2.0,10.200491983702484,8.200491983702484,8.200491983702484,0-25%
1.0,9.700476677429647,8.700476677429647,8.700476677429647,0-25%
1.0,9.472076025573926,8.472076025573926,8.472076025573926,0-25%
1.0,9.642070581947513,8.642070581947513,8.642070581947513,0-25%
1.0,9.701314101070798,8.701314101070798,8.701314101070798,0-25%
1.0,9.715840763318663,8.715840763318663,8.715840763318663,0-25%
1.0,9.700476677429647,8.700476677429647,8.700476677429647,0-25%
1.0,9.643446739802194,8.643446739802194,8.643446739802194,0-25%
1.0,9.715840763318663,8.715840763318663,8.715840763318663,0-25%
1.0,9.644279700257314,8.644279700257314,8.644279700257314,0-25%
1.0,9.715840763318663,8.715840763318663,8.715840763318663,0-25%
1.0,9.658728940286816,8.658728940286816,8.658728940286816,0-25%
1.0,9.720284349815707,8.720284349815707,8.720284349815707,0-25%
1.0,9.700476677429647,8.700476677429647,8.700476677429647,0-25%
1.0,9.642070581947513,8.642070581947513,8.642070581947513,0-25%
1.0,9.642070581947513,8.642070581947513,8.642070581947513,0-25%
1.0,9.86492538466757,8.86492538466757,8.86492538466757,0-25%
1.0,9.701314101070798,8.701314101070798,8.701314101070798,0-25%
1.0,9.715840763318663,8.715840763318663,8.715840763318663,0-25%
1.0,9.715840763318663,8.715840763318663,8.715840763318663,0-25%
1.0,9.715840763318663,8.715840763318663,8.715840763318663,0-25%
1.0,9.685970843121595,8.685970843121595,8.685970843121595,0-25%
1.0,9.716083861169128,8.716083861169128,8.716083861169128,0-25%
1.0,9.642070581947513,8.642070581947513,8.642070581947513,0-25%
1.0,9.715840763318663,8.715840763318663,8.715840763318663,0-25%
1.0,9.701314101070798,8.701314101070798,8.701314101070798,0-25%
1.0,9.701314101070798,8.701314101070798,8.701314101070798,0-25%
1.0,9.715840763318663,8.715840763318663,8.715840763318663,0-25%
1.0,9.715840763318663,8.715840763318663,8.715840763318663,0-25%
1.0,9.629018216706601,8.629018216706601,8.629018216706601,0-25%
1.0,9.788495194797106,8.788495194797106,8.788495194797106,0-25%
1.0,9.715840763318663,8.715840763318663,8.715840763318663,0-25%
1.0,9.715840763318663,8.715840763318663,8.715840763318663,0-25%
1.0,9.644279700257314,8.644279700257314,8.644279700257314,0-25%
1.0,9.700476677429647,8.700476677429647,8.700476677429647,0-25%
6.0,9.211477154089327,3.2114771540893265,3.2114771540893265,25-50%
7.25,9.169065531518116,1.9190655315181164,1.9190655315181164,25-50%
7.25,9.169065531518116,1.9190655315181164,1.9190655315181164,25-50%
7.25,9.169065531518116,1.9190655315181164,1.9190655315181164,25-50%
6.0,9.211477154089327,3.2114771540893265,3.2114771540893265,25-50%
7.25,9.211477154089327,1.9614771540893265,1.9614771540893265,25-50%
7.25,9.169065531518116,1.9190655315181164,1.9190655315181164,25-50%
7.25,9.237780521660717,1.9877805216607172,1.9877805216607172,25-50%
7.25,9.182869684817195,1.9328696848171951,1.9328696848171951,25-50%
6.0,9.182869684817195,3.182869684817195,3.182869684817195,25-50%
6.166666666666668,9.169065531518116,3.0023988648514486,3.0023988648514486,25-50%
6.166666666666668,9.183454862655339,3.0167881959886707,3.0167881959886707,25-50%
6.166666666666668,9.19727854897171,3.030611882305042,3.030611882305042,25-50%
7.25,9.029529250267807,1.7795292502678066,1.7795292502678066,25-50%
6.0,9.237780521660717,3.237780521660717,3.237780521660717,25-50%
6.166666666666668,9.162625589910228,2.9959589232435597,2.9959589232435597,25-50%
6.166666666666668,9.21856763274983,3.0519009660831617,3.0519009660831617,25-50%
6.166666666666668,9.19727854897171,3.030611882305042,3.030611882305042,25-50%
6.166666666666668,9.043721136148102,2.8770544694814344,2.8770544694814344,25-50%
8.5,8.975695363510772,0.4756953635107717,0.4756953635107717,50-75%
6.0,9.079524927775742,3.0795249277757417,3.0795249277757417,25-50%
5.0,9.19727854897171,4.19727854897171,4.19727854897171,0-25%
6.166666666666668,9.19727854897171,3.030611882305042,3.030611882305042,25-50%
6.166666666666668,9.129180477209108,2.96251381054244,2.96251381054244,25-50%
6.166666666666668,9.086444281483713,2.919777614817045,2.919777614817045,25-50%
6.166666666666668,9.001345503366014,2.8346788366993465,2.8346788366993465,25-50%
6.166666666666668,9.001345503366014,2.8346788366993465,2.8346788366993465,25-50%
6.166666666666668,9.001345503366014,2.8346788366993465,2.8346788366993465,25-50%
8.5,8.868346738820406,0.36834673882040647,0.36834673882040647,50-75%
5.0,9.133533247824523,4.1335332478245235,4.1335332478245235,0-25%
5.0,9.109327586093093,4.109327586093093,4.109327586093093,0-25%
6.166666666666668,9.066675152034533,2.9000084853678647,2.9000084853678647,25-50%
6.166666666666668,9.066675152034533,2.9000084853678647,2.9000084853678647,25-50%
6.166666666666668,8.934555884886926,2.767889218220258,2.767889218220258,25-50%
6.166666666666668,8.934555884886926,2.767889218220258,2.767889218220258,25-50%
6.25,8.934555884886926,2.684555884886926,2.684555884886926,25-50%
4.0,9.059769360053107,5.059769360053107,5.059769360053107,0-25%
4.0,9.113671825408145,5.1136718254081455,5.1136718254081455,0-25%
4.0,9.059769360053107,5.059769360053107,5.059769360053107,0-25%
4.0,9.059769360053107,5.059769360053107,5.059769360053107,0-25%
4.0,9.113671825408145,5.1136718254081455,5.1136718254081455,0-25%
4.0,8.980935754206497,4.980935754206497,4.980935754206497,0-25%
4.0,8.980935754206497,4.980935754206497,4.980935754206497,0-25%
4.0,9.113671825408145,5.1136718254081455,5.1136718254081455,0-25%
4.0,9.113671825408145,5.1136718254081455,5.1136718254081455,0-25%
4.0,9.113671825408145,5.1136718254081455,5.1136718254081455,0-25%
4.0,9.113671825408145,5.1136718254081455,5.1136718254081455,0-25%
4.0,8.980935754206497,4.980935754206497,4.980935754206497,0-25%
1.0,10.177381195478691,9.177381195478691,9.177381195478691,0-25%
1.0,10.177381195478691,9.177381195478691,9.177381195478691,0-25%
1.0,10.222038544213232,9.222038544213232,9.222038544213232,0-25%
1.0,10.237272071808501,9.237272071808501,9.237272071808501,0-25%
1.0,10.237272071808501,9.237272071808501,9.237272071808501,0-25%
1.0,10.177381195478691,9.177381195478691,9.177381195478691,0-25%
1.0,10.884565356153301,9.884565356153301,9.884565356153301,0-25%
1.0,10.9146405438383,9.9146405438383,9.9146405438383,0-25%
1.0,10.117905987570152,9.117905987570152,9.117905987570152,0-25%
1.3333333333333333,10.117905987570152,8.784572654236818,8.784572654236818,0-25%
1.3333333333333333,10.043659907485601,8.710326574152267,8.710326574152267,0-25%
1.0,10.177381195478691,9.177381195478691,9.177381195478691,0-25%
1.0,10.9146405438383,9.9146405438383,9.9146405438383,0-25%
1.3333333333333333,10.725252730836573,9.391919397503239,9.391919397503239,0-25%
1.3333333333333333,10.117905987570152,8.784572654236818,8.784572654236818,0-25%
1.3333333333333333,10.102834275629657,8.769500942296323,8.769500942296323,0-25%
1.3333333333333333,10.058651292276398,8.725317958943064,8.725317958943064,0-25%
1.3333333333333333,10.102834275629657,8.769500942296323,8.769500942296323,0-25%
1.5,9.874705906562232,8.374705906562232,8.374705906562232,0-25%
1.75,10.742395734615531,8.992395734615531,8.992395734615531,0-25%
1.75,10.074819685849281,8.324819685849281,8.324819685849281,0-25%
1.3333333333333333,10.058472343897296,8.725139010563963,8.725139010563963,0-25%
1.3333333333333333,10.058651292276398,8.725317958943064,8.725317958943064,0-25%
1.3333333333333333,9.80601377178332,8.472680438449986,8.472680438449986,0-25%
1.3333333333333333,9.80601377178332,8.472680438449986,8.472680438449986,0-25%
2.0,9.80601377178332,7.80601377178332,7.80601377178332,0-25%
3.0,10.646051059282252,7.646051059282252,7.646051059282252,0-25%
1.75,10.742395734615531,8.992395734615531,8.992395734615531,0-25%
1.75,10.67962371938739,8.92962371938739,8.92962371938739,0-25%
1.75,10.000683325579246,8.250683325579246,8.250683325579246,0-25%
1.75,9.706766954960926,7.956766954960926,7.956766954960926,0-25%
1.3333333333333333,9.80601377178332,8.472680438449986,8.472680438449986,0-25%
1.5,9.764136176281841,8.264136176281841,8.264136176281841,0-25%
2.0,9.748421356979401,7.748421356979401,7.748421356979401,0-25%
3.0,10.646051059282252,7.646051059282252,7.646051059282252,0-25%
2.0,10.66186016914126,8.66186016914126,8.66186016914126,0-25%
2.0,10.880556432585989,8.880556432585989,8.880556432585989,0-25%
1.75,10.67962371938739,8.92962371938739,8.92962371938739,0-25%
1.75,10.601626452726155,8.851626452726155,8.851626452726155,0-25%
1.75,9.942053387602702,8.192053387602702,8.192053387602702,0-25%
2.0,9.706766954960926,7.706766954960926,7.706766954960926,0-25%
1.5,9.764136176281841,8.264136176281841,8.264136176281841,0-25%
1.5,9.706766954960926,8.206766954960926,8.206766954960926,0-25%
2.0,9.748421356979401,7.748421356979401,7.748421356979401,0-25%
3.0,10.646051059282252,7.646051059282252,7.646051059282252,0-25%
2.0,10.66186016914126,8.66186016914126,8.66186016914126,0-25%
2.0,10.573692680443363,8.573692680443363,8.573692680443363,0-25%
2.0,10.540992666466721,8.540992666466721,8.540992666466721,0-25%
2.0,9.706766954960926,7.706766954960926,7.706766954960926,0-25%
1.5,9.706766954960926,8.206766954960926,8.206766954960926,0-25%
2.0,9.748421356979401,7.748421356979401,7.748421356979401,0-25%
3.0,10.437666970674035,7.4376669706740355,7.4376669706740355,0-25%
3.0,10.437666970674035,7.4376669706740355,7.4376669706740355,0-25%
2.5,10.573692680443363,8.073692680443363,8.073692680443363,0-25%
2.5,10.524787969635184,8.024787969635184,8.024787969635184,0-25%
2.5,9.706766954960926,7.206766954960926,7.206766954960926,0-25%
3.0,10.437666970674035,7.4376669706740355,7.4376669706740355,0-25%
3.0,10.437666970674035,7.4376669706740355,7.4376669706740355,0-25%
3.0,10.437666970674035,7.4376669706740355,7.4376669706740355,0-25%
3.0,10.315890919899472,7.315890919899472,7.315890919899472,0-25%
3.0,10.376523961914668,7.376523961914668,7.376523961914668,0-25%
4.0,8.85569611115654,4.85569611115654,4.85569611115654,0-25%
4.0,8.85569611115654,4.85569611115654,4.85569611115654,0-25%
4.0,8.558879972343613,4.558879972343613,4.558879972343613,0-25%
4.0,8.966919061066035,4.966919061066035,4.966919061066035,0-25%
4.0,8.91235630844149,4.91235630844149,4.91235630844149,0-25%
4.0,8.792737394914704,4.792737394914704,4.792737394914704,0-25%
4.0,8.792737394914704,4.792737394914704,4.792737394914704,0-25%
4.0,8.792737394914704,4.792737394914704,4.792737394914704,0-25%
4.0,8.792737394914704,4.792737394914704,4.792737394914704,0-25%
4.0,8.558879972343613,4.558879972343613,4.558879972343613,0-25%
4.0,8.558879972343613,4.558879972343613,4.558879972343613,0-25%
4.0,8.846641702969169,4.846641702969169,4.846641702969169,0-25%
4.0,8.846641702969169,4.846641702969169,4.846641702969169,0-25%
4.0,8.611497007796075,4.611497007796075,4.611497007796075,0-25%
4.0,8.611497007796075,4.611497007796075,4.611497007796075,0-25%
4.0,8.971881374580274,4.971881374580274,4.971881374580274,0-25%
4.0,8.611497007796075,4.611497007796075,4.611497007796075,0-25%
4.0,8.846641702969169,4.846641702969169,4.846641702969169,0-25%
4.0,8.846641702969169,4.846641702969169,4.846641702969169,0-25%
4.0,9.006483503580444,5.006483503580444,5.006483503580444,0-25%
4.0,9.006483503580444,5.006483503580444,5.006483503580444,0-25%
4.0,9.006483503580444,5.006483503580444,5.006483503580444,0-25%
4.0,9.111399977543236,5.111399977543236,5.111399977543236,0-25%
4.0,9.08975433713234,5.089754337132341,5.089754337132341,0-25%
4.0,9.076076413331796,5.076076413331796,5.076076413331796,0-25%
4.0,9.078606267939321,5.078606267939321,5.078606267939321,0-25%
4.0,9.076076413331796,5.076076413331796,5.076076413331796,0-25%
4.0,9.112388181490873,5.112388181490873,5.112388181490873,0-25%
4.0,9.038153747376326,5.038153747376326,5.038153747376326,0-25%
4.0,9.12512585185545,5.125125851855451,5.125125851855451,0-25%
4.0,9.072382276980534,5.072382276980534,5.072382276980534,0-25%
4.0,9.076076413331796,5.076076413331796,5.076076413331796,0-25%
4.0,9.111399977543236,5.111399977543236,5.111399977543236,0-25%
4.0,9.005118270429751,5.005118270429751,5.005118270429751,0-25%
4.0,8.962905507647719,4.962905507647719,4.962905507647719,0-25%
4.0,9.072382276980534,5.072382276980534,5.072382276980534,0-25%
4.0,9.072382276980534,5.072382276980534,5.072382276980534,0-25%
4.0,9.005118270429751,5.005118270429751,5.005118270429751,0-25%
4.0,8.962905507647719,4.962905507647719,4.962905507647719,0-25%
4.0,9.076076413331796,5.076076413331796,5.076076413331796,0-25%
4.0,9.016288955094735,5.016288955094735,5.016288955094735,0-25%
4.0,8.962905507647719,4.962905507647719,4.962905507647719,0-25%
4.0,9.016288955094735,5.016288955094735,5.016288955094735,0-25%
4.0,9.016288955094735,5.016288955094735,5.016288955094735,0-25%
4.0,8.98550853753254,4.9855085375325405,4.9855085375325405,0-25%
4.0,8.943378510504413,4.943378510504413,4.943378510504413,0-25%
4.0,8.943378510504413,4.943378510504413,4.943378510504413,0-25%
36.0,9.111399977543236,-26.888600022456764,26.888600022456764,75-100%
36.0,9.009417728308822,-26.990582271691178,26.990582271691178,75-100%
20.0,8.962905507647719,-11.037094492352281,11.037094492352281,75-100%
20.0,8.943378510504413,-11.056621489495587,11.056621489495587,75-100%
4.0,8.996657327989318,4.996657327989318,4.996657327989318,0-25%
4.0,8.943378510504413,4.943378510504413,4.943378510504413,0-25%
4.0,8.996657327989318,4.996657327989318,4.996657327989318,0-25%
4.0,8.943378510504413,4.943378510504413,4.943378510504413,0-25%
36.0,9.191160487469903,-26.8088395125301,26.8088395125301,75-100%
36.0,9.039013097004265,-26.960986902995735,26.960986902995735,75-100%
36.0,8.98979956860262,-27.01020043139738,27.01020043139738,75-100%
36.0,8.948239573031177,-27.051760426968823,27.051760426968823,75-100%
36.0,8.936557300666104,-27.063442699333898,27.063442699333898,75-100%
20.0,8.943378510504413,-11.056621489495587,11.056621489495587,75-100%
4.0,8.996657327989318,4.996657327989318,4.996657327989318,0-25%
36.0,9.494268808685884,-26.505731191314116,26.505731191314116,75-100%
36.0,8.944116001156255,-27.055883998843747,27.055883998843747,75-100%
36.0,8.944116001156255,-27.055883998843747,27.055883998843747,75-100%
36.0,8.89521880587698,-27.10478119412302,27.10478119412302,75-100%
36.0,8.944116001156255,-27.055883998843747,27.055883998843747,75-100%
36.0,8.944116001156255,-27.055883998843747,27.055883998843747,75-100%
36.0,8.89521880587698,-27.10478119412302,27.10478119412302,75-100%
36.0,8.89521880587698,-27.10478119412302,27.10478119412302,75-100%
36.0,9.317554501013042,-26.682445498986958,26.682445498986958,75-100%
36.0,8.944116001156255,-27.055883998843747,27.055883998843747,75-100%
36.0,8.944116001156255,-27.055883998843747,27.055883998843747,75-100%
36.0,8.944116001156255,-27.055883998843747,27.055883998843747,75-100%
36.0,8.948239573031177,-27.051760426968823,27.051760426968823,75-100%
36.0,8.948239573031177,-27.051760426968823,27.051760426968823,75-100%
36.0,8.936557300666104,-27.063442699333898,27.063442699333898,75-100%
36.0,8.936557300666104,-27.063442699333898,27.063442699333898,75-100%
36.0,9.313277847114025,-26.686722152885977,26.686722152885977,75-100%
36.0,8.948239573031177,-27.051760426968823,27.051760426968823,75-100%
36.0,8.948239573031177,-27.051760426968823,27.051760426968823,75-100%
36.0,8.98979956860262,-27.01020043139738,27.01020043139738,75-100%
36.0,8.98979956860262,-27.01020043139738,27.01020043139738,75-100%
36.0,8.936557300666104,-27.063442699333898,27.063442699333898,75-100%
36.0,8.936557300666104,-27.063442699333898,27.063442699333898,75-100%
36.0,8.948239573031177,-27.051760426968823,27.051760426968823,75-100%
36.0,8.98979956860262,-27.01020043139738,27.01020043139738,75-100%
36.0,8.98979956860262,-27.01020043139738,27.01020043139738,75-100%
36.0,8.98979956860262,-27.01020043139738,27.01020043139738,75-100%
36.0,8.936557300666104,-27.063442699333898,27.063442699333898,75-100%
36.0,8.98979956860262,-27.01020043139738,27.01020043139738,75-100%
6.0,7.154217634553023,1.1542176345530226,1.1542176345530226,25-50%
6.0,7.154217634553023,1.1542176345530226,1.1542176345530226,25-50%
6.0,7.154217634553023,1.1542176345530226,1.1542176345530226,25-50%
6.0,7.154217634553023,1.1542176345530226,1.1542176345530226,25-50%
6.0,7.154217634553023,1.1542176345530226,1.1542176345530226,25-50%
6.0,7.154217634553023,1.1542176345530226,1.1542176345530226,25-50%
6.0,7.154217634553023,1.1542176345530226,1.1542176345530226,25-50%
6.0,7.154217634553023,1.1542176345530226,1.1542176345530226,25-50%
6.0,7.154217634553023,1.1542176345530226,1.1542176345530226,25-50%
6.0,7.154217634553023,1.1542176345530226,1.1542176345530226,25-50%
6.0,7.128770294113711,1.1287702941137114,1.1287702941137114,25-50%
6.0,7.154217634553023,1.1542176345530226,1.1542176345530226,25-50%
6.0,7.154217634553023,1.1542176345530226,1.1542176345530226,25-50%
6.0,7.154217634553023,1.1542176345530226,1.1542176345530226,25-50%
6.0,7.124606077495842,1.1246060774958417,1.1246060774958417,25-50%
6.0,7.07250696039564,1.07250696039564,1.07250696039564,25-50%
6.0,7.154217634553023,1.1542176345530226,1.1542176345530226,25-50%
6.0,7.1583970283914,1.1583970283914002,1.1583970283914002,25-50%
6.0,7.154217634553023,1.1542176345530226,1.1542176345530226,25-50%
6.0,7.154217634553023,1.1542176345530226,1.1542176345530226,25-50%
6.0,7.124606077495842,1.1246060774958417,1.1246060774958417,25-50%
6.0,7.1583970283914,1.1583970283914002,1.1583970283914002,25-50%
6.0,7.154217634553023,1.1542176345530226,1.1542176345530226,25-50%
6.0,7.154217634553023,1.1542176345530226,1.1542176345530226,25-50%
6.0,7.0987613650086105,1.0987613650086105,1.0987613650086105,25-50%
6.0,7.154217634553023,1.1542176345530226,1.1542176345530226,25-50%
6.0,7.154217634553023,1.1542176345530226,1.1542176345530226,25-50%
6.0,7.07046883205122,1.07046883205122,1.07046883205122,25-50%
4.0,8.829937018540411,4.829937018540411,4.829937018540411,0-25%
4.0,8.83322581541854,4.83322581541854,4.83322581541854,0-25%
4.0,8.789041160931124,4.789041160931124,4.789041160931124,0-25%
9.0,8.778784120060667,-0.2212158799393329,0.2212158799393329,50-75%
9.0,8.878235754754762,-0.1217642452452381,0.1217642452452381,50-75%
4.0,8.827363306188577,4.827363306188577,4.827363306188577,0-25%
4.0,8.796057630475584,4.796057630475584,4.796057630475584,0-25%
4.0,8.74725227253374,4.747252272533739,4.747252272533739,0-25%
4.0,8.742449562380827,4.742449562380827,4.742449562380827,0-25%
4.0,8.90904782983424,4.90904782983424,4.90904782983424,0-25%
6.0,8.812120316385585,2.8121203163855846,2.8121203163855846,25-50%
6.0,8.812120316385585,2.8121203163855846,2.8121203163855846,25-50%
6.0,8.746625071641715,2.7466250716417147,2.7466250716417147,25-50%
9.0,8.482644253374001,-0.5173557466259986,0.5173557466259986,50-75%
9.0,8.859983920083437,-0.14001607991656329,0.14001607991656329,50-75%
4.0,8.840703610583697,4.840703610583697,4.840703610583697,0-25%
4.0,8.796057630475584,4.796057630475584,4.796057630475584,0-25%
4.0,8.796057630475584,4.796057630475584,4.796057630475584,0-25%
4.0,8.796057630475584,4.796057630475584,4.796057630475584,0-25%
4.0,8.796057630475584,4.796057630475584,4.796057630475584,0-25%
4.0,8.90904782983424,4.90904782983424,4.90904782983424,0-25%
4.0,8.90904782983424,4.90904782983424,4.90904782983424,0-25%
4.0,8.90904782983424,4.90904782983424,4.90904782983424,0-25%
6.0,8.866111749516106,2.866111749516106,2.866111749516106,25-50%
6.0,8.866111749516106,2.866111749516106,2.866111749516106,25-50%
6.0,8.866111749516106,2.866111749516106,2.866111749516106,25-50%
6.0,8.830283550650607,2.8302835506506074,2.8302835506506074,25-50%
6.0,8.746625071641715,2.7466250716417147,2.7466250716417147,25-50%
6.0,8.528678054862537,2.528678054862537,2.528678054862537,25-50%
9.0,8.482644253374001,-0.5173557466259986,0.5173557466259986,50-75%
9.0,8.559917674768876,-0.4400823252311241,0.4400823252311241,50-75%
9.0,8.72776049697333,-0.27223950302667,0.27223950302667,50-75%
9.0,8.912815890939946,-0.08718410906005403,0.08718410906005403,50-75%
4.0,8.840703610583697,4.840703610583697,4.840703610583697,0-25%
4.0,8.796057630475584,4.796057630475584,4.796057630475584,0-25%
4.0,8.796057630475584,4.796057630475584,4.796057630475584,0-25%
4.0,8.796057630475584,4.796057630475584,4.796057630475584,0-25%
4.0,8.941985011729725,4.9419850117297255,4.9419850117297255,0-25%
4.0,8.941985011729725,4.9419850117297255,4.9419850117297255,0-25%
4.0,8.90904782983424,4.90904782983424,4.90904782983424,0-25%
6.0,8.866111749516106,2.866111749516106,2.866111749516106,25-50%
6.0,8.830283550650607,2.8302835506506074,2.8302835506506074,25-50%
6.0,8.830283550650607,2.8302835506506074,2.8302835506506074,25-50%
6.0,8.830283550650607,2.8302835506506074,2.8302835506506074,25-50%
6.0,8.812120316385585,2.8121203163855846,2.8121203163855846,25-50%
9.0,8.55263332569694,-0.4473666743030602,0.4473666743030602,50-75%
9.0,8.619069806473139,-0.3809301935268614,0.3809301935268614,50-75%
9.0,8.744726862002647,-0.25527313799735296,0.25527313799735296,50-75%
9.0,8.846648509992338,-0.1533514900076618,0.1533514900076618,50-75%
9.0,8.846648509992338,-0.1533514900076618,0.1533514900076618,50-75%
9.0,8.912815890939946,-0.08718410906005403,0.08718410906005403,50-75%
4.0,8.936597020790465,4.936597020790465,4.936597020790465,0-25%
4.0,8.87510325275856,4.87510325275856,4.87510325275856,0-25%
4.0,8.878094360482311,4.8780943604823115,4.8780943604823115,0-25%
4.0,8.874962206591036,4.874962206591036,4.874962206591036,0-25%
4.0,8.905881283618646,4.905881283618646,4.905881283618646,0-25%
4.0,8.888997579281229,4.888997579281229,4.888997579281229,0-25%
6.0,8.866111749516106,2.866111749516106,2.866111749516106,25-50%
6.0,8.830283550650607,2.8302835506506074,2.8302835506506074,25-50%
6.0,8.812120316385585,2.8121203163855846,2.8121203163855846,25-50%
6.0,8.746625071641715,2.7466250716417147,2.7466250716417147,25-50%
6.0,8.694678841892312,2.694678841892312,2.694678841892312,25-50%
9.0,8.445679744012917,-0.5543202559870828,0.5543202559870828,50-75%
9.0,8.706740722515917,-0.29325927748408276,0.29325927748408276,50-75%
9.0,8.846648509992338,-0.1533514900076618,0.1533514900076618,50-75%
9.0,8.846648509992338,-0.1533514900076618,0.1533514900076618,50-75%
4.0,8.701205251979134,4.701205251979134,4.701205251979134,0-25%
4.0,8.701205251979134,4.701205251979134,4.701205251979134,0-25%
4.0,8.764539220164437,4.764539220164437,4.764539220164437,0-25%
6.0,8.77789144937756,2.7778914493775595,2.7778914493775595,25-50%
6.0,8.830283550650607,2.8302835506506074,2.8302835506506074,25-50%
6.0,8.528678054862537,2.528678054862537,2.528678054862537,25-50%
6.0,8.528678054862537,2.528678054862537,2.528678054862537,25-50%
6.0,8.6457387559952,2.6457387559952004,2.6457387559952004,25-50%
9.0,8.652791248830772,-0.34720875116922834,0.34720875116922834,50-75%
9.0,8.846648509992338,-0.1533514900076618,0.1533514900076618,50-75%
6.0,8.812120316385585,2.8121203163855846,2.8121203163855846,25-50%
6.0,8.812120316385585,2.8121203163855846,2.8121203163855846,25-50%
6.0,8.481449244289635,2.481449244289635,2.481449244289635,25-50%
2.0,12.199845491294738,10.199845491294738,10.199845491294738,0-25%
2.0,12.199845491294738,10.199845491294738,10.199845491294738,0-25%
2.0,9.741137250106462,7.741137250106462,7.741137250106462,0-25%
2.0,9.741137250106462,7.741137250106462,7.741137250106462,0-25%
2.0,12.199845491294738,10.199845491294738,10.199845491294738,0-25%
2.0,11.199832933517412,9.199832933517412,9.199832933517412,0-25%
2.0,11.265202332009537,9.265202332009537,9.265202332009537,0-25%
3.0,8.510010024741248,5.5100100247412485,5.5100100247412485,0-25%
2.5,9.234699726040438,6.7346997260404375,6.7346997260404375,0-25%
2.5,9.180152222727529,6.6801522227275285,6.6801522227275285,0-25%
2.5,9.180152222727529,6.6801522227275285,6.6801522227275285,0-25%
2.5,9.180152222727529,6.6801522227275285,6.6801522227275285,0-25%
2.5,11.265202332009537,8.765202332009537,8.765202332009537,0-25%
2.0,11.199832933517412,9.199832933517412,9.199832933517412,0-25%
2.0,11.265202332009537,9.265202332009537,9.265202332009537,0-25%
3.0,8.428844906949683,5.428844906949683,5.428844906949683,0-25%
3.0,8.505138224905817,5.505138224905817,5.505138224905817,0-25%
2.5,8.522919533078118,6.0229195330781184,6.0229195330781184,0-25%
2.5,9.234699726040438,6.7346997260404375,6.7346997260404375,0-25%
2.5,9.193971425824897,6.693971425824897,6.693971425824897,0-25%
2.5,8.522919533078118,6.0229195330781184,6.0229195330781184,0-25%
2.5,8.522919533078118,6.0229195330781184,6.0229195330781184,0-25%
2.5,11.275560155749806,8.775560155749806,8.775560155749806,0-25%
2.0,11.193583187836472,9.193583187836472,9.193583187836472,0-25%
2.0,11.214401562166795,9.214401562166795,9.214401562166795,0-25%
3.0,8.589883231949404,5.589883231949404,5.589883231949404,0-25%
3.0,8.428844906949683,5.428844906949683,5.428844906949683,0-25%
2.5,8.378592338475189,5.878592338475189,5.878592338475189,0-25%
2.5,8.467313165687987,5.967313165687987,5.967313165687987,0-25%
2.5,8.365878483699762,5.8658784836997615,5.8658784836997615,0-25%
2.5,8.428844906949683,5.928844906949683,5.928844906949683,0-25%
2.0,8.330683990647806,6.330683990647806,6.330683990647806,0-25%
3.0,8.710141054464739,5.710141054464739,5.710141054464739,0-25%
3.0,8.710141054464739,5.710141054464739,5.710141054464739,0-25%
2.5,8.428844906949683,5.928844906949683,5.928844906949683,0-25%
2.5,8.428844906949683,5.928844906949683,5.928844906949683,0-25%
2.5,8.378592338475189,5.878592338475189,5.878592338475189,0-25%
2.5,8.377246378348323,5.877246378348323,5.877246378348323,0-25%
2.5,8.314653887961931,5.814653887961931,5.814653887961931,0-25%
2.0,8.271955046013705,6.271955046013705,6.271955046013705,0-25%
3.0,8.413052182396884,5.413052182396884,5.413052182396884,0-25%
3.0,8.596409961756631,5.596409961756631,5.596409961756631,0-25%
3.0,8.713599154250007,5.713599154250007,5.713599154250007,0-25%
2.5,8.648731124108183,6.148731124108183,6.148731124108183,0-25%
3.0,8.424796334979039,5.424796334979039,5.424796334979039,0-25%
3.0,8.632251068143647,5.632251068143647,5.632251068143647,0-25%
3.0,8.648731124108183,5.648731124108183,5.648731124108183,0-25%
9.0,8.71350025778894,-0.2864997422110598,0.2864997422110598,50-75%
9.0,8.3963074508411,-0.6036925491589002,0.6036925491589002,50-75%
9.0,8.776914493475708,-0.22308550652429204,0.22308550652429204,50-75%
9.0,8.480803286543807,-0.5191967134561928,0.5191967134561928,50-75%
9.0,8.80084843431193,-0.19915156568806935,0.19915156568806935,50-75%
9.0,8.71350025778894,-0.2864997422110598,0.2864997422110598,50-75%
9.0,8.457650904741271,-0.5423490952587287,0.5423490952587287,50-75%
9.0,8.457650904741271,-0.5423490952587287,0.5423490952587287,50-75%
9.0,8.457650904741271,-0.5423490952587287,0.5423490952587287,50-75%
9.0,8.457650904741271,-0.5423490952587287,0.5423490952587287,50-75%
9.0,8.532190651781244,-0.46780934821875597,0.46780934821875597,50-75%
9.0,8.457650904741271,-0.5423490952587287,0.5423490952587287,50-75%
9.0,8.457650904741271,-0.5423490952587287,0.5423490952587287,50-75%
9.0,8.49450150664411,-0.5054984933558906,0.5054984933558906,50-75%
9.0,8.457650904741271,-0.5423490952587287,0.5423490952587287,50-75%
9.0,8.457650904741271,-0.5423490952587287,0.5423490952587287,50-75%
9.0,8.457650904741271,-0.5423490952587287,0.5423490952587287,50-75%
9.0,8.457650904741271,-0.5423490952587287,0.5423490952587287,50-75%
9.0,8.3963074508411,-0.6036925491589002,0.6036925491589002,50-75%
9.0,8.3963074508411,-0.6036925491589002,0.6036925491589002,50-75%
9.0,8.3963074508411,-0.6036925491589002,0.6036925491589002,50-75%
9.0,8.3963074508411,-0.6036925491589002,0.6036925491589002,50-75%
9.0,8.3963074508411,-0.6036925491589002,0.6036925491589002,50-75%
2.0,10.237866849734617,8.237866849734617,8.237866849734617,0-25%
2.0,10.16316875002977,8.16316875002977,8.16316875002977,0-25%
2.0,9.775536791091852,7.775536791091852,7.775536791091852,0-25%
2.0,9.775536791091852,7.775536791091852,7.775536791091852,0-25%
2.0,10.374002525244453,8.374002525244453,8.374002525244453,0-25%
2.0,10.395056962586805,8.395056962586805,8.395056962586805,0-25%
2.0,10.395056962586805,8.395056962586805,8.395056962586805,0-25%
2.5,9.775536791091852,7.275536791091852,7.275536791091852,0-25%
2.5,9.775536791091852,7.275536791091852,7.275536791091852,0-25%
2.0,10.374002525244453,8.374002525244453,8.374002525244453,0-25%
2.0,10.43658825360559,8.43658825360559,8.43658825360559,0-25%
2.5,9.795483407394663,7.295483407394663,7.295483407394663,0-25%
2.5,9.703610806022082,7.203610806022082,7.203610806022082,0-25%
2.5,9.703610806022082,7.203610806022082,7.203610806022082,0-25%
2.5,9.484074049406642,6.984074049406642,6.984074049406642,0-25%
2.5,9.411956546357011,6.911956546357011,6.911956546357011,0-25%
3.0,9.411956546357011,6.411956546357011,6.411956546357011,0-25%
2.0,10.43658825360559,8.43658825360559,8.43658825360559,0-25%
2.0,10.375635089140523,8.375635089140523,8.375635089140523,0-25%
2.5,9.703610806022082,7.203610806022082,7.203610806022082,0-25%
2.5,9.431413593552318,6.931413593552318,6.931413593552318,0-25%
2.5,9.484074049406642,6.984074049406642,6.984074049406642,0-25%
2.5,9.503961799376608,7.003961799376608,7.003961799376608,0-25%
2.5,9.372893881810219,6.872893881810219,6.872893881810219,0-25%
3.0,9.372893881810219,6.372893881810219,6.372893881810219,0-25%
2.0,10.43658825360559,8.43658825360559,8.43658825360559,0-25%
2.0,10.43658825360559,8.43658825360559,8.43658825360559,0-25%
2.5,9.718106808332813,7.218106808332813,7.218106808332813,0-25%
2.5,9.834829447046157,7.3348294470461575,7.3348294470461575,0-25%
3.0,9.358964567767122,6.3589645677671225,6.3589645677671225,0-25%
2.0,9.703610806022082,7.703610806022082,7.703610806022082,0-25%
2.5,9.718140585967156,7.218140585967156,7.218140585967156,0-25%
2.5,9.703610806022082,7.203610806022082,7.203610806022082,0-25%
2.5,9.834829447046157,7.3348294470461575,7.3348294470461575,0-25%
3.0,9.777083454395896,6.777083454395896,6.777083454395896,0-25%
3.0,9.834829447046157,6.8348294470461575,6.8348294470461575,0-25%
3.0,9.795483407394663,6.795483407394663,6.795483407394663,0-25%
3.0,9.834829447046157,6.8348294470461575,6.8348294470461575,0-25%
3.0,9.834829447046157,6.8348294470461575,6.8348294470461575,0-25%
3.0,9.777083454395896,6.777083454395896,6.777083454395896,0-25%
3.0,9.777083454395896,6.777083454395896,6.777083454395896,0-25%
12.0,9.107362819979336,-2.892637180020664,2.892637180020664,50-75%
12.0,9.260574237076039,-2.739425762923961,2.739425762923961,50-75%
12.0,9.07205335933365,-2.9279466406663506,2.9279466406663506,50-75%
12.0,9.024530521163468,-2.9754694788365317,2.9754694788365317,50-75%
12.0,8.940371614371179,-3.0596283856288213,3.0596283856288213,50-75%
12.0,9.299936262505344,-2.7000637374946557,2.7000637374946557,50-75%
12.0,8.929004323017095,-3.070995676982905,3.070995676982905,50-75%
12.0,8.940371614371179,-3.0596283856288213,3.0596283856288213,50-75%
12.0,9.107362819979336,-2.892637180020664,2.892637180020664,50-75%
12.0,9.128326416599814,-2.8716735834001863,2.8716735834001863,50-75%
12.0,9.128326416599814,-2.8716735834001863,2.8716735834001863,50-75%
12.0,8.940371614371179,-3.0596283856288213,3.0596283856288213,50-75%
12.0,9.128326416599814,-2.8716735834001863,2.8716735834001863,50-75%
12.0,9.07205335933365,-2.9279466406663506,2.9279466406663506,50-75%
12.0,9.07205335933365,-2.9279466406663506,2.9279466406663506,50-75%
12.0,9.024530521163468,-2.9754694788365317,2.9754694788365317,50-75%
12.0,9.07205335933365,-2.9279466406663506,2.9279466406663506,50-75%
12.0,8.929004323017095,-3.070995676982905,3.070995676982905,50-75%
12.0,8.929004323017095,-3.070995676982905,3.070995676982905,50-75%
12.0,8.929004323017095,-3.070995676982905,3.070995676982905,50-75%
12.0,8.940371614371179,-3.0596283856288213,3.0596283856288213,50-75%
12.0,8.940371614371179,-3.0596283856288213,3.0596283856288213,50-75%
12.0,8.940371614371179,-3.0596283856288213,3.0596283856288213,50-75%
4.0,7.991511096837032,3.9915110968370318,3.9915110968370318,0-25%
4.0,8.299903982019865,4.299903982019865,4.299903982019865,0-25%
4.0,7.953714218955472,3.953714218955472,3.953714218955472,0-25%
4.0,8.0398394400008,4.039839440000801,4.039839440000801,0-25%
4.0,7.9512439698466455,3.9512439698466455,3.9512439698466455,0-25%
4.0,8.299903982019865,4.299903982019865,4.299903982019865,0-25%
4.0,8.287296799152159,4.287296799152159,4.287296799152159,0-25%
4.0,8.299903982019865,4.299903982019865,4.299903982019865,0-25%
4.0,8.186341299460844,4.186341299460844,4.186341299460844,0-25%
4.0,8.16207204082733,4.162072040827329,4.162072040827329,0-25%
4.0,8.191544580707701,4.191544580707701,4.191544580707701,0-25%
4.0,8.198811438743789,4.198811438743789,4.198811438743789,0-25%
4.0,8.299903982019865,4.299903982019865,4.299903982019865,0-25%
4.0,8.299903982019865,4.299903982019865,4.299903982019865,0-25%
4.0,8.299903982019865,4.299903982019865,4.299903982019865,0-25%
4.0,8.299903982019865,4.299903982019865,4.299903982019865,0-25%
4.0,8.299903982019865,4.299903982019865,4.299903982019865,0-25%
4.0,8.191544580707701,4.191544580707701,4.191544580707701,0-25%
3.0,7.9512439698466455,4.9512439698466455,4.9512439698466455,0-25%
3.0,7.713819562672572,4.713819562672572,4.713819562672572,0-25%
4.0,8.299903982019865,4.299903982019865,4.299903982019865,0-25%
4.0,8.299903982019865,4.299903982019865,4.299903982019865,0-25%
4.0,8.299903982019865,4.299903982019865,4.299903982019865,0-25%
4.0,8.299903982019865,4.299903982019865,4.299903982019865,0-25%
3.0,8.238190053716503,5.238190053716503,5.238190053716503,0-25%
3.0,8.238190053716503,5.238190053716503,5.238190053716503,0-25%
2.0,8.191544580707701,6.191544580707701,6.191544580707701,0-25%
3.0,8.091629934266656,5.091629934266656,5.091629934266656,0-25%
3.0,8.091629934266656,5.091629934266656,5.091629934266656,0-25%
3.0,8.055318611647586,5.055318611647586,5.055318611647586,0-25%
3.0,7.713819562672572,4.713819562672572,4.713819562672572,0-25%
4.0,8.003716760886142,4.003716760886142,4.003716760886142,0-25%
4.0,7.78264525966951,3.7826452596695104,3.7826452596695104,0-25%
3.0,7.746168045814045,4.746168045814045,4.746168045814045,0-25%
3.0,7.984473848268065,4.984473848268065,4.984473848268065,0-25%
3.0,8.137768358008294,5.1377683580082945,5.1377683580082945,0-25%
2.0,8.188953611412462,6.188953611412462,6.188953611412462,0-25%
2.0,8.191544580707701,6.191544580707701,6.191544580707701,0-25%
2.0,8.091629934266656,6.091629934266656,6.091629934266656,0-25%
3.0,7.9512439698466455,4.9512439698466455,4.9512439698466455,0-25%
3.0,7.903536853549179,4.903536853549179,4.903536853549179,0-25%
3.0,7.713819562672572,4.713819562672572,4.713819562672572,0-25%
3.0,7.384252086084608,4.384252086084608,4.384252086084608,0-25%
4.0,7.88747497758058,3.88747497758058,3.88747497758058,0-25%
3.0,7.88747497758058,4.88747497758058,4.88747497758058,0-25%
3.0,7.88747497758058,4.88747497758058,4.88747497758058,0-25%
2.0,7.823553666739825,5.823553666739825,5.823553666739825,0-25%
2.0,8.137768358008294,6.1377683580082945,6.1377683580082945,0-25%
2.0,8.238190053716503,6.238190053716503,6.238190053716503,0-25%
2.0,8.043174608049576,6.043174608049576,6.043174608049576,0-25%
2.0,8.091629934266656,6.091629934266656,6.091629934266656,0-25%
3.0,7.702006890529375,4.702006890529375,4.702006890529375,0-25%
3.0,7.713819562672572,4.713819562672572,4.713819562672572,0-25%
3.0,7.8208696510139895,4.8208696510139895,4.8208696510139895,0-25%
3.0,7.744367481547195,4.744367481547195,4.744367481547195,0-25%
2.0,7.6600448185574415,5.6600448185574415,5.6600448185574415,0-25%
2.0,7.996669959496638,5.996669959496638,5.996669959496638,0-25%
2.0,8.101272761809929,6.101272761809929,6.101272761809929,0-25%
2.0,8.055318611647586,6.055318611647586,6.055318611647586,0-25%
3.0,8.055318611647586,5.055318611647586,5.055318611647586,0-25%
3.0,7.65052164774008,4.65052164774008,4.65052164774008,0-25%
3.0,7.713819562672572,4.713819562672572,4.713819562672572,0-25%
3.0,7.65052164774008,4.65052164774008,4.65052164774008,0-25%
2.0,7.645189356669362,5.645189356669362,5.645189356669362,0-25%
2.0,7.788743609384911,5.788743609384911,5.788743609384911,0-25%
2.0,7.788743609384911,5.788743609384911,5.788743609384911,0-25%
2.0,7.996669959496638,5.996669959496638,5.996669959496638,0-25%
3.0,7.9512439698466455,4.9512439698466455,4.9512439698466455,0-25%
3.0,7.9512439698466455,4.9512439698466455,4.9512439698466455,0-25%
3.0,7.65052164774008,4.65052164774008,4.65052164774008,0-25%
3.0,7.50972756810565,4.50972756810565,4.50972756810565,0-25%
2.0,7.746168045814045,5.746168045814045,5.746168045814045,0-25%
3.0,7.65052164774008,4.65052164774008,4.65052164774008,0-25%
2.0,7.645189356669362,5.645189356669362,5.645189356669362,0-25%
2.0,8.406030014107673,6.406030014107673,6.406030014107673,0-25%
2.0,8.406030014107673,6.406030014107673,6.406030014107673,0-25%
2.0,8.406030014107673,6.406030014107673,6.406030014107673,0-25%
2.0,8.406030014107673,6.406030014107673,6.406030014107673,0-25%
2.0,8.406030014107673,6.406030014107673,6.406030014107673,0-25%
8.0,8.392219737472887,0.3922197374728871,0.3922197374728871,25-50%
8.0,8.350982190630766,0.3509821906307664,0.3509821906307664,25-50%
8.0,8.350982190630766,0.3509821906307664,0.3509821906307664,25-50%
8.0,8.350982190630766,0.3509821906307664,0.3509821906307664,25-50%
5.0,8.24334993127844,3.2433499312784395,3.2433499312784395,0-25%
2.0,8.456429599706246,6.4564295997062455,6.4564295997062455,0-25%
2.0,8.406030014107673,6.406030014107673,6.406030014107673,0-25%
2.0,8.509263136762977,6.509263136762977,6.509263136762977,0-25%
2.0,8.406030014107673,6.406030014107673,6.406030014107673,0-25%
2.0,8.29163503412758,6.29163503412758,6.29163503412758,0-25%
2.0,7.9549727387009135,5.9549727387009135,5.9549727387009135,0-25%
8.0,8.601999025336756,0.601999025336756,0.601999025336756,25-50%
8.0,8.392219737472887,0.3922197374728871,0.3922197374728871,25-50%
8.0,8.301144604216327,0.3011446042163275,0.3011446042163275,25-50%
8.0,8.301144604216327,0.3011446042163275,0.3011446042163275,25-50%
5.0,8.292877841074635,3.2928778410746347,3.2928778410746347,0-25%
5.0,8.344797606415598,3.3447976064155984,3.3447976064155984,0-25%
5.0,8.292877841074635,3.2928778410746347,3.2928778410746347,0-25%
2.0,8.343245394883894,6.343245394883894,6.343245394883894,0-25%
2.0,8.254548051112058,6.254548051112058,6.254548051112058,0-25%
2.0,8.090715769578033,6.090715769578033,6.090715769578033,0-25%
2.0,7.923689083099342,5.923689083099342,5.923689083099342,0-25%
2.0,7.8904408719419905,5.8904408719419905,5.8904408719419905,0-25%
8.0,8.601999025336756,0.601999025336756,0.601999025336756,25-50%
8.0,8.301144604216327,0.3011446042163275,0.3011446042163275,25-50%
8.0,8.403226587829142,0.4032265878291419,0.4032265878291419,25-50%
8.0,8.243509426422882,0.2435094264228823,0.2435094264228823,25-50%
5.0,8.050373708645584,3.0503737086455835,3.0503737086455835,0-25%
5.0,8.137114206794802,3.137114206794802,3.137114206794802,0-25%
5.0,8.002138264219273,3.0021382642192727,3.0021382642192727,0-25%
2.0,8.254548051112058,6.254548051112058,6.254548051112058,0-25%
2.0,8.125589937146522,6.125589937146522,6.125589937146522,0-25%
2.0,7.805721690874229,5.805721690874229,5.805721690874229,0-25%
4.0,8.707522495240413,4.707522495240413,4.707522495240413,0-25%
4.0,8.75953754412024,4.75953754412024,4.75953754412024,0-25%
4.0,8.707522495240413,4.707522495240413,4.707522495240413,0-25%
4.0,8.601999025336756,4.601999025336756,4.601999025336756,0-25%
8.0,8.504387518683174,0.5043875186831741,0.5043875186831741,25-50%
8.0,8.1578428278451,0.15784282784509962,0.15784282784509962,25-50%
8.0,7.930166939606248,-0.06983306039375226,0.06983306039375226,25-50%
8.0,7.930166939606248,-0.06983306039375226,0.06983306039375226,25-50%
8.0,7.8892592316027566,-0.11074076839724345,0.11074076839724345,25-50%
5.0,7.890155903817742,2.8901559038177416,2.8901559038177416,0-25%
5.0,8.100938591477032,3.100938591477032,3.100938591477032,0-25%
2.0,8.141506045487148,6.141506045487148,6.141506045487148,0-25%
2.0,7.9549727387009135,5.9549727387009135,5.9549727387009135,0-25%
2.0,7.97354617269998,5.97354617269998,5.97354617269998,0-25%
5.0,7.775571308958968,2.775571308958968,2.775571308958968,0-25%
8.0,7.493786638989375,-0.5062133610106248,0.5062133610106248,25-50%
4.0,8.088835574578601,4.088835574578601,4.088835574578601,0-25%
4.0,8.772785777398862,4.7727857773988625,4.7727857773988625,0-25%
4.0,8.636995201063886,4.636995201063886,4.636995201063886,0-25%
4.0,8.653448656166026,4.6534486561660255,4.6534486561660255,0-25%
4.0,8.614893469574067,4.614893469574067,4.614893469574067,0-25%
4.0,8.504387518683174,4.504387518683174,4.504387518683174,0-25%
8.0,8.284629422423905,0.28462942242390454,0.28462942242390454,25-50%
8.0,7.830441164305259,-0.16955883569474128,0.16955883569474128,25-50%
8.0,7.748661179596659,-0.2513388204033413,0.2513388204033413,25-50%
8.0,7.781379167200779,-0.21862083279922118,0.21862083279922118,25-50%
8.0,7.781379167200779,-0.21862083279922118,0.21862083279922118,25-50%
8.0,7.781379167200779,-0.21862083279922118,0.21862083279922118,25-50%
5.0,7.806335710091727,2.8063357100917274,2.8063357100917274,0-25%
2.0,7.9549727387009135,5.9549727387009135,5.9549727387009135,0-25%
2.0,7.97354617269998,5.97354617269998,5.97354617269998,0-25%
5.0,7.726814169180869,2.7268141691808694,2.7268141691808694,0-25%
5.0,7.726814169180869,2.7268141691808694,2.7268141691808694,0-25%
8.0,7.660145931248632,-0.33985406875136803,0.33985406875136803,25-50%
4.0,8.088835574578601,4.088835574578601,4.088835574578601,0-25%
4.0,7.8373163057537,3.8373163057537,3.8373163057537,0-25%
4.0,8.614893469574067,4.614893469574067,4.614893469574067,0-25%
4.0,8.45373233352484,4.45373233352484,4.45373233352484,0-25%
4.0,8.34812528789158,4.34812528789158,4.34812528789158,0-25%
4.0,8.284629422423905,4.2846294224239045,4.2846294224239045,0-25%
8.0,7.5806015309939605,-0.4193984690060395,0.4193984690060395,25-50%
8.0,7.5806015309939605,-0.4193984690060395,0.4193984690060395,25-50%
8.0,7.748661179596659,-0.2513388204033413,0.2513388204033413,25-50%
8.0,7.781379167200779,-0.21862083279922118,0.21862083279922118,25-50%
8.0,7.781379167200779,-0.21862083279922118,0.21862083279922118,25-50%
8.0,7.692532892111772,-0.30746710788822806,0.30746710788822806,25-50%
8.0,7.577621286881651,-0.4223787131183494,0.4223787131183494,25-50%
8.0,7.577621286881651,-0.4223787131183494,0.4223787131183494,25-50%
8.0,7.577621286881651,-0.4223787131183494,0.4223787131183494,25-50%
8.0,7.493786638989375,-0.5062133610106248,0.5062133610106248,25-50%
8.0,7.493786638989375,-0.5062133610106248,0.5062133610106248,25-50%
4.0,8.040395141357742,4.040395141357742,4.040395141357742,0-25%
4.0,7.954131834319998,3.9541318343199983,3.9541318343199983,0-25%
4.0,7.8512201529909085,3.8512201529909085,3.8512201529909085,0-25%
4.0,7.616448795549392,3.616448795549392,3.616448795549392,0-25%
4.0,7.710478502846789,3.7104785028467893,3.7104785028467893,0-25%
4.0,8.331849438581468,4.331849438581468,4.331849438581468,0-25%
4.0,8.22969710554165,4.22969710554165,4.22969710554165,0-25%
8.0,7.493786638989375,-0.5062133610106248,0.5062133610106248,25-50%
8.0,7.493786638989375,-0.5062133610106248,0.5062133610106248,25-50%
8.0,7.493786638989375,-0.5062133610106248,0.5062133610106248,25-50%
8.0,7.493786638989375,-0.5062133610106248,0.5062133610106248,25-50%
8.0,7.4908821928103055,-0.5091178071896945,0.5091178071896945,25-50%
4.0,7.930001364644454,3.930001364644454,3.930001364644454,0-25%
4.0,7.604768121657948,3.6047681216579477,3.6047681216579477,0-25%
4.0,7.520037254774296,3.520037254774296,3.520037254774296,0-25%
4.0,7.553858190022374,3.553858190022374,3.553858190022374,0-25%
4.0,7.553858190022374,3.553858190022374,3.553858190022374,0-25%
4.0,8.112010045131102,4.112010045131102,4.112010045131102,0-25%
8.0,7.4908821928103055,-0.5091178071896945,0.5091178071896945,25-50%
4.0,7.894335575024246,3.894335575024246,3.894335575024246,0-25%
4.0,7.604768121657948,3.6047681216579477,3.6047681216579477,0-25%
4.0,7.445356668651595,3.445356668651595,3.445356668651595,0-25%
4.0,7.445356668651595,3.445356668651595,3.445356668651595,0-25%
4.0,7.445356668651595,3.445356668651595,3.445356668651595,0-25%
4.0,7.394409756969683,3.394409756969683,3.394409756969683,0-25%
4.0,8.084926775716852,4.084926775716852,4.084926775716852,0-25%
4.0,8.06686693969111,4.06686693969111,4.06686693969111,0-25%
4.0,8.45275463060279,4.45275463060279,4.45275463060279,0-25%
4.0,8.397659797087497,4.397659797087497,4.397659797087497,0-25%
4.0,8.397659797087497,4.397659797087497,4.397659797087497,0-25%
4.0,8.289650557535072,4.289650557535072,4.289650557535072,0-25%
9.0,8.669301441633142,-0.33069855836685846,0.33069855836685846,50-75%
9.0,8.669301441633142,-0.33069855836685846,0.33069855836685846,50-75%
9.0,8.556637943456396,-0.44336205654360406,0.44336205654360406,50-75%
9.0,8.556637943456396,-0.44336205654360406,0.44336205654360406,50-75%
4.0,8.556637943456396,4.556637943456396,4.556637943456396,0-25%
4.0,8.556637943456396,4.556637943456396,4.556637943456396,0-25%
4.0,8.518524835478066,4.5185248354780665,4.5185248354780665,0-25%
4.0,8.518524835478066,4.5185248354780665,4.5185248354780665,0-25%
4.0,8.45275463060279,4.45275463060279,4.45275463060279,0-25%
4.0,8.340785614585794,4.340785614585794,4.340785614585794,0-25%
4.0,8.084926775716852,4.084926775716852,4.084926775716852,0-25%
9.0,8.669301441633142,-0.33069855836685846,0.33069855836685846,50-75%
9.0,8.669301441633142,-0.33069855836685846,0.33069855836685846,50-75%
9.0,8.605136201103107,-0.3948637988968926,0.3948637988968926,50-75%
9.0,8.605136201103107,-0.3948637988968926,0.3948637988968926,50-75%
9.0,8.556637943456396,-0.44336205654360406,0.44336205654360406,50-75%
6.5,8.556637943456396,2.056637943456396,2.056637943456396,25-50%
6.5,8.45275463060279,1.95275463060279,1.95275463060279,25-50%
4.0,8.45275463060279,4.45275463060279,4.45275463060279,0-25%
4.0,8.45275463060279,4.45275463060279,4.45275463060279,0-25%
4.0,8.449389393038507,4.449389393038507,4.449389393038507,0-25%
9.0,8.105215821527752,-0.8947841784722481,0.8947841784722481,50-75%
9.0,8.16854061117113,-0.8314593888288702,0.8314593888288702,50-75%
9.0,8.375461596089464,-0.6245384039105364,0.6245384039105364,50-75%
9.0,8.500725698697927,-0.49927430130207284,0.49927430130207284,50-75%
9.0,8.553944059391558,-0.4460559406084421,0.4460559406084421,50-75%
7.333333333333332,8.556637943456396,1.2233046101230638,1.2233046101230638,25-50%
7.333333333333332,8.45275463060279,1.119421297269458,1.119421297269458,25-50%
6.5,8.449389393038507,1.9493893930385067,1.9493893930385067,25-50%
6.5,8.340785614585794,1.8407856145857941,1.8407856145857941,25-50%
9.0,7.69044581409552,-1.3095541859044797,1.3095541859044797,50-75%
9.0,7.69044581409552,-1.3095541859044797,1.3095541859044797,50-75%
9.0,7.69044581409552,-1.3095541859044797,1.3095541859044797,50-75%
9.0,8.034014928797578,-0.9659850712024216,0.9659850712024216,50-75%
9.0,8.500725698697927,-0.49927430130207284,0.49927430130207284,50-75%
9.0,8.605136201103107,-0.3948637988968926,0.3948637988968926,50-75%
7.333333333333332,8.402374631352105,1.0690412980187727,1.0690412980187727,25-50%
6.5,8.45275463060279,1.95275463060279,1.95275463060279,25-50%
6.5,8.07261102133674,1.5726110213367406,1.5726110213367406,25-50%
9.0,8.069214883953306,-0.9307851160466942,0.9307851160466942,50-75%
9.0,8.38818845960715,-0.6118115403928499,0.6118115403928499,50-75%
9.0,8.445351268587405,-0.5546487314125947,0.5546487314125947,50-75%
9.0,8.449389393038507,-0.5506106069614933,0.5506106069614933,50-75%
9.0,8.449389393038507,-0.5506106069614933,0.5506106069614933,50-75%
9.0,8.009948793092658,-0.9900512069073422,0.9900512069073422,50-75%
9.0,8.034014928797578,-0.9659850712024216,0.9659850712024216,50-75%
9.0,8.16273579426473,-0.8372642057352699,0.8372642057352699,50-75%
9.0,8.16273579426473,-0.8372642057352699,0.8372642057352699,50-75%
9.0,8.38818845960715,-0.6118115403928499,0.6118115403928499,50-75%
9.0,8.340785614585794,-0.6592143854142059,0.6592143854142059,50-75%
9.0,8.340785614585794,-0.6592143854142059,0.6592143854142059,50-75%
9.0,8.009948793092658,-0.9900512069073422,0.9900512069073422,50-75%
9.0,8.068733910247682,-0.9312660897523184,0.9312660897523184,50-75%
9.0,8.163041714088749,-0.8369582859112512,0.8369582859112512,50-75%
9.0,8.131031182107167,-0.8689688178928332,0.8689688178928332,50-75%
9.0,8.084926775716852,-0.9150732242831481,0.9150732242831481,50-75%
5.0,9.639952882425066,4.6399528824250655,4.6399528824250655,0-25%
5.0,9.639952882425066,4.6399528824250655,4.6399528824250655,0-25%
5.0,9.583074260765823,4.583074260765823,4.583074260765823,0-25%
5.0,9.583074260765823,4.583074260765823,4.583074260765823,0-25%
5.0,9.512845246851185,4.512845246851185,4.512845246851185,0-25%
5.0,9.512845246851185,4.512845246851185,4.512845246851185,0-25%
5.0,9.446409515181726,4.446409515181726,4.446409515181726,0-25%
5.0,8.969093814948025,3.9690938149480246,3.9690938149480246,0-25%
5.0,9.03842668757188,4.03842668757188,4.03842668757188,0-25%
5.0,9.321138949295143,4.321138949295143,4.321138949295143,0-25%
5.0,9.474668473699912,4.4746684736999125,4.4746684736999125,0-25%
5.0,9.456815321569483,4.456815321569483,4.456815321569483,0-25%
5.0,9.492477554538361,4.492477554538361,4.492477554538361,0-25%
5.0,8.56610967764623,3.5661096776462298,3.5661096776462298,0-25%
5.0,8.51497156273931,3.5149715627393103,3.5149715627393103,0-25%
5.0,8.51497156273931,3.5149715627393103,3.5149715627393103,0-25%
5.0,8.51497156273931,3.5149715627393103,3.5149715627393103,0-25%
5.0,8.891137576101173,3.8911375761011726,3.8911375761011726,0-25%
5.0,9.474668473699912,4.4746684736999125,4.4746684736999125,0-25%
5.0,8.56610967764623,3.5661096776462298,3.5661096776462298,0-25%
5.0,8.929677206803802,3.9296772068038024,3.9296772068038024,0-25%
5.0,9.335149536977518,4.335149536977518,4.335149536977518,0-25%
5.0,8.891137576101173,3.8911375761011726,3.8911375761011726,0-25%
7.0,8.478605748247876,1.478605748247876,1.478605748247876,25-50%
7.0,8.467474969462414,1.4674749694624136,1.4674749694624136,25-50%
7.0,8.467474969462414,1.4674749694624136,1.4674749694624136,25-50%
7.0,8.518203790698376,1.5182037906983759,1.5182037906983759,25-50%
9.0,9.259181091487825,0.2591810914878252,0.2591810914878252,50-75%
9.0,9.443587503783686,0.44358750378368583,0.44358750378368583,50-75%
7.0,8.428087971244725,1.4280879712447252,1.4280879712447252,25-50%
7.0,8.51315219545523,1.5131521954552305,1.5131521954552305,25-50%
7.0,8.582773158155396,1.5827731581553959,1.5827731581553959,25-50%
7.0,8.428087971244725,1.4280879712447252,1.4280879712447252,25-50%
7.0,8.428087971244725,1.4280879712447252,1.4280879712447252,25-50%
7.0,8.467474969462414,1.4674749694624136,1.4674749694624136,25-50%
7.0,8.467474969462414,1.4674749694624136,1.4674749694624136,25-50%
9.0,9.550051559026087,0.5500515590260875,0.5500515590260875,50-75%
9.0,9.726963493270148,0.7269634932701479,0.7269634932701479,50-75%
9.0,9.117562825422311,0.11756282542231133,0.11756282542231133,50-75%
7.0,8.582773158155396,1.5827731581553959,1.5827731581553959,25-50%
7.0,8.582773158155396,1.5827731581553959,1.5827731581553959,25-50%
7.0,8.478605748247876,1.478605748247876,1.478605748247876,25-50%
7.0,8.478605748247876,1.478605748247876,1.478605748247876,25-50%
7.0,8.467474969462414,1.4674749694624136,1.4674749694624136,25-50%
7.0,8.467474969462414,1.4674749694624136,1.4674749694624136,25-50%
7.0,8.467474969462414,1.4674749694624136,1.4674749694624136,25-50%
7.0,8.467474969462414,1.4674749694624136,1.4674749694624136,25-50%
9.0,9.484677443988799,0.4846774439887991,0.4846774439887991,50-75%
9.0,9.726963493270148,0.7269634932701479,0.7269634932701479,50-75%
9.0,9.669792389832903,0.669792389832903,0.669792389832903,50-75%
9.0,9.726963493270148,0.7269634932701479,0.7269634932701479,50-75%
9.0,9.610358416135924,0.6103584161359237,0.6103584161359237,50-75%
9.0,9.726963493270148,0.7269634932701479,0.7269634932701479,50-75%
9.0,9.726963493270148,0.7269634932701479,0.7269634932701479,50-75%
7.0,8.478605748247876,1.478605748247876,1.478605748247876,25-50%
7.0,8.478605748247876,1.478605748247876,1.478605748247876,25-50%
7.0,8.518203790698376,1.5182037906983759,1.5182037906983759,25-50%
7.0,8.518203790698376,1.5182037906983759,1.5182037906983759,25-50%
7.0,8.467474969462414,1.4674749694624136,1.4674749694624136,25-50%
7.0,8.467474969462414,1.4674749694624136,1.4674749694624136,25-50%
7.0,8.467474969462414,1.4674749694624136,1.4674749694624136,25-50%
7.0,8.467474969462414,1.4674749694624136,1.4674749694624136,25-50%
9.0,9.669792389832903,0.669792389832903,0.669792389832903,50-75%
9.0,9.726963493270148,0.7269634932701479,0.7269634932701479,50-75%
9.0,9.726963493270148,0.7269634932701479,0.7269634932701479,50-75%
9.0,9.669792389832903,0.669792389832903,0.669792389832903,50-75%
9.0,9.669792389832903,0.669792389832903,0.669792389832903,50-75%
9.0,9.726963493270148,0.7269634932701479,0.7269634932701479,50-75%
9.0,9.726963493270148,0.7269634932701479,0.7269634932701479,50-75%
9.0,9.553808778496556,0.5538087784965562,0.5538087784965562,50-75%
7.0,8.518203790698376,1.5182037906983759,1.5182037906983759,25-50%
7.0,8.518203790698376,1.5182037906983759,1.5182037906983759,25-50%
7.0,8.518203790698376,1.5182037906983759,1.5182037906983759,25-50%
7.0,8.467474969462414,1.4674749694624136,1.4674749694624136,25-50%
7.0,8.518203790698376,1.5182037906983759,1.5182037906983759,25-50%
7.0,8.467474969462414,1.4674749694624136,1.4674749694624136,25-50%
7.0,8.518203790698376,1.5182037906983759,1.5182037906983759,25-50%
7.0,8.467474969462414,1.4674749694624136,1.4674749694624136,25-50%
9.0,9.726963493270148,0.7269634932701479,0.7269634932701479,50-75%
9.0,9.669792389832903,0.669792389832903,0.669792389832903,50-75%
9.0,9.669792389832903,0.669792389832903,0.669792389832903,50-75%
9.0,9.726963493270148,0.7269634932701479,0.7269634932701479,50-75%
9.0,9.726963493270148,0.7269634932701479,0.7269634932701479,50-75%
9.0,9.669792389832903,0.669792389832903,0.669792389832903,50-75%
9.0,9.669792389832903,0.669792389832903,0.669792389832903,50-75%
9.0,9.553808778496556,0.5538087784965562,0.5538087784965562,50-75%
7.0,8.467474969462414,1.4674749694624136,1.4674749694624136,25-50%
7.0,8.518203790698376,1.5182037906983759,1.5182037906983759,25-50%
7.0,8.518203790698376,1.5182037906983759,1.5182037906983759,25-50%
7.0,8.518203790698376,1.5182037906983759,1.5182037906983759,25-50%
7.0,8.358663329755029,1.3586633297550286,1.3586633297550286,25-50%
7.0,8.40880911420062,1.4088091142006203,1.4088091142006203,25-50%
9.0,9.726963493270148,0.7269634932701479,0.7269634932701479,50-75%
9.0,9.726963493270148,0.7269634932701479,0.7269634932701479,50-75%
9.0,9.726963493270148,0.7269634932701479,0.7269634932701479,50-75%
9.0,9.726963493270148,0.7269634932701479,0.7269634932701479,50-75%
9.0,9.669792389832903,0.669792389832903,0.669792389832903,50-75%
9.0,9.669792389832903,0.669792389832903,0.669792389832903,50-75%
9.0,9.669792389832903,0.669792389832903,0.669792389832903,50-75%
9.0,9.553808778496556,0.5538087784965562,0.5538087784965562,50-75%
9.0,9.610358416135924,0.6103584161359237,0.6103584161359237,50-75%
9.0,9.610358416135924,0.6103584161359237,0.6103584161359237,50-75%
6.0,9.260545699841561,3.260545699841561,3.260545699841561,25-50%
6.0,8.450717873550104,2.4507178735501043,2.4507178735501043,25-50%
6.0,8.450717873550104,2.4507178735501043,2.4507178735501043,25-50%
6.0,9.482916389239726,3.482916389239726,3.482916389239726,25-50%
6.0,8.450717873550104,2.4507178735501043,2.4507178735501043,25-50%
6.0,9.482916389239726,3.482916389239726,3.482916389239726,25-50%
6.0,9.599847437843797,3.5998474378437972,3.5998474378437972,25-50%
6.0,9.528794193182616,3.528794193182616,3.528794193182616,25-50%
6.0,9.528794193182616,3.528794193182616,3.528794193182616,25-50%
6.0,8.450717873550104,2.4507178735501043,2.4507178735501043,25-50%
6.0,8.22264588712565,2.2226458871256494,2.2226458871256494,25-50%
6.0,8.22264588712565,2.2226458871256494,2.2226458871256494,25-50%
6.0,8.159501970525435,2.159501970525435,2.159501970525435,25-50%
6.0,8.159501970525435,2.159501970525435,2.159501970525435,25-50%
6.0,8.450717873550104,2.4507178735501043,2.4507178735501043,25-50%
4.0,8.26600746082444,4.26600746082444,4.26600746082444,0-25%
4.0,8.220533258021584,4.220533258021584,4.220533258021584,0-25%
4.0,8.297936228133915,4.297936228133915,4.297936228133915,0-25%
4.0,8.267863256036234,4.267863256036234,4.267863256036234,0-25%
4.0,8.449374757482891,4.449374757482891,4.449374757482891,0-25%
4.0,8.449374757482891,4.449374757482891,4.449374757482891,0-25%
4.0,8.27733230824683,4.27733230824683,4.27733230824683,0-25%
4.0,8.41392342279041,4.413923422790409,4.413923422790409,0-25%
4.0,8.449374757482891,4.449374757482891,4.449374757482891,0-25%
4.0,8.449374757482891,4.449374757482891,4.449374757482891,0-25%
4.0,8.449374757482891,4.449374757482891,4.449374757482891,0-25%
4.0,8.449374757482891,4.449374757482891,4.449374757482891,0-25%
4.0,8.267863256036234,4.267863256036234,4.267863256036234,0-25%
4.0,8.449374757482891,4.449374757482891,4.449374757482891,0-25%
14.0,7.888483870307255,-6.111516129692745,6.111516129692745,50-75%
14.0,7.876434418852027,-6.123565581147973,6.123565581147973,50-75%
14.0,7.888483870307255,-6.111516129692745,6.111516129692745,50-75%
14.0,7.747305768817186,-6.252694231182814,6.252694231182814,50-75%
14.0,7.7969164431721945,-6.2030835568278055,6.2030835568278055,50-75%
14.0,7.684833090963764,-6.315166909036236,6.315166909036236,50-75%
14.0,7.791863578091873,-6.208136421908127,6.208136421908127,50-75%
14.0,7.888483870307255,-6.111516129692745,6.111516129692745,50-75%
14.0,8.401138097071536,-5.598861902928464,5.598861902928464,50-75%
14.0,8.161066069367344,-5.838933930632656,5.838933930632656,50-75%
14.0,7.7969164431721945,-6.2030835568278055,6.2030835568278055,50-75%
14.0,7.691254151440017,-6.308745848559983,6.308745848559983,50-75%
11.5,8.13675486599686,-3.36324513400314,3.36324513400314,50-75%
11.5,8.6989495868392,-2.8010504131608,2.8010504131608,50-75%
11.5,8.674411034543102,-2.825588965456898,2.825588965456898,50-75%
14.0,8.161066069367344,-5.838933930632656,5.838933930632656,50-75%
11.5,8.141029441093563,-3.358970558906437,3.358970558906437,50-75%
11.5,8.012727245743868,-3.487272754256132,3.487272754256132,50-75%
11.5,8.667115239861884,-2.832884760138116,2.832884760138116,50-75%
9.0,9.687359031847322,0.6873590318473219,0.6873590318473219,50-75%
9.0,9.687359031847322,0.6873590318473219,0.6873590318473219,50-75%
11.5,8.279682871733963,-3.2203171282660374,3.2203171282660374,50-75%
11.5,8.133984958203374,-3.3660150417966257,3.3660150417966257,50-75%
11.5,8.11742255916013,-3.3825774408398708,3.3825774408398708,50-75%
9.0,9.593096331093244,0.5930963310932444,0.5930963310932444,50-75%
9.0,9.544590720638794,0.5445907206387943,0.5445907206387943,50-75%
9.0,9.687359031847322,0.6873590318473219,0.6873590318473219,50-75%
9.0,9.687359031847322,0.6873590318473219,0.6873590318473219,50-75%
11.5,8.133984958203374,-3.3660150417966257,3.3660150417966257,50-75%
11.5,8.066766091281037,-3.4332339087189627,3.4332339087189627,50-75%
9.0,9.652280481057382,0.6522804810573817,0.6522804810573817,50-75%
9.0,9.63039900685385,0.6303990068538496,0.6303990068538496,50-75%
9.0,9.660319782270642,0.6603197822706424,0.6603197822706424,50-75%
9.0,9.062019132012086,0.062019132012085976,0.062019132012085976,50-75%
9.0,9.051536778739727,0.051536778739727396,0.051536778739727396,50-75%
9.0,9.593096331093244,0.5930963310932444,0.5930963310932444,50-75%
9.0,9.436265866011004,0.4362658660110039,0.4362658660110039,50-75%
9.0,9.652280481057382,0.6522804810573817,0.6522804810573817,50-75%
9.0,9.051536778739727,0.051536778739727396,0.051536778739727396,50-75%
9.0,9.298922222295888,0.2989222222958876,0.2989222222958876,50-75%
9.0,9.043581784431376,0.04358178443137639,0.04358178443137639,50-75%
4.0,8.458303383528161,4.458303383528161,4.458303383528161,0-25%
4.0,8.458303383528161,4.458303383528161,4.458303383528161,0-25%
4.0,8.458303383528161,4.458303383528161,4.458303383528161,0-25%
3.0,8.049999223764786,5.049999223764786,5.049999223764786,0-25%
3.5,8.078764450159165,4.578764450159165,4.578764450159165,0-25%
3.5,8.091808791274971,4.591808791274971,4.591808791274971,0-25%
4.0,8.439898200026105,4.439898200026105,4.439898200026105,0-25%
4.0,8.508983061381667,4.508983061381667,4.508983061381667,0-25%
4.0,8.458303383528161,4.458303383528161,4.458303383528161,0-25%
4.0,8.3773807636421,4.377380763642099,4.377380763642099,0-25%
3.5,8.516155674773982,5.016155674773982,5.016155674773982,0-25%
3.5,8.733976680239063,5.2339766802390635,5.2339766802390635,0-25%
3.5,8.682097862156871,5.182097862156871,5.182097862156871,0-25%
4.0,9.118109749705397,5.118109749705397,5.118109749705397,0-25%
4.0,9.184242237015678,5.1842422370156775,5.1842422370156775,0-25%
4.0,8.501199094435663,4.501199094435663,4.501199094435663,0-25%
3.5,8.684483841408067,5.184483841408067,5.184483841408067,0-25%
4.333333333333333,8.555844238246847,4.222510904913514,4.222510904913514,0-25%
4.333333333333333,8.62798452167048,4.294651188337148,4.294651188337148,0-25%
4.333333333333333,8.737443268672633,4.4041099353393,4.4041099353393,0-25%
5.0,8.844455235554635,3.8444552355546353,3.8444552355546353,0-25%
5.0,8.844455235554635,3.8444552355546353,3.8444552355546353,0-25%
4.0,9.184242237015678,5.1842422370156775,5.1842422370156775,0-25%
3.5,8.518552593210579,5.018552593210579,5.018552593210579,0-25%
4.333333333333333,8.684298545632034,4.350965212298701,4.350965212298701,0-25%
4.333333333333333,8.844455235554635,4.511121902221302,4.511121902221302,0-25%
4.333333333333333,8.791987603972936,4.458654270639603,4.458654270639603,0-25%
5.0,8.844455235554635,3.8444552355546353,3.8444552355546353,0-25%
5.0,8.844455235554635,3.8444552355546353,3.8444552355546353,0-25%
3.0,8.417157646413605,5.417157646413605,5.417157646413605,0-25%
4.333333333333333,8.621642470595114,4.288309137261781,4.288309137261781,0-25%
4.333333333333333,8.51047225595983,4.177138922626496,4.177138922626496,0-25%
4.333333333333333,8.737443268672633,4.4041099353393,4.4041099353393,0-25%
5.0,8.844455235554635,3.8444552355546353,3.8444552355546353,0-25%
6.0,8.739588659982395,2.7395886599823953,2.7395886599823953,25-50%
3.0,9.054021840889911,6.054021840889911,6.054021840889911,0-25%
4.5,9.054021840889911,4.554021840889911,4.554021840889911,0-25%
4.5,8.519149374417722,4.019149374417722,4.019149374417722,0-25%
4.333333333333333,8.563987309621874,4.230653976288541,4.230653976288541,0-25%
6.0,8.739588659982395,2.7395886599823953,2.7395886599823953,25-50%
6.0,8.739588659982395,2.7395886599823953,2.7395886599823953,25-50%
6.0,8.687679931937836,2.6876799319378364,2.6876799319378364,25-50%
3.0,9.054021840889911,6.054021840889911,6.054021840889911,0-25%
4.5,8.865236288107356,4.365236288107356,4.365236288107356,0-25%
4.5,9.054021840889911,4.554021840889911,4.554021840889911,0-25%
6.0,8.8420794998963,2.8420794998963004,2.8420794998963004,25-50%
6.0,8.752809813343603,2.752809813343603,2.752809813343603,25-50%
6.0,8.752809813343603,2.752809813343603,2.752809813343603,25-50%
6.0,8.739588659982395,2.7395886599823953,2.7395886599823953,25-50%
6.0,8.642400551891525,2.642400551891525,2.642400551891525,25-50%
6.0,9.127358542039582,3.127358542039582,3.127358542039582,25-50%
6.0,8.739588659982395,2.7395886599823953,2.7395886599823953,25-50%
6.0,8.739588659982395,2.7395886599823953,2.7395886599823953,25-50%
15.0,8.087280930940489,-6.912719069059511,6.912719069059511,50-75%
15.0,7.965910690690119,-7.034089309309881,7.034089309309881,50-75%
15.0,8.112456440403061,-6.8875435595969385,6.8875435595969385,50-75%
15.0,7.89259775469246,-7.10740224530754,7.10740224530754,50-75%
15.0,8.012803120667357,-6.987196879332643,6.987196879332643,50-75%
15.0,8.012803120667357,-6.987196879332643,6.987196879332643,50-75%
15.0,8.012803120667357,-6.987196879332643,6.987196879332643,50-75%
15.0,8.012975568299016,-6.987024431700984,6.987024431700984,50-75%
15.0,7.848251511885802,-7.151748488114198,7.151748488114198,50-75%
15.0,8.012803120667357,-6.987196879332643,6.987196879332643,50-75%
15.0,8.112456440403061,-6.8875435595969385,6.8875435595969385,50-75%
15.0,8.012803120667357,-6.987196879332643,6.987196879332643,50-75%
15.0,7.830782176652136,-7.169217823347864,7.169217823347864,50-75%
15.0,7.8677584444880875,-7.1322415555119125,7.1322415555119125,50-75%
15.0,7.795901015835749,-7.204098984164251,7.204098984164251,50-75%
15.0,7.8677584444880875,-7.1322415555119125,7.1322415555119125,50-75%
15.0,7.966856744449024,-7.033143255550976,7.033143255550976,50-75%
15.0,7.8677584444880875,-7.1322415555119125,7.1322415555119125,50-75%
8.0,7.958887092972124,-0.041112907027875956,0.041112907027875956,25-50%
8.0,7.91113924140199,-0.08886075859800968,0.08886075859800968,25-50%
8.0,7.859520380346236,-0.14047961965376388,0.14047961965376388,25-50%
8.0,7.958887092972124,-0.041112907027875956,0.041112907027875956,25-50%
6.0,8.014903142702504,2.0149031427025044,2.0149031427025044,25-50%
6.0,8.014903142702504,2.0149031427025044,2.0149031427025044,25-50%
8.0,8.331957676307045,0.3319576763070451,0.3319576763070451,25-50%
8.0,7.928379377305454,-0.07162062269454594,0.07162062269454594,25-50%
7.0,7.741245783169672,0.7412457831696724,0.7412457831696724,25-50%
7.0,7.748568502378934,0.7485685023789337,0.7485685023789337,25-50%
7.0,7.845603494783104,0.8456034947831039,0.8456034947831039,25-50%
6.0,8.051052401545068,2.0510524015450677,2.0510524015450677,25-50%
6.0,8.15052111146377,2.1505211114637692,2.1505211114637692,25-50%
6.0,8.15052111146377,2.1505211114637692,2.1505211114637692,25-50%
7.0,8.235609089293835,1.2356090892938347,1.2356090892938347,25-50%
6.0,8.15052111146377,2.1505211114637692,2.1505211114637692,25-50%
6.0,7.838669366810532,1.8386693668105316,1.8386693668105316,25-50%
6.0,7.838669366810532,1.8386693668105316,1.8386693668105316,25-50%
7.0,7.9219184918723755,0.9219184918723755,0.9219184918723755,25-50%
6.0,7.886028908791783,1.8860289087917828,1.8860289087917828,25-50%
6.0,7.838669366810532,1.8386693668105316,1.8386693668105316,25-50%
6.0,7.87206547989211,1.8720654798921101,1.8720654798921101,25-50%
7.0,7.519834191260982,0.5198341912609816,0.5198341912609816,25-50%
6.0,7.87206547989211,1.8720654798921101,1.8720654798921101,25-50%
6.0,7.87206547989211,1.8720654798921101,1.8720654798921101,25-50%
6.0,7.87206547989211,1.8720654798921101,1.8720654798921101,25-50%
6.0,7.838669366810532,1.8386693668105316,1.8386693668105316,25-50%
6.0,7.838669366810532,1.8386693668105316,1.8386693668105316,25-50%
6.0,7.838669366810532,1.8386693668105316,1.8386693668105316,25-50%
6.0,7.886028908791783,1.8860289087917828,1.8860289087917828,25-50%
6.0,7.87206547989211,1.8720654798921101,1.8720654798921101,25-50%
6.0,7.824780358285129,1.8247803582851292,1.8247803582851292,25-50%
6.0,7.838669366810532,1.8386693668105316,1.8386693668105316,25-50%
6.0,7.875630633944575,1.8756306339445752,1.8756306339445752,25-50%
6.0,7.886028908791783,1.8860289087917828,1.8860289087917828,25-50%
6.0,7.838669366810532,1.8386693668105316,1.8386693668105316,25-50%
8.0,8.380181764527125,0.3801817645271246,0.3801817645271246,25-50%
8.0,8.80209011833411,0.8020901183341103,0.8020901183341103,25-50%
8.0,8.348239413294865,0.3482394132948645,0.3482394132948645,25-50%
8.0,8.069314452836307,0.06931445283630744,0.06931445283630744,25-50%
8.0,8.11599525293215,0.11599525293214974,0.11599525293214974,25-50%
8.0,8.261570967122807,0.2615709671228075,0.2615709671228075,25-50%
8.0,8.654313023981059,0.6543130239810591,0.6543130239810591,25-50%
8.0,8.296625681886137,0.29662568188613747,0.29662568188613747,25-50%
8.0,8.056049234767553,0.05604923476755275,0.05604923476755275,25-50%
8.0,8.91656146101983,0.91656146101983,0.91656146101983,25-50%
8.0,8.355742579898424,0.3557425798984237,0.3557425798984237,25-50%
8.0,8.40858558797079,0.4085855879707907,0.4085855879707907,25-50%
8.0,8.40858558797079,0.4085855879707907,0.4085855879707907,25-50%
7.0,8.910246363380955,1.9102463633809545,1.9102463633809545,25-50%
7.0,9.01638143533506,2.0163814353350595,2.0163814353350595,25-50%
7.0,9.01638143533506,2.0163814353350595,2.0163814353350595,25-50%
7.0,8.910246363380955,1.9102463633809545,1.9102463633809545,25-50%
7.0,9.107148972912064,2.1071489729120643,2.1071489729120643,25-50%
7.0,9.145210884501235,2.1452108845012354,2.1452108845012354,25-50%
7.0,9.856826988345421,2.8568269883454214,2.8568269883454214,25-50%
7.0,8.743549813856683,1.7435498138566832,1.7435498138566832,25-50%
7.0,9.01638143533506,2.0163814353350595,2.0163814353350595,25-50%
7.0,8.937140398197132,1.9371403981971316,1.9371403981971316,25-50%
7.0,8.910246363380955,1.9102463633809545,1.9102463633809545,25-50%
7.0,9.107148972912064,2.1071489729120643,2.1071489729120643,25-50%
7.0,9.107148972912064,2.1071489729120643,2.1071489729120643,25-50%
7.0,8.804884247559658,1.8048842475596576,1.8048842475596576,25-50%
7.0,9.32417573083279,2.32417573083279,2.32417573083279,25-50%
7.0,9.32417573083279,2.32417573083279,2.32417573083279,25-50%
7.0,9.561102855786825,2.5611028557868245,2.5611028557868245,25-50%
7.0,8.910246363380955,1.9102463633809545,1.9102463633809545,25-50%
7.0,9.724617709533735,2.724617709533735,2.724617709533735,25-50%
7.0,9.803256148849915,2.803256148849915,2.803256148849915,25-50%
7.0,9.148321015766603,2.1483210157666033,2.1483210157666033,25-50%
7.0,9.290708593313722,2.290708593313722,2.290708593313722,25-50%
7.0,9.350187974715908,2.350187974715908,2.350187974715908,25-50%
7.0,9.561102855786825,2.5611028557868245,2.5611028557868245,25-50%
7.0,9.751638885721242,2.751638885721242,2.751638885721242,25-50%
7.0,9.17389018546583,2.1738901854658295,2.1738901854658295,25-50%
7.0,9.17389018546583,2.1738901854658295,2.1738901854658295,25-50%
7.0,9.366635379624121,2.366635379624121,2.366635379624121,25-50%
7.0,10.045312357984779,3.0453123579847787,3.0453123579847787,25-50%
7.0,10.117996516164807,3.1179965161648067,3.1179965161648067,25-50%
7.0,9.17389018546583,2.1738901854658295,2.1738901854658295,25-50%
7.0,9.17389018546583,2.1738901854658295,2.1738901854658295,25-50%
7.0,10.117996516164807,3.1179965161648067,3.1179965161648067,25-50%
7.0,9.016485501906892,2.0164855019068924,2.0164855019068924,25-50%
6.0,9.97964908029931,3.9796490802993105,3.9796490802993105,25-50%
6.0,9.924764000845036,3.9247640008450357,3.9247640008450357,25-50%
6.0,9.95205486555408,3.9520548655540804,3.9520548655540804,25-50%
6.0,9.97964908029931,3.9796490802993105,3.9796490802993105,25-50%
6.0,10.187659443611022,4.187659443611022,4.187659443611022,25-50%
6.0,10.077808297990822,4.077808297990822,4.077808297990822,25-50%
6.0,10.187659443611022,4.187659443611022,4.187659443611022,25-50%
6.0,10.187659443611022,4.187659443611022,4.187659443611022,25-50%
6.0,10.454463927269577,4.454463927269577,4.454463927269577,25-50%
6.0,10.159542454176686,4.159542454176686,4.159542454176686,25-50%
6.0,10.483323985156492,4.483323985156492,4.483323985156492,25-50%
6.0,10.483323985156492,4.483323985156492,4.483323985156492,25-50%
6.0,10.454463927269577,4.454463927269577,4.454463927269577,25-50%
6.0,10.628389034889024,4.6283890348890235,4.6283890348890235,25-50%
6.0,10.252953299317506,4.252953299317506,4.252953299317506,25-50%
6.0,10.252953299317506,4.252953299317506,4.252953299317506,25-50%
6.0,10.538977119633323,4.538977119633323,4.538977119633323,25-50%
6.0,10.570261033580651,4.5702610335806515,4.5702610335806515,25-50%
6.0,10.483323985156492,4.483323985156492,4.483323985156492,25-50%
6.0,9.918259912816062,3.918259912816062,3.918259912816062,25-50%
6.0,10.568050112463272,4.568050112463272,4.568050112463272,25-50%
6.0,10.628389034889024,4.6283890348890235,4.6283890348890235,25-50%
6.0,10.252953299317506,4.252953299317506,4.252953299317506,25-50%
6.0,10.483323985156492,4.483323985156492,4.483323985156492,25-50%
7.0,10.584628357556614,3.584628357556614,3.584628357556614,25-50%
7.0,10.568923945076605,3.5689239450766053,3.5689239450766053,25-50%
7.0,10.14577358159168,3.14577358159168,3.14577358159168,25-50%
7.0,10.467027193953044,3.4670271939530437,3.4670271939530437,25-50%
7.0,10.584628357556614,3.584628357556614,3.584628357556614,25-50%
7.0,10.568923945076605,3.5689239450766053,3.5689239450766053,25-50%
7.0,9.91626824593709,2.91626824593709,2.91626824593709,25-50%
7.0,10.667152543649786,3.6671525436497863,3.6671525436497863,25-50%
7.0,10.539848756117745,3.5398487561177454,3.5398487561177454,25-50%
7.0,10.507877587810412,3.5078775878104125,3.5078775878104125,25-50%
7.0,9.601849444848021,2.601849444848021,2.601849444848021,25-50%
7.0,9.601849444848021,2.601849444848021,2.601849444848021,25-50%
7.0,10.130072573395573,3.130072573395573,3.130072573395573,25-50%
7.0,10.725767319613261,3.7257673196132615,3.7257673196132615,25-50%
7.0,10.725767319613261,3.7257673196132615,3.7257673196132615,25-50%
7.0,9.91626824593709,2.91626824593709,2.91626824593709,25-50%
7.0,10.176418796882862,3.176418796882862,3.176418796882862,25-50%
7.0,10.176418796882862,3.176418796882862,3.176418796882862,25-50%
7.0,10.318669697646424,3.318669697646424,3.318669697646424,25-50%
7.0,10.130072573395573,3.130072573395573,3.130072573395573,25-50%
7.0,10.130072573395573,3.130072573395573,3.130072573395573,25-50%
7.0,10.57948746827115,3.57948746827115,3.57948746827115,25-50%
7.0,10.539848756117745,3.5398487561177454,3.5398487561177454,25-50%
7.0,9.601849444848021,2.601849444848021,2.601849444848021,25-50%
7.0,9.601849444848021,2.601849444848021,2.601849444848021,25-50%
7.0,10.130072573395573,3.130072573395573,3.130072573395573,25-50%
7.0,10.696297949590264,3.6962979495902637,3.6962979495902637,25-50%
7.0,10.696297949590264,3.6962979495902637,3.6962979495902637,25-50%
7.0,10.130072573395573,3.130072573395573,3.130072573395573,25-50%
7.0,9.826192485736081,2.8261924857360814,2.8261924857360814,25-50%
3.0,10.7434736104085,7.7434736104085005,7.7434736104085005,0-25%
3.0,10.814448940895723,7.814448940895723,7.814448940895723,0-25%
3.0,10.844215997870297,7.844215997870297,7.844215997870297,0-25%
3.0,10.90372032547558,7.903720325475581,7.903720325475581,0-25%
3.0,10.48066921919685,7.48066921919685,7.48066921919685,0-25%
3.0,10.844215997870297,7.844215997870297,7.844215997870297,0-25%
3.0,10.87380372135408,7.873803721354079,7.873803721354079,0-25%
3.0,10.90372032547558,7.903720325475581,7.903720325475581,0-25%
3.0,10.87380372135408,7.873803721354079,7.873803721354079,0-25%
3.0,9.70444949949005,6.70444949949005,6.70444949949005,0-25%
3.0,10.785197960249432,7.785197960249432,7.785197960249432,0-25%
3.0,10.844215997870297,7.844215997870297,7.844215997870297,0-25%
3.0,10.91987921241489,7.919879212414889,7.919879212414889,0-25%
3.0,10.87380372135408,7.873803721354079,7.873803721354079,0-25%
3.0,10.90372032547558,7.903720325475581,7.903720325475581,0-25%
3.0,9.826192485736081,6.826192485736081,6.826192485736081,0-25%
3.0,9.853469584325513,6.853469584325513,6.853469584325513,0-25%
3.0,10.060872524418974,7.060872524418974,7.060872524418974,0-25%
3.0,10.860294109751397,7.860294109751397,7.860294109751397,0-25%
3.0,10.91987921241489,7.919879212414889,7.919879212414889,0-25%
3.0,10.87380372135408,7.873803721354079,7.873803721354079,0-25%
3.0,10.87380372135408,7.873803721354079,7.873803721354079,0-25%
3.0,9.853469584325513,6.853469584325513,6.853469584325513,0-25%
3.0,10.050372906095612,7.050372906095612,7.050372906095612,0-25%
3.0,10.769221650590296,7.769221650590296,7.769221650590296,0-25%
3.0,10.814891318009442,7.814891318009442,7.814891318009442,0-25%
3.0,10.785197960249432,7.785197960249432,7.785197960249432,0-25%
3.0,10.844215997870297,7.844215997870297,7.844215997870297,0-25%
3.0,10.87380372135408,7.873803721354079,7.873803721354079,0-25%
3.0,9.53152699107055,6.53152699107055,6.53152699107055,0-25%
3.0,10.050372906095612,7.050372906095612,7.050372906095612,0-25%
3.0,10.08392437296662,7.083924372966621,7.083924372966621,0-25%
3.0,10.798874755290495,7.798874755290495,7.798874755290495,0-25%
3.0,9.853469584325513,6.853469584325513,6.853469584325513,0-25%
7.0,10.505298334016288,3.505298334016288,3.505298334016288,25-50%
7.0,10.40396198445523,3.403961984455229,3.403961984455229,25-50%
7.0,9.885400803413354,2.8854008034133543,2.8854008034133543,25-50%
7.0,10.505298334016288,3.505298334016288,3.505298334016288,25-50%
7.0,10.354243126966214,3.354243126966214,3.354243126966214,25-50%
7.0,10.354243126966214,3.354243126966214,3.354243126966214,25-50%
7.0,10.476383049874244,3.4763830498742436,3.4763830498742436,25-50%
7.0,9.98041972060724,2.980419720607239,2.980419720607239,25-50%
7.0,9.925530788875518,2.925530788875518,2.925530788875518,25-50%
7.0,10.505298334016288,3.505298334016288,3.505298334016288,25-50%
7.0,10.001884560356373,3.0018845603563733,3.0018845603563733,25-50%
7.0,10.325707476981076,3.3257074769810764,3.3257074769810764,25-50%
7.0,10.476383049874244,3.4763830498742436,3.4763830498742436,25-50%
7.0,10.505298334016288,3.505298334016288,3.505298334016288,25-50%
7.0,9.95282356907751,2.952823569077511,2.952823569077511,25-50%
7.0,9.98041972060724,2.980419720607239,2.980419720607239,25-50%
9.0,10.537915096243278,1.5379150962432782,1.5379150962432782,50-75%
9.0,10.48066921919685,1.4806692191968498,1.4806692191968498,50-75%
7.0,10.354243126966214,3.354243126966214,3.354243126966214,25-50%
7.0,9.632928518886914,2.6329285188869136,2.6329285188869136,25-50%
7.0,10.447785638611418,3.4477856386114176,3.4477856386114176,25-50%
7.0,10.460825377445655,3.460825377445655,3.460825377445655,25-50%
9.0,10.026496281222819,1.026496281222819,1.026496281222819,50-75%
9.0,10.537915096243278,1.5379150962432782,1.5379150962432782,50-75%
9.0,10.537915096243278,1.5379150962432782,1.5379150962432782,50-75%
9.0,10.537915096243278,1.5379150962432782,1.5379150962432782,50-75%
9.0,10.415120305040313,1.415120305040313,1.415120305040313,50-75%
9.0,9.657579423764952,0.6575794237649522,0.6575794237649522,50-75%
7.0,10.359880736725358,3.3598807367253585,3.3598807367253585,25-50%
7.0,10.460825377445655,3.460825377445655,3.460825377445655,25-50%
11.0,10.026496281222819,-0.9735037187771809,0.9735037187771809,50-75%
9.0,10.537915096243278,1.5379150962432782,1.5379150962432782,50-75%
9.0,10.566985413255598,1.5669854132555976,1.5669854132555976,50-75%
9.0,10.537915096243278,1.5379150962432782,1.5379150962432782,50-75%
9.0,10.480239356138776,1.4802393561387763,1.4802393561387763,50-75%
9.0,10.059791632576536,1.0597916325765357,1.0597916325765357,50-75%
9.0,10.415120305040313,1.415120305040313,1.415120305040313,50-75%
11.0,10.05427805459838,-0.9457219454016208,0.9457219454016208,50-75%
11.0,10.026496281222819,-0.9735037187771809,0.9735037187771809,50-75%
11.0,10.537915096243278,-0.46208490375672184,0.46208490375672184,50-75%
11.0,10.537915096243278,-0.46208490375672184,0.46208490375672184,50-75%
9.0,10.537915096243278,1.5379150962432782,1.5379150962432782,50-75%
9.0,10.640462577449558,1.6404625774495578,1.6404625774495578,50-75%
9.0,10.555206090430696,1.555206090430696,1.555206090430696,50-75%
11.0,10.611207596552921,-0.3887924034470789,0.3887924034470789,50-75%
11.0,10.769221650590296,-0.23077834940970376,0.23077834940970376,50-75%
11.0,10.859909204934683,-0.1400907950653174,0.1400907950653174,50-75%
11.0,10.90372032547558,-0.09627967452441943,0.09627967452441943,50-75%
11.0,10.511078503027548,-0.488921496972452,0.488921496972452,50-75%
11.0,9.800445444564366,-1.1995545554356344,1.1995545554356344,50-75%
11.0,10.520195350096932,-0.4798046499030679,0.4798046499030679,50-75%
11.0,10.540081203987416,-0.4599187960125839,0.4599187960125839,50-75%
11.0,10.90372032547558,-0.09627967452441943,0.09627967452441943,50-75%
11.0,10.90372032547558,-0.09627967452441943,0.09627967452441943,50-75%
11.0,10.90372032547558,-0.09627967452441943,0.09627967452441943,50-75%
11.0,10.520195350096932,-0.4798046499030679,0.4798046499030679,50-75%
11.0,9.827657672278708,-1.1723423277212923,1.1723423277212923,50-75%
11.0,10.511078503027548,-0.488921496972452,0.488921496972452,50-75%
11.0,10.90372032547558,-0.09627967452441943,0.09627967452441943,50-75%
11.0,10.540081203987416,-0.4599187960125839,0.4599187960125839,50-75%
3.0,9.557172301984085,6.557172301984085,6.557172301984085,0-25%
3.0,9.557172301984085,6.557172301984085,6.557172301984085,0-25%
3.0,9.557172301984085,6.557172301984085,6.557172301984085,0-25%
3.0,9.67023571139066,6.67023571139066,6.67023571139066,0-25%
3.0,9.794056196944034,6.794056196944034,6.794056196944034,0-25%
3.0,9.557172301984085,6.557172301984085,6.557172301984085,0-25%
3.0,9.583771591631507,6.583771591631507,6.583771591631507,0-25%
3.0,9.557172301984085,6.557172301984085,6.557172301984085,0-25%
3.0,9.557172301984085,6.557172301984085,6.557172301984085,0-25%
3.0,9.67023571139066,6.67023571139066,6.67023571139066,0-25%
3.0,9.794056196944034,6.794056196944034,6.794056196944034,0-25%
3.0,9.583771591631507,6.583771591631507,6.583771591631507,0-25%
3.0,9.583771591631507,6.583771591631507,6.583771591631507,0-25%
3.0,9.557172301984085,6.557172301984085,6.557172301984085,0-25%
3.0,9.766928416949227,6.766928416949227,6.766928416949227,0-25%
3.0,9.807474952732084,6.807474952732084,6.807474952732084,0-25%
3.0,10.565544282765032,7.565544282765032,7.565544282765032,0-25%
3.0,9.379594053074278,6.379594053074278,6.379594053074278,0-25%
3.0,9.583771591631507,6.583771591631507,6.583771591631507,0-25%
3.0,9.557172301984085,6.557172301984085,6.557172301984085,0-25%
3.0,9.557172301984085,6.557172301984085,6.557172301984085,0-25%
3.0,9.557172301984085,6.557172301984085,6.557172301984085,0-25%
3.0,9.766928416949227,6.766928416949227,6.766928416949227,0-25%
8.5,9.766928416949227,1.2669284169492272,1.2669284169492272,50-75%
8.5,9.4449323061211,0.9449323061210997,0.9449323061210997,50-75%
12.0,9.72151029447583,-2.2784897055241693,2.2784897055241693,50-75%
16.5,9.72151029447583,-6.778489705524169,6.778489705524169,75-100%
16.5,9.967555758584794,-6.532444241415206,6.532444241415206,75-100%
19.0,10.322571341202671,-8.677428658797329,8.677428658797329,75-100%
3.0,9.557172301984085,6.557172301984085,6.557172301984085,0-25%
3.0,9.557172301984085,6.557172301984085,6.557172301984085,0-25%
3.0,9.557172301984085,6.557172301984085,6.557172301984085,0-25%
3.0,10.4247045815954,7.4247045815954,7.4247045815954,0-25%
8.5,10.508476419648556,2.008476419648556,2.008476419648556,50-75%
8.5,10.508476419648556,2.008476419648556,2.008476419648556,50-75%
12.0,10.08364748863195,-1.91635251136805,1.91635251136805,50-75%
16.5,9.748523641385683,-6.751476358614317,6.751476358614317,75-100%
16.5,9.967555758584794,-6.532444241415206,6.532444241415206,75-100%
16.5,10.351099089546954,-6.148900910453046,6.148900910453046,75-100%
19.0,10.140479390110272,-8.859520609889728,8.859520609889728,75-100%
19.0,9.784824136079848,-9.215175863920152,9.215175863920152,75-100%
13.0,9.486635342986785,-3.5133646570132147,3.5133646570132147,50-75%
8.0,9.766928416949227,1.7669284169492272,1.7669284169492272,25-50%
3.0,10.4247045815954,7.4247045815954,7.4247045815954,0-25%
3.0,10.453489659418272,7.453489659418272,7.453489659418272,0-25%
12.0,10.247295391638199,-1.7527046083618014,1.7527046083618014,50-75%
14.5,10.247295391638199,-4.252704608361801,4.252704608361801,50-75%
18.33333333333333,10.165424727466208,-8.16790860586712,8.16790860586712,75-100%
16.5,10.491435857746175,-6.0085641422538245,6.0085641422538245,75-100%
16.5,10.567055751012141,-5.932944248987859,5.932944248987859,75-100%
16.5,10.567055751012141,-5.932944248987859,5.932944248987859,75-100%
16.5,10.551375160397882,-5.948624839602118,5.948624839602118,75-100%
19.0,10.551375160397882,-8.448624839602118,8.448624839602118,75-100%
13.0,10.37696402287727,-2.623035977122729,2.623035977122729,50-75%
13.0,10.159227561891562,-2.840772438108438,2.840772438108438,50-75%
13.0,10.348371270404032,-2.651628729595968,2.651628729595968,50-75%
13.0,10.348371270404032,-2.651628729595968,2.651628729595968,50-75%
13.0,10.067072116114144,-2.9329278838858563,2.9329278838858563,50-75%
18.33333333333333,10.247295391638199,-8.08603794169513,8.08603794169513,75-100%
18.33333333333333,10.247295391638199,-8.08603794169513,8.08603794169513,75-100%
18.33333333333333,10.567055751012141,-7.766277582321187,7.766277582321187,75-100%
16.5,10.491435857746175,-6.0085641422538245,6.0085641422538245,75-100%
16.5,10.551375160397882,-5.948624839602118,5.948624839602118,75-100%
19.0,10.522344075301486,-8.477655924698514,8.477655924698514,75-100%
13.0,10.43158339317199,-2.568416606828009,2.568416606828009,50-75%
13.0,10.46038580248253,-2.5396141975174693,2.5396141975174693,50-75%
13.0,10.348371270404032,-2.651628729595968,2.651628729595968,50-75%
13.0,10.348371270404032,-2.651628729595968,2.651628729595968,50-75%
13.0,9.791604156551172,-3.2083958434488284,3.2083958434488284,50-75%
13.0,10.039258188515953,-2.9607418114840467,2.9607418114840467,50-75%
13.0,10.067072116114144,-2.9329278838858563,2.9329278838858563,50-75%
13.0,9.81879410822663,-3.18120589177337,3.18120589177337,50-75%
18.0,10.08364748863195,-7.91635251136805,7.91635251136805,75-100%
18.0,9.590948838046033,-8.409051161953967,8.409051161953967,75-100%
18.33333333333333,9.617633229256668,-8.71570010407666,8.71570010407666,75-100%
18.33333333333333,10.137363618645871,-8.195969714687457,8.195969714687457,75-100%
18.33333333333333,9.86129484258154,-8.472038490751789,8.472038490751789,75-100%
18.33333333333333,9.964539919080346,-8.368793414252982,8.368793414252982,75-100%
18.33333333333333,10.462555412982358,-7.870777920350971,7.870777920350971,75-100%
19.0,10.522344075301486,-8.477655924698514,8.477655924698514,75-100%
19.0,10.551375160397882,-8.448624839602118,8.448624839602118,75-100%
13.0,10.46038580248253,-2.5396141975174693,2.5396141975174693,50-75%
13.0,10.43158339317199,-2.568416606828009,2.568416606828009,50-75%
13.0,10.265254103756826,-2.734745896243174,2.734745896243174,50-75%
13.0,10.37696402287727,-2.623035977122729,2.623035977122729,50-75%
13.0,10.293637438639152,-2.706362561360848,2.706362561360848,50-75%
17.5,9.81879410822663,-7.68120589177337,7.68120589177337,75-100%
22.0,9.590948838046033,-12.409051161953967,12.409051161953967,75-100%
18.0,9.86129484258154,-8.13870515741846,8.13870515741846,75-100%
18.33333333333333,9.617633229256668,-8.71570010407666,8.71570010407666,75-100%
18.33333333333333,9.590948838046033,-8.742384495287295,8.742384495287295,75-100%
18.33333333333333,9.617633229256668,-8.71570010407666,8.71570010407666,75-100%
18.33333333333333,10.491435857746175,-7.841897475587153,7.841897475587153,75-100%
20.5,10.551375160397882,-9.948624839602118,9.948624839602118,75-100%
19.0,10.551375160397882,-8.448624839602118,8.448624839602118,75-100%
13.0,10.442922823452871,-2.5570771765471285,2.5570771765471285,50-75%
13.0,10.366775967983905,-2.633224032016095,2.633224032016095,50-75%
13.0,10.565242247345347,-2.4347577526546527,2.4347577526546527,50-75%
13.0,10.565242247345347,-2.4347577526546527,2.4347577526546527,50-75%
13.0,10.46038580248253,-2.5396141975174693,2.5396141975174693,50-75%
13.0,10.348371270404032,-2.651628729595968,2.651628729595968,50-75%
13.0,10.348371270404032,-2.651628729595968,2.651628729595968,50-75%
22.0,9.590948838046033,-12.409051161953967,12.409051161953967,75-100%
22.0,9.590948838046033,-12.409051161953967,12.409051161953967,75-100%
22.0,9.617633229256668,-12.382366770743332,12.382366770743332,75-100%
22.0,9.617633229256668,-12.382366770743332,12.382366770743332,75-100%
22.0,10.165424727466208,-11.834575272533792,11.834575272533792,75-100%
22.0,10.551375160397882,-11.448624839602118,11.448624839602118,75-100%
13.0,10.480195640917664,-2.519804359082336,2.519804359082336,50-75%
13.0,10.46038580248253,-2.5396141975174693,2.5396141975174693,50-75%
13.0,10.37696402287727,-2.623035977122729,2.623035977122729,50-75%
13.0,10.293637438639152,-2.706362561360848,2.706362561360848,50-75%
22.0,9.833998077438544,-12.166001922561456,12.166001922561456,75-100%
22.0,9.617633229256668,-12.382366770743332,12.382366770743332,75-100%
22.0,9.617633229256668,-12.382366770743332,12.382366770743332,75-100%
22.0,10.08364748863195,-11.91635251136805,11.91635251136805,75-100%
22.0,10.08364748863195,-11.91635251136805,11.91635251136805,75-100%
22.0,10.165424727466208,-11.834575272533792,11.834575272533792,75-100%
22.0,10.551375160397882,-11.448624839602118,11.448624839602118,75-100%
22.0,9.617633229256668,-12.382366770743332,12.382366770743332,75-100%
22.0,9.833998077438544,-12.166001922561456,12.166001922561456,75-100%
22.0,10.137363618645871,-11.862636381354129,11.862636381354129,75-100%
4.0,9.892620878330392,5.892620878330392,5.892620878330392,0-25%
4.0,9.892620878330392,5.892620878330392,5.892620878330392,0-25%
4.0,9.967572350686254,5.967572350686254,5.967572350686254,0-25%
4.0,9.967572350686254,5.967572350686254,5.967572350686254,0-25%
4.0,9.892620878330392,5.892620878330392,5.892620878330392,0-25%
4.0,9.892620878330392,5.892620878330392,5.892620878330392,0-25%
4.0,9.967572350686254,5.967572350686254,5.967572350686254,0-25%
4.0,10.520952923178278,6.520952923178278,6.520952923178278,0-25%
4.0,10.520952923178278,6.520952923178278,6.520952923178278,0-25%
4.0,9.920065346363543,5.920065346363543,5.920065346363543,0-25%
4.0,9.920065346363543,5.920065346363543,5.920065346363543,0-25%
4.0,9.892620878330392,5.892620878330392,5.892620878330392,0-25%
4.0,9.892620878330392,5.892620878330392,5.892620878330392,0-25%
4.0,9.865478114130735,5.865478114130735,5.865478114130735,0-25%
4.0,9.919756059519418,5.919756059519418,5.919756059519418,0-25%
4.0,10.520952923178278,6.520952923178278,6.520952923178278,0-25%
4.0,9.892620878330392,5.892620878330392,5.892620878330392,0-25%
4.0,9.865478114130735,5.865478114130735,5.865478114130735,0-25%
4.0,9.950687719005053,5.950687719005053,5.950687719005053,0-25%
4.0,9.892620878330392,5.892620878330392,5.892620878330392,0-25%
4.0,9.920065346363543,5.920065346363543,5.920065346363543,0-25%
4.0,9.865478114130735,5.865478114130735,5.865478114130735,0-25%
4.0,10.520952923178278,6.520952923178278,6.520952923178278,0-25%
4.0,9.967572350686254,5.967572350686254,5.967572350686254,0-25%
4.0,9.920065346363543,5.920065346363543,5.920065346363543,0-25%
6.0,9.705868615024455,3.705868615024455,3.705868615024455,25-50%
6.0,9.67896246935107,3.6789624693510703,3.6789624693510703,25-50%
6.0,9.705868615024455,3.705868615024455,3.705868615024455,25-50%
6.0,10.251309855523239,4.251309855523239,4.251309855523239,25-50%
4.0,10.518833331796202,6.518833331796202,6.518833331796202,0-25%
6.0,9.705868615024455,3.705868615024455,3.705868615024455,25-50%
6.0,9.705868615024455,3.705868615024455,3.705868615024455,25-50%
6.0,9.67896246935107,3.6789624693510703,3.6789624693510703,25-50%
6.0,10.251309855523239,4.251309855523239,4.251309855523239,25-50%
8.0,10.251309855523239,2.251309855523239,2.251309855523239,25-50%
8.0,10.251309855523239,2.251309855523239,2.251309855523239,25-50%
8.0,9.752443770981897,1.7524437709818965,1.7524437709818965,25-50%
8.0,9.67896246935107,1.6789624693510703,1.6789624693510703,25-50%
8.0,9.67896246935107,1.6789624693510703,1.6789624693510703,25-50%
8.0,9.67896246935107,1.6789624693510703,1.6789624693510703,25-50%
8.0,10.251309855523239,2.251309855523239,2.251309855523239,25-50%
8.0,10.279658057219608,2.279658057219608,2.279658057219608,25-50%
8.0,10.251309855523239,2.251309855523239,2.251309855523239,25-50%
8.0,10.195066797947467,2.195066797947467,2.195066797947467,25-50%
8.0,9.652352109600166,1.6523521096001659,1.6523521096001659,25-50%
8.0,9.705868615024455,1.705868615024455,1.705868615024455,25-50%
8.0,9.705868615024455,1.705868615024455,1.705868615024455,25-50%
8.0,9.67896246935107,1.6789624693510703,1.6789624693510703,25-50%
8.0,10.251309855523239,2.251309855523239,2.251309855523239,25-50%
8.0,10.251309855523239,2.251309855523239,2.251309855523239,25-50%
8.0,10.251309855523239,2.251309855523239,2.251309855523239,25-50%
8.0,10.273577736760814,2.2735777367608137,2.2735777367608137,25-50%
8.0,10.884512246849836,2.8845122468498356,2.8845122468498356,25-50%
8.0,10.854643916752629,2.8546439167526287,2.8546439167526287,25-50%
8.0,10.842950652386804,2.8429506523868042,2.8429506523868042,25-50%
8.0,10.886699127153857,2.8866991271538573,2.8866991271538573,25-50%
8.0,10.148271597834592,2.148271597834592,2.148271597834592,25-50%
8.0,9.460036317355549,1.4600363173555486,1.4600363173555486,25-50%
8.0,10.802960181548718,2.802960181548718,2.802960181548718,25-50%
8.0,10.827279885129675,2.827279885129675,2.827279885129675,25-50%
8.0,10.886699127153857,2.8866991271538573,2.8866991271538573,25-50%
8.0,10.886699127153857,2.8866991271538573,2.8866991271538573,25-50%
8.0,10.886699127153857,2.8866991271538573,2.8866991271538573,25-50%
8.0,10.157101099537552,2.1571010995375524,2.1571010995375524,25-50%
6.0,10.569460870148037,4.569460870148037,4.569460870148037,25-50%
6.0,10.569460870148037,4.569460870148037,4.569460870148037,25-50%
6.0,10.540384331781231,4.540384331781231,4.540384331781231,25-50%
6.0,10.769675482232957,4.769675482232957,4.769675482232957,25-50%
6.0,10.569460870148037,4.569460870148037,4.569460870148037,25-50%
6.0,10.540384331781231,4.540384331781231,4.540384331781231,25-50%
6.0,10.540384331781231,4.540384331781231,4.540384331781231,25-50%
6.0,10.540384331781231,4.540384331781231,4.540384331781231,25-50%
6.0,10.769675482232957,4.769675482232957,4.769675482232957,25-50%
6.0,10.769675482232957,4.769675482232957,4.769675482232957,25-50%
6.0,10.569460870148037,4.569460870148037,4.569460870148037,25-50%
6.0,10.540384331781231,4.540384331781231,4.540384331781231,25-50%
6.0,10.540384331781231,4.540384331781231,4.540384331781231,25-50%
6.0,10.540384331781231,4.540384331781231,4.540384331781231,25-50%
6.0,11.506345736645926,5.506345736645926,5.506345736645926,25-50%
6.0,11.580285435999336,5.580285435999336,5.580285435999336,25-50%
6.0,11.580535745924244,5.580535745924244,5.580535745924244,25-50%
6.0,11.446274567602146,5.446274567602146,5.446274567602146,25-50%
6.0,10.540384331781231,4.540384331781231,4.540384331781231,25-50%
6.0,10.769675482232957,4.769675482232957,4.769675482232957,25-50%
6.0,11.506345736645926,5.506345736645926,5.506345736645926,25-50%
6.0,11.53785605997534,5.53785605997534,5.53785605997534,25-50%
6.0,11.612232994453823,5.612232994453823,5.612232994453823,25-50%
6.0,11.612232994453823,5.612232994453823,5.612232994453823,25-50%
6.0,11.280561943651533,5.2805619436515325,5.2805619436515325,25-50%
6.0,11.506345736645926,5.506345736645926,5.506345736645926,25-50%
6.0,11.506345736645926,5.506345736645926,5.506345736645926,25-50%
6.0,11.196343147274334,5.196343147274334,5.196343147274334,25-50%
6.0,11.612232994453823,5.612232994453823,5.612232994453823,25-50%
6.0,10.813306127168783,4.813306127168783,4.813306127168783,25-50%
6.0,11.165691119194832,5.1656911191948325,5.1656911191948325,25-50%
6.0,11.196585817899962,5.196585817899962,5.196585817899962,25-50%
6.0,10.84330594632698,4.84330594632698,4.84330594632698,25-50%
6.0,11.446274567602146,5.446274567602146,5.446274567602146,25-50%
6.0,10.813541176507261,4.813541176507261,4.813541176507261,25-50%
2.0,11.414747392004937,9.414747392004937,9.414747392004937,0-25%
6.0,11.446274567602146,5.446274567602146,5.446274567602146,25-50%
6.0,10.84330594632698,4.84330594632698,4.84330594632698,25-50%
2.0,11.753953098143105,9.753953098143105,9.753953098143105,0-25%
2.0,11.753953098143105,9.753953098143105,9.753953098143105,0-25%
2.0,11.612232994453823,9.612232994453823,9.612232994453823,0-25%
3.0,11.60074064624847,8.60074064624847,8.60074064624847,0-25%
3.0,11.60074064624847,8.60074064624847,8.60074064624847,0-25%
3.0,10.93245896988329,7.932458969883291,7.932458969883291,0-25%
4.0,10.423324022213363,6.423324022213363,6.423324022213363,0-25%
4.0,10.423324022213363,6.423324022213363,6.423324022213363,0-25%
2.0,11.660165142271808,9.660165142271808,9.660165142271808,0-25%
3.0,11.707174281147589,8.707174281147589,8.707174281147589,0-25%
3.0,11.632488801969924,8.632488801969924,8.632488801969924,0-25%
3.0,11.539966566672547,8.539966566672547,8.539966566672547,0-25%
3.0,11.288398231398157,8.288398231398157,8.288398231398157,0-25%
4.0,10.764076043802037,6.764076043802037,6.764076043802037,0-25%
4.0,10.452105621652269,6.452105621652269,6.452105621652269,0-25%
4.0,10.452105621652269,6.452105621652269,6.452105621652269,0-25%
4.0,11.035157378372848,7.035157378372848,7.035157378372848,0-25%
3.0,11.707174281147589,8.707174281147589,8.707174281147589,0-25%
3.0,11.707174281147589,8.707174281147589,8.707174281147589,0-25%
3.0,11.539966566672547,8.539966566672547,8.539966566672547,0-25%
3.0,11.539966566672547,8.539966566672547,8.539966566672547,0-25%
3.0,11.508450939186817,8.508450939186817,8.508450939186817,0-25%
4.0,11.004910444726551,7.004910444726551,7.004910444726551,0-25%
4.0,10.452105621652269,6.452105621652269,6.452105621652269,0-25%
4.0,10.764076043802037,6.764076043802037,6.764076043802037,0-25%
2.0,11.30081221372659,9.30081221372659,9.30081221372659,0-25%
2.0,10.853467723430178,8.853467723430178,8.853467723430178,0-25%
2.0,10.438254695000888,8.438254695000888,8.438254695000888,0-25%
3.0,11.707174281147589,8.707174281147589,8.707174281147589,0-25%
3.0,11.539966566672547,8.539966566672547,8.539966566672547,0-25%
3.0,11.539966566672547,8.539966566672547,8.539966566672547,0-25%
3.0,10.902470139380101,7.902470139380101,7.902470139380101,0-25%
4.0,11.035157378372848,7.035157378372848,7.035157378372848,0-25%
4.0,11.035157378372848,7.035157378372848,7.035157378372848,0-25%
4.0,10.452105621652269,6.452105621652269,6.452105621652269,0-25%
2.0,11.75160666297802,9.75160666297802,9.75160666297802,0-25%
2.0,11.580201931396891,9.580201931396891,9.580201931396891,0-25%
3.0,11.632488801969924,8.632488801969924,8.632488801969924,0-25%
3.0,11.539966566672547,8.539966566672547,8.539966566672547,0-25%
3.0,11.539966566672547,8.539966566672547,8.539966566672547,0-25%
4.0,10.423324022213363,6.423324022213363,6.423324022213363,0-25%
4.0,10.79371618390514,6.79371618390514,6.79371618390514,0-25%
4.0,10.764076043802037,6.764076043802037,6.764076043802037,0-25%
2.0,11.42371853962512,9.42371853962512,9.42371853962512,0-25%
2.0,11.612232994453823,9.612232994453823,9.612232994453823,0-25%
2.0,11.612232994453823,9.612232994453823,9.612232994453823,0-25%
3.0,11.539966566672547,8.539966566672547,8.539966566672547,0-25%
4.0,10.764076043802037,6.764076043802037,6.764076043802037,0-25%
4.0,10.423324022213363,6.423324022213363,6.423324022213363,0-25%
4.0,11.123955036395492,7.1239550363954915,7.1239550363954915,0-25%
8.0,10.698737497900801,2.698737497900801,2.698737497900801,25-50%
8.0,10.698737497900801,2.698737497900801,2.698737497900801,25-50%
8.0,10.996092112553333,2.996092112553333,2.996092112553333,25-50%
8.0,11.042724066368535,3.0427240663685353,3.0427240663685353,25-50%
8.0,10.996092112553333,2.996092112553333,2.996092112553333,25-50%
8.0,10.938234286801997,2.938234286801997,2.938234286801997,25-50%
8.0,10.274945854000409,2.274945854000409,2.274945854000409,25-50%
8.0,11.026316827999057,3.0263168279990573,3.0263168279990573,25-50%
8.0,11.012458116011235,3.012458116011235,3.012458116011235,25-50%
8.0,9.9347563300347,1.9347563300347002,1.9347563300347002,25-50%
8.0,11.042724066368535,3.0427240663685353,3.0427240663685353,25-50%
8.0,10.698737497900801,2.698737497900801,2.698737497900801,25-50%
8.0,10.938234286801997,2.938234286801997,2.938234286801997,25-50%
8.0,10.938234286801997,2.938234286801997,2.938234286801997,25-50%
8.0,9.9347563300347,1.9347563300347002,1.9347563300347002,25-50%
8.0,9.962306960310187,1.9623069603101868,1.9623069603101868,25-50%
8.0,11.026316827999057,3.0263168279990573,3.0263168279990573,25-50%
8.0,11.026316827999057,3.0263168279990573,3.0263168279990573,25-50%
8.0,11.026316827999057,3.0263168279990573,3.0263168279990573,25-50%
8.0,10.303353607701009,2.303353607701009,2.303353607701009,25-50%
8.0,10.261752110531795,2.261752110531795,2.261752110531795,25-50%
8.0,11.042724066368535,3.0427240663685353,3.0427240663685353,25-50%
8.0,11.042724066368535,3.0427240663685353,3.0427240663685353,25-50%
8.0,11.50378471740315,3.50378471740315,3.50378471740315,25-50%
8.0,9.962306960310187,1.9623069603101868,1.9623069603101868,25-50%
2.0,10.389550148057173,8.389550148057173,8.389550148057173,0-25%
2.0,10.389550148057173,8.389550148057173,8.389550148057173,0-25%
2.0,10.761424735808394,8.761424735808394,8.761424735808394,0-25%
2.0,10.813149320358349,8.813149320358349,8.813149320358349,0-25%
2.0,10.813149320358349,8.813149320358349,8.813149320358349,0-25%
2.0,10.389550148057173,8.389550148057173,8.389550148057173,0-25%
2.0,11.057579398715365,9.057579398715365,9.057579398715365,0-25%
2.0,10.919202511499655,8.919202511499655,8.919202511499655,0-25%
2.0,10.761424735808394,8.761424735808394,8.761424735808394,0-25%
2.0,10.797135119135065,8.797135119135065,8.797135119135065,0-25%
2.0,11.576908327783752,9.576908327783752,9.576908327783752,0-25%
2.0,11.576908327783752,9.576908327783752,9.576908327783752,0-25%
2.0,11.110378080678007,9.110378080678007,9.110378080678007,0-25%
2.0,11.110378080678007,9.110378080678007,9.110378080678007,0-25%
2.0,11.55985875571233,9.55985875571233,9.55985875571233,0-25%
2.0,11.244843304670976,9.244843304670976,9.244843304670976,0-25%
2.0,11.600234208591896,9.600234208591896,9.600234208591896,0-25%
2.0,11.6148568582344,9.6148568582344,9.6148568582344,0-25%
2.0,11.110378080678007,9.110378080678007,9.110378080678007,0-25%
2.0,11.634305511070277,9.634305511070277,9.634305511070277,0-25%
2.0,11.634305511070277,9.634305511070277,9.634305511070277,0-25%
2.0,11.631981088319975,9.631981088319975,9.631981088319975,0-25%
2.0,11.600234208591896,9.600234208591896,9.600234208591896,0-25%
2.0,11.617178129938981,9.617178129938981,9.617178129938981,0-25%
2.0,10.997645767180378,8.997645767180378,8.997645767180378,0-25%
2.0,11.057579398715365,9.057579398715365,9.057579398715365,0-25%
2.0,11.634305511070277,9.634305511070277,9.634305511070277,0-25%
2.5,11.576908327783752,9.076908327783752,9.076908327783752,0-25%
2.5,11.576908327783752,9.076908327783752,9.076908327783752,0-25%
3.0,11.602552789568929,8.602552789568929,8.602552789568929,0-25%
3.0,11.634305511070277,8.634305511070277,8.634305511070277,0-25%
3.0,11.571149133598352,8.571149133598352,8.571149133598352,0-25%
2.0,10.997645767180378,8.997645767180378,8.997645767180378,0-25%
2.0,11.634305511070277,9.634305511070277,9.634305511070277,0-25%
2.5,11.261465254207732,8.761465254207732,8.761465254207732,0-25%
3.0,11.54529985772339,8.54529985772339,8.54529985772339,0-25%
3.0,11.602552789568929,8.602552789568929,8.602552789568929,0-25%
3.0,11.634305511070277,8.634305511070277,8.634305511070277,0-25%
3.0,11.617178129938981,8.617178129938981,8.617178129938981,0-25%
3.0,11.58315301537197,8.58315301537197,8.58315301537197,0-25%
2.0,11.217455063330373,9.217455063330373,9.217455063330373,0-25%
2.0,11.248237513089464,9.248237513089464,9.248237513089464,0-25%
2.0,11.784111617842104,9.784111617842104,9.784111617842104,0-25%
2.5,11.631981088319975,9.131981088319975,9.131981088319975,0-25%
2.5,11.576908327783752,9.076908327783752,9.076908327783752,0-25%
2.5,10.813149320358349,8.313149320358349,8.313149320358349,0-25%
3.0,11.571149133598352,8.571149133598352,8.571149133598352,0-25%
3.0,11.585468453222532,8.585468453222532,8.585468453222532,0-25%
3.0,11.617178129938981,8.617178129938981,8.617178129938981,0-25%
3.0,11.585468453222532,8.585468453222532,8.585468453222532,0-25%
3.0,11.311876107733536,8.311876107733536,8.311876107733536,0-25%
2.0,11.248237513089464,9.248237513089464,9.248237513089464,0-25%
2.0,11.217455063330373,9.217455063330373,9.217455063330373,0-25%
2.0,11.784111617842104,9.784111617842104,9.784111617842104,0-25%
2.0,11.784111617842104,9.784111617842104,9.784111617842104,0-25%
2.5,11.585468453222532,9.085468453222532,9.085468453222532,0-25%
2.5,11.55985875571233,9.05985875571233,9.05985875571233,0-25%
2.5,10.761424735808394,8.261424735808394,8.261424735808394,0-25%
2.5,11.58315301537197,9.08315301537197,9.08315301537197,0-25%
3.0,11.585468453222532,8.585468453222532,8.585468453222532,0-25%
3.0,11.617178129938981,8.617178129938981,8.617178129938981,0-25%
3.0,11.345167683747013,8.345167683747013,8.345167683747013,0-25%
3.0,11.345167683747013,8.345167683747013,8.345167683747013,0-25%
2.0,11.217455063330373,9.217455063330373,9.217455063330373,0-25%
2.0,11.217455063330373,9.217455063330373,9.217455063330373,0-25%
2.0,11.784111617842104,9.784111617842104,9.784111617842104,0-25%
2.0,11.816321785307501,9.816321785307501,9.816321785307501,0-25%
2.5,11.585468453222532,9.085468453222532,9.085468453222532,0-25%
2.5,11.522556202478217,9.022556202478217,9.022556202478217,0-25%
2.5,11.205295565540343,8.705295565540343,8.705295565540343,0-25%
2.5,11.55985875571233,9.05985875571233,9.05985875571233,0-25%
3.0,11.585468453222532,8.585468453222532,8.585468453222532,0-25%
3.0,11.057920912816932,8.057920912816932,8.057920912816932,0-25%
3.0,11.314141627664545,8.314141627664545,8.314141627664545,0-25%
2.0,11.248237513089464,9.248237513089464,9.248237513089464,0-25%
2.0,11.217455063330373,9.217455063330373,9.217455063330373,0-25%
2.0,11.784111617842104,9.784111617842104,9.784111617842104,0-25%
2.0,11.784111617842104,9.784111617842104,9.784111617842104,0-25%
2.0,11.784111617842104,9.784111617842104,9.784111617842104,0-25%
2.5,11.179980527026064,8.679980527026064,8.679980527026064,0-25%
2.5,11.179980527026064,8.679980527026064,8.679980527026064,0-25%
2.5,11.149369621723224,8.649369621723224,8.649369621723224,0-25%
3.0,11.149369621723224,8.149369621723224,8.149369621723224,0-25%
3.0,11.064830037984393,8.064830037984393,8.064830037984393,0-25%
2.0,11.49386506667121,9.49386506667121,9.49386506667121,0-25%
2.0,11.540018053089511,9.540018053089511,9.540018053089511,0-25%
2.0,11.217455063330373,9.217455063330373,9.217455063330373,0-25%
2.0,10.758800096994642,8.758800096994642,8.758800096994642,0-25%
2.0,11.282584385697918,9.282584385697918,9.282584385697918,0-25%
2.0,11.540018053089511,9.540018053089511,9.540018053089511,0-25%
2.0,11.540018053089511,9.540018053089511,9.540018053089511,0-25%
2.0,11.282584385697918,9.282584385697918,9.282584385697918,0-25%
2.0,10.78842694410287,8.78842694410287,8.78842694410287,0-25%
8.0,11.79184373830278,3.7918437383027808,3.7918437383027808,25-50%
8.0,11.523320962336024,3.523320962336024,3.523320962336024,25-50%
8.0,11.540320935621853,3.5403209356218532,3.5403209356218532,25-50%
8.0,11.540320935621853,3.5403209356218532,3.5403209356218532,25-50%
8.0,11.491847168826705,3.4918471688267054,3.4918471688267054,25-50%
8.0,11.466427977755163,3.4664279777551634,3.4664279777551634,25-50%
8.0,11.83868080326501,3.83868080326501,3.83868080326501,25-50%
8.0,11.856108866582815,3.856108866582815,3.856108866582815,25-50%
8.0,11.540320935621853,3.5403209356218532,3.5403209356218532,25-50%
8.0,11.540320935621853,3.5403209356218532,3.5403209356218532,25-50%
8.0,11.540320935621853,3.5403209356218532,3.5403209356218532,25-50%
8.0,11.540320935621853,3.5403209356218532,3.5403209356218532,25-50%
8.0,11.856108866582815,3.856108866582815,3.856108866582815,25-50%
8.0,11.667215853661972,3.667215853661972,3.667215853661972,25-50%
6.0,11.518093296218812,5.518093296218812,5.518093296218812,25-50%
6.0,11.39264534209606,5.39264534209606,5.39264534209606,25-50%
6.0,11.438398999924807,5.438398999924807,5.438398999924807,25-50%
6.0,11.438398999924807,5.438398999924807,5.438398999924807,25-50%
8.0,11.540320935621853,3.5403209356218532,3.5403209356218532,25-50%
8.0,11.141550789426706,3.141550789426706,3.141550789426706,25-50%
6.0,11.39264534209606,5.39264534209606,5.39264534209606,25-50%
6.0,11.39264534209606,5.39264534209606,5.39264534209606,25-50%
6.0,11.330696975688793,5.330696975688793,5.330696975688793,25-50%
6.0,11.37622192009265,5.37622192009265,5.37622192009265,25-50%
6.0,11.289380864584288,5.289380864584288,5.289380864584288,25-50%
8.0,11.52823259796909,3.5282325979690903,3.5282325979690903,25-50%
6.0,11.39264534209606,5.39264534209606,5.39264534209606,25-50%
6.0,9.647879598752638,3.6478795987526382,3.6478795987526382,25-50%
6.0,10.364598739856536,4.364598739856536,4.364598739856536,25-50%
6.0,11.297791121173095,5.297791121173095,5.297791121173095,25-50%
4.0,10.82345814013522,6.8234581401352195,6.8234581401352195,0-25%
4.0,10.90700682301535,6.907006823015349,6.907006823015349,0-25%
6.0,11.297791121173095,5.297791121173095,5.297791121173095,25-50%
6.0,10.364598739856536,4.364598739856536,4.364598739856536,25-50%
4.0,10.966826606352841,6.966826606352841,6.966826606352841,0-25%
4.0,10.966826606352841,6.966826606352841,6.966826606352841,0-25%
4.0,10.966826606352841,6.966826606352841,6.966826606352841,0-25%
4.0,11.173215444551778,7.1732154445517775,7.1732154445517775,0-25%
4.0,11.227574567290414,7.227574567290414,7.227574567290414,0-25%
4.0,11.15570790004138,7.15570790004138,7.15570790004138,0-25%
4.0,9.142205244659825,5.142205244659825,5.142205244659825,0-25%
4.0,11.258382513613284,7.2583825136132845,7.2583825136132845,0-25%
4.0,11.186334774933048,7.186334774933048,7.186334774933048,0-25%
4.0,11.15570790004138,7.15570790004138,7.15570790004138,0-25%
4.0,11.186334774933048,7.186334774933048,7.186334774933048,0-25%
4.0,11.186334774933048,7.186334774933048,7.186334774933048,0-25%
4.0,10.758718943701663,6.758718943701663,6.758718943701663,0-25%
4.0,10.78834558634037,6.78834558634037,6.78834558634037,0-25%
4.0,11.15570790004138,7.15570790004138,7.15570790004138,0-25%
4.0,10.78834558634037,6.78834558634037,6.78834558634037,0-25%
4.0,10.78834558634037,6.78834558634037,6.78834558634037,0-25%
4.0,10.758718943701663,6.758718943701663,6.758718943701663,0-25%
4.0,10.78834558634037,6.78834558634037,6.78834558634037,0-25%
7.0,11.167445097655708,4.167445097655708,4.167445097655708,25-50%
7.0,10.435997937530919,3.435997937530919,3.435997937530919,25-50%
5.0,11.634720888881857,6.634720888881857,6.634720888881857,0-25%
4.0,10.94791404283594,6.94791404283594,6.94791404283594,0-25%
4.0,10.551855763259304,6.551855763259304,6.551855763259304,0-25%
4.0,10.551855763259304,6.551855763259304,6.551855763259304,0-25%
4.0,10.758718943701663,6.758718943701663,6.758718943701663,0-25%
4.0,10.94791404283594,6.94791404283594,6.94791404283594,0-25%
7.0,11.07832891192692,4.078328911926921,4.078328911926921,25-50%
5.0,10.842928057261767,5.8429280572617674,5.8429280572617674,0-25%
5.0,10.842928057261767,5.8429280572617674,5.8429280572617674,0-25%
5.0,11.508115263509646,6.508115263509646,6.508115263509646,0-25%
4.0,10.888188799637547,6.888188799637547,6.888188799637547,0-25%
4.0,10.78834558634037,6.78834558634037,6.78834558634037,0-25%
4.0,10.133384971441783,6.133384971441783,6.133384971441783,0-25%
4.0,10.78834558634037,6.78834558634037,6.78834558634037,0-25%
4.0,10.917886370417236,6.917886370417236,6.917886370417236,0-25%
7.0,10.83602163932657,3.836021639326569,3.836021639326569,25-50%
5.0,10.842928057261767,5.8429280572617674,5.8429280572617674,0-25%
5.0,10.842928057261767,5.8429280572617674,5.8429280572617674,0-25%
5.0,11.257185907555527,6.257185907555527,6.257185907555527,0-25%
5.0,11.634720888881857,6.634720888881857,6.634720888881857,0-25%
3.0,10.607243268358221,7.607243268358221,7.607243268358221,0-25%
4.0,10.94791404283594,6.94791404283594,6.94791404283594,0-25%
4.0,10.551855763259304,6.551855763259304,6.551855763259304,0-25%
4.0,10.78834558634037,6.78834558634037,6.78834558634037,0-25%
4.0,10.78834558634037,6.78834558634037,6.78834558634037,0-25%
7.0,10.407256820159468,3.4072568201594677,3.4072568201594677,25-50%
7.0,10.435997937530919,3.435997937530919,3.435997937530919,25-50%
5.0,10.813164237158379,5.813164237158379,5.813164237158379,0-25%
5.0,11.226380968560512,6.2263809685605125,6.2263809685605125,0-25%
5.0,11.602967123446911,6.602967123446911,6.602967123446911,0-25%
5.0,11.634720888881857,6.634720888881857,6.634720888881857,0-25%
5.0,11.634720888881857,6.634720888881857,6.634720888881857,0-25%
3.0,11.540320935621853,8.540320935621853,8.540320935621853,0-25%
3.0,11.540320935621853,8.540320935621853,8.540320935621853,0-25%
3.0,11.538013803880158,8.538013803880158,8.538013803880158,0-25%
7.0,10.435997937530919,3.435997937530919,3.435997937530919,25-50%
7.0,10.435997937530919,3.435997937530919,3.435997937530919,25-50%
5.0,10.813164237158379,5.813164237158379,5.813164237158379,0-25%
5.0,10.813164237158379,5.813164237158379,5.813164237158379,0-25%
5.0,11.568734977950484,6.568734977950484,6.568734977950484,0-25%
5.0,11.634720888881857,6.634720888881857,6.634720888881857,0-25%
7.0,10.407256820159468,3.4072568201594677,3.4072568201594677,25-50%
7.0,10.407256820159468,3.4072568201594677,3.4072568201594677,25-50%
5.0,10.813164237158379,5.813164237158379,5.813164237158379,0-25%
5.0,11.226380968560512,6.2263809685605125,6.2263809685605125,0-25%
5.0,11.568734977950484,6.568734977950484,6.568734977950484,0-25%
3.0,11.506258949532763,8.506258949532763,8.506258949532763,0-25%
3.0,11.540320935621853,8.540320935621853,8.540320935621853,0-25%
6.0,9.300730070473316,3.300730070473316,3.300730070473316,25-50%
6.0,8.536272156538258,2.536272156538258,2.536272156538258,25-50%
6.0,8.536272156538258,2.536272156538258,2.536272156538258,25-50%
6.0,8.536272156538258,2.536272156538258,2.536272156538258,25-50%
6.0,10.152401749849666,4.152401749849666,4.152401749849666,25-50%
6.0,10.152401749849666,4.152401749849666,4.152401749849666,25-50%
6.0,9.332005449742738,3.332005449742738,3.332005449742738,25-50%
6.0,9.300730070473316,3.300730070473316,3.300730070473316,25-50%
6.0,8.536272156538258,2.536272156538258,2.536272156538258,25-50%
6.0,9.332005449742738,3.332005449742738,3.332005449742738,25-50%
6.0,9.85794762421644,3.8579476242164397,3.8579476242164397,25-50%
6.0,10.173085656193077,4.173085656193077,4.173085656193077,25-50%
6.0,10.186052091123692,4.186052091123692,4.186052091123692,25-50%
6.0,9.300730070473316,3.300730070473316,3.300730070473316,25-50%
6.0,9.001363466826175,3.0013634668261755,3.0013634668261755,25-50%
6.0,9.209803740539636,3.209803740539636,3.209803740539636,25-50%
6.0,10.20123676835866,4.20123676835866,4.20123676835866,25-50%
6.0,10.173085656193077,4.173085656193077,4.173085656193077,25-50%
6.0,10.272331346142133,4.272331346142133,4.272331346142133,25-50%
6.0,9.300730070473316,3.300730070473316,3.300730070473316,25-50%
6.0,8.66772639398597,2.6677263939859692,2.6677263939859692,25-50%
6.0,8.883072422947752,2.883072422947752,2.883072422947752,25-50%
6.0,10.152401749849666,4.152401749849666,4.152401749849666,25-50%
6.0,10.259264899667057,4.259264899667057,4.259264899667057,25-50%
6.0,10.28763314446941,4.28763314446941,4.28763314446941,25-50%
6.0,10.23120851400499,4.23120851400499,4.23120851400499,25-50%
6.0,9.332005449742738,3.332005449742738,3.332005449742738,25-50%
6.0,10.259264899667057,4.259264899667057,4.259264899667057,25-50%
6.0,10.28763314446941,4.28763314446941,4.28763314446941,25-50%
6.0,10.272331346142133,4.272331346142133,4.272331346142133,25-50%
6.0,10.157939141311148,4.157939141311148,4.157939141311148,25-50%
3.0,10.61892591838993,7.61892591838993,7.61892591838993,0-25%
3.0,9.7788230710498,6.7788230710498,6.7788230710498,0-25%
3.0,9.731627346170011,6.731627346170011,6.731627346170011,0-25%
3.0,8.935190841373359,5.935190841373359,5.935190841373359,0-25%
3.0,9.731627346170011,6.731627346170011,6.731627346170011,0-25%
3.0,9.645591872285177,6.645591872285177,6.645591872285177,0-25%
3.0,10.200405775451648,7.200405775451648,7.200405775451648,0-25%
3.0,9.96655024974886,6.96655024974886,6.96655024974886,0-25%
3.0,10.153809058291841,7.153809058291841,7.153809058291841,0-25%
3.0,9.072144035924834,6.072144035924834,6.072144035924834,0-25%
3.0,9.072144035924834,6.072144035924834,6.072144035924834,0-25%
3.0,8.935190841373359,5.935190841373359,5.935190841373359,0-25%
3.0,8.855540400242557,5.855540400242557,5.855540400242557,0-25%
3.0,8.855540400242557,5.855540400242557,5.855540400242557,0-25%
3.0,8.855540400242557,5.855540400242557,5.855540400242557,0-25%
3.0,9.69240922896186,6.692409228961861,6.692409228961861,0-25%
3.0,10.504535639560256,7.504535639560256,7.504535639560256,0-25%
3.0,10.153809058291841,7.153809058291841,7.153809058291841,0-25%
3.0,10.225061815580185,7.225061815580185,7.225061815580185,0-25%
3.0,10.181672094415719,7.181672094415719,7.181672094415719,0-25%
3.0,8.935190841373359,5.935190841373359,5.935190841373359,0-25%
3.0,8.884445741684285,5.884445741684285,5.884445741684285,0-25%
3.0,8.855540400242557,5.855540400242557,5.855540400242557,0-25%
3.0,9.645591872285177,6.645591872285177,6.645591872285177,0-25%
3.0,10.221464710485844,7.221464710485844,7.221464710485844,0-25%
3.0,10.564382714016327,7.564382714016327,7.564382714016327,0-25%
3.0,10.225061815580185,7.225061815580185,7.225061815580185,0-25%
3.0,10.181672094415719,7.181672094415719,7.181672094415719,0-25%
3.0,8.935190841373359,5.935190841373359,5.935190841373359,0-25%
3.0,8.935190841373359,5.935190841373359,5.935190841373359,0-25%
3.0,8.855540400242557,5.855540400242557,5.855540400242557,0-25%
3.0,8.855540400242557,5.855540400242557,5.855540400242557,0-25%
3.0,9.516249575649983,6.516249575649983,6.516249575649983,0-25%
3.0,10.488939802775663,7.488939802775663,7.488939802775663,0-25%
3.0,10.13914436503295,7.13914436503295,7.13914436503295,0-25%
3.0,10.11114930440407,7.111149304404069,7.111149304404069,0-25%
3.0,10.153809058291841,7.153809058291841,7.153809058291841,0-25%
3.0,9.731627346170011,6.731627346170011,6.731627346170011,0-25%
3.0,8.935190841373359,5.935190841373359,5.935190841373359,0-25%
3.0,8.935190841373359,5.935190841373359,5.935190841373359,0-25%
3.0,8.855540400242557,5.855540400242557,5.855540400242557,0-25%
3.0,8.991395640810614,5.991395640810614,5.991395640810614,0-25%
3.0,9.075551421963494,6.075551421963494,6.075551421963494,0-25%
3.0,9.268683497936635,6.268683497936635,6.268683497936635,0-25%
3.0,9.299861576461012,6.299861576461012,6.299861576461012,0-25%
3.0,8.935190841373359,5.935190841373359,5.935190841373359,0-25%
3.0,9.227104096518119,6.227104096518119,6.227104096518119,0-25%
3.0,9.938988955176258,6.938988955176258,6.938988955176258,0-25%
3.0,8.617162836835716,5.617162836835716,5.617162836835716,0-25%
3.0,8.617162836835716,5.617162836835716,5.617162836835716,0-25%
3.0,9.39971149401039,6.39971149401039,6.39971149401039,0-25%
3.0,8.814045587489398,5.814045587489398,5.814045587489398,0-25%
3.0,8.572436755553024,5.572436755553024,5.572436755553024,0-25%
3.0,9.612614596482882,6.6126145964828815,6.6126145964828815,0-25%
3.0,9.690916465917347,6.690916465917347,6.690916465917347,0-25%
3.0,9.690916465917347,6.690916465917347,6.690916465917347,0-25%
3.0,9.690916465917347,6.690916465917347,6.690916465917347,0-25%
2.0,8.886455464360848,6.886455464360848,6.886455464360848,0-25%
2.0,8.886455464360848,6.886455464360848,6.886455464360848,0-25%
2.0,8.886455464360848,6.886455464360848,6.886455464360848,0-25%
2.0,8.886455464360848,6.886455464360848,6.886455464360848,0-25%
3.0,8.643063996954158,5.643063996954158,5.643063996954158,0-25%
3.0,8.572436755553024,5.572436755553024,5.572436755553024,0-25%
3.0,8.643063996954158,5.643063996954158,5.643063996954158,0-25%
3.0,9.690916465917347,6.690916465917347,6.690916465917347,0-25%
3.0,9.725477044765782,6.725477044765782,6.725477044765782,0-25%
3.0,9.725477044765782,6.725477044765782,6.725477044765782,0-25%
3.0,9.58642743751695,6.586427437516949,6.586427437516949,0-25%
2.0,9.187401395307258,7.187401395307258,7.187401395307258,0-25%
2.0,9.179260881665032,7.179260881665032,7.179260881665032,0-25%
2.0,8.160624264488215,6.160624264488215,6.160624264488215,0-25%
2.0,8.160624264488215,6.160624264488215,6.160624264488215,0-25%
2.0,8.093530483764843,6.093530483764843,6.093530483764843,0-25%
2.0,8.643063996954158,6.643063996954158,6.643063996954158,0-25%
3.0,8.643063996954158,5.643063996954158,5.643063996954158,0-25%
3.0,8.643063996954158,5.643063996954158,5.643063996954158,0-25%
3.0,8.643063996954158,5.643063996954158,5.643063996954158,0-25%
3.0,8.643063996954158,5.643063996954158,5.643063996954158,0-25%
3.0,9.725477044765782,6.725477044765782,6.725477044765782,0-25%
3.0,9.113710368978836,6.113710368978836,6.113710368978836,0-25%
3.0,8.995808500276329,5.995808500276329,5.995808500276329,0-25%
3.0,8.95002330970783,5.950023309707831,5.950023309707831,0-25%
2.0,9.187401395307258,7.187401395307258,7.187401395307258,0-25%
2.0,9.187401395307258,7.187401395307258,7.187401395307258,0-25%
2.0,9.187401395307258,7.187401395307258,7.187401395307258,0-25%
2.0,9.179260881665032,7.179260881665032,7.179260881665032,0-25%
2.0,8.160624264488215,6.160624264488215,6.160624264488215,0-25%
2.0,8.093530483764843,6.093530483764843,6.093530483764843,0-25%
2.0,8.093530483764843,6.093530483764843,6.093530483764843,0-25%
2.5,8.572436755553024,6.072436755553024,6.072436755553024,0-25%
3.0,8.643063996954158,5.643063996954158,5.643063996954158,0-25%
3.0,8.650775705587293,5.650775705587293,5.650775705587293,0-25%
3.0,8.650775705587293,5.650775705587293,5.650775705587293,0-25%
3.0,9.725477044765782,6.725477044765782,6.725477044765782,0-25%
3.0,8.95002330970783,5.950023309707831,5.950023309707831,0-25%
3.0,8.95002330970783,5.950023309707831,5.950023309707831,0-25%
2.0,9.026903737303783,7.026903737303783,7.026903737303783,0-25%
2.0,9.187401395307258,7.187401395307258,7.187401395307258,0-25%
2.0,9.187401395307258,7.187401395307258,7.187401395307258,0-25%
2.0,8.160624264488215,6.160624264488215,6.160624264488215,0-25%
2.0,8.093530483764843,6.093530483764843,6.093530483764843,0-25%
2.0,8.160624264488215,6.160624264488215,6.160624264488215,0-25%
2.0,8.643063996954158,6.643063996954158,6.643063996954158,0-25%
3.0,8.650775705587293,5.650775705587293,5.650775705587293,0-25%
3.0,8.650775705587293,5.650775705587293,5.650775705587293,0-25%
3.0,8.643063996954158,5.643063996954158,5.643063996954158,0-25%
3.0,8.95002330970783,5.950023309707831,5.950023309707831,0-25%
3.0,8.95002330970783,5.950023309707831,5.950023309707831,0-25%
2.0,8.874712359124755,6.874712359124755,6.874712359124755,0-25%
2.0,9.026903737303783,7.026903737303783,7.026903737303783,0-25%
2.0,9.179260881665032,7.179260881665032,7.179260881665032,0-25%
2.0,9.104706454171701,7.104706454171701,7.104706454171701,0-25%
2.0,8.160624264488215,6.160624264488215,6.160624264488215,0-25%
2.0,8.167950158545091,6.167950158545091,6.167950158545091,0-25%
3.0,8.619764153869406,5.619764153869406,5.619764153869406,0-25%
3.0,8.505567543710264,5.505567543710264,5.505567543710264,0-25%
2.0,9.187401395307258,7.187401395307258,7.187401395307258,0-25%
2.0,9.179260881665032,7.179260881665032,7.179260881665032,0-25%
2.0,9.187401395307258,7.187401395307258,7.187401395307258,0-25%
2.0,8.160624264488215,6.160624264488215,6.160624264488215,0-25%
8.0,10.218065636533733,2.2180656365337335,2.2180656365337335,25-50%
8.0,10.246330077864663,2.2463300778646627,2.2463300778646627,25-50%
8.0,10.289326351513942,2.2893263515139424,2.2893263515139424,25-50%
8.0,10.317770337550975,2.317770337550975,2.317770337550975,25-50%
8.0,10.289326351513942,2.2893263515139424,2.2893263515139424,25-50%
8.0,10.317770337550975,2.317770337550975,2.317770337550975,25-50%
8.0,10.289326351513942,2.2893263515139424,2.2893263515139424,25-50%
8.0,10.317770337550975,2.317770337550975,2.317770337550975,25-50%
8.0,10.276115780239891,2.2761157802398913,2.2761157802398913,25-50%
8.0,10.090720877116002,2.090720877116002,2.090720877116002,25-50%
8.0,10.289326351513942,2.2893263515139424,2.2893263515139424,25-50%
8.0,10.218065636533733,2.2180656365337335,2.2180656365337335,25-50%
8.0,10.289326351513942,2.2893263515139424,2.2893263515139424,25-50%
8.0,10.289326351513942,2.2893263515139424,2.2893263515139424,25-50%
8.0,10.317770337550975,2.317770337550975,2.317770337550975,25-50%
8.0,10.289326351513942,2.2893263515139424,2.2893263515139424,25-50%
8.0,10.317770337550975,2.317770337550975,2.317770337550975,25-50%
8.0,10.394992723610482,2.394992723610482,2.394992723610482,25-50%
8.0,10.317770337550975,2.317770337550975,2.317770337550975,25-50%
8.0,10.317770337550975,2.317770337550975,2.317770337550975,25-50%
8.0,10.317770337550975,2.317770337550975,2.317770337550975,25-50%
8.0,10.317770337550975,2.317770337550975,2.317770337550975,25-50%
8.0,10.317770337550975,2.317770337550975,2.317770337550975,25-50%
8.0,10.261596580373247,2.261596580373247,2.261596580373247,25-50%
8.0,10.218065636533733,2.2180656365337335,2.2180656365337335,25-50%
8.0,10.215172103496183,2.215172103496183,2.215172103496183,25-50%
8.0,10.317770337550975,2.317770337550975,2.317770337550975,25-50%
8.0,10.261596580373247,2.261596580373247,2.261596580373247,25-50%
8.0,10.261596580373247,2.261596580373247,2.261596580373247,25-50%
8.0,10.317770337550975,2.317770337550975,2.317770337550975,25-50%
8.0,10.317770337550975,2.317770337550975,2.317770337550975,25-50%
8.0,10.218065636533733,2.2180656365337335,2.2180656365337335,25-50%
8.0,10.218065636533733,2.2180656365337335,2.2180656365337335,25-50%
8.0,10.186985968842404,2.1869859688424036,2.1869859688424036,25-50%
8.0,10.317770337550975,2.317770337550975,2.317770337550975,25-50%
6.0,10.479479125296542,4.4794791252965425,4.4794791252965425,25-50%
6.0,10.450628730367695,4.450628730367695,4.450628730367695,25-50%
6.0,10.422502755068242,4.422502755068242,4.422502755068242,25-50%
6.0,10.533339491991121,4.533339491991121,4.533339491991121,25-50%
4.0,10.587371700758002,6.587371700758002,6.587371700758002,0-25%
4.0,10.571663569333207,6.571663569333207,6.571663569333207,0-25%
6.0,10.578093834671456,4.578093834671456,4.578093834671456,25-50%
4.0,10.745208534886558,6.745208534886558,6.745208534886558,0-25%
4.0,10.729286435894466,6.7292864358944655,6.7292864358944655,0-25%
4.0,10.036525004678035,6.036525004678035,6.036525004678035,0-25%
4.0,8.862441615928953,4.862441615928953,4.862441615928953,0-25%
4.5,9.87400376430666,5.374003764306661,5.374003764306661,0-25%
4.5,10.729286435894466,6.2292864358944655,6.2292864358944655,0-25%
4.5,10.745208534886558,6.245208534886558,6.245208534886558,0-25%
4.5,10.745208534886558,6.245208534886558,6.245208534886558,0-25%
4.0,10.60817066452698,6.60817066452698,6.60817066452698,0-25%
4.0,10.729286435894466,6.7292864358944655,6.7292864358944655,0-25%
4.0,8.730717134909689,4.730717134909689,4.730717134909689,0-25%
4.0,8.755234132088939,4.755234132088939,4.755234132088939,0-25%
4.5,9.686838310236523,5.1868383102365225,5.1868383102365225,0-25%
4.5,9.901401325649822,5.401401325649822,5.401401325649822,0-25%
4.333333333333333,9.886914864192992,5.553581530859659,5.553581530859659,0-25%
4.333333333333333,10.442844313241476,6.109510979908143,6.109510979908143,0-25%
4.5,10.699808221576934,6.199808221576934,6.199808221576934,0-25%
4.5,10.60817066452698,6.10817066452698,6.10817066452698,0-25%
4.5,10.40324732331851,5.90324732331851,5.90324732331851,0-25%
4.0,10.60817066452698,6.60817066452698,6.60817066452698,0-25%
4.0,8.597093507758558,4.597093507758558,4.597093507758558,0-25%
4.0,8.76033808491747,4.7603380849174695,4.7603380849174695,0-25%
4.5,9.65997999180362,5.15997999180362,5.15997999180362,0-25%
4.5,9.686838310236523,5.1868383102365225,5.1868383102365225,0-25%
4.333333333333333,9.808689911503567,5.475356578170234,5.475356578170234,0-25%
4.333333333333333,10.239088333567665,5.905755000234332,5.905755000234332,0-25%
4.333333333333333,9.833202504226293,5.49986917089296,5.49986917089296,0-25%
4.5,10.745208534886558,6.245208534886558,6.245208534886558,0-25%
4.0,10.729286435894466,6.7292864358944655,6.7292864358944655,0-25%
4.0,8.862441615928953,4.862441615928953,4.862441615928953,0-25%
4.0,8.76033808491747,4.7603380849174695,4.7603380849174695,0-25%
4.5,9.686838310236523,5.1868383102365225,5.1868383102365225,0-25%
4.5,9.686838310236523,5.1868383102365225,5.1868383102365225,0-25%
4.5,10.412307793614104,5.912307793614104,5.912307793614104,0-25%
4.333333333333333,9.29505684788397,4.961723514550637,4.961723514550637,0-25%
4.333333333333333,9.29505684788397,4.961723514550637,4.961723514550637,0-25%
4.5,9.95708426861055,5.457084268610551,5.457084268610551,0-25%
4.5,10.745208534886558,6.245208534886558,6.245208534886558,0-25%
4.0,8.837655183332437,4.837655183332437,4.837655183332437,0-25%
4.0,8.850900760093394,4.850900760093394,4.850900760093394,0-25%
4.0,8.61219272084955,4.612192720849549,4.612192720849549,0-25%
4.5,9.62126890756445,5.121268907564451,5.121268907564451,0-25%
4.5,9.686838310236523,5.1868383102365225,5.1868383102365225,0-25%
4.5,9.760333705595448,5.260333705595448,5.260333705595448,0-25%
4.5,9.541578344398168,5.041578344398168,5.041578344398168,0-25%
4.5,8.864434397860538,4.364434397860538,4.364434397860538,0-25%
5.0,9.873399974886947,4.873399974886947,4.873399974886947,0-25%
5.0,9.95708426861055,4.957084268610551,4.957084268610551,0-25%
4.0,8.793271392594242,4.793271392594242,4.793271392594242,0-25%
4.0,8.61219272084955,4.612192720849549,4.612192720849549,0-25%
4.5,9.774940484906772,5.274940484906772,5.274940484906772,0-25%
4.5,9.721258192804697,5.221258192804697,5.221258192804697,0-25%
4.5,9.489927820798902,4.989927820798902,4.989927820798902,0-25%
5.0,8.940689468188989,3.940689468188989,3.940689468188989,0-25%
5.0,9.246008560966311,4.246008560966311,4.246008560966311,0-25%
4.0,8.83565617240663,4.83565617240663,4.83565617240663,0-25%
3.0,8.401549177710564,5.401549177710564,5.401549177710564,0-25%
3.0,8.275980456045248,5.275980456045248,5.275980456045248,0-25%
3.0,8.401549177710564,5.401549177710564,5.401549177710564,0-25%
3.0,8.401549177710564,5.401549177710564,5.401549177710564,0-25%
3.0,8.377921066734498,5.377921066734498,5.377921066734498,0-25%
3.0,8.377921066734498,5.377921066734498,5.377921066734498,0-25%
3.0,8.311975269890294,5.311975269890294,5.311975269890294,0-25%
3.0,8.274783903689679,5.274783903689679,5.274783903689679,0-25%
3.0,8.414311454214308,5.4143114542143085,5.4143114542143085,0-25%
3.0,8.345914402986628,5.345914402986628,5.345914402986628,0-25%
3.0,8.377921066734498,5.377921066734498,5.377921066734498,0-25%
3.0,8.377921066734498,5.377921066734498,5.377921066734498,0-25%
3.0,8.414311454214308,5.4143114542143085,5.4143114542143085,0-25%
3.0,8.097447083734163,5.097447083734163,5.097447083734163,0-25%
3.0,7.46470930255013,4.46470930255013,4.46470930255013,0-25%
3.0,8.341187214565586,5.341187214565586,5.341187214565586,0-25%
3.0,9.576062991074824,6.576062991074824,6.576062991074824,0-25%
3.0,8.972339513210198,5.972339513210198,5.972339513210198,0-25%
3.0,9.723446197971185,6.723446197971185,6.723446197971185,0-25%
3.0,9.750464422480485,6.750464422480485,6.750464422480485,0-25%
3.0,9.750464422480485,6.750464422480485,6.750464422480485,0-25%
3.0,9.358445899156338,6.358445899156338,6.358445899156338,0-25%
3.0,9.137207367922612,6.137207367922612,6.137207367922612,0-25%
3.0,8.98236041498906,5.98236041498906,5.98236041498906,0-25%
3.0,8.369549201625091,5.369549201625091,5.369549201625091,0-25%
3.0,8.341187214565586,5.341187214565586,5.341187214565586,0-25%
3.0,8.382268039272624,5.382268039272624,5.382268039272624,0-25%
3.0,9.358445899156338,6.358445899156338,6.358445899156338,0-25%
3.0,8.382268039272624,5.382268039272624,5.382268039272624,0-25%
5.0,8.751942022143975,3.751942022143975,3.751942022143975,0-25%
11.0,8.241290104439603,-2.758709895560397,2.758709895560397,50-75%
11.0,8.241290104439603,-2.758709895560397,2.758709895560397,50-75%
11.0,8.21806475891172,-2.7819352410882807,2.7819352410882807,50-75%
11.0,8.241290104439603,-2.758709895560397,2.758709895560397,50-75%
3.0,8.241290104439603,5.241290104439603,5.241290104439603,0-25%
3.0,8.207277941548602,5.207277941548602,5.207277941548602,0-25%
3.0,8.323347953235048,5.323347953235048,5.323347953235048,0-25%
3.0,8.551450165840395,5.551450165840395,5.551450165840395,0-25%
3.0,8.551450165840395,5.551450165840395,5.551450165840395,0-25%
5.0,8.761210187499376,3.761210187499376,3.761210187499376,0-25%
5.0,8.863322841632645,3.8633228416326446,3.8633228416326446,0-25%
5.0,8.838534194326796,3.8385341943267957,3.8385341943267957,0-25%
5.0,8.77651249641985,3.7765124964198495,3.7765124964198495,0-25%
5.0,8.751942022143975,3.751942022143975,3.751942022143975,0-25%
5.0,8.836769270479781,3.836769270479781,3.836769270479781,0-25%
11.0,8.241290104439603,-2.758709895560397,2.758709895560397,50-75%
11.0,8.159878303404938,-2.8401216965950624,2.8401216965950624,50-75%
11.0,8.21806475891172,-2.7819352410882807,2.7819352410882807,50-75%
11.0,8.159878303404938,-2.8401216965950624,2.8401216965950624,50-75%
11.0,8.21806475891172,-2.7819352410882807,2.7819352410882807,50-75%
7.0,8.21806475891172,1.2180647589117193,1.2180647589117193,25-50%
3.0,8.241290104439603,5.241290104439603,5.241290104439603,0-25%
3.0,8.21806475891172,5.218064758911719,5.218064758911719,0-25%
3.0,8.323347953235048,5.323347953235048,5.323347953235048,0-25%
3.0,8.527445321507304,5.5274453215073045,5.5274453215073045,0-25%
3.0,8.156385486578529,5.156385486578529,5.156385486578529,0-25%
3.0,8.156385486578529,5.156385486578529,5.156385486578529,0-25%
5.0,8.613051586394647,3.613051586394647,3.613051586394647,0-25%
5.0,8.756105778624098,3.7561057786240983,3.7561057786240983,0-25%
5.0,8.838534194326796,3.8385341943267957,3.8385341943267957,0-25%
5.0,8.838534194326796,3.8385341943267957,3.8385341943267957,0-25%
5.0,8.863322841632645,3.8633228416326446,3.8633228416326446,0-25%
5.0,8.863322841632645,3.8633228416326446,3.8633228416326446,0-25%
8.0,8.16413164898594,0.1641316489859399,0.1641316489859399,25-50%
11.0,8.241290104439603,-2.758709895560397,2.758709895560397,50-75%
11.0,8.241290104439603,-2.758709895560397,2.758709895560397,50-75%
11.0,8.241290104439603,-2.758709895560397,2.758709895560397,50-75%
7.0,8.241290104439603,1.241290104439603,1.241290104439603,25-50%
7.0,8.241290104439603,1.241290104439603,1.241290104439603,25-50%
3.0,8.195422590710919,5.195422590710919,5.195422590710919,0-25%
3.0,8.159878303404938,5.159878303404938,5.159878303404938,0-25%
3.0,8.156385486578529,5.156385486578529,5.156385486578529,0-25%
3.0,8.156385486578529,5.156385486578529,5.156385486578529,0-25%
3.0,8.13337352457875,5.133373524578751,5.133373524578751,0-25%
5.0,8.736678171210215,3.7366781712102153,3.7366781712102153,0-25%
5.0,8.863322841632645,3.8633228416326446,3.8633228416326446,0-25%
5.0,8.863322841632645,3.8633228416326446,3.8633228416326446,0-25%
5.0,8.863322841632645,3.8633228416326446,3.8633228416326446,0-25%
5.0,8.863322841632645,3.8633228416326446,3.8633228416326446,0-25%
8.0,8.16413164898594,0.1641316489859399,0.1641316489859399,25-50%
11.0,8.120235472193801,-2.8797645278061985,2.8797645278061985,50-75%
11.0,8.241290104439603,-2.758709895560397,2.758709895560397,50-75%
11.0,8.195422590710919,-2.804577409289081,2.804577409289081,50-75%
11.0,8.195422590710919,-2.804577409289081,2.804577409289081,50-75%
7.0,8.241290104439603,1.241290104439603,1.241290104439603,25-50%
7.0,8.241290104439603,1.241290104439603,1.241290104439603,25-50%
3.0,8.159878303404938,5.159878303404938,5.159878303404938,0-25%
3.0,8.159878303404938,5.159878303404938,5.159878303404938,0-25%
3.0,8.13337352457875,5.133373524578751,5.133373524578751,0-25%
3.0,8.13337352457875,5.133373524578751,5.133373524578751,0-25%
3.0,8.13337352457875,5.133373524578751,5.133373524578751,0-25%
5.0,8.761210187499376,3.761210187499376,3.761210187499376,0-25%
5.0,8.756105778624098,3.7561057786240983,3.7561057786240983,0-25%
5.0,8.838534194326796,3.8385341943267957,3.8385341943267957,0-25%
5.0,8.838534194326796,3.8385341943267957,3.8385341943267957,0-25%
5.0,8.863322841632645,3.8633228416326446,3.8633228416326446,0-25%
8.0,8.268798851749077,0.2687988517490769,0.2687988517490769,25-50%
8.0,8.268798851749077,0.2687988517490769,0.2687988517490769,25-50%
11.0,8.120235472193801,-2.8797645278061985,2.8797645278061985,50-75%
11.0,8.241290104439603,-2.758709895560397,2.758709895560397,50-75%
11.0,8.241290104439603,-2.758709895560397,2.758709895560397,50-75%
7.0,8.21806475891172,1.2180647589117193,1.2180647589117193,25-50%
7.0,8.195422590710919,1.195422590710919,1.195422590710919,25-50%
3.0,8.201796135853648,5.201796135853648,5.201796135853648,0-25%
3.0,8.176302545841631,5.176302545841631,5.176302545841631,0-25%
3.0,8.13337352457875,5.133373524578751,5.133373524578751,0-25%
3.0,8.13337352457875,5.133373524578751,5.133373524578751,0-25%
5.0,8.863322841632645,3.8633228416326446,3.8633228416326446,0-25%
5.0,8.863322841632645,3.8633228416326446,3.8633228416326446,0-25%
5.0,8.838534194326796,3.8385341943267957,3.8385341943267957,0-25%
5.0,8.863322841632645,3.8633228416326446,3.8633228416326446,0-25%
5.0,8.863322841632645,3.8633228416326446,3.8633228416326446,0-25%
5.0,8.863322841632645,3.8633228416326446,3.8633228416326446,0-25%
11.0,8.201218418827692,-2.7987815811723085,2.7987815811723085,50-75%
11.0,8.120235472193801,-2.8797645278061985,2.8797645278061985,50-75%
11.0,8.097314362939196,-2.902685637060804,2.902685637060804,50-75%
11.0,8.195422590710919,-2.804577409289081,2.804577409289081,50-75%
11.0,8.182957045435284,-2.817042954564716,2.817042954564716,50-75%
3.0,8.237503082469114,5.2375030824691144,5.2375030824691144,0-25%
3.0,8.237503082469114,5.2375030824691144,5.2375030824691144,0-25%
3.0,8.224980491824432,5.224980491824432,5.224980491824432,0-25%
3.0,8.283503298752867,5.283503298752867,5.283503298752867,0-25%
3.0,8.281108757272234,5.281108757272234,5.281108757272234,0-25%
5.0,8.863322841632645,3.8633228416326446,3.8633228416326446,0-25%
5.0,8.838534194326796,3.8385341943267957,3.8385341943267957,0-25%
5.0,8.863322841632645,3.8633228416326446,3.8633228416326446,0-25%
5.0,8.863322841632645,3.8633228416326446,3.8633228416326446,0-25%
3.0,7.907635626482968,4.907635626482968,4.907635626482968,0-25%
3.0,7.8852488262717975,4.8852488262717975,4.8852488262717975,0-25%
3.0,7.907635626482968,4.907635626482968,4.907635626482968,0-25%
3.0,7.897310242978982,4.897310242978982,4.897310242978982,0-25%
3.0,7.907635626482968,4.907635626482968,4.907635626482968,0-25%
3.0,7.8852488262717975,4.8852488262717975,4.8852488262717975,0-25%
3.0,7.848524781094879,4.848524781094879,4.848524781094879,0-25%
3.0,7.919727432493971,4.919727432493971,4.919727432493971,0-25%
3.0,7.787530008810255,4.787530008810255,4.787530008810255,0-25%
3.0,7.629512632580411,4.629512632580411,4.629512632580411,0-25%
3.0,8.18265551419348,5.182655514193479,5.182655514193479,0-25%
3.0,7.787530008810255,4.787530008810255,4.787530008810255,0-25%
3.0,7.075311630018126,4.075311630018126,4.075311630018126,0-25%
3.0,7.810807149350436,4.810807149350436,4.810807149350436,0-25%
3.0,8.143800082120574,5.143800082120574,5.143800082120574,0-25%
3.0,8.143800082120574,5.143800082120574,5.143800082120574,0-25%
3.0,8.18265551419348,5.182655514193479,5.182655514193479,0-25%
3.0,7.141212319108822,4.141212319108822,4.141212319108822,0-25%
3.0,8.054523392065764,5.054523392065764,5.054523392065764,0-25%
3.0,8.2343266540544,5.234326654054399,5.234326654054399,0-25%
3.0,8.257592972188085,5.257592972188085,5.257592972188085,0-25%
3.0,8.2343266540544,5.234326654054399,5.234326654054399,0-25%
3.0,8.042248853274353,5.042248853274353,5.042248853274353,0-25%
3.0,8.257592972188085,5.257592972188085,5.257592972188085,0-25%
3.0,6.933784762965104,3.9337847629651037,3.9337847629651037,0-25%
3.0,7.885847257129704,4.885847257129704,4.885847257129704,0-25%
9.0,8.109650468579446,-0.8903495314205543,0.8903495314205543,50-75%
9.0,8.071103949607597,-0.9288960503924031,0.9288960503924031,50-75%
9.0,8.13260265922949,-0.8673973407705091,0.8673973407705091,50-75%
9.0,7.141212319108822,-1.8587876808911776,1.8587876808911776,50-75%
9.0,7.5255806433182535,-1.4744193566817465,1.4744193566817465,50-75%
9.0,8.019523741131675,-0.9804762588683253,0.9804762588683253,50-75%
9.0,8.071103949607597,-0.9288960503924031,0.9288960503924031,50-75%
9.0,8.109650468579446,-0.8903495314205543,0.8903495314205543,50-75%
9.0,8.109650468579446,-0.8903495314205543,0.8903495314205543,50-75%
9.0,7.816502671318635,-1.1834973286813648,1.1834973286813648,50-75%
9.0,7.5255806433182535,-1.4744193566817465,1.4744193566817465,50-75%
9.0,7.908235565115426,-1.091764434884574,1.091764434884574,50-75%
9.0,8.019523741131675,-0.9804762588683253,0.9804762588683253,50-75%
9.0,8.019523741131675,-0.9804762588683253,0.9804762588683253,50-75%
9.0,7.99453513706294,-1.0054648629370604,1.0054648629370604,50-75%
9.0,8.13260265922949,-0.8673973407705091,0.8673973407705091,50-75%
9.0,7.816502671318635,-1.1834973286813648,1.1834973286813648,50-75%
9.0,7.141212319108822,-1.8587876808911776,1.8587876808911776,50-75%
9.0,7.746162398513998,-1.2538376014860022,1.2538376014860022,50-75%
9.0,8.019523741131675,-0.9804762588683253,0.9804762588683253,50-75%
9.0,8.019523741131675,-0.9804762588683253,0.9804762588683253,50-75%
9.0,8.019523741131675,-0.9804762588683253,0.9804762588683253,50-75%
9.0,7.955448698689742,-1.0445513013102579,1.0445513013102579,50-75%
9.0,7.980328712873833,-1.019671287126167,1.019671287126167,50-75%
9.0,7.5255806433182535,-1.4744193566817465,1.4744193566817465,50-75%
9.0,8.042248853274353,-0.9577511467256468,0.9577511467256468,50-75%
9.0,8.019523741131675,-0.9804762588683253,0.9804762588683253,50-75%
9.0,8.042248853274353,-0.9577511467256468,0.9577511467256468,50-75%
9.0,7.860385884804247,-1.1396141151957533,1.1396141151957533,50-75%
9.0,7.980328712873833,-1.019671287126167,1.019671287126167,50-75%
9.0,7.980328712873833,-1.019671287126167,1.019671287126167,50-75%
22.0,8.746600347238918,-13.253399652761082,13.253399652761082,75-100%
22.0,8.527292385404744,-13.472707614595256,13.472707614595256,75-100%
15.5,7.908235565115426,-7.591764434884574,7.591764434884574,75-100%
15.5,8.019523741131675,-7.480476258868325,7.480476258868325,75-100%
15.5,8.019523741131675,-7.480476258868325,7.480476258868325,75-100%
9.0,7.894768012066164,-1.105231987933836,1.105231987933836,50-75%
9.0,7.859242941947483,-1.1407570580525173,1.1407570580525173,50-75%
9.0,7.992519197225064,-1.0074808027749356,1.0074808027749356,50-75%
22.0,8.640652090213594,-13.359347909786406,13.359347909786406,75-100%
22.0,8.7221050486141,-13.2778949513859,13.2778949513859,75-100%
22.0,8.746600347238918,-13.253399652761082,13.253399652761082,75-100%
22.0,8.7221050486141,-13.2778949513859,13.2778949513859,75-100%
22.0,8.019523741131675,-13.980476258868325,13.980476258868325,75-100%
22.0,7.974831556563353,-14.025168443436648,14.025168443436648,75-100%
22.0,8.746600347238918,-13.253399652761082,13.253399652761082,75-100%
22.0,8.746600347238918,-13.253399652761082,13.253399652761082,75-100%
22.0,8.7221050486141,-13.2778949513859,13.2778949513859,75-100%
22.0,8.7221050486141,-13.2778949513859,13.2778949513859,75-100%
22.0,8.7221050486141,-13.2778949513859,13.2778949513859,75-100%
22.0,8.660817315051876,-13.339182684948124,13.339182684948124,75-100%
22.0,7.890971861348879,-14.109028138651121,14.109028138651121,75-100%
22.0,7.913373081014742,-14.086626918985258,14.086626918985258,75-100%
22.0,8.746600347238918,-13.253399652761082,13.253399652761082,75-100%
22.0,8.746600347238918,-13.253399652761082,13.253399652761082,75-100%
22.0,8.73530246858006,-13.26469753141994,13.26469753141994,75-100%
22.0,8.73530246858006,-13.26469753141994,13.26469753141994,75-100%
22.0,8.73530246858006,-13.26469753141994,13.26469753141994,75-100%
22.0,8.530556213284552,-13.469443786715448,13.469443786715448,75-100%
22.0,7.404068748744442,-14.595931251255557,14.595931251255557,75-100%
22.0,8.73530246858006,-13.26469753141994,13.26469753141994,75-100%
22.0,8.73530246858006,-13.26469753141994,13.26469753141994,75-100%
22.0,8.591017577044068,-13.408982422955932,13.408982422955932,75-100%
22.0,7.105047271237507,-14.894952728762494,14.894952728762494,75-100%
22.0,7.932845066602092,-14.067154933397909,14.067154933397909,75-100%
22.0,7.800453229193625,-14.199546770806375,14.199546770806375,75-100%
22.0,7.898044726729489,-14.101955273270512,14.101955273270512,75-100%
2.0,9.985581910011184,7.9855819100111844,7.9855819100111844,0-25%
2.0,9.985581910011184,7.9855819100111844,7.9855819100111844,0-25%
2.0,10.013260597713852,8.013260597713852,8.013260597713852,0-25%
2.0,9.98678523492864,7.9867852349286395,7.9867852349286395,0-25%
2.0,10.013260597713852,8.013260597713852,8.013260597713852,0-25%
2.0,10.013260597713852,8.013260597713852,8.013260597713852,0-25%
2.0,9.678203106998824,7.678203106998824,7.678203106998824,0-25%
2.0,9.678203106998824,7.678203106998824,7.678203106998824,0-25%
2.0,9.503441176731368,7.503441176731368,7.503441176731368,0-25%
2.0,9.98678523492864,7.9867852349286395,7.9867852349286395,0-25%
2.0,9.98678523492864,7.9867852349286395,7.9867852349286395,0-25%
2.0,9.985581910011184,7.9855819100111844,7.9855819100111844,0-25%
2.0,10.013260597713852,8.013260597713852,8.013260597713852,0-25%
2.0,9.790033942082962,7.790033942082962,7.790033942082962,0-25%
2.0,8.44896296013924,6.448962960139241,6.448962960139241,0-25%
2.0,8.41138358141634,6.41138358141634,6.41138358141634,0-25%
2.0,9.98678523492864,7.9867852349286395,7.9867852349286395,0-25%
2.0,9.946348853770198,7.946348853770198,7.946348853770198,0-25%
2.0,9.98678523492864,7.9867852349286395,7.9867852349286395,0-25%
2.0,10.013260597713852,8.013260597713852,8.013260597713852,0-25%
2.0,10.013260597713852,8.013260597713852,8.013260597713852,0-25%
2.0,9.790033942082962,7.790033942082962,7.790033942082962,0-25%
2.0,8.425215688151319,6.425215688151319,6.425215688151319,0-25%
2.0,8.44896296013924,6.448962960139241,6.448962960139241,0-25%
2.0,9.959173085495165,7.959173085495165,7.959173085495165,0-25%
2.0,9.98678523492864,7.9867852349286395,7.9867852349286395,0-25%
2.0,9.985581910011184,7.9855819100111844,7.9855819100111844,0-25%
2.0,9.790033942082962,7.790033942082962,7.790033942082962,0-25%
2.0,8.44896296013924,6.448962960139241,6.448962960139241,0-25%
2.0,8.44896296013924,6.448962960139241,6.448962960139241,0-25%
2.0,8.44896296013924,6.448962960139241,6.448962960139241,0-25%
2.0,9.916839749053768,7.916839749053768,7.916839749053768,0-25%
2.0,9.87464143954859,7.87464143954859,7.87464143954859,0-25%
2.0,9.790033942082962,7.790033942082962,7.790033942082962,0-25%
2.0,9.790033942082962,7.790033942082962,7.790033942082962,0-25%
2.0,8.425215688151319,6.425215688151319,6.425215688151319,0-25%
2.0,8.425215688151319,6.425215688151319,6.425215688151319,0-25%
4.0,8.44896296013924,4.448962960139241,4.448962960139241,0-25%
4.0,8.44896296013924,4.448962960139241,4.448962960139241,0-25%
4.0,8.621260442096876,4.621260442096876,4.621260442096876,0-25%
4.0,8.365404775001842,4.365404775001842,4.365404775001842,0-25%
4.0,8.389001350595178,4.389001350595178,4.389001350595178,0-25%
1.0,9.87464143954859,8.87464143954859,8.87464143954859,0-25%
1.5,9.762916270877934,8.262916270877934,8.262916270877934,0-25%
1.5,8.425215688151319,6.925215688151319,6.925215688151319,0-25%
1.5,8.425215688151319,6.925215688151319,6.925215688151319,0-25%
1.0,8.44896296013924,7.448962960139241,7.448962960139241,0-25%
2.5,8.706692229829619,6.206692229829619,6.206692229829619,0-25%
4.0,8.621260442096876,4.621260442096876,4.621260442096876,0-25%
4.0,8.621260442096876,4.621260442096876,4.621260442096876,0-25%
4.0,8.621260442096876,4.621260442096876,4.621260442096876,0-25%
4.0,8.389001350595178,4.389001350595178,4.389001350595178,0-25%
4.0,8.390912345927099,4.390912345927099,4.390912345927099,0-25%
4.0,8.378181789840863,4.378181789840863,4.378181789840863,0-25%
1.0,9.849597535421875,8.849597535421875,8.849597535421875,0-25%
1.0,9.834815835534414,8.834815835534414,8.834815835534414,0-25%
1.0,8.597080149555891,7.597080149555891,7.597080149555891,0-25%
1.0,8.597080149555891,7.597080149555891,7.597080149555891,0-25%
1.0,8.621260442096876,7.621260442096876,7.621260442096876,0-25%
2.5,8.621260442096876,6.121260442096876,6.121260442096876,0-25%
2.5,8.621260442096876,6.121260442096876,6.121260442096876,0-25%
4.0,8.706692229829619,4.706692229829619,4.706692229829619,0-25%
4.0,8.706692229829619,4.706692229829619,4.706692229829619,0-25%
4.0,8.68229722886949,4.682297228869491,4.682297228869491,0-25%
4.0,8.498169701483613,4.498169701483613,4.498169701483613,0-25%
4.0,7.835952868556028,3.835952868556028,3.835952868556028,0-25%
4.0,8.196212978549221,4.196212978549221,4.196212978549221,0-25%
1.0,9.891698663753456,8.891698663753456,8.891698663753456,0-25%
1.0,9.876933604129253,8.876933604129253,8.876933604129253,0-25%
1.0,8.501123517766137,7.501123517766137,7.501123517766137,0-25%
1.0,8.512084915768261,7.512084915768261,7.512084915768261,0-25%
1.0,8.597080149555891,7.597080149555891,7.597080149555891,0-25%
1.0,8.621260442096876,7.621260442096876,7.621260442096876,0-25%
2.5,8.621260442096876,6.121260442096876,6.121260442096876,0-25%
2.5,8.597080149555891,6.097080149555891,6.097080149555891,0-25%
4.0,8.597080149555891,4.597080149555891,4.597080149555891,0-25%
4.0,8.523054766892951,4.523054766892951,4.523054766892951,0-25%
4.0,8.560008335865502,4.560008335865502,4.560008335865502,0-25%
4.0,8.378181789840863,4.378181789840863,4.378181789840863,0-25%
4.0,8.154090286450852,4.154090286450852,4.154090286450852,0-25%
1.0,9.672211062128945,8.672211062128945,8.672211062128945,0-25%
1.0,8.52506204308295,7.525062043082951,7.525062043082951,0-25%
1.0,8.537991984011978,7.537991984011978,7.537991984011978,0-25%
1.0,8.621260442096876,7.621260442096876,7.621260442096876,0-25%
1.0,8.621260442096876,7.621260442096876,7.621260442096876,0-25%
2.5,8.621260442096876,6.121260442096876,6.121260442096876,0-25%
2.5,8.621260442096876,6.121260442096876,6.121260442096876,0-25%
4.0,8.560008335865502,4.560008335865502,4.560008335865502,0-25%
4.0,8.547048549018232,4.547048549018232,4.547048549018232,0-25%
4.0,8.621260442096876,4.621260442096876,4.621260442096876,0-25%
4.0,8.154090286450852,4.154090286450852,4.154090286450852,0-25%
1.0,9.672211062128945,8.672211062128945,8.672211062128945,0-25%
1.0,9.834815835534414,8.834815835534414,8.834815835534414,0-25%
1.0,8.512084915768261,7.512084915768261,7.512084915768261,0-25%
1.0,8.621260442096876,7.621260442096876,7.621260442096876,0-25%
1.0,8.560008335865502,7.560008335865502,7.560008335865502,0-25%
1.0,8.523054766892951,7.523054766892951,7.523054766892951,0-25%
4.0,8.597080149555891,4.597080149555891,4.597080149555891,0-25%
4.0,8.416482424695992,4.416482424695992,4.416482424695992,0-25%
4.0,8.335614887553579,4.335614887553579,4.335614887553579,0-25%
1.0,9.876933604129253,8.876933604129253,8.876933604129253,0-25%
1.0,9.834815835534414,8.834815835534414,8.834815835534414,0-25%
1.0,9.849597535421875,8.849597535421875,8.849597535421875,0-25%
1.0,8.597080149555891,7.597080149555891,7.597080149555891,0-25%
20.0,7.417625486465326,-12.582374513534674,12.582374513534674,75-100%
20.0,7.417625486465326,-12.582374513534674,12.582374513534674,75-100%
5.0,8.864778381671263,3.864778381671263,3.864778381671263,0-25%
5.0,8.184921927675255,3.184921927675255,3.184921927675255,0-25%
20.0,7.417625486465326,-12.582374513534674,12.582374513534674,75-100%
20.0,7.417625486465326,-12.582374513534674,12.582374513534674,75-100%
20.0,8.456787834986946,-11.543212165013054,11.543212165013054,75-100%
5.0,8.864778381671263,3.864778381671263,3.864778381671263,0-25%
5.0,8.864778381671263,3.864778381671263,3.864778381671263,0-25%
5.0,8.373984372040077,3.373984372040077,3.373984372040077,0-25%
5.0,8.184921927675255,3.184921927675255,3.184921927675255,0-25%
5.0,8.184921927675255,3.184921927675255,3.184921927675255,0-25%
5.0,8.184921927675255,3.184921927675255,3.184921927675255,0-25%
20.0,7.446799678100831,-12.553200321899169,12.553200321899169,75-100%
20.0,7.553318410190354,-12.446681589809646,12.446681589809646,75-100%
20.0,7.803592390152858,-12.196407609847142,12.196407609847142,75-100%
5.0,8.839986076280889,3.839986076280889,3.839986076280889,0-25%
5.0,8.753381125607932,3.753381125607932,3.753381125607932,0-25%
5.0,8.161838247474108,3.1618382474741082,3.1618382474741082,0-25%
5.0,8.184921927675255,3.184921927675255,3.184921927675255,0-25%
5.0,9.224939645759282,4.224939645759282,4.224939645759282,0-25%
20.0,8.098807303088911,-11.901192696911089,11.901192696911089,75-100%
20.0,7.417625486465326,-12.582374513534674,12.582374513534674,75-100%
20.0,7.553318410190354,-12.446681589809646,12.446681589809646,75-100%
20.0,7.508279907556404,-12.491720092443597,12.491720092443597,75-100%
5.0,8.753381125607932,3.753381125607932,3.753381125607932,0-25%
5.0,8.753381125607932,3.753381125607932,3.753381125607932,0-25%
5.0,8.777955225772327,3.7779552257723275,3.7779552257723275,0-25%
5.0,7.802276924616062,2.802276924616062,2.802276924616062,0-25%
20.0,8.098807303088911,-11.901192696911089,11.901192696911089,75-100%
20.0,8.098807303088911,-11.901192696911089,11.901192696911089,75-100%
20.0,8.685751770862646,-11.314248229137354,11.314248229137354,75-100%
20.0,8.685751770862646,-11.314248229137354,11.314248229137354,75-100%
2.0,8.723840609628327,6.723840609628327,6.723840609628327,0-25%
5.0,8.753381125607932,3.753381125607932,3.753381125607932,0-25%
5.0,8.72582417313538,3.725824173135379,3.725824173135379,0-25%
5.0,8.777955225772327,3.7779552257723275,3.7779552257723275,0-25%
5.0,10.001079711105731,5.0010797111057315,5.0010797111057315,0-25%
5.0,9.650157065507118,4.650157065507118,4.650157065507118,0-25%
20.0,8.098807303088911,-11.901192696911089,11.901192696911089,75-100%
20.0,8.067381158509793,-11.932618841490207,11.932618841490207,75-100%
20.0,8.715159934951087,-11.284840065048913,11.284840065048913,75-100%
2.0,8.067381158509793,6.067381158509793,6.067381158509793,0-25%
2.0,8.745671194834602,6.7456711948346015,6.7456711948346015,0-25%
2.0,9.400489617162505,7.4004896171625045,7.4004896171625045,0-25%
2.0,10.103924384919825,8.103924384919825,8.103924384919825,0-25%
2.0,9.942427584741795,7.942427584741795,7.942427584741795,0-25%
5.0,9.973431636585543,4.973431636585543,4.973431636585543,0-25%
5.0,9.973431636585543,4.973431636585543,4.973431636585543,0-25%
5.0,9.853985400063106,4.853985400063106,4.853985400063106,0-25%
5.0,9.114838500900472,4.114838500900472,4.114838500900472,0-25%
20.0,7.446799678100831,-12.553200321899169,12.553200321899169,75-100%
20.0,8.067381158509793,-11.932618841490207,11.932618841490207,75-100%
2.0,8.685751770862646,6.685751770862646,6.685751770862646,0-25%
2.0,8.067381158509793,6.067381158509793,6.067381158509793,0-25%
2.0,9.400489617162505,7.4004896171625045,7.4004896171625045,0-25%
2.0,9.90757312016337,7.90757312016337,7.90757312016337,0-25%
2.0,10.103924384919825,8.103924384919825,8.103924384919825,0-25%
2.0,10.103924384919825,8.103924384919825,8.103924384919825,0-25%
2.0,10.088796185252043,8.088796185252043,8.088796185252043,0-25%
2.0,9.725973524376506,7.725973524376506,7.725973524376506,0-25%
2.0,8.685751770862646,6.685751770862646,6.685751770862646,0-25%
2.0,9.70912474027945,7.709124740279449,7.709124740279449,0-25%
2.0,10.103924384919825,8.103924384919825,8.103924384919825,0-25%
2.0,10.103924384919825,8.103924384919825,8.103924384919825,0-25%
2.0,10.103924384919825,8.103924384919825,8.103924384919825,0-25%
15.0,10.055671434705264,-4.944328565294736,4.944328565294736,50-75%
15.0,9.599480255614129,-5.400519744385871,5.400519744385871,50-75%
15.0,9.599480255614129,-5.400519744385871,5.400519744385871,50-75%
2.0,9.96617790561237,7.966177905612369,7.966177905612369,0-25%
2.0,8.775261288038504,6.775261288038504,6.775261288038504,0-25%
2.0,9.400489617162505,7.4004896171625045,7.4004896171625045,0-25%
2.0,10.13190124202597,8.13190124202597,8.13190124202597,0-25%
2.0,10.103924384919825,8.103924384919825,8.103924384919825,0-25%
2.0,10.13190124202597,8.13190124202597,8.13190124202597,0-25%
2.0,9.848984201745624,7.848984201745624,7.848984201745624,0-25%
15.0,10.055671434705264,-4.944328565294736,4.944328565294736,50-75%
15.0,10.027886159466428,-4.972113840533572,4.972113840533572,50-75%
15.0,10.055671434705264,-4.944328565294736,4.944328565294736,50-75%
15.0,9.599480255614129,-5.400519744385871,5.400519744385871,50-75%
15.0,9.599480255614129,-5.400519744385871,5.400519744385871,50-75%
15.0,9.001490940967166,-5.998509059032834,5.998509059032834,50-75%
15.0,9.026690165421886,-5.973309834578114,5.973309834578114,50-75%
2.0,9.62618614213056,7.62618614213056,7.62618614213056,0-25%
2.0,9.330879715941773,7.330879715941773,7.330879715941773,0-25%
2.0,9.90757312016337,7.90757312016337,7.90757312016337,0-25%
2.0,10.103924384919825,8.103924384919825,8.103924384919825,0-25%
2.0,10.103924384919825,8.103924384919825,8.103924384919825,0-25%
2.0,9.891082950077417,7.891082950077417,7.891082950077417,0-25%
2.0,9.847584740237092,7.847584740237092,7.847584740237092,0-25%
15.0,10.070679124727116,-4.929320875272884,4.929320875272884,50-75%
15.0,9.990248196676585,-5.0097518033234145,5.0097518033234145,50-75%
15.0,10.027886159466428,-4.972113840533572,4.972113840533572,50-75%
15.0,9.599480255614129,-5.400519744385871,5.400519744385871,50-75%
15.0,9.599480255614129,-5.400519744385871,5.400519744385871,50-75%
15.0,9.599480255614129,-5.400519744385871,5.400519744385871,50-75%
15.0,9.404481504073818,-5.595518495926182,5.595518495926182,50-75%
2.0,9.599480255614129,7.599480255614129,7.599480255614129,0-25%
2.0,10.103924384919825,8.103924384919825,8.103924384919825,0-25%
2.0,10.147012411363885,8.147012411363885,8.147012411363885,0-25%
15.0,8.685751770862646,-6.314248229137354,6.314248229137354,50-75%
15.0,8.685751770862646,-6.314248229137354,6.314248229137354,50-75%
15.0,9.891082950077417,-5.108917049922583,5.108917049922583,50-75%
15.0,9.640610820783273,-5.359389179216727,5.359389179216727,50-75%
15.0,9.599480255614129,-5.400519744385871,5.400519744385871,50-75%
15.0,9.045882738813642,-5.954117261186358,5.954117261186358,50-75%
15.0,9.439155517450342,-5.560844482549658,5.560844482549658,50-75%
15.0,9.891082950077417,-5.108917049922583,5.108917049922583,50-75%
15.0,9.640610820783273,-5.359389179216727,5.359389179216727,50-75%
15.0,9.62618614213056,-5.37381385786944,5.37381385786944,50-75%
15.0,9.62618614213056,-5.37381385786944,5.37381385786944,50-75%
15.0,8.685751770862646,-6.314248229137354,6.314248229137354,50-75%
15.0,9.847584740237092,-5.152415259762908,5.152415259762908,50-75%
1.0,8.790245421894795,7.790245421894795,7.790245421894795,0-25%
1.0,9.19230664579368,8.19230664579368,8.19230664579368,0-25%
1.0,9.178489699513838,8.178489699513838,8.178489699513838,0-25%
1.0,9.33114066743245,8.33114066743245,8.33114066743245,0-25%
1.0,8.814912403378784,7.814912403378784,7.814912403378784,0-25%
1.0,8.790245421894795,7.790245421894795,7.790245421894795,0-25%
1.0,9.317135514274081,8.317135514274081,8.317135514274081,0-25%
1.0,9.33114066743245,8.33114066743245,8.33114066743245,0-25%
1.0,9.33114066743245,8.33114066743245,8.33114066743245,0-25%
1.0,8.655688140593357,7.655688140593357,7.655688140593357,0-25%
1.0,8.814912403378784,7.814912403378784,7.814912403378784,0-25%
1.0,8.814912403378784,7.814912403378784,7.814912403378784,0-25%
1.0,8.814912403378784,7.814912403378784,7.814912403378784,0-25%
1.0,9.149763842596998,8.149763842596998,8.149763842596998,0-25%
1.0,9.291206338318238,8.291206338318238,8.291206338318238,0-25%
1.0,9.122949332256571,8.122949332256571,8.122949332256571,0-25%
1.0,8.929395319376656,7.929395319376656,7.929395319376656,0-25%
1.0,8.660740010812901,7.660740010812901,7.660740010812901,0-25%
1.0,8.790245421894795,7.790245421894795,7.790245421894795,0-25%
1.0,8.814912403378784,7.814912403378784,7.814912403378784,0-25%
1.0,8.660740010812901,7.660740010812901,7.660740010812901,0-25%
1.0,8.940918443987956,7.940918443987956,7.940918443987956,0-25%
1.0,8.592996691808601,7.592996691808601,7.592996691808601,0-25%
1.0,9.33114066743245,8.33114066743245,8.33114066743245,0-25%
1.0,8.814912403378784,7.814912403378784,7.814912403378784,0-25%
1.0,8.814912403378784,7.814912403378784,7.814912403378784,0-25%
1.0,9.10922640848886,8.10922640848886,8.10922640848886,0-25%
1.0,8.004088287572205,7.0040882875722055,7.0040882875722055,0-25%
1.0,8.004088287572205,7.0040882875722055,7.0040882875722055,0-25%
1.0,9.33114066743245,8.33114066743245,8.33114066743245,0-25%
1.0,8.814912403378784,7.814912403378784,7.814912403378784,0-25%
1.0,9.246249061728491,8.246249061728491,8.246249061728491,0-25%
1.0,8.396900771389571,7.396900771389571,7.396900771389571,0-25%
1.0,7.897387528296537,6.897387528296537,6.897387528296537,0-25%
1.0,9.10922640848886,8.10922640848886,8.10922640848886,0-25%
2.0,9.298046663052046,7.298046663052046,7.298046663052046,0-25%
2.0,9.220498038642539,7.220498038642539,7.220498038642539,0-25%
2.0,9.220498038642539,7.220498038642539,7.220498038642539,0-25%
2.0,9.220498038642539,7.220498038642539,7.220498038642539,0-25%
2.0,9.039768447305105,7.039768447305105,7.039768447305105,0-25%
2.0,9.220498038642539,7.220498038642539,7.220498038642539,0-25%
2.0,9.298046663052046,7.298046663052046,7.298046663052046,0-25%
2.0,9.220498038642539,7.220498038642539,7.220498038642539,0-25%
2.0,9.220498038642539,7.220498038642539,7.220498038642539,0-25%
2.0,9.220498038642539,7.220498038642539,7.220498038642539,0-25%
2.0,9.220498038642539,7.220498038642539,7.220498038642539,0-25%
2.0,9.762844197984599,7.762844197984599,7.762844197984599,0-25%
2.0,9.246249061728491,7.246249061728491,7.246249061728491,0-25%
2.0,9.220498038642539,7.220498038642539,7.220498038642539,0-25%
2.0,9.298046663052046,7.298046663052046,7.298046663052046,0-25%
2.0,9.246249061728491,7.246249061728491,7.246249061728491,0-25%
2.0,9.220498038642539,7.220498038642539,7.220498038642539,0-25%
2.0,9.246249061728491,7.246249061728491,7.246249061728491,0-25%
2.0,9.246249061728491,7.246249061728491,7.246249061728491,0-25%
2.0,9.762844197984599,7.762844197984599,7.762844197984599,0-25%
2.0,9.220498038642539,7.220498038642539,7.220498038642539,0-25%
2.0,9.220498038642539,7.220498038642539,7.220498038642539,0-25%
2.0,9.246249061728491,7.246249061728491,7.246249061728491,0-25%
2.0,9.246249061728491,7.246249061728491,7.246249061728491,0-25%
2.0,9.762844197984599,7.762844197984599,7.762844197984599,0-25%
2.0,9.220498038642539,7.220498038642539,7.220498038642539,0-25%
2.0,9.220498038642539,7.220498038642539,7.220498038642539,0-25%
2.0,9.2342590811657,7.2342590811657,7.2342590811657,0-25%
2.0,9.246249061728491,7.246249061728491,7.246249061728491,0-25%
2.0,9.152908970248598,7.152908970248598,7.152908970248598,0-25%
2.0,8.664359705775734,6.664359705775734,6.664359705775734,0-25%
2.0,9.220498038642539,7.220498038642539,7.220498038642539,0-25%
2.0,9.039287940488947,7.039287940488947,7.039287940488947,0-25%
2.0,9.164622329820666,7.164622329820666,7.164622329820666,0-25%
2.0,8.688709512307023,6.688709512307023,6.688709512307023,0-25%
2.0,8.688709512307023,6.688709512307023,6.688709512307023,0-25%
15.0,7.766046511229282,-7.233953488770718,7.233953488770718,50-75%
15.0,7.681020952170507,-7.318979047829493,7.318979047829493,50-75%
15.0,7.306509143451622,-7.693490856548378,7.693490856548378,50-75%
15.0,7.681020952170507,-7.318979047829493,7.318979047829493,50-75%
15.0,7.681020952170507,-7.318979047829493,7.318979047829493,50-75%
15.0,7.681020952170507,-7.318979047829493,7.318979047829493,50-75%
15.0,8.256559699993502,-6.7434403000064975,6.7434403000064975,50-75%
15.0,9.533792891117992,-5.466207108882008,5.466207108882008,50-75%
15.0,7.681020952170507,-7.318979047829493,7.318979047829493,50-75%
15.0,7.681020952170507,-7.318979047829493,7.318979047829493,50-75%
15.0,9.219658238641308,-5.780341761358692,5.780341761358692,50-75%
15.0,9.392685498218201,-5.607314501781799,5.607314501781799,50-75%
15.0,9.149675352386984,-5.850324647613016,5.850324647613016,50-75%
15.0,7.611925829942871,-7.388074170057129,7.388074170057129,50-75%
15.0,8.00354357372497,-6.99645642627503,6.99645642627503,50-75%
15.0,8.301197939588828,-6.698802060411172,6.698802060411172,50-75%
14.5,7.611925829942871,-6.888074170057129,6.888074170057129,50-75%
14.5,7.681020952170507,-6.818979047829493,6.818979047829493,50-75%
14.5,8.00354357372497,-6.49645642627503,6.49645642627503,50-75%
14.5,7.800685845412125,-6.699314154587875,6.699314154587875,50-75%
14.0,7.611925829942871,-6.388074170057129,6.388074170057129,50-75%
14.5,7.611925829942871,-6.888074170057129,6.888074170057129,50-75%
14.5,8.273042854437584,-6.226957145562416,6.226957145562416,50-75%
14.0,8.216029296808054,-5.783970703191946,5.783970703191946,50-75%
14.0,7.611925829942871,-6.388074170057129,6.388074170057129,50-75%
14.0,7.681020952170507,-6.318979047829493,6.318979047829493,50-75%
11.75,8.244011275720597,-3.505988724279403,3.505988724279403,50-75%
9.5,8.896105050024506,-0.6038949499754942,0.6038949499754942,50-75%
14.0,7.611925829942871,-6.388074170057129,6.388074170057129,50-75%
11.75,7.627647329713572,-4.122352670286428,4.122352670286428,50-75%
11.75,8.244011275720597,-3.505988724279403,3.505988724279403,50-75%
9.5,9.135916198156705,-0.3640838018432948,0.3640838018432948,50-75%
9.5,9.149675352386984,-0.3503246476130162,0.3503246476130162,50-75%
9.5,9.434359587467688,-0.06564041253231245,0.06564041253231245,50-75%
9.5,9.378596913345078,-0.12140308665492228,0.12140308665492228,50-75%
14.0,7.558977025832501,-6.441022974167499,6.441022974167499,50-75%
11.75,7.627647329713572,-4.122352670286428,4.122352670286428,50-75%
11.75,7.746576485895181,-4.003423514104819,4.003423514104819,50-75%
11.75,8.256559699993502,-3.4934403000064975,3.4934403000064975,50-75%
9.5,9.321517743865245,-0.178482256134755,0.178482256134755,50-75%
6.25,9.36290645438879,3.1129064543887903,3.1129064543887903,25-50%
6.25,9.57976808013727,3.3297680801372707,3.3297680801372707,25-50%
6.25,9.205804213856847,2.9558042138568474,2.9558042138568474,25-50%
3.0,8.273042854437584,5.273042854437584,5.273042854437584,0-25%
11.75,7.558977025832501,-4.191022974167499,4.191022974167499,50-75%
11.75,7.627647329713572,-4.122352670286428,4.122352670286428,50-75%
9.5,8.244011275720597,-1.255988724279403,1.255988724279403,50-75%
6.25,9.149675352386984,2.899675352386984,2.899675352386984,25-50%
6.25,9.34885823873366,3.0988582387336603,3.0988582387336603,25-50%
6.25,10.570664254139462,4.320664254139462,4.320664254139462,25-50%
6.25,9.57976808013727,3.3297680801372707,3.3297680801372707,25-50%
6.25,9.434359587467688,3.1843595874676875,3.1843595874676875,25-50%
3.0,8.46138858521398,5.46138858521398,5.46138858521398,0-25%
3.0,9.066541532231852,6.066541532231852,6.066541532231852,0-25%
9.5,7.627647329713572,-1.8723526702864284,1.8723526702864284,50-75%
9.5,8.216029296808054,-1.2839707031919456,1.2839707031919456,50-75%
6.25,8.216029296808054,1.9660292968080544,1.9660292968080544,25-50%
6.25,9.772469430347545,3.5224694303475452,3.5224694303475452,25-50%
3.0,10.570664254139462,7.570664254139462,7.570664254139462,0-25%
3.0,10.249110362289866,7.249110362289866,7.249110362289866,0-25%
3.0,9.378596913345078,6.378596913345078,6.378596913345078,0-25%
3.0,9.565425881428329,6.565425881428329,6.565425881428329,0-25%
9.5,7.595278879848447,-1.904721120151553,1.904721120151553,50-75%
6.25,10.356141635194097,4.106141635194097,4.106141635194097,25-50%
6.25,10.33749425699336,4.087494256993359,4.087494256993359,25-50%
3.0,10.382956976673704,7.382956976673704,7.382956976673704,0-25%
3.0,10.541584691410398,7.541584691410398,7.541584691410398,0-25%
3.0,10.570664254139462,7.570664254139462,7.570664254139462,0-25%
3.0,10.541584691410398,7.541584691410398,7.541584691410398,0-25%
3.0,9.565425881428329,6.565425881428329,6.565425881428329,0-25%
3.0,10.33749425699336,7.337494256993359,7.337494256993359,0-25%
3.0,10.382956976673704,7.382956976673704,7.382956976673704,0-25%
3.0,10.570664254139462,7.570664254139462,7.570664254139462,0-25%
3.0,10.570664254139462,7.570664254139462,7.570664254139462,0-25%
3.0,10.541584691410398,7.541584691410398,7.541584691410398,0-25%
3.0,10.541584691410398,7.541584691410398,7.541584691410398,0-25%
3.0,10.541584691410398,7.541584691410398,7.541584691410398,0-25%
3.0,10.570664254139462,7.570664254139462,7.570664254139462,0-25%
3.0,10.570664254139462,7.570664254139462,7.570664254139462,0-25%
3.0,10.557251991803017,7.557251991803017,7.557251991803017,0-25%
3.0,10.557251991803017,7.557251991803017,7.557251991803017,0-25%
6.0,10.081011946567767,4.081011946567767,4.081011946567767,25-50%
6.0,10.108931074713276,4.108931074713276,4.108931074713276,25-50%
6.0,9.959644792892309,3.959644792892309,3.959644792892309,25-50%
6.0,9.98949442818159,3.9894944281815903,3.9894944281815903,25-50%
6.0,9.94701527690285,3.9470152769028495,3.9470152769028495,25-50%
6.0,9.932100853214935,3.9321008532149353,3.9321008532149353,25-50%
6.0,10.081011946567767,4.081011946567767,4.081011946567767,25-50%
6.0,10.096129526370678,4.096129526370678,4.096129526370678,25-50%
6.0,9.932100853214935,3.9321008532149353,3.9321008532149353,25-50%
6.0,9.946820009183638,3.9468200091836376,3.9468200091836376,25-50%
6.0,9.72448200696843,3.7244820069684295,3.7244820069684295,25-50%
6.0,9.97459679416864,3.97459679416864,3.97459679416864,25-50%
6.0,9.94701527690285,3.9470152769028495,3.9470152769028495,25-50%
6.0,10.096129526370678,4.096129526370678,4.096129526370678,25-50%
6.0,9.836781303793064,3.836781303793064,3.836781303793064,25-50%
6.0,9.796124819014983,3.7961248190149828,3.7961248190149828,25-50%
6.0,9.97459679416864,3.97459679416864,3.97459679416864,25-50%
6.0,9.94701527690285,3.9470152769028495,3.9470152769028495,25-50%
6.0,9.94701527690285,3.9470152769028495,3.9470152769028495,25-50%
6.0,9.97459679416864,3.97459679416864,3.97459679416864,25-50%
6.0,10.081011946567767,4.081011946567767,4.081011946567767,25-50%
6.0,9.53584912483238,3.53584912483238,3.53584912483238,25-50%
6.0,10.096129526370678,4.096129526370678,4.096129526370678,25-50%
4.0,9.78654381643161,5.78654381643161,5.78654381643161,0-25%
4.0,9.859253037627091,5.8592530376270915,5.8592530376270915,0-25%
4.0,9.859253037627091,5.8592530376270915,5.8592530376270915,0-25%
4.0,9.886613433824111,5.886613433824111,5.886613433824111,0-25%
1.0,9.305309835686286,8.305309835686286,8.305309835686286,0-25%
1.0,9.390690768158041,8.390690768158041,8.390690768158041,0-25%
3.5,8.918265650753717,5.4182656507537175,5.4182656507537175,0-25%
3.5,9.472022344040305,5.972022344040305,5.972022344040305,0-25%
3.0,9.44570390423727,6.44570390423727,6.44570390423727,0-25%
3.0,8.829539775290387,5.829539775290387,5.829539775290387,0-25%
4.0,9.886613433824111,5.886613433824111,5.886613433824111,0-25%
4.0,9.859253037627091,5.8592530376270915,5.8592530376270915,0-25%
4.0,9.931544318718851,5.931544318718851,5.931544318718851,0-25%
2.0,9.279884941593258,7.279884941593258,7.279884941593258,0-25%
1.0,9.138130008304667,8.138130008304667,8.138130008304667,0-25%
1.0,9.279410380198925,8.279410380198925,8.279410380198925,0-25%
1.0,9.279410380198925,8.279410380198925,8.279410380198925,0-25%
2.5,9.50534928342358,7.00534928342358,7.00534928342358,0-25%
2.25,9.400071702903512,7.150071702903512,7.150071702903512,0-25%
3.0,9.44570390423727,6.44570390423727,6.44570390423727,0-25%
3.0,9.431472476783707,6.431472476783707,6.431472476783707,0-25%
3.0,8.538168366809373,5.538168366809373,5.538168366809373,0-25%
2.0,9.373934090504711,7.3739340905047115,7.3739340905047115,0-25%
2.0,9.373934090504711,7.3739340905047115,7.3739340905047115,0-25%
2.0,8.880336790393711,6.880336790393711,6.880336790393711,0-25%
2.0,8.905230761296542,6.905230761296542,6.905230761296542,0-25%
1.0,8.913926302269982,7.9139263022699815,7.9139263022699815,0-25%
1.0,9.279410380198925,8.279410380198925,8.279410380198925,0-25%
2.5,9.35605773990139,6.85605773990139,6.85605773990139,0-25%
2.333333333333333,9.373934090504711,7.0406007571713785,7.0406007571713785,0-25%
2.25,9.373934090504711,7.1239340905047115,7.1239340905047115,0-25%
2.25,9.373934090504711,7.1239340905047115,7.1239340905047115,0-25%
2.25,9.373934090504711,7.1239340905047115,7.1239340905047115,0-25%
2.25,9.373934090504711,7.1239340905047115,7.1239340905047115,0-25%
2.6666666666666665,8.815266372695302,6.1485997060286355,6.1485997060286355,0-25%
2.0,9.305785592760259,7.305785592760259,7.305785592760259,0-25%
2.0,8.905230761296542,6.905230761296542,6.905230761296542,0-25%
1.0,9.097639038902344,8.097639038902344,8.097639038902344,0-25%
1.0,9.279410380198925,8.279410380198925,8.279410380198925,0-25%
2.5,9.35605773990139,6.85605773990139,6.85605773990139,0-25%
2.333333333333333,9.373934090504711,7.0406007571713785,7.0406007571713785,0-25%
2.25,9.373934090504711,7.1239340905047115,7.1239340905047115,0-25%
2.25,9.373934090504711,7.1239340905047115,7.1239340905047115,0-25%
2.25,9.373934090504711,7.1239340905047115,7.1239340905047115,0-25%
2.25,9.615215147634732,7.365215147634732,7.365215147634732,0-25%
2.6666666666666665,9.588536833582218,6.921870166915552,6.921870166915552,0-25%
2.0,8.905230761296542,6.905230761296542,6.905230761296542,0-25%
1.0,9.279410380198925,8.279410380198925,8.279410380198925,0-25%
2.5,9.35605773990139,6.85605773990139,6.85605773990139,0-25%
2.333333333333333,9.400071702903512,7.066738369570179,7.066738369570179,0-25%
2.333333333333333,9.373934090504711,7.0406007571713785,7.0406007571713785,0-25%
2.25,9.400071702903512,7.150071702903512,7.150071702903512,0-25%
2.25,9.400071702903512,7.150071702903512,7.150071702903512,0-25%
2.6666666666666665,9.615215147634732,6.948548480968066,6.948548480968066,0-25%
2.6666666666666665,8.96989883689147,6.303232170224804,6.303232170224804,0-25%
2.0,8.96989883689147,6.9698988368914705,6.9698988368914705,0-25%
2.5,9.373934090504711,6.8739340905047115,6.8739340905047115,0-25%
2.333333333333333,9.400071702903512,7.066738369570179,7.066738369570179,0-25%
2.333333333333333,9.400071702903512,7.066738369570179,7.066738369570179,0-25%
3.0,9.615215147634732,6.615215147634732,6.615215147634732,0-25%
3.0,8.99501846356159,5.995018463561591,5.995018463561591,0-25%
4.0,9.387901721789623,5.387901721789623,5.387901721789623,0-25%
3.0,9.400071702903512,6.400071702903512,6.400071702903512,0-25%
3.0,9.305330335765332,6.305330335765332,6.305330335765332,0-25%
3.0,8.71880108984937,5.71880108984937,5.71880108984937,0-25%
3.0,10.413690372624426,7.413690372624426,7.413690372624426,0-25%
3.0,10.653373891752954,7.653373891752954,7.653373891752954,0-25%
3.0,9.948872799898988,6.948872799898988,6.948872799898988,0-25%
3.0,10.371581048749686,7.371581048749686,7.371581048749686,0-25%
3.0,10.38500531895155,7.385005318951549,7.385005318951549,0-25%
3.0,10.332856997168756,7.332856997168756,7.332856997168756,0-25%
3.0,10.637359137500024,7.637359137500024,7.637359137500024,0-25%
3.0,10.608111956214085,7.608111956214085,7.608111956214085,0-25%
3.0,9.114519746075658,6.114519746075658,6.114519746075658,0-25%
3.0,8.969099948733223,5.9690999487332235,5.9690999487332235,0-25%
3.0,8.969099948733223,5.9690999487332235,5.9690999487332235,0-25%
3.0,9.626326434010213,6.626326434010213,6.626326434010213,0-25%
3.0,9.197165994923237,6.197165994923237,6.197165994923237,0-25%
3.0,9.509939320672467,6.509939320672467,6.509939320672467,0-25%
3.0,9.509939320672467,6.509939320672467,6.509939320672467,0-25%
3.0,9.014972920759714,6.014972920759714,6.014972920759714,0-25%
3.0,9.626326434010213,6.626326434010213,6.626326434010213,0-25%
3.0,9.653099960729406,6.653099960729406,6.653099960729406,0-25%
3.0,9.509939320672467,6.509939320672467,6.509939320672467,0-25%
3.0,9.509939320672467,6.509939320672467,6.509939320672467,0-25%
3.0,8.969099948733223,5.9690999487332235,5.9690999487332235,0-25%
3.0,9.509939320672467,6.509939320672467,6.509939320672467,0-25%
3.0,9.344721370423812,6.344721370423812,6.344721370423812,0-25%
7.0,7.4335071130445485,0.4335071130445485,0.4335071130445485,25-50%
7.0,7.392472737311845,0.39247273731184507,0.39247273731184507,25-50%
7.0,7.76618181815011,0.7661818181501099,0.7661818181501099,25-50%
7.0,7.4335071130445485,0.4335071130445485,0.4335071130445485,25-50%
7.0,7.4335071130445485,0.4335071130445485,0.4335071130445485,25-50%
7.0,8.028576249325173,1.028576249325173,1.028576249325173,25-50%
7.0,7.4335071130445485,0.4335071130445485,0.4335071130445485,25-50%
7.0,7.392472737311845,0.39247273731184507,0.39247273731184507,25-50%
7.0,8.055989077787686,1.055989077787686,1.055989077787686,25-50%
7.0,7.4335071130445485,0.4335071130445485,0.4335071130445485,25-50%
7.0,7.392472737311845,0.39247273731184507,0.39247273731184507,25-50%
7.0,8.055989077787686,1.055989077787686,1.055989077787686,25-50%
3.0,8.26915174384287,5.269151743842871,5.269151743842871,0-25%
3.0,7.677378263019797,4.677378263019797,4.677378263019797,0-25%
3.0,8.953147546249314,5.953147546249314,5.953147546249314,0-25%
3.0,9.438420558330215,6.438420558330215,6.438420558330215,0-25%
3.0,9.626326434010213,6.626326434010213,6.626326434010213,0-25%
3.0,9.626326434010213,6.626326434010213,6.626326434010213,0-25%
7.0,7.352448191288642,0.3524481912886417,0.3524481912886417,25-50%
7.0,7.392472737311845,0.39247273731184507,0.39247273731184507,25-50%
7.0,7.5081600924831875,0.5081600924831875,0.5081600924831875,25-50%
7.0,8.068282268456691,1.0682822684566915,1.0682822684566915,25-50%
3.0,9.64075130310428,6.640751303104279,6.640751303104279,0-25%
3.0,9.264631858207554,6.264631858207554,6.264631858207554,0-25%
3.0,8.26915174384287,5.269151743842871,5.269151743842871,0-25%
3.0,9.248507767874711,6.248507767874711,6.248507767874711,0-25%
3.0,9.626326434010213,6.626326434010213,6.626326434010213,0-25%
3.0,9.626326434010213,6.626326434010213,6.626326434010213,0-25%
3.0,9.626326434010213,6.626326434010213,6.626326434010213,0-25%
7.0,7.352448191288642,0.3524481912886417,0.3524481912886417,25-50%
7.0,7.392472737311845,0.39247273731184507,0.39247273731184507,25-50%
3.0,9.64075130310428,6.640751303104279,6.640751303104279,0-25%
3.0,9.423217650196772,6.423217650196772,6.423217650196772,0-25%
3.0,8.354811310270849,5.354811310270849,5.354811310270849,0-25%
3.0,8.953147546249314,5.953147546249314,5.953147546249314,0-25%
3.0,9.653099960729406,6.653099960729406,6.653099960729406,0-25%
3.0,9.626326434010213,6.626326434010213,6.626326434010213,0-25%
3.0,9.653099960729406,6.653099960729406,6.653099960729406,0-25%
3.0,9.453938854474595,6.453938854474595,6.453938854474595,0-25%
3.0,10.637359137500024,7.637359137500024,7.637359137500024,0-25%
3.0,10.237098424138837,7.237098424138837,7.237098424138837,0-25%
3.0,9.36751452014219,6.3675145201421905,6.3675145201421905,0-25%
3.0,9.626326434010213,6.626326434010213,6.626326434010213,0-25%
3.0,9.626326434010213,6.626326434010213,6.626326434010213,0-25%
3.0,9.494504656094959,6.494504656094959,6.494504656094959,0-25%
3.0,9.4525903517238,6.452590351723799,6.452590351723799,0-25%
3.0,10.608111956214085,7.608111956214085,7.608111956214085,0-25%
3.0,10.637359137500024,7.637359137500024,7.637359137500024,0-25%
3.0,10.608111956214085,7.608111956214085,7.608111956214085,0-25%
3.0,9.626326434010213,6.626326434010213,6.626326434010213,0-25%
3.0,9.66756117395618,6.66756117395618,6.66756117395618,0-25%
3.0,10.608111956214085,7.608111956214085,7.608111956214085,0-25%
3.0,10.608111956214085,7.608111956214085,7.608111956214085,0-25%
3.0,10.637359137500024,7.637359137500024,7.637359137500024,0-25%
3.0,9.64075130310428,6.640751303104279,6.640751303104279,0-25%
1.0,8.109157720216333,7.1091577202163325,7.1091577202163325,0-25%
1.0,8.132108669363818,7.132108669363818,7.132108669363818,0-25%
1.0,8.132108669363818,7.132108669363818,7.132108669363818,0-25%
1.0,8.109157720216333,7.1091577202163325,7.1091577202163325,0-25%
1.0,8.109157720216333,7.1091577202163325,7.1091577202163325,0-25%
1.0,8.281712216369334,7.281712216369334,7.281712216369334,0-25%
1.0,8.132108669363818,7.132108669363818,7.132108669363818,0-25%
1.0,8.132108669363818,7.132108669363818,7.132108669363818,0-25%
1.0,8.132108669363818,7.132108669363818,7.132108669363818,0-25%
1.0,8.132108669363818,7.132108669363818,7.132108669363818,0-25%
1.0,8.156980836149678,7.156980836149678,7.156980836149678,0-25%
1.0,8.144567403479769,7.144567403479769,7.144567403479769,0-25%
1.0,8.233237680130157,7.233237680130157,7.233237680130157,0-25%
1.0,8.256501254543082,7.256501254543082,7.256501254543082,0-25%
1.0,8.132108669363818,7.132108669363818,7.132108669363818,0-25%
1.0,8.156980836149678,7.156980836149678,7.156980836149678,0-25%
1.0,8.12158514285938,7.121585142859381,7.121585142859381,0-25%
1.0,8.109157720216333,7.1091577202163325,7.1091577202163325,0-25%
1.0,7.969811759789262,6.969811759789262,6.969811759789262,0-25%
1.0,8.233237680130157,7.233237680130157,7.233237680130157,0-25%
1.0,8.245834382321409,7.245834382321409,7.245834382321409,0-25%
1.0,8.109157720216333,7.1091577202163325,7.1091577202163325,0-25%
1.0,8.121422436305915,7.121422436305915,7.121422436305915,0-25%
1.0,7.969811759789262,6.969811759789262,6.969811759789262,0-25%
1.0,8.144567403479769,7.144567403479769,7.144567403479769,0-25%
1.0,8.12158514285938,7.121585142859381,7.121585142859381,0-25%
1.0,8.245834382321409,7.245834382321409,7.245834382321409,0-25%
1.0,8.029732839201953,7.029732839201953,7.029732839201953,0-25%
1.0,8.029732839201953,7.029732839201953,7.029732839201953,0-25%
1.0,8.144567403479769,7.144567403479769,7.144567403479769,0-25%
1.0,8.12158514285938,7.121585142859381,7.121585142859381,0-25%
1.0,8.12158514285938,7.121585142859381,7.121585142859381,0-25%
1.0,8.144567403479769,7.144567403479769,7.144567403479769,0-25%
1.0,8.01648112883768,7.016481128837681,7.016481128837681,0-25%
1.0,8.245834382321409,7.245834382321409,7.245834382321409,0-25%
1.0,8.0605106518693,7.060510651869301,7.060510651869301,0-25%
1.0,8.12158514285938,7.121585142859381,7.121585142859381,0-25%
1.0,8.12158514285938,7.121585142859381,7.121585142859381,0-25%
1.0,8.938114250034559,7.938114250034559,7.938114250034559,0-25%
1.0,8.938114250034559,7.938114250034559,7.938114250034559,0-25%
1.0,8.938114250034559,7.938114250034559,7.938114250034559,0-25%
1.0,9.026359534753995,8.026359534753995,8.026359534753995,0-25%
1.0,9.026359534753995,8.026359534753995,8.026359534753995,0-25%
1.0,9.026359534753995,8.026359534753995,8.026359534753995,0-25%
1.0,8.938114250034559,7.938114250034559,7.938114250034559,0-25%
1.0,9.533845520479368,8.533845520479368,8.533845520479368,0-25%
1.0,9.414892874877449,8.414892874877449,8.414892874877449,0-25%
1.0,8.564178293858243,7.564178293858243,7.564178293858243,0-25%
1.0,9.05162141679451,8.05162141679451,8.05162141679451,0-25%
1.0,9.026359534753995,8.026359534753995,8.026359534753995,0-25%
1.0,9.05162141679451,8.05162141679451,8.05162141679451,0-25%
1.0,9.05162141679451,8.05162141679451,8.05162141679451,0-25%
1.0,9.441133684850179,8.441133684850179,8.441133684850179,0-25%
1.0,9.07169464431064,8.07169464431064,8.07169464431064,0-25%
1.0,9.07169464431064,8.07169464431064,8.07169464431064,0-25%
1.0,9.05162141679451,8.05162141679451,8.05162141679451,0-25%
1.0,9.05162141679451,8.05162141679451,8.05162141679451,0-25%
1.0,9.533845520479368,8.533845520479368,8.533845520479368,0-25%
1.0,9.097070750281182,8.097070750281182,8.097070750281182,0-25%
1.0,9.097070750281182,8.097070750281182,8.097070750281182,0-25%
1.0,9.039859186081024,8.039859186081024,8.039859186081024,0-25%
1.0,9.05162141679451,8.05162141679451,8.05162141679451,0-25%
1.0,8.93688775092692,7.936887750926919,7.936887750926919,0-25%
1.0,8.540141461007554,7.540141461007554,7.540141461007554,0-25%
1.0,8.77154860783655,7.77154860783655,7.77154860783655,0-25%
1.0,8.948351887914157,7.948351887914157,7.948351887914157,0-25%
1.0,8.564178293858243,7.564178293858243,7.564178293858243,0-25%
1.0,8.564178293858243,7.564178293858243,7.564178293858243,0-25%
1.0,8.564178293858243,7.564178293858243,7.564178293858243,0-25%
18.0,7.850153278477408,-10.149846721522593,10.149846721522593,75-100%
18.0,7.850153278477408,-10.149846721522593,10.149846721522593,75-100%
18.0,9.065957750595604,-8.934042249404396,8.934042249404396,75-100%
18.0,9.040659838271182,-8.959340161728818,8.959340161728818,75-100%
18.0,8.91841149216419,-9.08158850783581,9.08158850783581,75-100%
18.0,8.572968181411355,-9.427031818588645,9.427031818588645,75-100%
18.0,7.945465848906883,-10.054534151093117,10.054534151093117,75-100%
18.0,9.040659838271182,-8.959340161728818,8.959340161728818,75-100%
18.0,9.040659838271182,-8.959340161728818,8.959340161728818,75-100%
18.0,8.743642469951045,-9.256357530048955,9.256357530048955,75-100%
18.0,8.543990437248898,-9.456009562751102,9.456009562751102,75-100%
18.0,8.459990641453096,-9.540009358546904,9.540009358546904,75-100%
18.0,9.080922324256694,-8.919077675743306,8.919077675743306,75-100%
18.0,9.065957750595604,-8.934042249404396,8.934042249404396,75-100%
18.0,9.065957750595604,-8.934042249404396,8.934042249404396,75-100%
18.0,9.06884565695586,-8.93115434304414,8.93115434304414,75-100%
18.0,8.689487898601389,-9.310512101398611,9.310512101398611,75-100%
11.5,9.132988132086545,-2.3670118679134546,2.3670118679134546,50-75%
11.5,9.057438597689593,-2.4425614023104067,2.4425614023104067,50-75%
18.0,8.354507961001557,-9.645492038998443,9.645492038998443,75-100%
11.5,8.436004601892675,-3.063995398107325,3.063995398107325,50-75%
5.0,7.900309415142875,2.9003094151428748,2.9003094151428748,0-25%
5.0,8.165087526570408,3.1650875265704084,3.1650875265704084,0-25%
11.5,8.776685271820755,-2.723314728179245,2.723314728179245,50-75%
11.5,8.297235614379886,-3.202764385620114,3.202764385620114,50-75%
5.0,7.790492175428261,2.790492175428261,2.790492175428261,0-25%
5.0,7.7641995589927015,2.7641995589927015,2.7641995589927015,0-25%
5.0,7.786281369910351,2.786281369910351,2.786281369910351,0-25%
6.0,8.143252166929386,2.1432521669293862,2.1432521669293862,25-50%
6.0,7.3008627951655365,1.3008627951655365,1.3008627951655365,25-50%
5.0,7.549712638067018,2.5497126380670183,2.5497126380670183,0-25%
5.0,7.6353103574213605,2.6353103574213605,2.6353103574213605,0-25%
5.0,7.790492175428261,2.790492175428261,2.790492175428261,0-25%
4.0,8.357452102186187,4.357452102186187,4.357452102186187,0-25%
5.0,7.92273416121248,2.92273416121248,2.92273416121248,0-25%
5.0,7.714184392597809,2.714184392597809,2.714184392597809,0-25%
6.0,8.120273211780743,2.1202732117807432,2.1202732117807432,25-50%
6.0,8.143252166929386,2.1432521669293862,2.1432521669293862,25-50%
6.0,8.009925394435164,2.0099253944351645,2.0099253944351645,25-50%
6.0,7.922327412719727,1.922327412719727,1.922327412719727,25-50%
6.0,7.953127210890708,1.9531272108907078,1.9531272108907078,25-50%
6.0,7.953127210890708,1.9531272108907078,1.9531272108907078,25-50%
5.0,7.109873985215992,2.109873985215992,2.109873985215992,0-25%
4.0,7.763191527824724,3.7631915278247243,3.7631915278247243,0-25%
4.0,8.330998074699727,4.3309980746997265,4.3309980746997265,0-25%
4.0,8.192484235048335,4.192484235048335,4.192484235048335,0-25%
4.0,8.471371297281761,4.471371297281761,4.471371297281761,0-25%
4.0,8.471371297281761,4.471371297281761,4.471371297281761,0-25%
3.75,8.508124312051299,4.758124312051299,4.758124312051299,0-25%
3.5,8.49523486048678,4.9952348604867804,4.9952348604867804,0-25%
3.5,8.297790769755414,4.797790769755414,4.797790769755414,0-25%
6.0,7.953127210890708,1.9531272108907078,1.9531272108907078,25-50%
6.0,7.652978252734577,1.6529782527345773,1.6529782527345773,25-50%
4.0,8.175646791697913,4.175646791697913,4.175646791697913,0-25%
4.0,8.354507961001557,4.354507961001557,4.354507961001557,0-25%
4.0,8.330998074699727,4.3309980746997265,4.3309980746997265,0-25%
4.0,8.368414856591038,4.368414856591038,4.368414856591038,0-25%
3.333333333333333,8.508124312051299,5.174790978717966,5.174790978717966,0-25%
3.333333333333333,8.49523486048678,5.161901527153447,5.161901527153447,0-25%
3.5,8.508124312051299,5.008124312051299,5.008124312051299,0-25%
3.5,8.411664178542136,4.911664178542136,4.911664178542136,0-25%
3.5,8.304799459423002,4.804799459423002,4.804799459423002,0-25%
3.5,8.281414501254776,4.781414501254776,4.781414501254776,0-25%
6.0,7.959876092612126,1.9598760926121264,1.9598760926121264,25-50%
6.0,7.867116609503652,1.8671166095036522,1.8671166095036522,25-50%
3.0,8.039272393387048,5.039272393387048,5.039272393387048,0-25%
3.0,8.412997657066345,5.412997657066345,5.412997657066345,0-25%
3.0,8.389340773604426,5.389340773604426,5.389340773604426,0-25%
3.0,7.8426846354116915,4.8426846354116915,4.8426846354116915,0-25%
3.0,7.617384472269178,4.617384472269178,4.617384472269178,0-25%
2.0,8.260650727771527,6.260650727771527,6.260650727771527,0-25%
3.333333333333333,8.321993899354238,4.988660566020905,4.988660566020905,0-25%
3.5,8.424440185808228,4.924440185808228,4.924440185808228,0-25%
3.5,8.304799459423002,4.804799459423002,4.804799459423002,0-25%
3.5,8.304799459423002,4.804799459423002,4.804799459423002,0-25%
3.5,8.304799459423002,4.804799459423002,4.804799459423002,0-25%
6.0,7.9373580008969915,1.9373580008969915,1.9373580008969915,25-50%
3.0,8.256281167446302,5.256281167446302,5.256281167446302,0-25%
3.0,8.064391288143119,5.064391288143119,5.064391288143119,0-25%
2.0,7.344022280151582,5.344022280151582,5.344022280151582,0-25%
2.0,7.714649030263532,5.714649030263532,5.714649030263532,0-25%
3.333333333333333,8.130181009721175,4.796847676387842,4.796847676387842,0-25%
3.5,8.321993899354238,4.821993899354238,4.821993899354238,0-25%
3.5,8.237198037015784,4.737198037015784,4.737198037015784,0-25%
3.5,8.20365370094576,4.703653700945759,4.703653700945759,0-25%
3.5,8.304799459423002,4.804799459423002,4.804799459423002,0-25%
3.0,7.406033972615777,4.406033972615777,4.406033972615777,0-25%
3.0,7.869533054294654,4.869533054294654,4.869533054294654,0-25%
2.0,7.344022280151582,5.344022280151582,5.344022280151582,0-25%
2.0,7.942492159993487,5.942492159993487,5.942492159993487,0-25%
1.0,8.115753252281376,7.115753252281376,7.115753252281376,0-25%
1.0,8.264460288605129,7.264460288605129,7.264460288605129,0-25%
1.0,8.361376409763269,7.361376409763269,7.361376409763269,0-25%
1.0,7.576396699478665,6.576396699478665,6.576396699478665,0-25%
1.0,7.294778124702667,6.294778124702667,6.294778124702667,0-25%
1.0,7.632398857785068,6.632398857785068,6.632398857785068,0-25%
1.0,8.264460288605129,7.264460288605129,7.264460288605129,0-25%
9.0,7.092522526292928,-1.9074774737070719,1.9074774737070719,50-75%
9.0,7.139159489398262,-1.8608405106017383,1.8608405106017383,50-75%
9.0,7.392855290350996,-1.6071447096490044,1.6071447096490044,50-75%
9.0,7.028489517934267,-1.9715104820657334,1.9715104820657334,50-75%
9.0,7.139159489398262,-1.8608405106017383,1.8608405106017383,50-75%
9.0,7.644075095681362,-1.3559249043186377,1.3559249043186377,50-75%
9.0,7.644075095681362,-1.3559249043186377,1.3559249043186377,50-75%
9.0,7.028489517934267,-1.9715104820657334,1.9715104820657334,50-75%
9.0,7.028489517934267,-1.9715104820657334,1.9715104820657334,50-75%
9.0,7.028489517934267,-1.9715104820657334,1.9715104820657334,50-75%
9.0,7.663229022157509,-1.336770977842491,1.336770977842491,50-75%
9.0,8.069783868665548,-0.9302161313344524,0.9302161313344524,50-75%
9.0,8.069783868665548,-0.9302161313344524,0.9302161313344524,50-75%
9.0,8.069783868665548,-0.9302161313344524,0.9302161313344524,50-75%
9.0,8.069783868665548,-0.9302161313344524,0.9302161313344524,50-75%
9.0,8.069783868665548,-0.9302161313344524,0.9302161313344524,50-75%
9.0,8.069783868665548,-0.9302161313344524,0.9302161313344524,50-75%
9.0,8.069783868665548,-0.9302161313344524,0.9302161313344524,50-75%
9.0,8.069783868665548,-0.9302161313344524,0.9302161313344524,50-75%
9.0,8.069783868665548,-0.9302161313344524,0.9302161313344524,50-75%
9.0,8.069783868665548,-0.9302161313344524,0.9302161313344524,50-75%
9.0,7.926893742613475,-1.0731062573865247,1.0731062573865247,50-75%
9.0,8.069783868665548,-0.9302161313344524,0.9302161313344524,50-75%
9.0,8.069783868665548,-0.9302161313344524,0.9302161313344524,50-75%
9.0,8.069783868665548,-0.9302161313344524,0.9302161313344524,50-75%
9.0,7.926893742613475,-1.0731062573865247,1.0731062573865247,50-75%
9.0,7.857303145919669,-1.1426968540803308,1.1426968540803308,50-75%
9.0,8.069783868665548,-0.9302161313344524,0.9302161313344524,50-75%
9.0,8.069783868665548,-0.9302161313344524,0.9302161313344524,50-75%
9.0,8.069783868665548,-0.9302161313344524,0.9302161313344524,50-75%
9.0,8.069783868665548,-0.9302161313344524,0.9302161313344524,50-75%
9.0,7.926893742613475,-1.0731062573865247,1.0731062573865247,50-75%
9.0,8.069783868665548,-0.9302161313344524,0.9302161313344524,50-75%
9.0,8.069783868665548,-0.9302161313344524,0.9302161313344524,50-75%
9.0,8.069783868665548,-0.9302161313344524,0.9302161313344524,50-75%
9.0,7.9136951862355485,-1.0863048137644515,1.0863048137644515,50-75%
9.0,8.069783868665548,-0.9302161313344524,0.9302161313344524,50-75%
9.0,8.069783868665548,-0.9302161313344524,0.9302161313344524,50-75%
9.0,7.588389576307435,-1.411610423692565,1.411610423692565,50-75%
2.0,7.472760595960451,5.472760595960451,5.472760595960451,0-25%
2.0,7.890062051544855,5.890062051544855,5.890062051544855,0-25%
2.0,8.40190463307362,6.40190463307362,6.40190463307362,0-25%
2.0,8.12549686438913,6.125496864389129,6.125496864389129,0-25%
2.0,8.12549686438913,6.125496864389129,6.125496864389129,0-25%
2.0,7.981729006618533,5.981729006618533,5.981729006618533,0-25%
2.0,7.981729006618533,5.981729006618533,5.981729006618533,0-25%
2.0,8.606086629754934,6.606086629754934,6.606086629754934,0-25%
2.0,8.12549686438913,6.125496864389129,6.125496864389129,0-25%
2.0,8.12549686438913,6.125496864389129,6.125496864389129,0-25%
2.0,8.12549686438913,6.125496864389129,6.125496864389129,0-25%
2.0,8.12549686438913,6.125496864389129,6.125496864389129,0-25%
2.0,8.12549686438913,6.125496864389129,6.125496864389129,0-25%
2.0,8.606086629754934,6.606086629754934,6.606086629754934,0-25%
2.0,8.606086629754934,6.606086629754934,6.606086629754934,0-25%
2.0,8.606086629754934,6.606086629754934,6.606086629754934,0-25%
2.0,8.12549686438913,6.125496864389129,6.125496864389129,0-25%
2.0,8.12549686438913,6.125496864389129,6.125496864389129,0-25%
2.0,8.12549686438913,6.125496864389129,6.125496864389129,0-25%
2.0,8.12549686438913,6.125496864389129,6.125496864389129,0-25%
2.0,8.12549686438913,6.125496864389129,6.125496864389129,0-25%
2.0,8.12549686438913,6.125496864389129,6.125496864389129,0-25%
2.0,8.606086629754934,6.606086629754934,6.606086629754934,0-25%
2.0,7.667953524328932,5.667953524328932,5.667953524328932,0-25%
2.0,7.614681692542373,5.614681692542373,5.614681692542373,0-25%
2.0,7.588389576307435,5.588389576307435,5.588389576307435,0-25%
2.0,7.931530034576396,5.931530034576396,5.931530034576396,0-25%
2.0,7.981729006618533,5.981729006618533,5.981729006618533,0-25%
2.0,8.12549686438913,6.125496864389129,6.125496864389129,0-25%
2.0,7.400277414433105,5.400277414433105,5.400277414433105,0-25%
2.0,7.400277414433105,5.400277414433105,5.400277414433105,0-25%
2.0,7.394988341902619,5.394988341902619,5.394988341902619,0-25%
4.0,9.097405721006968,5.097405721006968,5.097405721006968,0-25%
4.0,9.140227409777165,5.1402274097771645,5.1402274097771645,0-25%
4.0,9.140227409777165,5.1402274097771645,5.1402274097771645,0-25%
4.0,8.304990015060044,4.304990015060044,4.304990015060044,0-25%
4.0,9.140227409777165,5.1402274097771645,5.1402274097771645,0-25%
4.0,9.140227409777165,5.1402274097771645,5.1402274097771645,0-25%
4.0,9.097405721006968,5.097405721006968,5.097405721006968,0-25%
4.0,9.097405721006968,5.097405721006968,5.097405721006968,0-25%
4.0,9.140227409777165,5.1402274097771645,5.1402274097771645,0-25%
4.0,9.327215855635323,5.327215855635323,5.327215855635323,0-25%
4.0,9.327215855635323,5.327215855635323,5.327215855635323,0-25%
4.0,9.327215855635323,5.327215855635323,5.327215855635323,0-25%
4.0,9.140227409777165,5.1402274097771645,5.1402274097771645,0-25%
4.0,9.140227409777165,5.1402274097771645,5.1402274097771645,0-25%
4.0,9.140227409777165,5.1402274097771645,5.1402274097771645,0-25%
4.0,8.606086629754934,4.606086629754934,4.606086629754934,0-25%
4.0,8.606086629754934,4.606086629754934,4.606086629754934,0-25%
4.0,9.327215855635323,5.327215855635323,5.327215855635323,0-25%
4.0,8.606086629754934,4.606086629754934,4.606086629754934,0-25%
4.0,8.606086629754934,4.606086629754934,4.606086629754934,0-25%
4.0,8.606086629754934,4.606086629754934,4.606086629754934,0-25%
4.0,9.327215855635323,5.327215855635323,5.327215855635323,0-25%
4.0,9.087727533218363,5.087727533218363,5.087727533218363,0-25%
4.0,8.454747309075534,4.454747309075534,4.454747309075534,0-25%
4.0,8.606086629754934,4.606086629754934,4.606086629754934,0-25%
4.0,8.606086629754934,4.606086629754934,4.606086629754934,0-25%
4.0,9.327215855635323,5.327215855635323,5.327215855635323,0-25%
4.0,8.606086629754934,4.606086629754934,4.606086629754934,0-25%
6.0,9.903562536902932,3.903562536902932,3.903562536902932,25-50%
6.0,10.01148165634641,4.01148165634641,4.01148165634641,25-50%
8.0,10.36727065233518,2.367270652335179,2.367270652335179,25-50%
8.0,10.36727065233518,2.367270652335179,2.367270652335179,25-50%
8.0,10.303738864496616,2.3037388644966157,2.3037388644966157,25-50%
6.0,8.360898181858044,2.360898181858044,2.360898181858044,25-50%
6.0,9.982096276582363,3.9820962765823626,3.9820962765823626,25-50%
8.0,10.674003744762375,2.6740037447623752,2.6740037447623752,25-50%
8.0,10.674003744762375,2.6740037447623752,2.6740037447623752,25-50%
8.0,10.674003744762375,2.6740037447623752,2.6740037447623752,25-50%
8.0,10.490085374625194,2.4900853746251936,2.4900853746251936,25-50%
8.0,10.303738864496616,2.3037388644966157,2.3037388644966157,25-50%
8.0,9.320119132875357,1.320119132875357,1.320119132875357,25-50%
6.0,8.360898181858044,2.360898181858044,2.360898181858044,25-50%
6.0,8.778249282040171,2.7782492820401714,2.7782492820401714,25-50%
6.0,9.626047052303694,3.6260470523036936,3.6260470523036936,25-50%
6.0,10.009766182068493,4.009766182068493,4.009766182068493,25-50%
8.0,10.674003744762375,2.6740037447623752,2.6740037447623752,25-50%
8.0,10.490085374625194,2.4900853746251936,2.4900853746251936,25-50%
8.0,10.490085374625194,2.4900853746251936,2.4900853746251936,25-50%
8.0,10.490085374625194,2.4900853746251936,2.4900853746251936,25-50%
8.0,10.36727065233518,2.367270652335179,2.367270652335179,25-50%
3.0,8.051943576943954,5.051943576943954,5.051943576943954,0-25%
3.0,8.051943576943954,5.051943576943954,5.051943576943954,0-25%
6.0,9.026504850233831,3.026504850233831,3.026504850233831,25-50%
6.0,9.056947618832984,3.056947618832984,3.056947618832984,25-50%
6.0,9.463733019645709,3.4637330196457086,3.4637330196457086,25-50%
6.0,9.948232490241802,3.948232490241802,3.948232490241802,25-50%
6.0,9.948232490241802,3.948232490241802,3.948232490241802,25-50%
6.0,10.009766182068493,4.009766182068493,4.009766182068493,25-50%
8.0,10.674003744762375,2.6740037447623752,2.6740037447623752,25-50%
8.0,10.490085374625194,2.4900853746251936,2.4900853746251936,25-50%
8.0,10.36727065233518,2.367270652335179,2.367270652335179,25-50%
8.0,10.303738864496616,2.3037388644966157,2.3037388644966157,25-50%
8.0,10.275330142563,2.275330142563,2.275330142563,25-50%
3.0,8.408130446455575,5.408130446455575,5.408130446455575,0-25%
3.0,8.179426825895952,5.179426825895952,5.179426825895952,0-25%
3.0,8.179426825895952,5.179426825895952,5.179426825895952,0-25%
3.0,8.051943576943954,5.051943576943954,5.051943576943954,0-25%
3.0,8.360898181858044,5.360898181858044,5.360898181858044,0-25%
3.0,8.360898181858044,5.360898181858044,5.360898181858044,0-25%
6.0,8.489934949278542,2.489934949278542,2.489934949278542,25-50%
6.0,9.463733019645709,3.4637330196457086,3.4637330196457086,25-50%
6.0,9.948232490241802,3.948232490241802,3.948232490241802,25-50%
6.0,9.948232490241802,3.948232490241802,3.948232490241802,25-50%
8.0,10.46120832391532,2.4612083239153204,2.4612083239153204,25-50%
8.0,10.490085374625194,2.4900853746251936,2.4900853746251936,25-50%
8.0,9.320119132875357,1.320119132875357,1.320119132875357,25-50%
8.0,9.320119132875357,1.320119132875357,1.320119132875357,25-50%
8.0,9.737549346993239,1.737549346993239,1.737549346993239,25-50%
3.0,8.360898181858044,5.360898181858044,5.360898181858044,0-25%
3.0,8.360898181858044,5.360898181858044,5.360898181858044,0-25%
6.0,9.437878345145725,3.437878345145725,3.437878345145725,25-50%
6.0,9.948232490241802,3.948232490241802,3.948232490241802,25-50%
8.0,10.36727065233518,2.367270652335179,2.367270652335179,25-50%
8.0,10.36727065233518,2.367270652335179,2.367270652335179,25-50%
8.0,9.31286692854216,1.3128669285421601,1.3128669285421601,25-50%
3.0,9.026504850233831,6.026504850233831,6.026504850233831,0-25%
3.0,8.360898181858044,5.360898181858044,5.360898181858044,0-25%
3.0,8.360898181858044,5.360898181858044,5.360898181858044,0-25%
3.0,8.770251637112874,5.7702516371128745,5.7702516371128745,0-25%
3.0,8.408130446455575,5.408130446455575,5.408130446455575,0-25%
3.0,8.360898181858044,5.360898181858044,5.360898181858044,0-25%
3.0,8.360898181858044,5.360898181858044,5.360898181858044,0-25%
3.0,8.360898181858044,5.360898181858044,5.360898181858044,0-25%
3.0,8.051943576943954,5.051943576943954,5.051943576943954,0-25%
3.0,8.051943576943954,5.051943576943954,5.051943576943954,0-25%
3.0,8.051943576943954,5.051943576943954,5.051943576943954,0-25%
3.0,8.051943576943954,5.051943576943954,5.051943576943954,0-25%
3.0,8.051943576943954,5.051943576943954,5.051943576943954,0-25%
4.0,10.215927191842216,6.215927191842216,6.215927191842216,0-25%
4.0,10.187739159489354,6.187739159489354,6.187739159489354,0-25%
4.0,10.231152423488883,6.231152423488883,6.231152423488883,0-25%
4.0,10.231152423488883,6.231152423488883,6.231152423488883,0-25%
4.0,10.298359176284087,6.298359176284087,6.298359176284087,0-25%
4.0,10.34013241790829,6.34013241790829,6.34013241790829,0-25%
4.0,10.34013241790829,6.34013241790829,6.34013241790829,0-25%
4.0,10.187739159489354,6.187739159489354,6.187739159489354,0-25%
4.0,10.231152423488883,6.231152423488883,6.231152423488883,0-25%
4.0,10.231152423488883,6.231152423488883,6.231152423488883,0-25%
4.0,10.34013241790829,6.34013241790829,6.34013241790829,0-25%
4.0,10.269963974661614,6.269963974661614,6.269963974661614,0-25%
4.0,10.269963974661614,6.269963974661614,6.269963974661614,0-25%
4.0,10.368704412207121,6.368704412207121,6.368704412207121,0-25%
4.0,9.584323984114809,5.584323984114809,5.584323984114809,0-25%
4.0,10.602477056458344,6.602477056458344,6.602477056458344,0-25%
4.0,10.34013241790829,6.34013241790829,6.34013241790829,0-25%
4.0,10.355526253835837,6.355526253835837,6.355526253835837,0-25%
4.0,10.34013241790829,6.34013241790829,6.34013241790829,0-25%
4.0,9.584323984114809,5.584323984114809,5.584323984114809,0-25%
4.0,9.610991683695946,5.610991683695946,5.610991683695946,0-25%
4.0,9.584323984114809,5.584323984114809,5.584323984114809,0-25%
4.0,9.584323984114809,5.584323984114809,5.584323984114809,0-25%
4.0,9.584323984114809,5.584323984114809,5.584323984114809,0-25%
4.0,9.584323984114809,5.584323984114809,5.584323984114809,0-25%
4.0,9.584323984114809,5.584323984114809,5.584323984114809,0-25%
4.0,9.443820562401754,5.443820562401754,5.443820562401754,0-25%
4.0,9.584323984114809,5.584323984114809,5.584323984114809,0-25%
4.0,9.610991683695946,5.610991683695946,5.610991683695946,0-25%
6.0,9.957289197205029,3.9572891972050286,3.9572891972050286,25-50%
6.0,10.429027444808227,4.429027444808227,4.429027444808227,25-50%
6.0,10.429027444808227,4.429027444808227,4.429027444808227,25-50%
6.0,10.287499628735773,4.287499628735773,4.287499628735773,25-50%
6.0,9.547286298171581,3.5472862981715814,3.5472862981715814,25-50%
6.0,9.547286298171581,3.5472862981715814,3.5472862981715814,25-50%
6.0,10.181607041610313,4.181607041610313,4.181607041610313,25-50%
6.0,10.429027444808227,4.429027444808227,4.429027444808227,25-50%
6.0,10.429027444808227,4.429027444808227,4.429027444808227,25-50%
6.0,10.315939012259285,4.315939012259285,4.315939012259285,25-50%
6.0,9.665454225527181,3.6654542255271814,3.6654542255271814,25-50%
6.0,9.769954407607996,3.7699544076079956,3.7699544076079956,25-50%
6.0,10.400303845781092,4.400303845781092,4.400303845781092,25-50%
6.0,10.400303845781092,4.400303845781092,4.400303845781092,25-50%
6.0,9.665454225527181,3.6654542255271814,3.6654542255271814,25-50%
6.0,10.429027444808227,4.429027444808227,4.429027444808227,25-50%
3.5,10.588717351153997,7.088717351153997,7.088717351153997,0-25%
3.5,10.372970217824127,6.872970217824127,6.872970217824127,0-25%
3.5,10.344387502640194,6.844387502640194,6.844387502640194,0-25%
3.5,10.206687433776857,6.706687433776857,6.706687433776857,0-25%
3.5,10.344387502640194,6.844387502640194,6.844387502640194,0-25%
1.0,9.850126943233926,8.850126943233926,8.850126943233926,0-25%
1.0,9.82739400687068,8.82739400687068,8.82739400687068,0-25%
1.0,9.899318396717078,8.899318396717078,8.899318396717078,0-25%
1.0,9.794007251916112,8.794007251916112,8.794007251916112,0-25%
1.0,9.276219451589416,8.276219451589416,8.276219451589416,0-25%
1.0,9.276219451589416,8.276219451589416,8.276219451589416,0-25%
1.0,9.965196508066436,8.965196508066436,8.965196508066436,0-25%
1.0,8.952871581746727,7.952871581746727,7.952871581746727,0-25%
1.0,8.632620344703005,7.632620344703005,7.632620344703005,0-25%
1.0,9.250393106481077,8.250393106481077,8.250393106481077,0-25%
1.0,9.943747596460591,8.943747596460591,8.943747596460591,0-25%
1.0,8.952871581746727,7.952871581746727,7.952871581746727,0-25%
1.0,8.356252413713802,7.356252413713802,7.356252413713802,0-25%
1.0,10.04481708694203,9.04481708694203,9.04481708694203,0-25%
1.0,9.867830181116664,8.867830181116664,8.867830181116664,0-25%
1.0,10.08767575151996,9.08767575151996,9.08767575151996,0-25%
1.0,9.328138641513624,8.328138641513624,8.328138641513624,0-25%
2.0,7.228111442363453,5.228111442363453,5.228111442363453,0-25%
2.0,8.310810652850302,6.310810652850302,6.310810652850302,0-25%
2.0,6.705118628347331,4.705118628347331,4.705118628347331,0-25%
2.0,7.706802505083256,5.706802505083256,5.706802505083256,0-25%
2.0,8.091696933336625,6.091696933336625,6.091696933336625,0-25%
2.0,8.310810652850302,6.310810652850302,6.310810652850302,0-25%
2.0,8.298188684626329,6.298188684626329,6.298188684626329,0-25%
2.0,8.310810652850302,6.310810652850302,6.310810652850302,0-25%
2.0,8.085211027340593,6.085211027340593,6.085211027340593,0-25%
2.0,8.061208943270895,6.061208943270895,6.061208943270895,0-25%
2.0,8.394645235555432,6.394645235555432,6.394645235555432,0-25%
2.0,8.097543885791271,6.097543885791271,6.097543885791271,0-25%
2.0,8.310810652850302,6.310810652850302,6.310810652850302,0-25%
2.0,8.310810652850302,6.310810652850302,6.310810652850302,0-25%
2.0,8.310810652850302,6.310810652850302,6.310810652850302,0-25%
4.0,8.310810652850302,4.310810652850302,4.310810652850302,0-25%
4.0,8.310810652850302,4.310810652850302,4.310810652850302,0-25%
4.0,8.394645235555432,4.394645235555432,4.394645235555432,0-25%
6.0,8.585231738171583,2.585231738171583,2.585231738171583,25-50%
6.0,7.973638190868138,1.9736381908681384,1.9736381908681384,25-50%
6.0,7.4790412843702185,1.4790412843702185,1.4790412843702185,25-50%
2.0,8.310810652850302,6.310810652850302,6.310810652850302,0-25%
2.0,8.310810652850302,6.310810652850302,6.310810652850302,0-25%
4.0,8.310810652850302,4.310810652850302,4.310810652850302,0-25%
4.0,8.310810652850302,4.310810652850302,4.310810652850302,0-25%
5.0,8.463646335546986,3.4636463355469864,3.4636463355469864,0-25%
5.0,8.463646335546986,3.4636463355469864,3.4636463355469864,0-25%
6.5,8.463646335546986,1.9636463355469864,1.9636463355469864,25-50%
6.0,8.060259861319121,2.060259861319121,2.060259861319121,25-50%
6.0,8.060259861319121,2.060259861319121,2.060259861319121,25-50%
6.0,8.024073828537805,2.024073828537805,2.024073828537805,25-50%
6.0,7.374527484986658,1.3745274849866584,1.3745274849866584,25-50%
2.0,7.239280817893609,5.239280817893609,5.239280817893609,0-25%
4.0,7.2032046314560505,3.2032046314560505,3.2032046314560505,0-25%
5.0,7.363174765685687,2.363174765685687,2.363174765685687,0-25%
5.0,8.146057505467596,3.1460575054675957,3.1460575054675957,0-25%
5.0,8.246878823691905,3.2468788236919046,3.2468788236919046,0-25%
6.5,8.439862161085115,1.9398621610851148,1.9398621610851148,25-50%
6.5,8.463646335546986,1.9636463355469864,1.9636463355469864,25-50%
6.5,8.246878823691905,1.7468788236919046,1.7468788236919046,25-50%
6.0,7.973638190868138,1.9736381908681384,1.9736381908681384,25-50%
6.0,7.951085512046271,1.9510855120462711,1.9510855120462711,25-50%
6.0,7.374527484986658,1.3745274849866584,1.3745274849866584,25-50%
6.0,6.823630203137796,0.823630203137796,0.823630203137796,25-50%
4.0,6.70039641898136,2.7003964189813603,2.7003964189813603,0-25%
5.0,6.819999526238768,1.8199995262387683,1.8199995262387683,0-25%
5.0,6.819999526238768,1.8199995262387683,1.8199995262387683,0-25%
6.5,6.831597096198238,0.3315970961982382,0.3315970961982382,25-50%
6.5,8.246878823691905,1.7468788236919046,1.7468788236919046,25-50%
6.5,8.463646335546986,1.9636463355469864,1.9636463355469864,25-50%
6.5,8.22363943251301,1.7236394325130107,1.7236394325130107,25-50%
7.0,8.246878823691905,1.2468788236919046,1.2468788236919046,25-50%
6.0,7.467546883543978,1.467546883543978,1.467546883543978,25-50%
6.0,7.4790412843702185,1.4790412843702185,1.4790412843702185,25-50%
6.0,7.8497234766919135,1.8497234766919135,1.8497234766919135,25-50%
6.0,7.800205068582676,1.8002050685826756,1.8002050685826756,25-50%
6.5,7.124763600527075,0.6247636005270749,0.6247636005270749,25-50%
6.5,8.158472960899203,1.6584729608992035,1.6584729608992035,25-50%
6.5,8.209947448062437,1.7099474480624366,1.7099474480624366,25-50%
7.0,8.209947448062437,1.2099474480624366,1.2099474480624366,25-50%
6.0,8.024073828537805,2.024073828537805,2.024073828537805,25-50%
6.0,7.337859112885698,1.337859112885698,1.337859112885698,25-50%
6.0,7.374527484986658,1.3745274849866584,1.3745274849866584,25-50%
6.0,7.337859112885698,1.337859112885698,1.337859112885698,25-50%
6.5,6.831597096198238,0.3315970961982382,0.3315970961982382,25-50%
6.5,7.800205068582676,1.3002050685826756,1.3002050685826756,25-50%
6.5,7.800205068582676,1.3002050685826756,1.3002050685826756,25-50%
7.0,8.158472960899203,1.1584729608992035,1.1584729608992035,25-50%
6.0,7.973638190868138,1.9736381908681384,1.9736381908681384,25-50%
6.0,7.973638190868138,1.9736381908681384,1.9736381908681384,25-50%
6.0,7.337859112885698,1.337859112885698,1.337859112885698,25-50%
6.0,7.124763600527075,1.124763600527075,1.124763600527075,25-50%
7.0,7.363174765685687,0.3631747656856872,0.3631747656856872,25-50%
6.0,7.337859112885698,1.337859112885698,1.337859112885698,25-50%
7.0,6.831597096198238,-0.16840290380176182,0.16840290380176182,25-50%
6.0,8.876009928038812,2.876009928038812,2.876009928038812,25-50%
6.0,10.143331139432581,4.143331139432581,4.143331139432581,25-50%
6.0,9.19072986405406,3.1907298640540596,3.1907298640540596,25-50%
6.0,10.11532555654101,4.115325556541009,4.115325556541009,25-50%
6.0,10.100257342697475,4.100257342697475,4.100257342697475,25-50%
6.0,9.151338283452697,3.151338283452697,3.151338283452697,25-50%
6.0,9.19072986405406,3.1907298640540596,3.1907298640540596,25-50%
6.0,8.985368062766979,2.9853680627669785,2.9853680627669785,25-50%
6.0,7.712718144175456,1.7127181441754562,1.7127181441754562,25-50%
6.0,8.846114864813146,2.8461148648131456,2.8461148648131456,25-50%
6.0,8.99926217387352,2.99926217387352,2.99926217387352,25-50%
6.0,9.770013731897857,3.7700137318978566,3.7700137318978566,25-50%
6.0,8.714709810173542,2.7147098101735416,2.7147098101735416,25-50%
6.0,9.151338283452697,3.151338283452697,3.151338283452697,25-50%
6.0,8.904604627283453,2.9046046272834527,2.9046046272834527,25-50%
6.0,7.407831467515091,1.4078314675150914,1.4078314675150914,25-50%
6.0,7.834845252239458,1.8348452522394583,1.8348452522394583,25-50%
6.0,9.151338283452697,3.151338283452697,3.151338283452697,25-50%
6.0,9.19072986405406,3.1907298640540596,3.1907298640540596,25-50%
6.0,9.19072986405406,3.1907298640540596,3.1907298640540596,25-50%
6.0,9.176915055299053,3.1769150552990535,3.1769150552990535,25-50%
6.0,8.197024009738385,2.197024009738385,2.197024009738385,25-50%
6.0,7.523730537508944,1.5237305375089436,1.5237305375089436,25-50%
6.0,7.407831467515091,1.4078314675150914,1.4078314675150914,25-50%
6.0,9.151338283452697,3.151338283452697,3.151338283452697,25-50%
6.0,9.19072986405406,3.1907298640540596,3.1907298640540596,25-50%
6.0,9.19072986405406,3.1907298640540596,3.1907298640540596,25-50%
6.0,7.523730537508944,1.5237305375089436,1.5237305375089436,25-50%
6.0,8.690294659313166,2.6902946593131656,2.6902946593131656,25-50%
3.0,8.900256888268242,5.900256888268242,5.900256888268242,0-25%
3.0,9.40966021501082,6.40966021501082,6.40966021501082,0-25%
3.0,8.47442840437996,5.47442840437996,5.47442840437996,0-25%
3.0,8.316225321245792,5.316225321245792,5.316225321245792,0-25%
3.0,8.055926458610923,5.055926458610923,5.055926458610923,0-25%
3.0,8.875375417775894,5.875375417775894,5.875375417775894,0-25%
3.0,9.1219546985837,6.1219546985837,6.1219546985837,0-25%
3.0,8.558556400000006,5.558556400000006,5.558556400000006,0-25%
3.0,8.14621515706798,5.14621515706798,5.14621515706798,0-25%
3.0,8.392374909878002,5.3923749098780025,5.3923749098780025,0-25%
3.0,9.160156550681313,6.160156550681313,6.160156550681313,0-25%
3.0,9.051738108501404,6.051738108501404,6.051738108501404,0-25%
3.0,9.199582349971346,6.199582349971346,6.199582349971346,0-25%
2.0,8.959083327561695,6.959083327561695,6.959083327561695,0-25%
2.0,8.534519936847063,6.5345199368470634,6.5345199368470634,0-25%
2.0,8.455551471495394,6.455551471495394,6.455551471495394,0-25%
3.0,8.392374909878002,5.3923749098780025,5.3923749098780025,0-25%
3.0,8.392374909878002,5.3923749098780025,5.3923749098780025,0-25%
3.0,7.9595761218383805,4.9595761218383805,4.9595761218383805,0-25%
3.0,9.207428990801118,6.207428990801118,6.207428990801118,0-25%
3.0,8.640582789826837,5.640582789826837,5.640582789826837,0-25%
3.0,9.160156550681313,6.160156550681313,6.160156550681313,0-25%
1.0,10.107083016088033,9.107083016088033,9.107083016088033,0-25%
2.0,10.202010618465161,8.202010618465161,8.202010618465161,0-25%
2.0,8.665950020547946,6.665950020547946,6.665950020547946,0-25%
2.0,8.455551471495394,6.455551471495394,6.455551471495394,0-25%
3.0,8.392374909878002,5.3923749098780025,5.3923749098780025,0-25%
3.0,8.392374909878002,5.3923749098780025,5.3923749098780025,0-25%
3.0,7.9595761218383805,4.9595761218383805,4.9595761218383805,0-25%
3.0,8.69016149575829,5.690161495758289,5.690161495758289,0-25%
2.0,8.657567203548227,6.657567203548227,6.657567203548227,0-25%
2.0,9.930648065547661,7.930648065547661,7.930648065547661,0-25%
1.0,10.020587233718118,9.020587233718118,9.020587233718118,0-25%
4.0,10.020587233718118,6.020587233718118,6.020587233718118,0-25%
3.6666666666666665,10.078371120030228,6.411704453363562,6.411704453363562,0-25%
2.0,8.455551471495394,6.455551471495394,6.455551471495394,0-25%
3.0,8.392374909878002,5.3923749098780025,5.3923749098780025,0-25%
3.0,7.9595761218383805,4.9595761218383805,4.9595761218383805,0-25%
3.0,9.160156550681313,6.160156550681313,6.160156550681313,0-25%
3.0,8.921693782423436,5.921693782423436,5.921693782423436,0-25%
1.0,9.956766078019719,8.956766078019719,8.956766078019719,0-25%
4.0,9.802071889215561,5.802071889215561,5.802071889215561,0-25%
4.0,9.324478681988051,5.324478681988051,5.324478681988051,0-25%
3.6666666666666665,8.322353288090723,4.655686621424056,4.655686621424056,0-25%
3.6666666666666665,8.322353288090723,4.655686621424056,4.655686621424056,0-25%
3.0,8.392374909878002,5.3923749098780025,5.3923749098780025,0-25%
3.0,8.392374909878002,5.3923749098780025,5.3923749098780025,0-25%
4.0,9.888609950886543,5.8886099508865435,5.8886099508865435,0-25%
4.0,10.612256629958623,6.6122566299586225,6.6122566299586225,0-25%
4.0,8.638818800091773,4.638818800091773,4.638818800091773,0-25%
4.0,8.400209342795291,4.400209342795291,4.400209342795291,0-25%
4.0,8.41282495441586,4.412824954415861,4.412824954415861,0-25%
3.6666666666666665,8.400209342795291,4.733542676128625,4.733542676128625,0-25%
3.6666666666666665,8.400209342795291,4.733542676128625,4.733542676128625,0-25%
5.0,8.322353288090723,3.3223532880907225,3.3223532880907225,0-25%
4.0,9.454622151310652,5.454622151310652,5.454622151310652,0-25%
4.0,10.00686356639254,6.006863566392539,6.006863566392539,0-25%
4.0,8.400209342795291,4.400209342795291,4.400209342795291,0-25%
7.0,9.205874961251402,2.2058749612514017,2.2058749612514017,25-50%
7.0,9.639086034345864,2.6390860343458638,2.6390860343458638,25-50%
7.0,8.207633220801617,1.2076332208016165,1.2076332208016165,25-50%
7.0,9.253217807605164,2.2532178076051643,2.2532178076051643,25-50%
7.0,9.886296115905441,2.8862961159054414,2.8862961159054414,25-50%
7.0,9.612347727631539,2.6123477276315388,2.6123477276315388,25-50%
7.0,9.279051269680169,2.279051269680169,2.279051269680169,25-50%
7.0,9.279051269680169,2.279051269680169,2.279051269680169,25-50%
7.0,9.300398152479685,2.3003981524796853,2.3003981524796853,25-50%
7.0,8.899858447620261,1.899858447620261,1.899858447620261,25-50%
8.0,10.177438006422202,2.177438006422202,2.177438006422202,25-50%
8.0,10.177438006422202,2.177438006422202,2.177438006422202,25-50%
8.0,10.177438006422202,2.177438006422202,2.177438006422202,25-50%
8.0,10.005851064805753,2.0058510648057535,2.0058510648057535,25-50%
8.0,10.028557802288544,2.028557802288544,2.028557802288544,25-50%
8.0,10.177438006422202,2.177438006422202,2.177438006422202,25-50%
8.0,10.930852357731325,2.9308523577313252,2.9308523577313252,25-50%
8.0,10.930852357731325,2.9308523577313252,2.9308523577313252,25-50%
8.0,10.87330918698023,2.8733091869802294,2.8733091869802294,25-50%
8.0,10.528160341774672,2.5281603417746723,2.5281603417746723,25-50%
8.0,10.314245012381846,2.3142450123818463,2.3142450123818463,25-50%
8.0,10.006061646677466,2.006061646677466,2.006061646677466,25-50%
8.0,10.87330918698023,2.8733091869802294,2.8733091869802294,25-50%
8.0,10.87330918698023,2.8733091869802294,2.8733091869802294,25-50%
8.0,10.177438006422202,2.177438006422202,2.177438006422202,25-50%
8.0,10.177438006422202,2.177438006422202,2.177438006422202,25-50%
8.0,10.041478346182961,2.041478346182961,2.041478346182961,25-50%
8.0,10.041478346182961,2.041478346182961,2.041478346182961,25-50%
8.0,10.041478346182961,2.041478346182961,2.041478346182961,25-50%
8.0,10.006061646677466,2.006061646677466,2.006061646677466,25-50%
8.0,10.787537494005218,2.7875374940052176,2.7875374940052176,25-50%
8.0,10.499187600500168,2.499187600500168,2.499187600500168,25-50%
8.0,10.528160341774672,2.5281603417746723,2.5281603417746723,25-50%
8.0,10.682349563843578,2.6823495638435784,2.6823495638435784,25-50%
8.0,10.342751782151026,2.3427517821510264,2.3427517821510264,25-50%
8.0,10.041478346182961,2.041478346182961,2.041478346182961,25-50%
8.0,10.041478346182961,2.041478346182961,2.041478346182961,25-50%
8.0,10.444881972296542,2.4448819722965425,2.4448819722965425,25-50%
8.0,10.528160341774672,2.5281603417746723,2.5281603417746723,25-50%
8.0,10.960912698561822,2.960912698561822,2.960912698561822,25-50%
8.0,10.768544139357422,2.768544139357422,2.768544139357422,25-50%
8.0,10.65298931195976,2.652989311959759,2.652989311959759,25-50%
8.0,10.342751782151026,2.3427517821510264,2.3427517821510264,25-50%
8.0,10.682349563843578,2.6823495638435784,2.6823495638435784,25-50%
8.0,10.768544139357422,2.768544139357422,2.768544139357422,25-50%
8.0,10.768544139357422,2.768544139357422,2.768544139357422,25-50%
8.0,10.768544139357422,2.768544139357422,2.768544139357422,25-50%
8.0,8.09242620256823,0.09242620256823031,0.09242620256823031,25-50%
8.0,8.554594608113863,0.5545946081138631,0.5545946081138631,25-50%
8.0,9.039559062793323,1.039559062793323,1.039559062793323,25-50%
8.0,8.999461778728966,0.9994617787289659,0.9994617787289659,25-50%
8.0,8.999461778728966,0.9994617787289659,0.9994617787289659,25-50%
8.0,8.943574688181375,0.9435746881813749,0.9435746881813749,25-50%
8.0,9.274908771560778,1.2749087715607779,1.2749087715607779,25-50%
8.0,9.274908771560778,1.2749087715607779,1.2749087715607779,25-50%
8.0,9.274908771560778,1.2749087715607779,1.2749087715607779,25-50%
8.0,9.274908771560778,1.2749087715607779,1.2749087715607779,25-50%
8.0,9.039559062793323,1.039559062793323,1.039559062793323,25-50%
8.0,8.943574688181375,0.9435746881813749,0.9435746881813749,25-50%
8.0,8.205899351918884,0.20589935191888387,0.20589935191888387,25-50%
8.0,8.975111716775189,0.9751117167751886,0.9751117167751886,25-50%
8.0,8.74662894484404,0.7466289448440406,0.7466289448440406,25-50%
8.0,9.039559062793323,1.039559062793323,1.039559062793323,25-50%
8.0,9.039559062793323,1.039559062793323,1.039559062793323,25-50%
8.0,8.999461778728966,0.9994617787289659,0.9994617787289659,25-50%
8.0,9.497969681593077,1.4979696815930765,1.4979696815930765,25-50%
8.0,8.975111716775189,0.9751117167751886,0.9751117167751886,25-50%
8.0,8.74662894484404,0.7466289448440406,0.7466289448440406,25-50%
8.0,8.707701602813687,0.7077016028136871,0.7077016028136871,25-50%
8.0,8.65344516276813,0.6534451627681293,0.6534451627681293,25-50%
8.0,9.283354977433703,1.283354977433703,1.283354977433703,25-50%
8.0,9.524419807467982,1.5244198074679822,1.5244198074679822,25-50%
8.0,8.722133574347303,0.7221335743473034,0.7221335743473034,25-50%
8.0,8.74662894484404,0.7466289448440406,0.7466289448440406,25-50%
8.0,7.925177794643444,-0.07482220535655593,0.07482220535655593,25-50%
8.0,7.85131036841548,-0.14868963158451987,0.14868963158451987,25-50%
8.0,9.075854575138717,1.0758545751387167,1.0758545751387167,25-50%
8.0,9.242283989844925,1.2422839898449247,1.2422839898449247,25-50%
8.0,9.334505562836878,1.3345055628368776,1.3345055628368776,25-50%
8.0,9.334505562836878,1.3345055628368776,1.3345055628368776,25-50%
8.0,8.165249210474194,0.16524921047419383,0.16524921047419383,25-50%
8.0,8.587152340367805,0.5871523403678047,0.5871523403678047,25-50%
8.0,8.587152340367805,0.5871523403678047,0.5871523403678047,25-50%
8.0,9.075854575138717,1.0758545751387167,1.0758545751387167,25-50%
8.0,9.166577616901545,1.1665776169015452,1.1665776169015452,25-50%
8.0,9.166577616901545,1.1665776169015452,1.1665776169015452,25-50%
8.0,8.165249210474194,0.16524921047419383,0.16524921047419383,25-50%
8.0,8.111041152210536,0.1110411522105359,0.1110411522105359,25-50%
8.0,8.587152340367805,0.5871523403678047,0.5871523403678047,25-50%
8.0,8.123409074158676,0.12340907415867619,0.12340907415867619,25-50%
8.0,8.205556292171979,0.20555629217197868,0.20555629217197868,25-50%
1.0,8.666245854547377,7.666245854547377,7.666245854547377,0-25%
1.0,9.05006099893262,8.05006099893262,8.05006099893262,0-25%
1.0,9.012028907763044,8.012028907763044,8.012028907763044,0-25%
1.0,8.51432059764442,7.514320597644421,7.514320597644421,0-25%
1.0,8.710725238640942,7.710725238640942,7.710725238640942,0-25%
1.0,8.817168619475794,7.817168619475794,7.817168619475794,0-25%
1.0,9.089059579891487,8.089059579891487,8.089059579891487,0-25%
1.0,9.012028907763044,8.012028907763044,8.012028907763044,0-25%
1.0,8.51432059764442,7.514320597644421,7.514320597644421,0-25%
1.0,8.620915556142442,7.620915556142442,7.620915556142442,0-25%
1.0,8.939134856599672,7.939134856599672,7.939134856599672,0-25%
1.0,8.22647214233289,7.22647214233289,7.22647214233289,0-25%
1.0,9.089059579891487,8.089059579891487,8.089059579891487,0-25%
1.0,8.904900604879916,7.904900604879916,7.904900604879916,0-25%
1.0,8.916504724414807,7.916504724414807,7.916504724414807,0-25%
1.0,8.939134856599672,7.939134856599672,7.939134856599672,0-25%
1.0,8.97770299617687,7.97770299617687,7.97770299617687,0-25%
1.0,8.964176971981818,7.964176971981818,7.964176971981818,0-25%
1.0,8.964176971981818,7.964176971981818,7.964176971981818,0-25%
1.0,8.939134856599672,7.939134856599672,7.939134856599672,0-25%
1.0,8.97770299617687,7.97770299617687,7.97770299617687,0-25%
1.0,8.776634074977222,7.776634074977222,7.776634074977222,0-25%
1.0,7.802326108730245,6.802326108730245,6.802326108730245,0-25%
1.0,8.19854325505405,7.19854325505405,7.19854325505405,0-25%
1.0,8.939134856599672,7.939134856599672,7.939134856599672,0-25%
1.0,10.441409127810104,9.441409127810104,9.441409127810104,0-25%
1.0,10.485806740939198,9.485806740939198,9.485806740939198,0-25%
1.0,10.485806740939198,9.485806740939198,9.485806740939198,0-25%
1.0,10.867365285052646,9.867365285052646,9.867365285052646,0-25%
1.0,10.441409127810104,9.441409127810104,9.441409127810104,0-25%
1.0,10.485806740939198,9.485806740939198,9.485806740939198,0-25%
1.0,10.485806740939198,9.485806740939198,9.485806740939198,0-25%
1.0,10.810587492222592,9.810587492222592,9.810587492222592,0-25%
1.0,10.810587492222592,9.810587492222592,9.810587492222592,0-25%
1.0,10.897265667232594,9.897265667232594,9.897265667232594,0-25%
1.0,10.032720145704753,9.032720145704753,9.032720145704753,0-25%
1.0,8.99226901093967,7.992269010939671,7.992269010939671,0-25%
1.0,10.867365285052646,9.867365285052646,9.867365285052646,0-25%
1.0,10.88347482128715,9.88347482128715,9.88347482128715,0-25%
1.0,10.867365285052646,9.867365285052646,9.867365285052646,0-25%
1.0,10.032720145704753,9.032720145704753,9.032720145704753,0-25%
1.0,10.060517600398127,9.060517600398127,9.060517600398127,0-25%
1.0,10.032720145704753,9.032720145704753,9.032720145704753,0-25%
1.0,10.633660783823833,9.633660783823833,9.633660783823833,0-25%
1.0,9.776791354872817,8.776791354872817,8.776791354872817,0-25%
1.0,10.032720145704753,9.032720145704753,9.032720145704753,0-25%
1.0,10.032720145704753,9.032720145704753,9.032720145704753,0-25%
1.0,10.032720145704753,9.032720145704753,9.032720145704753,0-25%
1.0,10.032720145704753,9.032720145704753,9.032720145704753,0-25%
1.0,10.032720145704753,9.032720145704753,9.032720145704753,0-25%
1.0,10.604422897294473,9.604422897294473,9.604422897294473,0-25%
1.0,9.886264412339017,8.886264412339017,8.886264412339017,0-25%
1.0,10.032720145704753,9.032720145704753,9.032720145704753,0-25%
1.0,10.060517600398127,9.060517600398127,9.060517600398127,0-25%
1.0,10.060517600398127,9.060517600398127,9.060517600398127,0-25%
10.0,10.210668073979313,0.21066807397931342,0.21066807397931342,50-75%
10.0,10.238913876805213,0.23891387680521348,0.23891387680521348,50-75%
10.0,10.210668073979313,0.21066807397931342,0.21066807397931342,50-75%
10.0,10.238913876805213,0.23891387680521348,0.23891387680521348,50-75%
10.0,10.197549547239127,0.19754954723912732,0.19754954723912732,50-75%
10.0,9.912206462313076,-0.08779353768692388,0.08779353768692388,50-75%
10.0,10.210668073979313,0.21066807397931342,0.21066807397931342,50-75%
10.0,10.162445949263319,0.16244594926331857,0.16244594926331857,50-75%
10.0,10.210668073979313,0.21066807397931342,0.21066807397931342,50-75%
10.0,10.210668073979313,0.21066807397931342,0.21066807397931342,50-75%
10.0,10.238913876805213,0.23891387680521348,0.23891387680521348,50-75%
10.0,10.210668073979313,0.21066807397931342,0.21066807397931342,50-75%
10.0,10.238913876805213,0.23891387680521348,0.23891387680521348,50-75%
10.0,10.238913876805213,0.23891387680521348,0.23891387680521348,50-75%
10.0,10.238913876805213,0.23891387680521348,0.23891387680521348,50-75%
10.0,10.238913876805213,0.23891387680521348,0.23891387680521348,50-75%
10.0,10.238913876805213,0.23891387680521348,0.23891387680521348,50-75%
10.0,10.238913876805213,0.23891387680521348,0.23891387680521348,50-75%
10.0,10.205761064673817,0.20576106467381727,0.20576106467381727,50-75%
5.5,10.162445949263319,4.662445949263319,4.662445949263319,25-50%
5.5,10.037647465552112,4.537647465552112,4.537647465552112,25-50%
10.0,10.238913876805213,0.23891387680521348,0.23891387680521348,50-75%
10.0,10.205761064673817,0.20576106467381727,0.20576106467381727,50-75%
10.0,10.205761064673817,0.20576106467381727,0.20576106467381727,50-75%
10.0,10.238913876805213,0.23891387680521348,0.23891387680521348,50-75%
5.5,10.238913876805213,4.7389138768052135,4.7389138768052135,25-50%
5.5,10.162445949263319,4.662445949263319,4.662445949263319,25-50%
5.5,10.162445949263319,4.662445949263319,4.662445949263319,25-50%
4.666666666666667,10.009907488416314,5.343240821749647,5.343240821749647,0-25%
2.0,9.410924273697269,7.410924273697269,7.410924273697269,0-25%
2.0,9.410924273697269,7.410924273697269,7.410924273697269,0-25%
3.0,10.037647465552112,7.037647465552112,7.037647465552112,0-25%
10.0,10.238913876805213,0.23891387680521348,0.23891387680521348,50-75%
10.0,10.238913876805213,0.23891387680521348,0.23891387680521348,50-75%
5.5,10.210668073979313,4.710668073979313,4.710668073979313,25-50%
5.5,10.205761064673817,4.705761064673817,4.705761064673817,25-50%
4.666666666666667,10.213528018644643,5.546861351977976,5.546861351977976,0-25%
2.0,9.5527361849873,7.5527361849873,7.5527361849873,0-25%
2.0,9.410924273697269,7.410924273697269,7.410924273697269,0-25%
2.0,9.410924273697269,7.410924273697269,7.410924273697269,0-25%
2.0,9.437155084593611,7.437155084593611,7.437155084593611,0-25%
3.0,10.037647465552112,7.037647465552112,7.037647465552112,0-25%
10.0,10.190570254189398,0.19057025418939766,0.19057025418939766,50-75%
5.5,10.257041354565299,4.757041354565299,4.757041354565299,25-50%
4.666666666666667,10.257041354565299,5.590374687898632,5.590374687898632,0-25%
2.0,9.630182960135365,7.630182960135365,7.630182960135365,0-25%
2.0,9.603467028757432,7.603467028757432,7.603467028757432,0-25%
2.0,9.579324297630356,7.579324297630356,7.579324297630356,0-25%
2.333333333333333,10.009907488416314,7.676574155082981,7.676574155082981,0-25%
2.333333333333333,10.037647465552112,7.704314132218779,7.704314132218779,0-25%
3.0,10.037647465552112,7.037647465552112,7.037647465552112,0-25%
3.0,10.009907488416314,7.009907488416314,7.009907488416314,0-25%
1.0,9.644613064329713,8.644613064329713,8.644613064329713,0-25%
1.0,9.644613064329713,8.644613064329713,8.644613064329713,0-25%
2.0,9.359255138180217,7.359255138180217,7.359255138180217,0-25%
2.333333333333333,10.24178102723496,7.9084476939016275,7.9084476939016275,0-25%
2.333333333333333,10.257041354565299,7.923708021231966,7.923708021231966,0-25%
2.333333333333333,10.037647465552112,7.704314132218779,7.704314132218779,0-25%
2.333333333333333,10.037647465552112,7.704314132218779,7.704314132218779,0-25%
3.0,10.037647465552112,7.037647465552112,7.037647465552112,0-25%
3.0,10.037647465552112,7.037647465552112,7.037647465552112,0-25%
3.0,10.105764707260033,7.1057647072600325,7.1057647072600325,0-25%
1.0,9.359255138180217,8.359255138180217,8.359255138180217,0-25%
2.0,9.275467637434055,7.275467637434055,7.275467637434055,0-25%
2.0,9.359255138180217,7.359255138180217,7.359255138180217,0-25%
2.333333333333333,10.159878421160816,7.8265450878274825,7.8265450878274825,0-25%
2.333333333333333,10.18799625707969,7.854662923746356,7.854662923746356,0-25%
3.0,10.037647465552112,7.037647465552112,7.037647465552112,0-25%
3.0,10.105764707260033,7.1057647072600325,7.1057647072600325,0-25%
3.0,10.062836121040815,7.0628361210408155,7.0628361210408155,0-25%
3.0,10.009907488416314,7.009907488416314,7.009907488416314,0-25%
1.0,9.644613064329713,8.644613064329713,8.644613064329713,0-25%
2.333333333333333,10.24178102723496,7.9084476939016275,7.9084476939016275,0-25%
2.333333333333333,10.159878421160816,7.8265450878274825,7.8265450878274825,0-25%
3.0,10.213528018644643,7.213528018644643,7.213528018644643,0-25%
3.0,10.009907488416314,7.009907488416314,7.009907488416314,0-25%
3.0,10.024731404486875,7.024731404486875,7.024731404486875,0-25%
3.0,9.973183777189655,6.973183777189655,6.973183777189655,0-25%
3.0,10.090709454343354,7.090709454343354,7.090709454343354,0-25%
3.0,10.213528018644643,7.213528018644643,7.213528018644643,0-25%
3.0,9.824673700294847,6.824673700294847,6.824673700294847,0-25%
3.0,10.046487992944847,7.046487992944847,7.046487992944847,0-25%
3.0,10.090709454343354,7.090709454343354,7.090709454343354,0-25%
3.0,10.062836121040815,7.0628361210408155,7.0628361210408155,0-25%
3.0,10.062836121040815,7.0628361210408155,7.0628361210408155,0-25%
3.0,10.257041354565299,7.257041354565299,7.257041354565299,0-25%
3.0,10.159878421160816,7.1598784211608155,7.1598784211608155,0-25%
3.0,9.563911864601153,6.5639118646011525,6.5639118646011525,0-25%
3.0,10.213528018644643,7.213528018644643,7.213528018644643,0-25%
3.0,9.988763788829107,6.988763788829107,6.988763788829107,0-25%
3.0,10.062836121040815,7.0628361210408155,7.0628361210408155,0-25%
4.0,8.91440371342749,4.91440371342749,4.91440371342749,0-25%
4.0,8.91440371342749,4.91440371342749,4.91440371342749,0-25%
4.0,8.91440371342749,4.91440371342749,4.91440371342749,0-25%
4.0,8.91440371342749,4.91440371342749,4.91440371342749,0-25%
4.0,8.91440371342749,4.91440371342749,4.91440371342749,0-25%
4.0,8.91440371342749,4.91440371342749,4.91440371342749,0-25%
3.0,10.213528018644643,7.213528018644643,7.213528018644643,0-25%
4.0,7.674219787363446,3.6742197873634463,3.6742197873634463,0-25%
4.0,7.556966355246561,3.556966355246561,3.556966355246561,0-25%
4.0,7.58294726789305,3.58294726789305,3.58294726789305,0-25%
4.0,8.478970831454188,4.478970831454188,4.478970831454188,0-25%
4.0,8.687311475585293,4.687311475585293,4.687311475585293,0-25%
4.0,8.889486688927127,4.889486688927127,4.889486688927127,0-25%
4.0,7.111859996911704,3.1118599969117042,3.1118599969117042,0-25%
4.0,7.029346159399482,3.0293461593994824,3.0293461593994824,0-25%
4.0,7.029346159399482,3.0293461593994824,3.0293461593994824,0-25%
4.0,7.029346159399482,3.0293461593994824,3.0293461593994824,0-25%
4.0,7.029346159399482,3.0293461593994824,3.0293461593994824,0-25%
4.0,7.037400482870654,3.0374004828706536,3.0374004828706536,0-25%
4.0,8.687311475585293,4.687311475585293,4.687311475585293,0-25%
4.0,7.029346159399482,3.0293461593994824,3.0293461593994824,0-25%
4.0,7.338270991722281,3.338270991722281,3.338270991722281,0-25%
4.0,8.491838205164123,4.4918382051641235,4.4918382051641235,0-25%
4.0,7.037400482870654,3.0374004828706536,3.0374004828706536,0-25%
4.0,9.270020433617681,5.270020433617681,5.270020433617681,0-25%
4.0,8.771226917477914,4.7712269174779145,4.7712269174779145,0-25%
4.0,8.771226917477914,4.7712269174779145,4.7712269174779145,0-25%
4.0,9.17963060926542,5.17963060926542,5.17963060926542,0-25%
8.0,7.311696460423932,-0.6883035395760677,0.6883035395760677,25-50%
4.0,8.771226917477914,4.7712269174779145,4.7712269174779145,0-25%
4.0,8.971478078063798,4.971478078063798,4.971478078063798,0-25%
4.0,8.771226917477914,4.7712269174779145,4.7712269174779145,0-25%
4.0,8.771226917477914,4.7712269174779145,4.7712269174779145,0-25%
4.0,8.883715823077601,4.883715823077601,4.883715823077601,0-25%
6.0,8.600929247216005,2.600929247216005,2.600929247216005,25-50%
8.0,7.308524720244195,-0.6914752797558048,0.6914752797558048,25-50%
8.0,8.24687852992737,0.24687852992737014,0.24687852992737014,25-50%
8.0,8.108362404338841,0.10836240433884115,0.10836240433884115,25-50%
4.0,8.971478078063798,4.971478078063798,4.971478078063798,0-25%
4.0,8.754432762890836,4.754432762890836,4.754432762890836,0-25%
4.0,8.771226917477914,4.7712269174779145,4.7712269174779145,0-25%
3.0,8.39280712526738,5.39280712526738,5.39280712526738,0-25%
4.0,8.86672832981505,4.86672832981505,4.86672832981505,0-25%
6.0,8.584427789280467,2.5844277892804666,2.5844277892804666,25-50%
6.0,8.600929247216005,2.600929247216005,2.600929247216005,25-50%
6.0,8.600929247216005,2.600929247216005,2.600929247216005,25-50%
8.0,7.8401363930205035,-0.15986360697949653,0.15986360697949653,25-50%
8.0,7.8401363930205035,-0.15986360697949653,0.15986360697949653,25-50%
8.0,7.720707190755907,-0.27929280924409294,0.27929280924409294,25-50%
4.0,8.771226917477914,4.7712269174779145,4.7712269174779145,0-25%
3.0,8.408978670933108,5.408978670933108,5.408978670933108,0-25%
3.0,8.408978670933108,5.408978670933108,5.408978670933108,0-25%
3.0,8.39280712526738,5.39280712526738,5.39280712526738,0-25%
3.0,8.39280712526738,5.39280712526738,5.39280712526738,0-25%
4.666666666666667,8.59667396659742,3.930007299930753,3.930007299930753,0-25%
4.666666666666667,8.600929247216005,3.934262580549338,3.934262580549338,0-25%
8.0,8.156247452666967,0.1562474526669675,0.1562474526669675,25-50%
8.0,8.366371909362634,0.3663719093626341,0.3663719093626341,25-50%
4.0,8.927799434212215,4.927799434212215,4.927799434212215,0-25%
4.0,8.72842544540123,4.72842544540123,4.72842544540123,0-25%
3.333333333333333,8.35166326735792,5.018329934024586,5.018329934024586,0-25%
3.0,8.39280712526738,5.39280712526738,5.39280712526738,0-25%
3.0,8.39280712526738,5.39280712526738,5.39280712526738,0-25%
3.0,8.39280712526738,5.39280712526738,5.39280712526738,0-25%
3.0,8.39280712526738,5.39280712526738,5.39280712526738,0-25%
3.0,8.585302964723295,5.5853029647232955,5.5853029647232955,0-25%
4.666666666666667,8.512210485749108,3.845543819082441,3.845543819082441,0-25%
5.0,8.528587607540366,3.5285876075403664,3.5285876075403664,0-25%
8.0,7.8401363930205035,-0.15986360697949653,0.15986360697949653,25-50%
8.0,8.559259439405398,0.5592594394053982,0.5592594394053982,25-50%
4.0,9.225034067368199,5.225034067368199,5.225034067368199,0-25%
4.0,9.225034067368199,5.225034067368199,5.225034067368199,0-25%
4.0,8.72842544540123,4.72842544540123,4.72842544540123,0-25%
3.0,8.367763975864086,5.3677639758640865,5.3677639758640865,0-25%
3.0,8.367763975864086,5.3677639758640865,5.3677639758640865,0-25%
3.333333333333333,8.408978670933108,5.0756453375997745,5.0756453375997745,0-25%
3.0,8.39280712526738,5.39280712526738,5.39280712526738,0-25%
3.0,8.39280712526738,5.39280712526738,5.39280712526738,0-25%
3.0,8.39280712526738,5.39280712526738,5.39280712526738,0-25%
2.0,8.317504975270564,6.317504975270564,6.317504975270564,0-25%
5.0,8.317504975270564,3.3175049752705643,3.3175049752705643,0-25%
8.0,7.758447846860803,-0.24155215313919687,0.24155215313919687,25-50%
8.0,7.660211136359741,-0.3397888636402593,0.3397888636402593,25-50%
4.0,8.651792326291758,4.651792326291758,4.651792326291758,0-25%
4.0,8.72842544540123,4.72842544540123,4.72842544540123,0-25%
4.0,9.225034067368199,5.225034067368199,5.225034067368199,0-25%
4.0,9.207459938322195,5.207459938322195,5.207459938322195,0-25%
3.0,8.367763975864086,5.3677639758640865,5.3677639758640865,0-25%
3.0,8.367763975864086,5.3677639758640865,5.3677639758640865,0-25%
3.0,8.35166326735792,5.351663267357919,5.351663267357919,0-25%
3.0,8.330476694048222,5.330476694048222,5.330476694048222,0-25%
2.0,8.255674247219845,6.255674247219845,6.255674247219845,0-25%
2.0,8.317504975270564,6.317504975270564,6.317504975270564,0-25%
2.0,8.317504975270564,6.317504975270564,6.317504975270564,0-25%
5.0,8.317504975270564,3.3175049752705643,3.3175049752705643,0-25%
8.0,8.44099709273034,0.44099709273034016,0.44099709273034016,25-50%
9.0,7.768933695430667,-1.2310663045693326,1.2310663045693326,50-75%
9.0,8.559259439405398,-0.44074056059460176,0.44074056059460176,50-75%
9.0,8.546300667780935,-0.453699332219065,0.453699332219065,50-75%
4.0,8.72842544540123,4.72842544540123,4.72842544540123,0-25%
4.0,8.72842544540123,4.72842544540123,4.72842544540123,0-25%
3.0,8.367763975864086,5.3677639758640865,5.3677639758640865,0-25%
3.0,8.41488547612492,5.414885476124921,5.414885476124921,0-25%
3.0,8.335603767829285,5.335603767829285,5.335603767829285,0-25%
2.0,8.255674247219845,6.255674247219845,6.255674247219845,0-25%
5.0,8.255674247219845,3.2556742472198454,3.2556742472198454,0-25%
5.0,8.271609691944711,3.271609691944711,3.271609691944711,0-25%
8.0,8.333546873628393,0.33354687362839286,0.33354687362839286,25-50%
8.0,8.333546873628393,0.33354687362839286,0.33354687362839286,25-50%
8.5,9.208973493881409,0.708973493881409,0.708973493881409,50-75%
9.0,8.529893101924218,-0.4701068980757821,0.4701068980757821,50-75%
9.0,8.470925733764279,-0.5290742662357211,0.5290742662357211,50-75%
9.0,8.044645501725316,-0.9553544982746836,0.9553544982746836,50-75%
9.0,8.044645501725316,-0.9553544982746836,0.9553544982746836,50-75%
4.0,8.651792326291758,4.651792326291758,4.651792326291758,0-25%
4.0,8.72842544540123,4.72842544540123,4.72842544540123,0-25%
4.0,9.207459938322195,5.207459938322195,5.207459938322195,0-25%
4.0,9.207459938322195,5.207459938322195,5.207459938322195,0-25%
4.0,9.225034067368199,5.225034067368199,5.225034067368199,0-25%
4.0,8.927799434212215,4.927799434212215,4.927799434212215,0-25%
3.0,8.521695135967793,5.521695135967793,5.521695135967793,0-25%
3.0,8.41506561705122,5.415065617051219,5.415065617051219,0-25%
2.0,8.33958502068958,6.339585020689579,6.339585020689579,0-25%
5.0,8.53299068016023,3.53299068016023,3.53299068016023,0-25%
8.0,8.271609691944711,0.2716096919447111,0.2716096919447111,25-50%
8.0,8.271609691944711,0.2716096919447111,0.2716096919447111,25-50%
8.0,8.255674247219845,0.25567424721984544,0.25567424721984544,25-50%
8.5,9.057443794822913,0.5574437948229125,0.5574437948229125,50-75%
8.5,9.3211674551999,0.8211674551999,0.8211674551999,50-75%
8.5,9.3211674551999,0.8211674551999,0.8211674551999,50-75%
9.0,8.082327563097925,-0.917672436902075,0.917672436902075,50-75%
9.0,8.34493214531998,-0.6550678546800199,0.6550678546800199,50-75%
9.0,8.34493214531998,-0.6550678546800199,0.6550678546800199,50-75%
4.0,9.225034067368199,5.225034067368199,5.225034067368199,0-25%
4.0,9.225034067368199,5.225034067368199,5.225034067368199,0-25%
4.0,8.72842544540123,4.72842544540123,4.72842544540123,0-25%
4.0,8.72842544540123,4.72842544540123,4.72842544540123,0-25%
4.0,8.70638530206049,4.7063853020604896,4.7063853020604896,0-25%
4.0,8.70638530206049,4.7063853020604896,4.7063853020604896,0-25%
8.0,8.33958502068958,0.3395850206895794,0.3395850206895794,25-50%
8.0,8.53299068016023,0.5329906801602302,0.5329906801602302,25-50%
8.0,8.46162171571526,0.46162171571526045,0.46162171571526045,25-50%
8.0,8.271609691944711,0.2716096919447111,0.2716096919447111,25-50%
8.0,9.15574261594525,1.1557426159452504,1.1557426159452504,25-50%
8.5,9.15574261594525,0.6557426159452504,0.6557426159452504,50-75%
8.5,9.057443794822913,0.5574437948229125,0.5574437948229125,50-75%
8.5,9.556212996244728,1.056212996244728,1.056212996244728,50-75%
9.0,9.153042183549074,0.15304218354907384,0.15304218354907384,50-75%
9.0,8.529893101924218,-0.4701068980757821,0.4701068980757821,50-75%
9.0,8.044645501725316,-0.9553544982746836,0.9553544982746836,50-75%
9.0,8.044645501725316,-0.9553544982746836,0.9553544982746836,50-75%
9.0,8.044645501725316,-0.9553544982746836,0.9553544982746836,50-75%
4.0,8.927799434212215,4.927799434212215,4.927799434212215,0-25%
4.0,9.20186883700553,5.201868837005531,5.201868837005531,0-25%
8.0,8.271609691944711,0.2716096919447111,0.2716096919447111,25-50%
8.0,8.323532744354038,0.3235327443540381,0.3235327443540381,25-50%
8.0,8.271609691944711,0.2716096919447111,0.2716096919447111,25-50%
8.0,8.271609691944711,0.2716096919447111,0.2716096919447111,25-50%
8.0,9.057443794822913,1.0574437948229125,1.0574437948229125,25-50%
8.5,9.102735801257623,0.6027358012576229,0.6027358012576229,50-75%
8.5,9.057443794822913,0.5574437948229125,0.5574437948229125,50-75%
8.5,10.065290145970094,1.5652901459700939,1.5652901459700939,50-75%
9.0,9.188459012661301,0.18845901266130127,0.18845901266130127,50-75%
9.0,8.719721943335713,-0.2802780566642866,0.2802780566642866,50-75%
8.0,8.514426831713482,0.5144268317134824,0.5144268317134824,25-50%
8.0,8.33958502068958,0.3395850206895794,0.3395850206895794,25-50%
8.0,9.102735801257623,1.102735801257623,1.102735801257623,25-50%
8.0,9.057443794822913,1.0574437948229125,1.0574437948229125,25-50%
8.0,9.057443794822913,1.0574437948229125,1.0574437948229125,25-50%
8.5,9.173227703554613,0.6732277035546126,0.6732277035546126,50-75%
9.0,9.135591789509544,0.13559178950954376,0.13559178950954376,50-75%
9.0,8.702067993821252,-0.2979320061787476,0.2979320061787476,50-75%
9.0,8.718771992266191,-0.28122800773380874,0.28122800773380874,50-75%
9.0,8.718771992266191,-0.28122800773380874,0.28122800773380874,50-75%
8.0,9.173227703554613,1.1732277035546126,1.1732277035546126,25-50%
8.0,9.267611616935977,1.2676116169359766,1.2676116169359766,25-50%
2.0,6.740660176270252,4.740660176270252,4.740660176270252,0-25%
2.0,6.6042886506461,4.6042886506461,4.6042886506461,0-25%
2.0,6.740660176270252,4.740660176270252,4.740660176270252,0-25%
2.0,6.740660176270252,4.740660176270252,4.740660176270252,0-25%
2.0,6.740660176270252,4.740660176270252,4.740660176270252,0-25%
2.0,6.740660176270252,4.740660176270252,4.740660176270252,0-25%
2.0,6.740660176270252,4.740660176270252,4.740660176270252,0-25%
2.0,6.847362519084137,4.847362519084137,4.847362519084137,0-25%
2.0,7.038600037484714,5.038600037484714,5.038600037484714,0-25%
2.0,7.038600037484714,5.038600037484714,5.038600037484714,0-25%
2.0,6.847362519084137,4.847362519084137,4.847362519084137,0-25%
2.0,6.740660176270252,4.740660176270252,4.740660176270252,0-25%
2.0,6.740660176270252,4.740660176270252,4.740660176270252,0-25%
2.0,7.249435660261816,5.249435660261816,5.249435660261816,0-25%
2.0,7.249435660261816,5.249435660261816,5.249435660261816,0-25%
2.0,7.249435660261816,5.249435660261816,5.249435660261816,0-25%
2.0,6.740660176270252,4.740660176270252,4.740660176270252,0-25%
2.0,6.740660176270252,4.740660176270252,4.740660176270252,0-25%
2.0,6.6042886506461,4.6042886506461,4.6042886506461,0-25%
2.0,7.255236820449018,5.255236820449018,5.255236820449018,0-25%
2.0,7.255236820449018,5.255236820449018,5.255236820449018,0-25%
2.0,6.740660176270252,4.740660176270252,4.740660176270252,0-25%
3.0,6.701799223854045,3.701799223854045,3.701799223854045,0-25%
3.0,6.701799223854045,3.701799223854045,3.701799223854045,0-25%
3.0,6.701799223854045,3.701799223854045,3.701799223854045,0-25%
3.0,6.807965881781582,3.8079658817815822,3.8079658817815822,0-25%
3.0,7.249435660261816,4.249435660261816,4.249435660261816,0-25%
3.0,7.549828029904255,4.549828029904255,4.549828029904255,0-25%
3.0,7.331074107512548,4.331074107512548,4.331074107512548,0-25%
3.0,7.331074107512548,4.331074107512548,4.331074107512548,0-25%
3.0,7.285715162268023,4.285715162268023,4.285715162268023,0-25%
3.0,7.285715162268023,4.285715162268023,4.285715162268023,0-25%
3.0,7.511438884049364,4.511438884049364,4.511438884049364,0-25%
3.0,6.847362519084137,3.847362519084137,3.847362519084137,0-25%
3.0,8.226326018637568,5.226326018637568,5.226326018637568,0-25%
3.0,7.963123753318285,4.963123753318285,4.963123753318285,0-25%
3.0,8.168676740598013,5.168676740598013,5.168676740598013,0-25%
3.0,7.548870628084542,4.548870628084542,4.548870628084542,0-25%
3.0,7.511438884049364,4.511438884049364,4.511438884049364,0-25%
3.0,6.6042886506461,3.6042886506461,3.6042886506461,0-25%
3.0,8.117373637415367,5.117373637415367,5.117373637415367,0-25%
3.0,7.607338503489178,4.607338503489178,4.607338503489178,0-25%
3.0,7.293907092572754,4.293907092572754,4.293907092572754,0-25%
3.0,6.994637369894304,3.9946373698943036,3.9946373698943036,0-25%
3.0,6.982798358635292,3.982798358635292,3.982798358635292,0-25%
3.0,6.994637369894304,3.9946373698943036,3.9946373698943036,0-25%
3.0,6.994637369894304,3.9946373698943036,3.9946373698943036,0-25%
3.0,6.982798358635292,3.982798358635292,3.982798358635292,0-25%
3.0,7.3315575062468685,4.3315575062468685,4.3315575062468685,0-25%
3.0,6.982798358635292,3.982798358635292,3.982798358635292,0-25%
14.0,8.21728822435067,-5.7827117756493305,5.7827117756493305,50-75%
14.0,8.245691270823766,-5.754308729176234,5.754308729176234,50-75%
14.0,8.245691270823766,-5.754308729176234,5.754308729176234,50-75%
14.0,8.233157580065775,-5.766842419934225,5.766842419934225,50-75%
14.0,7.834325850035798,-6.165674149964202,6.165674149964202,50-75%
14.0,8.029071088821945,-5.970928911178055,5.970928911178055,50-75%
14.0,8.233157580065775,-5.766842419934225,5.766842419934225,50-75%
14.0,8.233157580065775,-5.766842419934225,5.766842419934225,50-75%
14.0,8.245691270823766,-5.754308729176234,5.754308729176234,50-75%
14.0,8.185247351288876,-5.814752648711124,5.814752648711124,50-75%
14.0,8.185247351288876,-5.814752648711124,5.814752648711124,50-75%
14.0,8.102622985276284,-5.897377014723716,5.897377014723716,50-75%
14.0,8.117093737342014,-5.882906262657986,5.882906262657986,50-75%
14.0,8.233157580065775,-5.766842419934225,5.766842419934225,50-75%
14.0,7.381107012538038,-6.618892987461962,6.618892987461962,50-75%
14.0,7.429109609314433,-6.570890390685567,6.570890390685567,50-75%
14.0,7.429109609314433,-6.570890390685567,6.570890390685567,50-75%
14.0,7.883282144534639,-6.116717855465361,6.116717855465361,50-75%
14.0,8.096314873403697,-5.903685126596303,5.903685126596303,50-75%
14.0,7.366702106381612,-6.633297893618388,6.633297893618388,50-75%
14.0,7.429109609314433,-6.570890390685567,6.570890390685567,50-75%
14.0,8.145188034798958,-5.854811965201042,5.854811965201042,50-75%
14.0,8.096314873403697,-5.903685126596303,5.903685126596303,50-75%
14.0,8.145188034798958,-5.854811965201042,5.854811965201042,50-75%
14.0,7.110198881631027,-6.889801118368973,6.889801118368973,50-75%
14.0,7.244160288373762,-6.755839711626238,6.755839711626238,50-75%
14.0,7.370295947371033,-6.629704052628967,6.629704052628967,50-75%
14.0,7.344582142115931,-6.655417857884069,6.655417857884069,50-75%
14.0,7.370295947371033,-6.629704052628967,6.629704052628967,50-75%
14.0,7.246241533367115,-6.753758466632885,6.753758466632885,50-75%
1.0,7.369997045231059,6.369997045231059,6.369997045231059,0-25%
1.0,7.355611234169853,6.355611234169853,6.355611234169853,0-25%
1.0,7.2167169887991625,6.2167169887991625,6.2167169887991625,0-25%
1.0,7.125974353403325,6.125974353403325,6.125974353403325,0-25%
1.0,7.125974353403325,6.125974353403325,6.125974353403325,0-25%
1.0,7.342476077221443,6.342476077221443,6.342476077221443,0-25%
1.0,7.447651168301884,6.447651168301884,6.447651168301884,0-25%
1.0,7.369997045231059,6.369997045231059,6.369997045231059,0-25%
1.0,7.265420783428356,6.265420783428356,6.265420783428356,0-25%
1.0,7.251214711300826,6.251214711300826,6.251214711300826,0-25%
1.0,7.112007952805505,6.112007952805505,6.112007952805505,0-25%
1.0,7.112007952805505,6.112007952805505,6.112007952805505,0-25%
4.0,8.538069889247184,4.5380698892471845,4.5380698892471845,0-25%
1.0,7.309960253187096,6.309960253187096,6.309960253187096,0-25%
1.0,7.447651168301884,6.447651168301884,6.447651168301884,0-25%
1.0,7.447651168301884,6.447651168301884,6.447651168301884,0-25%
1.0,7.265420783428356,6.265420783428356,6.265420783428356,0-25%
1.0,7.265420783428356,6.265420783428356,6.265420783428356,0-25%
1.0,7.265420783428356,6.265420783428356,6.265420783428356,0-25%
1.0,7.125974353403325,6.125974353403325,6.125974353403325,0-25%
1.0,7.112007952805505,6.112007952805505,6.112007952805505,0-25%
4.0,8.175031748181663,4.175031748181663,4.175031748181663,0-25%
4.0,8.449931988678436,4.449931988678436,4.449931988678436,0-25%
4.0,8.343939437343069,4.343939437343069,4.343939437343069,0-25%
4.0,8.667992255931702,4.667992255931702,4.667992255931702,0-25%
1.0,7.200312099711631,6.200312099711631,6.200312099711631,0-25%
1.0,7.265420783428356,6.265420783428356,6.265420783428356,0-25%
1.0,7.447651168301884,6.447651168301884,6.447651168301884,0-25%
1.0,7.433131890342592,6.433131890342592,6.433131890342592,0-25%
1.0,7.265420783428356,6.265420783428356,6.265420783428356,0-25%
1.0,7.265420783428356,6.265420783428356,6.265420783428356,0-25%
1.0,7.251214711300826,6.251214711300826,6.251214711300826,0-25%
1.0,7.112007952805505,6.112007952805505,6.112007952805505,0-25%
4.0,8.175031748181663,4.175031748181663,4.175031748181663,0-25%
4.0,8.175031748181663,4.175031748181663,4.175031748181663,0-25%
4.0,8.379184845128723,4.379184845128723,4.379184845128723,0-25%
4.0,8.397337587352464,4.397337587352464,4.397337587352464,0-25%
4.0,8.667992255931702,4.667992255931702,4.667992255931702,0-25%
4.0,8.654886083376615,4.654886083376615,4.654886083376615,0-25%
1.0,7.265420783428356,6.265420783428356,6.265420783428356,0-25%
1.0,7.265420783428356,6.265420783428356,6.265420783428356,0-25%
1.0,7.265420783428356,6.265420783428356,6.265420783428356,0-25%
1.0,7.185393775839561,6.185393775839561,6.185393775839561,0-25%
4.0,8.190828351148319,4.190828351148319,4.190828351148319,0-25%
4.0,8.190828351148319,4.190828351148319,4.190828351148319,0-25%
4.0,8.190828351148319,4.190828351148319,4.190828351148319,0-25%
4.0,9.32059134587122,5.32059134587122,5.32059134587122,0-25%
4.0,8.63829188791127,4.6382918879112705,4.6382918879112705,0-25%
4.0,8.578653789130009,4.5786537891300085,4.5786537891300085,0-25%
1.0,7.265420783428356,6.265420783428356,6.265420783428356,0-25%
1.0,7.433131890342592,6.433131890342592,6.433131890342592,0-25%
1.0,7.433131890342592,6.433131890342592,6.433131890342592,0-25%
1.0,7.447651168301884,6.447651168301884,6.447651168301884,0-25%
1.0,7.369997045231059,6.369997045231059,6.369997045231059,0-25%
4.0,8.190828351148319,4.190828351148319,4.190828351148319,0-25%
4.0,8.190828351148319,4.190828351148319,4.190828351148319,0-25%
4.0,8.175031748181663,4.175031748181663,4.175031748181663,0-25%
4.0,9.077918254383757,5.077918254383757,5.077918254383757,0-25%
4.0,9.434011958329135,5.434011958329135,5.434011958329135,0-25%
4.0,9.434011958329135,5.434011958329135,5.434011958329135,0-25%
4.0,8.31602078368842,4.316020783688421,4.316020783688421,0-25%
4.0,8.190828351148319,4.190828351148319,4.190828351148319,0-25%
4.0,9.266778478349302,5.266778478349302,5.266778478349302,0-25%
4.0,9.266778478349302,5.266778478349302,5.266778478349302,0-25%
4.0,9.077918254383757,5.077918254383757,5.077918254383757,0-25%
4.0,9.077918254383757,5.077918254383757,5.077918254383757,0-25%
4.0,9.379870577588083,5.379870577588083,5.379870577588083,0-25%
4.0,9.123302464103228,5.123302464103228,5.123302464103228,0-25%
4.0,9.077918254383757,5.077918254383757,5.077918254383757,0-25%
3.0,6.703090894109111,3.7030908941091107,3.7030908941091107,0-25%
3.0,6.7733033865761625,3.7733033865761625,3.7733033865761625,0-25%
3.0,6.703090894109111,3.7030908941091107,3.7030908941091107,0-25%
15.0,7.893718551349188,-7.106281448650812,7.106281448650812,50-75%
15.0,7.893718551349188,-7.106281448650812,7.106281448650812,50-75%
15.0,7.893718551349188,-7.106281448650812,7.106281448650812,50-75%
3.0,6.7733033865761625,3.7733033865761625,3.7733033865761625,0-25%
3.0,6.7733033865761625,3.7733033865761625,3.7733033865761625,0-25%
3.0,6.7733033865761625,3.7733033865761625,3.7733033865761625,0-25%
3.0,6.7733033865761625,3.7733033865761625,3.7733033865761625,0-25%
15.0,7.893718551349188,-7.106281448650812,7.106281448650812,50-75%
15.0,7.893718551349188,-7.106281448650812,7.106281448650812,50-75%
15.0,7.893718551349188,-7.106281448650812,7.106281448650812,50-75%
15.0,7.893718551349188,-7.106281448650812,7.106281448650812,50-75%
3.0,6.7733033865761625,3.7733033865761625,3.7733033865761625,0-25%
3.0,6.7733033865761625,3.7733033865761625,3.7733033865761625,0-25%
3.0,6.7733033865761625,3.7733033865761625,3.7733033865761625,0-25%
3.0,6.7733033865761625,3.7733033865761625,3.7733033865761625,0-25%
3.0,6.880455704836237,3.880455704836237,3.880455704836237,0-25%
3.0,7.072499692761295,4.072499692761295,4.072499692761295,0-25%
15.0,6.109949897598353,-8.890050102401647,8.890050102401647,50-75%
15.0,7.893718551349188,-7.106281448650812,7.106281448650812,50-75%
15.0,7.893718551349188,-7.106281448650812,7.106281448650812,50-75%
15.0,7.893718551349188,-7.106281448650812,7.106281448650812,50-75%
15.0,7.812978449012407,-7.187021550987593,7.187021550987593,50-75%
3.0,6.880455704836237,3.880455704836237,3.880455704836237,0-25%
3.0,6.880455704836237,3.880455704836237,3.880455704836237,0-25%
3.0,6.880455704836237,3.880455704836237,3.880455704836237,0-25%
3.0,7.284224432411837,4.284224432411837,4.284224432411837,0-25%
3.0,7.284224432411837,4.284224432411837,4.284224432411837,0-25%
3.0,7.284224432411837,4.284224432411837,4.284224432411837,0-25%
15.0,6.2887744388913225,-8.711225561108677,8.711225561108677,50-75%
15.0,6.109949897598353,-8.890050102401647,8.890050102401647,50-75%
15.0,6.658766221316317,-8.341233778683684,8.341233778683684,50-75%
15.0,7.812978449012407,-7.187021550987593,7.187021550987593,50-75%
15.0,7.812978449012407,-7.187021550987593,7.187021550987593,50-75%
15.0,7.812978449012407,-7.187021550987593,7.187021550987593,50-75%
15.0,7.812978449012407,-7.187021550987593,7.187021550987593,50-75%
3.0,7.290050056725832,4.290050056725832,4.290050056725832,0-25%
3.0,7.290050056725832,4.290050056725832,4.290050056725832,0-25%
3.0,7.290050056725832,4.290050056725832,4.290050056725832,0-25%
15.0,6.2887744388913225,-8.711225561108677,8.711225561108677,50-75%
15.0,6.109949897598353,-8.890050102401647,8.890050102401647,50-75%
15.0,6.2887744388913225,-8.711225561108677,8.711225561108677,50-75%
15.0,6.2887744388913225,-8.711225561108677,8.711225561108677,50-75%
15.0,7.467183430044623,-7.532816569955377,7.532816569955377,50-75%
15.0,7.269962257050018,-7.730037742949982,7.730037742949982,50-75%
8.0,7.346747793175663,-0.6532522068243374,0.6532522068243374,25-50%
8.0,7.346747793175663,-0.6532522068243374,0.6532522068243374,25-50%
8.0,7.346747793175663,-0.6532522068243374,0.6532522068243374,25-50%
8.0,7.346747793175663,-0.6532522068243374,0.6532522068243374,25-50%
8.0,7.346747793175663,-0.6532522068243374,0.6532522068243374,25-50%
15.0,6.334647793523743,-8.665352206476257,8.665352206476257,50-75%
15.0,7.467183430044623,-7.532816569955377,7.532816569955377,50-75%
15.0,7.486866025700989,-7.513133974299011,7.513133974299011,50-75%
8.0,7.127709547579987,-0.872290452420013,0.872290452420013,25-50%
8.0,7.929739255166671,-0.07026074483332856,0.07026074483332856,25-50%
8.0,7.929739255166671,-0.07026074483332856,0.07026074483332856,25-50%
8.0,7.929739255166671,-0.07026074483332856,0.07026074483332856,25-50%
8.0,7.565913268768421,-0.43408673123157904,0.43408673123157904,25-50%
8.0,7.290050056725832,-0.709949943274168,0.709949943274168,25-50%
15.0,7.504420546726067,-7.495579453273933,7.495579453273933,50-75%
15.0,7.504420546726067,-7.495579453273933,7.495579453273933,50-75%
8.0,6.703090894109111,-1.2969091058908893,1.2969091058908893,25-50%
8.0,7.929739255166671,-0.07026074483332856,0.07026074483332856,25-50%
8.0,7.9799865470536595,-0.020013452946340493,0.020013452946340493,25-50%
8.0,7.9799865470536595,-0.020013452946340493,0.020013452946340493,25-50%
8.0,7.929739255166671,-0.07026074483332856,0.07026074483332856,25-50%
8.0,7.565913268768421,-0.43408673123157904,0.43408673123157904,25-50%
8.0,8.334844270844043,0.33484427084404267,0.33484427084404267,25-50%
8.0,8.349530884317462,0.3495308843174616,0.3495308843174616,25-50%
8.0,7.929739255166671,-0.07026074483332856,0.07026074483332856,25-50%
8.0,7.346747793175663,-0.6532522068243374,0.6532522068243374,25-50%
8.0,8.33346151367302,0.33346151367302035,0.33346151367302035,25-50%
8.0,8.334844270844043,0.33484427084404267,0.33484427084404267,25-50%
8.0,7.565913268768421,-0.43408673123157904,0.43408673123157904,25-50%
8.0,7.346747793175663,-0.6532522068243374,0.6532522068243374,25-50%
8.0,8.349530884317462,0.3495308843174616,0.3495308843174616,25-50%
8.0,8.349530884317462,0.3495308843174616,0.3495308843174616,25-50%
8.0,8.349530884317462,0.3495308843174616,0.3495308843174616,25-50%
8.0,7.340882325952428,-0.6591176740475717,0.6591176740475717,25-50%
6.0,6.613268713947038,0.6132687139470381,0.6132687139470381,25-50%
6.0,7.064522315588653,1.0645223155886532,1.0645223155886532,25-50%
6.0,6.746235450103021,0.7462354501030211,0.7462354501030211,25-50%
6.0,6.7460872393431535,0.7460872393431535,0.7460872393431535,25-50%
6.0,7.981835080443077,1.9818350804430773,1.9818350804430773,25-50%
12.5,6.821609742216216,-5.678390257783784,5.678390257783784,50-75%
6.0,6.7460872393431535,0.7460872393431535,0.7460872393431535,25-50%
6.0,7.064522315588653,1.0645223155886532,1.0645223155886532,25-50%
6.0,8.202825157206481,2.2028251572064814,2.2028251572064814,25-50%
6.0,7.7916249467551495,1.7916249467551495,1.7916249467551495,25-50%
12.5,6.821460089300197,-5.678539910699803,5.678539910699803,50-75%
12.5,7.007022763760195,-5.492977236239805,5.492977236239805,50-75%
12.5,7.595583621778188,-4.904416378221812,4.904416378221812,50-75%
6.0,7.92185036841479,1.9218503684147903,1.9218503684147903,25-50%
6.0,7.92185036841479,1.9218503684147903,1.9218503684147903,25-50%
6.0,8.230767045322436,2.2307670453224357,2.2307670453224357,25-50%
10.333333333333334,6.906215936780751,-3.4271173965525827,3.4271173965525827,50-75%
10.333333333333334,7.640110557296324,-2.69322277603701,2.69322277603701,50-75%
10.333333333333334,7.854748555475012,-2.4785847778583223,2.4785847778583223,50-75%
12.5,8.661586675883557,-3.838413324116443,3.838413324116443,50-75%
6.0,8.298432435354247,2.298432435354247,2.298432435354247,25-50%
19.0,6.906215936780751,-12.09378406321925,12.09378406321925,75-100%
12.5,7.2562256817532695,-5.2437743182467305,5.2437743182467305,50-75%
10.333333333333334,7.9045159831672045,-2.4288173501661294,2.4288173501661294,50-75%
10.333333333333334,8.600929920335691,-1.7324034129976429,1.7324034129976429,50-75%
12.5,8.65489120253299,-3.8451087974670095,3.8451087974670095,50-75%
19.0,7.23123376795814,-11.768766232041859,11.768766232041859,75-100%
12.5,7.9045159831672045,-4.5954840168327955,4.5954840168327955,50-75%
12.5,8.638296998269169,-3.861703001730831,3.861703001730831,50-75%
12.5,8.382464782439799,-4.117535217560201,4.117535217560201,50-75%
12.5,8.523351555889734,-3.976648444110266,3.976648444110266,50-75%
12.5,8.06632534371409,-4.433674656285911,4.433674656285911,50-75%
12.5,8.06632534371409,-4.433674656285911,4.433674656285911,50-75%
12.5,8.054034805901301,-4.445965194098699,4.445965194098699,50-75%
12.5,7.955614928964046,-4.544385071035954,4.544385071035954,50-75%
12.5,8.600929920335691,-3.899070079664309,3.899070079664309,50-75%
6.0,8.600929920335691,2.600929920335691,2.600929920335691,25-50%
6.0,8.054034805901301,2.054034805901301,2.054034805901301,25-50%
12.5,7.09378942783446,-5.40621057216554,5.40621057216554,50-75%
6.0,6.955975282540336,0.9559752825403356,0.9559752825403356,25-50%
6.0,7.931955222901746,1.9319552229017463,1.9319552229017463,25-50%
5.0,7.92185036841479,2.9218503684147903,2.9218503684147903,0-25%
4.0,8.70802924588234,4.70802924588234,4.70802924588234,0-25%
7.5,7.921008124387344,0.4210081243873436,0.4210081243873436,25-50%
7.5,7.921008124387344,0.4210081243873436,0.4210081243873436,25-50%
4.0,8.187472138006783,4.1874721380067825,4.1874721380067825,0-25%
4.0,8.159247942491023,4.159247942491023,4.159247942491023,0-25%
6.666666666666668,7.933118083099841,1.2664514164331733,1.2664514164331733,25-50%
6.666666666666668,8.0552135597626,1.3885468930959313,1.3885468930959313,25-50%
6.666666666666668,7.520157653895733,0.8534909872290655,0.8534909872290655,25-50%
7.5,8.0552135597626,0.5552135597625991,0.5552135597625991,25-50%
7.5,8.118006416461604,0.6180064164616041,0.6180064164616041,25-50%
4.0,8.17501737056405,4.175017370564049,4.175017370564049,0-25%
4.0,8.047183906075274,4.047183906075274,4.047183906075274,0-25%
5.0,8.094332372932545,3.094332372932545,3.094332372932545,0-25%
8.0,8.0552135597626,0.05521355976259912,0.05521355976259912,25-50%
6.666666666666668,8.0552135597626,1.3885468930959313,1.3885468930959313,25-50%
6.666666666666668,8.0552135597626,1.3885468930959313,1.3885468930959313,25-50%
6.666666666666668,8.0552135597626,1.3885468930959313,1.3885468930959313,25-50%
6.666666666666668,8.0552135597626,1.3885468930959313,1.3885468930959313,25-50%
6.666666666666668,8.118006416461604,1.4513397497949363,1.4513397497949363,25-50%
7.5,8.058786093220327,0.558786093220327,0.558786093220327,25-50%
7.5,8.074382556666116,0.5743825566661158,0.5743825566661158,25-50%
4.0,8.047183906075274,4.047183906075274,4.047183906075274,0-25%
5.0,8.094332372932545,3.094332372932545,3.094332372932545,0-25%
8.0,8.0552135597626,0.05521355976259912,0.05521355976259912,25-50%
8.0,8.0552135597626,0.05521355976259912,0.05521355976259912,25-50%
6.666666666666668,8.0552135597626,1.3885468930959313,1.3885468930959313,25-50%
6.666666666666668,8.0552135597626,1.3885468930959313,1.3885468930959313,25-50%
6.666666666666668,8.0552135597626,1.3885468930959313,1.3885468930959313,25-50%
6.666666666666668,8.074382556666116,1.407715889999448,1.407715889999448,25-50%
6.666666666666668,8.074382556666116,1.407715889999448,1.407715889999448,25-50%
7.5,7.975514178206273,0.4755141782062733,0.4755141782062733,25-50%
4.0,7.93189188536264,3.9318918853626403,3.9318918853626403,0-25%
5.0,8.0396500427523,3.0396500427522994,3.0396500427522994,0-25%
8.0,8.06750569769282,0.06750569769281967,0.06750569769281967,25-50%
8.0,7.5127507968042675,-0.4872492031957325,0.4872492031957325,25-50%
6.666666666666668,8.0552135597626,1.3885468930959313,1.3885468930959313,25-50%
6.666666666666668,8.07870162102931,1.4120349543626425,1.4120349543626425,25-50%
6.666666666666668,8.074382556666116,1.407715889999448,1.407715889999448,25-50%
7.5,7.9909672728424646,0.49096727284246455,0.49096727284246455,25-50%
7.5,7.975514178206273,0.4755141782062733,0.4755141782062733,25-50%
5.0,8.0396500427523,3.0396500427522994,3.0396500427522994,0-25%
8.0,7.776048449162248,-0.22395155083775187,0.22395155083775187,25-50%
8.0,8.0396500427523,0.03965004275229944,0.03965004275229944,25-50%
8.0,8.221475814462348,0.2214758144623481,0.2214758144623481,25-50%
11.0,8.205626536612492,-2.794373463387508,2.794373463387508,50-75%
5.0,8.07870162102931,3.0787016210293103,3.0787016210293103,0-25%
5.0,8.0552135597626,3.055213559762599,3.055213559762599,0-25%
5.0,7.921008124387344,2.9210081243873436,2.9210081243873436,0-25%
4.0,7.489762593567065,3.4897625935670646,3.4897625935670646,0-25%
4.0,7.783171696025734,3.783171696025734,3.783171696025734,0-25%
4.0,7.783171696025734,3.783171696025734,3.783171696025734,0-25%
4.0,7.527099009260228,3.527099009260228,3.527099009260228,0-25%
4.0,7.527099009260228,3.527099009260228,3.527099009260228,0-25%
4.0,7.821798471030695,3.8217984710306947,3.8217984710306947,0-25%
4.0,7.185495924953077,3.185495924953077,3.185495924953077,0-25%
4.0,7.602815212653681,3.602815212653681,3.602815212653681,0-25%
4.0,7.527099009260228,3.527099009260228,3.527099009260228,0-25%
4.0,7.527099009260228,3.527099009260228,3.527099009260228,0-25%
4.0,7.527099009260228,3.527099009260228,3.527099009260228,0-25%
4.0,8.002815258016799,4.002815258016799,4.002815258016799,0-25%
4.0,8.002815258016799,4.002815258016799,4.002815258016799,0-25%
4.0,7.751000073015746,3.751000073015746,3.751000073015746,0-25%
4.0,7.527099009260228,3.527099009260228,3.527099009260228,0-25%
4.0,7.5155394601779335,3.5155394601779335,3.5155394601779335,0-25%
4.0,7.783171696025734,3.783171696025734,3.783171696025734,0-25%
4.0,7.185495924953077,3.185495924953077,3.185495924953077,0-25%
3.0,7.881264796683224,4.881264796683224,4.881264796683224,0-25%
3.5,8.053473745700241,4.553473745700241,4.553473745700241,0-25%
4.0,8.053473745700241,4.053473745700241,4.053473745700241,0-25%
4.0,7.923578522792376,3.9235785227923756,3.9235785227923756,0-25%
4.0,7.751000073015746,3.751000073015746,3.751000073015746,0-25%
4.0,7.185495924953077,3.185495924953077,3.185495924953077,0-25%
4.0,7.185495924953077,3.185495924953077,3.185495924953077,0-25%
3.0,8.19301726670303,5.1930172667030305,5.1930172667030305,0-25%
3.0,8.207480742186197,5.207480742186197,5.207480742186197,0-25%
3.5,8.002815258016799,4.502815258016799,4.502815258016799,0-25%
4.0,7.5155394601779335,3.5155394601779335,3.5155394601779335,0-25%
4.0,7.185495924953077,3.185495924953077,3.185495924953077,0-25%
3.0,8.142636382878901,5.1426363828789015,5.1426363828789015,0-25%
3.0,8.11210650110372,5.112106501103719,5.112106501103719,0-25%
3.5,7.751000073015746,4.251000073015746,4.251000073015746,0-25%
4.0,7.527099009260228,3.527099009260228,3.527099009260228,0-25%
4.0,7.348001364281873,3.348001364281873,3.348001364281873,0-25%
3.0,7.125801903951666,4.125801903951666,4.125801903951666,0-25%
3.0,8.19499885057828,5.19499885057828,5.19499885057828,0-25%
3.0,8.12644267878676,5.126442678786759,5.126442678786759,0-25%
3.0,8.12644267878676,5.126442678786759,5.126442678786759,0-25%
3.0,7.3751390530093826,4.3751390530093826,4.3751390530093826,0-25%
3.0,8.180554982144892,5.180554982144892,5.180554982144892,0-25%
3.0,8.19499885057828,5.19499885057828,5.19499885057828,0-25%
3.0,8.346878600877766,5.346878600877766,5.346878600877766,0-25%
3.0,7.803097867007961,4.803097867007961,4.803097867007961,0-25%
3.0,7.3751390530093826,4.3751390530093826,4.3751390530093826,0-25%
3.0,8.346878600877766,5.346878600877766,5.346878600877766,0-25%
10.5,7.780831130457579,-2.719168869542421,2.719168869542421,50-75%
10.5,7.390693962266634,-3.109306037733366,3.109306037733366,50-75%
10.5,8.103358067228331,-2.3966419327716686,2.3966419327716686,50-75%
16.0,8.2488021584002,-7.751197841599801,7.751197841599801,75-100%
8.666666666666666,8.29083104503867,-0.37583562162799566,0.37583562162799566,50-75%
10.5,8.319950794068829,-2.180049205931171,2.180049205931171,50-75%
10.5,7.969338383552087,-2.5306616164479134,2.5306616164479134,50-75%
8.666666666666666,8.44691290595598,-0.2197537607106863,0.2197537607106863,50-75%
8.666666666666666,8.5308031181237,-0.13586354854296623,0.13586354854296623,50-75%
8.666666666666666,8.463499365932556,-0.20316730073411016,0.20316730073411016,50-75%
10.5,8.323242811606548,-2.1767571883934522,2.1767571883934522,50-75%
5.0,8.820308294828308,3.8203082948283082,3.8203082948283082,0-25%
5.0,8.48000990745226,3.48000990745226,3.48000990745226,0-25%
8.666666666666666,8.842223418039705,0.17555675137303872,0.17555675137303872,50-75%
8.666666666666666,8.463499365932556,-0.20316730073411016,0.20316730073411016,50-75%
8.666666666666666,8.476345737665353,-0.19032092900131303,0.19032092900131303,50-75%
8.666666666666666,8.476345737665353,-0.19032092900131303,0.19032092900131303,50-75%
8.666666666666666,8.493160299938042,-0.17350636672862407,0.17350636672862407,50-75%
10.5,8.17174712511338,-2.328252874886619,2.328252874886619,50-75%
5.0,7.846024456364894,2.846024456364894,2.846024456364894,0-25%
5.0,7.567719344791717,2.5677193447917173,2.5677193447917173,0-25%
5.0,8.994001916936588,3.994001916936588,3.994001916936588,0-25%
5.0,8.936897897690075,3.9368978976900753,3.9368978976900753,0-25%
8.666666666666666,8.950386891489147,0.28372022482248127,0.28372022482248127,50-75%
8.666666666666666,8.476345737665353,-0.19032092900131303,0.19032092900131303,50-75%
8.666666666666666,8.476345737665353,-0.19032092900131303,0.19032092900131303,50-75%
8.666666666666666,8.476345737665353,-0.19032092900131303,0.19032092900131303,50-75%
8.666666666666666,8.476345737665353,-0.19032092900131303,0.19032092900131303,50-75%
5.0,8.323242811606548,3.3232428116065478,3.3232428116065478,0-25%
5.0,9.16429468527358,4.16429468527358,4.16429468527358,0-25%
5.0,8.950386891489147,3.9503868914891473,3.9503868914891473,0-25%
5.0,8.870497026788431,3.8704970267884313,3.8704970267884313,0-25%
5.0,8.455505656521193,3.4555056565211935,3.4555056565211935,0-25%
5.0,8.427613583846364,3.427613583846364,3.427613583846364,0-25%
5.0,8.476345737665353,3.476345737665353,3.476345737665353,0-25%
5.0,8.476345737665353,3.476345737665353,3.476345737665353,0-25%
5.0,8.476345737665353,3.476345737665353,3.476345737665353,0-25%
5.0,8.427613583846364,3.427613583846364,3.427613583846364,0-25%
5.0,8.427613583846364,3.427613583846364,3.427613583846364,0-25%
5.0,8.325132801672941,3.3251328016729413,3.3251328016729413,0-25%
7.0,7.891583405437675,0.8915834054376752,0.8915834054376752,25-50%
7.0,7.891583405437675,0.8915834054376752,0.8915834054376752,25-50%
7.0,7.876301125382576,0.8763011253825761,0.8763011253825761,25-50%
7.0,7.876301125382576,0.8763011253825761,0.8763011253825761,25-50%
7.0,8.101117178005602,1.1011171780056017,1.1011171780056017,25-50%
7.0,8.085474764817025,1.0854747648170253,1.0854747648170253,25-50%
7.0,7.876301125382576,0.8763011253825761,0.8763011253825761,25-50%
7.0,7.876301125382576,0.8763011253825761,0.8763011253825761,25-50%
7.0,7.876301125382576,0.8763011253825761,0.8763011253825761,25-50%
7.0,7.876301125382576,0.8763011253825761,0.8763011253825761,25-50%
7.0,7.990875585791826,0.9908755857918257,0.9908755857918257,25-50%
7.0,8.101117178005602,1.1011171780056017,1.1011171780056017,25-50%
7.0,8.101117178005602,1.1011171780056017,1.1011171780056017,25-50%
7.0,8.101117178005602,1.1011171780056017,1.1011171780056017,25-50%
7.0,7.891583405437675,0.8915834054376752,0.8915834054376752,25-50%
7.0,7.876301125382576,0.8763011253825761,0.8763011253825761,25-50%
7.0,7.876301125382576,0.8763011253825761,0.8763011253825761,25-50%
7.0,7.876301125382576,0.8763011253825761,0.8763011253825761,25-50%
7.0,8.285785143021943,1.2857851430219434,1.2857851430219434,25-50%
7.0,8.101117178005602,1.1011171780056017,1.1011171780056017,25-50%
7.0,8.101117178005602,1.1011171780056017,1.1011171780056017,25-50%
7.0,8.085474764817025,1.0854747648170253,1.0854747648170253,25-50%
7.0,7.8173982149536085,0.8173982149536085,0.8173982149536085,25-50%
7.0,7.8173982149536085,0.8173982149536085,0.8173982149536085,25-50%
7.0,7.876301125382576,0.8763011253825761,0.8763011253825761,25-50%
7.0,7.876301125382576,0.8763011253825761,0.8763011253825761,25-50%
7.0,8.101117178005602,1.1011171780056017,1.1011171780056017,25-50%
7.0,8.101117178005602,1.1011171780056017,1.1011171780056017,25-50%
7.0,7.884620365406104,0.8846203654061036,0.8846203654061036,25-50%
7.0,7.822243353384094,0.8222433533840938,0.8222433533840938,25-50%
7.0,7.8173982149536085,0.8173982149536085,0.8173982149536085,25-50%
7.0,7.8173982149536085,0.8173982149536085,0.8173982149536085,25-50%
7.0,8.301772429514664,1.3017724295146635,1.3017724295146635,25-50%
7.0,8.21626688878771,1.2162668887877093,1.2162668887877093,25-50%
7.0,7.931212362132876,0.9312123621328761,0.9312123621328761,25-50%
7.0,7.813840954473292,0.8138409544732923,0.8138409544732923,25-50%
7.0,7.813840954473292,0.8138409544732923,0.8138409544732923,25-50%
7.0,7.942091465959746,0.9420914659597459,0.9420914659597459,25-50%
10.0,10.494425074572003,0.49442507457200335,0.49442507457200335,50-75%
10.0,9.488484165470368,-0.5115158345296322,0.5115158345296322,50-75%
10.0,9.488484165470368,-0.5115158345296322,0.5115158345296322,50-75%
10.0,9.44255970694492,-0.5574402930550804,0.5574402930550804,50-75%
10.0,9.906685462252305,-0.09331453774769471,0.09331453774769471,50-75%
10.0,10.494425074572003,0.49442507457200335,0.49442507457200335,50-75%
10.0,8.672663596697625,-1.3273364033023753,1.3273364033023753,50-75%
10.0,9.094257328470986,-0.9057426715290138,0.9057426715290138,50-75%
10.0,10.455171077427135,0.4551710774271349,0.4551710774271349,50-75%
10.0,8.672663596697625,-1.3273364033023753,1.3273364033023753,50-75%
10.0,9.094257328470986,-0.9057426715290138,0.9057426715290138,50-75%
10.0,9.488484165470368,-0.5115158345296322,0.5115158345296322,50-75%
10.0,9.094257328470986,-0.9057426715290138,0.9057426715290138,50-75%
10.0,9.094257328470986,-0.9057426715290138,0.9057426715290138,50-75%
11.0,10.977318748748733,-0.022681251251267298,0.022681251251267298,50-75%
11.0,11.013684635820333,0.013684635820332858,0.013684635820332858,50-75%
11.0,10.649154632249122,-0.35084536775087827,0.35084536775087827,50-75%
11.0,10.116074841273274,-0.8839251587267256,0.8839251587267256,50-75%
11.0,10.290825716825662,-0.7091742831743382,0.7091742831743382,50-75%
11.0,10.61181358683341,-0.38818641316658997,0.38818641316658997,50-75%
11.0,10.977318748748733,-0.022681251251267298,0.022681251251267298,50-75%
11.0,10.977318748748733,-0.022681251251267298,0.022681251251267298,50-75%
11.0,10.977318748748733,-0.022681251251267298,0.022681251251267298,50-75%
11.0,10.116074841273274,-0.8839251587267256,0.8839251587267256,50-75%
11.0,9.585323645661337,-1.4146763543386633,1.4146763543386633,50-75%
11.0,10.977318748748733,-0.022681251251267298,0.022681251251267298,50-75%
11.0,10.789373831631472,-0.21062616836852754,0.21062616836852754,50-75%
11.0,10.116074841273274,-0.8839251587267256,0.8839251587267256,50-75%
11.0,10.56824940397279,-0.4317505960272108,0.4317505960272108,50-75%
11.0,10.56824940397279,-0.4317505960272108,0.4317505960272108,50-75%
11.0,10.61181358683341,-0.38818641316658997,0.38818641316658997,50-75%
11.0,10.126838054366848,-0.8731619456331519,0.8731619456331519,50-75%
11.0,10.126838054366848,-0.8731619456331519,0.8731619456331519,50-75%
11.0,9.38727421668016,-1.6127257833198403,1.6127257833198403,50-75%
11.0,10.126838054366848,-0.8731619456331519,0.8731619456331519,50-75%
11.0,10.126838054366848,-0.8731619456331519,0.8731619456331519,50-75%
11.0,10.126838054366848,-0.8731619456331519,0.8731619456331519,50-75%
5.0,9.974216853995431,4.974216853995431,4.974216853995431,0-25%
5.0,9.68052168669764,4.68052168669764,4.68052168669764,0-25%
5.0,9.507217351360481,4.507217351360481,4.507217351360481,0-25%
5.0,9.507217351360481,4.507217351360481,4.507217351360481,0-25%
5.0,9.959339930644859,4.959339930644859,4.959339930644859,0-25%
5.0,10.009250883438893,5.009250883438893,5.009250883438893,0-25%
5.0,9.974216853995431,4.974216853995431,4.974216853995431,0-25%
5.0,9.492973504237387,4.492973504237387,4.492973504237387,0-25%
5.0,9.974216853995431,4.974216853995431,4.974216853995431,0-25%
5.0,9.507217351360481,4.507217351360481,4.507217351360481,0-25%
5.0,10.893775014790096,5.893775014790096,5.893775014790096,0-25%
5.0,9.798276017061777,4.798276017061777,4.798276017061777,0-25%
5.0,10.009250883438893,5.009250883438893,5.009250883438893,0-25%
5.0,9.959339930644859,4.959339930644859,4.959339930644859,0-25%
5.0,9.959339930644859,4.959339930644859,4.959339930644859,0-25%
5.0,9.946515503680631,4.946515503680631,4.946515503680631,0-25%
5.0,9.492973504237387,4.492973504237387,4.492973504237387,0-25%
5.0,9.492973504237387,4.492973504237387,4.492973504237387,0-25%
1.0,8.717824620631966,7.717824620631966,7.717824620631966,0-25%
1.0,8.981784321487364,7.981784321487364,7.981784321487364,0-25%
1.0,9.425430641694147,8.425430641694147,8.425430641694147,0-25%
5.0,10.893775014790096,5.893775014790096,5.893775014790096,0-25%
5.0,10.909920401315539,5.909920401315539,5.909920401315539,0-25%
5.0,9.974216853995431,4.974216853995431,4.974216853995431,0-25%
5.0,9.507217351360481,4.507217351360481,4.507217351360481,0-25%
5.0,9.974216853995431,4.974216853995431,4.974216853995431,0-25%
5.0,9.492973504237387,4.492973504237387,4.492973504237387,0-25%
3.0,8.717824620631966,5.717824620631966,5.717824620631966,0-25%
1.0,8.981784321487364,7.981784321487364,7.981784321487364,0-25%
1.0,8.995334247047886,7.995334247047886,7.995334247047886,0-25%
1.0,9.425430641694147,8.425430641694147,8.425430641694147,0-25%
1.0,9.439582801727024,8.439582801727024,8.439582801727024,0-25%
1.0,9.425430641694147,8.425430641694147,8.425430641694147,0-25%
1.0,9.487126680072237,8.487126680072237,8.487126680072237,0-25%
5.0,10.909920401315539,5.909920401315539,5.909920401315539,0-25%
5.0,10.909920401315539,5.909920401315539,5.909920401315539,0-25%
5.0,10.009250883438893,5.009250883438893,5.009250883438893,0-25%
5.0,9.974216853995431,4.974216853995431,4.974216853995431,0-25%
5.0,9.974216853995431,4.974216853995431,4.974216853995431,0-25%
5.0,9.792618874557284,4.792618874557284,4.792618874557284,0-25%
3.0,8.995334247047886,5.995334247047886,5.995334247047886,0-25%
1.0,9.439582801727024,8.439582801727024,8.439582801727024,0-25%
1.0,9.439582801727024,8.439582801727024,8.439582801727024,0-25%
1.0,9.439582801727024,8.439582801727024,8.439582801727024,0-25%
1.0,9.487126680072237,8.487126680072237,8.487126680072237,0-25%
1.0,9.487126680072237,8.487126680072237,8.487126680072237,0-25%
1.0,9.472910068366557,8.472910068366557,8.472910068366557,0-25%
5.0,10.909920401315539,5.909920401315539,5.909920401315539,0-25%
5.0,10.909920401315539,5.909920401315539,5.909920401315539,0-25%
5.0,10.009250883438893,5.009250883438893,5.009250883438893,0-25%
5.0,10.272303217043472,5.272303217043472,5.272303217043472,0-25%
5.0,10.323639465148407,5.323639465148407,5.323639465148407,0-25%
3.0,9.160195665654886,6.160195665654886,6.160195665654886,0-25%
1.0,8.995334247047886,7.995334247047886,7.995334247047886,0-25%
1.0,9.439582801727024,8.439582801727024,8.439582801727024,0-25%
1.0,9.494450056729328,8.494450056729328,8.494450056729328,0-25%
1.0,9.213594547300673,8.213594547300673,8.213594547300673,0-25%
1.0,9.439582801727024,8.439582801727024,8.439582801727024,0-25%
1.0,9.439582801727024,8.439582801727024,8.439582801727024,0-25%
1.0,8.39325446314595,7.393254463145951,7.393254463145951,0-25%
1.0,9.049848913097417,8.049848913097417,8.049848913097417,0-25%
1.0,9.164408840268472,8.164408840268472,8.164408840268472,0-25%
1.0,8.594770748139114,7.594770748139114,7.594770748139114,0-25%
8.0,9.989054965515011,1.9890549655150114,1.9890549655150114,25-50%
8.0,10.089017004070048,2.0890170040700475,2.0890170040700475,25-50%
8.0,9.442680820292178,1.4426808202921784,1.4426808202921784,25-50%
8.0,9.30182390275489,1.3018239027548901,1.3018239027548901,25-50%
8.0,8.90065290766351,0.9006529076635097,0.9006529076635097,25-50%
8.0,9.437895909401131,1.4378959094011314,1.4378959094011314,25-50%
8.0,9.604295712273403,1.6042957122734034,1.6042957122734034,25-50%
8.0,9.29084550605484,1.2908455060548398,1.2908455060548398,25-50%
8.0,9.245799375854093,1.2457993758540926,1.2457993758540926,25-50%
8.0,9.038940787948762,1.0389407879487624,1.0389407879487624,25-50%
8.0,9.442680820292178,1.4426808202921784,1.4426808202921784,25-50%
8.0,9.085905055965755,1.085905055965755,1.085905055965755,25-50%
8.0,9.085905055965755,1.085905055965755,1.085905055965755,25-50%
8.0,9.15370360105577,1.1537036010557706,1.1537036010557706,25-50%
8.0,8.325747344392774,0.32574734439277364,0.32574734439277364,25-50%
8.0,9.085905055965755,1.085905055965755,1.085905055965755,25-50%
8.0,9.673108025500486,1.6731080255004862,1.6731080255004862,25-50%
8.0,9.684565360194004,1.6845653601940036,1.6845653601940036,25-50%
8.0,9.085905055965755,1.085905055965755,1.085905055965755,25-50%
8.0,7.743032294879635,-0.25696770512036515,0.25696770512036515,25-50%
4.0,8.191995672021575,4.191995672021575,4.191995672021575,0-25%
4.0,8.06178801742354,4.06178801742354,4.06178801742354,0-25%
4.0,8.035267103804484,4.035267103804484,4.035267103804484,0-25%
4.0,8.158257698197335,4.158257698197335,4.158257698197335,0-25%
4.0,8.118169245947007,4.118169245947007,4.118169245947007,0-25%
4.0,7.934077058963189,3.9340770589631893,3.9340770589631893,0-25%
4.0,8.191995672021575,4.191995672021575,4.191995672021575,0-25%
4.0,8.039013799167584,4.039013799167584,4.039013799167584,0-25%
4.0,8.039013799167584,4.039013799167584,4.039013799167584,0-25%
4.0,7.811085029862812,3.811085029862812,3.811085029862812,0-25%
4.0,7.811085029862812,3.811085029862812,3.811085029862812,0-25%
4.0,7.870314096800714,3.8703140968007137,3.8703140968007137,0-25%
5.5,8.039013799167584,2.5390137991675843,2.5390137991675843,25-50%
5.5,9.020718227607407,3.520718227607407,3.520718227607407,25-50%
4.0,7.509106976124638,3.509106976124638,3.509106976124638,0-25%
5.5,7.811085029862812,2.311085029862812,2.311085029862812,25-50%
5.5,8.222346333843692,2.722346333843692,2.722346333843692,25-50%
5.5,8.146934415929797,2.646934415929797,2.646934415929797,25-50%
5.5,8.123946206499081,2.623946206499081,2.623946206499081,25-50%
5.5,9.034321004593359,3.534321004593359,3.534321004593359,25-50%
5.5,7.811085029862812,2.311085029862812,2.311085029862812,25-50%
5.5,8.222346333843692,2.722346333843692,2.722346333843692,25-50%
5.5,8.191995672021575,2.6919956720215747,2.6919956720215747,25-50%
7.0,8.767743180888775,1.7677431808887754,1.7677431808887754,25-50%
7.0,8.300620729182862,1.300620729182862,1.300620729182862,25-50%
5.5,7.29544298357092,1.7954429835709202,1.7954429835709202,25-50%
5.5,7.509106976124638,2.009106976124638,2.009106976124638,25-50%
7.0,7.870314096800714,0.8703140968007137,0.8703140968007137,25-50%
7.0,8.720974603928216,1.7209746039282159,1.7209746039282159,25-50%
7.0,7.509106976124638,0.5091069761246381,0.5091069761246381,25-50%
7.0,7.509106976124638,0.5091069761246381,0.5091069761246381,25-50%
7.0,7.870314096800714,0.8703140968007137,0.8703140968007137,25-50%
7.0,8.720974603928216,1.7209746039282159,1.7209746039282159,25-50%
7.0,7.29544298357092,0.29544298357092025,0.29544298357092025,25-50%
7.0,7.509106976124638,0.5091069761246381,0.5091069761246381,25-50%
7.0,7.509106976124638,0.5091069761246381,0.5091069761246381,25-50%
5.0,8.115168472656723,3.1151684726567233,3.1151684726567233,0-25%
5.0,8.092260097859505,3.092260097859505,3.092260097859505,0-25%
5.0,8.12754199729903,3.12754199729903,3.12754199729903,0-25%
5.0,8.115168472656723,3.1151684726567233,3.1151684726567233,0-25%
5.0,8.12754199729903,3.12754199729903,3.12754199729903,0-25%
5.0,8.115168472656723,3.1151684726567233,3.1151684726567233,0-25%
5.0,8.104602525178606,3.1046025251786062,3.1046025251786062,0-25%
5.0,8.12754199729903,3.12754199729903,3.12754199729903,0-25%
5.0,8.12754199729903,3.12754199729903,3.12754199729903,0-25%
5.0,8.12754199729903,3.12754199729903,3.12754199729903,0-25%
5.0,8.12754199729903,3.12754199729903,3.12754199729903,0-25%
5.0,8.104602525178606,3.1046025251786062,3.1046025251786062,0-25%
5.0,8.104602525178606,3.1046025251786062,3.1046025251786062,0-25%
5.0,8.092260097859505,3.092260097859505,3.092260097859505,0-25%
5.0,8.12754199729903,3.12754199729903,3.12754199729903,0-25%
5.0,9.422487899117412,4.422487899117412,4.422487899117412,0-25%
5.0,9.462931657435863,4.462931657435863,4.462931657435863,0-25%
5.0,9.462931657435863,4.462931657435863,4.462931657435863,0-25%
5.0,9.462931657435863,4.462931657435863,4.462931657435863,0-25%
5.0,9.462931657435863,4.462931657435863,4.462931657435863,0-25%
5.0,9.462931657435863,4.462931657435863,4.462931657435863,0-25%
5.0,8.12754199729903,3.12754199729903,3.12754199729903,0-25%
5.0,8.175513567027584,3.1755135670275845,3.1755135670275845,0-25%
5.0,8.175513567027584,3.1755135670275845,3.1755135670275845,0-25%
5.0,8.12754199729903,3.12754199729903,3.12754199729903,0-25%
5.0,8.12754199729903,3.12754199729903,3.12754199729903,0-25%
5.0,8.104602525178606,3.1046025251786062,3.1046025251786062,0-25%
5.0,8.175513567027584,3.1755135670275845,3.1755135670275845,0-25%
5.0,9.436636064479439,4.436636064479439,4.436636064479439,0-25%
5.0,9.422487899117412,4.422487899117412,4.422487899117412,0-25%
5.0,9.462931657435863,4.462931657435863,4.462931657435863,0-25%
5.0,9.462931657435863,4.462931657435863,4.462931657435863,0-25%
5.0,9.462931657435863,4.462931657435863,4.462931657435863,0-25%
5.0,9.462931657435863,4.462931657435863,4.462931657435863,0-25%
5.0,7.991861115548581,2.9918611155485806,2.9918611155485806,0-25%
5.0,7.4102846405592135,2.4102846405592135,2.4102846405592135,0-25%
5.0,8.08711125132287,3.0871112513228702,3.0871112513228702,0-25%
5.0,8.131326956712503,3.1313269567125026,3.1313269567125026,0-25%
5.0,8.096030426767037,3.0960304267670367,3.0960304267670367,0-25%
4.0,9.462931657435863,5.462931657435863,5.462931657435863,0-25%
5.0,9.462931657435863,4.462931657435863,4.462931657435863,0-25%
5.0,9.462931657435863,4.462931657435863,4.462931657435863,0-25%
5.0,9.462931657435863,4.462931657435863,4.462931657435863,0-25%
5.0,9.462931657435863,4.462931657435863,4.462931657435863,0-25%
5.0,7.991861115548581,2.9918611155485806,2.9918611155485806,0-25%
5.5,7.538889202493651,2.0388892024936514,2.0388892024936514,25-50%
5.5,8.208215781686505,2.708215781686505,2.708215781686505,25-50%
5.0,8.096030426767037,3.0960304267670367,3.0960304267670367,0-25%
3.0,8.468198269417421,5.468198269417421,5.468198269417421,0-25%
3.0,8.748860921046854,5.7488609210468535,5.7488609210468535,0-25%
4.0,9.517921626884188,5.517921626884188,5.517921626884188,0-25%
4.0,9.467270368962039,5.467270368962039,5.467270368962039,0-25%
5.0,9.467270368962039,4.467270368962039,4.467270368962039,0-25%
5.0,9.462931657435863,4.462931657435863,4.462931657435863,0-25%
5.0,8.385690369105312,3.385690369105312,3.385690369105312,0-25%
5.0,7.971979203305464,2.971979203305464,2.971979203305464,0-25%
5.0,7.867996752194997,2.8679967521949967,2.8679967521949967,0-25%
5.5,8.23862000000285,2.73862000000285,2.73862000000285,25-50%
6.0,8.096030426767037,2.0960304267670367,2.0960304267670367,25-50%
6.0,8.140046236713061,2.1400462367130615,2.1400462367130615,25-50%
3.0,8.468198269417421,5.468198269417421,5.468198269417421,0-25%
3.0,8.748860921046854,5.7488609210468535,5.7488609210468535,0-25%
4.0,9.23428503742442,5.234285037424421,5.234285037424421,0-25%
5.0,9.569736884152992,4.5697368841529915,4.5697368841529915,0-25%
5.0,8.10467031688762,3.1046703168876206,3.1046703168876206,0-25%
5.0,7.886407729360415,2.886407729360415,2.886407729360415,0-25%
5.0,7.860400096946048,2.860400096946048,2.860400096946048,0-25%
5.0,7.914604231478728,2.9146042314787284,2.9146042314787284,0-25%
6.0,7.661973477795297,1.6619734777952972,1.6619734777952972,25-50%
6.0,8.140046236713061,2.1400462367130615,2.1400462367130615,25-50%
6.0,8.077303162226318,2.0773031622263183,2.0773031622263183,25-50%
6.0,8.163075010923318,2.1630750109233183,2.1630750109233183,25-50%
6.0,8.185073559030576,2.1850735590305757,2.1850735590305757,25-50%
3.0,8.748860921046854,5.7488609210468535,5.7488609210468535,0-25%
3.0,8.748860921046854,5.7488609210468535,5.7488609210468535,0-25%
4.333333333333333,9.000226513897562,4.666893180564229,4.666893180564229,0-25%
4.333333333333333,9.189473605064524,4.856140271731191,4.856140271731191,0-25%
4.333333333333333,8.397309214993179,4.063975881659846,4.063975881659846,0-25%
5.0,8.356174362255743,3.356174362255743,3.356174362255743,0-25%
5.0,7.683829089934215,2.683829089934215,2.683829089934215,0-25%
5.0,8.01409536738694,3.0140953673869397,3.0140953673869397,0-25%
5.0,7.864074279410943,2.864074279410943,2.864074279410943,0-25%
5.0,7.864074279410943,2.864074279410943,2.864074279410943,0-25%
6.0,7.538889202493651,1.5388892024936514,1.5388892024936514,25-50%
6.0,8.08711125132287,2.0871112513228702,2.0871112513228702,25-50%
6.0,8.185073559030576,2.1850735590305757,2.1850735590305757,25-50%
6.0,8.163075010923318,2.1630750109233183,2.1630750109233183,25-50%
5.0,7.323129876409669,2.323129876409669,2.323129876409669,0-25%
5.0,7.323129876409669,2.323129876409669,2.323129876409669,0-25%
5.0,7.3790788560088805,2.3790788560088805,2.3790788560088805,0-25%
5.0,7.864074279410943,2.864074279410943,2.864074279410943,0-25%
6.0,8.387698427538298,2.3876984275382984,2.3876984275382984,25-50%
6.0,8.387698427538298,2.3876984275382984,2.3876984275382984,25-50%
6.0,7.453740065337669,1.4537400653376693,1.4537400653376693,25-50%
6.0,8.071558631444983,2.071558631444983,2.071558631444983,25-50%
6.0,7.589835942653839,1.5898359426538393,1.5898359426538393,25-50%
5.0,6.977692532399994,1.9776925323999937,1.9776925323999937,0-25%
5.0,7.323129876409669,2.323129876409669,2.323129876409669,0-25%
5.0,8.043858627715771,3.043858627715771,3.043858627715771,0-25%
5.0,7.969906219101994,2.9699062191019943,2.9699062191019943,0-25%
5.0,7.947362919526183,2.9473629195261832,2.9473629195261832,0-25%
3.0,8.533715488296515,5.533715488296515,5.533715488296515,0-25%
3.0,8.387698427538298,5.387698427538298,5.387698427538298,0-25%
4.5,7.453740065337669,2.9537400653376693,2.9537400653376693,0-25%
6.0,7.941735822174671,1.941735822174671,1.941735822174671,25-50%
6.0,7.508557546349444,1.5085575463494436,1.5085575463494436,25-50%
5.0,7.323129876409669,2.323129876409669,2.323129876409669,0-25%
3.0,8.01409536738694,5.01409536738694,5.01409536738694,0-25%
3.0,8.62866045819893,5.6286604581989295,5.6286604581989295,0-25%
3.0,7.914506115019125,4.914506115019125,4.914506115019125,0-25%
3.0,7.914506115019125,4.914506115019125,4.914506115019125,0-25%
3.0,7.981756063759058,4.981756063759058,4.981756063759058,0-25%
3.0,8.416201633309104,5.416201633309104,5.416201633309104,0-25%
4.5,7.453740065337669,2.9537400653376693,2.9537400653376693,0-25%
6.0,7.241145623225986,1.2411456232259859,1.2411456232259859,25-50%
3.0,7.3790788560088805,4.3790788560088805,4.3790788560088805,0-25%
3.0,8.387698427538298,5.387698427538298,5.387698427538298,0-25%
3.0,7.914506115019125,4.914506115019125,4.914506115019125,0-25%
3.0,8.387698427538298,5.387698427538298,5.387698427538298,0-25%
3.0,8.416201633309104,5.416201633309104,5.416201633309104,0-25%
3.0,7.533614048274283,4.533614048274283,4.533614048274283,0-25%
3.0,7.241145623225986,4.241145623225986,4.241145623225986,0-25%
3.0,7.102578333053476,4.102578333053476,4.102578333053476,0-25%
3.0,7.446528526410608,4.446528526410608,4.446528526410608,0-25%
3.0,8.387698427538298,5.387698427538298,5.387698427538298,0-25%
3.0,7.981756063759058,4.981756063759058,4.981756063759058,0-25%
3.0,8.387698427538298,5.387698427538298,5.387698427538298,0-25%
3.0,8.387698427538298,5.387698427538298,5.387698427538298,0-25%
3.0,8.387698427538298,5.387698427538298,5.387698427538298,0-25%
3.0,7.179440916842731,4.179440916842731,4.179440916842731,0-25%
3.0,7.041911134602409,4.041911134602409,4.041911134602409,0-25%
3.0,7.041911134602409,4.041911134602409,4.041911134602409,0-25%
3.0,7.88106145354547,4.88106145354547,4.88106145354547,0-25%
3.0,8.387698427538298,5.387698427538298,5.387698427538298,0-25%
3.0,8.213342549205068,5.213342549205068,5.213342549205068,0-25%
3.0,7.041911134602409,4.041911134602409,4.041911134602409,0-25%
3.0,7.88106145354547,4.88106145354547,4.88106145354547,0-25%
3.0,7.88106145354547,4.88106145354547,4.88106145354547,0-25%
3.0,7.914506115019125,4.914506115019125,4.914506115019125,0-25%
8.0,7.7508287421961475,-0.24917125780385252,0.24917125780385252,25-50%
8.0,7.7508287421961475,-0.24917125780385252,0.24917125780385252,25-50%
8.0,7.591997449125938,-0.4080025508740617,0.4080025508740617,25-50%
8.0,7.591997449125938,-0.4080025508740617,0.4080025508740617,25-50%
8.0,8.687309054241803,0.687309054241803,0.687309054241803,25-50%
8.0,7.738965899481842,-0.2610341005181578,0.2610341005181578,25-50%
8.0,7.7508287421961475,-0.24917125780385252,0.24917125780385252,25-50%
8.0,7.7508287421961475,-0.24917125780385252,0.24917125780385252,25-50%
8.0,7.591997449125938,-0.4080025508740617,0.4080025508740617,25-50%
8.0,7.591997449125938,-0.4080025508740617,0.4080025508740617,25-50%
8.0,8.724900000850537,0.7249000008505373,0.7249000008505373,25-50%
8.0,8.711716682730488,0.7117166827304882,0.7117166827304882,25-50%
8.0,7.738965899481842,-0.2610341005181578,0.2610341005181578,25-50%
8.0,7.71700300249689,-0.28299699750311014,0.28299699750311014,25-50%
8.0,7.5704039154011635,-0.42959608459883647,0.42959608459883647,25-50%
8.0,7.591997449125938,-0.4080025508740617,0.4080025508740617,25-50%
8.0,7.591997449125938,-0.4080025508740617,0.4080025508740617,25-50%
8.0,8.724900000850537,0.7249000008505373,0.7249000008505373,25-50%
8.0,8.711716682730488,0.7117166827304882,0.7117166827304882,25-50%
8.0,8.711716682730488,0.7117166827304882,0.7117166827304882,25-50%
8.0,7.5704039154011635,-0.42959608459883647,0.42959608459883647,25-50%
8.0,7.5704039154011635,-0.42959608459883647,0.42959608459883647,25-50%
8.0,7.522639345360479,-0.47736065463952126,0.47736065463952126,25-50%
8.0,7.477241240777186,-0.522758759222814,0.522758759222814,25-50%
8.0,8.724900000850537,0.7249000008505373,0.7249000008505373,25-50%
8.0,8.724900000850537,0.7249000008505373,0.7249000008505373,25-50%
8.0,7.591997449125938,-0.4080025508740617,0.4080025508740617,25-50%
8.0,7.5704039154011635,-0.42959608459883647,0.42959608459883647,25-50%
8.0,7.498600046783613,-0.5013999532163869,0.5013999532163869,25-50%
8.0,7.522639345360479,-0.47736065463952126,0.47736065463952126,25-50%
8.0,7.3807463831860005,-0.6192536168139995,0.6192536168139995,25-50%
8.0,7.522639345360479,-0.47736065463952126,0.47736065463952126,25-50%
3.0,8.724900000850537,5.724900000850537,5.724900000850537,0-25%
3.0,8.724900000850537,5.724900000850537,5.724900000850537,0-25%
3.0,8.724900000850537,5.724900000850537,5.724900000850537,0-25%
3.0,8.724900000850537,5.724900000850537,5.724900000850537,0-25%
3.0,8.724900000850537,5.724900000850537,5.724900000850537,0-25%
3.0,8.619187632626927,5.619187632626927,5.619187632626927,0-25%
3.0,8.320454008407442,5.320454008407442,5.320454008407442,0-25%
3.0,7.982197338578248,4.982197338578248,4.982197338578248,0-25%
3.0,7.871481570228568,4.871481570228568,4.871481570228568,0-25%
3.0,7.832637254786635,4.832637254786635,4.832637254786635,0-25%
3.0,7.832637254786635,4.832637254786635,4.832637254786635,0-25%
8.0,7.718639517200966,-0.2813604827990339,0.2813604827990339,25-50%
3.0,8.602845401959058,5.602845401959058,5.602845401959058,0-25%
3.0,8.144674522969506,5.144674522969506,5.144674522969506,0-25%
3.0,7.481363340200968,4.481363340200968,4.481363340200968,0-25%
3.0,7.328892012161315,4.328892012161315,4.328892012161315,0-25%
8.0,7.586196203180116,-0.41380379681988444,0.41380379681988444,25-50%
8.0,7.718639517200966,-0.2813604827990339,0.2813604827990339,25-50%
8.0,7.623865480350134,-0.3761345196498658,0.3761345196498658,25-50%
8.0,7.0292267002520985,-0.9707732997479015,0.9707732997479015,25-50%
8.0,7.496136610757157,-0.5038633892428432,0.5038633892428432,25-50%
8.0,7.69672770477742,-0.30327229522258037,0.30327229522258037,25-50%
8.0,7.69672770477742,-0.30327229522258037,0.30327229522258037,25-50%
8.0,7.718639517200966,-0.2813604827990339,0.2813604827990339,25-50%
8.0,7.718639517200966,-0.2813604827990339,0.2813604827990339,25-50%
8.0,7.609214222436157,-0.3907857775638428,0.3907857775638428,25-50%
8.0,6.7410184702504194,-1.2589815297495806,1.2589815297495806,25-50%
8.0,6.466506059366294,-1.533493940633706,1.533493940633706,25-50%
8.0,7.569371521665458,-0.4306284783345422,0.4306284783345422,25-50%
8.0,7.687461569362319,-0.31253843063768105,0.31253843063768105,25-50%
8.0,7.69672770477742,-0.30327229522258037,0.30327229522258037,25-50%
8.0,7.69672770477742,-0.30327229522258037,0.30327229522258037,25-50%
8.0,7.69672770477742,-0.30327229522258037,0.30327229522258037,25-50%
8.0,7.609214222436157,-0.3907857775638428,0.3907857775638428,25-50%
8.0,6.639101117253695,-1.360898882746305,1.360898882746305,25-50%
8.0,6.466506059366294,-1.533493940633706,1.533493940633706,25-50%
8.0,7.76271463298969,-0.2372853670103101,0.2372853670103101,25-50%
8.0,7.69672770477742,-0.30327229522258037,0.30327229522258037,25-50%
8.0,7.69672770477742,-0.30327229522258037,0.30327229522258037,25-50%
8.0,7.90968779244625,-0.09031220755375013,0.09031220755375013,25-50%
8.0,6.7907344566201955,-1.2092655433798045,1.2092655433798045,25-50%
8.0,6.546917309008276,-1.4530826909917236,1.4530826909917236,25-50%
8.0,7.569371521665458,-0.4306284783345422,0.4306284783345422,25-50%
8.0,7.569371521665458,-0.4306284783345422,0.4306284783345422,25-50%
8.0,7.784792702566786,-0.21520729743321443,0.21520729743321443,25-50%
8.0,7.718639517200966,-0.2813604827990339,0.2813604827990339,25-50%
8.0,8.025187600376022,0.025187600376021635,0.025187600376021635,25-50%
8.0,8.025187600376022,0.025187600376021635,0.025187600376021635,25-50%
8.0,7.523707506643079,-0.4762924933569206,0.4762924933569206,25-50%
8.0,7.71700300249689,-0.28299699750311014,0.28299699750311014,25-50%
17.0,7.815465285647286,-9.184534714352715,9.184534714352715,75-100%
17.0,7.477654692999698,-9.522345307000302,9.522345307000302,75-100%
17.0,7.815465285647286,-9.184534714352715,9.184534714352715,75-100%
17.0,7.856029789416795,-9.143970210583205,9.143970210583205,75-100%
17.0,8.063731600710252,-8.936268399289748,8.936268399289748,75-100%
17.0,7.989357969355666,-9.010642030644334,9.010642030644334,75-100%
17.0,8.063731600710252,-8.936268399289748,8.936268399289748,75-100%
17.0,7.618845556772216,-9.381154443227784,9.381154443227784,75-100%
17.0,8.605655637651132,-8.394344362348868,8.394344362348868,75-100%
17.0,8.557259257016632,-8.442740742983368,8.442740742983368,75-100%
17.0,8.601237137547638,-8.398762862452362,8.398762862452362,75-100%
17.0,8.033764033141944,-8.966235966858056,8.966235966858056,75-100%
17.0,8.004769212387165,-8.995230787612835,8.995230787612835,75-100%
17.0,7.989357969355666,-9.010642030644334,9.010642030644334,75-100%
17.0,7.989357969355666,-9.010642030644334,9.010642030644334,75-100%
17.0,7.953432212773461,-9.04656778722654,9.04656778722654,75-100%
17.0,8.88618584922179,-8.11381415077821,8.11381415077821,75-100%
17.0,8.88618584922179,-8.11381415077821,8.11381415077821,75-100%
17.0,8.023210458241504,-8.976789541758496,8.976789541758496,75-100%
17.0,7.989357969355666,-9.010642030644334,9.010642030644334,75-100%
17.0,8.004769212387165,-8.995230787612835,8.995230787612835,75-100%
17.0,8.939158215799818,-8.060841784200182,8.060841784200182,75-100%
17.0,7.948182763997937,-9.051817236002062,9.051817236002062,75-100%
8.0,7.406223989714359,-0.5937760102856409,0.5937760102856409,25-50%
8.0,7.46738105867191,-0.5326189413280904,0.5326189413280904,25-50%
8.0,7.575003617977786,-0.424996382022214,0.424996382022214,25-50%
8.0,7.3351454463386085,-0.6648545536613915,0.6648545536613915,25-50%
8.0,7.608278338683839,-0.3917216613161614,0.3917216613161614,25-50%
8.0,7.55124655757775,-0.4487534424222499,0.4487534424222499,25-50%
8.0,7.3351454463386085,-0.6648545536613915,0.6648545536613915,25-50%
8.0,7.3351454463386085,-0.6648545536613915,0.6648545536613915,25-50%
8.0,7.3351454463386085,-0.6648545536613915,0.6648545536613915,25-50%
8.0,7.575003617977786,-0.424996382022214,0.424996382022214,25-50%
8.0,7.608278338683839,-0.3917216613161614,0.3917216613161614,25-50%
8.0,8.552126721399919,0.5521267213999188,0.5521267213999188,25-50%
8.0,7.575003617977786,-0.424996382022214,0.424996382022214,25-50%
8.0,7.608278338683839,-0.3917216613161614,0.3917216613161614,25-50%
8.0,7.59660874086845,-0.40339125913155005,0.40339125913155005,25-50%
8.0,8.375664783160987,0.37566478316098717,0.37566478316098717,25-50%
8.0,7.385097344566393,-0.6149026554336068,0.6149026554336068,25-50%
8.0,7.608278338683839,-0.3917216613161614,0.3917216613161614,25-50%
8.0,7.608278338683839,-0.3917216613161614,0.3917216613161614,25-50%
8.0,7.608278338683839,-0.3917216613161614,0.3917216613161614,25-50%
8.0,8.375664783160987,0.37566478316098717,0.37566478316098717,25-50%
8.0,8.51461358472235,0.5146135847223494,0.5146135847223494,25-50%
8.0,7.575003617977786,-0.424996382022214,0.424996382022214,25-50%
8.0,7.608278338683839,-0.3917216613161614,0.3917216613161614,25-50%
8.0,8.58284762644016,0.5828476264401594,0.5828476264401594,25-50%
8.0,8.63283173732559,0.6328317373255903,0.6328317373255903,25-50%
8.0,7.59660874086845,-0.40339125913155005,0.40339125913155005,25-50%
3.0,7.5744520274054725,4.5744520274054725,4.5744520274054725,0-25%
3.0,7.582945358759888,4.582945358759888,4.582945358759888,0-25%
3.0,8.512183430255215,5.512183430255215,5.512183430255215,0-25%
3.0,7.572996343539792,4.572996343539792,4.572996343539792,0-25%
3.0,7.561374574881089,4.561374574881089,4.561374574881089,0-25%
3.0,7.428776623577031,4.428776623577031,4.428776623577031,0-25%
3.0,8.512183430255215,5.512183430255215,5.512183430255215,0-25%
3.0,8.512183430255215,5.512183430255215,5.512183430255215,0-25%
3.0,7.325199489707468,4.325199489707468,4.325199489707468,0-25%
3.0,7.594596409008577,4.594596409008577,4.594596409008577,0-25%
3.0,8.52509588891459,5.52509588891459,5.52509588891459,0-25%
3.0,8.512183430255215,5.512183430255215,5.512183430255215,0-25%
3.0,8.512183430255215,5.512183430255215,5.512183430255215,0-25%
3.0,8.50360953336763,5.50360953336763,5.50360953336763,0-25%
3.0,7.304276476518635,4.304276476518635,4.304276476518635,0-25%
3.0,7.594596409008577,4.594596409008577,4.594596409008577,0-25%
3.0,8.52509588891459,5.52509588891459,5.52509588891459,0-25%
3.0,8.52509588891459,5.52509588891459,5.52509588891459,0-25%
3.0,8.52509588891459,5.52509588891459,5.52509588891459,0-25%
3.0,7.234702255400277,4.234702255400277,4.234702255400277,0-25%
3.0,8.52509588891459,5.52509588891459,5.52509588891459,0-25%
3.0,8.52509588891459,5.52509588891459,5.52509588891459,0-25%
12.0,7.5011707552493645,-4.4988292447506355,4.4988292447506355,50-75%
12.0,7.475223124805884,-4.524776875194116,4.524776875194116,50-75%
12.0,7.489646355157897,-4.510353644842103,4.510353644842103,50-75%
3.0,8.421555446968034,5.421555446968034,5.421555446968034,0-25%
3.0,8.128959490641005,5.128959490641005,5.128959490641005,0-25%
3.0,7.797652514229299,4.797652514229299,4.797652514229299,0-25%
12.0,7.367897119124371,-4.632102880875629,4.632102880875629,50-75%
12.0,7.561374574881089,-4.438625425118911,4.438625425118911,50-75%
12.0,7.409768728560017,-4.590231271439983,4.590231271439983,50-75%
3.0,7.956791503931222,4.956791503931222,4.956791503931222,0-25%
3.0,7.25096822765054,4.25096822765054,4.25096822765054,0-25%
12.0,7.513398200802712,-4.486601799197288,4.486601799197288,50-75%
12.0,7.596055760537878,-4.403944239462122,4.403944239462122,50-75%
12.0,7.489646355157897,-4.510353644842103,4.510353644842103,50-75%
12.0,7.489646355157897,-4.510353644842103,4.510353644842103,50-75%
12.0,7.409768728560017,-4.590231271439983,4.590231271439983,50-75%
12.0,7.3183522031015364,-4.6816477968984636,4.6816477968984636,50-75%
12.0,7.400599462626208,-4.599400537373792,4.599400537373792,50-75%
12.0,7.388633174722511,-4.611366825277489,4.611366825277489,50-75%
12.0,7.388633174722511,-4.611366825277489,4.611366825277489,50-75%
12.0,7.409768728560017,-4.590231271439983,4.590231271439983,50-75%
12.0,7.409768728560017,-4.590231271439983,4.590231271439983,50-75%
12.0,7.346523694173595,-4.653476305826405,4.653476305826405,50-75%
12.0,7.417699266363958,-4.582300733636042,4.582300733636042,50-75%
12.0,7.388633174722511,-4.611366825277489,4.611366825277489,50-75%
12.0,7.388633174722511,-4.611366825277489,4.611366825277489,50-75%
12.0,7.388633174722511,-4.611366825277489,4.611366825277489,50-75%
12.0,7.319226334824491,-4.680773665175509,4.680773665175509,50-75%
12.0,7.490615578387915,-4.509384421612085,4.509384421612085,50-75%
12.0,7.388633174722511,-4.611366825277489,4.611366825277489,50-75%
12.0,7.346523694173595,-4.653476305826405,4.653476305826405,50-75%
4.0,10.119036713710809,6.119036713710809,6.119036713710809,0-25%
4.0,10.359015758413834,6.359015758413834,6.359015758413834,0-25%
4.0,9.56511883546663,5.565118835466629,5.565118835466629,0-25%
4.0,9.56511883546663,5.565118835466629,5.565118835466629,0-25%
4.0,10.389953118523692,6.389953118523692,6.389953118523692,0-25%
4.0,10.374512612675735,6.374512612675735,6.374512612675735,0-25%
4.0,10.3304681137815,6.3304681137814995,6.3304681137814995,0-25%
4.0,10.374512612675735,6.374512612675735,6.374512612675735,0-25%
4.0,9.56511883546663,5.565118835466629,5.565118835466629,0-25%
4.0,9.56511883546663,5.565118835466629,5.565118835466629,0-25%
4.0,10.361327721665194,6.3613277216651944,6.3613277216651944,0-25%
4.0,10.345926021122489,6.345926021122489,6.345926021122489,0-25%
4.0,10.170201138057301,6.170201138057301,6.170201138057301,0-25%
4.0,10.23031963155914,6.230319631559141,6.230319631559141,0-25%
4.0,9.538566424198965,5.538566424198965,5.538566424198965,0-25%
4.0,9.56511883546663,5.565118835466629,5.565118835466629,0-25%
4.0,9.56511883546663,5.565118835466629,5.565118835466629,0-25%
4.0,10.389953118523692,6.389953118523692,6.389953118523692,0-25%
4.0,10.24556440044289,6.245564400442889,6.245564400442889,0-25%
4.0,10.23031963155914,6.230319631559141,6.230319631559141,0-25%
8.0,9.423124089831717,1.4231240898317168,1.4231240898317168,25-50%
8.0,9.249590059786964,1.2495900597869642,1.2495900597869642,25-50%
7.0,9.423124089831717,2.423124089831717,2.423124089831717,25-50%
7.0,9.423124089831717,2.423124089831717,2.423124089831717,25-50%
8.0,9.423124089831717,1.4231240898317168,1.4231240898317168,25-50%
4.0,9.538566424198965,5.538566424198965,5.538566424198965,0-25%
4.0,10.389953118523692,6.389953118523692,6.389953118523692,0-25%
4.0,10.24556440044289,6.245564400442889,6.245564400442889,0-25%
8.0,10.361327721665194,2.3613277216651944,2.3613277216651944,25-50%
7.0,9.434511902310238,2.4345119023102377,2.4345119023102377,25-50%
7.0,9.434511902310238,2.4345119023102377,2.4345119023102377,25-50%
7.0,9.249590059786964,2.2495900597869642,2.2495900597869642,25-50%
7.0,9.0152946693259,2.0152946693259004,2.0152946693259004,25-50%
7.0,9.0152946693259,2.0152946693259004,2.0152946693259004,25-50%
4.0,9.393724207712385,5.393724207712385,5.393724207712385,0-25%
4.0,10.24556440044289,6.245564400442889,6.245564400442889,0-25%
4.0,10.24556440044289,6.245564400442889,6.245564400442889,0-25%
8.0,10.170976548164507,2.170976548164507,2.170976548164507,25-50%
7.0,10.233899882083136,3.2338998820831364,3.2338998820831364,25-50%
7.0,9.606579127450447,2.6065791274504466,2.6065791274504466,25-50%
7.0,9.606579127450447,2.6065791274504466,2.6065791274504466,25-50%
7.0,9.39692854183674,2.39692854183674,2.39692854183674,25-50%
6.0,9.423124089831717,3.423124089831717,3.423124089831717,25-50%
7.333333333333332,9.56511883546663,2.231785502133297,2.231785502133297,25-50%
7.0,9.423124089831717,2.423124089831717,2.423124089831717,25-50%
7.0,9.423124089831717,2.423124089831717,2.423124089831717,25-50%
6.0,8.874411021032328,2.874411021032328,2.874411021032328,25-50%
8.0,10.113976165074911,2.113976165074911,2.113976165074911,25-50%
8.0,10.113976165074911,2.113976165074911,2.113976165074911,25-50%
7.333333333333332,9.56511883546663,2.231785502133297,2.231785502133297,25-50%
7.333333333333332,9.323121782616598,1.9897884492832656,1.9897884492832656,25-50%
7.333333333333332,9.140099296450055,1.8067659631167228,1.8067659631167228,25-50%
7.0,8.601079676249666,1.6010796762496664,1.6010796762496664,25-50%
6.0,8.34951465437419,2.3495146543741896,2.3495146543741896,25-50%
8.0,10.132859472786484,2.1328594727864836,2.1328594727864836,25-50%
8.0,9.538566424198965,1.5385664241989652,1.5385664241989652,25-50%
8.0,9.538566424198965,1.5385664241989652,1.5385664241989652,25-50%
7.333333333333332,9.56511883546663,2.231785502133297,2.231785502133297,25-50%
7.333333333333332,9.56511883546663,2.231785502133297,2.231785502133297,25-50%
7.333333333333332,9.352321957399688,2.018988624066356,2.018988624066356,25-50%
7.333333333333332,8.593110501571774,1.2597771682384415,1.2597771682384415,25-50%
7.0,8.001425812172144,1.001425812172144,1.001425812172144,25-50%
6.0,7.952447430213167,1.9524474302131667,1.9524474302131667,25-50%
8.0,9.664869666415925,1.6648696664159246,1.6648696664159246,25-50%
8.0,9.68250594839265,1.6825059483926506,1.6825059483926506,25-50%
8.0,9.538566424198965,1.5385664241989652,1.5385664241989652,25-50%
8.0,9.538566424198965,1.5385664241989652,1.5385664241989652,25-50%
7.0,9.538566424198965,2.538566424198965,2.538566424198965,25-50%
7.0,9.352321957399688,2.3523219573996883,2.3523219573996883,25-50%
7.0,8.36499411440721,1.3649941144072102,1.3649941144072102,25-50%
6.0,7.952447430213167,1.9524474302131667,1.9524474302131667,25-50%
8.0,9.775040608076118,1.775040608076118,1.775040608076118,25-50%
8.0,9.538566424198965,1.5385664241989652,1.5385664241989652,25-50%
8.0,9.538566424198965,1.5385664241989652,1.5385664241989652,25-50%
8.0,10.133990697279168,2.1339906972791685,2.1339906972791685,25-50%
8.0,8.553436595898575,0.5534365958985745,0.5534365958985745,25-50%
8.0,9.664869666415925,1.6648696664159246,1.6648696664159246,25-50%
8.0,9.664869666415925,1.6648696664159246,1.6648696664159246,25-50%
8.0,9.802188827116087,1.8021888271160869,1.8021888271160869,25-50%
8.0,9.56511883546663,1.5651188354666292,1.5651188354666292,25-50%
8.0,10.339686694000104,2.339686694000104,2.339686694000104,25-50%
5.0,9.67496455714665,4.67496455714665,4.67496455714665,0-25%
5.0,9.67496455714665,4.67496455714665,4.67496455714665,0-25%
5.0,9.67496455714665,4.67496455714665,4.67496455714665,0-25%
5.0,9.67496455714665,4.67496455714665,4.67496455714665,0-25%
5.0,9.487745006968758,4.487745006968758,4.487745006968758,0-25%
5.0,9.417663236035096,4.4176632360350965,4.4176632360350965,0-25%
5.0,9.67496455714665,4.67496455714665,4.67496455714665,0-25%
5.0,9.67496455714665,4.67496455714665,4.67496455714665,0-25%
5.0,9.67496455714665,4.67496455714665,4.67496455714665,0-25%
5.0,8.790394673105101,3.7903946731051015,3.7903946731051015,0-25%
5.0,8.828385636475263,3.8283856364752626,3.8283856364752626,0-25%
5.0,8.749475297883697,3.7494752978836967,3.7494752978836967,0-25%
5.0,9.67496455714665,4.67496455714665,4.67496455714665,0-25%
5.0,9.67496455714665,4.67496455714665,4.67496455714665,0-25%
5.0,8.828385636475263,3.8283856364752626,3.8283856364752626,0-25%
5.0,8.790394673105101,3.7903946731051015,3.7903946731051015,0-25%
5.0,8.790394673105101,3.7903946731051015,3.7903946731051015,0-25%
5.0,8.749475297883697,3.7494752978836967,3.7494752978836967,0-25%
5.0,8.749475297883697,3.7494752978836967,3.7494752978836967,0-25%
5.0,9.285942953476406,4.285942953476406,4.285942953476406,0-25%
5.0,9.170703617482346,4.170703617482346,4.170703617482346,0-25%
5.0,8.828385636475263,3.8283856364752626,3.8283856364752626,0-25%
5.0,8.828385636475263,3.8283856364752626,3.8283856364752626,0-25%
5.0,9.285942953476406,4.285942953476406,4.285942953476406,0-25%
5.0,9.299975838216282,4.299975838216282,4.299975838216282,0-25%
5.0,9.31395769771034,4.3139576977103395,4.3139576977103395,0-25%
5.0,8.828385636475263,3.8283856364752626,3.8283856364752626,0-25%
5.0,9.31395769771034,4.3139576977103395,4.3139576977103395,0-25%
5.0,9.285942953476406,4.285942953476406,4.285942953476406,0-25%
5.0,9.285942953476406,4.285942953476406,4.285942953476406,0-25%
5.0,9.19541298979506,4.195412989795059,4.195412989795059,0-25%
2.0,8.158485890368357,6.1584858903683575,6.1584858903683575,0-25%
2.0,8.272783462227679,6.272783462227679,6.272783462227679,0-25%
2.0,8.158485890368357,6.1584858903683575,6.1584858903683575,0-25%
2.0,8.158485890368357,6.1584858903683575,6.1584858903683575,0-25%
2.0,8.152049994599668,6.152049994599668,6.152049994599668,0-25%
2.0,7.55671700441817,5.55671700441817,5.55671700441817,0-25%
2.0,8.757281139030576,6.757281139030576,6.757281139030576,0-25%
2.0,8.672657603623557,6.672657603623557,6.672657603623557,0-25%
2.0,8.272783462227679,6.272783462227679,6.272783462227679,0-25%
2.0,7.55671700441817,5.55671700441817,5.55671700441817,0-25%
2.0,7.55671700441817,5.55671700441817,5.55671700441817,0-25%
2.0,7.292116649159949,5.292116649159949,5.292116649159949,0-25%
2.0,7.55671700441817,5.55671700441817,5.55671700441817,0-25%
2.0,8.672657603623557,6.672657603623557,6.672657603623557,0-25%
2.0,8.158485890368357,6.1584858903683575,6.1584858903683575,0-25%
2.0,7.55671700441817,5.55671700441817,5.55671700441817,0-25%
2.0,7.6746684104191445,5.6746684104191445,5.6746684104191445,0-25%
6.0,7.8708764006955265,1.8708764006955265,1.8708764006955265,25-50%
6.0,7.877114569840744,1.877114569840744,1.877114569840744,25-50%
6.0,7.877114569840744,1.877114569840744,1.877114569840744,25-50%
6.0,7.877114569840744,1.877114569840744,1.877114569840744,25-50%
2.0,8.272783462227679,6.272783462227679,6.272783462227679,0-25%
2.0,8.158485890368357,6.1584858903683575,6.1584858903683575,0-25%
2.0,7.886067088092321,5.886067088092321,5.886067088092321,0-25%
2.0,7.886067088092321,5.886067088092321,5.886067088092321,0-25%
2.0,8.152049994599668,6.152049994599668,6.152049994599668,0-25%
4.0,7.826286786709111,3.826286786709111,3.826286786709111,0-25%
6.0,7.8708764006955265,1.8708764006955265,1.8708764006955265,25-50%
6.0,7.877114569840744,1.877114569840744,1.877114569840744,25-50%
6.0,8.36766790141591,2.36766790141591,2.36766790141591,25-50%
6.0,7.987900637821354,1.9879006378213537,1.9879006378213537,25-50%
2.0,7.886067088092321,5.886067088092321,5.886067088092321,0-25%
2.0,8.672657603623557,6.672657603623557,6.672657603623557,0-25%
4.0,7.832493599588995,3.832493599588995,3.832493599588995,0-25%
6.0,7.877114569840744,1.877114569840744,1.877114569840744,25-50%
6.0,8.626833426193832,2.6268334261938318,2.6268334261938318,25-50%
6.0,8.626833426193832,2.6268334261938318,2.6268334261938318,25-50%
6.0,8.04708535785895,2.0470853578589505,2.0470853578589505,25-50%
6.0,8.36766790141591,2.36766790141591,2.36766790141591,25-50%
6.0,8.58755492161947,2.5875549216194695,2.5875549216194695,25-50%
6.0,8.286423427157027,2.286423427157027,2.286423427157027,25-50%
6.0,8.626833426193832,2.6268334261938318,2.6268334261938318,25-50%
6.0,9.019768587090624,3.019768587090624,3.019768587090624,25-50%
9.0,7.677573154358783,-1.3224268456412167,1.3224268456412167,50-75%
9.0,7.677573154358783,-1.3224268456412167,1.3224268456412167,50-75%
9.0,8.287841499934952,-0.7121585000650477,0.7121585000650477,50-75%
6.0,8.765219743664849,2.765219743664849,2.765219743664849,25-50%
6.0,8.626833426193832,2.6268334261938318,2.6268334261938318,25-50%
6.0,8.626833426193832,2.6268334261938318,2.6268334261938318,25-50%
6.0,8.60263912754766,2.6026391275476595,2.6026391275476595,25-50%
6.0,8.765219743664849,2.765219743664849,2.765219743664849,25-50%
6.0,9.189411549676564,3.1894115496765636,3.1894115496765636,25-50%
6.0,9.189411549676564,3.1894115496765636,3.1894115496765636,25-50%
6.0,9.189411549676564,3.1894115496765636,3.1894115496765636,25-50%
9.0,8.018951634373526,-0.9810483656264744,0.9810483656264744,50-75%
9.0,8.287841499934952,-0.7121585000650477,0.7121585000650477,50-75%
9.0,9.390929480564914,0.39092948056491394,0.39092948056491394,50-75%
6.0,8.789823671781438,2.7898236717814378,2.7898236717814378,25-50%
6.0,8.710331099604202,2.7103310996042023,2.7103310996042023,25-50%
6.0,8.874735029805704,2.874735029805704,2.874735029805704,25-50%
6.0,8.874735029805704,2.874735029805704,2.874735029805704,25-50%
6.0,9.150025064930725,3.150025064930725,3.150025064930725,25-50%
6.0,9.150025064930725,3.150025064930725,3.150025064930725,25-50%
9.0,8.80927543930331,-0.1907245606966903,0.1907245606966903,50-75%
9.0,9.390929480564914,0.39092948056491394,0.39092948056491394,50-75%
9.0,9.364814844533084,0.3648148445330843,0.3648148445330843,50-75%
9.0,9.48105448821672,0.4810544882167207,0.4810544882167207,50-75%
9.0,7.67485927690015,-1.3251407230998504,1.3251407230998504,50-75%
9.0,9.064026295604005,0.06402629560400541,0.06402629560400541,50-75%
9.0,9.390252146770033,0.39025214677003284,0.39025214677003284,50-75%
9.0,9.566167702191537,0.566167702191537,0.566167702191537,50-75%
9.0,9.683080778945337,0.683080778945337,0.683080778945337,50-75%
9.0,9.48105448821672,0.4810544882167207,0.4810544882167207,50-75%
9.0,7.642313701396117,-1.3576862986038831,1.3576862986038831,50-75%
9.0,8.208850555548658,-0.7911494444513423,0.7911494444513423,50-75%
9.0,9.954973029274278,0.954973029274278,0.954973029274278,50-75%
9.0,9.954973029274278,0.954973029274278,0.954973029274278,50-75%
9.0,9.597025799895551,0.597025799895551,0.597025799895551,50-75%
9.0,9.875382731553064,0.8753827315530636,0.8753827315530636,50-75%
9.0,9.954973029274278,0.954973029274278,0.954973029274278,50-75%
9.0,7.909799069763297,-1.090200930236703,1.090200930236703,50-75%
9.0,9.269339368222466,0.2693393682224663,0.2693393682224663,50-75%
9.0,9.954973029274278,0.954973029274278,0.954973029274278,50-75%
9.0,9.954973029274278,0.954973029274278,0.954973029274278,50-75%
9.0,9.954973029274278,0.954973029274278,0.954973029274278,50-75%
9.0,9.683080778945337,0.683080778945337,0.683080778945337,50-75%
21.0,9.765293808263426,-11.234706191736574,11.234706191736574,75-100%
21.0,9.618959456262159,-11.381040543737841,11.381040543737841,75-100%
21.0,9.792417469785157,-11.207582530214843,11.207582530214843,75-100%
21.0,9.792417469785157,-11.207582530214843,11.207582530214843,75-100%
21.0,9.792417469785157,-11.207582530214843,11.207582530214843,75-100%
21.0,8.92994675079231,-12.07005324920769,12.07005324920769,75-100%
21.0,8.92994675079231,-12.07005324920769,12.07005324920769,75-100%
21.0,9.140361273227047,-11.859638726772953,11.859638726772953,75-100%
21.0,9.697429857468741,-11.302570142531259,11.302570142531259,75-100%
21.0,9.792417469785157,-11.207582530214843,11.207582530214843,75-100%
21.0,10.340333822748093,-10.659666177251907,10.659666177251907,75-100%
21.0,8.975639558755532,-12.024360441244468,12.024360441244468,75-100%
21.0,8.998907147474302,-12.001092852525698,12.001092852525698,75-100%
21.0,9.220537469928043,-11.779462530071957,11.779462530071957,75-100%
21.0,9.152241247497916,-11.847758752502084,11.847758752502084,75-100%
21.0,9.697429857468741,-11.302570142531259,11.302570142531259,75-100%
21.0,10.340333822748093,-10.659666177251907,10.659666177251907,75-100%
5.0,10.340333822748093,5.340333822748093,5.340333822748093,0-25%
5.0,9.663882106662335,4.663882106662335,4.663882106662335,0-25%
5.0,9.50914665597225,4.50914665597225,4.50914665597225,0-25%
21.0,8.998907147474302,-12.001092852525698,12.001092852525698,75-100%
12.0,9.19485106559087,-2.8051489344091305,2.8051489344091305,50-75%
12.0,9.849488557015992,-2.1505114429840084,2.1505114429840084,50-75%
12.0,9.762379966933594,-2.2376200330664062,2.2376200330664062,50-75%
21.0,10.340333822748093,-10.659666177251907,10.659666177251907,75-100%
13.0,10.340333822748093,-2.659666177251907,2.659666177251907,50-75%
5.0,9.839731693158994,4.839731693158994,4.839731693158994,0-25%
5.0,9.70526257885217,4.705262578852169,4.705262578852169,0-25%
5.0,9.663882106662335,4.663882106662335,4.663882106662335,0-25%
3.0,9.83478071847015,6.8347807184701495,6.8347807184701495,0-25%
12.0,9.849488557015992,-2.1505114429840084,2.1505114429840084,50-75%
12.0,9.807550589011878,-2.1924494109881216,2.1924494109881216,50-75%
12.0,9.807550589011878,-2.1924494109881216,2.1924494109881216,50-75%
12.0,9.762379966933594,-2.2376200330664062,2.2376200330664062,50-75%
9.666666666666666,9.762379966933594,0.0957133002669277,0.0957133002669277,50-75%
5.0,9.92706454899412,4.927064548994119,4.927064548994119,0-25%
5.0,9.746175937530198,4.746175937530198,4.746175937530198,0-25%
5.0,9.854446252481035,4.854446252481035,4.854446252481035,0-25%
5.0,9.867042904415108,4.867042904415108,4.867042904415108,0-25%
5.0,9.839731693158994,4.839731693158994,4.839731693158994,0-25%
5.0,9.867042904415108,4.867042904415108,4.867042904415108,0-25%
3.0,9.288043217587191,6.288043217587191,6.288043217587191,0-25%
3.0,9.83478071847015,6.8347807184701495,6.8347807184701495,0-25%
3.0,9.849488557015992,6.849488557015992,6.849488557015992,0-25%
3.0,9.849488557015992,6.849488557015992,6.849488557015992,0-25%
4.0,9.92706454899412,5.927064548994119,5.927064548994119,0-25%
5.0,9.941972101763444,4.941972101763444,4.941972101763444,0-25%
5.0,9.956825448889473,4.956825448889473,4.956825448889473,0-25%
5.0,9.742754162772576,4.7427541627725756,4.7427541627725756,0-25%
5.0,9.839731693158994,4.839731693158994,4.839731693158994,0-25%
5.0,9.867042904415108,4.867042904415108,4.867042904415108,0-25%
3.0,9.381666199874246,6.381666199874246,6.381666199874246,0-25%
3.0,9.084507511156682,6.084507511156682,6.084507511156682,0-25%
3.0,9.849488557015992,6.849488557015992,6.849488557015992,0-25%
3.0,9.849488557015992,6.849488557015992,6.849488557015992,0-25%
3.0,9.849488557015992,6.849488557015992,6.849488557015992,0-25%
3.0,9.956825448889473,6.956825448889473,6.956825448889473,0-25%
3.0,9.92706454899412,6.927064548994119,6.927064548994119,0-25%
4.0,9.92706454899412,5.927064548994119,5.927064548994119,0-25%
5.0,9.92706454899412,4.927064548994119,4.927064548994119,0-25%
5.0,9.956825448889473,4.956825448889473,4.956825448889473,0-25%
5.0,9.742754162772576,4.7427541627725756,4.7427541627725756,0-25%
5.0,9.742754162772576,4.7427541627725756,4.7427541627725756,0-25%
5.0,9.867042904415108,4.867042904415108,4.867042904415108,0-25%
3.0,9.266642502674308,6.2666425026743084,6.2666425026743084,0-25%
3.0,9.794929481742223,6.794929481742223,6.794929481742223,0-25%
3.0,9.809583223618194,6.809583223618194,6.809583223618194,0-25%
3.0,9.956825448889473,6.956825448889473,6.956825448889473,0-25%
3.0,9.956825448889473,6.956825448889473,6.956825448889473,0-25%
3.0,9.929288594828707,6.929288594828707,6.929288594828707,0-25%
3.0,9.92706454899412,6.927064548994119,6.927064548994119,0-25%
5.0,9.956825448889473,4.956825448889473,4.956825448889473,0-25%
5.0,9.769821034602728,4.769821034602728,4.769821034602728,0-25%
5.0,8.366996187241458,3.366996187241458,3.366996187241458,0-25%
9.0,9.767799506995281,0.7677995069952814,0.7677995069952814,50-75%
9.0,9.616156032206932,0.6161560322069324,0.6161560322069324,50-75%
9.0,9.616156032206932,0.6161560322069324,0.6161560322069324,50-75%
3.0,9.567263434720335,6.567263434720335,6.567263434720335,0-25%
3.0,9.760763498163056,6.760763498163056,6.760763498163056,0-25%
3.0,9.956825448889473,6.956825448889473,6.956825448889473,0-25%
15.0,9.266642502674308,-5.7333574973256916,5.7333574973256916,50-75%
15.0,9.381666199874246,-5.618333800125754,5.618333800125754,50-75%
15.0,9.878841504225123,-5.121158495774877,5.121158495774877,50-75%
15.0,9.794929481742223,-5.205070518257777,5.205070518257777,50-75%
10.5,9.171517119657478,-1.3284828803425217,1.3284828803425217,50-75%
6.0,9.956825448889473,3.9568254488894734,3.9568254488894734,25-50%
15.0,9.355574844455006,-5.644425155544994,5.644425155544994,50-75%
15.0,9.767799506995281,-5.232200493004719,5.232200493004719,50-75%
15.0,9.809583223618194,-5.190416776381806,5.190416776381806,50-75%
10.5,8.60146644310959,-1.8985335568904098,1.8985335568904098,50-75%
6.0,9.760763498163056,3.7607634981630564,3.7607634981630564,25-50%
6.0,8.764044853648937,2.7640448536489366,2.7640448536489366,25-50%
15.0,9.878841504225123,-5.121158495774877,5.121158495774877,50-75%
15.0,9.809583223618194,-5.190416776381806,5.190416776381806,50-75%
10.5,9.767799506995281,-0.7322004930047186,0.7322004930047186,50-75%
10.5,9.914472577352038,-0.5855274226479619,0.5855274226479619,50-75%
10.5,9.914472577352038,-0.5855274226479619,0.5855274226479619,50-75%
10.5,9.779076286913511,-0.7209237130864885,0.7209237130864885,50-75%
6.0,9.956825448889473,3.9568254488894734,3.9568254488894734,25-50%
6.0,8.64369192803134,2.6436919280313393,2.6436919280313393,25-50%
6.0,8.60146644310959,2.60146644310959,2.60146644310959,25-50%
15.0,9.381666199874246,-5.618333800125754,5.618333800125754,50-75%
15.0,9.878841504225123,-5.121158495774877,5.121158495774877,50-75%
15.0,9.794929481742223,-5.205070518257777,5.205070518257777,50-75%
10.5,9.809583223618194,-0.6904167763818059,0.6904167763818059,50-75%
10.5,9.941972101763444,-0.5580278982365563,0.5580278982365563,50-75%
10.5,9.941972101763444,-0.5580278982365563,0.5580278982365563,50-75%
10.5,9.929288594828707,-0.5707114051712932,0.5707114051712932,50-75%
6.0,9.929288594828707,3.929288594828707,3.929288594828707,25-50%
6.0,9.524147875659159,3.5241478756591587,3.5241478756591587,25-50%
6.0,8.60146644310959,2.60146644310959,2.60146644310959,25-50%
15.0,9.762379966933594,-5.237620033066406,5.237620033066406,50-75%
15.0,9.762379966933594,-5.237620033066406,5.237620033066406,50-75%
10.5,9.809583223618194,-0.6904167763818059,0.6904167763818059,50-75%
10.5,9.956825448889473,-0.5431745511105266,0.5431745511105266,50-75%
10.5,8.630618697609652,-1.869381302390348,1.869381302390348,50-75%
6.0,8.322422299690576,2.322422299690576,2.322422299690576,25-50%
6.0,9.171517119657478,3.1715171196574783,3.1715171196574783,25-50%
6.0,9.581608127844055,3.5816081278440546,3.5816081278440546,25-50%
6.0,9.24659564792451,3.2465956479245097,3.2465956479245097,25-50%
6.0,9.551278776164114,3.5512787761641142,3.5512787761641142,25-50%
6.0,9.735331796103601,3.735331796103601,3.735331796103601,25-50%
6.0,9.83478071847015,3.8347807184701495,3.8347807184701495,25-50%
6.0,9.764463901005357,3.7644639010053567,3.7644639010053567,25-50%
6.0,8.112379954184846,2.1123799541848456,2.1123799541848456,25-50%
6.0,8.60146644310959,2.60146644310959,2.60146644310959,25-50%
6.0,9.24659564792451,3.2465956479245097,3.2465956479245097,25-50%
6.0,9.288043217587191,3.288043217587191,3.288043217587191,25-50%
6.0,9.807550589011878,3.8075505890118784,3.8075505890118784,25-50%
6.0,9.735331796103601,3.735331796103601,3.735331796103601,25-50%
6.0,9.735331796103601,3.735331796103601,3.735331796103601,25-50%
6.0,9.83478071847015,3.8347807184701495,3.8347807184701495,25-50%
6.0,9.849488557015992,3.8494885570159916,3.8494885570159916,25-50%
6.0,9.849488557015992,3.8494885570159916,3.8494885570159916,25-50%
6.0,9.567263434720335,3.567263434720335,3.567263434720335,25-50%
6.0,7.988476886452568,1.9884768864525677,1.9884768864525677,25-50%
6.0,8.54243363489602,2.5424336348960193,2.5424336348960193,25-50%
6.0,9.335383812139831,3.335383812139831,3.335383812139831,25-50%
6.0,9.643955498982255,3.6439554989822547,3.6439554989822547,25-50%
6.0,9.849488557015992,3.8494885570159916,3.8494885570159916,25-50%
6.0,9.735331796103601,3.735331796103601,3.735331796103601,25-50%
6.0,9.762379966933594,3.7623799669335938,3.7623799669335938,25-50%
6.0,9.735331796103601,3.735331796103601,3.735331796103601,25-50%
6.0,9.849488557015992,3.8494885570159916,3.8494885570159916,25-50%
6.0,9.381666199874246,3.381666199874246,3.381666199874246,25-50%
6.0,9.767799506995281,3.7677995069952814,3.7677995069952814,25-50%
6.0,8.624926408048818,2.624926408048818,2.624926408048818,25-50%
6.0,9.849488557015992,3.8494885570159916,3.8494885570159916,25-50%
6.0,9.735331796103601,3.735331796103601,3.735331796103601,25-50%
6.0,9.807550589011878,3.8075505890118784,3.8075505890118784,25-50%
6.0,9.809583223618194,3.809583223618194,3.809583223618194,25-50%
6.0,9.822221463602652,3.822221463602652,3.822221463602652,25-50%
6.0,9.807550589011878,3.8075505890118784,3.8075505890118784,25-50%
6.0,9.807550589011878,3.8075505890118784,3.8075505890118784,25-50%
6.0,9.809583223618194,3.809583223618194,3.809583223618194,25-50%
6.0,9.616156032206932,3.6161560322069324,3.6161560322069324,25-50%
6.0,8.094766372872453,2.094766372872453,2.094766372872453,25-50%
6.0,8.595791384328955,2.5957913843289546,2.5957913843289546,25-50%
6.0,8.745045140657401,2.7450451406574015,2.7450451406574015,25-50%
6.0,9.57228122751161,3.57228122751161,3.57228122751161,25-50%
6.0,9.413171750260032,3.413171750260032,3.413171750260032,25-50%
2.0,7.6508635778716165,5.6508635778716165,5.6508635778716165,0-25%
2.0,7.6508635778716165,5.6508635778716165,5.6508635778716165,0-25%
2.0,7.383351917171219,5.383351917171219,5.383351917171219,0-25%
2.0,7.983837385671332,5.983837385671332,5.983837385671332,0-25%
2.0,7.983837385671332,5.983837385671332,5.983837385671332,0-25%
2.0,7.7701127620629045,5.7701127620629045,5.7701127620629045,0-25%
2.0,7.6508635778716165,5.6508635778716165,5.6508635778716165,0-25%
2.0,7.6508635778716165,5.6508635778716165,5.6508635778716165,0-25%
2.0,7.6508635778716165,5.6508635778716165,5.6508635778716165,0-25%
2.0,7.383351917171219,5.383351917171219,5.383351917171219,0-25%
2.0,7.355826136141145,5.355826136141145,5.355826136141145,0-25%
2.0,7.6508635778716165,5.6508635778716165,5.6508635778716165,0-25%
2.0,7.6508635778716165,5.6508635778716165,5.6508635778716165,0-25%
2.0,7.383351917171219,5.383351917171219,5.383351917171219,0-25%
2.0,7.355826136141145,5.355826136141145,5.355826136141145,0-25%
2.0,7.6508635778716165,5.6508635778716165,5.6508635778716165,0-25%
2.0,7.383351917171219,5.383351917171219,5.383351917171219,0-25%
2.0,7.6508635778716165,5.6508635778716165,5.6508635778716165,0-25%
2.0,7.7701127620629045,5.7701127620629045,5.7701127620629045,0-25%
41.0,8.39003238126784,-32.609967618732156,32.609967618732156,75-100%
41.0,8.39003238126784,-32.609967618732156,32.609967618732156,75-100%
41.0,8.39003238126784,-32.609967618732156,32.609967618732156,75-100%
8.0,8.303368113851603,0.30336811385160267,0.30336811385160267,25-50%
8.0,8.303368113851603,0.30336811385160267,0.30336811385160267,25-50%
24.5,8.252746809350151,-16.24725319064985,16.24725319064985,75-100%
41.0,8.39003238126784,-32.609967618732156,32.609967618732156,75-100%
41.0,9.003966479326643,-31.996033520673357,31.996033520673357,75-100%
41.0,8.507219644938576,-32.49278035506143,32.49278035506143,75-100%
8.0,8.832583342404693,0.8325833424046927,0.8325833424046927,25-50%
8.0,8.309910419402144,0.3099104194021436,0.3099104194021436,25-50%
18.666666666666668,8.259253517035772,-10.407413149630896,10.407413149630896,75-100%
24.0,9.330355793635283,-14.669644206364717,14.669644206364717,75-100%
24.0,9.330355793635283,-14.669644206364717,14.669644206364717,75-100%
41.0,8.424700389325329,-32.57529961067467,32.57529961067467,75-100%
8.0,7.818093600379136,-0.18190639962086408,0.18190639962086408,25-50%
8.0,8.426097763893718,0.42609776389371845,0.42609776389371845,25-50%
8.0,8.918606026005811,0.9186060260058113,0.9186060260058113,25-50%
18.666666666666668,9.288206842954256,-9.378459823712411,9.378459823712411,75-100%
18.666666666666668,8.779082482359104,-9.887584184307563,9.887584184307563,75-100%
18.666666666666668,9.330355793635283,-9.336310873031385,9.336310873031385,75-100%
24.0,9.368495476583014,-14.631504523416986,14.631504523416986,75-100%
41.0,8.529384499965559,-32.47061550003444,32.47061550003444,75-100%
8.0,8.309910419402144,0.3099104194021436,0.3099104194021436,25-50%
8.0,8.832583342404693,0.8325833424046927,0.8325833424046927,25-50%
8.0,9.304393392279882,1.3043933922798825,1.3043933922798825,25-50%
8.0,9.478855288033596,1.4788552880335963,1.4788552880335963,25-50%
7.5,9.330355793635283,1.8303557936352828,1.8303557936352828,25-50%
18.666666666666668,9.330355793635283,-9.336310873031385,9.336310873031385,75-100%
18.666666666666668,9.304393392279882,-9.362273274386785,9.362273274386785,75-100%
18.666666666666668,9.478855288033596,-9.187811378633072,9.187811378633072,75-100%
24.0,9.544042673598387,-14.455957326401613,14.455957326401613,75-100%
24.0,9.544042673598387,-14.455957326401613,14.455957326401613,75-100%
24.0,9.544042673598387,-14.455957326401613,14.455957326401613,75-100%
41.0,9.544042673598387,-31.455957326401613,31.455957326401613,75-100%
8.0,8.309910419402144,0.3099104194021436,0.3099104194021436,25-50%
8.0,9.505257254299453,1.505257254299453,1.505257254299453,25-50%
8.0,9.478855288033596,1.4788552880335963,1.4788552880335963,25-50%
8.0,9.505257254299453,1.505257254299453,1.505257254299453,25-50%
7.5,9.505257254299453,2.005257254299453,2.005257254299453,25-50%
7.5,9.331920949265688,1.8319209492656885,1.8319209492656885,25-50%
18.666666666666668,9.506848909308136,-9.159817757358532,9.159817757358532,75-100%
18.666666666666668,9.506848909308136,-9.159817757358532,9.159817757358532,75-100%
24.0,9.503285386104555,-14.496714613895445,14.496714613895445,75-100%
24.0,9.503285386104555,-14.496714613895445,14.496714613895445,75-100%
24.0,9.503285386104555,-14.496714613895445,14.496714613895445,75-100%
8.0,9.478855288033596,1.4788552880335963,1.4788552880335963,25-50%
8.0,9.506848909308136,1.506848909308136,1.506848909308136,25-50%
8.0,9.533321406812782,1.5333214068127816,1.5333214068127816,25-50%
7.5,9.506848909308136,2.006848909308136,2.006848909308136,25-50%
7.5,9.533321406812782,2.0333214068127816,2.0333214068127816,25-50%
7.5,9.506848909308136,2.006848909308136,2.006848909308136,25-50%
7.0,9.506848909308136,2.506848909308136,2.506848909308136,25-50%
7.0,9.592171591336399,2.592171591336399,2.592171591336399,25-50%
7.0,9.529748905145729,2.5297489051457287,2.5297489051457287,25-50%
7.0,9.529748905145729,2.5297489051457287,2.5297489051457287,25-50%
8.0,9.506848909308136,1.506848909308136,1.506848909308136,25-50%
8.0,9.533321406812782,1.5333214068127816,1.5333214068127816,25-50%
7.0,9.533321406812782,2.5333214068127816,2.5333214068127816,25-50%
7.0,9.533321406812782,2.5333214068127816,2.5333214068127816,25-50%
7.0,9.533321406812782,2.5333214068127816,2.5333214068127816,25-50%
7.0,9.592171591336399,2.592171591336399,2.592171591336399,25-50%
7.0,9.529748905145729,2.5297489051457287,2.5297489051457287,25-50%
8.5,8.020885308313916,-0.47911469168608356,0.47911469168608356,50-75%
8.5,8.660403244627675,0.16040324462767508,0.16040324462767508,50-75%
8.5,8.636124577822551,0.13612457782255127,0.13612457782255127,50-75%
8.5,8.636124577822551,0.13612457782255127,0.13612457782255127,50-75%
8.5,8.108539097118374,-0.3914609028816258,0.3914609028816258,50-75%
8.5,8.49956771274208,-0.00043228725792054945,0.00043228725792054945,50-75%
8.5,8.660403244627675,0.16040324462767508,0.16040324462767508,50-75%
8.5,8.71481789463875,0.21481789463875067,0.21481789463875067,50-75%
8.5,8.636124577822551,0.13612457782255127,0.13612457782255127,50-75%
8.5,8.636124577822551,0.13612457782255127,0.13612457782255127,50-75%
8.5,8.1248725197469,-0.3751274802531004,0.3751274802531004,50-75%
8.5,8.94255494443663,0.4425549444366297,0.4425549444366297,50-75%
8.5,8.94255494443663,0.4425549444366297,0.4425549444366297,50-75%
8.5,8.690402472138913,0.19040247213891348,0.19040247213891348,50-75%
8.5,8.8703200876257,0.3703200876257,0.3703200876257,50-75%
8.5,8.94255494443663,0.4425549444366297,0.4425549444366297,50-75%
8.5,8.690402472138913,0.19040247213891348,0.19040247213891348,50-75%
8.5,8.690402472138913,0.19040247213891348,0.19040247213891348,50-75%
8.5,8.9605543415345,0.46055434153450037,0.46055434153450037,50-75%
8.5,8.94255494443663,0.4425549444366297,0.4425549444366297,50-75%
8.5,8.94255494443663,0.4425549444366297,0.4425549444366297,50-75%
8.5,8.94255494443663,0.4425549444366297,0.4425549444366297,50-75%
8.5,8.71481789463875,0.21481789463875067,0.21481789463875067,50-75%
8.5,8.71481789463875,0.21481789463875067,0.21481789463875067,50-75%
8.5,8.636124577822551,0.13612457782255127,0.13612457782255127,50-75%
8.5,8.636124577822551,0.13612457782255127,0.13612457782255127,50-75%
8.5,9.194052003013507,0.6940520030135069,0.6940520030135069,50-75%
8.5,8.71481789463875,0.21481789463875067,0.21481789463875067,50-75%
8.5,8.71481789463875,0.21481789463875067,0.21481789463875067,50-75%
8.5,8.660403244627675,0.16040324462767508,0.16040324462767508,50-75%
8.5,8.660403244627675,0.16040324462767508,0.16040324462767508,50-75%
8.5,8.636124577822551,0.13612457782255127,0.13612457782255127,50-75%
8.5,8.636124577822551,0.13612457782255127,0.13612457782255127,50-75%
8.5,8.71481789463875,0.21481789463875067,0.21481789463875067,50-75%
8.5,8.660403244627675,0.16040324462767508,0.16040324462767508,50-75%
8.5,8.660403244627675,0.16040324462767508,0.16040324462767508,50-75%
8.5,8.660403244627675,0.16040324462767508,0.16040324462767508,50-75%
8.5,8.636124577822551,0.13612457782255127,0.13612457782255127,50-75%
8.5,8.660403244627675,0.16040324462767508,0.16040324462767508,50-75%
4.0,7.779695609543426,3.7796956095434258,3.7796956095434258,0-25%
4.0,8.273310436227474,4.273310436227474,4.273310436227474,0-25%
4.0,8.28589863309324,4.28589863309324,4.28589863309324,0-25%
3.5,7.993970456131534,4.493970456131534,4.493970456131534,0-25%
3.5,7.301996649758213,3.8019966497582134,3.8019966497582134,0-25%
4.0,8.28454984508829,4.284549845088289,4.284549845088289,0-25%
3.5,7.4170155841806915,3.9170155841806915,3.9170155841806915,0-25%
3.5,7.276866185476361,3.7768661854763614,3.7768661854763614,0-25%
3.5,6.825142458926714,3.325142458926714,3.325142458926714,0-25%
3.5,6.718742247239114,3.2187422472391143,3.2187422472391143,0-25%
3.5,7.276866185476361,3.7768661854763614,3.7768661854763614,0-25%
3.5,7.405605266947819,3.905605266947819,3.905605266947819,0-25%
3.5,6.903467449270112,3.403467449270112,3.403467449270112,0-25%
3.5,6.718742247239114,3.2187422472391143,3.2187422472391143,0-25%
3.5,7.105401027842868,3.605401027842868,3.605401027842868,0-25%
3.5,7.105401027842868,3.605401027842868,3.605401027842868,0-25%
3.0,7.733367078153684,4.733367078153684,4.733367078153684,0-25%
3.0,8.160719054819944,5.160719054819944,5.160719054819944,0-25%
3.0,6.718742247239114,3.7187422472391143,3.7187422472391143,0-25%
3.0,6.718742247239114,3.7187422472391143,3.7187422472391143,0-25%
3.0,6.718742247239114,3.7187422472391143,3.7187422472391143,0-25%
3.0,6.825142458926714,3.825142458926714,3.825142458926714,0-25%
3.0,6.718742247239114,3.7187422472391143,3.7187422472391143,0-25%
3.0,6.718742247239114,3.7187422472391143,3.7187422472391143,0-25%
3.0,7.719648359194911,4.719648359194911,4.719648359194911,0-25%
3.0,6.718742247239114,3.7187422472391143,3.7187422472391143,0-25%
3.0,6.718742247239114,3.7187422472391143,3.7187422472391143,0-25%
3.0,6.718742247239114,3.7187422472391143,3.7187422472391143,0-25%
3.0,6.825142458926714,3.825142458926714,3.825142458926714,0-25%
4.0,6.9678991144287155,2.9678991144287155,2.9678991144287155,0-25%
4.0,6.9678991144287155,2.9678991144287155,2.9678991144287155,0-25%
4.0,6.8988413490121125,2.8988413490121125,2.8988413490121125,0-25%
7.0,7.310578547272328,0.31057854727232836,0.31057854727232836,25-50%
5.5,7.805613597323544,2.3056135973235437,2.3056135973235437,25-50%
7.0,7.313436382451284,0.31343638245128425,0.31343638245128425,25-50%
7.0,7.162695434976817,0.1626954349768166,0.1626954349768166,25-50%
7.0,6.627377393350941,-0.3726226066490588,0.3726226066490588,25-50%
5.5,8.064831881065112,2.5648318810651123,2.5648318810651123,25-50%
7.0,7.41620810691686,0.4162081069168604,0.4162081069168604,25-50%
7.0,7.2993125187537045,0.29931251875370446,0.29931251875370446,25-50%
7.0,6.885194300012498,-0.11480569998750223,0.11480569998750223,25-50%
4.0,6.941880393756145,2.9418803937561453,2.9418803937561453,0-25%
5.5,7.951061619245934,2.451061619245934,2.451061619245934,25-50%
5.5,8.04205001292651,2.5420500129265093,2.5420500129265093,25-50%
5.5,8.04205001292651,2.5420500129265093,2.5420500129265093,25-50%
7.0,7.41620810691686,0.4162081069168604,0.4162081069168604,25-50%
7.0,7.395056369539433,0.3950563695394331,0.3950563695394331,25-50%
7.0,7.395056369539433,0.3950563695394331,0.3950563695394331,25-50%
7.0,7.41620810691686,0.4162081069168604,0.4162081069168604,25-50%
7.0,6.606249371921432,-0.39375062807856764,0.39375062807856764,25-50%
7.0,7.235216685266934,0.23521668526693418,0.23521668526693418,25-50%
7.0,7.41620810691686,0.4162081069168604,0.4162081069168604,25-50%
7.0,7.41620810691686,0.4162081069168604,0.4162081069168604,25-50%
7.0,7.4047988843204,0.40479888432039957,0.40479888432039957,25-50%
7.0,7.383675820768165,0.38367582076816475,0.38367582076816475,25-50%
7.0,7.4047988843204,0.40479888432039957,0.40479888432039957,25-50%
7.0,7.383675820768165,0.38367582076816475,0.38367582076816475,25-50%
7.0,6.8085394671020545,-0.1914605328979455,0.1914605328979455,25-50%
7.0,6.660921197417096,-0.3390788025829039,0.3390788025829039,25-50%
7.0,6.929563978483132,-0.07043602151686823,0.07043602151686823,25-50%
7.0,7.324721583624372,0.3247215836243722,0.3247215836243722,25-50%
7.0,7.41620810691686,0.4162081069168604,0.4162081069168604,25-50%
7.0,6.885194300012498,-0.11480569998750223,0.11480569998750223,25-50%
16.0,8.269692427688259,-7.730307572311741,7.730307572311741,75-100%
16.0,7.0738047516057545,-8.926195248394245,8.926195248394245,75-100%
16.0,7.5099565529759955,-8.490043447024004,8.490043447024004,75-100%
16.0,8.106950729181005,-7.893049270818995,7.893049270818995,75-100%
16.0,8.233861055324724,-7.766138944675276,7.766138944675276,75-100%
16.0,8.233861055324724,-7.766138944675276,7.766138944675276,75-100%
16.0,8.284008316316777,-7.715991683683223,7.715991683683223,75-100%
16.0,6.486624615165161,-9.513375384834838,9.513375384834838,75-100%
16.0,6.589825164991021,-9.410174835008979,9.410174835008979,75-100%
16.0,7.929699858055796,-8.070300141944205,8.070300141944205,75-100%
16.0,8.233861055324724,-7.766138944675276,7.766138944675276,75-100%
16.0,8.115057485200035,-7.884942514799965,7.884942514799965,75-100%
16.0,8.233861055324724,-7.766138944675276,7.766138944675276,75-100%
16.0,8.233861055324724,-7.766138944675276,7.766138944675276,75-100%
16.0,7.943749053355017,-8.056250946644983,8.056250946644983,75-100%
16.0,8.09147874805524,-7.9085212519447605,7.9085212519447605,75-100%
16.0,8.233861055324724,-7.766138944675276,7.766138944675276,75-100%
16.0,8.115057485200035,-7.884942514799965,7.884942514799965,75-100%
16.0,8.233861055324724,-7.766138944675276,7.766138944675276,75-100%
16.0,8.233861055324724,-7.766138944675276,7.766138944675276,75-100%
16.0,7.098318674796262,-8.901681325203738,8.901681325203738,75-100%
16.0,7.943749053355017,-8.056250946644983,8.056250946644983,75-100%
16.0,8.269692427688259,-7.730307572311741,7.730307572311741,75-100%
16.0,8.233861055324724,-7.766138944675276,7.766138944675276,75-100%
16.0,8.115057485200035,-7.884942514799965,7.884942514799965,75-100%
16.0,8.257126200360624,-7.742873799639376,7.742873799639376,75-100%
16.0,8.233861055324724,-7.766138944675276,7.766138944675276,75-100%
16.0,6.589825164991021,-9.410174835008979,9.410174835008979,75-100%
16.0,8.233861055324724,-7.766138944675276,7.766138944675276,75-100%
16.0,8.233861055324724,-7.766138944675276,7.766138944675276,75-100%
16.0,8.257126200360624,-7.742873799639376,7.742873799639376,75-100%
16.0,8.233861055324724,-7.766138944675276,7.766138944675276,75-100%
16.0,8.233861055324724,-7.766138944675276,7.766138944675276,75-100%
5.0,7.4242002333298105,2.4242002333298105,2.4242002333298105,0-25%
5.0,6.959443261409838,1.959443261409838,1.959443261409838,0-25%
5.0,6.988414192166842,1.9884141921668421,1.9884141921668421,0-25%
5.0,7.975188754285469,2.975188754285469,2.975188754285469,0-25%
5.0,7.900742374678424,2.9007423746784244,2.9007423746784244,0-25%
5.0,7.305202779592967,2.3052027795929666,2.3052027795929666,0-25%
5.0,7.9464280102248965,2.9464280102248965,2.9464280102248965,0-25%
5.0,7.743500527193218,2.743500527193218,2.743500527193218,0-25%
5.0,7.931929912461662,2.931929912461662,2.931929912461662,0-25%
5.0,7.449778037576344,2.449778037576344,2.449778037576344,0-25%
5.0,7.924682471035914,2.924682471035914,2.924682471035914,0-25%
7.0,7.85863779704395,0.8586377970439498,0.8586377970439498,25-50%
7.0,7.959481274168814,0.9594812741688141,0.9594812741688141,25-50%
7.0,7.743500527193218,0.743500527193218,0.743500527193218,25-50%
7.0,7.8944216497304005,0.8944216497304005,0.8944216497304005,25-50%
7.0,7.836374138894762,0.8363741388947616,0.8363741388947616,25-50%
7.0,7.795899666632446,0.7958996666324456,0.7958996666324456,25-50%
9.0,7.947168626160401,-1.0528313738395987,1.0528313738395987,50-75%
9.0,7.924682471035914,-1.075317528964086,1.075317528964086,50-75%
9.0,6.844368752747367,-2.155631247252633,2.155631247252633,50-75%
9.0,6.865686104391572,-2.134313895608428,2.134313895608428,50-75%
9.0,6.865686104391572,-2.134313895608428,2.134313895608428,50-75%
9.0,7.1233466464811706,-1.8766533535188294,1.8766533535188294,50-75%
9.0,6.880269719019869,-2.1197302809801313,2.1197302809801313,50-75%
9.0,7.034373954676803,-1.965626045323197,1.965626045323197,50-75%
9.0,7.034373954676803,-1.965626045323197,1.965626045323197,50-75%
9.0,6.901880184147164,-2.0981198158528356,2.0981198158528356,50-75%
9.0,7.1233466464811706,-1.8766533535188294,1.8766533535188294,50-75%
9.0,7.1438137984964465,-1.8561862015035535,1.8561862015035535,50-75%
9.0,7.034373954676803,-1.965626045323197,1.965626045323197,50-75%
9.0,7.034373954676803,-1.965626045323197,1.965626045323197,50-75%
9.0,6.865686104391572,-2.134313895608428,2.134313895608428,50-75%
9.0,7.034373954676803,-1.965626045323197,1.965626045323197,50-75%
9.0,6.932761299965589,-2.0672387000344106,2.0672387000344106,50-75%
9.0,9.930196230416236,0.9301962304162359,0.9301962304162359,50-75%
9.0,10.203057593895526,1.203057593895526,1.203057593895526,50-75%
9.0,10.008226638569212,1.0082266385692122,1.0082266385692122,50-75%
9.0,10.008226638569212,1.0082266385692122,1.0082266385692122,50-75%
9.0,10.174901905604559,1.1749019056045586,1.1749019056045586,50-75%
9.0,9.251885108880797,0.2518851088807974,0.2518851088807974,50-75%
9.0,10.174901905604559,1.1749019056045586,1.1749019056045586,50-75%
9.0,10.174901905604559,1.1749019056045586,1.1749019056045586,50-75%
9.0,10.174901905604559,1.1749019056045586,1.1749019056045586,50-75%
9.0,10.203057593895526,1.203057593895526,1.203057593895526,50-75%
9.0,10.174901905604559,1.1749019056045586,1.1749019056045586,50-75%
9.0,9.636572361588733,0.6365723615887333,0.6365723615887333,50-75%
9.0,8.807022326050172,-0.19297767394982834,0.19297767394982834,50-75%
9.0,9.946448372281207,0.9464483722812069,0.9464483722812069,50-75%
9.0,8.756986974361151,-0.24301302563884875,0.24301302563884875,50-75%
9.0,9.764874999047821,0.7648749990478212,0.7648749990478212,50-75%
9.0,8.727452198210065,-0.2725478017899352,0.2725478017899352,50-75%
9.0,8.247513174652264,-0.7524868253477361,0.7524868253477361,50-75%
20.0,8.713349086747447,-11.286650913252553,11.286650913252553,75-100%
20.0,8.306720147326784,-11.693279852673216,11.693279852673216,75-100%
20.0,9.715764814956412,-10.284235185043588,10.284235185043588,75-100%
20.0,9.925818199084262,-10.074181800915738,10.074181800915738,75-100%
20.0,9.925818199084262,-10.074181800915738,10.074181800915738,75-100%
20.0,9.465856585239095,-10.534143414760905,10.534143414760905,75-100%
20.0,9.252470972281596,-10.747529027718404,10.747529027718404,75-100%
20.0,8.306720147326784,-11.693279852673216,11.693279852673216,75-100%
20.0,8.834811567154427,-11.165188432845573,11.165188432845573,75-100%
20.0,9.63844069058079,-10.36155930941921,10.36155930941921,75-100%
20.0,9.925818199084262,-10.074181800915738,10.074181800915738,75-100%
20.0,8.30018008365976,-11.69981991634024,11.69981991634024,75-100%
20.0,8.779781123079822,-11.220218876920178,11.220218876920178,75-100%
20.0,9.465856585239095,-10.534143414760905,10.534143414760905,75-100%
20.0,9.611704005753857,-10.388295994246143,10.388295994246143,75-100%
20.0,9.611704005753857,-10.388295994246143,10.388295994246143,75-100%
20.0,9.709308392682168,-10.290691607317832,10.290691607317832,75-100%
20.0,7.667323013914548,-12.332676986085453,12.332676986085453,75-100%
20.0,7.786799085780425,-12.213200914219575,12.213200914219575,75-100%
20.0,9.262156987868817,-10.737843012131183,10.737843012131183,75-100%
20.0,9.611704005753857,-10.388295994246143,10.388295994246143,75-100%
20.0,9.67410774352395,-10.32589225647605,10.32589225647605,75-100%
20.0,9.611704005753857,-10.388295994246143,10.388295994246143,75-100%
20.0,9.278302552670054,-10.721697447329946,10.721697447329946,75-100%
20.0,9.448075931717721,-10.551924068282279,10.551924068282279,75-100%
20.0,9.611704005753857,-10.388295994246143,10.388295994246143,75-100%
20.0,9.67410774352395,-10.32589225647605,10.32589225647605,75-100%
20.0,8.306720147326784,-11.693279852673216,11.693279852673216,75-100%
20.0,9.278302552670054,-10.721697447329946,10.721697447329946,75-100%
20.0,9.63844069058079,-10.36155930941921,10.36155930941921,75-100%
20.0,9.611704005753857,-10.388295994246143,10.388295994246143,75-100%
18.0,9.381195356110812,-8.618804643889188,8.618804643889188,75-100%
18.0,9.92287208605109,-8.07712791394891,8.07712791394891,75-100%
18.0,9.92287208605109,-8.07712791394891,8.07712791394891,75-100%
18.0,9.976913319584881,-8.023086680415119,8.023086680415119,75-100%
18.0,9.895420564078682,-8.104579435921318,8.104579435921318,75-100%
18.0,9.895420564078682,-8.104579435921318,8.104579435921318,75-100%
18.0,9.535388696084837,-8.464611303915163,8.464611303915163,75-100%
18.0,9.561933100917813,-8.438066899082187,8.438066899082187,75-100%
18.0,9.561933100917813,-8.438066899082187,8.438066899082187,75-100%
18.0,9.92287208605109,-8.07712791394891,8.07712791394891,75-100%
18.0,9.92287208605109,-8.07712791394891,8.07712791394891,75-100%
18.0,9.926291427185802,-8.073708572814198,8.073708572814198,75-100%
18.0,9.926291427185802,-8.073708572814198,8.073708572814198,75-100%
18.0,9.895420564078682,-8.104579435921318,8.104579435921318,75-100%
18.0,9.561933100917813,-8.438066899082187,8.438066899082187,75-100%
18.0,9.535388696084837,-8.464611303915163,8.464611303915163,75-100%
18.0,9.535388696084837,-8.464611303915163,8.464611303915163,75-100%
18.0,9.895420564078682,-8.104579435921318,8.104579435921318,75-100%
18.0,9.895420564078682,-8.104579435921318,8.104579435921318,75-100%
18.0,9.926291427185802,-8.073708572814198,8.073708572814198,75-100%
18.0,9.953820729742437,-8.046179270257563,8.046179270257563,75-100%
18.0,9.535388696084837,-8.464611303915163,8.464611303915163,75-100%
18.0,9.535388696084837,-8.464611303915163,8.464611303915163,75-100%
18.0,9.535388696084837,-8.464611303915163,8.464611303915163,75-100%
18.0,9.976913319584881,-8.023086680415119,8.023086680415119,75-100%
18.0,9.953820729742437,-8.046179270257563,8.046179270257563,75-100%
18.0,9.714751713861016,-8.285248286138984,8.285248286138984,75-100%
18.0,9.953820729742437,-8.046179270257563,8.046179270257563,75-100%
18.0,9.953820729742437,-8.046179270257563,8.046179270257563,75-100%
9.0,9.326969865018716,0.3269698650187163,0.3269698650187163,50-75%
9.0,9.357522728839886,0.3575227288398857,0.3575227288398857,50-75%
13.5,9.561933100917813,-3.9380668990821874,3.9380668990821874,50-75%
13.5,9.535388696084837,-3.964611303915163,3.964611303915163,50-75%
13.5,9.561933100917813,-3.9380668990821874,3.9380668990821874,50-75%
13.5,9.953820729742437,-3.5461792702575625,3.5461792702575625,50-75%
18.0,9.714751713861016,-8.285248286138984,8.285248286138984,75-100%
18.0,9.953820729742437,-8.046179270257563,8.046179270257563,75-100%
9.0,9.312970365904608,0.3129703659046079,0.3129703659046079,50-75%
9.0,8.855847303386202,-0.14415269661379781,0.14415269661379781,50-75%
9.0,8.855847303386202,-0.14415269661379781,0.14415269661379781,50-75%
13.5,9.025098181180962,-4.474901818819038,4.474901818819038,50-75%
13.5,9.050356885182124,-4.449643114817876,4.449643114817876,50-75%
13.5,8.820150601260314,-4.679849398739686,4.679849398739686,50-75%
9.0,9.312970365904608,0.3129703659046079,0.3129703659046079,50-75%
9.0,8.831077443712472,-0.16892255628752828,0.16892255628752828,50-75%
9.0,8.657336186802778,-0.3426638131972215,0.3426638131972215,50-75%
9.0,8.657336186802778,-0.3426638131972215,0.3426638131972215,50-75%
9.0,8.855847303386202,-0.14415269661379781,0.14415269661379781,50-75%
9.0,8.831077443712472,-0.16892255628752828,0.16892255628752828,50-75%
9.0,8.855847303386202,-0.14415269661379781,0.14415269661379781,50-75%
9.0,8.855847303386202,-0.14415269661379781,0.14415269661379781,50-75%
9.0,8.500411734133408,-0.499588265866592,0.499588265866592,50-75%
9.0,8.630096316776118,-0.3699036832238818,0.3699036832238818,50-75%
9.0,8.831077443712472,-0.16892255628752828,0.16892255628752828,50-75%
9.0,8.831077443712472,-0.16892255628752828,0.16892255628752828,50-75%
9.0,8.723385136830835,-0.27661486316916495,0.27661486316916495,50-75%
9.0,8.855847303386202,-0.14415269661379781,0.14415269661379781,50-75%
9.0,8.671590940519362,-0.3284090594806379,0.3284090594806379,50-75%
9.0,8.565387438378977,-0.434612561621023,0.434612561621023,50-75%
9.0,8.199665577240411,-0.8003344227595885,0.8003344227595885,50-75%
9.0,8.633065228172265,-0.3669347718277347,0.3669347718277347,50-75%
9.0,8.855847303386202,-0.14415269661379781,0.14415269661379781,50-75%
9.0,8.855847303386202,-0.14415269661379781,0.14415269661379781,50-75%
5.0,9.632961259736609,4.632961259736609,4.632961259736609,0-25%
5.0,9.4347367688484,4.434736768848399,4.434736768848399,0-25%
5.0,8.620927962480177,3.6209279624801773,3.6209279624801773,0-25%
5.0,9.424303332338098,4.4243033323380985,4.4243033323380985,0-25%
5.0,9.749332880453094,4.749332880453094,4.749332880453094,0-25%
5.0,9.7764163276703,4.776416327670301,4.776416327670301,0-25%
9.0,8.550361748879773,-0.44963825112022704,0.44963825112022704,50-75%
9.0,8.500411734133408,-0.499588265866592,0.499588265866592,50-75%
9.0,8.657336186802778,-0.3426638131972215,0.3426638131972215,50-75%
7.333333333333332,8.657336186802778,1.3240028534694464,1.3240028534694464,25-50%
9.0,8.630096316776118,-0.3699036832238818,0.3699036832238818,50-75%
5.0,9.24281911355089,4.24281911355089,4.24281911355089,0-25%
5.0,8.255707410517239,3.255707410517239,3.255707410517239,0-25%
5.0,9.376761293375138,4.376761293375138,4.376761293375138,0-25%
5.0,9.7764163276703,4.776416327670301,4.776416327670301,0-25%
5.0,9.4347367688484,4.434736768848399,4.434736768848399,0-25%
5.0,9.4347367688484,4.434736768848399,4.434736768848399,0-25%
6.5,7.382613687374949,0.882613687374949,0.882613687374949,25-50%
6.5,7.754665559366753,1.254665559366753,1.254665559366753,25-50%
6.5,8.657336186802778,2.1573361868027785,2.1573361868027785,25-50%
6.5,8.855847303386202,2.355847303386202,2.355847303386202,25-50%
3.0,9.592788407044267,6.592788407044267,6.592788407044267,0-25%
3.0,9.431113865898048,6.431113865898048,6.431113865898048,0-25%
5.0,9.113540101009328,4.1135401010093275,4.1135401010093275,0-25%
5.0,9.4347367688484,4.434736768848399,4.434736768848399,0-25%
6.5,7.11499601071086,0.6149960107108603,0.6149960107108603,25-50%
6.5,7.11499601071086,0.6149960107108603,0.6149960107108603,25-50%
6.5,8.500411734133408,2.000411734133408,2.000411734133408,25-50%
6.5,8.855847303386202,2.355847303386202,2.355847303386202,25-50%
4.0,8.855847303386202,4.855847303386202,4.855847303386202,0-25%
3.0,9.619477433135076,6.619477433135076,6.619477433135076,0-25%
3.0,9.619477433135076,6.619477433135076,6.619477433135076,0-25%
3.0,9.236102818910751,6.2361028189107515,6.2361028189107515,0-25%
3.0,9.091674792861035,6.091674792861035,6.091674792861035,0-25%
5.0,8.231243597670968,3.231243597670968,3.231243597670968,0-25%
6.5,7.86392346813619,1.36392346813619,1.36392346813619,25-50%
6.5,8.500411734133408,2.000411734133408,2.000411734133408,25-50%
4.0,8.855847303386202,4.855847303386202,4.855847303386202,0-25%
4.0,8.855847303386202,4.855847303386202,4.855847303386202,0-25%
3.0,9.619477433135076,6.619477433135076,6.619477433135076,0-25%
3.0,9.40489823788094,6.404898237880939,6.404898237880939,0-25%
3.0,9.275823322550378,6.275823322550378,6.275823322550378,0-25%
3.0,9.236102818910751,6.2361028189107515,6.2361028189107515,0-25%
5.0,7.96143756172223,2.9614375617222297,2.9614375617222297,0-25%
6.5,9.232788090980883,2.7327880909808826,2.7327880909808826,25-50%
4.0,8.855847303386202,4.855847303386202,4.855847303386202,0-25%
4.0,8.855847303386202,4.855847303386202,4.855847303386202,0-25%
3.0,8.907617469911385,5.907617469911385,5.907617469911385,0-25%
3.0,9.452786943569775,6.452786943569775,6.452786943569775,0-25%
3.0,9.315095450834095,6.315095450834095,6.315095450834095,0-25%
3.0,9.419022525888705,6.419022525888705,6.419022525888705,0-25%
3.0,9.431113865898048,6.431113865898048,6.431113865898048,0-25%
3.0,9.40489823788094,6.404898237880939,6.404898237880939,0-25%
3.0,9.431113865898048,6.431113865898048,6.431113865898048,0-25%
5.0,7.903418033694483,2.903418033694483,2.903418033694483,0-25%
5.0,7.903418033694483,2.903418033694483,2.903418033694483,0-25%
5.0,7.903418033694483,2.903418033694483,2.903418033694483,0-25%
5.0,7.903418033694483,2.903418033694483,2.903418033694483,0-25%
4.0,9.302772701249756,5.302772701249756,5.302772701249756,0-25%
4.0,9.245530419122327,5.245530419122327,5.245530419122327,0-25%
4.0,8.552328628375992,4.552328628375992,4.552328628375992,0-25%
4.0,8.499255819126002,4.499255819126002,4.499255819126002,0-25%
3.0,9.50303729495742,6.503037294957419,6.503037294957419,0-25%
3.0,9.517294803326912,6.517294803326912,6.517294803326912,0-25%
3.0,9.311810939819079,6.311810939819079,6.311810939819079,0-25%
3.0,9.40489823788094,6.404898237880939,6.404898237880939,0-25%
3.0,9.431113865898048,6.431113865898048,6.431113865898048,0-25%
3.0,9.452786943569775,6.452786943569775,6.452786943569775,0-25%
3.0,9.452786943569775,6.452786943569775,6.452786943569775,0-25%
3.0,9.517294803326912,6.517294803326912,6.517294803326912,0-25%
3.0,9.311810939819079,6.311810939819079,6.311810939819079,0-25%
3.0,9.311810939819079,6.311810939819079,6.311810939819079,0-25%
3.0,9.431113865898048,6.431113865898048,6.431113865898048,0-25%
3.0,9.517294803326912,6.517294803326912,6.517294803326912,0-25%
3.0,9.337792030032615,6.337792030032615,6.337792030032615,0-25%
3.0,8.037351463720679,5.037351463720679,5.037351463720679,0-25%
2.0,10.312129159646078,8.312129159646078,8.312129159646078,0-25%
2.0,10.175721748209309,8.175721748209309,8.175721748209309,0-25%
2.0,10.312129159646078,8.312129159646078,8.312129159646078,0-25%
3.0,9.836084237561113,6.8360842375611135,6.8360842375611135,0-25%
3.0,9.536602788591852,6.536602788591852,6.536602788591852,0-25%
3.0,9.992723543708516,6.992723543708516,6.992723543708516,0-25%
2.0,10.312129159646078,8.312129159646078,8.312129159646078,0-25%
2.0,10.368096254093839,8.368096254093839,8.368096254093839,0-25%
2.0,10.283699351099909,8.283699351099909,8.283699351099909,0-25%
4.0,9.584830436000813,5.5848304360008125,5.5848304360008125,0-25%
3.0,9.536602788591852,6.536602788591852,6.536602788591852,0-25%
3.0,9.693104416797532,6.6931044167975315,6.6931044167975315,0-25%
3.0,9.720046193769296,6.720046193769296,6.720046193769296,0-25%
3.0,9.720046193769296,6.720046193769296,6.720046193769296,0-25%
3.0,9.992723543708516,6.992723543708516,6.992723543708516,0-25%
3.0,9.992723543708516,6.992723543708516,6.992723543708516,0-25%
2.0,10.155226684099151,8.155226684099151,8.155226684099151,0-25%
2.0,10.155226684099151,8.155226684099151,8.155226684099151,0-25%
4.0,9.376556498791413,5.3765564987914125,5.3765564987914125,0-25%
3.0,9.693104416797532,6.6931044167975315,6.6931044167975315,0-25%
3.0,9.720046193769296,6.720046193769296,6.720046193769296,0-25%
3.0,9.693104416797532,6.6931044167975315,6.6931044167975315,0-25%
3.0,9.693104416797532,6.6931044167975315,6.6931044167975315,0-25%
3.0,9.965096470030515,6.965096470030515,6.965096470030515,0-25%
3.0,9.965096470030515,6.965096470030515,6.965096470030515,0-25%
2.0,10.155226684099151,8.155226684099151,8.155226684099151,0-25%
4.0,9.376556498791413,5.3765564987914125,5.3765564987914125,0-25%
4.0,9.376556498791413,5.3765564987914125,5.3765564987914125,0-25%
3.0,9.622866468817879,6.622866468817879,6.622866468817879,0-25%
3.0,9.693104416797532,6.6931044167975315,6.6931044167975315,0-25%
3.0,9.693104416797532,6.6931044167975315,6.6931044167975315,0-25%
3.0,9.693104416797532,6.6931044167975315,6.6931044167975315,0-25%
3.0,10.047110369400322,7.047110369400322,7.047110369400322,0-25%
3.0,10.023870103099814,7.023870103099814,7.023870103099814,0-25%
2.0,9.939254643580814,7.939254643580814,7.939254643580814,0-25%
3.0,9.593862996027898,6.593862996027898,6.593862996027898,0-25%
3.0,9.567238344515271,6.567238344515271,6.567238344515271,0-25%
4.0,9.350477985147709,5.350477985147709,5.350477985147709,0-25%
4.0,9.44059391340626,5.440593913406261,5.440593913406261,0-25%
3.0,9.720046193769296,6.720046193769296,6.720046193769296,0-25%
3.0,9.720046193769296,6.720046193769296,6.720046193769296,0-25%
3.0,9.693104416797532,6.6931044167975315,6.6931044167975315,0-25%
3.0,9.720046193769296,6.720046193769296,6.720046193769296,0-25%
3.0,10.023870103099814,7.023870103099814,7.023870103099814,0-25%
5.5,9.593862996027898,4.093862996027898,4.093862996027898,25-50%
5.5,9.567238344515271,4.067238344515271,4.067238344515271,25-50%
3.0,9.567238344515271,6.567238344515271,6.567238344515271,0-25%
3.0,9.0912933770604,6.091293377060399,6.091293377060399,0-25%
4.0,9.009478227851872,5.009478227851872,5.009478227851872,0-25%
4.0,9.009478227851872,5.009478227851872,5.009478227851872,0-25%
4.0,8.984322260690533,4.984322260690533,4.984322260690533,0-25%
4.0,9.009478227851872,5.009478227851872,5.009478227851872,0-25%
5.5,9.567238344515271,4.067238344515271,4.067238344515271,25-50%
5.5,9.593862996027898,4.093862996027898,4.093862996027898,25-50%
5.5,9.593862996027898,4.093862996027898,4.093862996027898,25-50%
5.5,9.492837262201409,3.9928372622014088,3.9928372622014088,25-50%
5.5,9.544578980900162,4.044578980900162,4.044578980900162,25-50%
5.5,9.567238344515271,4.067238344515271,4.067238344515271,25-50%
5.5,8.839295594898607,3.3392955948986067,3.3392955948986067,25-50%
2.0,8.864086160588826,6.864086160588826,6.864086160588826,0-25%
2.0,8.731513264144752,6.731513264144752,6.731513264144752,0-25%
2.0,8.70406416727679,6.70406416727679,6.70406416727679,0-25%
2.0,9.426440382685055,7.426440382685055,7.426440382685055,0-25%
3.0,9.593862996027898,6.593862996027898,6.593862996027898,0-25%
5.5,9.593862996027898,4.093862996027898,4.093862996027898,25-50%
5.5,9.554872747935509,4.054872747935509,4.054872747935509,25-50%
5.5,9.567238344515271,4.067238344515271,4.067238344515271,25-50%
5.5,9.567238344515271,4.067238344515271,4.067238344515271,25-50%
5.5,9.593862996027898,4.093862996027898,4.093862996027898,25-50%
5.5,9.401589010228491,3.9015890102284914,3.9015890102284914,25-50%
4.333333333333333,9.401589010228491,5.068255676895158,5.068255676895158,0-25%
5.0,8.864086160588826,3.864086160588826,3.864086160588826,0-25%
2.0,8.731513264144752,6.731513264144752,6.731513264144752,0-25%
2.0,8.549323522251077,6.549323522251077,6.549323522251077,0-25%
2.0,8.847097584378389,6.847097584378389,6.847097584378389,0-25%
2.0,9.009478227851872,7.009478227851872,7.009478227851872,0-25%
2.0,9.009478227851872,7.009478227851872,7.009478227851872,0-25%
5.5,8.88697691816719,3.386976918167189,3.386976918167189,25-50%
5.5,9.593862996027898,4.093862996027898,4.093862996027898,25-50%
5.5,9.567238344515271,4.067238344515271,4.067238344515271,25-50%
4.333333333333333,9.244932616063199,4.911599282729866,4.911599282729866,0-25%
4.333333333333333,8.63706542602745,4.3037320926941165,4.3037320926941165,0-25%
5.0,8.731513264144752,3.731513264144752,3.731513264144752,0-25%
2.0,8.67063206089168,6.6706320608916805,6.6706320608916805,0-25%
2.0,8.830368152925457,6.830368152925457,6.830368152925457,0-25%
2.0,9.009478227851872,7.009478227851872,7.009478227851872,0-25%
2.0,8.822349714626512,6.822349714626512,6.822349714626512,0-25%
8.0,9.257971515535608,1.2579715155356084,1.2579715155356084,25-50%
5.5,8.45794869371041,2.95794869371041,2.95794869371041,25-50%
5.5,9.247714822252139,3.7477148222521386,3.7477148222521386,25-50%
5.5,9.567238344515271,4.067238344515271,4.067238344515271,25-50%
5.5,9.593862996027898,4.093862996027898,4.093862996027898,25-50%
2.0,8.396899678411803,6.396899678411803,6.396899678411803,0-25%
2.0,8.65544104897041,6.65544104897041,6.65544104897041,0-25%
2.0,8.67063206089168,6.6706320608916805,6.6706320608916805,0-25%
2.0,8.830368152925457,6.830368152925457,6.830368152925457,0-25%
8.0,9.200978149130835,1.200978149130835,1.200978149130835,25-50%
8.0,9.593862996027898,1.593862996027898,1.593862996027898,25-50%
8.0,9.328128361576104,1.3281283615761037,1.3281283615761037,25-50%
8.0,9.328128361576104,1.3281283615761037,1.3281283615761037,25-50%
5.0,9.160304040366892,4.160304040366892,4.160304040366892,0-25%
2.0,8.112641458873465,6.112641458873465,6.112641458873465,0-25%
2.0,7.474844662741182,5.474844662741182,5.474844662741182,0-25%
8.0,9.328128361576104,1.3281283615761037,1.3281283615761037,25-50%
2.0,7.474844662741182,5.474844662741182,5.474844662741182,0-25%
2.0,7.204282482099635,5.204282482099635,5.204282482099635,0-25%
2.0,7.204282482099635,5.204282482099635,5.204282482099635,0-25%
11.0,8.40034766481848,-2.5996523351815206,2.5996523351815206,50-75%
11.0,8.422273419251585,-2.577726580748415,2.577726580748415,50-75%
11.0,8.544201124807067,-2.455798875192933,2.455798875192933,50-75%
11.0,8.58123675078914,-2.41876324921086,2.41876324921086,50-75%
11.0,8.866530125642413,-2.133469874357587,2.133469874357587,50-75%
11.0,9.27574913501152,-1.7242508649884805,1.7242508649884805,50-75%
11.0,9.289698107597342,-1.7103018924026578,1.7103018924026578,50-75%
11.0,9.249923971909688,-1.7500760280903123,1.7500760280903123,50-75%
11.0,9.249923971909688,-1.7500760280903123,1.7500760280903123,50-75%
11.0,8.399192378644763,-2.600807621355237,2.600807621355237,50-75%
11.0,8.821337086776182,-2.1786629132238176,2.1786629132238176,50-75%
11.0,9.27574913501152,-1.7242508649884805,1.7242508649884805,50-75%
11.0,9.289698107597342,-1.7103018924026578,1.7103018924026578,50-75%
11.0,9.289698107597342,-1.7103018924026578,1.7103018924026578,50-75%
11.0,9.075438420167188,-1.9245615798328117,1.9245615798328117,50-75%
11.0,8.627034561041071,-2.3729654389589285,2.3729654389589285,50-75%
11.0,9.289698107597342,-1.7103018924026578,1.7103018924026578,50-75%
11.0,9.289698107597342,-1.7103018924026578,1.7103018924026578,50-75%
11.0,9.289698107597342,-1.7103018924026578,1.7103018924026578,50-75%
11.0,8.493028863472434,-2.506971136527566,2.506971136527566,50-75%
11.0,9.2492613655733,-1.7507386344266997,1.7507386344266997,50-75%
11.0,9.2492613655733,-1.7507386344266997,1.7507386344266997,50-75%
11.0,9.427226915082686,-1.5727730849173138,1.5727730849173138,50-75%
11.0,9.223502771921243,-1.7764972280787568,1.7764972280787568,50-75%
11.0,9.065860599885017,-1.934139400114983,1.934139400114983,50-75%
2.0,8.349124657275341,6.3491246572753415,6.3491246572753415,0-25%
2.0,8.729300198542424,6.729300198542424,6.729300198542424,0-25%
2.0,8.704848378904481,6.704848378904481,6.704848378904481,0-25%
2.0,9.195540088865886,7.1955400888658865,7.1955400888658865,0-25%
2.0,8.676960120008792,6.676960120008792,6.676960120008792,0-25%
2.0,7.638219846269519,5.638219846269519,5.638219846269519,0-25%
2.0,7.9593149148489735,5.9593149148489735,5.9593149148489735,0-25%
2.0,8.084773067896705,6.084773067896705,6.084773067896705,0-25%
2.0,7.972792937358415,5.972792937358415,5.972792937358415,0-25%
2.0,8.895722521371747,6.895722521371747,6.895722521371747,0-25%
2.0,8.123036919211152,6.1230369192111525,6.1230369192111525,0-25%
2.0,7.692586204526721,5.692586204526721,5.692586204526721,0-25%
2.0,7.638219846269519,5.638219846269519,5.638219846269519,0-25%
2.0,7.638219846269519,5.638219846269519,5.638219846269519,0-25%
2.0,7.638219846269519,5.638219846269519,5.638219846269519,0-25%
2.0,7.692586204526721,5.692586204526721,5.692586204526721,0-25%
2.0,7.638219846269519,5.638219846269519,5.638219846269519,0-25%
2.0,7.638219846269519,5.638219846269519,5.638219846269519,0-25%
2.0,7.641174691720997,5.641174691720997,5.641174691720997,0-25%
2.0,7.490119764029026,5.490119764029026,5.490119764029026,0-25%
2.0,7.986221778085448,5.986221778085448,5.986221778085448,0-25%
2.0,8.449037559148339,6.449037559148339,6.449037559148339,0-25%
2.0,8.623539998945882,6.623539998945882,6.623539998945882,0-25%
2.0,8.650761323649663,6.650761323649663,6.650761323649663,0-25%
2.0,8.493943707563561,6.493943707563561,6.493943707563561,0-25%
2.0,8.733412145123207,6.733412145123207,6.733412145123207,0-25%
2.0,8.757935932506804,6.757935932506804,6.757935932506804,0-25%
4.0,8.147121265567804,4.1471212655678045,4.1471212655678045,0-25%
4.0,8.823483003749422,4.823483003749422,4.823483003749422,0-25%
4.0,7.93962180630015,3.93962180630015,3.93962180630015,0-25%
4.0,7.86784719247164,3.8678471924716398,3.8678471924716398,0-25%
4.0,8.147121265567804,4.1471212655678045,4.1471212655678045,0-25%
4.0,8.823483003749422,4.823483003749422,4.823483003749422,0-25%
4.0,7.905066299714631,3.9050662997146306,3.9050662997146306,0-25%
4.0,7.905066299714631,3.9050662997146306,3.9050662997146306,0-25%
4.0,7.86784719247164,3.8678471924716398,3.8678471924716398,0-25%
4.0,7.86784719247164,3.8678471924716398,3.8678471924716398,0-25%
4.0,8.669286980315908,4.669286980315908,4.669286980315908,0-25%
4.0,8.541916302505586,4.5419163025055855,4.5419163025055855,0-25%
4.0,7.93962180630015,3.93962180630015,3.93962180630015,0-25%
4.0,7.93962180630015,3.93962180630015,3.93962180630015,0-25%
4.0,8.003541872752002,4.0035418727520025,4.0035418727520025,0-25%
4.0,8.715770762206034,4.715770762206034,4.715770762206034,0-25%
4.0,8.728959583598177,4.7289595835981775,4.7289595835981775,0-25%
4.0,7.93962180630015,3.93962180630015,3.93962180630015,0-25%
4.0,7.93962180630015,3.93962180630015,3.93962180630015,0-25%
4.0,8.059105926585731,4.059105926585731,4.059105926585731,0-25%
4.0,8.669286980315908,4.669286980315908,4.669286980315908,0-25%
4.0,8.669286980315908,4.669286980315908,4.669286980315908,0-25%
4.0,8.669286980315908,4.669286980315908,4.669286980315908,0-25%
4.0,8.728959583598177,4.7289595835981775,4.7289595835981775,0-25%
4.0,8.059105926585731,4.059105926585731,4.059105926585731,0-25%
4.0,8.059105926585731,4.059105926585731,4.059105926585731,0-25%
4.0,8.03633844899972,4.03633844899972,4.03633844899972,0-25%
4.0,8.669286980315908,4.669286980315908,4.669286980315908,0-25%
4.0,8.728959583598177,4.7289595835981775,4.7289595835981775,0-25%
4.0,7.945407529677985,3.9454075296779854,3.9454075296779854,0-25%
4.0,8.728959583598177,4.7289595835981775,4.7289595835981775,0-25%
4.0,8.059105926585731,4.059105926585731,4.059105926585731,0-25%
1.0,7.71234393195849,6.71234393195849,6.71234393195849,0-25%
1.0,7.809953838027614,6.809953838027614,6.809953838027614,0-25%
1.0,7.9638076695849485,6.9638076695849485,6.9638076695849485,0-25%
1.0,7.925250301859808,6.925250301859808,6.925250301859808,0-25%
1.0,7.787812533116668,6.787812533116668,6.787812533116668,0-25%
1.0,7.9028192321887065,6.9028192321887065,6.9028192321887065,0-25%
1.0,7.937366019180899,6.937366019180899,6.937366019180899,0-25%
4.0,7.817991184757879,3.8179911847578794,3.8179911847578794,0-25%
2.0,8.34688470968171,6.34688470968171,6.34688470968171,0-25%
1.0,7.88140883349557,6.88140883349557,6.88140883349557,0-25%
3.5,8.11374895950412,4.61374895950412,4.61374895950412,0-25%
3.0,8.07852037612412,5.0785203761241196,5.0785203761241196,0-25%
3.0,8.202183010908268,5.202183010908268,5.202183010908268,0-25%
3.0,8.202183010908268,5.202183010908268,5.202183010908268,0-25%
3.0,8.137473008868142,5.137473008868142,5.137473008868142,0-25%
4.0,9.165603218338628,5.165603218338628,5.165603218338628,0-25%
2.0,8.162864131230632,6.1628641312306325,6.1628641312306325,0-25%
1.0,7.809953838027614,6.809953838027614,6.809953838027614,0-25%
4.0,8.221877219302918,4.221877219302918,4.221877219302918,0-25%
4.666666666666667,8.182209778393041,3.515543111726374,3.515543111726374,0-25%
4.0,8.194674309279618,4.194674309279618,4.194674309279618,0-25%
4.0,8.225368341628856,4.225368341628856,4.225368341628856,0-25%
3.0,8.225368341628856,5.225368341628856,5.225368341628856,0-25%
3.0,8.214674654764337,5.2146746547643374,5.2146746547643374,0-25%
4.0,9.14005487556646,5.1400548755664595,5.1400548755664595,0-25%
2.0,8.768139265609397,6.768139265609397,6.768139265609397,0-25%
4.0,7.902805166478242,3.9028051664782417,3.9028051664782417,0-25%
4.666666666666667,8.123154023707443,3.4564873570407757,3.4564873570407757,0-25%
4.666666666666667,8.123154023707443,3.4564873570407757,3.4564873570407757,0-25%
4.0,8.194674309279618,4.194674309279618,4.194674309279618,0-25%
4.0,8.319919129356023,4.319919129356023,4.319919129356023,0-25%
4.0,7.708559654601444,3.7085596546014443,3.7085596546014443,0-25%
4.0,7.6707492264109565,3.6707492264109565,3.6707492264109565,0-25%
4.0,8.467351576429882,4.467351576429882,4.467351576429882,0-25%
4.0,8.821471825376754,4.821471825376754,4.821471825376754,0-25%
2.0,8.477936282144483,6.4779362821444835,6.4779362821444835,0-25%
7.0,8.133034673258598,1.1330346732585976,1.1330346732585976,25-50%
7.0,8.23186233660271,1.2318623366027097,1.2318623366027097,25-50%
4.0,8.184527363965783,4.184527363965783,4.184527363965783,0-25%
4.666666666666667,8.196995040894288,3.5303283742276212,3.5303283742276212,0-25%
4.0,8.173881018368322,4.173881018368322,4.173881018368322,0-25%
4.0,8.206112038486154,4.206112038486154,4.206112038486154,0-25%
4.0,7.6250923780225275,3.6250923780225275,3.6250923780225275,0-25%
4.0,8.122743979726343,4.1227439797263425,4.1227439797263425,0-25%
2.0,8.477936282144483,6.4779362821444835,6.4779362821444835,0-25%
7.0,8.23186233660271,1.2318623366027097,1.2318623366027097,25-50%
7.0,8.23186233660271,1.2318623366027097,1.2318623366027097,25-50%
7.0,8.317383564846878,1.3173835648468781,1.3173835648468781,25-50%
6.5,8.330031589454137,1.830031589454137,1.830031589454137,25-50%
6.5,8.330031589454137,1.830031589454137,1.830031589454137,25-50%
5.0,8.454733801791235,3.4547338017912352,3.4547338017912352,0-25%
5.0,8.171915311110766,3.171915311110766,3.171915311110766,0-25%
4.0,7.571148148860802,3.571148148860802,3.571148148860802,0-25%
4.0,7.70561923389141,3.70561923389141,3.70561923389141,0-25%
2.0,8.006488415757401,6.006488415757401,6.006488415757401,0-25%
7.0,8.330031589454137,1.330031589454137,1.330031589454137,25-50%
7.0,8.23186233660271,1.2318623366027097,1.2318623366027097,25-50%
7.0,8.255122445773257,1.2551224457732566,1.2551224457732566,25-50%
7.0,8.23186233660271,1.2318623366027097,1.2318623366027097,25-50%
7.0,8.330031589454137,1.330031589454137,1.330031589454137,25-50%
6.5,7.776416276113659,1.2764162761136593,1.2764162761136593,25-50%
5.0,7.4304680536430965,2.4304680536430965,2.4304680536430965,0-25%
2.0,7.46192183886881,5.46192183886881,5.46192183886881,0-25%
7.0,8.330031589454137,1.330031589454137,1.330031589454137,25-50%
7.0,8.23186233660271,1.2318623366027097,1.2318623366027097,25-50%
7.0,8.293966980120745,1.2939669801207447,1.2939669801207447,25-50%
9.0,7.8291658601976,-1.1708341398024,1.1708341398024,50-75%
9.0,7.1658358004109,-1.8341641995891003,1.8341641995891003,50-75%
9.0,7.018440090535301,-1.981559909464699,1.981559909464699,50-75%
9.0,7.728483364509485,-1.2715166354905154,1.2715166354905154,50-75%
9.0,7.706546812384827,-1.2934531876151727,1.2934531876151727,50-75%
9.0,7.706546812384827,-1.2934531876151727,1.2934531876151727,50-75%
9.0,7.53546179664977,-1.46453820335023,1.46453820335023,50-75%
9.0,7.96440708211129,-1.0355929178887102,1.0355929178887102,50-75%
9.0,7.337230190664016,-1.662769809335984,1.662769809335984,50-75%
9.0,7.999192856583413,-1.000807143416587,1.000807143416587,50-75%
9.0,7.999192856583413,-1.000807143416587,1.000807143416587,50-75%
9.0,7.706546812384827,-1.2934531876151727,1.2934531876151727,50-75%
9.0,7.706546812384827,-1.2934531876151727,1.2934531876151727,50-75%
9.0,7.96440708211129,-1.0355929178887102,1.0355929178887102,50-75%
9.0,7.96440708211129,-1.0355929178887102,1.0355929178887102,50-75%
9.0,7.986993325252331,-1.0130066747476691,1.0130066747476691,50-75%
9.0,7.397740898604201,-1.6022591013957994,1.6022591013957994,50-75%
9.0,7.96440708211129,-1.0355929178887102,1.0355929178887102,50-75%
9.0,7.96440708211129,-1.0355929178887102,1.0355929178887102,50-75%
9.0,7.96440708211129,-1.0355929178887102,1.0355929178887102,50-75%
9.0,7.889302207858927,-1.1106977921410728,1.1106977921410728,50-75%
9.0,7.986993325252331,-1.0130066747476691,1.0130066747476691,50-75%
9.0,8.185268325552123,-0.8147316744478772,0.8147316744478772,50-75%
9.0,8.185268325552123,-0.8147316744478772,0.8147316744478772,50-75%
9.0,7.984187605553574,-1.0158123944464261,1.0158123944464261,50-75%
9.0,7.96440708211129,-1.0355929178887102,1.0355929178887102,50-75%
9.0,7.986993325252331,-1.0130066747476691,1.0130066747476691,50-75%
9.0,8.185268325552123,-0.8147316744478772,0.8147316744478772,50-75%
9.0,8.185268325552123,-0.8147316744478772,0.8147316744478772,50-75%
9.0,8.162183774778764,-0.8378162252212356,0.8378162252212356,50-75%
9.0,8.162183774778764,-0.8378162252212356,0.8378162252212356,50-75%
9.0,8.162183774778764,-0.8378162252212356,0.8378162252212356,50-75%
9.0,8.185268325552123,-0.8147316744478772,0.8147316744478772,50-75%
9.0,8.185268325552123,-0.8147316744478772,0.8147316744478772,50-75%
9.0,8.162183774778764,-0.8378162252212356,0.8378162252212356,50-75%
9.0,7.934718164399781,-1.065281835600219,1.065281835600219,50-75%
9.0,8.130913418247852,-0.869086581752148,0.869086581752148,50-75%
5.0,6.517459425545999,1.517459425545999,1.517459425545999,0-25%
5.0,6.282866088021195,1.282866088021195,1.282866088021195,0-25%
5.0,6.282866088021195,1.282866088021195,1.282866088021195,0-25%
5.0,7.146813125155571,2.146813125155571,2.146813125155571,0-25%
5.0,7.316212449336719,2.316212449336719,2.316212449336719,0-25%
5.0,7.388940935325852,2.388940935325852,2.388940935325852,0-25%
5.0,7.316212449336719,2.316212449336719,2.316212449336719,0-25%
5.0,7.181301128482057,2.1813011284820574,2.1813011284820574,0-25%
5.0,7.181301128482057,2.1813011284820574,2.1813011284820574,0-25%
5.0,7.047728740942176,2.0477287409421763,2.0477287409421763,0-25%
5.0,7.047728740942176,2.0477287409421763,2.0477287409421763,0-25%
5.0,7.181301128482057,2.1813011284820574,2.1813011284820574,0-25%
5.0,7.388940935325852,2.388940935325852,2.388940935325852,0-25%
5.0,7.316212449336719,2.316212449336719,2.316212449336719,0-25%
5.0,7.316212449336719,2.316212449336719,2.316212449336719,0-25%
5.0,7.316212449336719,2.316212449336719,2.316212449336719,0-25%
5.0,7.316212449336719,2.316212449336719,2.316212449336719,0-25%
5.0,7.316212449336719,2.316212449336719,2.316212449336719,0-25%
5.0,6.994355926056672,1.994355926056672,1.994355926056672,0-25%
5.0,6.994355926056672,1.994355926056672,1.994355926056672,0-25%
5.0,6.994355926056672,1.994355926056672,1.994355926056672,0-25%
5.0,6.994355926056672,1.994355926056672,1.994355926056672,0-25%
5.0,6.8084252058955546,1.8084252058955546,1.8084252058955546,0-25%
5.0,7.033420987896734,2.0334209878967338,2.0334209878967338,0-25%
9.0,6.959808627147497,-2.0401913728525027,2.0401913728525027,50-75%
9.0,7.526954582139206,-1.473045417860794,1.473045417860794,50-75%
9.0,6.605531405812205,-2.394468594187795,2.394468594187795,50-75%
9.0,6.829433712908074,-2.1705662870919262,2.1705662870919262,50-75%
9.0,7.5801686913567785,-1.4198313086432215,1.4198313086432215,50-75%
9.0,7.668996474931619,-1.3310035250683807,1.3310035250683807,50-75%
9.0,7.937601226297203,-1.062398773702797,1.062398773702797,50-75%
9.0,6.373704901409407,-2.6262950985905933,2.6262950985905933,50-75%
9.0,6.959808627147497,-2.0401913728525027,2.0401913728525027,50-75%
9.0,7.493896109624481,-1.5061038903755186,1.5061038903755186,50-75%
9.0,7.7813070272195715,-1.2186929727804285,1.2186929727804285,50-75%
9.0,7.594941121788003,-1.4050588782119968,1.4050588782119968,50-75%
9.0,6.756150804722809,-2.243849195277191,2.243849195277191,50-75%
9.0,7.7813070272195715,-1.2186929727804285,1.2186929727804285,50-75%
9.0,7.7813070272195715,-1.2186929727804285,1.2186929727804285,50-75%
9.0,7.541635394123912,-1.4583646058760884,1.4583646058760884,50-75%
7.25,8.122770340412746,0.872770340412746,0.872770340412746,25-50%
4.0,7.655470835260035,3.6554708352600347,3.6554708352600347,0-25%
6.5,6.837256577848125,0.3372565778481249,0.3372565778481249,25-50%
9.0,7.908235231924678,-1.091764768075322,1.091764768075322,50-75%
9.0,8.467537812223505,-0.5324621877764955,0.5324621877764955,50-75%
9.0,7.7813070272195715,-1.2186929727804285,1.2186929727804285,50-75%
9.0,7.541635394123912,-1.4583646058760884,1.4583646058760884,50-75%
7.25,9.89120043155725,2.64120043155725,2.64120043155725,25-50%
7.25,9.618228505816743,2.3682285058167434,2.3682285058167434,25-50%
7.25,9.89120043155725,2.64120043155725,2.64120043155725,25-50%
7.25,9.36649076614489,2.1164907661448904,2.1164907661448904,25-50%
7.25,9.424408859677612,2.1744088596776123,2.1744088596776123,25-50%
4.0,8.846271107855717,4.846271107855717,4.846271107855717,0-25%
6.5,8.149588009796668,1.649588009796668,1.649588009796668,25-50%
9.0,8.04620355037246,-0.9537964496275393,0.9537964496275393,50-75%
9.0,8.45126561888276,-0.5487343811172405,0.5487343811172405,50-75%
9.0,8.294531617784187,-0.7054683822158125,0.7054683822158125,50-75%
9.0,7.949733709569284,-1.0502662904307156,1.0502662904307156,50-75%
7.25,9.599978579530758,2.3499785795307577,2.3499785795307577,25-50%
7.25,9.872481338731838,2.6224813387318378,2.6224813387318378,25-50%
7.25,9.872481338731838,2.6224813387318378,2.6224813387318378,25-50%
7.25,9.89120043155725,2.64120043155725,2.64120043155725,25-50%
7.25,9.872481338731838,2.6224813387318378,2.6224813387318378,25-50%
7.25,9.872481338731838,2.6224813387318378,2.6224813387318378,25-50%
7.25,9.119171203210353,1.8691712032103531,1.8691712032103531,25-50%
7.25,9.119171203210353,1.8691712032103531,1.8691712032103531,25-50%
7.25,9.119171203210353,1.8691712032103531,1.8691712032103531,25-50%
7.25,9.119171203210353,1.8691712032103531,1.8691712032103531,25-50%
7.25,8.82719709631971,1.5771970963197095,1.5771970963197095,25-50%
9.0,8.110263457029575,-0.8897365429704251,0.8897365429704251,50-75%
7.75,8.696104567174798,0.9461045671747979,0.9461045671747979,25-50%
5.0,7.50377163698906,2.50377163698906,2.50377163698906,0-25%
9.0,8.110263457029575,-0.8897365429704251,0.8897365429704251,50-75%
9.0,8.110263457029575,-0.8897365429704251,0.8897365429704251,50-75%
9.0,7.818397792482777,-1.1816022075172228,1.1816022075172228,50-75%
5.0,8.011673100991631,3.011673100991631,3.011673100991631,0-25%
9.0,8.110263457029575,-0.8897365429704251,0.8897365429704251,50-75%
14.5,7.691229061815611,-6.808770938184389,6.808770938184389,50-75%
14.5,7.86667283148426,-6.63332716851574,6.63332716851574,50-75%
5.0,7.892765996126806,2.8927659961268057,2.8927659961268057,0-25%
5.0,7.892765996126806,2.8927659961268057,2.8927659961268057,0-25%
5.0,7.892765996126806,2.8927659961268057,2.8927659961268057,0-25%
5.0,8.136719092757371,3.136719092757371,3.136719092757371,0-25%
9.0,8.12101548929402,-0.8789845107059797,0.8789845107059797,50-75%
9.0,8.110263457029575,-0.8897365429704251,0.8897365429704251,50-75%
14.5,8.110263457029575,-6.389736542970425,6.389736542970425,50-75%
14.5,7.878709031923644,-6.621290968076356,6.621290968076356,50-75%
14.5,8.110263457029575,-6.389736542970425,6.389736542970425,50-75%
14.5,7.735880313193286,-6.764119686806714,6.764119686806714,50-75%
20.0,8.110263457029575,-11.889736542970425,11.889736542970425,75-100%
5.0,7.757432552787042,2.7574325527870416,2.7574325527870416,0-25%
5.0,7.892765996126806,2.8927659961268057,2.8927659961268057,0-25%
5.0,8.12101548929402,3.1210154892940203,3.1210154892940203,0-25%
9.0,8.110263457029575,-0.8897365429704251,0.8897365429704251,50-75%
14.5,8.136719092757371,-6.363280907242629,6.363280907242629,50-75%
14.5,8.110263457029575,-6.389736542970425,6.389736542970425,50-75%
14.5,8.110263457029575,-6.389736542970425,6.389736542970425,50-75%
14.5,8.110263457029575,-6.389736542970425,6.389736542970425,50-75%
14.5,8.110263457029575,-6.389736542970425,6.389736542970425,50-75%
14.5,8.110263457029575,-6.389736542970425,6.389736542970425,50-75%
20.0,8.307370473391082,-11.692629526608918,11.692629526608918,75-100%
20.0,8.233882065712057,-11.766117934287943,11.766117934287943,75-100%
5.0,7.757432552787042,2.7574325527870416,2.7574325527870416,0-25%
5.0,7.877481683511106,2.877481683511106,2.877481683511106,0-25%
9.0,8.09460532380654,-0.9053946761934597,0.9053946761934597,50-75%
14.5,8.136719092757371,-6.363280907242629,6.363280907242629,50-75%
14.5,8.110263457029575,-6.389736542970425,6.389736542970425,50-75%
14.5,8.110263457029575,-6.389736542970425,6.389736542970425,50-75%
14.5,8.110263457029575,-6.389736542970425,6.389736542970425,50-75%
14.5,8.110263457029575,-6.389736542970425,6.389736542970425,50-75%
20.0,8.110263457029575,-11.889736542970425,11.889736542970425,75-100%
20.0,8.249779990954863,-11.750220009045137,11.750220009045137,75-100%
20.0,8.249779990954863,-11.750220009045137,11.750220009045137,75-100%
20.0,8.09460532380654,-11.90539467619346,11.90539467619346,75-100%
14.5,8.122630323283515,-6.377369676716485,6.377369676716485,50-75%
14.5,7.728285921202383,-6.771714078797617,6.771714078797617,50-75%
20.0,8.110263457029575,-11.889736542970425,11.889736542970425,75-100%
20.0,8.12101548929402,-11.87898451070598,11.87898451070598,75-100%
20.0,8.249779990954863,-11.750220009045137,11.750220009045137,75-100%
20.0,7.8171169095402275,-12.182883090459772,12.182883090459772,75-100%
20.0,8.09460532380654,-11.90539467619346,11.90539467619346,75-100%
9.0,8.598639435996214,-0.4013605640037863,0.4013605640037863,50-75%
9.0,8.102104010973962,-0.8978959890260381,0.8978959890260381,50-75%
9.0,8.102104010973962,-0.8978959890260381,0.8978959890260381,50-75%
9.0,8.426880929764678,-0.5731190702353217,0.5731190702353217,50-75%
9.0,7.954443416423499,-1.0455565835765013,1.0455565835765013,50-75%
9.0,8.086459901680527,-0.9135400983194728,0.9135400983194728,50-75%
9.0,8.086459901680527,-0.9135400983194728,0.9135400983194728,50-75%
9.0,8.102104010973962,-0.8978959890260381,0.8978959890260381,50-75%
9.0,7.0573641733506065,-1.9426358266493935,1.9426358266493935,50-75%
9.0,8.426880929764678,-0.5731190702353217,0.5731190702353217,50-75%
5.5,8.102104010973962,2.602104010973962,2.602104010973962,25-50%
5.5,8.102104010973962,2.602104010973962,2.602104010973962,25-50%
5.5,8.086459901680527,2.586459901680527,2.586459901680527,25-50%
5.5,8.102104010973962,2.602104010973962,2.602104010973962,25-50%
9.0,8.102104010973962,-0.8978959890260381,0.8978959890260381,50-75%
9.0,8.273701201766372,-0.7262987982336284,0.7262987982336284,50-75%
4.333333333333333,8.102104010973962,3.768770677640629,3.768770677640629,0-25%
4.333333333333333,8.102104010973962,3.768770677640629,3.768770677640629,0-25%
4.333333333333333,8.086459901680527,3.753126568347194,3.753126568347194,0-25%
4.333333333333333,8.102104010973962,3.768770677640629,3.768770677640629,0-25%
5.5,8.102104010973962,2.602104010973962,2.602104010973962,25-50%
5.5,7.268931132702156,1.7689311327021562,1.7689311327021562,25-50%
4.333333333333333,7.833857576047875,3.500524242714542,3.500524242714542,0-25%
4.333333333333333,8.102104010973962,3.768770677640629,3.768770677640629,0-25%
4.333333333333333,8.102104010973962,3.768770677640629,3.768770677640629,0-25%
4.333333333333333,8.086459901680527,3.753126568347194,3.753126568347194,0-25%
4.333333333333333,8.102104010973962,3.768770677640629,3.768770677640629,0-25%
4.333333333333333,7.979772122056437,3.6464387887231036,3.6464387887231036,0-25%
2.0,7.939053096635952,5.939053096635952,5.939053096635952,0-25%
4.333333333333333,8.342014138015083,4.00868080468175,4.00868080468175,0-25%
4.333333333333333,8.102104010973962,3.768770677640629,3.768770677640629,0-25%
4.333333333333333,8.102104010973962,3.768770677640629,3.768770677640629,0-25%
4.333333333333333,8.102104010973962,3.768770677640629,3.768770677640629,0-25%
4.333333333333333,8.086459901680527,3.753126568347194,3.753126568347194,0-25%
2.0,7.819981002634307,5.819981002634307,5.819981002634307,0-25%
2.0,8.290109837645355,6.290109837645355,6.290109837645355,0-25%
2.0,7.74419012510143,5.74419012510143,5.74419012510143,0-25%
4.333333333333333,7.695607339415377,3.3622740060820435,3.3622740060820435,0-25%
2.0,8.102104010973962,6.102104010973962,6.102104010973962,0-25%
2.0,8.102104010973962,6.102104010973962,6.102104010973962,0-25%
2.0,8.102104010973962,6.102104010973962,6.102104010973962,0-25%
2.0,6.526865710801684,4.526865710801684,4.526865710801684,0-25%
2.0,7.2498685810030565,5.2498685810030565,5.2498685810030565,0-25%
2.0,8.361640934266356,6.361640934266356,6.361640934266356,0-25%
2.0,8.534691418599493,6.534691418599493,6.534691418599493,0-25%
2.0,8.086459901680527,6.086459901680527,6.086459901680527,0-25%
2.0,8.09145288883994,6.091452888839941,6.091452888839941,0-25%
2.0,8.290109837645355,6.290109837645355,6.290109837645355,0-25%
2.0,8.361640934266356,6.361640934266356,6.361640934266356,0-25%
2.0,8.534691418599493,6.534691418599493,6.534691418599493,0-25%
2.0,8.51830380597148,6.518303805971479,6.518303805971479,0-25%
5.0,6.814298629158895,1.8142986291588947,1.8142986291588947,0-25%
5.0,6.614584056441967,1.6145840564419673,1.6145840564419673,0-25%
5.0,7.3387142150850995,2.3387142150850995,2.3387142150850995,0-25%
5.0,6.7411573842143495,1.7411573842143495,1.7411573842143495,0-25%
5.0,7.544276717958695,2.544276717958695,2.544276717958695,0-25%
5.0,7.543803346318654,2.5438033463186542,2.5438033463186542,0-25%
5.0,7.620633465035628,2.6206334650356284,2.6206334650356284,0-25%
5.0,7.543803346318654,2.5438033463186542,2.5438033463186542,0-25%
5.0,7.405199889324687,2.4051998893246873,2.4051998893246873,0-25%
5.0,7.390753573885617,2.3907535738856174,2.3907535738856174,0-25%
2.0,6.429175803245916,4.429175803245916,4.429175803245916,0-25%
2.0,6.330600686048418,4.330600686048418,4.330600686048418,0-25%
2.0,6.429175803245916,4.429175803245916,4.429175803245916,0-25%
3.0,6.91836340504257,3.9183634050425704,3.9183634050425704,0-25%
3.0,7.8996715700644,4.8996715700644,4.8996715700644,0-25%
3.0,6.969218373110266,3.969218373110266,3.969218373110266,0-25%
2.0,6.776935848719192,4.776935848719192,4.776935848719192,0-25%
2.0,6.679613541888348,4.679613541888348,4.679613541888348,0-25%
3.0,6.91836340504257,3.9183634050425704,3.9183634050425704,0-25%
3.0,7.621390003242229,4.621390003242229,4.621390003242229,0-25%
3.0,7.519018787601062,4.519018787601062,4.519018787601062,0-25%
3.0,6.559585441297338,3.5595854412973376,3.5595854412973376,0-25%
3.0,6.357854466996532,3.357854466996532,3.357854466996532,0-25%
3.0,6.3160560564419,3.3160560564418997,3.3160560564418997,0-25%
2.0,6.776935848719192,4.776935848719192,4.776935848719192,0-25%
7.5,6.642889456915921,-0.8571105430840786,0.8571105430840786,25-50%
3.0,7.204223470452706,4.204223470452706,4.204223470452706,0-25%
3.0,7.788774721850394,4.788774721850394,4.788774721850394,0-25%
3.0,7.788774721850394,4.788774721850394,4.788774721850394,0-25%
3.0,6.994543361893557,3.994543361893557,3.994543361893557,0-25%
3.0,6.708164886341626,3.708164886341626,3.708164886341626,0-25%
3.0,6.8058490190234915,3.8058490190234915,3.8058490190234915,0-25%
3.0,6.3160560564419,3.3160560564418997,3.3160560564418997,0-25%
2.0,6.776935848719192,4.776935848719192,4.776935848719192,0-25%
2.0,6.776935848719192,4.776935848719192,4.776935848719192,0-25%
7.5,6.776935848719192,-0.7230641512808083,0.7230641512808083,25-50%
7.5,6.776935848719192,-0.7230641512808083,0.7230641512808083,25-50%
8.0,7.173834705587073,-0.8261652944129274,0.8261652944129274,25-50%
3.0,7.240304137556935,4.240304137556935,4.240304137556935,0-25%
3.0,6.708164886341626,3.708164886341626,3.708164886341626,0-25%
3.0,6.8058490190234915,3.8058490190234915,3.8058490190234915,0-25%
3.0,6.3160560564419,3.3160560564418997,3.3160560564418997,0-25%
7.5,6.776935848719192,-0.7230641512808083,0.7230641512808083,25-50%
7.5,6.776935848719192,-0.7230641512808083,0.7230641512808083,25-50%
7.5,6.776935848719192,-0.7230641512808083,0.7230641512808083,25-50%
6.0,6.776935848719192,0.7769358487191917,0.7769358487191917,25-50%
8.0,6.679613541888348,-1.3203864581116518,1.3203864581116518,25-50%
6.333333333333332,7.204223470452706,0.8708901371193738,0.8708901371193738,25-50%
3.0,7.240304137556935,4.240304137556935,4.240304137556935,0-25%
3.0,6.8058490190234915,3.8058490190234915,3.8058490190234915,0-25%
3.0,6.8058490190234915,3.8058490190234915,3.8058490190234915,0-25%
3.0,6.8058490190234915,3.8058490190234915,3.8058490190234915,0-25%
13.0,6.776935848719192,-6.223064151280808,6.223064151280808,50-75%
8.0,7.173834705587073,-0.8261652944129274,0.8261652944129274,25-50%
3.0,6.814419292740937,3.8144192927409373,3.8144192927409373,0-25%
3.0,6.708164886341626,3.708164886341626,3.708164886341626,0-25%
3.0,6.708164886341626,3.708164886341626,3.708164886341626,0-25%
3.0,6.8058490190234915,3.8058490190234915,3.8058490190234915,0-25%
13.0,6.776935848719192,-6.223064151280808,6.223064151280808,50-75%
13.0,6.776935848719192,-6.223064151280808,6.223064151280808,50-75%
8.0,6.776935848719192,-1.2230641512808083,1.2230641512808083,25-50%
8.0,6.679613541888348,-1.3203864581116518,1.3203864581116518,25-50%
8.0,6.679613541888348,-1.3203864581116518,1.3203864581116518,25-50%
8.0,6.679613541888348,-1.3203864581116518,1.3203864581116518,25-50%
8.0,6.679613541888348,-1.3203864581116518,1.3203864581116518,25-50%
8.0,6.679613541888348,-1.3203864581116518,1.3203864581116518,25-50%
3.0,6.708164886341626,3.708164886341626,3.708164886341626,0-25%
3.0,6.8058490190234915,3.8058490190234915,3.8058490190234915,0-25%
3.0,6.8058490190234915,3.8058490190234915,3.8058490190234915,0-25%
3.0,6.8058490190234915,3.8058490190234915,3.8058490190234915,0-25%
3.0,9.895886209737409,6.895886209737409,6.895886209737409,0-25%
3.0,9.914645598603741,6.914645598603741,6.914645598603741,0-25%
3.0,9.814313895068356,6.814313895068356,6.814313895068356,0-25%
7.0,9.64171283610349,2.6417128361034905,2.6417128361034905,25-50%
5.0,9.64171283610349,4.6417128361034905,4.6417128361034905,0-25%
5.0,9.914645598603741,4.914645598603741,4.914645598603741,0-25%
5.0,9.795726949862722,4.795726949862722,4.795726949862722,0-25%
5.0,9.475831907318714,4.475831907318714,4.475831907318714,0-25%
3.0,9.493868090944796,6.493868090944796,6.493868090944796,0-25%
3.0,9.493868090944796,6.493868090944796,6.493868090944796,0-25%
3.0,9.493868090944796,6.493868090944796,6.493868090944796,0-25%
7.0,9.623422546465333,2.623422546465333,2.623422546465333,25-50%
7.0,9.623422546465333,2.623422546465333,2.623422546465333,25-50%
5.0,9.653522735919449,4.653522735919449,4.653522735919449,0-25%
5.0,9.895886209737409,4.895886209737409,4.895886209737409,0-25%
5.0,9.8490181033739,4.849018103373901,4.849018103373901,0-25%
5.0,9.895886209737409,4.895886209737409,4.895886209737409,0-25%
5.0,9.895886209737409,4.895886209737409,4.895886209737409,0-25%
3.0,9.914645598603741,6.914645598603741,6.914645598603741,0-25%
3.0,9.493868090944796,6.493868090944796,6.493868090944796,0-25%
3.0,9.282621557018786,6.2826215570187856,6.2826215570187856,0-25%
7.0,9.671864848892398,2.6718648488923975,2.6718648488923975,25-50%
5.0,9.671864848892398,4.6718648488923975,4.6718648488923975,0-25%
5.0,9.882449320655738,4.882449320655738,4.882449320655738,0-25%
5.0,9.882449320655738,4.882449320655738,4.882449320655738,0-25%
5.0,9.882449320655738,4.882449320655738,4.882449320655738,0-25%
5.0,9.8490181033739,4.849018103373901,4.849018103373901,0-25%
4.333333333333333,9.895886209737409,5.562552876404076,5.562552876404076,0-25%
3.0,9.914645598603741,6.914645598603741,6.914645598603741,0-25%
3.0,9.475831907318714,6.475831907318714,6.475831907318714,0-25%
3.0,9.493868090944796,6.493868090944796,6.493868090944796,0-25%
3.0,9.282621557018786,6.2826215570187856,6.2826215570187856,0-25%
3.0,9.623422546465333,6.623422546465333,6.623422546465333,0-25%
3.0,9.623422546465333,6.623422546465333,6.623422546465333,0-25%
7.0,9.719600519737522,2.719600519737522,2.719600519737522,25-50%
7.0,9.719600519737522,2.719600519737522,2.719600519737522,25-50%
7.0,9.719600519737522,2.719600519737522,2.719600519737522,25-50%
7.0,9.5257678794554,2.5257678794553993,2.5257678794553993,25-50%
7.0,9.671864848892398,2.6718648488923975,2.6718648488923975,25-50%
6.0,9.69632065908312,3.6963206590831206,3.6963206590831206,25-50%
6.0,9.934978438732003,3.934978438732003,3.934978438732003,25-50%
6.5,9.882478904167733,3.3824789041677334,3.3824789041677334,25-50%
6.5,9.882478904167733,3.3824789041677334,3.3824789041677334,25-50%
5.0,9.882449320655738,4.882449320655738,4.882449320655738,0-25%
5.0,9.882449320655738,4.882449320655738,4.882449320655738,0-25%
4.333333333333333,9.8490181033739,5.515684770040568,5.515684770040568,0-25%
3.0,9.895886209737409,6.895886209737409,6.895886209737409,0-25%
3.0,9.795726949862722,6.795726949862722,6.795726949862722,0-25%
3.0,9.814313895068356,6.814313895068356,6.814313895068356,0-25%
3.0,9.64171283610349,6.6417128361034905,6.6417128361034905,0-25%
3.0,9.64171283610349,6.6417128361034905,6.6417128361034905,0-25%
3.0,9.282621557018786,6.2826215570187856,6.2826215570187856,0-25%
7.0,9.882449320655738,2.882449320655738,2.882449320655738,25-50%
7.0,9.73805639847658,2.73805639847658,2.73805639847658,25-50%
7.0,9.73805639847658,2.73805639847658,2.73805639847658,25-50%
7.0,9.719600519737522,2.719600519737522,2.719600519737522,25-50%
6.5,10.002801933292506,3.502801933292506,3.502801933292506,25-50%
6.5,9.934978438732003,3.434978438732003,3.434978438732003,25-50%
6.5,9.69632065908312,3.1963206590831206,3.1963206590831206,25-50%
6.0,9.934978438732003,3.934978438732003,3.934978438732003,25-50%
6.5,10.082175686623795,3.5821756866237955,3.5821756866237955,25-50%
5.0,9.882449320655738,4.882449320655738,4.882449320655738,0-25%
5.0,9.882449320655738,4.882449320655738,4.882449320655738,0-25%
4.333333333333333,9.914645598603741,5.581312265270408,5.581312265270408,0-25%
4.333333333333333,9.8490181033739,5.515684770040568,5.515684770040568,0-25%
3.0,9.867696799672801,6.867696799672801,6.867696799672801,0-25%
3.0,9.895886209737409,6.895886209737409,6.895886209737409,0-25%
3.0,9.914645598603741,6.914645598603741,6.914645598603741,0-25%
3.0,9.914645598603741,6.914645598603741,6.914645598603741,0-25%
3.0,9.5257678794554,6.525767879455399,6.525767879455399,0-25%
3.0,9.543890037576965,6.543890037576965,6.543890037576965,0-25%
7.0,9.217949500979598,2.217949500979598,2.217949500979598,25-50%
7.0,9.217949500979598,2.217949500979598,2.217949500979598,25-50%
7.0,9.200387548429353,2.2003875484293527,2.2003875484293527,25-50%
6.5,9.46987186057372,2.96987186057372,2.96987186057372,25-50%
6.5,9.230056466782704,2.7300564667827043,2.7300564667827043,25-50%
6.5,9.424147876297448,2.9241478762974484,2.9241478762974484,25-50%
6.0,9.364586076539556,3.364586076539556,3.364586076539556,25-50%
6.5,10.130051041229226,3.630051041229226,3.630051041229226,25-50%
6.5,10.130051041229226,3.630051041229226,3.630051041229226,25-50%
7.0,9.914645598603741,2.914645598603741,2.914645598603741,25-50%
7.0,9.914645598603741,2.914645598603741,2.914645598603741,25-50%
5.0,9.895886209737409,4.895886209737409,4.895886209737409,0-25%
3.0,9.914645598603741,6.914645598603741,6.914645598603741,0-25%
3.0,9.895886209737409,6.895886209737409,6.895886209737409,0-25%
3.0,9.914645598603741,6.914645598603741,6.914645598603741,0-25%
3.0,9.883136035202115,6.883136035202115,6.883136035202115,0-25%
3.0,9.814313895068356,6.814313895068356,6.814313895068356,0-25%
3.0,9.543890037576965,6.543890037576965,6.543890037576965,0-25%
3.0,9.64171283610349,6.6417128361034905,6.6417128361034905,0-25%
7.0,9.200387548429353,2.2003875484293527,2.2003875484293527,25-50%
7.0,9.012145118850462,2.012145118850462,2.012145118850462,25-50%
6.5,9.258993395277917,2.7589933952779173,2.7589933952779173,25-50%
6.5,9.46987186057372,2.96987186057372,2.96987186057372,25-50%
6.5,9.424147876297448,2.9241478762974484,2.9241478762974484,25-50%
6.5,9.364586076539556,2.864586076539556,2.864586076539556,25-50%
6.0,9.424147876297448,3.4241478762974484,3.4241478762974484,25-50%
6.0,9.6001842874323,3.6001842874323007,3.6001842874323007,25-50%
6.0,10.18374491966324,4.183744919663241,4.183744919663241,25-50%
6.0,10.199631383550045,4.199631383550045,4.199631383550045,25-50%
3.0,9.895886209737409,6.895886209737409,6.895886209737409,0-25%
3.0,9.914645598603741,6.914645598603741,6.914645598603741,0-25%
3.0,9.895886209737409,6.895886209737409,6.895886209737409,0-25%
3.0,9.914645598603741,6.914645598603741,6.914645598603741,0-25%
3.0,9.623422546465333,6.623422546465333,6.623422546465333,0-25%
7.0,9.217949500979598,2.217949500979598,2.217949500979598,25-50%
7.0,8.849455287779966,1.849455287779966,1.849455287779966,25-50%
6.5,9.230056466782704,2.7300564667827043,2.7300564667827043,25-50%
6.5,9.424147876297448,2.9241478762974484,2.9241478762974484,25-50%
6.5,9.424147876297448,2.9241478762974484,2.9241478762974484,25-50%
6.0,9.364586076539556,3.364586076539556,3.364586076539556,25-50%
6.0,9.364586076539556,3.364586076539556,3.364586076539556,25-50%
6.0,9.424147876297448,3.4241478762974484,3.4241478762974484,25-50%
7.0,8.849455287779966,1.849455287779966,1.849455287779966,25-50%
7.0,8.57377122940602,1.5737712294060202,1.5737712294060202,25-50%
7.0,8.994936889597954,1.9949368895979536,1.9949368895979536,25-50%
7.0,9.217949500979598,2.217949500979598,2.217949500979598,25-50%
6.5,9.364586076539556,2.864586076539556,2.864586076539556,25-50%
6.0,9.364586076539556,3.364586076539556,3.364586076539556,25-50%
6.0,9.364586076539556,3.364586076539556,3.364586076539556,25-50%
3.0,8.040471310762891,5.040471310762891,5.040471310762891,0-25%
3.0,7.571721398444896,4.571721398444896,4.571721398444896,0-25%
3.0,7.571721398444896,4.571721398444896,4.571721398444896,0-25%
3.0,7.689879634865848,4.689879634865848,4.689879634865848,0-25%
3.0,7.571721398444896,4.571721398444896,4.571721398444896,0-25%
3.0,8.040471310762891,5.040471310762891,5.040471310762891,0-25%
3.0,7.571721398444896,4.571721398444896,4.571721398444896,0-25%
3.0,7.857356219423411,4.857356219423411,4.857356219423411,0-25%
3.0,7.571721398444896,4.571721398444896,4.571721398444896,0-25%
3.0,7.571721398444896,4.571721398444896,4.571721398444896,0-25%
3.0,9.286304130761883,6.2863041307618825,6.2863041307618825,0-25%
3.0,7.393633928360209,4.393633928360209,4.393633928360209,0-25%
3.0,7.571721398444896,4.571721398444896,4.571721398444896,0-25%
3.0,7.571721398444896,4.571721398444896,4.571721398444896,0-25%
3.0,7.571721398444896,4.571721398444896,4.571721398444896,0-25%
3.0,8.040471310762891,5.040471310762891,5.040471310762891,0-25%
3.0,9.286304130761883,6.2863041307618825,6.2863041307618825,0-25%
3.0,8.098532914696474,5.098532914696474,5.098532914696474,0-25%
3.0,7.96952922678087,4.96952922678087,4.96952922678087,0-25%
3.0,7.393633928360209,4.393633928360209,4.393633928360209,0-25%
3.0,8.040471310762891,5.040471310762891,5.040471310762891,0-25%
3.0,8.84312350877641,5.84312350877641,5.84312350877641,0-25%
3.0,8.726245311766341,5.726245311766341,5.726245311766341,0-25%
3.0,7.689879634865848,4.689879634865848,4.689879634865848,0-25%
4.5,7.393633928360209,2.8936339283602086,2.8936339283602086,0-25%
3.0,8.481913661663029,5.481913661663029,5.481913661663029,0-25%
3.0,9.15750039044141,6.15750039044141,6.15750039044141,0-25%
4.5,9.15750039044141,4.65750039044141,4.65750039044141,0-25%
4.5,8.239578882133154,3.739578882133154,3.739578882133154,0-25%
4.5,7.96952922678087,3.46952922678087,3.46952922678087,0-25%
4.5,8.014089169544189,3.5140891695441887,3.5140891695441887,0-25%
4.5,7.36321361248041,2.8632136124804104,2.8632136124804104,0-25%
3.0,8.481913661663029,5.481913661663029,5.481913661663029,0-25%
3.0,8.52361337542261,5.5236133754226096,5.5236133754226096,0-25%
4.5,7.96952922678087,3.46952922678087,3.46952922678087,0-25%
4.5,8.014089169544189,3.5140891695441887,3.5140891695441887,0-25%
4.5,7.36321361248041,2.8632136124804104,2.8632136124804104,0-25%
6.0,7.36321361248041,1.3632136124804104,1.3632136124804104,25-50%
6.0,7.390763729351461,1.3907637293514608,1.3907637293514608,25-50%
3.0,7.96952922678087,4.96952922678087,4.96952922678087,0-25%
3.0,8.481913661663029,5.481913661663029,5.481913661663029,0-25%
4.5,8.52361337542261,4.0236133754226096,4.0236133754226096,0-25%
4.5,8.014089169544189,3.5140891695441887,3.5140891695441887,0-25%
4.5,8.014089169544189,3.5140891695441887,3.5140891695441887,0-25%
4.5,8.014089169544189,3.5140891695441887,3.5140891695441887,0-25%
6.0,7.390763729351461,1.3907637293514608,1.3907637293514608,25-50%
4.5,8.093171107530155,3.5931711075301553,3.5931711075301553,0-25%
4.5,7.96952922678087,3.46952922678087,3.46952922678087,0-25%
4.5,7.96952922678087,3.46952922678087,3.46952922678087,0-25%
6.0,8.014089169544189,2.0140891695441887,2.0140891695441887,25-50%
6.0,7.36321361248041,1.3632136124804104,1.3632136124804104,25-50%
6.0,7.36321361248041,1.3632136124804104,1.3632136124804104,25-50%
6.0,7.36321361248041,1.3632136124804104,1.3632136124804104,25-50%
6.0,7.96952922678087,1.9695292267808702,1.9695292267808702,25-50%
6.0,8.014089169544189,2.0140891695441887,2.0140891695441887,25-50%
6.0,8.014089169544189,2.0140891695441887,2.0140891695441887,25-50%
6.0,8.014089169544189,2.0140891695441887,2.0140891695441887,25-50%
6.0,7.36321361248041,1.3632136124804104,1.3632136124804104,25-50%
6.0,7.36321361248041,1.3632136124804104,1.3632136124804104,25-50%
6.0,8.014089169544189,2.0140891695441887,2.0140891695441887,25-50%
6.0,8.014089169544189,2.0140891695441887,2.0140891695441887,25-50%
2.0,9.678972027568989,7.678972027568989,7.678972027568989,0-25%
2.0,9.617954206153343,7.6179542061533425,7.6179542061533425,0-25%
3.5,9.64137542092563,6.14137542092563,6.14137542092563,0-25%
3.5,9.702527836206777,6.202527836206777,6.202527836206777,0-25%
5.0,9.64137542092563,4.64137542092563,4.64137542092563,0-25%
5.0,9.54355572405177,4.543555724051769,4.543555724051769,0-25%
5.0,9.289927816546435,4.2899278165464345,4.2899278165464345,0-25%
2.0,9.617954206153343,7.6179542061533425,7.6179542061533425,0-25%
2.0,9.617954206153343,7.6179542061533425,7.6179542061533425,0-25%
3.5,9.82750431063371,6.32750431063371,6.32750431063371,0-25%
9.666666666666666,9.435427561908869,-0.23123910475779752,0.23123910475779752,50-75%
9.666666666666666,9.39891866288011,-0.26774800378655605,0.26774800378655605,50-75%
9.666666666666666,9.09078169873468,-0.5758849679319855,0.5758849679319855,50-75%
13.5,9.231132927275352,-4.268867072724648,4.268867072724648,50-75%
5.0,9.231132927275352,4.231132927275352,4.231132927275352,0-25%
5.0,9.231132927275352,4.231132927275352,4.231132927275352,0-25%
2.0,9.709229609793464,7.709229609793464,7.709229609793464,0-25%
2.5,9.678972027568989,7.178972027568989,7.178972027568989,0-25%
3.333333333333333,9.678972027568989,6.345638694235656,6.345638694235656,0-25%
8.0,9.709229609793464,1.7092296097934643,1.7092296097934643,25-50%
9.666666666666666,9.495396463921974,-0.17127020274469196,0.17127020274469196,50-75%
9.666666666666666,9.450251044051614,-0.21641562261505243,0.21641562261505243,50-75%
9.666666666666666,9.495396463921974,-0.17127020274469196,0.17127020274469196,50-75%
9.666666666666666,9.495396463921974,-0.17127020274469196,0.17127020274469196,50-75%
13.5,9.64137542092563,-3.8586245790743696,3.8586245790743696,50-75%
13.5,9.231132927275352,-4.268867072724648,4.268867072724648,50-75%
3.0,9.709229609793464,6.709229609793464,6.709229609793464,0-25%
2.5,9.648038901723197,7.148038901723197,7.148038901723197,0-25%
8.0,9.648038901723197,1.6480389017231971,1.6480389017231971,25-50%
8.0,9.404644892581295,1.4046448925812953,1.4046448925812953,25-50%
8.0,9.404644892581295,1.4046448925812953,1.4046448925812953,25-50%
6.8,9.404644892581295,2.6046448925812955,2.6046448925812955,25-50%
7.75,9.450251044051614,1.7002510440516136,1.7002510440516136,25-50%
7.75,9.495396463921974,1.7453964639219741,1.7453964639219741,25-50%
9.666666666666666,9.435427561908869,-0.23123910475779752,0.23123910475779752,50-75%
9.666666666666666,9.09078169873468,-0.5758849679319855,0.5758849679319855,50-75%
2.0,9.033124696352044,7.0331246963520435,7.0331246963520435,0-25%
3.0,9.415643626676374,6.415643626676374,6.415643626676374,0-25%
2.5,9.648038901723197,7.148038901723197,7.148038901723197,0-25%
2.5,9.648038901723197,7.148038901723197,7.148038901723197,0-25%
9.0,9.542110235199601,0.5421102351996012,0.5421102351996012,50-75%
6.8,9.404644892581295,2.6046448925812955,2.6046448925812955,25-50%
6.8,9.404644892581295,2.6046448925812955,2.6046448925812955,25-50%
7.75,9.450251044051614,1.7002510440516136,1.7002510440516136,25-50%
9.666666666666666,9.495396463921974,-0.17127020274469196,0.17127020274469196,50-75%
9.666666666666666,9.39891866288011,-0.26774800378655605,0.26774800378655605,50-75%
2.0,9.339501018536689,7.339501018536689,7.339501018536689,0-25%
3.0,9.415643626676374,6.415643626676374,6.415643626676374,0-25%
3.0,9.648038901723197,6.648038901723197,6.648038901723197,0-25%
9.0,9.287173074630388,0.2871730746303882,0.2871730746303882,50-75%
6.8,9.404644892581295,2.6046448925812955,2.6046448925812955,25-50%
6.8,9.404644892581295,2.6046448925812955,2.6046448925812955,25-50%
6.8,9.435427561908869,2.6354275619088687,2.6354275619088687,25-50%
9.666666666666666,9.450251044051614,-0.21641562261505243,0.21641562261505243,50-75%
12.0,9.287173074630388,-2.712826925369612,2.712826925369612,50-75%
12.0,9.390986312689357,-2.609013687310643,2.609013687310643,50-75%
2.0,9.435427561908869,7.4354275619088686,7.4354275619088686,0-25%
2.0,9.435427561908869,7.4354275619088686,7.4354275619088686,0-25%
3.0,8.987043006807921,5.987043006807921,5.987043006807921,0-25%
3.0,8.929978749584794,5.929978749584794,5.929978749584794,0-25%
3.0,9.435427561908869,6.4354275619088686,6.4354275619088686,0-25%
3.0,9.435427561908869,6.4354275619088686,6.4354275619088686,0-25%
9.0,9.3316139924395,0.3316139924395003,0.3316139924395003,50-75%
9.0,9.3316139924395,0.3316139924395003,0.3316139924395003,50-75%
12.0,9.390986312689357,-2.609013687310643,2.609013687310643,50-75%
12.0,9.3316139924395,-2.6683860075604997,2.6683860075604997,50-75%
12.0,9.390986312689357,-2.609013687310643,2.609013687310643,50-75%
2.0,9.435427561908869,7.4354275619088686,7.4354275619088686,0-25%
2.0,9.483114935448182,7.483114935448182,7.483114935448182,0-25%
2.0,9.339501018536689,7.339501018536689,7.339501018536689,0-25%
3.0,8.929978749584794,5.929978749584794,5.929978749584794,0-25%
3.0,8.987043006807921,5.987043006807921,5.987043006807921,0-25%
3.0,9.053571439805323,6.053571439805323,6.053571439805323,0-25%
3.0,9.435427561908869,6.4354275619088686,6.4354275619088686,0-25%
2.5,9.450251044051614,6.950251044051614,6.950251044051614,0-25%
2.5,9.495396463921974,6.995396463921974,6.995396463921974,0-25%
2.0,9.450251044051614,7.450251044051614,7.450251044051614,0-25%
2.0,9.495396463921974,7.495396463921974,7.495396463921974,0-25%
2.0,9.495396463921974,7.495396463921974,7.495396463921974,0-25%
2.0,9.435427561908869,7.4354275619088686,7.4354275619088686,0-25%
2.0,9.495396463921974,7.495396463921974,7.495396463921974,0-25%
3.0,8.929978749584794,5.929978749584794,5.929978749584794,0-25%
3.0,8.987043006807921,5.987043006807921,5.987043006807921,0-25%
2.0,9.435427561908869,7.4354275619088686,7.4354275619088686,0-25%
2.0,9.435427561908869,7.4354275619088686,7.4354275619088686,0-25%
2.0,9.435427561908869,7.4354275619088686,7.4354275619088686,0-25%
2.0,9.435427561908869,7.4354275619088686,7.4354275619088686,0-25%
2.0,7.678679614043129,5.678679614043129,5.678679614043129,0-25%
2.0,7.678679614043129,5.678679614043129,5.678679614043129,0-25%
2.0,7.678679614043129,5.678679614043129,5.678679614043129,0-25%
2.0,7.678679614043129,5.678679614043129,5.678679614043129,0-25%
2.0,7.082843845259613,5.082843845259613,5.082843845259613,0-25%
2.0,7.349401202509321,5.349401202509321,5.349401202509321,0-25%
2.0,7.678679614043129,5.678679614043129,5.678679614043129,0-25%
2.0,7.678679614043129,5.678679614043129,5.678679614043129,0-25%
2.0,7.678679614043129,5.678679614043129,5.678679614043129,0-25%
2.0,7.678679614043129,5.678679614043129,5.678679614043129,0-25%
2.0,7.678679614043129,5.678679614043129,5.678679614043129,0-25%
9.0,9.284623023639867,0.2846230236398668,0.2846230236398668,50-75%
2.0,7.678679614043129,5.678679614043129,5.678679614043129,0-25%
2.0,7.056304748251269,5.056304748251269,5.056304748251269,0-25%
9.0,7.932307886836034,-1.0676921131639663,1.0676921131639663,50-75%
9.0,9.357774232843717,0.3577742328437168,0.3577742328437168,50-75%
9.0,9.648038901723197,0.6480389017231971,0.6480389017231971,50-75%
2.0,7.678679614043129,5.678679614043129,5.678679614043129,0-25%
2.0,7.678679614043129,5.678679614043129,5.678679614043129,0-25%
2.0,7.056304748251269,5.056304748251269,5.056304748251269,0-25%
9.0,9.188085647185803,0.18808564718580278,0.18808564718580278,50-75%
9.0,9.342083718070551,0.34208371807055116,0.34208371807055116,50-75%
9.0,9.39023804417656,0.3902380441765594,0.3902380441765594,50-75%
2.0,7.678679614043129,5.678679614043129,5.678679614043129,0-25%
2.0,7.082843845259613,5.082843845259613,5.082843845259613,0-25%
9.0,8.174463830030572,-0.8255361699694284,0.8255361699694284,50-75%
9.0,8.174463830030572,-0.8255361699694284,0.8255361699694284,50-75%
9.0,8.80852719411833,-0.19147280588166993,0.19147280588166993,50-75%
9.0,9.415643626676374,0.4156436266763741,0.4156436266763741,50-75%
9.0,7.932307886836034,-1.0676921131639663,1.0676921131639663,50-75%
9.0,7.349401202509321,-1.6505987974906793,1.6505987974906793,50-75%
9.0,7.349401202509321,-1.6505987974906793,1.6505987974906793,50-75%
9.0,7.464494831361801,-1.535505168638199,1.535505168638199,50-75%
9.0,7.939728120535547,-1.0602718794644526,1.0602718794644526,50-75%
9.0,9.284623023639867,0.2846230236398668,0.2846230236398668,50-75%
9.0,7.932307886836034,-1.0676921131639663,1.0676921131639663,50-75%
9.0,7.349401202509321,-1.6505987974906793,1.6505987974906793,50-75%
3.0,7.5873384814880085,4.5873384814880085,4.5873384814880085,0-25%
3.0,9.120135761881274,6.120135761881274,6.120135761881274,0-25%
3.0,9.587757991206887,6.587757991206887,6.587757991206887,0-25%
3.0,7.428008733521878,4.428008733521878,4.428008733521878,0-25%
3.0,9.287296597623495,6.287296597623495,6.287296597623495,0-25%
3.0,9.64860228510346,6.648602285103459,6.648602285103459,0-25%
3.0,9.64860228510346,6.648602285103459,6.648602285103459,0-25%
3.0,9.587757991206887,6.587757991206887,6.587757991206887,0-25%
3.0,9.64860228510346,6.648602285103459,6.648602285103459,0-25%
3.0,7.287317636457888,4.287317636457888,4.287317636457888,0-25%
3.0,7.401555464668423,4.401555464668423,4.401555464668423,0-25%
3.0,7.882403021065968,4.882403021065968,4.882403021065968,0-25%
3.0,8.96894658560845,5.96894658560845,5.96894658560845,0-25%
3.0,9.587757991206887,6.587757991206887,6.587757991206887,0-25%
3.0,9.587757991206887,6.587757991206887,6.587757991206887,0-25%
3.0,7.287317636457888,4.287317636457888,4.287317636457888,0-25%
3.0,7.02274231730815,4.02274231730815,4.02274231730815,0-25%
3.0,7.649057729841757,4.649057729841757,4.649057729841757,0-25%
3.0,8.336148051930472,5.336148051930472,5.336148051930472,0-25%
3.0,8.061754002761392,5.061754002761392,5.061754002761392,0-25%
3.0,7.655139911875234,4.655139911875234,4.655139911875234,0-25%
9.0,7.97658314337537,-1.02341685662463,1.02341685662463,50-75%
9.0,7.643878204275777,-1.3561217957242233,1.3561217957242233,50-75%
9.0,7.763031097490438,-1.2369689025095623,1.2369689025095623,50-75%
9.0,8.460553702849369,-0.5394462971506311,0.5394462971506311,50-75%
9.0,7.340444461991327,-1.6595555380086733,1.6595555380086733,50-75%
9.0,7.340444461991327,-1.6595555380086733,1.6595555380086733,50-75%
9.0,7.367919572676228,-1.6320804273237721,1.6320804273237721,50-75%
9.0,7.602542983963757,-1.3974570160362427,1.3974570160362427,50-75%
9.0,7.643878204275777,-1.3561217957242233,1.3561217957242233,50-75%
9.0,7.367919572676228,-1.6320804273237721,1.6320804273237721,50-75%
9.0,8.212020096155543,-0.787979903844457,0.787979903844457,50-75%
9.0,8.218498164041199,-0.7815018359588013,0.7815018359588013,50-75%
9.0,7.643878204275777,-1.3561217957242233,1.3561217957242233,50-75%
4.0,8.428073067395225,4.428073067395225,4.428073067395225,0-25%
4.0,8.968872206201961,4.9688722062019615,4.9688722062019615,0-25%
4.0,8.945209489191164,4.945209489191164,4.945209489191164,0-25%
4.0,8.94933351450775,4.9493335145077495,4.9493335145077495,0-25%
4.0,8.986113958955233,4.986113958955233,4.986113958955233,0-25%
4.0,8.377824612565663,4.377824612565663,4.377824612565663,0-25%
4.0,8.679004772998363,4.679004772998363,4.679004772998363,0-25%
4.0,8.998498117464138,4.998498117464138,4.998498117464138,0-25%
4.0,8.851452301499268,4.851452301499268,4.851452301499268,0-25%
4.0,8.802704292470615,4.802704292470615,4.802704292470615,0-25%
4.0,8.365111798538715,4.365111798538715,4.365111798538715,0-25%
4.0,8.642327018689942,4.642327018689942,4.642327018689942,0-25%
4.0,8.964740082045479,4.964740082045479,4.964740082045479,0-25%
4.0,8.899984278973676,4.899984278973676,4.899984278973676,0-25%
4.0,8.942546689316062,4.942546689316062,4.942546689316062,0-25%
4.0,8.365111798538715,4.365111798538715,4.365111798538715,0-25%
4.0,8.64632544635294,4.6463254463529395,4.6463254463529395,0-25%
4.0,9.018133359547178,5.018133359547178,5.018133359547178,0-25%
10.5,8.817115781721132,-1.6828842182788684,1.6828842182788684,50-75%
17.0,6.7917417020050745,-10.208258297994925,10.208258297994925,75-100%
4.0,8.986113958955233,4.986113958955233,4.986113958955233,0-25%
4.0,8.937159754175108,4.9371597541751076,4.9371597541751076,0-25%
4.0,8.937159754175108,4.9371597541751076,4.9371597541751076,0-25%
4.0,8.707151994289365,4.707151994289365,4.707151994289365,0-25%
10.5,8.799743749202236,-1.7002562507977643,1.7002562507977643,50-75%
10.5,8.760746327085652,-1.739253672914348,1.739253672914348,50-75%
10.5,8.788480063814106,-1.7115199361858942,1.7115199361858942,50-75%
10.5,8.526991746596167,-1.9730082534038331,1.9730082534038331,50-75%
17.0,7.370541941433699,-9.6294580585663,9.6294580585663,75-100%
17.0,7.04013080097576,-9.95986919902424,9.95986919902424,75-100%
17.0,7.250661090199285,-9.749338909800715,9.749338909800715,75-100%
4.0,8.937159754175108,4.9371597541751076,4.9371597541751076,0-25%
4.0,9.0517077987977,5.0517077987977,5.0517077987977,0-25%
10.5,8.815186876177194,-1.6848131238228063,1.6848131238228063,50-75%
10.5,8.803905440679664,-1.6960945593203363,1.6960945593203363,50-75%
17.0,7.04013080097576,-9.95986919902424,9.95986919902424,75-100%
17.0,7.370541941433699,-9.6294580585663,9.6294580585663,75-100%
17.0,7.47272260149273,-9.52727739850727,9.52727739850727,75-100%
17.0,8.530649122628333,-8.469350877371667,8.469350877371667,75-100%
17.0,8.495520910140929,-8.504479089859071,8.504479089859071,75-100%
17.0,8.554568532322184,-8.445431467677816,8.445431467677816,75-100%
17.0,8.530649122628333,-8.469350877371667,8.469350877371667,75-100%
17.0,8.464938454771897,-8.535061545228103,8.535061545228103,75-100%
17.0,8.444912981020561,-8.555087018979439,8.555087018979439,75-100%
17.0,8.554568532322184,-8.445431467677816,8.445431467677816,75-100%
17.0,8.5036458992581,-8.4963541007419,8.4963541007419,75-100%
17.0,8.558530568773923,-8.441469431226077,8.441469431226077,75-100%
17.0,8.530649122628333,-8.469350877371667,8.469350877371667,75-100%
17.0,7.38373283145685,-9.61626716854315,9.61626716854315,75-100%
19.0,8.25512123503849,-10.74487876496151,10.74487876496151,75-100%
19.0,8.25512123503849,-10.74487876496151,10.74487876496151,75-100%
19.0,8.30471221807925,-10.69528778192075,10.69528778192075,75-100%
19.0,8.30471221807925,-10.69528778192075,10.69528778192075,75-100%
19.0,8.30471221807925,-10.69528778192075,10.69528778192075,75-100%
19.0,8.25512123503849,-10.74487876496151,10.74487876496151,75-100%
19.0,8.51066279476174,-10.48933720523826,10.48933720523826,75-100%
19.0,8.534730563332941,-10.465269436667059,10.465269436667059,75-100%
19.0,8.30471221807925,-10.69528778192075,10.69528778192075,75-100%
11.0,8.30471221807925,-2.695287781920751,2.695287781920751,50-75%
11.0,8.25512123503849,-2.744878764961509,2.744878764961509,50-75%
19.0,8.25512123503849,-10.74487876496151,10.74487876496151,75-100%
19.0,8.534730563332941,-10.465269436667059,10.465269436667059,75-100%
11.0,8.48391365996373,-2.5160863400362707,2.5160863400362707,50-75%
11.0,8.30471221807925,-2.695287781920751,2.695287781920751,50-75%
11.0,8.30471221807925,-2.695287781920751,2.695287781920751,50-75%
11.0,8.25512123503849,-2.744878764961509,2.744878764961509,50-75%
11.0,8.464083458397948,-2.5359165416020524,2.5359165416020524,50-75%
11.0,7.746469014145917,-3.2535309858540833,3.2535309858540833,50-75%
11.0,8.534730563332941,-2.465269436667059,2.465269436667059,50-75%
11.0,8.30471221807925,-2.695287781920751,2.695287781920751,50-75%
11.0,8.30471221807925,-2.695287781920751,2.695287781920751,50-75%
11.0,8.25512123503849,-2.744878764961509,2.744878764961509,50-75%
11.0,7.746469014145917,-3.2535309858540833,3.2535309858540833,50-75%
11.0,7.746469014145917,-3.2535309858540833,3.2535309858540833,50-75%
3.0,7.746469014145917,4.746469014145917,4.746469014145917,0-25%
11.0,8.534730563332941,-2.465269436667059,2.465269436667059,50-75%
11.0,8.534730563332941,-2.465269436667059,2.465269436667059,50-75%
11.0,8.892576864439883,-2.1074231355601167,2.1074231355601167,50-75%
11.0,7.78630212497578,-3.21369787502422,3.21369787502422,50-75%
11.0,7.746469014145917,-3.2535309858540833,3.2535309858540833,50-75%
3.0,7.746469014145917,4.746469014145917,4.746469014145917,0-25%
3.0,7.78630212497578,4.78630212497578,4.78630212497578,0-25%
3.0,8.48391365996373,5.483913659963729,5.483913659963729,0-25%
11.0,8.534730563332941,-2.465269436667059,2.465269436667059,50-75%
11.0,9.371805342058561,-1.6281946579414388,1.6281946579414388,50-75%
11.0,7.876667692388151,-3.1233323076118493,3.1233323076118493,50-75%
3.0,7.78630212497578,4.78630212497578,4.78630212497578,0-25%
3.0,7.746469014145917,4.746469014145917,4.746469014145917,0-25%
3.0,7.78630212497578,4.78630212497578,4.78630212497578,0-25%
3.0,7.78630212497578,4.78630212497578,4.78630212497578,0-25%
3.0,8.351616345199737,5.351616345199737,5.351616345199737,0-25%
3.0,8.330358995279475,5.330358995279475,5.330358995279475,0-25%
3.0,7.78630212497578,4.78630212497578,4.78630212497578,0-25%
3.0,7.78630212497578,4.78630212497578,4.78630212497578,0-25%
3.0,7.78630212497578,4.78630212497578,4.78630212497578,0-25%
3.0,8.351616345199737,5.351616345199737,5.351616345199737,0-25%
3.0,8.432044146204872,5.432044146204872,5.432044146204872,0-25%
3.0,7.78630212497578,4.78630212497578,4.78630212497578,0-25%
7.0,7.874946276786599,0.8749462767865994,0.8749462767865994,25-50%
7.0,7.915364497908811,0.9153644979088114,0.9153644979088114,25-50%
7.0,7.862915177232363,0.8629151772323631,0.8629151772323631,25-50%
7.0,7.874946276786599,0.8749462767865994,0.8749462767865994,25-50%
7.0,7.862915177232363,0.8629151772323631,0.8629151772323631,25-50%
7.0,7.862915177232363,0.8629151772323631,0.8629151772323631,25-50%
7.0,8.639712569129085,1.6397125691290846,1.6397125691290846,25-50%
7.0,7.915364497908811,0.9153644979088114,0.9153644979088114,25-50%
7.0,7.862915177232363,0.8629151772323631,0.8629151772323631,25-50%
7.0,7.862915177232363,0.8629151772323631,0.8629151772323631,25-50%
7.0,7.862915177232363,0.8629151772323631,0.8629151772323631,25-50%
7.0,7.862915177232363,0.8629151772323631,0.8629151772323631,25-50%
7.0,8.639712569129085,1.6397125691290846,1.6397125691290846,25-50%
7.0,8.639712569129085,1.6397125691290846,1.6397125691290846,25-50%
7.0,8.639712569129085,1.6397125691290846,1.6397125691290846,25-50%
7.0,7.903278606401254,0.9032786064012539,0.9032786064012539,25-50%
7.0,7.903278606401254,0.9032786064012539,0.9032786064012539,25-50%
7.0,7.862915177232363,0.8629151772323631,0.8629151772323631,25-50%
7.0,7.862915177232363,0.8629151772323631,0.8629151772323631,25-50%
7.0,8.069790351024377,1.069790351024377,1.069790351024377,25-50%
7.0,8.683613683797542,1.6836136837975424,1.6836136837975424,25-50%
7.0,7.840030498976461,0.8400304989764606,0.8400304989764606,25-50%
7.0,7.862915177232363,0.8629151772323631,0.8629151772323631,25-50%
7.0,7.862915177232363,0.8629151772323631,0.8629151772323631,25-50%
7.0,7.903278606401254,0.9032786064012539,0.9032786064012539,25-50%
7.0,8.040928141817952,1.0409281418179521,1.0409281418179521,25-50%
7.0,8.69153861114568,1.6915386111456794,1.6915386111456794,25-50%
7.0,8.600730636573566,1.6007306365735658,1.6007306365735658,25-50%
7.0,8.687629231990009,1.6876292319900088,1.6876292319900088,25-50%
7.0,7.862915177232363,0.8629151772323631,0.8629151772323631,25-50%
7.0,8.654370390617192,1.654370390617192,1.654370390617192,25-50%
7.0,7.857092375762968,0.857092375762968,0.857092375762968,25-50%
2.0,6.450814952272858,4.450814952272858,4.450814952272858,0-25%
2.0,6.450814952272858,4.450814952272858,4.450814952272858,0-25%
2.0,6.520393247047122,4.520393247047122,4.520393247047122,0-25%
2.0,6.450814952272858,4.450814952272858,4.450814952272858,0-25%
2.0,6.450814952272858,4.450814952272858,4.450814952272858,0-25%
2.0,6.370596389277428,4.370596389277428,4.370596389277428,0-25%
2.0,6.843908478014864,4.843908478014864,4.843908478014864,0-25%
2.0,6.520393247047122,4.520393247047122,4.520393247047122,0-25%
2.0,6.3275034959847005,4.3275034959847005,4.3275034959847005,0-25%
2.0,6.3275034959847005,4.3275034959847005,4.3275034959847005,0-25%
2.0,6.746151433192653,4.746151433192653,4.746151433192653,0-25%
2.0,6.854544249640665,4.854544249640665,4.854544249640665,0-25%
2.0,6.3275034959847005,4.3275034959847005,4.3275034959847005,0-25%
2.0,6.746151433192653,4.746151433192653,4.746151433192653,0-25%
2.0,6.746151433192653,4.746151433192653,4.746151433192653,0-25%
2.0,6.746151433192653,4.746151433192653,4.746151433192653,0-25%
2.0,6.3275034959847005,4.3275034959847005,4.3275034959847005,0-25%
1.0,6.62025003203517,5.62025003203517,5.62025003203517,0-25%
1.0,6.50570557763894,5.50570557763894,5.50570557763894,0-25%
1.5,6.6411628032797365,5.1411628032797365,5.1411628032797365,0-25%
1.5,6.8076641012299035,5.3076641012299035,5.3076641012299035,0-25%
1.5,6.6411628032797365,5.1411628032797365,5.1411628032797365,0-25%
1.5,6.370596389277428,4.870596389277428,4.870596389277428,0-25%
2.0,6.843908478014864,4.843908478014864,4.843908478014864,0-25%
1.0,7.197562903031038,6.197562903031038,6.197562903031038,0-25%
1.0,7.400851285547655,6.400851285547655,6.400851285547655,0-25%
1.0,7.199612451580455,6.199612451580455,6.199612451580455,0-25%
1.0,6.6073795769732495,5.6073795769732495,5.6073795769732495,0-25%
1.5,6.8666088644429495,5.3666088644429495,5.3666088644429495,0-25%
1.5,6.6411628032797365,5.1411628032797365,5.1411628032797365,0-25%
1.5,7.142875852540452,5.642875852540452,5.642875852540452,0-25%
2.0,7.254757957570624,5.254757957570624,5.254757957570624,0-25%
1.0,7.633511517893146,6.633511517893146,6.633511517893146,0-25%
1.0,7.154055343518465,6.154055343518465,6.154055343518465,0-25%
1.0,7.154055343518465,6.154055343518465,6.154055343518465,0-25%
1.0,7.022529763053014,6.022529763053014,6.022529763053014,0-25%
1.0,6.50570557763894,5.50570557763894,5.50570557763894,0-25%
1.5,6.489975803067718,4.989975803067718,4.989975803067718,0-25%
2.333333333333333,6.6411628032797365,4.3078294699464035,4.3078294699464035,0-25%
2.333333333333333,6.6411628032797365,4.3078294699464035,4.3078294699464035,0-25%
4.0,6.6411628032797365,2.6411628032797365,2.6411628032797365,0-25%
4.0,7.215704484755234,3.215704484755234,3.215704484755234,0-25%
1.0,7.633511517893146,6.633511517893146,6.633511517893146,0-25%
1.0,7.214849487893755,6.214849487893755,6.214849487893755,0-25%
1.0,7.214849487893755,6.214849487893755,6.214849487893755,0-25%
1.0,7.022529763053014,6.022529763053014,6.022529763053014,0-25%
2.5,6.562370673919282,4.062370673919282,4.062370673919282,0-25%
2.5,6.562370673919282,4.062370673919282,4.062370673919282,0-25%
2.5,6.562370673919282,4.062370673919282,4.062370673919282,0-25%
4.0,7.383124533894072,3.3831245338940716,3.3831245338940716,0-25%
4.0,7.383124533894072,3.3831245338940716,3.3831245338940716,0-25%
4.0,7.3947250730483685,3.3947250730483685,3.3947250730483685,0-25%
1.0,7.214849487893755,6.214849487893755,6.214849487893755,0-25%
1.0,7.154055343518465,6.154055343518465,6.154055343518465,0-25%
1.0,7.023400145370609,6.023400145370609,6.023400145370609,0-25%
2.5,6.562370673919282,4.062370673919282,4.062370673919282,0-25%
2.5,6.6073795769732495,4.1073795769732495,4.1073795769732495,0-25%
2.5,6.6073795769732495,4.1073795769732495,4.1073795769732495,0-25%
2.5,6.6073795769732495,4.1073795769732495,4.1073795769732495,0-25%
4.0,7.43301831134889,3.4330183113488904,3.4330183113488904,0-25%
4.0,7.495250092500782,3.4952500925007817,3.4952500925007817,0-25%
4.0,7.3947250730483685,3.3947250730483685,3.3947250730483685,0-25%
4.0,7.264020869302868,3.2640208693028683,3.2640208693028683,0-25%
1.0,6.692178328302332,5.692178328302332,5.692178328302332,0-25%
1.0,7.5219252465352415,6.5219252465352415,6.5219252465352415,0-25%
2.5,7.1463089543637865,4.6463089543637865,4.6463089543637865,0-25%
2.5,7.1463089543637865,4.6463089543637865,4.6463089543637865,0-25%
4.0,7.300822203605974,3.300822203605974,3.300822203605974,0-25%
4.0,7.00163874973592,3.0016387497359203,3.0016387497359203,0-25%
4.0,7.00163874973592,3.0016387497359203,3.0016387497359203,0-25%
4.0,7.264020869302868,3.2640208693028683,3.2640208693028683,0-25%
4.0,7.603603156429057,3.603603156429057,3.603603156429057,0-25%
4.0,7.41674312017621,3.4167431201762097,3.4167431201762097,0-25%
4.0,7.566300880894493,3.5663008808944934,3.5663008808944934,0-25%
4.0,7.046344298795566,3.0463442987955656,3.0463442987955656,0-25%
4.0,6.971825947846629,2.9718259478466287,2.9718259478466287,0-25%
4.0,6.971825947846629,2.9718259478466287,2.9718259478466287,0-25%
4.0,6.745304727401772,2.7453047274017717,2.7453047274017717,0-25%
4.0,7.504861612621287,3.504861612621287,3.504861612621287,0-25%
4.0,7.6207317564421855,3.6207317564421855,3.6207317564421855,0-25%
4.0,7.393350695282812,3.3933506952828116,3.3933506952828116,0-25%
4.0,7.00163874973592,3.0016387497359203,3.0016387497359203,0-25%
4.0,6.971825947846629,2.9718259478466287,2.9718259478466287,0-25%
4.0,7.508674293609775,3.508674293609775,3.508674293609775,0-25%
4.0,7.9645868143622955,3.9645868143622955,3.9645868143622955,0-25%
4.0,8.065653968364954,4.065653968364954,4.065653968364954,0-25%
4.0,7.788005768095096,3.788005768095096,3.788005768095096,0-25%
4.0,7.156900072240878,3.1569000722408784,3.1569000722408784,0-25%
4.0,7.081357848385303,3.081357848385303,3.081357848385303,0-25%
4.0,8.017337085299506,4.017337085299506,4.017337085299506,0-25%
4.0,7.909185303196738,3.909185303196738,3.909185303196738,0-25%
4.0,8.009627858076547,4.009627858076547,4.009627858076547,0-25%
4.0,7.156900072240878,3.1569000722408784,3.1569000722408784,0-25%
4.0,6.9871272153679325,2.9871272153679325,2.9871272153679325,0-25%
4.0,6.776533217060601,2.776533217060601,2.776533217060601,0-25%
4.0,8.017337085299506,4.017337085299506,4.017337085299506,0-25%
4.0,7.909185303196738,3.909185303196738,3.909185303196738,0-25%
4.0,7.9616095753138305,3.9616095753138305,3.9616095753138305,0-25%
4.0,8.065653968364954,4.065653968364954,4.065653968364954,0-25%
4.0,7.793241377932809,3.7932413779328087,3.7932413779328087,0-25%
4.0,7.111580274477717,3.111580274477717,3.111580274477717,0-25%
4.0,7.081357848385303,3.081357848385303,3.081357848385303,0-25%
4.0,7.081357848385303,3.081357848385303,3.081357848385303,0-25%
4.0,8.065653968364954,4.065653968364954,4.065653968364954,0-25%
4.0,7.9532100167574855,3.9532100167574855,3.9532100167574855,0-25%
4.0,8.065653968364954,4.065653968364954,4.065653968364954,0-25%
4.0,7.895331014223062,3.8953310142230624,3.8953310142230624,0-25%
4.0,7.895331014223062,3.8953310142230624,3.8953310142230624,0-25%
4.0,7.556212675179183,3.556212675179183,3.556212675179183,0-25%
4.0,7.508674293609775,3.508674293609775,3.508674293609775,0-25%
4.0,7.905492422091991,3.9054924220919913,3.9054924220919913,0-25%
4.0,7.9645868143622955,3.9645868143622955,3.9645868143622955,0-25%
4.0,8.017337085299506,4.017337085299506,4.017337085299506,0-25%
4.0,7.9616095753138305,3.9616095753138305,3.9616095753138305,0-25%
4.0,7.840357506719485,3.840357506719485,3.840357506719485,0-25%
4.0,7.508674293609775,3.508674293609775,3.508674293609775,0-25%
4.0,8.017337085299506,4.017337085299506,4.017337085299506,0-25%
4.0,7.641674065517515,3.641674065517515,3.641674065517515,0-25%
4.0,6.97469509529569,2.97469509529569,2.97469509529569,0-25%
9.0,7.40355581373738,-1.5964441862626204,1.5964441862626204,50-75%
9.0,7.45931949306975,-1.5406805069302498,1.5406805069302498,50-75%
9.0,7.4558130825449,-1.5441869174551002,1.5441869174551002,50-75%
9.0,7.40355581373738,-1.5964441862626204,1.5964441862626204,50-75%
9.0,7.410746446055321,-1.5892535539446788,1.5892535539446788,50-75%
9.0,7.434644355068426,-1.5653556449315742,1.5653556449315742,50-75%
9.0,6.510193648270373,-2.4898063517296274,2.4898063517296274,50-75%
9.0,6.4196210448410795,-2.5803789551589205,2.5803789551589205,50-75%
9.0,7.434644355068426,-1.5653556449315742,1.5653556449315742,50-75%
9.0,7.45931949306975,-1.5406805069302498,1.5406805069302498,50-75%
9.0,7.40355581373738,-1.5964441862626204,1.5964441862626204,50-75%
9.0,7.434644355068426,-1.5653556449315742,1.5653556449315742,50-75%
9.0,6.126745688819417,-2.873254311180583,2.873254311180583,50-75%
9.0,7.434644355068426,-1.5653556449315742,1.5653556449315742,50-75%
9.0,7.434644355068426,-1.5653556449315742,1.5653556449315742,50-75%
9.0,7.434644355068426,-1.5653556449315742,1.5653556449315742,50-75%
9.0,7.40355581373738,-1.5964441862626204,1.5964441862626204,50-75%
9.0,7.4558130825449,-1.5441869174551002,1.5441869174551002,50-75%
9.0,7.2250295236325455,-1.7749704763674545,1.7749704763674545,50-75%
9.0,7.45931949306975,-1.5406805069302498,1.5406805069302498,50-75%
9.0,7.4558130825449,-1.5441869174551002,1.5441869174551002,50-75%
9.0,7.358767690894483,-1.6412323091055168,1.6412323091055168,50-75%
9.0,7.4558130825449,-1.5441869174551002,1.5441869174551002,50-75%
9.0,7.410746446055321,-1.5892535539446788,1.5892535539446788,50-75%
9.0,7.45931949306975,-1.5406805069302498,1.5406805069302498,50-75%
9.0,7.434644355068426,-1.5653556449315742,1.5653556449315742,50-75%
9.0,7.382517909857791,-1.6174820901422091,1.6174820901422091,50-75%
9.0,7.40355581373738,-1.5964441862626204,1.5964441862626204,50-75%
9.0,7.40355581373738,-1.5964441862626204,1.5964441862626204,50-75%
9.0,7.4558130825449,-1.5441869174551002,1.5441869174551002,50-75%
9.0,7.4558130825449,-1.5441869174551002,1.5441869174551002,50-75%
9.0,7.4558130825449,-1.5441869174551002,1.5441869174551002,50-75%
9.0,8.01101546140291,-0.9889845385970908,0.9889845385970908,50-75%
9.0,7.955327019310062,-1.0446729806899384,1.0446729806899384,50-75%
5.0,7.934966530675434,2.9349665306754336,2.9349665306754336,0-25%
5.0,7.934966530675434,2.9349665306754336,2.9349665306754336,0-25%
5.0,8.521629767483255,3.5216297674832546,3.5216297674832546,0-25%
5.0,8.689412161991891,3.689412161991891,3.689412161991891,0-25%
5.0,7.934966530675434,2.9349665306754336,2.9349665306754336,0-25%
5.0,7.934966530675434,2.9349665306754336,2.9349665306754336,0-25%
5.0,8.521629767483255,3.5216297674832546,3.5216297674832546,0-25%
5.0,8.521629767483255,3.5216297674832546,3.5216297674832546,0-25%
5.0,8.470882686944623,3.4708826869446234,3.4708826869446234,0-25%
5.0,8.521629767483255,3.5216297674832546,3.5216297674832546,0-25%
5.0,8.582058295174264,3.5820582951742637,3.5820582951742637,0-25%
5.0,7.887346167647812,2.887346167647812,2.887346167647812,0-25%
5.0,8.521629767483255,3.5216297674832546,3.5216297674832546,0-25%
5.0,8.521629767483255,3.5216297674832546,3.5216297674832546,0-25%
5.0,8.470882686944623,3.4708826869446234,3.4708826869446234,0-25%
5.0,8.521629767483255,3.5216297674832546,3.5216297674832546,0-25%
5.0,8.521629767483255,3.5216297674832546,3.5216297674832546,0-25%
5.0,8.470882686944623,3.4708826869446234,3.4708826869446234,0-25%
5.0,8.470882686944623,3.4708826869446234,3.4708826869446234,0-25%
5.0,8.521629767483255,3.5216297674832546,3.5216297674832546,0-25%
5.0,8.521629767483255,3.5216297674832546,3.5216297674832546,0-25%
5.0,8.521629767483255,3.5216297674832546,3.5216297674832546,0-25%
5.0,8.521629767483255,3.5216297674832546,3.5216297674832546,0-25%
5.0,7.226133543064277,2.226133543064277,2.226133543064277,0-25%
5.0,7.32078345150694,2.32078345150694,2.32078345150694,0-25%
5.0,7.32078345150694,2.32078345150694,2.32078345150694,0-25%
5.0,7.934966530675434,2.9349665306754336,2.9349665306754336,0-25%
5.0,7.774755628963444,2.774755628963444,2.774755628963444,0-25%
5.0,8.521629767483255,3.5216297674832546,3.5216297674832546,0-25%
5.0,8.188171883825765,3.188171883825765,3.188171883825765,0-25%
5.0,8.521629767483255,3.5216297674832546,3.5216297674832546,0-25%
5.0,7.32078345150694,2.32078345150694,2.32078345150694,0-25%
5.0,7.32078345150694,2.32078345150694,2.32078345150694,0-25%
5.0,7.32078345150694,2.32078345150694,2.32078345150694,0-25%
5.0,7.226133543064277,2.226133543064277,2.226133543064277,0-25%
5.0,7.270210982858444,2.270210982858444,2.270210982858444,0-25%
5.0,7.887346167647812,2.887346167647812,2.887346167647812,0-25%
5.0,7.887346167647812,2.887346167647812,2.887346167647812,0-25%
5.0,8.451698035469628,3.4516980354696276,3.4516980354696276,0-25%
5.0,8.188171883825765,3.188171883825765,3.188171883825765,0-25%
5.0,8.137122332170076,3.137122332170076,3.137122332170076,0-25%
5.0,7.270210982858444,2.270210982858444,2.270210982858444,0-25%
5.0,7.32078345150694,2.32078345150694,2.32078345150694,0-25%
5.0,7.2764364774836325,2.2764364774836325,2.2764364774836325,0-25%
5.0,7.226133543064277,2.226133543064277,2.226133543064277,0-25%
5.0,7.226133543064277,2.226133543064277,2.226133543064277,0-25%
5.0,7.302457894140054,2.302457894140054,2.302457894140054,0-25%
5.0,7.226133543064277,2.226133543064277,2.226133543064277,0-25%
5.0,7.887346167647812,2.887346167647812,2.887346167647812,0-25%
5.0,7.307604217696391,2.307604217696391,2.307604217696391,0-25%
5.0,7.2605333273244765,2.2605333273244765,2.2605333273244765,0-25%
5.0,7.270210982858444,2.270210982858444,2.270210982858444,0-25%
5.0,7.226133543064277,2.226133543064277,2.226133543064277,0-25%
5.0,7.226133543064277,2.226133543064277,2.226133543064277,0-25%
5.0,7.270210982858444,2.270210982858444,2.270210982858444,0-25%
5.0,7.226133543064277,2.226133543064277,2.226133543064277,0-25%
5.0,7.226133543064277,2.226133543064277,2.226133543064277,0-25%
5.0,8.470882686944623,3.4708826869446234,3.4708826869446234,0-25%
5.0,7.226133543064277,2.226133543064277,2.226133543064277,0-25%
5.0,7.226133543064277,2.226133543064277,2.226133543064277,0-25%
5.0,7.226133543064277,2.226133543064277,2.226133543064277,0-25%
5.0,7.270210982858444,2.270210982858444,2.270210982858444,0-25%
5.0,7.226133543064277,2.226133543064277,2.226133543064277,0-25%
5.0,7.229544711328364,2.229544711328364,2.229544711328364,0-25%
5.0,7.205539807434326,2.2055398074343264,2.2055398074343264,0-25%
5.0,7.8458309655493395,2.8458309655493395,2.8458309655493395,0-25%
5.0,8.451698035469628,3.4516980354696276,3.4516980354696276,0-25%
5.0,7.226133543064277,2.226133543064277,2.226133543064277,0-25%
5.0,7.226133543064277,2.226133543064277,2.226133543064277,0-25%
5.0,7.229544711328364,2.229544711328364,2.229544711328364,0-25%
5.0,7.226133543064277,2.226133543064277,2.226133543064277,0-25%
5.0,7.229544711328364,2.229544711328364,2.229544711328364,0-25%
5.0,7.8458309655493395,2.8458309655493395,2.8458309655493395,0-25%
5.0,7.094517488594932,2.0945174885949323,2.0945174885949323,0-25%
5.0,7.205539807434326,2.2055398074343264,2.2055398074343264,0-25%
5.0,7.229544711328364,2.229544711328364,2.229544711328364,0-25%
5.0,7.744309429755557,2.744309429755557,2.744309429755557,0-25%
5.0,7.625997468285201,2.6259974682852008,2.6259974682852008,0-25%
5.0,7.09818389607055,2.09818389607055,2.09818389607055,0-25%
5.0,6.559632378955546,1.5596323789555457,1.5596323789555457,0-25%
5.0,6.559632378955546,1.5596323789555457,1.5596323789555457,0-25%
5.0,7.094593907272632,2.094593907272632,2.094593907272632,0-25%
5.0,6.559632378955546,1.5596323789555457,1.5596323789555457,0-25%
5.0,6.592932685348654,1.5929326853486536,1.5929326853486536,0-25%
5.0,7.094593907272632,2.094593907272632,2.094593907272632,0-25%
5.0,7.094593907272632,2.094593907272632,2.094593907272632,0-25%
5.0,7.094593907272632,2.094593907272632,2.094593907272632,0-25%
5.0,6.559632378955546,1.5596323789555457,1.5596323789555457,0-25%
5.0,7.094593907272632,2.094593907272632,2.094593907272632,0-25%
5.0,7.015528556530871,2.015528556530871,2.015528556530871,0-25%
5.0,6.559632378955546,1.5596323789555457,1.5596323789555457,0-25%
8.0,6.294016799945517,-1.705983200054483,1.705983200054483,25-50%
8.0,6.77293650160255,-1.2270634983974498,1.2270634983974498,25-50%
8.0,6.77293650160255,-1.2270634983974498,1.2270634983974498,25-50%
8.0,6.8424564530245595,-1.1575435469754405,1.1575435469754405,25-50%
8.0,6.8424564530245595,-1.1575435469754405,1.1575435469754405,25-50%
6.5,7.390562927200172,0.8905629272001718,0.8905629272001718,25-50%
5.0,7.649334687206867,2.649334687206867,2.649334687206867,0-25%
5.0,7.65438200627566,2.65438200627566,2.65438200627566,0-25%
5.0,7.015528556530871,2.015528556530871,2.015528556530871,0-25%
5.0,7.015528556530871,2.015528556530871,2.015528556530871,0-25%
5.0,7.015528556530871,2.015528556530871,2.015528556530871,0-25%
5.0,7.015528556530871,2.015528556530871,2.015528556530871,0-25%
8.0,6.509220611190084,-1.4907793888099157,1.4907793888099157,25-50%
8.0,6.509220611190084,-1.4907793888099157,1.4907793888099157,25-50%
8.0,6.509220611190084,-1.4907793888099157,1.4907793888099157,25-50%
8.0,7.002270434548712,-0.9977295654512881,0.9977295654512881,25-50%
8.0,7.07384151347891,-0.9261584865210901,0.9261584865210901,25-50%
8.0,7.013343949098559,-0.9866560509014413,0.9866560509014413,25-50%
8.0,6.8424564530245595,-1.1575435469754405,1.1575435469754405,25-50%
6.5,7.532104627053777,1.0321046270537773,1.0321046270537773,25-50%
5.0,7.093460957104879,2.0934609571048792,2.0934609571048792,0-25%
5.0,7.015528556530871,2.015528556530871,2.015528556530871,0-25%
5.0,7.015528556530871,2.015528556530871,2.015528556530871,0-25%
8.0,6.5539131814267595,-1.4460868185732405,1.4460868185732405,25-50%
8.0,6.5539131814267595,-1.4460868185732405,1.4460868185732405,25-50%
8.0,6.5539131814267595,-1.4460868185732405,1.4460868185732405,25-50%
8.0,7.049897485605913,-0.9501025143940867,0.9501025143940867,25-50%
8.0,7.164942611924225,-0.835057388075775,0.835057388075775,25-50%
8.0,7.013343949098559,-0.9866560509014413,0.9866560509014413,25-50%
8.0,6.888577773781109,-1.1114222262188909,1.1114222262188909,25-50%
8.0,6.888577773781109,-1.1114222262188909,1.1114222262188909,25-50%
8.0,7.086980075474187,-0.9130199245258126,0.9130199245258126,25-50%
8.0,6.92370718504716,-1.07629281495284,1.07629281495284,25-50%
8.0,6.622350451643504,-1.3776495483564961,1.3776495483564961,25-50%
8.0,7.122828295930033,-0.8771717040699674,0.8771717040699674,25-50%
8.0,6.888577773781109,-1.1114222262188909,1.1114222262188909,25-50%
4.0,7.8873463519651015,3.8873463519651015,3.8873463519651015,0-25%
6.0,7.730563579394393,1.730563579394393,1.730563579394393,25-50%
8.0,6.664936898335689,-1.3350631016643106,1.3350631016643106,25-50%
8.0,6.593950816137203,-1.4060491838627973,1.4060491838627973,25-50%
8.0,6.593950816137203,-1.4060491838627973,1.4060491838627973,25-50%
8.0,6.378167002225124,-1.6218329977748764,1.6218329977748764,25-50%
8.0,6.378167002225124,-1.6218329977748764,1.6218329977748764,25-50%
4.0,7.942612058243981,3.9426120582439808,3.9426120582439808,0-25%
4.0,8.036236098070582,4.036236098070582,4.036236098070582,0-25%
4.0,7.980391791417225,3.980391791417225,3.980391791417225,0-25%
4.0,7.906757267488047,3.9067572674880466,3.9067572674880466,0-25%
6.0,7.554296995655954,1.554296995655954,1.554296995655954,25-50%
6.0,7.155073796172877,1.1550737961728768,1.1550737961728768,25-50%
8.0,6.593950816137203,-1.4060491838627973,1.4060491838627973,25-50%
4.0,7.176839301077664,3.1768393010776643,3.1768393010776643,0-25%
4.0,8.134405123286458,4.134405123286458,4.134405123286458,0-25%
4.0,8.209257026025492,4.209257026025492,4.209257026025492,0-25%
4.0,8.34829721364842,4.34829721364842,4.34829721364842,0-25%
4.0,8.19514097111738,4.195140971117381,4.195140971117381,0-25%
4.0,7.267123499436812,3.2671234994368117,3.2671234994368117,0-25%
4.0,7.236321544638347,3.236321544638347,3.236321544638347,0-25%
4.0,7.144424029183729,3.144424029183729,3.144424029183729,0-25%
4.0,7.753865039216626,3.7538650392166257,3.7538650392166257,0-25%
4.0,8.134405123286458,4.134405123286458,4.134405123286458,0-25%
4.0,8.209257026025492,4.209257026025492,4.209257026025492,0-25%
4.0,8.08465424621922,4.08465424621922,4.08465424621922,0-25%
4.0,8.241217994466068,4.2412179944660675,4.2412179944660675,0-25%
4.0,7.855613418304259,3.8556134183042587,3.8556134183042587,0-25%
4.0,7.577128008332178,3.5771280083321777,3.5771280083321777,0-25%
4.0,8.010815102178169,4.010815102178169,4.010815102178169,0-25%
4.0,8.209257026025492,4.209257026025492,4.209257026025492,0-25%
4.0,8.155384047932525,4.155384047932525,4.155384047932525,0-25%
4.0,8.258602258507876,4.258602258507876,4.258602258507876,0-25%
4.0,8.544598163850758,4.5445981638507575,4.5445981638507575,0-25%
4.0,7.859158210259146,3.859158210259146,3.859158210259146,0-25%
4.0,7.777112272860834,3.777112272860834,3.777112272860834,0-25%
4.0,8.010815102178169,4.010815102178169,4.010815102178169,0-25%
4.0,8.209257026025492,4.209257026025492,4.209257026025492,0-25%
4.0,8.098803402102437,4.098803402102437,4.098803402102437,0-25%
4.0,8.201383719937823,4.201383719937823,4.201383719937823,0-25%
4.0,7.674768971023079,3.674768971023079,3.674768971023079,0-25%
4.0,7.5215842680015,3.5215842680015,3.5215842680015,0-25%
5.0,7.55367519570798,2.5536751957079797,2.5536751957079797,0-25%
4.0,8.098803402102437,4.098803402102437,4.098803402102437,0-25%
4.0,8.152343442999397,4.152343442999397,4.152343442999397,0-25%
4.0,8.258602258507876,4.258602258507876,4.258602258507876,0-25%
3.0,8.57003761695754,5.57003761695754,5.57003761695754,0-25%
4.0,7.809936661032724,3.809936661032724,3.809936661032724,0-25%
4.0,7.777112272860834,3.777112272860834,3.777112272860834,0-25%
4.0,7.855613418304259,3.8556134183042587,3.8556134183042587,0-25%
4.0,8.681145866760746,4.681145866760746,4.681145866760746,0-25%
4.0,8.292849133704403,4.292849133704403,4.292849133704403,0-25%
4.0,8.323870030273001,4.323870030273001,4.323870030273001,0-25%
4.0,7.855613418304259,3.8556134183042587,3.8556134183042587,0-25%
4.0,7.855613418304259,3.8556134183042587,3.8556134183042587,0-25%
4.0,7.55367519570798,3.5536751957079797,3.5536751957079797,0-25%
5.0,7.55367519570798,2.5536751957079797,2.5536751957079797,0-25%
4.0,8.753279485704525,4.753279485704525,4.753279485704525,0-25%
4.0,8.621315991503868,4.621315991503868,4.621315991503868,0-25%
4.0,8.241217994466068,4.2412179944660675,4.2412179944660675,0-25%
4.0,7.859158210259146,3.859158210259146,3.859158210259146,0-25%
4.0,7.55367519570798,3.5536751957079797,3.5536751957079797,0-25%
4.0,7.55367519570798,3.5536751957079797,3.5536751957079797,0-25%
4.0,7.55367519570798,3.5536751957079797,3.5536751957079797,0-25%
4.0,7.55367519570798,3.5536751957079797,3.5536751957079797,0-25%
4.0,7.144424029183729,3.144424029183729,3.144424029183729,0-25%
4.0,7.55367519570798,3.5536751957079797,3.5536751957079797,0-25%
4.0,7.55367519570798,3.5536751957079797,3.5536751957079797,0-25%
4.0,7.55367519570798,3.5536751957079797,3.5536751957079797,0-25%
4.0,7.55367519570798,3.5536751957079797,3.5536751957079797,0-25%
3.0,6.55973556255437,3.55973556255437,3.55973556255437,0-25%
4.0,8.468845307754865,4.468845307754865,4.468845307754865,0-25%
4.0,8.51958147156596,4.51958147156596,4.51958147156596,0-25%
4.0,8.468845307754865,4.468845307754865,4.468845307754865,0-25%
4.0,7.772868000840006,3.772868000840006,3.772868000840006,0-25%
4.0,8.51958147156596,4.51958147156596,4.51958147156596,0-25%
4.0,8.186195321470723,4.1861953214707235,4.1861953214707235,0-25%
4.0,8.51958147156596,4.51958147156596,4.51958147156596,0-25%
4.0,8.51958147156596,4.51958147156596,4.51958147156596,0-25%
4.0,8.468845307754865,4.468845307754865,4.468845307754865,0-25%
4.0,8.430554343525538,4.430554343525538,4.430554343525538,0-25%
4.0,8.449664783287982,4.449664783287982,4.449664783287982,0-25%
4.0,8.186195321470723,4.1861953214707235,4.1861953214707235,0-25%
4.0,8.135156751610252,4.135156751610252,4.135156751610252,0-25%
4.0,8.502460524982823,4.502460524982823,4.502460524982823,0-25%
4.0,8.468845307754865,4.468845307754865,4.468845307754865,0-25%
4.0,8.534056625762837,4.534056625762837,4.534056625762837,0-25%
4.0,8.135156751610252,4.135156751610252,4.135156751610252,0-25%
4.0,7.697050126797063,3.6970501267970626,3.6970501267970626,0-25%
4.0,7.169157338398969,3.1691573383989686,3.1691573383989686,0-25%
4.0,7.569069983119218,3.569069983119218,3.569069983119218,0-25%
4.0,7.817108864826258,3.817108864826258,3.817108864826258,0-25%
4.0,7.8012113884587615,3.8012113884587615,3.8012113884587615,0-25%
4.0,8.449664783287982,4.449664783287982,4.449664783287982,0-25%
4.0,8.399301251883072,4.399301251883072,4.399301251883072,0-25%
4.0,8.186195321470723,4.1861953214707235,4.1861953214707235,0-25%
4.0,7.169157338398969,3.1691573383989686,3.1691573383989686,0-25%
4.0,7.123769439173425,3.123769439173425,3.123769439173425,0-25%
4.0,8.086469442113076,4.086469442113076,4.086469442113076,0-25%
4.0,8.449664783287982,4.449664783287982,4.449664783287982,0-25%
4.0,8.135156751610252,4.135156751610252,4.135156751610252,0-25%
4.0,7.123769439173425,3.123769439173425,3.123769439173425,0-25%
4.0,7.123769439173425,3.123769439173425,3.123769439173425,0-25%
4.0,7.123769439173425,3.123769439173425,3.123769439173425,0-25%
4.0,7.521460166250804,3.5214601662508036,3.5214601662508036,0-25%
4.0,8.086469442113076,4.086469442113076,4.086469442113076,0-25%
4.0,8.399301251883072,4.399301251883072,4.399301251883072,0-25%
7.0,7.164942611924225,0.164942611924225,0.164942611924225,25-50%
7.0,8.166675343091356,1.166675343091356,1.166675343091356,25-50%
7.0,8.372302587370918,1.3723025873709176,1.3723025873709176,25-50%
7.0,8.36351809349972,1.3635180934997209,1.3635180934997209,25-50%
7.0,8.36351809349972,1.3635180934997209,1.3635180934997209,25-50%
7.0,6.85696520662167,-0.14303479337833025,0.14303479337833025,25-50%
7.0,8.040667334935884,1.0406673349358844,1.0406673349358844,25-50%
7.0,8.245493773991981,1.2454937739919814,1.2454937739919814,25-50%
7.0,8.317475813555918,1.3174758135559177,1.3174758135559177,25-50%
7.0,8.481115131144376,1.4811151311443762,1.4811151311443762,25-50%
7.0,8.422521453970264,1.4225214539702637,1.4225214539702637,25-50%
7.0,8.360549158580918,1.360549158580918,1.360549158580918,25-50%
7.0,7.675044872372879,0.6750448723728786,0.6750448723728786,25-50%
7.0,8.213766690413655,1.2137666904136548,1.2137666904136548,25-50%
7.0,8.108022442247558,1.1080224422475577,1.1080224422475577,25-50%
7.0,7.621432742186522,0.6214327421865216,0.6214327421865216,25-50%
7.0,7.833727186069924,0.8337271860699236,0.8337271860699236,25-50%
7.0,7.621432742186522,0.6214327421865216,0.6214327421865216,25-50%
7.0,7.838028651842034,0.8380286518420341,0.8380286518420341,25-50%
7.0,7.838028651842034,0.8380286518420341,0.8380286518420341,25-50%
7.0,8.040661036154004,1.0406610361540043,1.0406610361540043,25-50%
7.0,7.785738639130822,0.7857386391308223,0.7857386391308223,25-50%
7.0,7.785738639130822,0.7857386391308223,0.7857386391308223,25-50%
7.0,7.785738639130822,0.7857386391308223,0.7857386391308223,25-50%
7.0,7.853799540840357,0.8537995408403569,0.8537995408403569,25-50%
7.0,8.040661036154004,1.0406610361540043,1.0406610361540043,25-50%
7.0,7.785738639130822,0.7857386391308223,0.7857386391308223,25-50%
7.0,7.556682567907693,0.5566825679076928,0.5566825679076928,25-50%
7.0,7.140542898597378,0.14054289859737779,0.14054289859737779,25-50%
7.0,7.148284472016078,0.14828447201607808,0.14828447201607808,25-50%
7.0,7.0597110549898945,0.059711054989894485,0.059711054989894485,25-50%
4.0,6.692357191358457,2.6923571913584574,2.6923571913584574,0-25%
4.5,6.692357191358457,2.1923571913584574,2.1923571913584574,0-25%
4.5,6.692357191358457,2.1923571913584574,2.1923571913584574,0-25%
4.5,6.692357191358457,2.1923571913584574,2.1923571913584574,0-25%
4.0,6.692357191358457,2.6923571913584574,2.6923571913584574,0-25%
5.0,6.692357191358457,1.6923571913584574,1.6923571913584574,0-25%
4.5,6.8049944054429385,2.3049944054429385,2.3049944054429385,0-25%
4.5,6.692357191358457,2.1923571913584574,2.1923571913584574,0-25%
4.5,6.692357191358457,2.1923571913584574,2.1923571913584574,0-25%
5.0,6.692357191358457,1.6923571913584574,1.6923571913584574,0-25%
5.0,6.692357191358457,1.6923571913584574,1.6923571913584574,0-25%
4.5,6.692357191358457,2.1923571913584574,2.1923571913584574,0-25%
5.0,6.692357191358457,1.6923571913584574,1.6923571913584574,0-25%
5.0,6.692357191358457,1.6923571913584574,1.6923571913584574,0-25%
5.0,6.692357191358457,1.6923571913584574,1.6923571913584574,0-25%
5.0,6.170337969251927,1.1703379692519267,1.1703379692519267,0-25%
5.0,6.170337969251927,1.1703379692519267,1.1703379692519267,0-25%
5.0,6.74676448774023,1.7467644877402302,1.7467644877402302,0-25%
5.0,7.861433930525505,2.8614339305255054,2.8614339305255054,0-25%
5.0,7.575311515653289,2.575311515653289,2.575311515653289,0-25%
5.0,6.74676448774023,1.7467644877402302,1.7467644877402302,0-25%
5.0,6.703723406349762,1.703723406349762,1.703723406349762,0-25%
5.0,7.566503665034954,2.566503665034954,2.566503665034954,0-25%
5.0,7.821260206148016,2.8212602061480156,2.8212602061480156,0-25%
5.0,6.74676448774023,1.7467644877402302,1.7467644877402302,0-25%
5.0,6.703723406349762,1.703723406349762,1.703723406349762,0-25%
5.0,6.703723406349762,1.703723406349762,1.703723406349762,0-25%
5.0,6.703723406349762,1.703723406349762,1.703723406349762,0-25%
5.0,7.0808512145198055,2.0808512145198055,2.0808512145198055,0-25%
5.0,7.566503665034954,2.566503665034954,2.566503665034954,0-25%
5.0,7.861433930525505,2.8614339305255054,2.8614339305255054,0-25%
5.0,7.893145131800562,2.893145131800562,2.893145131800562,0-25%
5.0,6.526672792237155,1.5266727922371546,1.5266727922371546,0-25%
5.0,6.526672792237155,1.5266727922371546,1.5266727922371546,0-25%
5.0,6.526672792237155,1.5266727922371546,1.5266727922371546,0-25%
5.0,6.697329092422002,1.6973290924220024,1.6973290924220024,0-25%
5.0,6.703723406349762,1.703723406349762,1.703723406349762,0-25%
5.0,7.434819353256792,2.434819353256792,2.434819353256792,0-25%
5.0,7.8705450205776675,2.8705450205776675,2.8705450205776675,0-25%
5.0,7.821260206148016,2.8212602061480156,2.8212602061480156,0-25%
5.0,6.349101087556949,1.3491010875569494,1.3491010875569494,0-25%
5.0,6.526672792237155,1.5266727922371546,1.5266727922371546,0-25%
5.0,6.526672792237155,1.5266727922371546,1.5266727922371546,0-25%
5.0,6.697329092422002,1.6973290924220024,1.6973290924220024,0-25%
5.0,6.697329092422002,1.6973290924220024,1.6973290924220024,0-25%
5.0,7.133292897660138,2.133292897660138,2.133292897660138,0-25%
5.0,7.864214816263573,2.8642148162635728,2.8642148162635728,0-25%
5.0,6.703723406349762,1.703723406349762,1.703723406349762,0-25%
5.0,7.0808512145198055,2.0808512145198055,2.0808512145198055,0-25%
5.0,6.74676448774023,1.7467644877402302,1.7467644877402302,0-25%
5.0,7.29344057273286,2.2934405727328597,2.2934405727328597,0-25%
5.0,7.553667356254406,2.5536673562544063,2.5536673562544063,0-25%
5.0,8.090119281309422,3.0901192813094216,3.0901192813094216,0-25%
5.0,7.566503665034954,2.566503665034954,2.566503665034954,0-25%
5.0,7.7030297270374035,2.7030297270374035,2.7030297270374035,0-25%
5.0,7.609323265382427,2.609323265382427,2.609323265382427,0-25%
5.0,7.609323265382427,2.609323265382427,2.609323265382427,0-25%
8.0,8.439217211165444,0.43921721116544354,0.43921721116544354,25-50%
8.0,8.198396502876728,0.1983965028767276,0.1983965028767276,25-50%
8.0,8.042903287897627,0.04290328789762654,0.04290328789762654,25-50%
8.0,8.277220308337988,0.27722030833798783,0.27722030833798783,25-50%
8.0,8.400944027544806,0.4009440275448064,0.4009440275448064,25-50%
8.0,8.015530070626168,0.015530070626168069,0.015530070626168069,25-50%
8.0,8.015530070626168,0.015530070626168069,0.015530070626168069,25-50%
8.0,8.059039762398225,0.05903976239822484,0.05903976239822484,25-50%
8.0,8.673821524265623,0.6738215242656231,0.6738215242656231,25-50%
8.0,8.400944027544806,0.4009440275448064,0.4009440275448064,25-50%
8.0,8.107903453894998,0.10790345389499834,0.10790345389499834,25-50%
8.0,7.793133618497983,-0.2068663815020173,0.2068663815020173,25-50%
8.0,7.9427927842340775,-0.05720721576592247,0.05720721576592247,25-50%
8.0,8.255596465523874,0.25559646552387427,0.25559646552387427,25-50%
8.0,8.291326693020583,0.2913266930205829,0.2913266930205829,25-50%
8.0,8.142202366175201,0.14220236617520143,0.14220236617520143,25-50%
8.0,7.793133618497983,-0.2068663815020173,0.2068663815020173,25-50%
8.0,8.142202366175201,0.14220236617520143,0.14220236617520143,25-50%
8.0,8.400944027544806,0.4009440275448064,0.4009440275448064,25-50%
8.0,8.142202366175201,0.14220236617520143,0.14220236617520143,25-50%
8.0,8.142202366175201,0.14220236617520143,0.14220236617520143,25-50%
8.0,8.142202366175201,0.14220236617520143,0.14220236617520143,25-50%
8.0,8.142202366175201,0.14220236617520143,0.14220236617520143,25-50%
3.0,7.823205821996776,4.823205821996776,4.823205821996776,0-25%
3.0,7.898971259739903,4.898971259739903,4.898971259739903,0-25%
3.0,7.898971259739903,4.898971259739903,4.898971259739903,0-25%
3.0,7.741698874329694,4.741698874329694,4.741698874329694,0-25%
3.0,7.898971259739903,4.898971259739903,4.898971259739903,0-25%
3.0,7.779432462186973,4.779432462186973,4.779432462186973,0-25%
3.0,7.727782833203832,4.727782833203832,4.727782833203832,0-25%
3.0,7.7396304952940405,4.7396304952940405,4.7396304952940405,0-25%
3.0,8.687696689488941,5.687696689488941,5.687696689488941,0-25%
3.0,7.857463955862017,4.857463955862017,4.857463955862017,0-25%
3.0,7.727782833203832,4.727782833203832,4.727782833203832,0-25%
3.0,7.7396304952940405,4.7396304952940405,4.7396304952940405,0-25%
3.0,8.892724921210974,5.892724921210974,5.892724921210974,0-25%
3.0,8.794161954414667,5.794161954414667,5.794161954414667,0-25%
3.0,8.794161954414667,5.794161954414667,5.794161954414667,0-25%
3.0,8.800901705031912,5.800901705031912,5.800901705031912,0-25%
3.0,7.687074000276487,4.687074000276487,4.687074000276487,0-25%
3.0,8.892724921210974,5.892724921210974,5.892724921210974,0-25%
3.0,8.892724921210974,5.892724921210974,5.892724921210974,0-25%
3.0,8.794161954414667,5.794161954414667,5.794161954414667,0-25%
3.0,8.838766461443145,5.838766461443145,5.838766461443145,0-25%
3.0,8.800901705031912,5.800901705031912,5.800901705031912,0-25%
3.0,8.846830088977388,5.846830088977388,5.846830088977388,0-25%
3.0,8.892724921210974,5.892724921210974,5.892724921210974,0-25%
3.0,8.832190049655935,5.832190049655935,5.832190049655935,0-25%
3.0,8.800901705031912,5.800901705031912,5.800901705031912,0-25%
3.0,8.846830088977388,5.846830088977388,5.846830088977388,0-25%
3.0,8.892724921210974,5.892724921210974,5.892724921210974,0-25%
3.0,8.69436317714215,5.694363177142151,5.694363177142151,0-25%
3.0,8.723245178411977,5.723245178411977,5.723245178411977,0-25%
3.0,8.723245178411977,5.723245178411977,5.723245178411977,0-25%
3.0,8.568895857958996,5.568895857958996,5.568895857958996,0-25%
3.0,8.553694400770874,5.553694400770874,5.553694400770874,0-25%
3.0,8.59846433702185,5.59846433702185,5.59846433702185,0-25%
3.0,8.611493919015723,5.611493919015723,5.611493919015723,0-25%
3.0,8.723245178411977,5.723245178411977,5.723245178411977,0-25%
3.0,8.723245178411977,5.723245178411977,5.723245178411977,0-25%
3.0,8.602184357243567,5.6021843572435674,5.6021843572435674,0-25%
3.0,7.9947725513730745,4.9947725513730745,4.9947725513730745,0-25%
3.0,8.17512164501997,5.175121645019971,5.175121645019971,0-25%
3.0,8.770329003730552,5.770329003730552,5.770329003730552,0-25%
3.0,7.910238715352216,4.910238715352216,4.910238715352216,0-25%
3.0,7.960020657087023,4.960020657087023,4.960020657087023,0-25%
3.0,8.067815932932398,5.0678159329323975,5.0678159329323975,0-25%
3.0,8.13877288364975,5.13877288364975,5.13877288364975,0-25%
3.0,8.284462208350156,5.284462208350156,5.284462208350156,0-25%
3.0,7.366167581397201,4.366167581397201,4.366167581397201,0-25%
3.0,7.366167581397201,4.366167581397201,4.366167581397201,0-25%
3.0,6.934707832829856,3.934707832829856,3.934707832829856,0-25%
3.0,7.038202868842083,4.038202868842083,4.038202868842083,0-25%
3.0,7.288371426933947,4.288371426933947,4.288371426933947,0-25%
3.0,6.7686306544383825,3.7686306544383825,3.7686306544383825,0-25%
3.0,6.934707832829856,3.934707832829856,3.934707832829856,0-25%
2.0,7.651619624642391,5.651619624642391,5.651619624642391,0-25%
2.0,7.356363672269623,5.356363672269623,5.356363672269623,0-25%
2.0,8.006998322938186,6.006998322938186,6.006998322938186,0-25%
2.0,8.248340214931828,6.248340214931828,6.248340214931828,0-25%
2.0,8.267770210046296,6.2677702100462955,6.2677702100462955,0-25%
2.0,8.216278409495235,6.216278409495235,6.216278409495235,0-25%
2.0,8.132657181524479,6.132657181524479,6.132657181524479,0-25%
2.0,8.248340214931828,6.248340214931828,6.248340214931828,0-25%
2.0,8.248340214931828,6.248340214931828,6.248340214931828,0-25%
2.0,8.267770210046296,6.2677702100462955,6.2677702100462955,0-25%
2.0,8.33359161602979,6.333591616029789,6.333591616029789,0-25%
2.0,8.68845059675515,6.68845059675515,6.68845059675515,0-25%
2.0,8.258251123138942,6.258251123138942,6.258251123138942,0-25%
2.0,8.258251123138942,6.258251123138942,6.258251123138942,0-25%
2.0,8.216278409495235,6.216278409495235,6.216278409495235,0-25%
2.0,8.196956367578837,6.196956367578837,6.196956367578837,0-25%
2.0,8.258251123138942,6.258251123138942,6.258251123138942,0-25%
2.0,8.132657181524479,6.132657181524479,6.132657181524479,0-25%
2.0,8.248340214931828,6.248340214931828,6.248340214931828,0-25%
2.0,8.23884108490816,6.2388410849081595,6.2388410849081595,0-25%
2.0,8.196956367578837,6.196956367578837,6.196956367578837,0-25%
2.0,8.248340214931828,6.248340214931828,6.248340214931828,0-25%
2.0,8.09125385387783,6.091253853877831,6.091253853877831,0-25%
2.0,8.020565186722502,6.020565186722502,6.020565186722502,0-25%
2.0,7.441236966207105,5.441236966207105,5.441236966207105,0-25%
2.0,7.470485945998394,5.470485945998394,5.470485945998394,0-25%
2.0,7.618848392452167,5.618848392452167,5.618848392452167,0-25%
2.0,7.4766392044545915,5.4766392044545915,5.4766392044545915,0-25%
2.0,7.997747079341588,5.997747079341588,5.997747079341588,0-25%
2.0,7.888464166709268,5.888464166709268,5.888464166709268,0-25%
2.0,8.006998322938186,6.006998322938186,6.006998322938186,0-25%
2.0,7.363305458436415,5.363305458436415,5.363305458436415,0-25%
2.0,7.363305458436415,5.363305458436415,5.363305458436415,0-25%
2.0,7.651619624642391,5.651619624642391,5.651619624642391,0-25%
2.0,8.006998322938186,6.006998322938186,6.006998322938186,0-25%
10.0,7.500817824732468,-2.4991821752675323,2.4991821752675323,50-75%
10.0,7.850806319158126,-2.149193680841874,2.149193680841874,50-75%
10.0,7.850806319158126,-2.149193680841874,2.149193680841874,50-75%
10.0,7.850806319158126,-2.149193680841874,2.149193680841874,50-75%
10.0,7.850806319158126,-2.149193680841874,2.149193680841874,50-75%
10.0,7.8982308936098065,-2.1017691063901935,2.1017691063901935,50-75%
10.0,7.563308021905387,-2.436691978094613,2.436691978094613,50-75%
3.0,7.590382503328867,4.590382503328867,4.590382503328867,0-25%
3.0,7.590382503328867,4.590382503328867,4.590382503328867,0-25%
3.0,7.54459865713871,4.54459865713871,4.54459865713871,0-25%
3.0,7.602043649243026,4.602043649243026,4.602043649243026,0-25%
3.0,7.590382503328867,4.590382503328867,4.590382503328867,0-25%
3.0,7.590382503328867,4.590382503328867,4.590382503328867,0-25%
10.0,7.4555113281210215,-2.5444886718789785,2.5444886718789785,50-75%
10.0,7.5339639099754505,-2.4660360900245495,2.4660360900245495,50-75%
10.0,7.4555113281210215,-2.5444886718789785,2.5444886718789785,50-75%
10.0,7.850806319158126,-2.149193680841874,2.149193680841874,50-75%
10.0,7.850806319158126,-2.149193680841874,2.149193680841874,50-75%
10.0,7.850806319158126,-2.149193680841874,2.149193680841874,50-75%
10.0,7.850806319158126,-2.149193680841874,2.149193680841874,50-75%
10.0,7.81123412477512,-2.18876587522488,2.18876587522488,50-75%
10.0,7.5157302185365396,-2.4842697814634604,2.4842697814634604,50-75%
10.0,7.173500503358151,-2.8264994966418486,2.8264994966418486,50-75%
10.0,7.0250911231190685,-2.9749088768809315,2.9749088768809315,50-75%
10.0,7.053224576058655,-2.946775423941345,2.946775423941345,50-75%
12.0,7.161983579190402,-4.838016420809598,4.838016420809598,50-75%
12.0,7.14726731073423,-4.85273268926577,4.85273268926577,50-75%
14.0,7.56127275016983,-6.43872724983017,6.43872724983017,50-75%
14.0,7.63078827210392,-6.36921172789608,6.36921172789608,50-75%
14.0,7.623220320572148,-6.376779679427852,6.376779679427852,50-75%
3.0,7.590382503328867,4.590382503328867,4.590382503328867,0-25%
3.0,7.54459865713871,4.54459865713871,4.54459865713871,0-25%
3.0,7.54459865713871,4.54459865713871,4.54459865713871,0-25%
12.5,7.500020635607117,-4.999979364392883,4.999979364392883,50-75%
22.0,7.511559118424008,-14.488440881575993,14.488440881575993,75-100%
22.0,8.355275548864194,-13.644724451135806,13.644724451135806,75-100%
22.0,8.355275548864194,-13.644724451135806,13.644724451135806,75-100%
22.0,8.097914265351816,-13.902085734648184,13.902085734648184,75-100%
10.0,7.500817824732468,-2.4991821752675323,2.4991821752675323,50-75%
10.0,7.4555113281210215,-2.5444886718789785,2.5444886718789785,50-75%
10.0,7.4555113281210215,-2.5444886718789785,2.5444886718789785,50-75%
10.0,7.850806319158126,-2.149193680841874,2.149193680841874,50-75%
10.0,7.7622788421258155,-2.2377211578741845,2.2377211578741845,50-75%
10.0,7.743908615929491,-2.2560913840705092,2.2560913840705092,50-75%
10.0,7.697306527254467,-2.302693472745533,2.302693472745533,50-75%
10.0,7.563308021905387,-2.436691978094613,2.436691978094613,50-75%
10.0,7.0250911231190685,-2.9749088768809315,2.9749088768809315,50-75%
10.0,6.980503656862321,-3.0194963431376793,3.0194963431376793,50-75%
12.0,7.343234571509058,-4.656765428490942,4.656765428490942,50-75%
12.0,7.612693717517402,-4.387306282482598,4.387306282482598,50-75%
12.0,7.387939464468687,-4.612060535531313,4.612060535531313,50-75%
12.0,7.434803294612295,-4.565196705387705,4.565196705387705,50-75%
14.0,7.566790960068249,-6.433209039931751,6.433209039931751,50-75%
14.0,7.679008910474364,-6.320991089525636,6.320991089525636,50-75%
8.5,7.449409234107495,-1.0505907658925047,1.0505907658925047,50-75%
3.0,7.4863697297982235,4.4863697297982235,4.4863697297982235,0-25%
3.0,7.54459865713871,4.54459865713871,4.54459865713871,0-25%
3.0,7.4994189412127295,4.4994189412127295,4.4994189412127295,0-25%
12.5,7.500020635607117,-4.999979364392883,4.999979364392883,50-75%
12.5,7.511559118424008,-4.988440881575992,4.988440881575992,50-75%
22.0,8.405403180831774,-13.594596819168226,13.594596819168226,75-100%
22.0,8.355275548864194,-13.644724451135806,13.644724451135806,75-100%
22.0,8.405403180831774,-13.594596819168226,13.594596819168226,75-100%
22.0,8.405403180831774,-13.594596819168226,13.594596819168226,75-100%
22.0,8.355275548864194,-13.644724451135806,13.644724451135806,75-100%
22.0,8.355275548864194,-13.644724451135806,13.644724451135806,75-100%
10.0,7.36359756788091,-2.63640243211909,2.63640243211909,50-75%
10.0,7.3493884843400155,-2.6506115156599845,2.6506115156599845,50-75%
10.0,7.405521086326893,-2.5944789136731066,2.5944789136731066,50-75%
10.0,7.743908615929491,-2.2560913840705092,2.2560913840705092,50-75%
10.0,7.008480800127116,-2.991519199872884,2.991519199872884,50-75%
10.0,7.0250911231190685,-2.9749088768809315,2.9749088768809315,50-75%
10.0,6.980503656862321,-3.0194963431376793,3.0194963431376793,50-75%
10.0,6.980503656862321,-3.0194963431376793,3.0194963431376793,50-75%
10.0,6.980503656862321,-3.0194963431376793,3.0194963431376793,50-75%
10.0,7.008480800127116,-2.991519199872884,2.991519199872884,50-75%
12.0,7.343234571509058,-4.656765428490942,4.656765428490942,50-75%
12.0,7.566790960068249,-4.433209039931751,4.433209039931751,50-75%
12.0,7.654649165011333,-4.345350834988667,4.345350834988667,50-75%
12.0,7.63078827210392,-4.36921172789608,4.36921172789608,50-75%
14.0,7.584789076771617,-6.415210923228383,6.415210923228383,50-75%
14.0,8.245153786276932,-5.754846213723068,5.754846213723068,50-75%
8.5,8.436296534399855,-0.06370346560014539,0.06370346560014539,50-75%
8.5,8.333721366138544,-0.16627863386145592,0.16627863386145592,50-75%
3.0,7.54459865713871,4.54459865713871,4.54459865713871,0-25%
3.0,7.533376941665665,4.533376941665665,4.533376941665665,0-25%
12.5,7.511559118424008,-4.988440881575992,4.988440881575992,50-75%
22.0,8.405403180831774,-13.594596819168226,13.594596819168226,75-100%
22.0,8.355275548864194,-13.644724451135806,13.644724451135806,75-100%
22.0,8.405403180831774,-13.594596819168226,13.594596819168226,75-100%
22.0,8.405403180831774,-13.594596819168226,13.594596819168226,75-100%
22.0,8.405403180831774,-13.594596819168226,13.594596819168226,75-100%
10.0,7.405521086326893,-2.5944789136731066,2.5944789136731066,50-75%
10.0,7.297650928346816,-2.7023490716531837,2.7023490716531837,50-75%
10.0,7.563308021905387,-2.436691978094613,2.436691978094613,50-75%
10.0,6.980503656862321,-3.0194963431376793,3.0194963431376793,50-75%
10.0,6.782725596746966,-3.2172744032530343,3.2172744032530343,50-75%
10.0,6.782725596746966,-3.2172744032530343,3.2172744032530343,50-75%
10.0,6.782725596746966,-3.2172744032530343,3.2172744032530343,50-75%
11.0,6.950769600884518,-4.049230399115482,4.049230399115482,50-75%
11.0,6.980503656862321,-4.019496343137679,4.019496343137679,50-75%
12.0,7.370304831918252,-4.629695168081748,4.629695168081748,50-75%
12.0,7.6608132607218336,-4.3391867392781664,4.3391867392781664,50-75%
12.0,7.612693717517402,-4.387306282482598,4.387306282482598,50-75%
12.0,8.144656392858662,-3.8553436071413376,3.8553436071413376,50-75%
14.0,8.294691361526487,-5.705308638473513,5.705308638473513,50-75%
14.0,8.245153786276932,-5.754846213723068,5.754846213723068,50-75%
14.0,8.177985702853825,-5.8220142971461755,5.8220142971461755,50-75%
8.5,8.436296534399855,-0.06370346560014539,0.06370346560014539,50-75%
3.0,8.473327032177954,5.473327032177954,5.473327032177954,0-25%
3.0,8.486186744626377,5.486186744626377,5.486186744626377,0-25%
3.0,7.533376941665665,4.533376941665665,4.533376941665665,0-25%
12.5,8.405403180831774,-4.094596819168226,4.094596819168226,50-75%
22.0,8.405403180831774,-13.594596819168226,13.594596819168226,75-100%
22.0,8.14835446303378,-13.85164553696622,13.85164553696622,75-100%
22.0,8.405403180831774,-13.594596819168226,13.594596819168226,75-100%
22.0,8.405403180831774,-13.594596819168226,13.594596819168226,75-100%
22.0,8.405403180831774,-13.594596819168226,13.594596819168226,75-100%
10.0,7.231578731290107,-2.7684212687098926,2.7684212687098926,50-75%
10.0,7.052561448947102,-2.9474385510528984,2.9474385510528984,50-75%
10.0,6.980503656862321,-3.0194963431376793,3.0194963431376793,50-75%
10.0,6.950769600884518,-3.0492303991154817,3.0492303991154817,50-75%
11.0,6.782725596746966,-4.217274403253034,4.217274403253034,50-75%
11.0,6.950769600884518,-4.049230399115482,4.049230399115482,50-75%
12.0,6.831456891740076,-5.168543108259924,5.168543108259924,50-75%
12.0,7.714127776799705,-4.285872223200295,4.285872223200295,50-75%
12.0,8.072551135054418,-3.927448864945582,3.927448864945582,50-75%
13.0,8.129120352825135,-4.870879647174865,4.870879647174865,50-75%
13.0,8.294691361526487,-4.705308638473513,4.705308638473513,50-75%
14.0,8.245153786276932,-5.754846213723068,5.754846213723068,50-75%
14.0,8.294691361526487,-5.705308638473513,5.705308638473513,50-75%
3.0,8.422837388954008,5.422837388954008,5.422837388954008,0-25%
3.0,8.486186744626377,5.486186744626377,5.486186744626377,0-25%
3.0,8.486186744626377,5.486186744626377,5.486186744626377,0-25%
3.0,8.442312445003397,5.442312445003397,5.442312445003397,0-25%
22.0,8.030067963040523,-13.969932036959477,13.969932036959477,75-100%
22.0,7.271391410299014,-14.728608589700986,14.728608589700986,75-100%
22.0,8.405403180831774,-13.594596819168226,13.594596819168226,75-100%
12.0,7.008480800127116,-4.991519199872884,4.991519199872884,50-75%
12.0,7.0250911231190685,-4.9749088768809315,4.9749088768809315,50-75%
11.0,7.2191662524841,-3.7808337475159,3.7808337475159,50-75%
11.0,8.223275291527894,-2.7767247084721056,2.7767247084721056,50-75%
13.0,8.190495060711415,-4.809504939288585,4.809504939288585,50-75%
13.0,8.144656392858662,-4.855343607141338,4.855343607141338,50-75%
13.0,8.294691361526487,-4.705308638473513,4.705308638473513,50-75%
14.0,8.294691361526487,-5.705308638473513,5.705308638473513,50-75%
6.0,8.442312445003397,2.442312445003397,2.442312445003397,25-50%
14.0,8.391988099085864,-5.608011900914136,5.608011900914136,50-75%
22.0,7.5208506626391625,-14.479149337360838,14.479149337360838,75-100%
11.0,6.950769600884518,-4.049230399115482,4.049230399115482,50-75%
11.5,7.470344243887417,-4.029655756112583,4.029655756112583,50-75%
11.5,8.268203041583858,-3.231796958416142,3.231796958416142,50-75%
11.5,8.436296534399855,-3.0637034656001454,3.0637034656001454,50-75%
11.5,8.436296534399855,-3.0637034656001454,3.0637034656001454,50-75%
12.0,8.436296534399855,-3.5637034656001454,3.5637034656001454,50-75%
12.0,8.315995933430578,-3.684004066569422,3.684004066569422,50-75%
12.0,8.436296534399855,-3.5637034656001454,3.5637034656001454,50-75%
6.0,8.217388577768686,2.217388577768686,2.217388577768686,25-50%
6.0,8.266777380900697,2.266777380900697,2.266777380900697,25-50%
6.0,8.442312445003397,2.442312445003397,2.442312445003397,25-50%
6.0,8.442312445003397,2.442312445003397,2.442312445003397,25-50%
6.0,8.442312445003397,2.442312445003397,2.442312445003397,25-50%
6.0,8.442312445003397,2.442312445003397,2.442312445003397,25-50%
6.0,8.129174824513017,2.129174824513017,2.129174824513017,25-50%
11.0,6.6777468088529055,-4.3222531911470945,4.3222531911470945,50-75%
11.0,7.811228401356576,-3.1887715986434237,3.1887715986434237,50-75%
11.0,8.210771988433121,-2.7892280115668786,2.7892280115668786,50-75%
11.5,8.283975774106587,-3.2160242258934133,3.2160242258934133,50-75%
11.5,8.330512796776418,-3.169487203223582,3.169487203223582,50-75%
11.5,8.317864119832455,-3.182135880167545,3.182135880167545,50-75%
11.5,8.165617066223923,-3.3343829337760766,3.3343829337760766,50-75%
12.0,8.214728466166305,-3.7852715338336953,3.7852715338336953,50-75%
6.0,8.266777380900697,2.266777380900697,2.266777380900697,25-50%
6.0,8.166044932993746,2.1660449329937457,2.1660449329937457,25-50%
6.0,8.204893254850589,2.204893254850589,2.204893254850589,25-50%
6.0,8.442312445003397,2.442312445003397,2.442312445003397,25-50%
6.0,8.442312445003397,2.442312445003397,2.442312445003397,25-50%
6.0,8.442312445003397,2.442312445003397,2.442312445003397,25-50%
11.0,7.0250911231190685,-3.9749088768809315,3.9749088768809315,50-75%
11.0,7.858897372364222,-3.141102627635778,3.141102627635778,50-75%
11.0,8.330512796776418,-2.669487203223582,2.669487203223582,50-75%
11.0,8.268203041583858,-2.731796958416142,2.731796958416142,50-75%
11.5,7.846888029106962,-3.653111970893038,3.653111970893038,50-75%
11.5,8.136346215921881,-3.363653784078119,3.363653784078119,50-75%
12.0,7.846888029106962,-4.153111970893038,4.153111970893038,50-75%
6.0,8.102347949546974,2.1023479495469743,2.1023479495469743,25-50%
6.0,8.166044932993746,2.1660449329937457,2.1660449329937457,25-50%
6.0,8.114704070774401,2.114704070774401,2.114704070774401,25-50%
6.0,8.114704070774401,2.114704070774401,2.114704070774401,25-50%
6.0,8.133227211324053,2.133227211324053,2.133227211324053,25-50%
6.0,8.442312445003397,2.442312445003397,2.442312445003397,25-50%
11.0,7.811228401356576,-3.1887715986434237,3.1887715986434237,50-75%
11.0,7.863670121288495,-3.1363298787115053,3.1363298787115053,50-75%
11.0,7.863670121288495,-3.1363298787115053,3.1363298787115053,50-75%
11.0,8.223275291527894,-2.7767247084721056,2.7767247084721056,50-75%
11.0,7.811228401356576,-3.1887715986434237,3.1887715986434237,50-75%
6.0,7.997732789879581,1.9977327898795814,1.9977327898795814,25-50%
6.0,8.009946899660925,2.0099468996609247,2.0099468996609247,25-50%
6.0,8.114704070774401,2.114704070774401,2.114704070774401,25-50%
6.0,8.114704070774401,2.114704070774401,2.114704070774401,25-50%
6.0,8.129174824513017,2.129174824513017,2.129174824513017,25-50%
11.0,7.811228401356576,-3.1887715986434237,3.1887715986434237,50-75%
11.0,7.811228401356576,-3.1887715986434237,3.1887715986434237,50-75%
11.0,8.04144043537794,-2.9585595646220604,2.9585595646220604,50-75%
11.0,8.223275291527894,-2.7767247084721056,2.7767247084721056,50-75%
11.0,7.811228401356576,-3.1887715986434237,3.1887715986434237,50-75%
11.0,7.625604659352802,-3.3743953406471983,3.3743953406471983,50-75%
6.0,7.607430387546821,1.6074303875468212,1.6074303875468212,25-50%
6.0,7.961926916513992,1.9619269165139919,1.9619269165139919,25-50%
6.0,7.5157302185365396,1.5157302185365396,1.5157302185365396,25-50%
11.0,7.672964936358016,-3.3270350636419836,3.3270350636419836,50-75%
11.0,7.858897372364222,-3.141102627635778,3.141102627635778,50-75%
11.0,7.7853567647733115,-3.2146432352266885,3.2146432352266885,50-75%
11.0,7.658087311268521,-3.3419126887314787,3.3419126887314787,50-75%
6.0,7.607430387546821,1.6074303875468212,1.6074303875468212,25-50%
10.0,7.9708024043730274,-2.0291975956269726,2.0291975956269726,50-75%
10.0,7.9708024043730274,-2.0291975956269726,2.0291975956269726,50-75%
10.0,8.03281393247181,-1.9671860675281891,1.9671860675281891,50-75%
10.0,7.922991048205249,-2.0770089517947508,2.0770089517947508,50-75%
10.0,7.9708024043730274,-2.0291975956269726,2.0291975956269726,50-75%
10.0,7.922991048205249,-2.0770089517947508,2.0770089517947508,50-75%
10.0,7.922991048205249,-2.0770089517947508,2.0770089517947508,50-75%
10.0,7.922991048205249,-2.0770089517947508,2.0770089517947508,50-75%
10.0,7.9708024043730274,-2.0291975956269726,2.0291975956269726,50-75%
10.0,7.922991048205249,-2.0770089517947508,2.0770089517947508,50-75%
10.0,7.922991048205249,-2.0770089517947508,2.0770089517947508,50-75%
10.0,7.9708024043730274,-2.0291975956269726,2.0291975956269726,50-75%
10.0,7.5881106875239315,-2.4118893124760685,2.4118893124760685,50-75%
10.0,7.9708024043730274,-2.0291975956269726,2.0291975956269726,50-75%
10.0,7.922991048205249,-2.0770089517947508,2.0770089517947508,50-75%
10.0,8.746763656229064,-1.2532363437709364,1.2532363437709364,50-75%
10.0,7.922991048205249,-2.0770089517947508,2.0770089517947508,50-75%
10.0,7.922991048205249,-2.0770089517947508,2.0770089517947508,50-75%
10.0,7.922991048205249,-2.0770089517947508,2.0770089517947508,50-75%
10.0,7.9708024043730274,-2.0291975956269726,2.0291975956269726,50-75%
10.0,7.9708024043730274,-2.0291975956269726,2.0291975956269726,50-75%
10.0,8.685398189289623,-1.3146018107103767,1.3146018107103767,50-75%
10.0,7.9708024043730274,-2.0291975956269726,2.0291975956269726,50-75%
10.0,7.9708024043730274,-2.0291975956269726,2.0291975956269726,50-75%
10.0,7.9708024043730274,-2.0291975956269726,2.0291975956269726,50-75%
10.0,7.922991048205249,-2.0770089517947508,2.0770089517947508,50-75%
10.0,7.922991048205249,-2.0770089517947508,2.0770089517947508,50-75%
10.0,8.823786377284655,-1.1762136227153448,1.1762136227153448,50-75%
11.0,7.9708024043730274,-3.0291975956269726,3.0291975956269726,50-75%
11.0,7.9708024043730274,-3.0291975956269726,3.0291975956269726,50-75%
11.0,7.922991048205249,-3.0770089517947508,3.0770089517947508,50-75%
10.0,7.922991048205249,-2.0770089517947508,2.0770089517947508,50-75%
11.0,8.771428903757922,-2.228571096242078,2.228571096242078,50-75%
11.0,7.9708024043730274,-3.0291975956269726,3.0291975956269726,50-75%
11.0,7.9708024043730274,-3.0291975956269726,3.0291975956269726,50-75%
11.0,7.922991048205249,-3.0770089517947508,3.0770089517947508,50-75%
12.0,7.9708024043730274,-4.0291975956269726,4.0291975956269726,50-75%
12.0,8.823786377284655,-3.176213622715345,3.176213622715345,50-75%
12.0,7.9708024043730274,-4.0291975956269726,4.0291975956269726,50-75%
12.0,7.9708024043730274,-4.0291975956269726,4.0291975956269726,50-75%
12.0,7.922991048205249,-4.077008951794751,4.077008951794751,50-75%
12.0,8.073871972892745,-3.9261280271072554,3.9261280271072554,50-75%
12.0,8.073871972892745,-3.9261280271072554,3.9261280271072554,50-75%
12.0,7.794749989930194,-4.205250010069806,4.205250010069806,50-75%
12.0,8.823786377284655,-3.176213622715345,3.176213622715345,50-75%
12.0,8.823786377284655,-3.176213622715345,3.176213622715345,50-75%
12.0,7.9708024043730274,-4.0291975956269726,4.0291975956269726,50-75%
12.0,8.025511290630329,-3.9744887093696715,3.9744887093696715,50-75%
12.0,8.073871972892745,-3.9261280271072554,3.9261280271072554,50-75%
12.0,8.073871972892745,-3.9261280271072554,3.9261280271072554,50-75%
12.0,7.794749989930194,-4.205250010069806,4.205250010069806,50-75%
12.0,7.8066885576099665,-4.1933114423900335,4.1933114423900335,50-75%
12.0,7.759751872985039,-4.240248127014961,4.240248127014961,50-75%
12.0,8.823786377284655,-3.176213622715345,3.176213622715345,50-75%
12.0,8.758182509891206,-3.2418174901087937,3.2418174901087937,50-75%
12.0,7.922991048205249,-4.077008951794751,4.077008951794751,50-75%
12.0,8.025511290630329,-3.9744887093696715,3.9744887093696715,50-75%
12.0,8.073871972892745,-3.9261280271072554,3.9261280271072554,50-75%
12.0,8.025511290630329,-3.9744887093696715,3.9744887093696715,50-75%
12.0,7.794749989930194,-4.205250010069806,4.205250010069806,50-75%
12.0,7.8066885576099665,-4.1933114423900335,4.1933114423900335,50-75%
12.0,8.43267486450782,-3.5673251354921796,3.5673251354921796,50-75%
12.0,8.499846552314503,-3.5001534476854967,3.5001534476854967,50-75%
12.0,8.025511290630329,-3.9744887093696715,3.9744887093696715,50-75%
12.0,8.025511290630329,-3.9744887093696715,3.9744887093696715,50-75%
12.0,8.43267486450782,-3.5673251354921796,3.5673251354921796,50-75%
12.0,8.43267486450782,-3.5673251354921796,3.5673251354921796,50-75%
12.0,8.43267486450782,-3.5673251354921796,3.5673251354921796,50-75%
12.0,8.446273090099018,-3.5537269099009823,3.5537269099009823,50-75%
12.0,8.025511290630329,-3.9744887093696715,3.9744887093696715,50-75%
12.0,8.43267486450782,-3.5673251354921796,3.5673251354921796,50-75%
12.0,8.43267486450782,-3.5673251354921796,3.5673251354921796,50-75%
12.0,8.43267486450782,-3.5673251354921796,3.5673251354921796,50-75%
12.0,8.382401883649164,-3.6175981163508357,3.6175981163508357,50-75%
12.0,8.43267486450782,-3.5673251354921796,3.5673251354921796,50-75%
5.0,8.341724718805494,3.3417247188054944,3.3417247188054944,0-25%
5.0,8.170482032989119,3.170482032989119,3.170482032989119,0-25%
5.0,8.514521729757922,3.514521729757922,3.514521729757922,0-25%
5.0,8.382796043018084,3.382796043018084,3.382796043018084,0-25%
5.0,8.569248396069213,3.569248396069213,3.569248396069213,0-25%
5.0,8.630132171762526,3.6301321717625257,3.6301321717625257,0-25%
5.0,8.43407201222772,3.4340720122277197,3.4340720122277197,0-25%
5.0,8.208728912367928,3.2087289123679277,3.2087289123679277,0-25%
5.0,8.170482032989119,3.170482032989119,3.170482032989119,0-25%
5.0,8.341724718805494,3.3417247188054944,3.3417247188054944,0-25%
5.0,8.52544995620305,3.5254499562030492,3.5254499562030492,0-25%
5.0,8.681732546201939,3.681732546201939,3.681732546201939,0-25%
5.0,8.681732546201939,3.681732546201939,3.681732546201939,0-25%
5.0,8.514521729757922,3.514521729757922,3.514521729757922,0-25%
5.0,8.170482032989119,3.170482032989119,3.170482032989119,0-25%
5.0,8.064227974512272,3.0642279745122725,3.0642279745122725,0-25%
5.0,8.341724718805494,3.3417247188054944,3.3417247188054944,0-25%
5.0,8.681732546201939,3.681732546201939,3.681732546201939,0-25%
5.0,8.630132171762526,3.6301321717625257,3.6301321717625257,0-25%
5.0,8.681732546201939,3.681732546201939,3.681732546201939,0-25%
5.0,8.341724718805494,3.3417247188054944,3.3417247188054944,0-25%
5.0,8.341724718805494,3.3417247188054944,3.3417247188054944,0-25%
5.0,8.16554407753059,3.1655440775305905,3.1655440775305905,0-25%
5.0,8.5562760831648,3.5562760831648,3.5562760831648,0-25%
5.0,8.681732546201939,3.681732546201939,3.681732546201939,0-25%
5.0,8.681732546201939,3.681732546201939,3.681732546201939,0-25%
5.0,8.681732546201939,3.681732546201939,3.681732546201939,0-25%
5.0,8.514521729757922,3.514521729757922,3.514521729757922,0-25%
5.0,8.341724718805494,3.3417247188054944,3.3417247188054944,0-25%
5.0,8.170482032989119,3.170482032989119,3.170482032989119,0-25%
5.0,8.044415934561533,3.044415934561533,3.044415934561533,0-25%
5.0,8.681732546201939,3.681732546201939,3.681732546201939,0-25%
5.0,8.615861425234343,3.6158614252343426,3.6158614252343426,0-25%
6.0,9.085968432150853,3.085968432150853,3.085968432150853,25-50%
6.0,9.125626742412376,3.1256267424123756,3.1256267424123756,25-50%
6.0,9.11190018908037,3.1119001890803695,3.1119001890803695,25-50%
6.0,9.11190018908037,3.1119001890803695,3.1119001890803695,25-50%
6.0,8.449752679592086,2.449752679592086,2.449752679592086,25-50%
6.0,8.702958143698442,2.7029581436984422,2.7029581436984422,25-50%
6.0,8.95945920514147,2.9594592051414708,2.9594592051414708,25-50%
6.0,9.11190018908037,3.1119001890803695,3.1119001890803695,25-50%
6.0,8.927202828302544,2.927202828302544,2.927202828302544,25-50%
6.0,8.449752679592086,2.449752679592086,2.449752679592086,25-50%
6.0,8.377493197137774,2.377493197137774,2.377493197137774,25-50%
6.0,8.95945920514147,2.9594592051414708,2.9594592051414708,25-50%
6.0,9.11190018908037,3.1119001890803695,3.1119001890803695,25-50%
6.0,8.722791265027933,2.722791265027933,2.722791265027933,25-50%
6.0,8.420060439260137,2.420060439260137,2.420060439260137,25-50%
6.0,8.831646969966387,2.8316469699663873,2.8316469699663873,25-50%
6.0,8.945957912686685,2.9459579126866853,2.9459579126866853,25-50%
6.0,8.493569391072533,2.4935693910725334,2.4935693910725334,25-50%
6.0,8.835836560365854,2.8358365603658537,2.8358365603658537,25-50%
6.0,8.550072194595842,2.550072194595842,2.550072194595842,25-50%
6.0,8.563036085936975,2.563036085936975,2.563036085936975,25-50%
6.0,8.327957494319199,2.3279574943191985,2.3279574943191985,25-50%
6.0,9.035801059620908,3.0358010596209084,3.0358010596209084,25-50%
6.0,8.680856894837131,2.680856894837131,2.680856894837131,25-50%
6.0,8.623580306354818,2.6235803063548175,2.6235803063548175,25-50%
6.0,8.493569391072533,2.4935693910725334,2.4935693910725334,25-50%
6.0,9.210310982450213,3.2103109824502134,3.2103109824502134,25-50%
6.0,9.210310982450213,3.2103109824502134,3.2103109824502134,25-50%
6.0,9.001851800190263,3.0018518001902628,3.0018518001902628,25-50%
6.0,9.210310982450213,3.2103109824502134,3.2103109824502134,25-50%
6.0,9.210310982450213,3.2103109824502134,3.2103109824502134,25-50%
6.0,9.210310982450213,3.2103109824502134,3.2103109824502134,25-50%
6.0,9.133975244346159,3.133975244346159,3.133975244346159,25-50%
6.0,9.099322061827898,3.0993220618278983,3.0993220618278983,25-50%
6.0,9.210310982450213,3.2103109824502134,3.2103109824502134,25-50%
6.0,9.210310982450213,3.2103109824502134,3.2103109824502134,25-50%
6.0,8.979002730855559,2.9790027308555587,2.9790027308555587,25-50%
6.0,9.210310982450213,3.2103109824502134,3.2103109824502134,25-50%
6.0,9.210310982450213,3.2103109824502134,3.2103109824502134,25-50%
6.0,9.210310982450213,3.2103109824502134,3.2103109824502134,25-50%
13.0,8.73682087276715,-4.263179127232849,4.263179127232849,50-75%
13.0,8.788992908822635,-4.211007091177365,4.211007091177365,50-75%
13.0,8.788992908822635,-4.211007091177365,4.211007091177365,50-75%
13.0,8.788992908822635,-4.211007091177365,4.211007091177365,50-75%
13.0,8.788992908822635,-4.211007091177365,4.211007091177365,50-75%
13.0,8.663619043606458,-4.336380956393542,4.336380956393542,50-75%
13.0,8.788992908822635,-4.211007091177365,4.211007091177365,50-75%
13.0,8.788992908822635,-4.211007091177365,4.211007091177365,50-75%
13.0,8.788992908822635,-4.211007091177365,4.211007091177365,50-75%
13.0,8.788992908822635,-4.211007091177365,4.211007091177365,50-75%
13.0,8.491202360386286,-4.508797639613714,4.508797639613714,50-75%
13.0,8.06792530363634,-4.93207469636366,4.93207469636366,50-75%
13.0,8.788992908822635,-4.211007091177365,4.211007091177365,50-75%
13.0,8.788992908822635,-4.211007091177365,4.211007091177365,50-75%
13.0,8.788992908822635,-4.211007091177365,4.211007091177365,50-75%
13.0,8.73682087276715,-4.263179127232849,4.263179127232849,50-75%
13.0,8.107792856073575,-4.892207143926425,4.892207143926425,50-75%
13.0,8.344972383752486,-4.655027616247514,4.655027616247514,50-75%
13.0,8.595370267138284,-4.404629732861716,4.404629732861716,50-75%
13.0,8.788992908822635,-4.211007091177365,4.211007091177365,50-75%
13.0,8.788992908822635,-4.211007091177365,4.211007091177365,50-75%
13.0,8.788992908822635,-4.211007091177365,4.211007091177365,50-75%
13.0,8.595370267138284,-4.404629732861716,4.404629732861716,50-75%
13.0,8.344972383752486,-4.655027616247514,4.655027616247514,50-75%
13.0,8.273514125436572,-4.726485874563428,4.726485874563428,50-75%
13.0,8.788992908822635,-4.211007091177365,4.211007091177365,50-75%
13.0,8.788992908822635,-4.211007091177365,4.211007091177365,50-75%
13.0,8.485088700433906,-4.514911299566094,4.514911299566094,50-75%
4.0,8.276132270968754,4.276132270968754,4.276132270968754,0-25%
4.0,8.125176413280261,4.125176413280261,4.125176413280261,0-25%
4.0,7.522950386791861,3.5229503867918606,3.5229503867918606,0-25%
4.0,7.392414063781677,3.3924140637816773,3.3924140637816773,0-25%
4.0,8.236579661429106,4.236579661429106,4.236579661429106,0-25%
4.0,8.379311178358526,4.379311178358526,4.379311178358526,0-25%
4.0,8.379311178358526,4.379311178358526,4.379311178358526,0-25%
4.0,8.113325418437794,4.113325418437794,4.113325418437794,0-25%
4.0,7.914632449770787,3.914632449770787,3.914632449770787,0-25%
4.0,8.379311178358526,4.379311178358526,4.379311178358526,0-25%
4.0,8.224583985622738,4.224583985622738,4.224583985622738,0-25%
4.0,8.164251975109934,4.164251975109934,4.164251975109934,0-25%
4.0,8.156428986588898,4.156428986588898,4.156428986588898,0-25%
4.0,7.699482058309885,3.6994820583098846,3.6994820583098846,0-25%
4.0,8.276132270968754,4.276132270968754,4.276132270968754,0-25%
4.0,8.14933495455018,4.149334954550181,4.149334954550181,0-25%
4.0,8.190939648554284,4.190939648554284,4.190939648554284,0-25%
4.0,8.276132270968754,4.276132270968754,4.276132270968754,0-25%
4.0,8.379311178358526,4.379311178358526,4.379311178358526,0-25%
4.0,8.224583985622738,4.224583985622738,4.224583985622738,0-25%
4.0,7.699482058309885,3.6994820583098846,3.6994820583098846,0-25%
4.0,8.156428986588898,4.156428986588898,4.156428986588898,0-25%
4.0,8.236579661429106,4.236579661429106,4.236579661429106,0-25%
4.0,8.230296819774251,4.230296819774251,4.230296819774251,0-25%
4.0,8.379311178358526,4.379311178358526,4.379311178358526,0-25%
3.5,8.276132270968754,4.776132270968754,4.776132270968754,0-25%
3.5,8.230296819774251,4.730296819774251,4.730296819774251,0-25%
3.5,8.230296819774251,4.730296819774251,4.730296819774251,0-25%
3.5,8.230296819774251,4.730296819774251,4.730296819774251,0-25%
3.0,8.151991466442544,5.151991466442544,5.151991466442544,0-25%
4.0,8.236579661429106,4.236579661429106,4.236579661429106,0-25%
3.5,8.236579661429106,4.736579661429106,4.736579661429106,0-25%
3.5,8.276132270968754,4.776132270968754,4.776132270968754,0-25%
3.5,8.26408522763255,4.764085227632551,4.764085227632551,0-25%
3.5,8.379311178358526,4.879311178358526,4.879311178358526,0-25%
3.0,8.203134094482113,5.203134094482113,5.203134094482113,0-25%
3.0,8.163892742726135,5.163892742726135,5.163892742726135,0-25%
3.0,8.163892742726135,5.163892742726135,5.163892742726135,0-25%
3.0,8.203134094482113,5.203134094482113,5.203134094482113,0-25%
3.0,8.305501039313427,5.305501039313427,5.305501039313427,0-25%
3.0,8.163892742726135,5.163892742726135,5.163892742726135,0-25%
3.0,8.125176413280261,5.125176413280261,5.125176413280261,0-25%
3.0,8.14244152811371,5.142441528113711,5.142441528113711,0-25%
3.0,7.801646040551664,4.801646040551664,4.801646040551664,0-25%
3.0,8.151991466442544,5.151991466442544,5.151991466442544,0-25%
3.0,8.163892742726135,5.163892742726135,5.163892742726135,0-25%
3.0,8.156428986588898,5.156428986588898,5.156428986588898,0-25%
3.0,7.490971936035561,4.490971936035561,4.490971936035561,0-25%
3.0,7.379180782530895,4.379180782530895,4.379180782530895,0-25%
3.0,8.118611892228193,5.118611892228193,5.118611892228193,0-25%
3.0,8.163892742726135,5.163892742726135,5.163892742726135,0-25%
17.5,8.22828546263987,-9.27171453736013,9.27171453736013,75-100%
17.5,7.23072573421622,-10.26927426578378,10.26927426578378,75-100%
17.5,8.156428986588898,-9.343571013411102,9.343571013411102,75-100%
17.5,8.14453740359029,-9.35546259640971,9.35546259640971,75-100%
17.5,8.158697373428497,-9.341302626571503,9.341302626571503,75-100%
17.5,8.158697373428497,-9.341302626571503,9.341302626571503,75-100%
32.0,7.490971936035561,-24.50902806396444,24.50902806396444,75-100%
32.0,7.169099045650061,-24.83090095434994,24.83090095434994,75-100%
32.0,8.258276428047342,-23.741723571952658,23.741723571952658,75-100%
32.0,7.490971936035561,-24.50902806396444,24.50902806396444,75-100%
32.0,7.730791457699475,-24.269208542300525,24.269208542300525,75-100%
32.0,8.07233572718587,-23.92766427281413,23.92766427281413,75-100%
32.0,8.164251975109934,-23.835748024890066,23.835748024890066,75-100%
32.0,7.23072573421622,-24.76927426578378,24.76927426578378,75-100%
32.0,7.169099045650061,-24.83090095434994,24.83090095434994,75-100%
32.0,7.516752474487563,-24.483247525512436,24.483247525512436,75-100%
32.0,8.164251975109934,-23.835748024890066,23.835748024890066,75-100%
32.0,8.203134094482113,-23.796865905517887,23.796865905517887,75-100%
32.0,8.156428986588898,-23.8435710134111,23.8435710134111,75-100%
32.0,7.516752474487563,-24.483247525512436,24.483247525512436,75-100%
32.0,8.118611892228193,-23.881388107771805,23.881388107771805,75-100%
32.0,8.305501039313427,-23.694498960686573,23.694498960686573,75-100%
32.0,8.305501039313427,-23.694498960686573,23.694498960686573,75-100%
32.0,8.163892742726135,-23.836107257273866,23.836107257273866,75-100%
32.0,8.164251975109934,-23.835748024890066,23.835748024890066,75-100%
32.0,8.163892742726135,-23.836107257273866,23.836107257273866,75-100%
32.0,8.305501039313427,-23.694498960686573,23.694498960686573,75-100%
32.0,8.305501039313427,-23.694498960686573,23.694498960686573,75-100%
2.0,8.248994566762455,6.248994566762455,6.248994566762455,0-25%
2.0,8.351871620040267,6.351871620040267,6.351871620040267,0-25%
2.0,8.197597088032733,6.197597088032733,6.197597088032733,0-25%
2.0,8.209557669999095,6.209557669999095,6.209557669999095,0-25%
2.0,8.236982767544067,6.236982767544067,6.236982767544067,0-25%
2.0,8.248994566762455,6.248994566762455,6.248994566762455,0-25%
2.0,8.122568201077078,6.122568201077078,6.122568201077078,0-25%
2.0,8.164051178847895,6.164051178847895,6.164051178847895,0-25%
2.0,8.248994566762455,6.248994566762455,6.248994566762455,0-25%
2.0,8.248994566762455,6.248994566762455,6.248994566762455,0-25%
2.0,8.17295832104136,6.17295832104136,6.17295832104136,0-25%
2.0,8.197597088032733,6.197597088032733,6.197597088032733,0-25%
2.0,8.209557669999095,6.209557669999095,6.209557669999095,0-25%
2.0,8.20329320905437,6.203293209054371,6.203293209054371,0-25%
2.0,8.351871620040267,6.351871620040267,6.351871620040267,0-25%
2.0,8.248994566762455,6.248994566762455,6.248994566762455,0-25%
2.0,8.209557669999095,6.209557669999095,6.209557669999095,0-25%
2.0,8.197597088032733,6.197597088032733,6.197597088032733,0-25%
2.0,8.209557669999095,6.209557669999095,6.209557669999095,0-25%
2.0,8.209557669999095,6.209557669999095,6.209557669999095,0-25%
2.0,8.209557669999095,6.209557669999095,6.209557669999095,0-25%
2.0,8.248994566762455,6.248994566762455,6.248994566762455,0-25%
2.0,8.236982767544067,6.236982767544067,6.236982767544067,0-25%
2.0,8.209557669999095,6.209557669999095,6.209557669999095,0-25%
2.0,8.17295832104136,6.17295832104136,6.17295832104136,0-25%
2.0,8.248994566762455,6.248994566762455,6.248994566762455,0-25%
2.0,8.351871620040267,6.351871620040267,6.351871620040267,0-25%
2.0,8.164051178847895,6.164051178847895,6.164051178847895,0-25%
2.0,8.248994566762455,6.248994566762455,6.248994566762455,0-25%
2.0,8.174783330909632,6.174783330909632,6.174783330909632,0-25%
2.0,8.164051178847895,6.164051178847895,6.164051178847895,0-25%
2.0,8.076387674585174,6.076387674585174,6.076387674585174,0-25%
2.0,8.076387674585174,6.076387674585174,6.076387674585174,0-25%
2.0,8.197597088032733,6.197597088032733,6.197597088032733,0-25%
2.0,8.209557669999095,6.209557669999095,6.209557669999095,0-25%
2.0,8.248994566762455,6.248994566762455,6.248994566762455,0-25%
2.0,8.351871620040267,6.351871620040267,6.351871620040267,0-25%
2.0,8.076387674585174,6.076387674585174,6.076387674585174,0-25%
20.0,7.674031367876624,-12.325968632123377,12.325968632123377,75-100%
20.0,8.09071349350597,-11.90928650649403,11.90928650649403,75-100%
20.0,8.209557669999095,-11.790442330000905,11.790442330000905,75-100%
20.0,8.209557669999095,-11.790442330000905,11.790442330000905,75-100%
20.0,8.351871620040267,-11.648128379959733,11.648128379959733,75-100%
20.0,8.351871620040267,-11.648128379959733,11.648128379959733,75-100%
20.0,8.248994566762455,-11.751005433237545,11.751005433237545,75-100%
20.0,8.351871620040267,-11.648128379959733,11.648128379959733,75-100%
13.0,8.351871620040267,-4.648128379959733,4.648128379959733,50-75%
13.0,8.239077824833364,-4.760922175166636,4.760922175166636,50-75%
13.0,8.239077824833364,-4.760922175166636,4.760922175166636,50-75%
13.0,8.248994566762455,-4.751005433237545,4.751005433237545,50-75%
13.0,8.209557669999095,-4.790442330000905,4.790442330000905,50-75%
20.0,8.351871620040267,-11.648128379959733,11.648128379959733,75-100%
20.0,8.351871620040267,-11.648128379959733,11.648128379959733,75-100%
13.0,8.351871620040267,-4.648128379959733,4.648128379959733,50-75%
13.0,8.351871620040267,-4.648128379959733,4.648128379959733,50-75%
13.0,8.248994566762455,-4.751005433237545,4.751005433237545,50-75%
13.0,8.209557669999095,-4.790442330000905,4.790442330000905,50-75%
13.0,8.248994566762455,-4.751005433237545,4.751005433237545,50-75%
13.0,8.248994566762455,-4.751005433237545,4.751005433237545,50-75%
6.0,8.226053323124644,2.2260533231246438,2.2260533231246438,25-50%
13.0,8.186714245799973,-4.813285754200027,4.813285754200027,50-75%
13.0,8.248994566762455,-4.751005433237545,4.751005433237545,50-75%
13.0,8.248994566762455,-4.751005433237545,4.751005433237545,50-75%
13.0,8.197597088032733,-4.802402911967267,4.802402911967267,50-75%
13.0,8.17295832104136,-4.82704167895864,4.82704167895864,50-75%
13.0,8.17295832104136,-4.82704167895864,4.82704167895864,50-75%
13.0,8.17295832104136,-4.82704167895864,4.82704167895864,50-75%
6.0,8.209557669999095,2.2095576699990946,2.2095576699990946,25-50%
13.0,8.157618262931244,-4.842381737068756,4.842381737068756,50-75%
13.0,8.209557669999095,-4.790442330000905,4.790442330000905,50-75%
13.0,8.209557669999095,-4.790442330000905,4.790442330000905,50-75%
13.0,8.209557669999095,-4.790442330000905,4.790442330000905,50-75%
13.0,8.209557669999095,-4.790442330000905,4.790442330000905,50-75%
6.0,8.209557669999095,2.2095576699990946,2.2095576699990946,25-50%
6.0,8.248994566762455,2.2489945667624553,2.2489945667624553,25-50%
6.0,8.209557669999095,2.2095576699990946,2.2095576699990946,25-50%
6.0,8.209557669999095,2.2095576699990946,2.2095576699990946,25-50%
6.0,8.209557669999095,2.2095576699990946,2.2095576699990946,25-50%
6.0,8.248994566762455,2.2489945667624553,2.2489945667624553,25-50%
6.0,8.209557669999095,2.2095576699990946,2.2095576699990946,25-50%
6.0,8.351871620040267,2.351871620040267,2.351871620040267,25-50%
6.0,8.351871620040267,2.351871620040267,2.351871620040267,25-50%
6.0,8.351871620040267,2.351871620040267,2.351871620040267,25-50%
6.0,8.248994566762455,2.2489945667624553,2.2489945667624553,25-50%
15.0,8.688041087319403,-6.311958912680597,6.311958912680597,50-75%
15.0,8.688041087319403,-6.311958912680597,6.311958912680597,50-75%
15.0,8.688041087319403,-6.311958912680597,6.311958912680597,50-75%
15.0,8.680294441068073,-6.319705558931927,6.319705558931927,50-75%
15.0,8.72952693168785,-6.27047306831215,6.27047306831215,50-75%
15.0,8.837748971747878,-6.162251028252122,6.162251028252122,50-75%
15.0,8.688041087319403,-6.311958912680597,6.311958912680597,50-75%
15.0,8.706295923991446,-6.293704076008554,6.293704076008554,50-75%
15.0,8.682220388212324,-6.317779611787676,6.317779611787676,50-75%
15.0,8.682220388212324,-6.317779611787676,6.317779611787676,50-75%
15.0,8.670894664459102,-6.329105335540898,6.329105335540898,50-75%
15.0,8.57838268486661,-6.421617315133391,6.421617315133391,50-75%
9.0,8.622630700166923,-0.3773692998330773,0.3773692998330773,50-75%
3.0,8.75113484353396,5.7511348435339595,5.7511348435339595,0-25%
3.0,8.732795677354636,5.732795677354636,5.732795677354636,0-25%
15.0,8.706295923991446,-6.293704076008554,6.293704076008554,50-75%
15.0,8.656283399472658,-6.343716600527342,6.343716600527342,50-75%
15.0,8.705393773623012,-6.294606226376988,6.294606226376988,50-75%
15.0,8.680294441068073,-6.319705558931927,6.319705558931927,50-75%
15.0,8.72952693168785,-6.27047306831215,6.27047306831215,50-75%
9.0,8.774473168511141,-0.22552683148885855,0.22552683148885855,50-75%
9.0,8.837748971747878,-0.1622510282521219,0.1622510282521219,50-75%
9.0,8.622630700166923,-0.3773692998330773,0.3773692998330773,50-75%
3.0,8.71557004538294,5.71557004538294,5.71557004538294,0-25%
3.0,8.732795677354636,5.732795677354636,5.732795677354636,0-25%
3.0,8.631621010784343,5.631621010784343,5.631621010784343,0-25%
15.0,9.152332481909434,-5.8476675180905655,5.8476675180905655,50-75%
15.0,9.143334734831221,-5.856665265168779,5.856665265168779,50-75%
15.0,8.688216639033223,-6.311783360966777,6.311783360966777,50-75%
15.0,8.72952693168785,-6.27047306831215,6.27047306831215,50-75%
15.0,8.589227384222122,-6.410772615777878,6.410772615777878,50-75%
9.0,8.615407521590212,-0.38459247840978783,0.38459247840978783,50-75%
9.0,8.615407521590212,-0.38459247840978783,0.38459247840978783,50-75%
9.0,8.719094964518096,-0.28090503548190426,0.28090503548190426,50-75%
3.0,8.656582336641524,5.656582336641524,5.656582336641524,0-25%
3.0,8.600771442895786,5.600771442895786,5.600771442895786,0-25%
3.0,8.618861840431885,5.618861840431885,5.618861840431885,0-25%
15.0,8.688216639033223,-6.311783360966777,6.311783360966777,50-75%
15.0,8.837748971747878,-6.162251028252122,6.162251028252122,50-75%
15.0,8.688041087319403,-6.311958912680597,6.311958912680597,50-75%
9.0,8.75113484353396,-0.24886515646604046,0.24886515646604046,50-75%
9.0,8.75113484353396,-0.24886515646604046,0.24886515646604046,50-75%
9.0,8.732795677354636,-0.2672043226453642,0.2672043226453642,50-75%
3.0,8.66292277466256,5.66292277466256,5.66292277466256,0-25%
3.0,7.984911691786477,4.984911691786477,4.984911691786477,0-25%
3.0,8.196199584123137,5.196199584123137,5.196199584123137,0-25%
3.0,8.542915084534862,5.542915084534862,5.542915084534862,0-25%
15.0,8.705393773623012,-6.294606226376988,6.294606226376988,50-75%
15.0,8.837748971747878,-6.162251028252122,6.162251028252122,50-75%
15.0,8.820337587718566,-6.179662412281434,6.179662412281434,50-75%
9.0,8.837748971747878,-0.1622510282521219,0.1622510282521219,50-75%
3.0,8.757173773445267,5.757173773445267,5.757173773445267,0-25%
3.0,8.774473168511141,5.7744731685111415,5.7744731685111415,0-25%
3.0,8.012191944636553,5.0121919446365535,5.0121919446365535,0-25%
3.0,8.656582336641524,5.656582336641524,5.656582336641524,0-25%
5.0,8.705393773623012,3.705393773623012,3.705393773623012,0-25%
5.0,8.837748971747878,3.837748971747878,3.837748971747878,0-25%
5.0,7.759216644865084,2.7592166448650843,2.7592166448650843,0-25%
4.0,8.024425682218329,4.024425682218329,4.024425682218329,0-25%
4.0,8.559834600571026,4.559834600571026,4.559834600571026,0-25%
3.0,8.600771442895786,5.600771442895786,5.600771442895786,0-25%
3.0,8.012191944636553,5.0121919446365535,5.0121919446365535,0-25%
6.0,8.71557004538294,2.7155700453829397,2.7155700453829397,25-50%
6.0,8.837748971747878,2.837748971747878,2.837748971747878,25-50%
5.0,8.705393773623012,3.705393773623012,3.705393773623012,0-25%
5.0,8.813347379295921,3.813347379295921,3.813347379295921,0-25%
5.0,7.785811635782908,2.785811635782908,2.785811635782908,0-25%
5.0,7.643893812578828,2.6438938125788276,2.6438938125788276,0-25%
4.0,7.709526357918401,3.709526357918401,3.709526357918401,0-25%
6.0,8.656582336641524,2.6565823366415238,2.6565823366415238,25-50%
6.0,8.732795677354636,2.732795677354636,2.732795677354636,25-50%
6.0,8.837748971747878,2.837748971747878,2.837748971747878,25-50%
6.0,8.837748971747878,2.837748971747878,2.837748971747878,25-50%
6.0,8.837748971747878,2.837748971747878,2.837748971747878,25-50%
5.0,8.705393773623012,3.705393773623012,3.705393773623012,0-25%
5.0,8.705393773623012,3.705393773623012,3.705393773623012,0-25%
5.0,8.813347379295921,3.813347379295921,3.813347379295921,0-25%
5.0,8.813347379295921,3.813347379295921,3.813347379295921,0-25%
5.0,8.723681307354392,3.7236813073543917,3.7236813073543917,0-25%
5.0,8.571192720836537,3.571192720836537,3.571192720836537,0-25%
6.0,8.732795677354636,2.732795677354636,2.732795677354636,25-50%
6.0,8.837748971747878,2.837748971747878,2.837748971747878,25-50%
6.0,8.837748971747878,2.837748971747878,2.837748971747878,25-50%
6.0,8.837748971747878,2.837748971747878,2.837748971747878,25-50%
5.0,8.664010830911206,3.664010830911206,3.664010830911206,0-25%
5.0,8.705393773623012,3.705393773623012,3.705393773623012,0-25%
5.0,8.705393773623012,3.705393773623012,3.705393773623012,0-25%
5.0,8.813347379295921,3.813347379295921,3.813347379295921,0-25%
6.0,8.813347379295921,2.813347379295921,2.813347379295921,25-50%
6.0,8.750228525618184,2.7502285256181835,2.7502285256181835,25-50%
6.5,8.732795677354636,2.232795677354636,2.232795677354636,25-50%
6.0,8.732795677354636,2.732795677354636,2.732795677354636,25-50%
6.0,8.732795677354636,2.732795677354636,2.732795677354636,25-50%
6.0,8.75113484353396,2.7511348435339595,2.7511348435339595,25-50%
6.0,8.732795677354636,2.732795677354636,2.732795677354636,25-50%
6.0,8.75113484353396,2.7511348435339595,2.7511348435339595,25-50%
6.0,8.750228525618184,2.7502285256181835,2.7502285256181835,25-50%
6.0,8.708654411479786,2.7086544114797864,2.7086544114797864,25-50%
5.0,8.664010830911206,3.664010830911206,3.664010830911206,0-25%
5.0,8.705393773623012,3.705393773623012,3.705393773623012,0-25%
7.666666666666668,8.732972040041997,1.0663053733753287,1.0663053733753287,25-50%
7.666666666666668,8.708654411479786,1.0419877448131185,1.0419877448131185,25-50%
7.666666666666668,8.708654411479786,1.0419877448131185,1.0419877448131185,25-50%
9.0,8.750228525618184,-0.24977147438181646,0.24977147438181646,50-75%
6.5,8.732795677354636,2.232795677354636,2.232795677354636,25-50%
6.0,8.708654411479786,2.7086544114797864,2.7086544114797864,25-50%
6.0,8.465843380416555,2.4658433804165547,2.4658433804165547,25-50%
6.0,8.726948089116934,2.7269480891169344,2.7269480891169344,25-50%
6.0,8.732795677354636,2.732795677354636,2.732795677354636,25-50%
6.0,8.732795677354636,2.732795677354636,2.732795677354636,25-50%
5.0,8.664010830911206,3.664010830911206,3.664010830911206,0-25%
7.666666666666668,8.750228525618184,1.0835618589515157,1.0835618589515157,25-50%
7.666666666666668,8.708654411479786,1.0419877448131185,1.0419877448131185,25-50%
9.0,8.708654411479786,-0.29134558852021364,0.29134558852021364,50-75%
9.0,8.708654411479786,-0.29134558852021364,0.29134558852021364,50-75%
8.0,8.708654411479786,0.7086544114797864,0.7086544114797864,25-50%
6.5,8.677905349859202,2.177905349859202,2.177905349859202,25-50%
6.0,8.708654411479786,2.7086544114797864,2.7086544114797864,25-50%
6.0,8.813347379295921,2.813347379295921,2.813347379295921,25-50%
6.0,8.774473168511141,2.7744731685111415,2.7744731685111415,25-50%
6.0,8.774473168511141,2.7744731685111415,2.7744731685111415,25-50%
9.0,9.143334734831221,0.14333473483122106,0.14333473483122106,50-75%
9.0,8.708654411479786,-0.29134558852021364,0.29134558852021364,50-75%
9.0,8.708654411479786,-0.29134558852021364,0.29134558852021364,50-75%
9.0,9.143334734831221,0.14333473483122106,0.14333473483122106,50-75%
9.0,8.708654411479786,-0.29134558852021364,0.29134558852021364,50-75%
9.0,8.62197801915353,-0.3780219808464693,0.3780219808464693,50-75%
9.0,8.708654411479786,-0.29134558852021364,0.29134558852021364,50-75%
7.0,8.750228525618184,1.7502285256181835,1.7502285256181835,25-50%
6.0,8.750228525618184,2.7502285256181835,2.7502285256181835,25-50%
6.0,8.813347379295921,2.813347379295921,2.813347379295921,25-50%
11.0,8.774473168511141,-2.2255268314888585,2.2255268314888585,50-75%
9.0,8.75113484353396,-0.24886515646604046,0.24886515646604046,50-75%
9.0,8.732795677354636,-0.2672043226453642,0.2672043226453642,50-75%
9.0,8.75113484353396,-0.24886515646604046,0.24886515646604046,50-75%
9.0,8.75113484353396,-0.24886515646604046,0.24886515646604046,50-75%
9.0,8.598762687948325,-0.40123731205167523,0.40123731205167523,50-75%
9.0,8.750228525618184,-0.24977147438181646,0.24977147438181646,50-75%
7.0,8.750228525618184,1.7502285256181835,1.7502285256181835,25-50%
9.0,8.837748971747878,-0.1622510282521219,0.1622510282521219,50-75%
9.0,8.74856131512671,-0.2514386848732908,0.2514386848732908,50-75%
9.0,8.71557004538294,-0.28442995461706033,0.28442995461706033,50-75%
9.0,8.774473168511141,-0.22552683148885855,0.22552683148885855,50-75%
11.0,7.799680464788786,-3.2003195352112144,3.2003195352112144,50-75%
11.0,7.799680464788786,-3.2003195352112144,3.2003195352112144,50-75%
11.0,8.837748971747878,-2.162251028252122,2.162251028252122,50-75%
2.0,8.751380080118857,6.751380080118857,6.751380080118857,0-25%
2.0,8.809873779063892,6.809873779063892,6.809873779063892,0-25%
2.0,9.198238576427359,7.198238576427359,7.198238576427359,0-25%
2.0,9.198238576427359,7.198238576427359,7.198238576427359,0-25%
2.0,9.241909173465569,7.241909173465569,7.241909173465569,0-25%
2.0,9.241909173465569,7.241909173465569,7.241909173465569,0-25%
2.0,8.751380080118857,6.751380080118857,6.751380080118857,0-25%
2.0,8.809873779063892,6.809873779063892,6.809873779063892,0-25%
2.0,9.180189178258463,7.180189178258463,7.180189178258463,0-25%
2.0,9.241909173465569,7.241909173465569,7.241909173465569,0-25%
2.0,9.198238576427359,7.198238576427359,7.198238576427359,0-25%
2.0,9.198238576427359,7.198238576427359,7.198238576427359,0-25%
2.0,9.308210959603416,7.308210959603416,7.308210959603416,0-25%
2.0,8.858350001644515,6.858350001644515,6.858350001644515,0-25%
2.0,8.915658242729371,6.915658242729371,6.915658242729371,0-25%
2.0,9.02202972257322,7.022029722573221,7.022029722573221,0-25%
2.0,9.198238576427359,7.198238576427359,7.198238576427359,0-25%
3.5,9.241909173465569,5.741909173465569,5.741909173465569,0-25%
3.5,9.241909173465569,5.741909173465569,5.741909173465569,0-25%
3.5,9.308210959603416,5.808210959603416,5.808210959603416,0-25%
3.5,9.217454760367668,5.7174547603676675,5.7174547603676675,0-25%
2.0,8.915658242729371,6.915658242729371,6.915658242729371,0-25%
2.0,9.308210959603416,7.308210959603416,7.308210959603416,0-25%
3.5,9.198238576427359,5.698238576427359,5.698238576427359,0-25%
3.5,9.261207644383102,5.761207644383102,5.761207644383102,0-25%
3.5,9.241909173465569,5.741909173465569,5.741909173465569,0-25%
3.5,9.134106441143334,5.634106441143334,5.634106441143334,0-25%
5.0,9.332258677894579,4.332258677894579,4.332258677894579,0-25%
2.0,9.082805276749548,7.082805276749548,7.082805276749548,0-25%
3.5,9.241909173465569,5.741909173465569,5.741909173465569,0-25%
3.5,9.241909173465569,5.741909173465569,5.741909173465569,0-25%
3.5,9.190083971597941,5.690083971597941,5.690083971597941,0-25%
3.5,9.217454760367668,5.7174547603676675,5.7174547603676675,0-25%
3.5,9.198238576427359,5.698238576427359,5.698238576427359,0-25%
3.5,9.223782484695132,5.723782484695132,5.723782484695132,0-25%
5.0,9.462192821366676,4.462192821366676,4.462192821366676,0-25%
5.0,9.394900633256292,4.394900633256292,4.394900633256292,0-25%
3.5,9.180189178258463,5.680189178258463,5.680189178258463,0-25%
3.5,9.198238576427359,5.698238576427359,5.698238576427359,0-25%
3.5,9.217454760367668,5.7174547603676675,5.7174547603676675,0-25%
3.5,9.198238576427359,5.698238576427359,5.698238576427359,0-25%
5.0,9.350577694132474,4.350577694132474,4.350577694132474,0-25%
5.0,9.350577694132474,4.350577694132474,4.350577694132474,0-25%
5.0,9.394900633256292,4.394900633256292,4.394900633256292,0-25%
5.0,9.350577694132474,4.350577694132474,4.350577694132474,0-25%
5.0,9.350577694132474,4.350577694132474,4.350577694132474,0-25%
5.0,9.342301277551385,4.342301277551385,4.342301277551385,0-25%
5.0,9.394900633256292,4.394900633256292,4.394900633256292,0-25%
5.0,9.462192821366676,4.462192821366676,4.462192821366676,0-25%
5.0,9.332258677894579,4.332258677894579,4.332258677894579,0-25%
5.0,9.394900633256292,4.394900633256292,4.394900633256292,0-25%
5.0,9.344358934550534,4.3443589345505345,4.3443589345505345,0-25%
5.0,9.344358934550534,4.3443589345505345,4.3443589345505345,0-25%
5.0,9.332258677894579,4.332258677894579,4.332258677894579,0-25%
5.0,9.23342007638788,4.23342007638788,4.23342007638788,0-25%
5.0,9.23342007638788,4.23342007638788,4.23342007638788,0-25%
5.0,9.370080925339346,4.370080925339346,4.370080925339346,0-25%
5.0,9.394900633256292,4.394900633256292,4.394900633256292,0-25%
5.0,9.237584188959367,4.237584188959367,4.237584188959367,0-25%
12.0,9.217454760367668,-2.7825452396323325,2.7825452396323325,50-75%
12.0,9.145974638866544,-2.8540253611334556,2.8540253611334556,50-75%
12.0,9.701941103658893,-2.2980588963411073,2.2980588963411073,50-75%
12.0,9.692456252816168,-2.307543747183832,2.307543747183832,50-75%
12.0,9.190083971597941,-2.809916028402059,2.809916028402059,50-75%
12.0,9.217454760367668,-2.7825452396323325,2.7825452396323325,50-75%
12.0,9.172942824097788,-2.827057175902212,2.827057175902212,50-75%
12.0,9.198423373151888,-2.801576626848112,2.801576626848112,50-75%
12.0,9.308210959603416,-2.691789040396584,2.691789040396584,50-75%
12.0,9.692456252816168,-2.307543747183832,2.307543747183832,50-75%
12.0,9.180189178258463,-2.8198108217415374,2.8198108217415374,50-75%
12.0,9.134106441143334,-2.8658935588566656,2.8658935588566656,50-75%
12.0,9.198423373151888,-2.801576626848112,2.801576626848112,50-75%
12.0,9.216505100409975,-2.783494899590025,2.783494899590025,50-75%
12.0,9.308210959603416,-2.691789040396584,2.691789040396584,50-75%
12.0,9.692456252816168,-2.307543747183832,2.307543747183832,50-75%
12.0,9.692456252816168,-2.307543747183832,2.307543747183832,50-75%
12.0,9.172942824097788,-2.827057175902212,2.827057175902212,50-75%
12.0,9.216505100409975,-2.783494899590025,2.783494899590025,50-75%
12.0,9.308210959603416,-2.691789040396584,2.691789040396584,50-75%
12.0,9.692456252816168,-2.307543747183832,2.307543747183832,50-75%
12.0,9.216505100409975,-2.783494899590025,2.783494899590025,50-75%
12.0,9.282642431328563,-2.717357568671437,2.717357568671437,50-75%
12.0,9.172942824097788,-2.827057175902212,2.827057175902212,50-75%
12.0,9.057795845644703,-2.942204154355297,2.942204154355297,50-75%
12.0,9.216505100409975,-2.783494899590025,2.783494899590025,50-75%
12.0,9.216505100409975,-2.783494899590025,2.783494899590025,50-75%
12.0,9.282642431328563,-2.717357568671437,2.717357568671437,50-75%
18.0,8.108086772521126,-9.891913227478874,9.891913227478874,75-100%
18.0,7.970308089263199,-10.029691910736801,10.029691910736801,75-100%
18.0,7.676734980794681,-10.32326501920532,10.32326501920532,75-100%
18.0,8.369004530127336,-9.630995469872664,9.630995469872664,75-100%
18.0,8.411608125747708,-9.588391874252292,9.588391874252292,75-100%
18.0,8.265389348058385,-9.734610651941615,9.734610651941615,75-100%
18.0,8.325369558059698,-9.674630441940302,9.674630441940302,75-100%
18.0,8.243266552904398,-9.756733447095602,9.756733447095602,75-100%
18.0,7.676734980794681,-10.32326501920532,10.32326501920532,75-100%
18.0,7.970308089263199,-10.029691910736801,10.029691910736801,75-100%
18.0,8.451910237025151,-9.548089762974849,9.548089762974849,75-100%
18.0,8.529964554737468,-9.470035445262532,9.470035445262532,75-100%
18.0,8.4686684021572,-9.5313315978428,9.5313315978428,75-100%
18.0,8.451910237025151,-9.548089762974849,9.548089762974849,75-100%
18.0,8.451910237025151,-9.548089762974849,9.548089762974849,75-100%
18.0,8.451910237025151,-9.548089762974849,9.548089762974849,75-100%
18.0,8.446060241445005,-9.553939758554995,9.553939758554995,75-100%
18.0,8.428294835542262,-9.571705164457738,9.571705164457738,75-100%
18.0,8.428294835542262,-9.571705164457738,9.571705164457738,75-100%
18.0,8.4686684021572,-9.5313315978428,9.5313315978428,75-100%
18.0,8.48650988255816,-9.51349011744184,9.51349011744184,75-100%
18.0,8.529964554737468,-9.470035445262532,9.470035445262532,75-100%
18.0,8.4686684021572,-9.5313315978428,9.5313315978428,75-100%
18.0,8.225882545394143,-9.774117454605857,9.774117454605857,75-100%
18.0,8.411608125747708,-9.588391874252292,9.588391874252292,75-100%
18.0,8.4686684021572,-9.5313315978428,9.5313315978428,75-100%
18.0,8.529964554737468,-9.470035445262532,9.470035445262532,75-100%
18.0,8.225882545394143,-9.774117454605857,9.774117454605857,75-100%
18.0,8.06925069415965,-9.93074930584035,9.93074930584035,75-100%
18.0,8.086409995809987,-9.913590004190013,9.913590004190013,75-100%
18.0,8.321576486579772,-9.678423513420228,9.678423513420228,75-100%
18.0,8.514748341192412,-9.485251658807588,9.485251658807588,75-100%
18.0,8.292969598021172,-9.707030401978828,9.707030401978828,75-100%
18.0,8.035536703209242,-9.964463296790758,9.964463296790758,75-100%
18.0,7.37046989607503,-10.62953010392497,10.62953010392497,75-100%
18.0,8.052557805804126,-9.947442194195874,9.947442194195874,75-100%
18.0,8.340519017568802,-9.659480982431198,9.659480982431198,75-100%
18.0,8.156196286302974,-9.843803713697026,9.843803713697026,75-100%
18.0,8.064570037102579,-9.935429962897421,9.935429962897421,75-100%
18.0,8.000747529229212,-9.999252470770788,9.999252470770788,75-100%
18.0,8.097806805567707,-9.902193194432293,9.902193194432293,75-100%
18.0,8.039290265354273,-9.960709734645727,9.960709734645727,75-100%
18.0,7.987047054355875,-10.012952945644125,10.012952945644125,75-100%
18.0,8.003981032511268,-9.996018967488732,9.996018967488732,75-100%
18.0,8.00397259343504,-9.99602740656496,9.99602740656496,75-100%
18.0,8.00397259343504,-9.99602740656496,9.99602740656496,75-100%
18.0,8.357079686913957,-9.642920313086043,9.642920313086043,75-100%
18.0,8.045225394127954,-9.954774605872046,9.954774605872046,75-100%
18.0,7.386089538344329,-10.61391046165567,10.61391046165567,75-100%
18.0,7.583295614963095,-10.416704385036905,10.416704385036905,75-100%
18.0,7.932889134018332,-10.067110865981668,10.067110865981668,75-100%
18.0,8.039290265354273,-9.960709734645727,9.960709734645727,75-100%
18.0,8.38051671315977,-9.61948328684023,9.61948328684023,75-100%
18.0,8.397148298115717,-9.602851701884283,9.602851701884283,75-100%
18.0,7.411551629779078,-10.588448370220922,10.588448370220922,75-100%
18.0,8.039290265354273,-9.960709734645727,9.960709734645727,75-100%
18.0,8.195404680519808,-9.804595319480192,9.804595319480192,75-100%
18.0,7.987047054355875,-10.012952945644125,10.012952945644125,75-100%
18.0,7.411551629779078,-10.588448370220922,10.588448370220922,75-100%
18.0,8.340519017568802,-9.659480982431198,9.659480982431198,75-100%
7.0,8.434521844231085,1.4345218442310852,1.4345218442310852,25-50%
3.0,8.529964554737468,5.529964554737468,5.529964554737468,0-25%
3.0,8.529964554737468,5.529964554737468,5.529964554737468,0-25%
3.0,8.167048672210802,5.167048672210802,5.167048672210802,0-25%
3.0,8.167048672210802,5.167048672210802,5.167048672210802,0-25%
7.0,8.373839573361735,1.3738395733617352,1.3738395733617352,25-50%
7.0,8.373839573361735,1.3738395733617352,1.3738395733617352,25-50%
7.0,8.434521844231085,1.4345218442310852,1.4345218442310852,25-50%
7.0,8.434521844231085,1.4345218442310852,1.4345218442310852,25-50%
7.0,8.391502371120264,1.3915023711202643,1.3915023711202643,25-50%
3.0,8.428294835542262,5.428294835542262,5.428294835542262,0-25%
3.0,8.529964554737468,5.529964554737468,5.529964554737468,0-25%
3.0,8.529964554737468,5.529964554737468,5.529964554737468,0-25%
3.0,8.529964554737468,5.529964554737468,5.529964554737468,0-25%
3.0,8.529964554737468,5.529964554737468,5.529964554737468,0-25%
3.0,8.4686684021572,5.468668402157199,5.468668402157199,0-25%
7.0,8.317350756311981,1.3173507563119813,1.3173507563119813,25-50%
7.0,8.333870348505721,1.3338703485057213,1.3338703485057213,25-50%
7.0,8.373839573361735,1.3738395733617352,1.3738395733617352,25-50%
7.0,8.373839573361735,1.3738395733617352,1.3738395733617352,25-50%
7.0,8.434521844231085,1.4345218442310852,1.4345218442310852,25-50%
7.0,8.434521844231085,1.4345218442310852,1.4345218442310852,25-50%
3.0,8.428294835542262,5.428294835542262,5.428294835542262,0-25%
3.0,8.446060241445005,5.4460602414450054,5.4460602414450054,0-25%
3.0,8.513863994188284,5.513863994188284,5.513863994188284,0-25%
3.0,8.473297717556683,5.473297717556683,5.473297717556683,0-25%
3.0,8.4686684021572,5.468668402157199,5.468668402157199,0-25%
3.0,8.4686684021572,5.468668402157199,5.468668402157199,0-25%
3.0,8.446060241445005,5.4460602414450054,5.4460602414450054,0-25%
3.0,8.420755884769253,5.420755884769253,5.420755884769253,0-25%
7.0,8.819236426088471,1.8192364260884712,1.8192364260884712,25-50%
7.0,8.333870348505721,1.3338703485057213,1.3338703485057213,25-50%
7.0,8.333870348505721,1.3338703485057213,1.3338703485057213,25-50%
7.0,8.373839573361735,1.3738395733617352,1.3738395733617352,25-50%
7.0,8.357249241456572,1.3572492414565716,1.3572492414565716,25-50%
7.0,8.333870348505721,1.3338703485057213,1.3338703485057213,25-50%
7.0,8.333870348505721,1.3338703485057213,1.3338703485057213,25-50%
3.0,8.042354719570852,5.042354719570852,5.042354719570852,0-25%
3.0,8.491147920814592,5.491147920814592,5.491147920814592,0-25%
3.0,8.428294835542262,5.428294835542262,5.428294835542262,0-25%
3.0,8.428294835542262,5.428294835542262,5.428294835542262,0-25%
3.0,8.443294073084298,5.443294073084298,5.443294073084298,0-25%
3.0,8.428294835542262,5.428294835542262,5.428294835542262,0-25%
3.0,8.428294835542262,5.428294835542262,5.428294835542262,0-25%
3.0,8.428294835542262,5.428294835542262,5.428294835542262,0-25%
7.0,8.351457833653056,1.3514578336530558,1.3514578336530558,25-50%
7.0,8.278341117859327,1.278341117859327,1.278341117859327,25-50%
7.0,8.333870348505721,1.3338703485057213,1.3338703485057213,25-50%
7.0,8.333870348505721,1.3338703485057213,1.3338703485057213,25-50%
7.0,8.373839573361735,1.3738395733617352,1.3738395733617352,25-50%
7.0,8.333870348505721,1.3338703485057213,1.3338703485057213,25-50%
3.0,8.575452723906906,5.575452723906906,5.575452723906906,0-25%
3.0,8.4686684021572,5.468668402157199,5.468668402157199,0-25%
3.0,8.4686684021572,5.468668402157199,5.468668402157199,0-25%
3.0,8.4686684021572,5.468668402157199,5.468668402157199,0-25%
3.0,8.428294835542262,5.428294835542262,5.428294835542262,0-25%
3.0,8.428294835542262,5.428294835542262,5.428294835542262,0-25%
7.0,8.457981459806064,1.4579814598060636,1.4579814598060636,25-50%
7.0,8.357079686913957,1.3570796869139574,1.3570796869139574,25-50%
7.0,8.333870348505721,1.3338703485057213,1.3338703485057213,25-50%
7.0,8.810533893343354,1.8105338933433544,1.8105338933433544,25-50%
7.0,8.333870348505721,1.3338703485057213,1.3338703485057213,25-50%
7.0,8.333870348505721,1.3338703485057213,1.3338703485057213,25-50%
3.0,8.321576486579772,5.321576486579772,5.321576486579772,0-25%
3.0,8.529964554737468,5.529964554737468,5.529964554737468,0-25%
3.0,8.529964554737468,5.529964554737468,5.529964554737468,0-25%
3.0,8.529964554737468,5.529964554737468,5.529964554737468,0-25%
3.0,8.529964554737468,5.529964554737468,5.529964554737468,0-25%
7.0,8.457981459806064,1.4579814598060636,1.4579814598060636,25-50%
7.0,8.397148298115717,1.3971482981157166,1.3971482981157166,25-50%
3.0,6.981170354613589,3.981170354613589,3.981170354613589,0-25%
3.0,7.07016864870912,4.07016864870912,4.07016864870912,0-25%
3.0,7.07016864870912,4.07016864870912,4.07016864870912,0-25%
3.0,6.926976030292011,3.9269760302920114,3.9269760302920114,0-25%
3.0,6.926976030292011,3.9269760302920114,3.9269760302920114,0-25%
3.0,6.981170354613589,3.981170354613589,3.981170354613589,0-25%
3.0,6.981170354613589,3.981170354613589,3.981170354613589,0-25%
3.0,7.001870645741007,4.001870645741007,4.001870645741007,0-25%
3.0,7.001870645741007,4.001870645741007,4.001870645741007,0-25%
3.0,7.001870645741007,4.001870645741007,4.001870645741007,0-25%
3.0,6.926976030292011,3.9269760302920114,3.9269760302920114,0-25%
3.0,7.001870645741007,4.001870645741007,4.001870645741007,0-25%
3.0,7.07016864870912,4.07016864870912,4.07016864870912,0-25%
3.0,7.001870645741007,4.001870645741007,4.001870645741007,0-25%
3.0,7.001870645741007,4.001870645741007,4.001870645741007,0-25%
6.0,8.157712545019006,2.157712545019006,2.157712545019006,25-50%
6.0,8.157712545019006,2.157712545019006,2.157712545019006,25-50%
6.0,8.246561531887037,2.2465615318870373,2.2465615318870373,25-50%
6.0,8.246561531887037,2.2465615318870373,2.2465615318870373,25-50%
6.0,8.246561531887037,2.2465615318870373,2.2465615318870373,25-50%
6.0,8.157712545019006,2.157712545019006,2.157712545019006,25-50%
6.0,8.184459846837933,2.1844598468379335,2.1844598468379335,25-50%
6.0,8.157712545019006,2.157712545019006,2.157712545019006,25-50%
6.0,8.184459846837933,2.1844598468379335,2.1844598468379335,25-50%
6.0,8.157712545019006,2.157712545019006,2.157712545019006,25-50%
6.0,8.23974534343241,2.2397453434324106,2.2397453434324106,25-50%
6.0,8.184459846837933,2.1844598468379335,2.1844598468379335,25-50%
6.0,8.184459846837933,2.1844598468379335,2.1844598468379335,25-50%
6.0,8.184459846837933,2.1844598468379335,2.1844598468379335,25-50%
6.0,8.178690222030868,2.178690222030868,2.178690222030868,25-50%
6.0,8.178690222030868,2.178690222030868,2.178690222030868,25-50%
6.0,8.23974534343241,2.2397453434324106,2.2397453434324106,25-50%
6.0,8.273568338539338,2.273568338539338,2.273568338539338,25-50%
6.0,8.124706846477405,2.1247068464774053,2.1247068464774053,25-50%
6.0,8.184459846837933,2.1844598468379335,2.1844598468379335,25-50%
6.0,8.184459846837933,2.1844598468379335,2.1844598468379335,25-50%
6.0,8.178690222030868,2.178690222030868,2.178690222030868,25-50%
6.0,8.178690222030868,2.178690222030868,2.178690222030868,25-50%
6.0,8.184459846837933,2.1844598468379335,2.1844598468379335,25-50%
6.0,8.23974534343241,2.2397453434324106,2.2397453434324106,25-50%
6.0,8.178690222030868,2.178690222030868,2.178690222030868,25-50%
6.0,8.025585736450942,2.0255857364509424,2.0255857364509424,25-50%
6.0,7.619918425499433,1.6199184254994332,1.6199184254994332,25-50%
6.0,7.982601590119583,1.9826015901195833,1.9826015901195833,25-50%
6.0,8.184459846837933,2.1844598468379335,2.1844598468379335,25-50%
6.0,8.212837037276996,2.212837037276996,2.212837037276996,25-50%
6.0,7.735292666720925,1.735292666720925,1.735292666720925,25-50%
6.0,8.004957976079677,2.0049579760796767,2.0049579760796767,25-50%
6.0,8.246561531887037,2.2465615318870373,2.2465615318870373,25-50%
2.0,7.8223987791326985,5.8223987791326985,5.8223987791326985,0-25%
2.0,7.2272632920337045,5.2272632920337045,5.2272632920337045,0-25%
2.0,7.532885395341424,5.532885395341424,5.532885395341424,0-25%
2.0,8.256035324537462,6.2560353245374625,6.2560353245374625,0-25%
1.5,7.984002192320975,6.484002192320975,6.484002192320975,0-25%
1.5,8.028614603173814,6.528614603173814,6.528614603173814,0-25%
3.333333333333333,7.929085306018969,4.595751972685636,4.595751972685636,0-25%
3.333333333333333,7.69060665107411,4.357273317740777,4.357273317740777,0-25%
3.333333333333333,7.406226399132261,4.072893065798928,4.072893065798928,0-25%
3.333333333333333,7.4443598812937175,4.1110265479603845,4.1110265479603845,0-25%
1.5,7.79505273080215,6.29505273080215,6.29505273080215,0-25%
3.333333333333333,7.74129084378364,4.407957510450307,4.407957510450307,0-25%
3.333333333333333,7.74129084378364,4.407957510450307,4.407957510450307,0-25%
3.333333333333333,7.74129084378364,4.407957510450307,4.407957510450307,0-25%
3.333333333333333,7.530323969096393,4.1969906357630595,4.1969906357630595,0-25%
3.333333333333333,7.277477804486635,3.944144471153302,3.944144471153302,0-25%
3.333333333333333,7.441411555147896,4.108078221814563,4.108078221814563,0-25%
4.0,7.350554129974478,3.350554129974478,3.350554129974478,0-25%
3.333333333333333,7.088161312419202,3.754827979085869,3.754827979085869,0-25%
3.5,7.009077695832501,3.5090776958325014,3.5090776958325014,0-25%
3.5,7.009077695832501,3.5090776958325014,3.5090776958325014,0-25%
3.5,7.238246998321534,3.738246998321534,3.738246998321534,0-25%
3.5,7.196543107995133,3.696543107995133,3.696543107995133,0-25%
3.5,7.384253422294741,3.8842534222947407,3.8842534222947407,0-25%
4.0,7.375908327758324,3.3759083277583244,3.3759083277583244,0-25%
7.0,7.524392363021673,0.5243923630216729,0.5243923630216729,25-50%
1.5,7.009077695832501,5.509077695832501,5.509077695832501,0-25%
3.5,6.696857350732757,3.196857350732757,3.196857350732757,0-25%
3.5,6.681771752898524,3.1817717528985243,3.1817717528985243,0-25%
3.5,6.701695511519647,3.201695511519647,3.201695511519647,0-25%
3.5,7.009077695832501,3.5090776958325014,3.5090776958325014,0-25%
3.5,7.350554129974478,3.850554129974478,3.850554129974478,0-25%
3.5,7.387278332427587,3.887278332427587,3.887278332427587,0-25%
4.0,7.6558211224390424,3.6558211224390424,3.6558211224390424,0-25%
7.0,7.836014272028504,0.8360142720285042,0.8360142720285042,25-50%
3.5,6.681771752898524,3.1817717528985243,3.1817717528985243,0-25%
3.5,6.681771752898524,3.1817717528985243,3.1817717528985243,0-25%
3.5,6.701695511519647,3.201695511519647,3.201695511519647,0-25%
3.5,7.059484422573711,3.5594844225737106,3.5594844225737106,0-25%
3.5,7.196543107995133,3.696543107995133,3.696543107995133,0-25%
4.0,7.457927526803074,3.457927526803074,3.457927526803074,0-25%
5.5,7.833720586369167,2.333720586369167,2.333720586369167,25-50%
7.0,8.256035324537462,1.2560353245374625,1.2560353245374625,25-50%
4.0,6.681771752898524,2.6817717528985243,2.6817717528985243,0-25%
4.0,6.629274651759062,2.6292746517590624,2.6292746517590624,0-25%
4.0,6.681771752898524,2.6817717528985243,2.6817717528985243,0-25%
4.0,7.009077695832501,3.0090776958325014,3.0090776958325014,0-25%
4.0,7.323155240049236,3.3231552400492363,3.3231552400492363,0-25%
5.5,7.486616667024585,1.9866166670245846,1.9866166670245846,25-50%
5.5,7.80789125515482,2.3078912551548196,2.3078912551548196,25-50%
4.0,6.681771752898524,2.6817717528985243,2.6817717528985243,0-25%
4.0,6.701695511519647,2.701695511519647,2.701695511519647,0-25%
4.0,7.059484422573711,3.0594844225737106,3.0594844225737106,0-25%
4.0,7.457927526803074,3.457927526803074,3.457927526803074,0-25%
4.0,6.681771752898524,2.6817717528985243,2.6817717528985243,0-25%
4.0,6.701695511519647,2.701695511519647,2.701695511519647,0-25%
4.0,7.009077695832501,3.0090776958325014,3.0090776958325014,0-25%
4.0,7.328387084875069,3.328387084875069,3.328387084875069,0-25%
4.0,8.183750049674195,4.183750049674195,4.183750049674195,0-25%
4.0,8.183750049674195,4.183750049674195,4.183750049674195,0-25%
4.0,8.286672084345074,4.286672084345074,4.286672084345074,0-25%
4.0,8.03056116400126,4.030561164001259,4.030561164001259,0-25%
4.0,8.03056116400126,4.030561164001259,4.030561164001259,0-25%
4.0,7.784780849167836,3.784780849167836,3.784780849167836,0-25%
4.0,7.2272632920337045,3.2272632920337045,3.2272632920337045,0-25%
4.0,7.175807219803083,3.175807219803083,3.175807219803083,0-25%
4.0,8.03056116400126,4.030561164001259,4.030561164001259,0-25%
4.0,7.524392363021673,3.524392363021673,3.524392363021673,0-25%
4.0,7.784780849167836,3.784780849167836,3.784780849167836,0-25%
4.0,7.550274373555963,3.550274373555963,3.550274373555963,0-25%
4.0,7.0840123004784665,3.0840123004784665,3.0840123004784665,0-25%
4.0,7.055077159051745,3.055077159051745,3.055077159051745,0-25%
4.0,8.171822984427019,4.171822984427019,4.171822984427019,0-25%
4.0,8.354635577150514,4.354635577150514,4.354635577150514,0-25%
4.0,7.2367288898104345,3.2367288898104345,3.2367288898104345,0-25%
4.0,8.06923156719555,4.0692315671955495,4.0692315671955495,0-25%
4.0,8.03056116400126,4.030561164001259,4.030561164001259,0-25%
4.0,8.354635577150514,4.354635577150514,4.354635577150514,0-25%
4.0,8.34248658046738,4.34248658046738,4.34248658046738,0-25%
4.0,8.354635577150514,4.354635577150514,4.354635577150514,0-25%
4.0,8.286672084345074,4.286672084345074,4.286672084345074,0-25%
4.0,8.354635577150514,4.354635577150514,4.354635577150514,0-25%
4.0,8.354635577150514,4.354635577150514,4.354635577150514,0-25%
4.0,8.34248658046738,4.34248658046738,4.34248658046738,0-25%
4.0,8.34248658046738,4.34248658046738,4.34248658046738,0-25%
7.0,8.832716107457404,1.8327161074574043,1.8327161074574043,25-50%
7.0,8.832716107457404,1.8327161074574043,1.8327161074574043,25-50%
7.0,8.819946220871175,1.8199462208711754,1.8199462208711754,25-50%
7.0,8.819946220871175,1.8199462208711754,1.8199462208711754,25-50%
7.0,8.832716107457404,1.8327161074574043,1.8327161074574043,25-50%
7.0,8.819946220871175,1.8199462208711754,1.8199462208711754,25-50%
7.0,8.832716107457404,1.8327161074574043,1.8327161074574043,25-50%
7.0,8.832716107457404,1.8327161074574043,1.8327161074574043,25-50%
7.0,8.819946220871175,1.8199462208711754,1.8199462208711754,25-50%
7.0,8.819946220871175,1.8199462208711754,1.8199462208711754,25-50%
7.0,8.819946220871175,1.8199462208711754,1.8199462208711754,25-50%
7.0,8.832716107457404,1.8327161074574043,1.8327161074574043,25-50%
7.0,8.819946220871175,1.8199462208711754,1.8199462208711754,25-50%
7.0,8.832716107457404,1.8327161074574043,1.8327161074574043,25-50%
7.0,8.874821474938454,1.8748214749384537,1.8748214749384537,25-50%
7.0,8.832716107457404,1.8327161074574043,1.8327161074574043,25-50%
7.0,8.826027766036145,1.8260277660361446,1.8260277660361446,25-50%
7.0,8.874821474938454,1.8748214749384537,1.8748214749384537,25-50%
7.0,8.874821474938454,1.8748214749384537,1.8748214749384537,25-50%
7.0,8.874821474938454,1.8748214749384537,1.8748214749384537,25-50%
7.0,8.819946220871175,1.8199462208711754,1.8199462208711754,25-50%
7.0,8.832716107457404,1.8327161074574043,1.8327161074574043,25-50%
7.0,8.826027766036145,1.8260277660361446,1.8260277660361446,25-50%
7.0,8.86199690551978,1.8619969055197796,1.8619969055197796,25-50%
7.0,8.690535255145459,1.690535255145459,1.690535255145459,25-50%
7.0,8.874821474938454,1.8748214749384537,1.8748214749384537,25-50%
7.0,8.518915915422703,1.5189159154227028,1.5189159154227028,25-50%
7.0,8.86861816893056,1.8686181689305599,1.8686181689305599,25-50%
7.0,8.874821474938454,1.8748214749384537,1.8748214749384537,25-50%
7.0,8.826027766036145,1.8260277660361446,1.8260277660361446,25-50%
7.0,8.759246560661053,1.7592465606610528,1.7592465606610528,25-50%
7.0,8.5964581466092,1.5964581466091996,1.5964581466091996,25-50%
7.0,7.984883257815719,0.984883257815719,0.984883257815719,25-50%
7.0,8.784130450624625,1.784130450624625,1.784130450624625,25-50%
7.0,6.610081191243655,-0.3899188087563452,0.3899188087563452,25-50%
7.0,6.610081191243655,-0.3899188087563452,0.3899188087563452,25-50%
7.0,6.610081191243655,-0.3899188087563452,0.3899188087563452,25-50%
7.0,7.443240117764517,0.44324011776451666,0.44324011776451666,25-50%
7.0,6.610081191243655,-0.3899188087563452,0.3899188087563452,25-50%
7.0,6.6298190102805545,-0.37018098971944546,0.37018098971944546,25-50%
7.0,6.934332533281287,-0.06566746671871293,0.06566746671871293,25-50%
7.0,7.12827861810282,0.12827861810282037,0.12827861810282037,25-50%
7.0,7.163169126189342,0.16316912618934243,0.16316912618934243,25-50%
7.0,7.820010468981038,0.8200104689810379,0.8200104689810379,25-50%
7.0,8.106125142010898,1.1061251420108977,1.1061251420108977,25-50%
6.0,8.04713274391418,2.0471327439141795,2.0471327439141795,25-50%
6.0,8.146703481913208,2.1467034819132085,2.1467034819132085,25-50%
7.0,6.6298190102805545,-0.37018098971944546,0.37018098971944546,25-50%
7.0,6.6298190102805545,-0.37018098971944546,0.37018098971944546,25-50%
7.0,7.01896088389422,0.018960883894219904,0.018960883894219904,25-50%
7.0,7.199069243832201,0.19906924383220126,0.19906924383220126,25-50%
6.5,7.863808536072434,1.3638085360724341,1.3638085360724341,25-50%
6.5,8.061129734191635,1.5611297341916348,1.5611297341916348,25-50%
6.0,8.09205864602011,2.09205864602011,2.09205864602011,25-50%
6.0,8.15859788168636,2.15859788168636,2.15859788168636,25-50%
6.0,8.061129734191635,2.061129734191635,2.061129734191635,25-50%
6.0,7.6520532866818805,1.6520532866818805,1.6520532866818805,25-50%
7.0,6.610081191243655,-0.3899188087563452,0.3899188087563452,25-50%
7.0,6.6298190102805545,-0.37018098971944546,0.37018098971944546,25-50%
7.0,6.934332533281287,-0.06566746671871293,0.06566746671871293,25-50%
7.0,6.984268836444771,-0.015731163555228633,0.015731163555228633,25-50%
7.0,6.934332533281287,-0.06566746671871293,0.06566746671871293,25-50%
7.0,6.934332533281287,-0.06566746671871293,0.06566746671871293,25-50%
6.5,7.885243380358235,1.3852433803582347,1.3852433803582347,25-50%
6.0,8.026164763657768,2.0261647636577678,2.0261647636577678,25-50%
6.0,8.12220105006356,2.122201050063561,2.122201050063561,25-50%
6.0,7.8145515700953645,1.8145515700953645,1.8145515700953645,25-50%
7.0,6.6298190102805545,-0.37018098971944546,0.37018098971944546,25-50%
7.0,6.610081191243655,-0.3899188087563452,0.3899188087563452,25-50%
7.0,6.610081191243655,-0.3899188087563452,0.3899188087563452,25-50%
7.0,6.934332533281287,-0.06566746671871293,0.06566746671871293,25-50%
7.0,7.10670161663638,0.10670161663638034,0.10670161663638034,25-50%
7.0,7.193918635729717,0.1939186357297169,0.1939186357297169,25-50%
7.0,7.657491873241331,0.6574918732413311,0.6574918732413311,25-50%
6.666666666666668,7.6520532866818805,0.9853866200152126,0.9853866200152126,25-50%
6.5,8.061213803630256,1.561213803630256,1.561213803630256,25-50%
6.0,8.04713274391418,2.0471327439141795,2.0471327439141795,25-50%
6.0,8.15859788168636,2.15859788168636,2.15859788168636,25-50%
6.0,8.125256355062008,2.1252563550620085,2.1252563550620085,25-50%
7.0,6.934332533281287,-0.06566746671871293,0.06566746671871293,25-50%
7.0,6.6298190102805545,-0.37018098971944546,0.37018098971944546,25-50%
7.0,6.610081191243655,-0.3899188087563452,0.3899188087563452,25-50%
6.666666666666668,7.863808536072434,1.1971418694057663,1.1971418694057663,25-50%
6.0,8.106125142010898,2.1061251420108977,2.1061251420108977,25-50%
6.0,8.106125142010898,2.1061251420108977,2.1061251420108977,25-50%
6.0,8.130992391921671,2.130992391921671,2.130992391921671,25-50%
6.0,8.15859788168636,2.15859788168636,2.15859788168636,25-50%
6.0,8.185871226322515,2.185871226322515,2.185871226322515,25-50%
6.0,8.111849153198191,2.1118491531981913,2.1118491531981913,25-50%
6.0,7.301393330727614,1.3013933307276142,1.3013933307276142,25-50%
7.0,7.12827861810282,0.12827861810282037,0.12827861810282037,25-50%
7.0,6.934332533281287,-0.06566746671871293,0.06566746671871293,25-50%
5.0,8.033158170035895,3.033158170035895,3.033158170035895,0-25%
5.0,8.052136085535656,3.052136085535656,3.052136085535656,0-25%
5.0,8.079503171097887,3.079503171097887,3.079503171097887,0-25%
6.0,8.111849153198191,2.1118491531981913,2.1118491531981913,25-50%
7.0,6.6298190102805545,-0.37018098971944546,0.37018098971944546,25-50%
7.0,6.6298190102805545,-0.37018098971944546,0.37018098971944546,25-50%
7.0,6.6298190102805545,-0.37018098971944546,0.37018098971944546,25-50%
5.0,8.027483592071254,3.0274835920712544,3.0274835920712544,0-25%
5.0,8.027483592071254,3.0274835920712544,3.0274835920712544,0-25%
5.0,8.027483592071254,3.0274835920712544,3.0274835920712544,0-25%
4.0,8.201242508562613,4.201242508562613,4.201242508562613,0-25%
4.0,8.240643798386435,4.240643798386435,4.240643798386435,0-25%
4.0,6.8658107198400105,2.8658107198400105,2.8658107198400105,0-25%
4.0,7.058081863841247,3.058081863841247,3.058081863841247,0-25%
4.0,7.867110075346419,3.867110075346419,3.867110075346419,0-25%
4.0,8.173508481021077,4.173508481021077,4.173508481021077,0-25%
4.0,8.240643798386435,4.240643798386435,4.240643798386435,0-25%
4.0,8.155777104490065,4.155777104490065,4.155777104490065,0-25%
4.0,8.240643798386435,4.240643798386435,4.240643798386435,0-25%
4.0,8.19498370369888,4.194983703698879,4.194983703698879,0-25%
4.0,6.8658107198400105,2.8658107198400105,2.8658107198400105,0-25%
4.0,7.698793805306874,3.698793805306874,3.698793805306874,0-25%
4.0,8.115243081182475,4.115243081182475,4.115243081182475,0-25%
4.0,8.201242508562613,4.201242508562613,4.201242508562613,0-25%
4.0,8.201242508562613,4.201242508562613,4.201242508562613,0-25%
4.0,8.240643798386435,4.240643798386435,4.240643798386435,0-25%
4.0,8.240643798386435,4.240643798386435,4.240643798386435,0-25%
4.0,7.698793805306874,3.698793805306874,3.698793805306874,0-25%
4.0,8.115243081182475,4.115243081182475,4.115243081182475,0-25%
4.0,8.155777104490065,4.155777104490065,4.155777104490065,0-25%
4.0,8.240643798386435,4.240643798386435,4.240643798386435,0-25%
4.0,8.201242508562613,4.201242508562613,4.201242508562613,0-25%
4.0,8.201242508562613,4.201242508562613,4.201242508562613,0-25%
4.0,7.899486432757255,3.8994864327572554,3.8994864327572554,0-25%
4.0,8.14852544323452,4.14852544323452,4.14852544323452,0-25%
4.0,8.173508481021077,4.173508481021077,4.173508481021077,0-25%
4.0,8.201242508562613,4.201242508562613,4.201242508562613,0-25%
4.0,8.240643798386435,4.240643798386435,4.240643798386435,0-25%
4.0,8.240643798386435,4.240643798386435,4.240643798386435,0-25%
8.0,7.85559423488359,-0.14440576511641012,0.14440576511641012,25-50%
8.0,7.660716564898127,-0.33928343510187275,0.33928343510187275,25-50%
8.0,8.115243081182475,0.1152430811824754,0.1152430811824754,25-50%
8.0,8.115243081182475,0.1152430811824754,0.1152430811824754,25-50%
8.0,8.115243081182475,0.1152430811824754,0.1152430811824754,25-50%
8.0,8.13439345026693,0.13439345026693061,0.13439345026693061,25-50%
8.0,8.13439345026693,0.13439345026693061,0.13439345026693061,25-50%
8.0,8.115243081182475,0.1152430811824754,0.1152430811824754,25-50%
8.0,8.115243081182475,0.1152430811824754,0.1152430811824754,25-50%
8.0,8.115243081182475,0.1152430811824754,0.1152430811824754,25-50%
8.0,8.13439345026693,0.13439345026693061,0.13439345026693061,25-50%
8.0,8.13439345026693,0.13439345026693061,0.13439345026693061,25-50%
8.0,7.867110075346419,-0.13288992465358085,0.13288992465358085,25-50%
8.0,7.867110075346419,-0.13288992465358085,0.13288992465358085,25-50%
8.0,7.451694311903538,-0.5483056880964616,0.5483056880964616,25-50%
8.0,6.915315767313749,-1.084684232686251,1.084684232686251,25-50%
8.0,8.201242508562613,0.20124250856261305,0.20124250856261305,25-50%
8.0,8.18929272561326,0.18929272561326016,0.18929272561326016,25-50%
8.0,7.867110075346419,-0.13288992465358085,0.13288992465358085,25-50%
8.0,7.2011787981949436,-0.7988212018050564,0.7988212018050564,25-50%
8.0,7.451694311903538,-0.5483056880964616,0.5483056880964616,25-50%
8.0,7.226079458207881,-0.7739205417921191,0.7739205417921191,25-50%
8.0,6.777496325794427,-1.2225036742055728,1.2225036742055728,25-50%
8.0,8.201242508562613,0.20124250856261305,0.20124250856261305,25-50%
8.0,8.201242508562613,0.20124250856261305,0.20124250856261305,25-50%
8.0,8.103404986897996,0.1034049868979956,0.1034049868979956,25-50%
8.0,8.201242508562613,0.20124250856261305,0.20124250856261305,25-50%
8.0,7.867110075346419,-0.13288992465358085,0.13288992465358085,25-50%
8.0,7.905080553100193,-0.09491944689980691,0.09491944689980691,25-50%
8.0,7.867110075346419,-0.13288992465358085,0.13288992465358085,25-50%
8.0,8.201242508562613,0.20124250856261305,0.20124250856261305,25-50%
7.0,8.103404986897996,1.1034049868979956,1.1034049868979956,25-50%
7.0,8.07901854420503,1.0790185442050308,1.0790185442050308,25-50%
7.0,8.103404986897996,1.1034049868979956,1.1034049868979956,25-50%
7.0,8.103404986897996,1.1034049868979956,1.1034049868979956,25-50%
7.0,8.103404986897996,1.1034049868979956,1.1034049868979956,25-50%
7.0,8.103404986897996,1.1034049868979956,1.1034049868979956,25-50%
7.0,8.115243081182475,1.1152430811824754,1.1152430811824754,25-50%
7.0,8.103404986897996,1.1034049868979956,1.1034049868979956,25-50%
7.0,8.115243081182475,1.1152430811824754,1.1152430811824754,25-50%
7.0,8.103404986897996,1.1034049868979956,1.1034049868979956,25-50%
7.0,7.795461193132354,0.7954611931323541,0.7954611931323541,25-50%
7.5,7.451694311903538,-0.04830568809646163,0.04830568809646163,25-50%
7.0,8.115243081182475,1.1152430811824754,1.1152430811824754,25-50%
7.0,8.115243081182475,1.1152430811824754,1.1152430811824754,25-50%
7.0,8.115243081182475,1.1152430811824754,1.1152430811824754,25-50%
7.0,7.85559423488359,0.8555942348835899,0.8555942348835899,25-50%
7.0,7.905080553100193,0.9050805531001931,0.9050805531001931,25-50%
7.5,7.669345419902148,0.16934541990214758,0.16934541990214758,25-50%
7.5,7.226079458207881,-0.2739205417921191,0.2739205417921191,25-50%
7.5,7.209349806007217,-0.290650193992783,0.290650193992783,25-50%
8.0,7.029557773716643,-0.9704422262833567,0.9704422262833567,25-50%
7.0,7.867110075346419,0.8671100753464192,0.8671100753464192,25-50%
7.0,7.831871634204839,0.8318716342048393,0.8318716342048393,25-50%
7.0,7.85559423488359,0.8555942348835899,0.8555942348835899,25-50%
7.0,7.905080553100193,0.9050805531001931,0.9050805531001931,25-50%
7.5,7.730555591829274,0.23055559182927432,0.23055559182927432,25-50%
7.5,7.058081863841247,-0.44191813615875297,0.44191813615875297,25-50%
8.0,7.029557773716643,-0.9704422262833567,0.9704422262833567,25-50%
7.0,7.660716564898127,0.6607165648981272,0.6607165648981272,25-50%
7.0,7.905080553100193,0.9050805531001931,0.9050805531001931,25-50%
7.0,7.697803230436827,0.6978032304368273,0.6978032304368273,25-50%
7.5,7.482553867434502,-0.017446132565497763,0.017446132565497763,25-50%
7.5,7.232071484821803,-0.2679285151781974,0.2679285151781974,25-50%
7.5,7.232071484821803,-0.2679285151781974,0.2679285151781974,25-50%
8.0,7.029557773716643,-0.9704422262833567,0.9704422262833567,25-50%
7.0,7.451694311903538,0.45169431190353837,0.45169431190353837,25-50%
7.0,7.451694311903538,0.45169431190353837,0.45169431190353837,25-50%
7.5,7.328740631599413,-0.17125936840058742,0.17125936840058742,25-50%
7.5,7.234275275074133,-0.2657247249258674,0.2657247249258674,25-50%
7.5,7.24545301779313,-0.25454698220687,0.25454698220687,25-50%
8.0,7.371907400032853,-0.6280925999671467,0.6280925999671467,25-50%
8.0,7.405692865088302,-0.5943071349116984,0.5943071349116984,25-50%
8.0,7.22583153543868,-0.7741684645613196,0.7741684645613196,25-50%
8.0,7.203995573921865,-0.7960044260781354,0.7960044260781354,25-50%
8.0,7.234027105294236,-0.7659728947057642,0.7659728947057642,25-50%
8.0,7.029557773716643,-0.9704422262833567,0.9704422262833567,25-50%
8.0,7.029557773716643,-0.9704422262833567,0.9704422262833567,25-50%
8.0,7.029557773716643,-0.9704422262833567,0.9704422262833567,25-50%
8.0,8.760294602682814,0.7602946026828139,0.7602946026828139,25-50%
8.0,8.608672392596592,0.608672392596592,0.608672392596592,25-50%
8.0,8.736990131599473,0.7369901315994731,0.7369901315994731,25-50%
8.0,8.909583551082628,0.909583551082628,0.909583551082628,25-50%
8.0,8.736085128362044,0.7360851283620438,0.7360851283620438,25-50%
8.0,8.710906424218779,0.7109064242187788,0.7109064242187788,25-50%
8.0,8.710906424218779,0.7109064242187788,0.7109064242187788,25-50%
8.0,8.718677567679977,0.7186775676799773,0.7186775676799773,25-50%
8.0,8.909583551082628,0.909583551082628,0.909583551082628,25-50%
8.0,8.736085128362044,0.7360851283620438,0.7360851283620438,25-50%
8.0,8.760294602682814,0.7602946026828139,0.7602946026828139,25-50%
8.0,7.755083175861664,-0.24491682413833615,0.24491682413833615,25-50%
8.0,8.710906424218779,0.7109064242187788,0.7109064242187788,25-50%
8.0,8.718677567679977,0.7186775676799773,0.7186775676799773,25-50%
8.0,8.736085128362044,0.7360851283620438,0.7360851283620438,25-50%
8.0,8.729968975728458,0.7299689757284575,0.7299689757284575,25-50%
8.0,8.729968975728458,0.7299689757284575,0.7299689757284575,25-50%
8.0,8.754163241796816,0.7541632417968156,0.7541632417968156,25-50%
8.0,7.755083175861664,-0.24491682413833615,0.24491682413833615,25-50%
8.0,7.504032265734421,-0.4959677342655793,0.4959677342655793,25-50%
8.0,8.390147404151987,0.39014740415198723,0.39014740415198723,25-50%
8.0,8.743020301615102,0.7430203016151022,0.7430203016151022,25-50%
8.0,8.66299593992576,0.6629959399257608,0.6629959399257608,25-50%
8.0,8.754163241796816,0.7541632417968156,0.7541632417968156,25-50%
8.0,8.760294602682814,0.7602946026828139,0.7602946026828139,25-50%
8.0,8.366686315824687,0.3666863158246869,0.3666863158246869,25-50%
8.0,7.711904037709813,-0.2880959622901873,0.2880959622901873,25-50%
8.0,7.897737041755002,-0.10226295824499765,0.10226295824499765,25-50%
8.0,8.53886326624012,0.5388632662401207,0.5388632662401207,25-50%
8.0,8.760294602682814,0.7602946026828139,0.7602946026828139,25-50%
8.0,7.793586422716868,-0.20641357728313192,0.20641357728313192,25-50%
8.0,7.797984939755864,-0.20201506024413618,0.20201506024413618,25-50%
8.0,7.666472895306831,-0.33352710469316893,0.33352710469316893,25-50%
8.0,7.620789427659415,-0.3792105723405852,0.3792105723405852,25-50%
8.0,7.420381345420244,-0.5796186545797557,0.5796186545797557,25-50%
8.0,7.420381345420244,-0.5796186545797557,0.5796186545797557,25-50%
8.0,7.190103269331162,-0.8098967306688376,0.8098967306688376,25-50%
8.0,7.195251479135841,-0.8047485208641589,0.8047485208641589,25-50%
8.0,7.415091710329486,-0.5849082896705138,0.5849082896705138,25-50%
8.0,7.420381345420244,-0.5796186545797557,0.5796186545797557,25-50%
8.0,7.195251479135841,-0.8047485208641589,0.8047485208641589,25-50%
8.0,7.420381345420244,-0.5796186545797557,0.5796186545797557,25-50%
8.0,7.473376693655689,-0.5266233063443106,0.5266233063443106,25-50%
8.0,7.634802835849297,-0.365197164150703,0.365197164150703,25-50%
8.0,7.473376693655689,-0.5266233063443106,0.5266233063443106,25-50%
8.0,7.966096520049368,-0.0339034799506317,0.0339034799506317,25-50%
8.0,7.473376693655689,-0.5266233063443106,0.5266233063443106,25-50%
8.0,7.671867591171383,-0.3281324088286173,0.3281324088286173,25-50%
8.0,7.689539798125501,-0.3104602018744993,0.3104602018744993,25-50%
8.0,7.529276792340568,-0.4707232076594323,0.4707232076594323,25-50%
8.0,8.350108644144377,0.3501086441443775,0.3501086441443775,25-50%
8.0,8.366686315824687,0.3666863158246869,0.3666863158246869,25-50%
8.0,8.202090126832397,0.20209012683239713,0.20209012683239713,25-50%
8.0,7.927865875596163,-0.07213412440383671,0.07213412440383671,25-50%
8.0,7.635721857469273,-0.3642781425307273,0.3642781425307273,25-50%
8.0,7.674896408542166,-0.3251035914578342,0.3251035914578342,25-50%
8.0,7.663236225775964,-0.33676377422403636,0.33676377422403636,25-50%
8.0,7.979933779793349,-0.020066220206651053,0.020066220206651053,25-50%
8.0,7.979933779793349,-0.020066220206651053,0.020066220206651053,25-50%
8.0,7.763207371957521,-0.2367926280424788,0.2367926280424788,25-50%
8.0,7.503458342295037,-0.49654165770496306,0.49654165770496306,25-50%
8.0,7.671867591171383,-0.3281324088286173,0.3281324088286173,25-50%
7.0,7.25525471552624,0.2552547155262399,0.2552547155262399,25-50%
7.0,7.504032265734421,0.5040322657344207,0.5040322657344207,25-50%
7.0,7.726356991169236,0.7263569911692356,0.7263569911692356,25-50%
7.0,7.897737041755002,0.8977370417550024,0.8977370417550024,25-50%
7.0,7.25525471552624,0.2552547155262399,0.2552547155262399,25-50%
7.0,7.276665883105642,0.27666588310564233,0.27666588310564233,25-50%
7.0,7.557554087709048,0.5575540877090477,0.5575540877090477,25-50%
7.0,7.8676581026841585,0.8676581026841585,0.8676581026841585,25-50%
7.0,7.25525471552624,0.2552547155262399,0.2552547155262399,25-50%
7.0,7.25525471552624,0.2552547155262399,0.2552547155262399,25-50%
7.0,7.276665883105642,0.27666588310564233,0.27666588310564233,25-50%
7.0,7.504032265734421,0.5040322657344207,0.5040322657344207,25-50%
7.0,7.731842284228883,0.7318422842288834,0.7318422842288834,25-50%
7.0,8.11398852235107,1.11398852235107,1.11398852235107,25-50%
7.0,8.61080205359989,1.6108020535998904,1.6108020535998904,25-50%
7.0,7.198838441302851,0.19883844130285144,0.19883844130285144,25-50%
7.0,7.220103285317054,0.22010328531705436,0.22010328531705436,25-50%
7.0,7.688777767680326,0.6887777676803264,0.6887777676803264,25-50%
7.0,8.055462206172328,1.0554622061723276,1.0554622061723276,25-50%
7.0,8.400886769110983,1.4008867691109828,1.4008867691109828,25-50%
7.0,8.499160164834889,1.4991601648348887,1.4991601648348887,25-50%
7.0,7.276665883105642,0.27666588310564233,0.27666588310564233,25-50%
7.0,7.504032265734421,0.5040322657344207,0.5040322657344207,25-50%
7.0,7.731842284228883,0.7318422842288834,0.7318422842288834,25-50%
7.0,8.171612898329142,1.1716128983291423,1.1716128983291423,25-50%
7.0,8.400886769110983,1.4008867691109828,1.4008867691109828,25-50%
7.0,8.651957147251741,1.651957147251741,1.651957147251741,25-50%
7.0,7.198838441302851,0.19883844130285144,0.19883844130285144,25-50%
7.0,7.711904037709813,0.7119040377098127,0.7119040377098127,25-50%
7.0,8.037100995272937,1.0371009952729366,1.0371009952729366,25-50%
7.0,8.366686315824687,1.366686315824687,1.366686315824687,25-50%
10.0,8.390147404151987,-1.6098525958480128,1.6098525958480128,50-75%
10.0,7.510193939208789,-2.489806060791211,2.489806060791211,50-75%
10.0,7.701335546623726,-2.298664453376274,2.298664453376274,50-75%
10.0,8.406796064249988,-1.5932039357500116,1.5932039357500116,50-75%
10.0,8.64589384333162,-1.3541061566683794,1.3541061566683794,50-75%
10.0,8.648069229439335,-1.3519307705606654,1.3519307705606654,50-75%
10.0,8.718677567679977,-1.2813224323200227,1.2813224323200227,50-75%
10.0,7.420381345420244,-2.5796186545797557,2.5796186545797557,50-75%
10.0,7.420381345420244,-2.5796186545797557,2.5796186545797557,50-75%
10.0,8.458656584034284,-1.5413434159657164,1.5413434159657164,50-75%
10.0,8.608672392596592,-1.391327607403408,1.391327607403408,50-75%
10.0,8.710906424218779,-1.2890935757812212,1.2890935757812212,50-75%
10.0,8.384335634950453,-1.6156643650495468,1.6156643650495468,50-75%
10.0,7.695869417721035,-2.3041305822789653,2.3041305822789653,50-75%
10.0,8.187840661049371,-1.8121593389506288,1.8121593389506288,50-75%
10.0,8.182068912434278,-1.8179310875657215,1.8179310875657215,50-75%
10.0,8.645983338229518,-1.3540166617704816,1.3540166617704816,50-75%
10.0,8.630993550950526,-1.3690064490494738,1.3690064490494738,50-75%
10.0,8.718677567679977,-1.2813224323200227,1.2813224323200227,50-75%
10.0,8.683297092299108,-1.3167029077008916,1.3167029077008916,50-75%
10.0,8.406796064249988,-1.5932039357500116,1.5932039357500116,50-75%
10.0,8.66299593992576,-1.3370040600742392,1.3370040600742392,50-75%
10.0,8.66299593992576,-1.3370040600742392,1.3370040600742392,50-75%
10.0,8.689383907494573,-1.3106160925054269,1.3106160925054269,50-75%
10.0,8.718677567679977,-1.2813224323200227,1.2813224323200227,50-75%
10.0,8.77868558412448,-1.2213144158755203,1.2213144158755203,50-75%
10.0,7.420381345420244,-2.5796186545797557,2.5796186545797557,50-75%
10.0,8.669069994037725,-1.3309300059622746,1.3309300059622746,50-75%
10.0,8.689383907494573,-1.3106160925054269,1.3106160925054269,50-75%
10.0,8.718677567679977,-1.2813224323200227,1.2813224323200227,50-75%
10.0,8.66299593992576,-1.3370040600742392,1.3370040600742392,50-75%
10.0,8.66299593992576,-1.3370040600742392,1.3370040600742392,50-75%
5.0,8.648069229439335,3.6480692294393346,3.6480692294393346,0-25%
5.0,8.627841932717104,3.6278419327171036,3.6278419327171036,0-25%
5.0,8.627841932717104,3.6278419327171036,3.6278419327171036,0-25%
5.0,8.627841932717104,3.6278419327171036,3.6278419327171036,0-25%
5.0,8.645983338229518,3.6459833382295184,3.6459833382295184,0-25%
5.0,8.666248748538866,3.666248748538866,3.666248748538866,0-25%
5.0,8.648069229439335,3.6480692294393346,3.6480692294393346,0-25%
5.0,8.645983338229518,3.6459833382295184,3.6459833382295184,0-25%
5.0,8.645983338229518,3.6459833382295184,3.6459833382295184,0-25%
5.0,8.627841932717104,3.6278419327171036,3.6278419327171036,0-25%
5.0,8.627841932717104,3.6278419327171036,3.6278419327171036,0-25%
5.0,8.627841932717104,3.6278419327171036,3.6278419327171036,0-25%
5.0,8.666248748538866,3.666248748538866,3.666248748538866,0-25%
5.0,8.645983338229518,3.6459833382295184,3.6459833382295184,0-25%
5.0,8.627841932717104,3.6278419327171036,3.6278419327171036,0-25%
5.0,8.366686315824687,3.366686315824687,3.366686315824687,0-25%
5.0,8.366686315824687,3.366686315824687,3.366686315824687,0-25%
5.0,8.35919662778746,3.35919662778746,3.35919662778746,0-25%
5.0,8.384335634950453,3.384335634950453,3.384335634950453,0-25%
7.0,8.736990131599473,1.7369901315994731,1.7369901315994731,25-50%
7.0,8.718677567679977,1.7186775676799773,1.7186775676799773,25-50%
7.0,8.736990131599473,1.7369901315994731,1.7369901315994731,25-50%
7.0,8.666248748538866,1.666248748538866,1.666248748538866,25-50%
5.0,8.366686315824687,3.366686315824687,3.366686315824687,0-25%
5.0,8.366686315824687,3.366686315824687,3.366686315824687,0-25%
5.0,8.188887045271652,3.1888870452716525,3.1888870452716525,0-25%
5.0,8.198042127690966,3.1980421276909663,3.1980421276909663,0-25%
5.0,8.14866451914416,3.1486645191441607,3.1486645191441607,0-25%
5.0,8.14866451914416,3.1486645191441607,3.1486645191441607,0-25%
5.0,8.406796064249988,3.4067960642499884,3.4067960642499884,0-25%
9.0,7.695869417721035,-1.3041305822789653,1.3041305822789653,50-75%
9.0,7.420381345420244,-1.5796186545797557,1.5796186545797557,50-75%
7.0,8.760294602682814,1.760294602682814,1.760294602682814,25-50%
7.0,8.760294602682814,1.760294602682814,1.760294602682814,25-50%
7.0,8.666248748538866,1.666248748538866,1.666248748538866,25-50%
7.0,8.648069229439335,1.6480692294393346,1.6480692294393346,25-50%
7.0,8.627841932717104,1.6278419327171036,1.6278419327171036,25-50%
7.0,8.366686315824687,1.366686315824687,1.366686315824687,25-50%
5.0,7.689539798125501,2.6895397981255007,2.6895397981255007,0-25%
5.0,7.689539798125501,2.6895397981255007,2.6895397981255007,0-25%
5.0,7.663236225775964,2.6632362257759636,2.6632362257759636,0-25%
5.0,7.689539798125501,2.6895397981255007,2.6895397981255007,0-25%
5.0,7.689539798125501,2.6895397981255007,2.6895397981255007,0-25%
5.0,7.698197370326117,2.698197370326117,2.698197370326117,0-25%
5.0,7.927865875596163,2.9278658755961633,2.9278658755961633,0-25%
9.0,7.698197370326117,-1.3018026296738832,1.3018026296738832,50-75%
9.0,7.710004871177938,-1.2899951288220617,1.2899951288220617,50-75%
9.0,7.663236225775964,-1.3367637742240364,1.3367637742240364,50-75%
7.0,8.760294602682814,1.760294602682814,1.760294602682814,25-50%
7.0,8.324924812723351,1.324924812723351,1.324924812723351,25-50%
7.0,8.627841932717104,1.6278419327171036,1.6278419327171036,25-50%
7.0,8.384335634950453,1.3843356349504532,1.3843356349504532,25-50%
7.0,8.14866451914416,1.1486645191441607,1.1486645191441607,25-50%
7.0,7.689539798125501,0.6895397981255007,0.6895397981255007,25-50%
5.0,7.420381345420244,2.4203813454202443,2.4203813454202443,0-25%
5.0,7.420381345420244,2.4203813454202443,2.4203813454202443,0-25%
5.0,7.663236225775964,2.6632362257759636,2.6632362257759636,0-25%
5.0,7.674896408542166,2.674896408542166,2.674896408542166,0-25%
5.0,7.698197370326117,2.698197370326117,2.698197370326117,0-25%
9.0,7.698197370326117,-1.3018026296738832,1.3018026296738832,50-75%
9.0,7.626208362097243,-1.373791637902757,1.373791637902757,50-75%
9.0,7.6033095763612,-1.3966904236388,1.3966904236388,50-75%
9.0,7.634802835849297,-1.365197164150703,1.365197164150703,50-75%
9.0,7.420381345420244,-1.5796186545797557,1.5796186545797557,50-75%
9.0,7.420381345420244,-1.5796186545797557,1.5796186545797557,50-75%
7.0,8.743020301615102,1.7430203016151022,1.7430203016151022,25-50%
7.0,8.66299593992576,1.6629959399257608,1.6629959399257608,25-50%
7.0,8.400886769110983,1.4008867691109828,1.4008867691109828,25-50%
7.0,7.804393552774462,0.8043935527744619,0.8043935527744619,25-50%
7.0,8.14866451914416,1.1486645191441607,1.1486645191441607,25-50%
7.0,8.188887045271652,1.1888870452716525,1.1888870452716525,25-50%
7.0,7.663236225775964,0.6632362257759636,0.6632362257759636,25-50%
9.0,7.473376693655689,-1.5266233063443106,1.5266233063443106,50-75%
9.0,7.420381345420244,-1.5796186545797557,1.5796186545797557,50-75%
9.0,7.420381345420244,-1.5796186545797557,1.5796186545797557,50-75%
9.0,7.420381345420244,-1.5796186545797557,1.5796186545797557,50-75%
9.0,7.420381345420244,-1.5796186545797557,1.5796186545797557,50-75%
7.0,8.630993550950526,1.6309935509505262,1.6309935509505262,25-50%
7.0,7.689539798125501,0.6895397981255007,0.6895397981255007,25-50%
7.0,7.626208362097243,0.626208362097243,0.626208362097243,25-50%
7.0,7.663236225775964,0.6632362257759636,0.6632362257759636,25-50%
7.0,7.663236225775964,0.6632362257759636,0.6632362257759636,25-50%
7.0,7.473376693655689,0.47337669365568935,0.47337669365568935,25-50%
9.0,7.420381345420244,-1.5796186545797557,1.5796186545797557,50-75%
7.0,8.645983338229518,1.6459833382295184,1.6459833382295184,25-50%
7.0,7.698197370326117,0.6981973703261168,0.6981973703261168,25-50%
7.0,7.420381345420244,0.4203813454202443,0.4203813454202443,25-50%
7.0,7.420381345420244,0.4203813454202443,0.4203813454202443,25-50%
7.0,7.420381345420244,0.4203813454202443,0.4203813454202443,25-50%
7.0,7.420381345420244,0.4203813454202443,0.4203813454202443,25-50%
12.0,8.94299204642362,-3.0570079535763792,3.0570079535763792,50-75%
12.0,8.930597979515989,-3.069402020484011,3.069402020484011,50-75%
12.0,8.906886878276246,-3.0931131217237535,3.0931131217237535,50-75%
12.0,8.818419531932845,-3.181580468067155,3.181580468067155,50-75%
12.0,8.818419531932845,-3.181580468067155,3.181580468067155,50-75%
12.0,8.985569634284447,-3.014430365715553,3.014430365715553,50-75%
12.0,8.960620895877554,-3.039379104122446,3.039379104122446,50-75%
12.0,8.979389345140675,-3.0206106548593255,3.0206106548593255,50-75%
12.0,8.960620895877554,-3.039379104122446,3.039379104122446,50-75%
12.0,8.888254785940765,-3.111745214059235,3.111745214059235,50-75%
12.0,8.5520944896555,-3.4479055103444995,3.4479055103444995,50-75%
12.0,8.960620895877554,-3.039379104122446,3.039379104122446,50-75%
12.0,9.003273973478592,-2.996726026521408,2.996726026521408,50-75%
12.0,8.847877177613444,-3.1521228223865556,3.1521228223865556,50-75%
12.0,8.979389345140675,-3.0206106548593255,3.0206106548593255,50-75%
12.0,8.960620895877554,-3.039379104122446,3.039379104122446,50-75%
12.0,8.818419531932845,-3.181580468067155,3.181580468067155,50-75%
12.0,7.8090198333038465,-4.1909801666961535,4.1909801666961535,50-75%
12.0,9.101999344496427,-2.898000655503573,2.898000655503573,50-75%
12.0,8.978461812140964,-3.0215381878590364,3.0215381878590364,50-75%
12.0,8.952656292318537,-3.0473437076814633,3.0473437076814633,50-75%
12.0,8.952656292318537,-3.0473437076814633,3.0473437076814633,50-75%
12.0,8.960620895877554,-3.039379104122446,3.039379104122446,50-75%
12.0,8.888254785940765,-3.111745214059235,3.111745214059235,50-75%
12.0,7.8357660381255965,-4.1642339618744035,4.1642339618744035,50-75%
12.0,8.978461812140964,-3.0215381878590364,3.0215381878590364,50-75%
12.0,9.003273973478592,-2.996726026521408,2.996726026521408,50-75%
12.0,7.8090198333038465,-4.1909801666961535,4.1909801666961535,50-75%
12.0,8.952656292318537,-3.0473437076814633,3.0473437076814633,50-75%
12.0,8.960620895877554,-3.039379104122446,3.039379104122446,50-75%
12.0,8.996989974350528,-3.0030100256494716,3.0030100256494716,50-75%
12.0,7.8090198333038465,-4.1909801666961535,4.1909801666961535,50-75%
12.0,7.440999268765922,-4.559000731234078,4.559000731234078,50-75%
10.0,8.106688003264944,-1.893311996735056,1.893311996735056,50-75%
10.0,7.425903848754348,-2.5740961512456524,2.5740961512456524,50-75%
10.0,8.193317955931924,-1.8066820440680758,1.8066820440680758,50-75%
10.0,7.425903848754348,-2.5740961512456524,2.5740961512456524,50-75%
10.0,7.631865856988048,-2.368134143011952,2.368134143011952,50-75%
10.0,7.631865856988048,-2.368134143011952,2.368134143011952,50-75%
10.0,7.425903848754348,-2.5740961512456524,2.5740961512456524,50-75%
10.0,7.837775486537457,-2.162224513462543,2.162224513462543,50-75%
10.0,7.944843441764785,-2.0551565582352147,2.0551565582352147,50-75%
10.0,7.425903848754348,-2.5740961512456524,2.5740961512456524,50-75%
10.0,7.478933953965197,-2.521066046034803,2.521066046034803,50-75%
10.0,7.478933953965197,-2.521066046034803,2.521066046034803,50-75%
10.0,7.200626331147972,-2.799373668852028,2.799373668852028,50-75%
10.0,7.144583386400131,-2.8554166135998686,2.8554166135998686,50-75%
10.0,7.440999268765922,-2.559000731234078,2.559000731234078,50-75%
10.0,7.159432900802874,-2.840567099197126,2.840567099197126,50-75%
10.0,7.103671471276869,-2.8963285287231306,2.8963285287231306,50-75%
10.0,7.118189596179614,-2.881810403820386,2.881810403820386,50-75%
10.0,7.215318155437536,-2.7846818445624644,2.7846818445624644,50-75%
10.0,7.4941243800112325,-2.5058756199887675,2.5058756199887675,50-75%
10.0,7.215318155437536,-2.7846818445624644,2.7846818445624644,50-75%
10.0,7.4941243800112325,-2.5058756199887675,2.5058756199887675,50-75%
10.0,7.803486057752128,-2.196513942247872,2.196513942247872,50-75%
10.0,7.817796445989359,-2.1822035540106413,2.1822035540106413,50-75%
10.0,7.174050925041554,-2.825949074958446,2.825949074958446,50-75%
10.0,7.440999268765922,-2.559000731234078,2.559000731234078,50-75%
10.0,7.4356966816144014,-2.5643033183855986,2.5643033183855986,50-75%
10.0,7.440999268765922,-2.559000731234078,2.559000731234078,50-75%
10.0,7.647330268039222,-2.352669731960778,2.352669731960778,50-75%
10.0,7.440999268765922,-2.559000731234078,2.559000731234078,50-75%
10.0,7.440999268765922,-2.559000731234078,2.559000731234078,50-75%
9.0,7.524855014514016,-1.4751449854859837,1.4751449854859837,50-75%
9.0,7.524855014514016,-1.4751449854859837,1.4751449854859837,50-75%
9.0,7.2969319085664095,-1.7030680914335905,1.7030680914335905,50-75%
10.0,7.174050925041554,-2.825949074958446,2.825949074958446,50-75%
10.0,7.174050925041554,-2.825949074958446,2.825949074958446,50-75%
9.0,7.2969319085664095,-1.7030680914335905,1.7030680914335905,50-75%
9.0,7.25525471552624,-1.74474528447376,1.74474528447376,50-75%
9.0,7.2969319085664095,-1.7030680914335905,1.7030680914335905,50-75%
9.0,7.198838441302851,-1.8011615586971486,1.8011615586971486,50-75%
9.0,7.25525471552624,-1.74474528447376,1.74474528447376,50-75%
9.0,7.25525471552624,-1.74474528447376,1.74474528447376,50-75%
9.0,7.25525471552624,-1.74474528447376,1.74474528447376,50-75%
9.0,7.2969319085664095,-1.7030680914335905,1.7030680914335905,50-75%
9.0,7.25525471552624,-1.74474528447376,1.74474528447376,50-75%
9.0,7.25525471552624,-1.74474528447376,1.74474528447376,50-75%
12.0,8.927058886208831,-3.0729411137911686,3.0729411137911686,50-75%
12.0,8.645885256481204,-3.354114743518796,3.354114743518796,50-75%
12.0,8.694963378262196,-3.3050366217378038,3.3050366217378038,50-75%
12.0,8.818419531932845,-3.181580468067155,3.181580468067155,50-75%
12.0,8.945764095752036,-3.054235904247964,3.054235904247964,50-75%
12.0,8.927058886208831,-3.0729411137911686,3.0729411137911686,50-75%
12.0,8.999708979704579,-3.000291020295421,3.000291020295421,50-75%
12.0,8.945764095752036,-3.054235904247964,3.054235904247964,50-75%
12.0,8.945764095752036,-3.054235904247964,3.054235904247964,50-75%
12.0,8.83692003614392,-3.163079963856079,3.163079963856079,50-75%
12.0,8.83692003614392,-3.163079963856079,3.163079963856079,50-75%
12.0,8.999708979704579,-3.000291020295421,3.000291020295421,50-75%
12.0,8.999708979704579,-3.000291020295421,3.000291020295421,50-75%
12.0,8.927058886208831,-3.0729411137911686,3.0729411137911686,50-75%
12.0,8.927058886208831,-3.0729411137911686,3.0729411137911686,50-75%
12.0,8.83692003614392,-3.163079963856079,3.163079963856079,50-75%
12.0,8.81056863388488,-3.1894313661151195,3.1894313661151195,50-75%
12.0,8.81056863388488,-3.1894313661151195,3.1894313661151195,50-75%
12.0,8.81056863388488,-3.1894313661151195,3.1894313661151195,50-75%
12.0,8.927058886208831,-3.0729411137911686,3.0729411137911686,50-75%
12.0,8.927058886208831,-3.0729411137911686,3.0729411137911686,50-75%
12.0,8.818419531932845,-3.181580468067155,3.181580468067155,50-75%
12.0,8.818419531932845,-3.181580468067155,3.181580468067155,50-75%
12.0,8.83692003614392,-3.163079963856079,3.163079963856079,50-75%
12.0,8.81056863388488,-3.1894313661151195,3.1894313661151195,50-75%
12.0,8.83692003614392,-3.163079963856079,3.163079963856079,50-75%
12.0,8.83692003614392,-3.163079963856079,3.163079963856079,50-75%
12.0,8.818419531932845,-3.181580468067155,3.181580468067155,50-75%
12.0,8.818419531932845,-3.181580468067155,3.181580468067155,50-75%
12.0,8.818419531932845,-3.181580468067155,3.181580468067155,50-75%
12.0,8.83692003614392,-3.163079963856079,3.163079963856079,50-75%
12.0,8.818419531932845,-3.181580468067155,3.181580468067155,50-75%
12.0,8.83692003614392,-3.163079963856079,3.163079963856079,50-75%
12.0,8.818419531932845,-3.181580468067155,3.181580468067155,50-75%
12.0,8.83692003614392,-3.163079963856079,3.163079963856079,50-75%
12.0,8.83692003614392,-3.163079963856079,3.163079963856079,50-75%
12.0,8.818419531932845,-3.181580468067155,3.181580468067155,50-75%
12.0,8.818419531932845,-3.181580468067155,3.181580468067155,50-75%
12.0,8.818419531932845,-3.181580468067155,3.181580468067155,50-75%
12.0,8.570093166912642,-3.429906833087358,3.429906833087358,50-75%
12.0,8.592998187505135,-3.4070018124948653,3.4070018124948653,50-75%
10.0,8.633645562564636,-1.3663544374353638,1.3663544374353638,50-75%
10.0,8.701516238356884,-1.2984837616431157,1.2984837616431157,50-75%
10.0,8.360022340969708,-1.6399776590302917,1.6399776590302917,50-75%
10.0,8.689423174136147,-1.310576825863853,1.310576825863853,50-75%
10.0,8.71287782347546,-1.2871221765245409,1.2871221765245409,50-75%
10.0,8.736124584262308,-1.263875415737692,1.263875415737692,50-75%
10.0,8.666287921424221,-1.333712078575779,1.333712078575779,50-75%
10.0,8.579969095752068,-1.4200309042479322,1.4200309042479322,50-75%
10.0,8.631032580962689,-1.3689674190373111,1.3689674190373111,50-75%
10.0,8.754202770959406,-1.245797229040594,1.245797229040594,50-75%
10.0,8.694610608085416,-1.3053893919145843,1.3053893919145843,50-75%
10.0,8.760334156693004,-1.2396658433069963,1.2396658433069963,50-75%
10.0,8.718716953035358,-1.2812830469646421,1.2812830469646421,50-75%
10.0,8.648108328651414,-1.3518916713485858,1.3518916713485858,50-75%
10.0,8.320112031573474,-1.6798879684265255,1.6798879684265255,50-75%
10.0,8.614948305527662,-1.3850516944723381,1.3850516944723381,50-75%
10.0,8.760334156693004,-1.2396658433069963,1.2396658433069963,50-75%
10.0,8.760334156693004,-1.2396658433069963,1.2396658433069963,50-75%
10.0,8.694610608085416,-1.3053893919145843,1.3053893919145843,50-75%
10.0,8.718716953035358,-1.2812830469646421,1.2812830469646421,50-75%
10.0,8.579969095752068,-1.4200309042479322,1.4200309042479322,50-75%
10.0,7.686208111442379,-2.3137918885576214,2.3137918885576214,50-75%
10.0,7.68075148550739,-2.3192485144926103,2.3192485144926103,50-75%
10.0,8.683336334273603,-1.3166636657263968,1.3166636657263968,50-75%
10.0,8.754202770959406,-1.245797229040594,1.245797229040594,50-75%
10.0,8.648108328651414,-1.3518916713485858,1.3518916713485858,50-75%
10.0,7.712581431706076,-2.2874185682939236,2.2874185682939236,50-75%
10.0,7.388693189117144,-2.611306810882856,2.611306810882856,50-75%
9.5,8.727447007110545,-0.7725529928894552,0.7725529928894552,50-75%
9.5,7.847635615898005,-1.652364384101995,1.652364384101995,50-75%
9.5,7.343505595051665,-2.1564944049483348,2.1564944049483348,50-75%
9.0,8.343456463555109,-0.6565435364448913,0.6565435364448913,50-75%
9.0,8.792480816029354,-0.20751918397064628,0.20751918397064628,50-75%
9.0,8.721336280895006,-0.2786637191049941,0.2786637191049941,50-75%
9.0,7.6177239940098564,-1.3822760059901436,1.3822760059901436,50-75%
9.0,7.291322504354753,-1.7086774956452473,1.7086774956452473,50-75%
9.0,7.069643194338528,-1.9303568056614724,1.9303568056614724,50-75%
9.0,7.493994818751343,-1.506005181248657,1.506005181248657,50-75%
9.0,8.668827273964336,-0.33117272603566406,0.33117272603566406,50-75%
9.0,7.993840218549497,-1.0061597814505028,1.0061597814505028,50-75%
9.0,7.343505595051665,-1.6564944049483348,1.6564944049483348,50-75%
9.0,7.069643194338528,-1.9303568056614724,1.9303568056614724,50-75%
9.0,7.847635615898005,-1.152364384101995,1.152364384101995,50-75%
9.0,7.885522700694775,-1.114477299305225,1.114477299305225,50-75%
9.0,7.291322504354753,-1.7086774956452473,1.7086774956452473,50-75%
9.0,6.9742369298017355,-2.0257630701982645,2.0257630701982645,50-75%
9.0,7.970048755689366,-1.0299512443106336,1.0299512443106336,50-75%
9.0,7.291322504354753,-1.7086774956452473,1.7086774956452473,50-75%
9.0,7.291322504354753,-1.7086774956452473,1.7086774956452473,50-75%
9.0,7.6231410015494445,-1.3768589984505555,1.3768589984505555,50-75%
9.0,7.727608701150915,-1.2723912988490849,1.2723912988490849,50-75%
9.0,7.291322504354753,-1.7086774956452473,1.7086774956452473,50-75%
9.0,7.343505595051665,-1.6564944049483348,1.6564944049483348,50-75%
14.0,7.611451255535859,-6.388548744464141,6.388548744464141,50-75%
14.0,7.198230622425576,-6.801769377574424,6.801769377574424,50-75%
14.0,8.59802029615367,-5.4019797038463295,5.4019797038463295,50-75%
14.0,8.756855742466508,-5.243144257533492,5.243144257533492,50-75%
14.0,7.353104931453981,-6.646895068546019,6.646895068546019,50-75%
14.0,8.320112031573474,-5.6798879684265255,5.6798879684265255,50-75%
14.0,8.756855742466508,-5.243144257533492,5.243144257533492,50-75%
14.0,8.775240244184252,-5.224759755815748,5.224759755815748,50-75%
14.0,8.756855742466508,-5.243144257533492,5.243144257533492,50-75%
14.0,8.685970031356977,-5.314029968643023,5.314029968643023,50-75%
14.0,8.756855742466508,-5.243144257533492,5.243144257533492,50-75%
14.0,8.756855742466508,-5.243144257533492,5.243144257533492,50-75%
14.0,8.749054071387606,-5.250945928612394,5.250945928612394,50-75%
14.0,8.756855742466508,-5.243144257533492,5.243144257533492,50-75%
14.0,8.756855742466508,-5.243144257533492,5.243144257533492,50-75%
14.0,8.775240244184252,-5.224759755815748,5.224759755815748,50-75%
14.0,8.775240244184252,-5.224759755815748,5.224759755815748,50-75%
14.0,8.756855742466508,-5.243144257533492,5.243144257533492,50-75%
14.0,8.756855742466508,-5.243144257533492,5.243144257533492,50-75%
14.0,8.704220965610771,-5.295779034389229,5.295779034389229,50-75%
14.0,8.756855742466508,-5.243144257533492,5.243144257533492,50-75%
14.0,8.749054071387606,-5.250945928612394,5.250945928612394,50-75%
14.0,8.775240244184252,-5.224759755815748,5.224759755815748,50-75%
14.0,8.756855742466508,-5.243144257533492,5.243144257533492,50-75%
14.0,8.756855742466508,-5.243144257533492,5.243144257533492,50-75%
14.0,8.775240244184252,-5.224759755815748,5.224759755815748,50-75%
14.0,8.775240244184252,-5.224759755815748,5.224759755815748,50-75%
14.0,8.704220965610771,-5.295779034389229,5.295779034389229,50-75%
14.0,8.756855742466508,-5.243144257533492,5.243144257533492,50-75%
14.0,8.756855742466508,-5.243144257533492,5.243144257533492,50-75%
14.0,8.756855742466508,-5.243144257533492,5.243144257533492,50-75%
14.0,8.756855742466508,-5.243144257533492,5.243144257533492,50-75%
14.0,8.775240244184252,-5.224759755815748,5.224759755815748,50-75%
14.0,8.775240244184252,-5.224759755815748,5.224759755815748,50-75%
14.0,8.775240244184252,-5.224759755815748,5.224759755815748,50-75%
14.0,8.704220965610771,-5.295779034389229,5.295779034389229,50-75%
14.0,8.685970031356977,-5.314029968643023,5.314029968643023,50-75%
14.0,8.685970031356977,-5.314029968643023,5.314029968643023,50-75%
8.0,7.602307753894646,-0.39769224610535403,0.39769224610535403,25-50%
8.0,7.388693189117144,-0.6113068108828559,0.6113068108828559,25-50%
8.0,7.388693189117144,-0.6113068108828559,0.6113068108828559,25-50%
8.0,7.388693189117144,-0.6113068108828559,0.6113068108828559,25-50%
8.0,7.441489101625234,-0.5585108983747658,0.5585108983747658,25-50%
8.0,7.441489101625234,-0.5585108983747658,0.5585108983747658,25-50%
8.0,7.388693189117144,-0.6113068108828559,0.6113068108828559,25-50%
8.0,7.164410546978377,-0.8355894530216226,0.8355894530216226,25-50%
8.0,7.1086151003007165,-0.8913848996992835,0.8913848996992835,25-50%
8.0,7.388693189117144,-0.6113068108828559,0.6113068108828559,25-50%
8.0,7.593745623455373,-0.40625437654462715,0.40625437654462715,25-50%
8.0,7.593745623455373,-0.40625437654462715,0.40625437654462715,25-50%
8.0,7.388693189117144,-0.6113068108828559,0.6113068108828559,25-50%
8.0,7.388693189117144,-0.6113068108828559,0.6113068108828559,25-50%
8.0,7.388693189117144,-0.6113068108828559,0.6113068108828559,25-50%
16.0,7.718921854985902,-8.281078145014098,8.281078145014098,75-100%
16.0,7.513359189859434,-8.486640810140566,8.486640810140566,75-100%
16.0,7.582071253650847,-8.417928746349153,8.417928746349153,75-100%
16.0,7.493994818751343,-8.506005181248657,8.506005181248657,75-100%
16.0,7.291322504354753,-8.708677495645247,8.708677495645247,75-100%
16.0,7.291322504354753,-8.708677495645247,8.708677495645247,75-100%
16.0,7.442978299624287,-8.557021700375714,8.557021700375714,75-100%
16.0,7.2498278208097355,-8.750172179190265,8.750172179190265,75-100%
16.0,7.291322504354753,-8.708677495645247,8.708677495645247,75-100%
16.0,7.291322504354753,-8.708677495645247,8.708677495645247,75-100%
16.0,7.291322504354753,-8.708677495645247,8.708677495645247,75-100%
16.0,7.291322504354753,-8.708677495645247,8.708677495645247,75-100%
16.0,7.493994818751343,-8.506005181248657,8.506005181248657,75-100%
16.0,7.343505595051665,-8.656494404948335,8.656494404948335,75-100%
3.0,6.543263073119004,3.543263073119004,3.543263073119004,0-25%
3.0,6.516636531277332,3.5166365312773316,3.5166365312773316,0-25%
3.0,6.516636531277332,3.5166365312773316,3.5166365312773316,0-25%
3.0,6.516636531277332,3.5166365312773316,3.5166365312773316,0-25%
3.0,6.516636531277332,3.5166365312773316,3.5166365312773316,0-25%
3.0,6.543263073119004,3.543263073119004,3.543263073119004,0-25%
3.0,6.543263073119004,3.543263073119004,3.543263073119004,0-25%
3.0,6.543263073119004,3.543263073119004,3.543263073119004,0-25%
3.0,6.864667419976181,3.864667419976181,3.864667419976181,0-25%
3.0,6.562827589941278,3.5628275899412776,3.5628275899412776,0-25%
3.0,6.562827589941278,3.5628275899412776,3.5628275899412776,0-25%
3.0,6.543263073119004,3.543263073119004,3.543263073119004,0-25%
3.0,6.543263073119004,3.543263073119004,3.543263073119004,0-25%
3.0,6.864667419976181,3.864667419976181,3.864667419976181,0-25%
3.0,6.562827589941278,3.5628275899412776,3.5628275899412776,0-25%
3.0,6.543263073119004,3.543263073119004,3.543263073119004,0-25%
3.0,6.543263073119004,3.543263073119004,3.543263073119004,0-25%
3.0,6.562827589941278,3.5628275899412776,3.5628275899412776,0-25%
3.0,6.543263073119004,3.543263073119004,3.543263073119004,0-25%
3.0,6.543263073119004,3.543263073119004,3.543263073119004,0-25%
3.0,6.543263073119004,3.543263073119004,3.543263073119004,0-25%
3.0,6.543263073119004,3.543263073119004,3.543263073119004,0-25%
3.0,6.543263073119004,3.543263073119004,3.543263073119004,0-25%
3.0,6.543263073119004,3.543263073119004,3.543263073119004,0-25%
3.0,6.543263073119004,3.543263073119004,3.543263073119004,0-25%
3.0,6.562827589941278,3.5628275899412776,3.5628275899412776,0-25%
3.0,6.543263073119004,3.543263073119004,3.543263073119004,0-25%
3.0,6.543263073119004,3.543263073119004,3.543263073119004,0-25%
3.0,6.543263073119004,3.543263073119004,3.543263073119004,0-25%
3.0,6.562827589941278,3.5628275899412776,3.5628275899412776,0-25%
13.0,8.568202500671907,-4.431797499328093,4.431797499328093,50-75%
13.0,8.92722589732063,-4.07277410267937,4.07277410267937,50-75%
13.0,7.619749863380506,-5.380250136619494,5.380250136619494,50-75%
4.0,7.545425847131115,3.5454258471311153,3.5454258471311153,0-25%
4.0,8.356375195779437,4.356375195779437,4.356375195779437,0-25%
13.0,8.69205921850204,-4.30794078149796,4.30794078149796,50-75%
13.0,8.500612481589096,-4.499387518410904,4.499387518410904,50-75%
13.0,8.67540113224969,-4.324598867750311,4.324598867750311,50-75%
13.0,8.623594272501547,-4.376405727498453,4.376405727498453,50-75%
13.0,8.029850286315842,-4.970149713684158,4.970149713684158,50-75%
13.0,7.634379663058516,-5.365620336941484,5.365620336941484,50-75%
4.0,8.733429000540584,4.733429000540584,4.733429000540584,0-25%
4.0,8.565058742597953,4.565058742597953,4.565058742597953,0-25%
4.0,8.727314516471205,4.727314516471205,4.727314516471205,0-25%
4.0,8.842511272122628,4.842511272122628,4.842511272122628,0-25%
13.0,8.584676023615042,-4.415323976384958,4.415323976384958,50-75%
13.0,8.581318228733542,-4.418681771266458,4.418681771266458,50-75%
13.0,8.623594272501547,-4.376405727498453,4.376405727498453,50-75%
13.0,8.848964039329081,-4.151035960670919,4.151035960670919,50-75%
13.0,8.69205921850204,-4.30794078149796,4.30794078149796,50-75%
13.0,8.912514781149893,-4.087485218850107,4.087485218850107,50-75%
8.5,8.834787503357473,0.3347875033574734,0.3347875033574734,50-75%
4.0,7.945726165330659,3.945726165330659,3.945726165330659,0-25%
4.0,8.563560474342765,4.563560474342765,4.563560474342765,0-25%
4.0,8.834787503357473,4.834787503357473,4.834787503357473,0-25%
4.0,8.799511970389469,4.799511970389469,4.799511970389469,0-25%
4.0,8.727314516471205,4.727314516471205,4.727314516471205,0-25%
4.0,8.836328263198155,4.836328263198155,4.836328263198155,0-25%
13.0,8.581318228733542,-4.418681771266458,4.418681771266458,50-75%
13.0,8.146059290571891,-4.853940709428109,4.853940709428109,50-75%
13.0,8.683961146061351,-4.3160388539386485,4.3160388539386485,50-75%
13.0,8.893750150795022,-4.106249849204978,4.106249849204978,50-75%
13.0,8.67540113224969,-4.324598867750311,4.324598867750311,50-75%
8.5,8.810393256543723,0.31039325654372263,0.31039325654372263,50-75%
4.0,8.842511272122628,4.842511272122628,4.842511272122628,0-25%
4.0,8.834787503357473,4.834787503357473,4.834787503357473,0-25%
4.0,8.791821944706182,4.791821944706182,4.791821944706182,0-25%
4.0,8.698153172234587,4.698153172234587,4.698153172234587,0-25%
4.0,8.842511272122628,4.842511272122628,4.842511272122628,0-25%
13.0,8.623594272501547,-4.376405727498453,4.376405727498453,50-75%
13.0,8.912514781149893,-4.087485218850107,4.087485218850107,50-75%
13.0,8.817237172614512,-4.182762827385488,4.182762827385488,50-75%
13.0,8.92722589732063,-4.07277410267937,4.07277410267937,50-75%
4.0,8.834787503357473,4.834787503357473,4.834787503357473,0-25%
4.0,8.791821944706182,4.791821944706182,4.791821944706182,0-25%
4.0,8.698153172234587,4.698153172234587,4.698153172234587,0-25%
4.0,8.836328263198155,4.836328263198155,4.836328263198155,0-25%
4.0,8.834787503357473,4.834787503357473,4.834787503357473,0-25%
4.0,8.791821944706182,4.791821944706182,4.791821944706182,0-25%
13.0,8.937162960462686,-4.062837039537314,4.062837039537314,50-75%
13.0,8.905336863811668,-4.094663136188332,4.094663136188332,50-75%
13.0,8.869209652791412,-4.130790347208588,4.130790347208588,50-75%
13.0,8.920299593178079,-4.079700406821921,4.079700406821921,50-75%
13.0,8.920299593178079,-4.079700406821921,4.079700406821921,50-75%
4.0,7.945726165330659,3.945726165330659,3.945726165330659,0-25%
4.0,7.545425847131115,3.5454258471311153,3.5454258471311153,0-25%
4.0,7.936822220425073,3.936822220425073,3.936822220425073,0-25%
4.0,8.563560474342765,4.563560474342765,4.563560474342765,0-25%
4.0,8.834787503357473,4.834787503357473,4.834787503357473,0-25%
4.0,8.381836814193381,4.381836814193381,4.381836814193381,0-25%
4.0,8.374474553064914,4.374474553064914,4.374474553064914,0-25%
4.0,8.374474553064914,4.374474553064914,4.374474553064914,0-25%
4.0,8.401547274581745,4.401547274581745,4.401547274581745,0-25%
4.0,8.374474553064914,4.374474553064914,4.374474553064914,0-25%
4.0,8.470351468888675,4.4703514688886745,4.4703514688886745,0-25%
4.0,8.462919747161555,4.462919747161555,4.462919747161555,0-25%
4.0,8.456067393624332,4.456067393624332,4.456067393624332,0-25%
4.0,8.218104300958123,4.218104300958123,4.218104300958123,0-25%
4.0,8.428978033891125,4.428978033891125,4.428978033891125,0-25%
4.0,8.462919747161555,4.462919747161555,4.462919747161555,0-25%
4.0,8.462919747161555,4.462919747161555,4.462919747161555,0-25%
4.0,8.464402248610321,4.464402248610321,4.464402248610321,0-25%
4.0,8.464402248610321,4.464402248610321,4.464402248610321,0-25%
3.5,8.377753211314744,4.877753211314744,4.877753211314744,0-25%
3.5,8.370394154734738,4.870394154734738,4.870394154734738,0-25%
3.5,8.377753211314744,4.877753211314744,4.877753211314744,0-25%
4.0,8.218104300958123,4.218104300958123,4.218104300958123,0-25%
4.0,8.225343756416555,4.225343756416555,4.225343756416555,0-25%
3.5,8.371862160728773,4.871862160728773,4.871862160728773,0-25%
3.5,8.371862160728773,4.871862160728773,4.871862160728773,0-25%
3.5,8.377753211314744,4.877753211314744,4.877753211314744,0-25%
3.5,8.302316172383936,4.802316172383936,4.802316172383936,0-25%
4.0,8.430736229523943,4.4307362295239425,4.4307362295239425,0-25%
3.0,8.370394154734738,5.370394154734738,5.370394154734738,0-25%
3.5,8.377753211314744,4.877753211314744,4.877753211314744,0-25%
3.5,8.377753211314744,4.877753211314744,4.877753211314744,0-25%
3.5,8.371862160728773,4.871862160728773,4.871862160728773,0-25%
3.5,8.240211622854625,4.740211622854625,4.740211622854625,0-25%
3.5,8.370394154734738,4.870394154734738,4.870394154734738,0-25%
3.5,8.370394154734738,4.870394154734738,4.870394154734738,0-25%
3.0,8.338525317884383,5.338525317884383,5.338525317884383,0-25%
3.0,8.338525317884383,5.338525317884383,5.338525317884383,0-25%
3.0,8.338525317884383,5.338525317884383,5.338525317884383,0-25%
3.0,8.363608801456156,5.363608801456156,5.363608801456156,0-25%
3.5,8.363608801456156,4.863608801456156,4.863608801456156,0-25%
3.0,8.370394154734738,5.370394154734738,5.370394154734738,0-25%
3.0,8.370394154734738,5.370394154734738,5.370394154734738,0-25%
3.0,8.370394154734738,5.370394154734738,5.370394154734738,0-25%
3.0,8.370394154734738,5.370394154734738,5.370394154734738,0-25%
3.0,8.370394154734738,5.370394154734738,5.370394154734738,0-25%
3.0,8.363608801456156,5.363608801456156,5.363608801456156,0-25%
3.0,8.363608801456156,5.363608801456156,5.363608801456156,0-25%
3.0,8.363608801456156,5.363608801456156,5.363608801456156,0-25%
3.0,8.370394154734738,5.370394154734738,5.370394154734738,0-25%
3.0,8.377753211314744,5.377753211314744,5.377753211314744,0-25%
3.0,8.370394154734738,5.370394154734738,5.370394154734738,0-25%
3.0,8.377753211314744,5.377753211314744,5.377753211314744,0-25%
3.0,8.370394154734738,5.370394154734738,5.370394154734738,0-25%
3.0,8.336784313361381,5.336784313361381,5.336784313361381,0-25%
3.0,8.377753211314744,5.377753211314744,5.377753211314744,0-25%
9.0,6.408328623655001,-2.5916713763449986,2.5916713763449986,50-75%
2.0,6.582960220245187,4.582960220245187,4.582960220245187,0-25%
9.0,6.408328623655001,-2.5916713763449986,2.5916713763449986,50-75%
9.0,6.408328623655001,-2.5916713763449986,2.5916713763449986,50-75%
2.0,7.394733990165388,5.394733990165388,5.394733990165388,0-25%
2.0,6.9947015554869925,4.9947015554869925,4.9947015554869925,0-25%
2.0,7.015980454766138,5.015980454766138,5.015980454766138,0-25%
2.0,6.791269974347299,4.791269974347299,4.791269974347299,0-25%
2.0,6.791269974347299,4.791269974347299,4.791269974347299,0-25%
2.0,6.582960220245187,4.582960220245187,4.582960220245187,0-25%
9.0,6.427543168948925,-2.572456831051075,2.572456831051075,50-75%
9.0,6.408328623655001,-2.5916713763449986,2.5916713763449986,50-75%
9.0,6.408328623655001,-2.5916713763449986,2.5916713763449986,50-75%
2.0,7.051233263681455,5.051233263681455,5.051233263681455,0-25%
2.0,6.791269974347299,4.791269974347299,4.791269974347299,0-25%
2.0,6.791269974347299,4.791269974347299,4.791269974347299,0-25%
2.0,6.791269974347299,4.791269974347299,4.791269974347299,0-25%
2.0,6.791269974347299,4.791269974347299,4.791269974347299,0-25%
2.0,6.563343621687666,4.563343621687666,4.563343621687666,0-25%
9.0,6.427543168948925,-2.572456831051075,2.572456831051075,50-75%
9.0,6.408328623655001,-2.5916713763449986,2.5916713763449986,50-75%
2.0,6.791269974347299,4.791269974347299,4.791269974347299,0-25%
2.0,6.791269974347299,4.791269974347299,4.791269974347299,0-25%
2.0,6.5366461986422655,4.5366461986422655,4.5366461986422655,0-25%
9.0,6.427543168948925,-2.572456831051075,2.572456831051075,50-75%
9.0,6.427543168948925,-2.572456831051075,2.572456831051075,50-75%
9.0,6.408328623655001,-2.5916713763449986,2.5916713763449986,50-75%
9.0,6.408328623655001,-2.5916713763449986,2.5916713763449986,50-75%
2.0,6.835380649757324,4.835380649757324,4.835380649757324,0-25%
2.0,6.840305884782812,4.840305884782812,4.840305884782812,0-25%
1.0,6.7239836657115735,5.7239836657115735,5.7239836657115735,0-25%
9.0,6.427543168948925,-2.572456831051075,2.572456831051075,50-75%
9.0,6.408328623655001,-2.5916713763449986,2.5916713763449986,50-75%
9.0,6.408328623655001,-2.5916713763449986,2.5916713763449986,50-75%
2.0,6.981719051314244,4.981719051314244,4.981719051314244,0-25%
2.0,7.051233263681455,5.051233263681455,5.051233263681455,0-25%
2.0,6.981719051314244,4.981719051314244,4.981719051314244,0-25%
1.5,6.427543168948925,4.927543168948925,4.927543168948925,0-25%
1.0,6.427543168948925,5.427543168948925,5.427543168948925,0-25%
1.0,6.7239836657115735,5.7239836657115735,5.7239836657115735,0-25%
1.0,6.7239836657115735,5.7239836657115735,5.7239836657115735,0-25%
1.0,6.7239836657115735,5.7239836657115735,5.7239836657115735,0-25%
1.0,6.427543168948925,5.427543168948925,5.427543168948925,0-25%
1.0,6.7725960963530785,5.7725960963530785,5.7725960963530785,0-25%
1.0,6.7239836657115735,5.7239836657115735,5.7239836657115735,0-25%
1.0,6.7239836657115735,5.7239836657115735,5.7239836657115735,0-25%
1.0,6.7239836657115735,5.7239836657115735,5.7239836657115735,0-25%
1.0,6.7239836657115735,5.7239836657115735,5.7239836657115735,0-25%
1.0,6.408328623655001,5.408328623655001,5.408328623655001,0-25%
5.0,8.003205627764622,3.003205627764622,3.003205627764622,0-25%
5.0,8.022120615459341,3.0221206154593414,3.0221206154593414,0-25%
1.0,6.941761415614076,5.941761415614076,5.941761415614076,0-25%
1.0,6.427543168948925,5.427543168948925,5.427543168948925,0-25%
1.0,6.7239836657115735,5.7239836657115735,5.7239836657115735,0-25%
1.0,6.427543168948925,5.427543168948925,5.427543168948925,0-25%
1.0,6.408328623655001,5.408328623655001,5.408328623655001,0-25%
5.0,6.592154020723829,1.5921540207238287,1.5921540207238287,0-25%
5.0,7.997549865814619,2.9975498658146194,2.9975498658146194,0-25%
5.0,7.997549865814619,2.9975498658146194,2.9975498658146194,0-25%
5.0,7.997549865814619,2.9975498658146194,2.9975498658146194,0-25%
1.0,6.427543168948925,5.427543168948925,5.427543168948925,0-25%
1.0,6.427543168948925,5.427543168948925,5.427543168948925,0-25%
1.0,6.7725960963530785,5.7725960963530785,5.7725960963530785,0-25%
1.0,6.7239836657115735,5.7239836657115735,5.7239836657115735,0-25%
1.0,6.7239836657115735,5.7239836657115735,5.7239836657115735,0-25%
5.0,6.592154020723829,1.5921540207238287,1.5921540207238287,0-25%
5.0,6.592154020723829,1.5921540207238287,1.5921540207238287,0-25%
5.0,6.800716335601857,1.800716335601857,1.800716335601857,0-25%
5.0,6.991396318542739,1.9913963185427388,1.9913963185427388,0-25%
5.0,7.75124966886637,2.75124966886637,2.75124966886637,0-25%
5.0,8.022120615459341,3.0221206154593414,3.0221206154593414,0-25%
5.0,8.088148017306795,3.0881480173067946,3.0881480173067946,0-25%
5.0,8.041343690878113,3.0413436908781133,3.0413436908781133,0-25%
1.0,6.427543168948925,5.427543168948925,5.427543168948925,0-25%
1.0,6.651291139891636,5.651291139891636,5.651291139891636,0-25%
1.0,6.946753520431532,5.946753520431532,5.946753520431532,0-25%
1.0,6.7725960963530785,5.7725960963530785,5.7725960963530785,0-25%
5.0,6.800716335601857,1.800716335601857,1.800716335601857,0-25%
5.0,6.800716335601857,1.800716335601857,1.800716335601857,0-25%
5.0,6.800716335601857,1.800716335601857,1.800716335601857,0-25%
5.0,7.564208955729245,2.564208955729245,2.564208955729245,0-25%
5.0,7.996140491998817,2.9961404919988173,2.9961404919988173,0-25%
5.0,8.081016224225895,3.0810162242258947,3.0810162242258947,0-25%
5.0,8.081016224225895,3.0810162242258947,3.0810162242258947,0-25%
5.0,6.800716335601857,1.800716335601857,1.800716335601857,0-25%
5.0,7.564208955729245,2.564208955729245,2.564208955729245,0-25%
5.0,7.996140491998817,2.9961404919988173,2.9961404919988173,0-25%
5.0,8.041343690878113,3.0413436908781133,3.0413436908781133,0-25%
5.0,8.088148017306795,3.0881480173067946,3.0881480173067946,0-25%
5.0,8.003205627764622,3.003205627764622,3.003205627764622,0-25%
5.5,7.752620677039244,2.2526206770392436,2.2526206770392436,25-50%
5.5,7.997549865814619,2.4975498658146194,2.4975498658146194,25-50%
5.5,8.022120615459341,2.5221206154593414,2.5221206154593414,25-50%
5.5,8.081016224225895,2.5810162242258947,2.5810162242258947,25-50%
6.0,8.081016224225895,2.0810162242258947,2.0810162242258947,25-50%
6.0,8.048444327060725,2.048444327060725,2.048444327060725,25-50%
6.0,7.997549865814619,1.9975498658146194,1.9975498658146194,25-50%
6.0,8.082438895036637,2.0824388950366366,2.0824388950366366,25-50%
6.0,8.081016224225895,2.0810162242258947,2.0810162242258947,25-50%
6.0,8.088148017306795,2.0881480173067946,2.0881480173067946,25-50%
6.0,8.081016224225895,2.0810162242258947,2.0810162242258947,25-50%
6.0,8.041343690878113,2.0413436908781133,2.0413436908781133,25-50%
6.0,7.954854008998613,1.9548540089986126,1.9548540089986126,25-50%
6.0,8.088148017306795,2.0881480173067946,2.0881480173067946,25-50%
6.0,8.088148017306795,2.0881480173067946,2.0881480173067946,25-50%
6.0,8.050131565618546,2.050131565618546,2.050131565618546,25-50%
6.0,8.041343690878113,2.0413436908781133,2.0413436908781133,25-50%
6.0,7.954854008998613,1.9548540089986126,1.9548540089986126,25-50%
6.0,8.082438895036637,2.0824388950366366,2.0824388950366366,25-50%
6.0,8.081016224225895,2.0810162242258947,2.0810162242258947,25-50%
6.0,8.041343690878113,2.0413436908781133,2.0413436908781133,25-50%
6.0,8.081016224225895,2.0810162242258947,2.0810162242258947,25-50%
6.0,8.074440417254234,2.074440417254234,2.074440417254234,25-50%
6.0,6.7239836657115735,0.7239836657115735,0.7239836657115735,25-50%
6.0,7.18017782468252,1.18017782468252,1.18017782468252,25-50%
6.0,7.75124966886637,1.75124966886637,1.75124966886637,25-50%
6.0,8.081016224225895,2.0810162242258947,2.0810162242258947,25-50%
6.0,8.081016224225895,2.0810162242258947,2.0810162242258947,25-50%
6.0,8.081016224225895,2.0810162242258947,2.0810162242258947,25-50%
6.0,8.050131565618546,2.050131565618546,2.050131565618546,25-50%
6.0,8.081016224225895,2.0810162242258947,2.0810162242258947,25-50%
6.0,8.074440417254234,2.074440417254234,2.074440417254234,25-50%
6.0,8.051932138436863,2.0519321384368627,2.0519321384368627,25-50%
3.0,8.443565491206467,5.443565491206467,5.443565491206467,0-25%
3.0,8.443565491206467,5.443565491206467,5.443565491206467,0-25%
3.0,8.443565491206467,5.443565491206467,5.443565491206467,0-25%
3.0,8.065605738102654,5.065605738102654,5.065605738102654,0-25%
3.0,8.456262667456786,5.456262667456786,5.456262667456786,0-25%
3.0,8.536813595530212,5.536813595530212,5.536813595530212,0-25%
3.0,8.14793742445324,5.147937424453239,5.147937424453239,0-25%
3.0,7.932642352793327,4.932642352793327,4.932642352793327,0-25%
3.0,8.065605738102654,5.065605738102654,5.065605738102654,0-25%
3.0,8.065605738102654,5.065605738102654,5.065605738102654,0-25%
3.0,8.059910776762532,5.059910776762532,5.059910776762532,0-25%
3.0,8.355121912124227,5.355121912124227,5.355121912124227,0-25%
3.0,8.17788664147545,5.17788664147545,5.17788664147545,0-25%
3.0,8.170684427303508,5.170684427303508,5.170684427303508,0-25%
3.0,8.060008819041153,5.060008819041153,5.060008819041153,0-25%
3.0,8.536813595530212,5.536813595530212,5.536813595530212,0-25%
3.0,8.10797253026366,5.107972530263661,5.107972530263661,0-25%
3.0,8.05849163475024,5.05849163475024,5.05849163475024,0-25%
3.0,8.065605738102654,5.065605738102654,5.065605738102654,0-25%
3.0,8.361002439972065,5.361002439972065,5.361002439972065,0-25%
3.0,8.361002439972065,5.361002439972065,5.361002439972065,0-25%
3.0,8.172121145918155,5.172121145918155,5.172121145918155,0-25%
3.0,8.172121145918155,5.172121145918155,5.172121145918155,0-25%
3.0,8.17788664147545,5.17788664147545,5.17788664147545,0-25%
3.0,8.14793742445324,5.147937424453239,5.147937424453239,0-25%
3.0,8.520422335441369,5.520422335441369,5.520422335441369,0-25%
3.0,8.14793742445324,5.147937424453239,5.147937424453239,0-25%
3.0,8.05849163475024,5.05849163475024,5.05849163475024,0-25%
3.0,8.278976124437571,5.2789761244375715,5.2789761244375715,0-25%
3.0,8.353656528318279,5.353656528318279,5.353656528318279,0-25%
3.0,8.353656528318279,5.353656528318279,5.353656528318279,0-25%
3.0,8.050378609202097,5.050378609202097,5.050378609202097,0-25%
3.0,8.141313158048831,5.141313158048831,5.141313158048831,0-25%
3.0,8.161513834995366,5.161513834995366,5.161513834995366,0-25%
3.0,8.05849163475024,5.05849163475024,5.05849163475024,0-25%
3.0,8.182788885587414,5.182788885587414,5.182788885587414,0-25%
3.0,8.312792902334058,5.312792902334058,5.312792902334058,0-25%
3.0,8.353656528318279,5.353656528318279,5.353656528318279,0-25%
3.0,8.355121912124227,5.355121912124227,5.355121912124227,0-25%
3.0,8.17788664147545,5.17788664147545,5.17788664147545,0-25%
3.0,8.355121912124227,5.355121912124227,5.355121912124227,0-25%
3.0,8.320106721662727,5.320106721662727,5.320106721662727,0-25%
3.0,8.355121912124227,5.355121912124227,5.355121912124227,0-25%
3.0,8.287154885987832,5.287154885987832,5.287154885987832,0-25%
4.0,7.4032543301845966,3.4032543301845966,3.4032543301845966,0-25%
4.0,8.375604597052357,4.375604597052357,4.375604597052357,0-25%
4.0,7.856198989799379,3.8561989897993794,3.8561989897993794,0-25%
4.0,7.591821080727571,3.591821080727571,3.591821080727571,0-25%
4.0,7.127430771555679,3.1274307715556793,3.1274307715556793,0-25%
9.0,7.0245833977577075,-1.9754166022422925,1.9754166022422925,50-75%
9.0,7.0245833977577075,-1.9754166022422925,1.9754166022422925,50-75%
4.0,8.375604597052357,4.375604597052357,4.375604597052357,0-25%
4.0,7.6296063308916215,3.6296063308916215,3.6296063308916215,0-25%
4.0,7.54944713384794,3.5494471338479396,3.5494471338479396,0-25%
4.0,7.345451690666945,3.3454516906669447,3.3454516906669447,0-25%
4.0,7.127430771555679,3.1274307715556793,3.1274307715556793,0-25%
4.0,7.127430771555679,3.1274307715556793,3.1274307715556793,0-25%
4.0,7.4032543301845966,3.4032543301845966,3.4032543301845966,0-25%
4.0,7.350697550799044,3.350697550799044,3.350697550799044,0-25%
9.0,7.3448523527318486,-1.6551476472681514,1.6551476472681514,50-75%
9.0,7.3448523527318486,-1.6551476472681514,1.6551476472681514,50-75%
9.0,7.0245833977577075,-1.9754166022422925,1.9754166022422925,50-75%
9.0,7.0245833977577075,-1.9754166022422925,1.9754166022422925,50-75%
9.0,7.3448523527318486,-1.6551476472681514,1.6551476472681514,50-75%
4.0,7.106405664985294,3.106405664985294,3.106405664985294,0-25%
4.0,7.106405664985294,3.106405664985294,3.106405664985294,0-25%
4.0,7.127430771555679,3.1274307715556793,3.1274307715556793,0-25%
4.0,7.272106848954257,3.272106848954257,3.272106848954257,0-25%
4.0,7.597221805977701,3.597221805977701,3.597221805977701,0-25%
9.0,8.257170740762202,-0.7428292592377979,0.7428292592377979,50-75%
9.0,7.617869356829788,-1.3821306431702123,1.3821306431702123,50-75%
9.0,7.3448523527318486,-1.6551476472681514,1.6551476472681514,50-75%
9.0,7.0245833977577075,-1.9754166022422925,1.9754166022422925,50-75%
9.0,7.3448523527318486,-1.6551476472681514,1.6551476472681514,50-75%
9.0,7.3448523527318486,-1.6551476472681514,1.6551476472681514,50-75%
9.0,7.3448523527318486,-1.6551476472681514,1.6551476472681514,50-75%
4.0,7.106405664985294,3.106405664985294,3.106405664985294,0-25%
4.0,7.106405664985294,3.106405664985294,3.106405664985294,0-25%
4.0,7.127430771555679,3.1274307715556793,3.1274307715556793,0-25%
4.0,7.5827339883068,3.5827339883068,3.5827339883068,0-25%
6.0,7.254544966897962,1.2545449668979618,1.2545449668979618,25-50%
6.0,7.26855492556415,1.2685549255641497,1.2685549255641497,25-50%
9.0,7.3448523527318486,-1.6551476472681514,1.6551476472681514,50-75%
4.0,7.106405664985294,3.106405664985294,3.106405664985294,0-25%
4.0,7.350697550799044,3.350697550799044,3.350697550799044,0-25%
4.0,7.350697550799044,3.350697550799044,3.350697550799044,0-25%
3.0,8.36277126572871,5.3627712657287105,5.3627712657287105,0-25%
3.0,8.535023966189003,5.535023966189003,5.535023966189003,0-25%
6.0,8.413571682078109,2.413571682078109,2.413571682078109,25-50%
6.0,7.532860229395041,1.532860229395041,1.532860229395041,25-50%
6.0,7.26855492556415,1.2685549255641497,1.2685549255641497,25-50%
9.0,8.42748715657013,-0.5725128434298696,0.5725128434298696,50-75%
9.0,8.265330282408112,-0.7346697175918884,0.7346697175918884,50-75%
6.0,8.168019406723063,2.1680194067230634,2.1680194067230634,25-50%
6.0,8.292549007373802,2.292549007373802,2.292549007373802,25-50%
6.0,8.103657699615244,2.103657699615244,2.103657699615244,25-50%
6.0,8.129318238513086,2.129318238513086,2.129318238513086,25-50%
6.0,7.539075720729299,1.5390757207292989,1.5390757207292989,25-50%
6.0,7.507030932147241,1.5070309321472406,1.5070309321472406,25-50%
3.0,8.413571682078109,5.413571682078109,5.413571682078109,0-25%
3.0,8.70606870697265,5.7060687069726495,5.7060687069726495,0-25%
3.0,8.48054246852604,5.480542468526041,5.480542468526041,0-25%
6.0,8.696186871535456,2.696186871535456,2.696186871535456,25-50%
5.666666666666668,8.649677031215681,2.9830103645490134,2.9830103645490134,25-50%
5.666666666666668,7.541361698429074,1.874695031762406,1.874695031762406,25-50%
5.666666666666668,8.368247226566405,2.701580559899737,2.701580559899737,25-50%
7.0,8.720297135977578,1.720297135977578,1.720297135977578,25-50%
9.0,8.560955453996103,-0.4390445460038972,0.4390445460038972,50-75%
6.0,8.241446977559539,2.241446977559539,2.241446977559539,25-50%
6.0,8.375604597052357,2.375604597052357,2.375604597052357,25-50%
6.0,7.914586600184297,1.9145866001842968,1.9145866001842968,25-50%
6.0,7.539075720729299,1.5390757207292989,1.5390757207292989,25-50%
6.0,7.4653494848061515,1.4653494848061515,1.4653494848061515,25-50%
6.0,7.26855492556415,1.2685549255641497,1.2685549255641497,25-50%
3.0,8.442306080121728,5.442306080121728,5.442306080121728,0-25%
3.0,7.9464582880794055,4.9464582880794055,4.9464582880794055,0-25%
3.0,8.47262112612023,5.472621126120231,5.472621126120231,0-25%
4.0,8.67783175514843,4.67783175514843,4.67783175514843,0-25%
4.0,8.464247923620835,4.464247923620835,4.464247923620835,0-25%
4.0,8.696186871535456,4.696186871535456,4.696186871535456,0-25%
5.0,8.72793098951852,3.7279309895185193,3.7279309895185193,0-25%
5.0,8.720297135977578,3.720297135977578,3.720297135977578,0-25%
6.0,8.275276201665278,2.275276201665278,2.275276201665278,25-50%
6.0,7.914586600184297,1.9145866001842968,1.9145866001842968,25-50%
6.0,7.26855492556415,1.2685549255641497,1.2685549255641497,25-50%
6.0,7.26855492556415,1.2685549255641497,1.2685549255641497,25-50%
6.0,7.26855492556415,1.2685549255641497,1.2685549255641497,25-50%
6.0,6.998333166890209,0.9983331668902089,0.9983331668902089,25-50%
4.0,8.696186871535456,4.696186871535456,4.696186871535456,0-25%
4.0,8.44295107137796,4.44295107137796,4.44295107137796,0-25%
4.0,8.548746431879222,4.548746431879222,4.548746431879222,0-25%
4.0,8.720297135977578,4.720297135977578,4.720297135977578,0-25%
4.0,8.67783175514843,4.67783175514843,4.67783175514843,0-25%
5.0,8.585253415202056,3.5852534152020556,3.5852534152020556,0-25%
5.0,8.721819959268016,3.721819959268016,3.721819959268016,0-25%
6.0,7.532860229395041,1.532860229395041,1.532860229395041,25-50%
6.0,7.26855492556415,1.2685549255641497,1.2685549255641497,25-50%
6.0,7.026666045810942,1.0266660458109422,1.0266660458109422,25-50%
6.0,7.047484336431039,1.0474843364310393,1.0474843364310393,25-50%
3.0,8.761623636958094,5.7616236369580935,5.7616236369580935,0-25%
3.0,8.726020583585813,5.726020583585813,5.726020583585813,0-25%
4.0,8.70380179003511,4.70380179003511,4.70380179003511,0-25%
4.0,8.70380179003511,4.70380179003511,4.70380179003511,0-25%
4.0,8.920072422703905,4.920072422703905,4.920072422703905,0-25%
4.0,8.713258408582416,4.713258408582416,4.713258408582416,0-25%
5.0,7.541361698429074,2.541361698429074,2.541361698429074,0-25%
5.0,7.26855492556415,2.2685549255641497,2.2685549255641497,0-25%
5.0,7.756912568902759,2.7569125689027594,2.7569125689027594,0-25%
5.0,8.368247226566405,3.368247226566405,3.368247226566405,0-25%
6.0,8.375604597052357,2.375604597052357,2.375604597052357,25-50%
6.0,7.263360666956383,1.263360666956383,1.263360666956383,25-50%
6.0,7.26855492556415,1.2685549255641497,1.2685549255641497,25-50%
4.0,8.661408472964668,4.661408472964668,4.661408472964668,0-25%
4.0,8.70380179003511,4.70380179003511,4.70380179003511,0-25%
5.0,8.689165603028274,3.6891656030282736,3.6891656030282736,0-25%
5.0,8.720297135977578,3.720297135977578,3.720297135977578,0-25%
5.0,7.26855492556415,2.2685549255641497,2.2685549255641497,0-25%
5.0,8.920072422703905,3.920072422703905,3.920072422703905,0-25%
5.0,8.696186871535456,3.696186871535456,3.696186871535456,0-25%
5.0,7.532860229395041,2.532860229395041,2.532860229395041,0-25%
5.0,8.368247226566405,3.368247226566405,3.368247226566405,0-25%
5.0,8.72793098951852,3.7279309895185193,3.7279309895185193,0-25%
4.0,8.270921694275629,4.2709216942756285,4.2709216942756285,0-25%
4.0,8.553686297728502,4.553686297728502,4.553686297728502,0-25%
4.0,7.371144848245846,3.371144848245846,3.371144848245846,0-25%
4.0,7.371144848245846,3.371144848245846,3.371144848245846,0-25%
4.0,7.147331383864215,3.1473313838642154,3.1473313838642154,0-25%
4.0,7.106405664985294,3.106405664985294,3.106405664985294,0-25%
4.0,8.889745392013689,4.889745392013689,4.889745392013689,0-25%
4.0,9.016991047233315,5.016991047233315,5.016991047233315,0-25%
4.0,8.458874964807562,4.458874964807562,4.458874964807562,0-25%
4.0,7.371144848245846,3.371144848245846,3.371144848245846,0-25%
4.0,7.575768332575637,3.5757683325756373,3.5757683325756373,0-25%
6.0,8.057525300318428,2.057525300318428,2.057525300318428,25-50%
6.0,6.604502907063284,0.6045029070632841,0.6045029070632841,25-50%
6.0,7.095642218835754,1.0956422188357537,1.0956422188357537,25-50%
4.0,8.600296905001164,4.600296905001164,4.600296905001164,0-25%
4.0,8.763642897686783,4.763642897686783,4.763642897686783,0-25%
4.0,7.768436930009557,3.768436930009557,3.768436930009557,0-25%
4.0,7.736402925172242,3.736402925172242,3.736402925172242,0-25%
4.0,7.147331383864215,3.1473313838642154,3.1473313838642154,0-25%
6.0,8.419755388976483,2.4197553889764833,2.4197553889764833,25-50%
6.0,8.427153211494147,2.427153211494147,2.427153211494147,25-50%
6.0,8.051835415062808,2.0518354150628078,2.0518354150628078,25-50%
6.0,7.934930706506956,1.9349307065069556,1.9349307065069556,25-50%
4.0,8.763642897686783,4.763642897686783,4.763642897686783,0-25%
4.0,8.820055721722632,4.820055721722632,4.820055721722632,0-25%
4.0,8.553686297728502,4.553686297728502,4.553686297728502,0-25%
4.0,7.371144848245846,3.371144848245846,3.371144848245846,0-25%
4.0,7.371144848245846,3.371144848245846,3.371144848245846,0-25%
6.0,8.427153211494147,2.427153211494147,2.427153211494147,25-50%
6.0,8.448738562834706,2.4487385628347056,2.4487385628347056,25-50%
6.0,8.427153211494147,2.427153211494147,2.427153211494147,25-50%
6.0,8.456159147342182,2.4561591473421824,2.4561591473421824,25-50%
6.0,8.157745472899634,2.1577454728996344,2.1577454728996344,25-50%
6.0,8.057525300318428,2.057525300318428,2.057525300318428,25-50%
6.0,7.095642218835754,1.0956422188357537,1.0956422188357537,25-50%
6.0,7.095642218835754,1.0956422188357537,1.0956422188357537,25-50%
4.0,8.707855110514087,4.707855110514087,4.707855110514087,0-25%
4.0,9.001375380460853,5.001375380460853,5.001375380460853,0-25%
4.0,8.458874964807562,4.458874964807562,4.458874964807562,0-25%
4.0,7.774824019717849,3.7748240197178493,3.7748240197178493,0-25%
4.0,7.371144848245846,3.371144848245846,3.371144848245846,0-25%
6.0,8.419755388976483,2.4197553889764833,2.4197553889764833,25-50%
6.0,8.419755388976483,2.4197553889764833,2.4197553889764833,25-50%
6.0,8.427153211494147,2.427153211494147,2.427153211494147,25-50%
6.0,8.427153211494147,2.427153211494147,2.427153211494147,25-50%
4.5,8.224765430416024,3.7247654304160243,3.7247654304160243,0-25%
4.5,8.050417537973022,3.550417537973022,3.550417537973022,0-25%
4.5,7.3334399116342155,2.8334399116342155,2.8334399116342155,0-25%
4.5,7.095642218835754,2.5956422188357537,2.5956422188357537,0-25%
4.0,8.65546659124327,4.65546659124327,4.65546659124327,0-25%
4.0,8.943405058499705,4.943405058499705,4.943405058499705,0-25%
4.0,7.356961064698615,3.3569610646986154,3.3569610646986154,0-25%
4.0,7.371144848245846,3.371144848245846,3.371144848245846,0-25%
6.0,8.427153211494147,2.427153211494147,2.427153211494147,25-50%
6.0,8.419755388976483,2.4197553889764833,2.4197553889764833,25-50%
4.5,8.419755388976483,3.9197553889764833,3.9197553889764833,0-25%
4.5,8.421231128112426,3.921231128112426,3.921231128112426,0-25%
4.5,8.218970485873367,3.718970485873367,3.718970485873367,0-25%
4.5,7.960600673202165,3.4606006732021646,3.4606006732021646,0-25%
4.5,7.585560577561638,3.0855605775616377,3.0855605775616377,0-25%
3.0,6.752300533671294,3.752300533671294,3.752300533671294,0-25%
3.0,6.752300533671294,3.752300533671294,3.752300533671294,0-25%
6.0,8.427153211494147,2.427153211494147,2.427153211494147,25-50%
4.5,8.421231128112426,3.921231128112426,3.921231128112426,0-25%
4.5,8.483326598142902,3.9833265981429022,3.9833265981429022,0-25%
4.5,8.057525300318428,3.557525300318428,3.557525300318428,0-25%
3.0,7.811839546038936,4.811839546038936,4.811839546038936,0-25%
3.0,7.476831740584695,4.476831740584695,4.476831740584695,0-25%
3.5,7.095642218835754,3.5956422188357537,3.5956422188357537,0-25%
3.5,7.427215282359069,3.927215282359069,3.927215282359069,0-25%
4.0,7.633138314585118,3.6331383145851177,3.6331383145851177,0-25%
3.0,8.427153211494147,5.427153211494147,5.427153211494147,0-25%
3.0,8.405966888592088,5.405966888592088,5.405966888592088,0-25%
3.0,8.448738562834706,5.448738562834706,5.448738562834706,0-25%
3.0,8.224765430416024,5.224765430416024,5.224765430416024,0-25%
3.0,8.218970485873367,5.218970485873367,5.218970485873367,0-25%
3.0,8.059748389175757,5.059748389175757,5.059748389175757,0-25%
3.0,7.476831740584695,4.476831740584695,4.476831740584695,0-25%
3.0,7.811839546038936,4.811839546038936,4.811839546038936,0-25%
3.5,7.811839546038936,4.311839546038936,4.311839546038936,0-25%
3.5,7.811839546038936,4.311839546038936,4.311839546038936,0-25%
3.5,7.804924582045748,4.304924582045748,4.304924582045748,0-25%
3.5,7.685748966534236,4.185748966534236,4.185748966534236,0-25%
3.5,7.811839546038936,4.311839546038936,4.311839546038936,0-25%
3.0,8.419755388976483,5.419755388976483,5.419755388976483,0-25%
3.0,8.456159147342182,5.456159147342182,5.456159147342182,0-25%
3.0,8.421231128112426,5.421231128112426,5.421231128112426,0-25%
3.0,8.427153211494147,5.427153211494147,5.427153211494147,0-25%
3.0,8.456159147342182,5.456159147342182,5.456159147342182,0-25%
3.0,8.456159147342182,5.456159147342182,5.456159147342182,0-25%
3.0,8.456159147342182,5.456159147342182,5.456159147342182,0-25%
3.0,8.326273194105752,5.326273194105752,5.326273194105752,0-25%
3.5,8.150559064219243,4.650559064219243,4.650559064219243,0-25%
3.5,7.927919148500899,4.427919148500899,4.427919148500899,0-25%
3.5,7.717544003505023,4.217544003505023,4.217544003505023,0-25%
3.5,7.4834890362510285,3.9834890362510285,3.9834890362510285,0-25%
4.0,6.752300533671294,2.752300533671294,2.752300533671294,0-25%
4.0,6.752300533671294,2.752300533671294,2.752300533671294,0-25%
3.0,8.419755388976483,5.419755388976483,5.419755388976483,0-25%
3.0,8.419755388976483,5.419755388976483,5.419755388976483,0-25%
3.0,8.427153211494147,5.427153211494147,5.427153211494147,0-25%
3.0,8.49077434642862,5.490774346428619,5.490774346428619,0-25%
3.0,8.421231128112426,5.421231128112426,5.421231128112426,0-25%
3.0,8.427153211494147,5.427153211494147,5.427153211494147,0-25%
3.0,8.217526428790581,5.217526428790581,5.217526428790581,0-25%
3.5,8.150559064219243,4.650559064219243,4.650559064219243,0-25%
3.5,8.150559064219243,4.650559064219243,4.650559064219243,0-25%
3.5,7.960600673202165,4.460600673202165,4.460600673202165,0-25%
3.5,7.7865841752575715,4.2865841752575715,4.2865841752575715,0-25%
3.5,7.120222445585838,3.6202224455858376,3.6202224455858376,0-25%
4.0,6.752300533671294,2.752300533671294,2.752300533671294,0-25%
4.0,6.7807172643085085,2.7807172643085085,2.7807172643085085,0-25%
3.0,8.067541206711784,5.067541206711784,5.067541206711784,0-25%
3.5,7.476831740584695,3.9768317405846947,3.9768317405846947,0-25%
3.5,7.476831740584695,3.9768317405846947,3.9768317405846947,0-25%
3.5,7.740637266112493,4.240637266112493,4.240637266112493,0-25%
3.5,7.811839546038936,4.311839546038936,4.311839546038936,0-25%
4.0,6.746044570091793,2.746044570091793,2.746044570091793,0-25%
4.0,6.750913649429602,2.7509136494296023,2.7509136494296023,0-25%
3.5,6.689386080717808,3.1893860807178083,3.1893860807178083,0-25%
4.0,7.095642218835754,3.0956422188357537,3.0956422188357537,0-25%
4.0,7.131245365549728,3.131245365549728,3.131245365549728,0-25%
4.0,7.715984437495914,3.715984437495914,3.715984437495914,0-25%
4.0,7.584024623347867,3.584024623347867,3.584024623347867,0-25%
4.0,7.094193910869505,3.094193910869505,3.094193910869505,0-25%
4.0,6.799695569290963,2.7996955692909626,2.7996955692909626,0-25%
4.0,7.590766103145221,3.5907661031452207,3.5907661031452207,0-25%
4.0,8.048798420988378,4.048798420988378,4.048798420988378,0-25%
4.0,8.14892203194557,4.14892203194557,4.14892203194557,0-25%
4.0,8.14892203194557,4.14892203194557,4.14892203194557,0-25%
4.0,8.048798420988378,4.048798420988378,4.048798420988378,0-25%
4.0,7.810263110585533,3.8102631105855327,3.8102631105855327,0-25%
4.0,8.05590491175723,4.05590491175723,4.05590491175723,0-25%
4.0,8.048798420988378,4.048798420988378,4.048798420988378,0-25%
4.0,8.14892203194557,4.14892203194557,4.14892203194557,0-25%
4.0,8.14892203194557,4.14892203194557,4.14892203194557,0-25%
4.0,7.803349383677331,3.8033493836773307,3.8033493836773307,0-25%
4.0,8.156107154979603,4.156107154979603,4.156107154979603,0-25%
4.0,8.048798420988378,4.048798420988378,4.048798420988378,0-25%
4.0,8.223115122645682,4.223115122645682,4.223115122645682,0-25%
4.0,8.21587741607546,4.215877416075459,4.215877416075459,0-25%
4.0,8.124418517947115,4.124418517947115,4.124418517947115,0-25%
4.0,7.803349383677331,3.8033493836773307,3.8033493836773307,0-25%
4.0,8.418070197561004,4.418070197561004,4.418070197561004,0-25%
4.0,8.21587741607546,4.215877416075459,4.215877416075459,0-25%
9.0,7.485783581439472,-1.5142164185605278,1.5142164185605278,50-75%
9.0,7.485783581439472,-1.5142164185605278,1.5142164185605278,50-75%
9.0,7.485783581439472,-1.5142164185605278,1.5142164185605278,50-75%
9.0,7.485783581439472,-1.5142164185605278,1.5142164185605278,50-75%
9.0,7.485783581439472,-1.5142164185605278,1.5142164185605278,50-75%
9.0,7.485783581439472,-1.5142164185605278,1.5142164185605278,50-75%
9.0,7.485783581439472,-1.5142164185605278,1.5142164185605278,50-75%
9.0,7.485783581439472,-1.5142164185605278,1.5142164185605278,50-75%
9.0,7.485783581439472,-1.5142164185605278,1.5142164185605278,50-75%
9.0,7.485783581439472,-1.5142164185605278,1.5142164185605278,50-75%
9.0,7.485783581439472,-1.5142164185605278,1.5142164185605278,50-75%
9.0,7.485783581439472,-1.5142164185605278,1.5142164185605278,50-75%
9.0,7.485783581439472,-1.5142164185605278,1.5142164185605278,50-75%
9.0,7.485783581439472,-1.5142164185605278,1.5142164185605278,50-75%
9.0,7.485783581439472,-1.5142164185605278,1.5142164185605278,50-75%
9.0,7.485783581439472,-1.5142164185605278,1.5142164185605278,50-75%
9.0,7.485783581439472,-1.5142164185605278,1.5142164185605278,50-75%
9.0,7.412375832046548,-1.587624167953452,1.587624167953452,50-75%
9.0,7.485783581439472,-1.5142164185605278,1.5142164185605278,50-75%
9.0,7.485783581439472,-1.5142164185605278,1.5142164185605278,50-75%
9.0,7.485783581439472,-1.5142164185605278,1.5142164185605278,50-75%
9.0,7.485783581439472,-1.5142164185605278,1.5142164185605278,50-75%
9.0,7.459428782738975,-1.540571217261025,1.540571217261025,50-75%
9.0,7.485783581439472,-1.5142164185605278,1.5142164185605278,50-75%
9.0,7.485783581439472,-1.5142164185605278,1.5142164185605278,50-75%
9.0,7.485783581439472,-1.5142164185605278,1.5142164185605278,50-75%
9.0,7.485783581439472,-1.5142164185605278,1.5142164185605278,50-75%
9.0,7.485783581439472,-1.5142164185605278,1.5142164185605278,50-75%
9.0,7.485783581439472,-1.5142164185605278,1.5142164185605278,50-75%
9.0,7.485783581439472,-1.5142164185605278,1.5142164185605278,50-75%
9.0,7.485783581439472,-1.5142164185605278,1.5142164185605278,50-75%
9.0,7.4386557464324286,-1.5613442535675714,1.5613442535675714,50-75%
9.0,7.4617213008630925,-1.5382786991369075,1.5382786991369075,50-75%
9.0,7.485783581439472,-1.5142164185605278,1.5142164185605278,50-75%
9.0,7.485783581439472,-1.5142164185605278,1.5142164185605278,50-75%
9.0,7.485783581439472,-1.5142164185605278,1.5142164185605278,50-75%
9.0,7.485783581439472,-1.5142164185605278,1.5142164185605278,50-75%
9.0,7.485783581439472,-1.5142164185605278,1.5142164185605278,50-75%
9.0,7.485783581439472,-1.5142164185605278,1.5142164185605278,50-75%
9.0,7.485783581439472,-1.5142164185605278,1.5142164185605278,50-75%
2.0,6.7580197798105885,4.7580197798105885,4.7580197798105885,0-25%
2.0,6.7580197798105885,4.7580197798105885,4.7580197798105885,0-25%
2.0,6.7580197798105885,4.7580197798105885,4.7580197798105885,0-25%
2.0,6.7580197798105885,4.7580197798105885,4.7580197798105885,0-25%
2.0,6.911581748515309,4.911581748515309,4.911581748515309,0-25%
2.0,6.593787099432102,4.593787099432102,4.593787099432102,0-25%
2.0,6.7580197798105885,4.7580197798105885,4.7580197798105885,0-25%
2.0,6.729252171981508,4.729252171981508,4.729252171981508,0-25%
2.0,6.729252171981508,4.729252171981508,4.729252171981508,0-25%
2.0,6.7580197798105885,4.7580197798105885,4.7580197798105885,0-25%
2.0,6.7580197798105885,4.7580197798105885,4.7580197798105885,0-25%
2.0,6.7580197798105885,4.7580197798105885,4.7580197798105885,0-25%
2.0,6.7580197798105885,4.7580197798105885,4.7580197798105885,0-25%
2.0,6.729252171981508,4.729252171981508,4.729252171981508,0-25%
2.0,6.7580197798105885,4.7580197798105885,4.7580197798105885,0-25%
2.0,6.7580197798105885,4.7580197798105885,4.7580197798105885,0-25%
2.0,6.7580197798105885,4.7580197798105885,4.7580197798105885,0-25%
2.0,6.865325932831054,4.865325932831054,4.865325932831054,0-25%
3.0,8.802789756949943,5.802789756949943,5.802789756949943,0-25%
3.0,8.481373774550688,5.481373774550688,5.481373774550688,0-25%
3.0,8.481373774550688,5.481373774550688,5.481373774550688,0-25%
2.0,8.4170602976915,6.417060297691499,6.417060297691499,0-25%
2.0,8.4437420938092,6.443742093809201,6.443742093809201,0-25%
2.0,8.4437420938092,6.443742093809201,6.443742093809201,0-25%
2.0,8.4437420938092,6.443742093809201,6.443742093809201,0-25%
2.0,8.465443998838644,6.465443998838644,6.465443998838644,0-25%
2.0,8.465443998838644,6.465443998838644,6.465443998838644,0-25%
3.0,8.36924242959107,5.36924242959107,5.36924242959107,0-25%
3.0,8.400395574322314,5.400395574322314,5.400395574322314,0-25%
3.0,8.391816849141978,5.3918168491419785,5.3918168491419785,0-25%
3.0,8.479556794777375,5.479556794777375,5.479556794777375,0-25%
3.0,8.849580167998733,5.849580167998733,5.849580167998733,0-25%
2.0,8.292958715054374,6.2929587150543735,6.2929587150543735,0-25%
2.0,8.4437420938092,6.443742093809201,6.443742093809201,0-25%
2.0,8.414412106840627,6.4144121068406275,6.4144121068406275,0-25%
2.0,8.4437420938092,6.443742093809201,6.443742093809201,0-25%
2.0,8.465443998838644,6.465443998838644,6.465443998838644,0-25%
2.0,8.465443998838644,6.465443998838644,6.465443998838644,0-25%
2.0,8.465443998838644,6.465443998838644,6.465443998838644,0-25%
3.0,7.7261065119573935,4.7261065119573935,4.7261065119573935,0-25%
3.0,8.36924242959107,5.36924242959107,5.36924242959107,0-25%
5.0,8.60663661274164,3.6066366127416405,3.6066366127416405,0-25%
5.0,8.60663661274164,3.6066366127416405,3.6066366127416405,0-25%
5.0,8.434524179029033,3.434524179029033,3.434524179029033,0-25%
5.0,8.526630011521792,3.5266300115217923,3.5266300115217923,0-25%
3.0,8.849580167998733,5.849580167998733,5.849580167998733,0-25%
8.0,8.382713951954575,0.3827139519545746,0.3827139519545746,25-50%
8.0,8.553881220431101,0.5538812204311014,0.5538812204311014,25-50%
8.0,8.4293062702531,0.4293062702531003,0.4293062702531003,25-50%
8.0,8.702644776735227,0.7026447767352266,0.7026447767352266,25-50%
2.0,8.508495526646133,6.508495526646133,6.508495526646133,0-25%
2.0,8.384512369521826,6.3845123695218255,6.3845123695218255,0-25%
2.0,8.292958715054374,6.2929587150543735,6.2929587150543735,0-25%
2.0,8.465443998838644,6.465443998838644,6.465443998838644,0-25%
2.0,8.4437420938092,6.443742093809201,6.443742093809201,0-25%
2.0,8.465443998838644,6.465443998838644,6.465443998838644,0-25%
2.0,8.465443998838644,6.465443998838644,6.465443998838644,0-25%
2.0,8.414412106840627,6.4144121068406275,6.4144121068406275,0-25%
3.0,8.238297848096382,5.238297848096382,5.238297848096382,0-25%
4.333333333333333,8.59233758514632,4.2590042518129865,4.2590042518129865,0-25%
4.333333333333333,8.60663661274164,4.2733032794083075,4.2733032794083075,0-25%
4.333333333333333,8.46906018118956,4.135726847856227,4.135726847856227,0-25%
4.333333333333333,8.60663661274164,4.2733032794083075,4.2733032794083075,0-25%
5.0,8.60663661274164,3.6066366127416405,3.6066366127416405,0-25%
8.0,8.508495526646133,0.5084955266461328,0.5084955266461328,25-50%
8.0,8.496146709884421,0.496146709884421,0.496146709884421,25-50%
8.0,8.384512369521826,0.38451236952182555,0.38451236952182555,25-50%
8.0,8.702644776735227,0.7026447767352266,0.7026447767352266,25-50%
8.0,8.508495526646133,0.5084955266461328,0.5084955266461328,25-50%
2.0,8.462878090013863,6.462878090013863,6.462878090013863,0-25%
2.0,8.384512369521826,6.3845123695218255,6.3845123695218255,0-25%
2.0,8.553881220431101,6.553881220431101,6.553881220431101,0-25%
2.0,8.465443998838644,6.465443998838644,6.465443998838644,0-25%
2.0,8.465443998838644,6.465443998838644,6.465443998838644,0-25%
2.0,8.465443998838644,6.465443998838644,6.465443998838644,0-25%
2.0,8.465443998838644,6.465443998838644,6.465443998838644,0-25%
5.0,7.604711954035615,2.604711954035615,2.604711954035615,0-25%
4.333333333333333,8.053440147894033,3.7201068145607,3.7201068145607,0-25%
4.333333333333333,8.60663661274164,4.2733032794083075,4.2733032794083075,0-25%
4.333333333333333,8.60663661274164,4.2733032794083075,4.2733032794083075,0-25%
4.333333333333333,8.55916806542643,4.225834732093097,4.225834732093097,0-25%
4.333333333333333,8.802789756949943,4.46945642361661,4.46945642361661,0-25%
4.333333333333333,8.36924242959107,4.035909096257737,4.035909096257737,0-25%
5.0,8.240951318471513,3.240951318471513,3.240951318471513,0-25%
8.0,8.183040027622049,0.18304002762204874,0.18304002762204874,25-50%
8.0,8.384512369521826,0.38451236952182555,0.38451236952182555,25-50%
8.0,8.508495526646133,0.5084955266461328,0.5084955266461328,25-50%
8.0,8.183040027622049,0.18304002762204874,0.18304002762204874,25-50%
8.0,8.183040027622049,0.18304002762204874,0.18304002762204874,25-50%
8.0,8.338141387938949,0.33814138793894877,0.33814138793894877,25-50%
8.0,8.462878090013863,0.46287809001386293,0.46287809001386293,25-50%
8.0,7.916672431499386,-0.08332756850061429,0.08332756850061429,25-50%
2.0,8.462878090013863,6.462878090013863,6.462878090013863,0-25%
2.0,8.4437420938092,6.443742093809201,6.443742093809201,0-25%
2.0,8.465443998838644,6.465443998838644,6.465443998838644,0-25%
2.0,8.465443998838644,6.465443998838644,6.465443998838644,0-25%
2.0,8.553881220431101,6.553881220431101,6.553881220431101,0-25%
2.0,8.391833626834126,6.391833626834126,6.391833626834126,0-25%
4.333333333333333,8.36924242959107,4.035909096257737,4.035909096257737,0-25%
4.333333333333333,8.60663661274164,4.2733032794083075,4.2733032794083075,0-25%
4.333333333333333,8.802789756949943,4.46945642361661,4.46945642361661,0-25%
4.333333333333333,8.802789756949943,4.46945642361661,4.46945642361661,0-25%
4.333333333333333,8.594160338772257,4.260827005438924,4.260827005438924,0-25%
5.0,7.785158898628642,2.7851588986286417,2.7851588986286417,0-25%
8.0,8.152607204578434,0.1526072045784339,0.1526072045784339,25-50%
8.0,8.338141387938949,0.33814138793894877,0.33814138793894877,25-50%
8.0,8.508495526646133,0.5084955266461328,0.5084955266461328,25-50%
8.0,8.152607204578434,0.1526072045784339,0.1526072045784339,25-50%
8.0,7.844106889808721,-0.15589311019127905,0.15589311019127905,25-50%
8.0,8.004458110432116,0.004458110432116413,0.004458110432116413,25-50%
8.0,8.702644776735227,0.7026447767352266,0.7026447767352266,25-50%
2.0,8.384512369521826,6.3845123695218255,6.3845123695218255,0-25%
2.0,8.4437420938092,6.443742093809201,6.443742093809201,0-25%
2.0,8.391833626834126,6.391833626834126,6.391833626834126,0-25%
2.0,8.4437420938092,6.443742093809201,6.443742093809201,0-25%
5.0,8.36924242959107,3.36924242959107,3.36924242959107,0-25%
5.0,7.621475972017397,2.6214759720173966,2.6214759720173966,0-25%
4.333333333333333,7.621475972017397,3.2881426386840635,3.2881426386840635,0-25%
5.0,8.802789756949943,3.8027897569499434,3.8027897569499434,0-25%
5.0,8.802789756949943,3.8027897569499434,3.8027897569499434,0-25%
5.0,8.481373774550688,3.481373774550688,3.481373774550688,0-25%
8.0,8.508495526646133,0.5084955266461328,0.5084955266461328,25-50%
8.0,8.508495526646133,0.5084955266461328,0.5084955266461328,25-50%
8.0,8.152607204578434,0.1526072045784339,0.1526072045784339,25-50%
8.0,7.411827199089535,-0.5881728009104652,0.5881728009104652,25-50%
8.0,7.411827199089535,-0.5881728009104652,0.5881728009104652,25-50%
8.0,8.702644776735227,0.7026447767352266,0.7026447767352266,25-50%
5.0,7.228180869555268,2.228180869555268,2.228180869555268,0-25%
5.0,7.604711954035615,2.604711954035615,2.604711954035615,0-25%
5.0,8.59233758514632,3.5923375851463195,3.5923375851463195,0-25%
5.0,8.802789756949943,3.8027897569499434,3.8027897569499434,0-25%
5.0,8.46906018118956,3.46906018118956,3.46906018118956,0-25%
3.0,8.451344551747502,5.451344551747502,5.451344551747502,0-25%
8.0,8.508495526646133,0.5084955266461328,0.5084955266461328,25-50%
8.0,8.183040027622049,0.18304002762204874,0.18304002762204874,25-50%
8.0,7.533399254873973,-0.4666007451260272,0.4666007451260272,25-50%
8.0,7.411827199089535,-0.5881728009104652,0.5881728009104652,25-50%
8.0,8.152607204578434,0.1526072045784339,0.1526072045784339,25-50%
3.0,8.5605483398174,5.5605483398174,5.5605483398174,0-25%
3.0,8.59233758514632,5.5923375851463195,5.5923375851463195,0-25%
3.0,8.60663661274164,5.6066366127416405,5.6066366127416405,0-25%
3.0,8.46906018118956,5.46906018118956,5.46906018118956,0-25%
6.0,8.416114040213584,2.416114040213584,2.416114040213584,25-50%
6.0,8.4377524554326,2.4377524554325998,2.4377524554325998,25-50%
6.0,8.4377524554326,2.4377524554325998,2.4377524554325998,25-50%
6.0,8.412416614438932,2.412416614438932,2.412416614438932,25-50%
6.0,8.252768464424232,2.252768464424232,2.252768464424232,25-50%
6.0,8.416114040213584,2.416114040213584,2.416114040213584,25-50%
6.0,8.416114040213584,2.416114040213584,2.416114040213584,25-50%
6.0,8.252768464424232,2.252768464424232,2.252768464424232,25-50%
6.0,8.416114040213584,2.416114040213584,2.416114040213584,25-50%
6.0,8.367868461212407,2.3678684612124066,2.3678684612124066,25-50%
6.0,8.008250881946738,2.008250881946738,2.008250881946738,25-50%
6.0,8.245555613188703,2.245555613188703,2.245555613188703,25-50%
6.0,8.233548280187648,2.233548280187648,2.233548280187648,25-50%
6.0,8.208813206189337,2.208813206189337,2.208813206189337,25-50%
6.0,8.10370292872825,2.10370292872825,2.10370292872825,25-50%
6.0,7.989960595889192,1.9899605958891922,1.9899605958891922,25-50%
6.0,8.289686249287355,2.289686249287355,2.289686249287355,25-50%
6.0,8.277621603209038,2.277621603209038,2.277621603209038,25-50%
6.0,8.208813206189337,2.208813206189337,2.208813206189337,25-50%
6.0,8.245555613188703,2.245555613188703,2.245555613188703,25-50%
6.0,8.40429455262579,2.4042945526257906,2.4042945526257906,25-50%
6.0,8.1182915124082,2.1182915124082005,2.1182915124082005,25-50%
6.0,8.208813206189337,2.208813206189337,2.208813206189337,25-50%
6.0,8.11868279703739,2.1186827970373905,2.1186827970373905,25-50%
6.0,8.23562452536422,2.2356245253642193,2.2356245253642193,25-50%
6.0,8.208813206189337,2.208813206189337,2.208813206189337,25-50%
6.0,8.245555613188703,2.245555613188703,2.245555613188703,25-50%
6.0,8.558977424299702,2.5589774242997017,2.5589774242997017,25-50%
6.0,8.367702947984098,2.367702947984098,2.367702947984098,25-50%
6.0,8.010619702113445,2.010619702113445,2.010619702113445,25-50%
6.0,8.289686249287355,2.289686249287355,2.289686249287355,25-50%
6.0,8.277621603209038,2.277621603209038,2.277621603209038,25-50%
6.0,7.382671831410745,1.382671831410745,1.382671831410745,25-50%
6.0,8.289686249287355,2.289686249287355,2.289686249287355,25-50%
6.0,8.277621603209038,2.277621603209038,2.277621603209038,25-50%
6.0,8.252768464424232,2.252768464424232,2.252768464424232,25-50%
6.0,8.04706647830266,2.0470664783026606,2.0470664783026606,25-50%
6.0,8.233548280187648,2.233548280187648,2.233548280187648,25-50%
6.0,8.233548280187648,2.233548280187648,2.233548280187648,25-50%
8.5,8.4377524554326,-0.062247544567400226,0.062247544567400226,50-75%
8.5,8.245555613188703,-0.2544443868112971,0.2544443868112971,50-75%
7.666666666666668,8.15535759643095,0.48869092976428163,0.48869092976428163,25-50%
7.666666666666668,8.416114040213584,0.749447373546916,0.749447373546916,25-50%
7.666666666666668,7.350946099310166,-0.315720567356502,0.315720567356502,25-50%
6.0,7.566656805154782,1.566656805154782,1.566656805154782,25-50%
6.0,8.233548280187648,2.233548280187648,2.233548280187648,25-50%
7.333333333333332,8.085966134875047,0.752632801541715,0.752632801541715,25-50%
7.333333333333332,8.243783824844352,0.9104504915110194,0.9104504915110194,25-50%
7.333333333333332,8.199871248121957,0.8665379147886245,0.8665379147886245,25-50%
7.333333333333332,8.243783824844352,0.9104504915110194,0.9104504915110194,25-50%
8.5,8.15535759643095,-0.3446424035690505,0.3446424035690505,50-75%
8.5,8.252768464424232,-0.24723153557576794,0.24723153557576794,50-75%
11.0,7.516867613136875,-3.483132386863125,3.483132386863125,50-75%
5.5,8.017084274983299,2.517084274983299,2.517084274983299,25-50%
5.5,8.233548280187648,2.733548280187648,2.733548280187648,25-50%
7.333333333333332,8.097385541546467,0.7640522082131351,0.7640522082131351,25-50%
7.333333333333332,8.243783824844352,0.9104504915110194,0.9104504915110194,25-50%
7.333333333333332,8.277621603209038,0.944288269875706,0.944288269875706,25-50%
7.333333333333332,8.277621603209038,0.944288269875706,0.944288269875706,25-50%
7.333333333333332,8.277621603209038,0.944288269875706,0.944288269875706,25-50%
7.333333333333332,8.289686249287355,0.9563529159540227,0.9563529159540227,25-50%
11.0,8.15535759643095,-2.8446424035690505,2.8446424035690505,50-75%
5.0,8.166591480830908,3.166591480830908,3.166591480830908,0-25%
5.5,8.233548280187648,2.733548280187648,2.733548280187648,25-50%
7.333333333333332,8.097385541546467,0.7640522082131351,0.7640522082131351,25-50%
7.333333333333332,8.289686249287355,0.9563529159540227,0.9563529159540227,25-50%
7.333333333333332,8.277621603209038,0.944288269875706,0.944288269875706,25-50%
7.333333333333332,8.289686249287355,0.9563529159540227,0.9563529159540227,25-50%
7.333333333333332,8.289686249287355,0.9563529159540227,0.9563529159540227,25-50%
8.0,8.289686249287355,0.28968624928735487,0.28968624928735487,25-50%
11.0,7.890356304486194,-3.109643695513806,3.109643695513806,50-75%
5.0,8.233548280187648,3.233548280187648,3.233548280187648,0-25%
7.333333333333332,8.252768464424232,0.9194351310908999,0.9194351310908999,25-50%
7.333333333333332,8.289686249287355,0.9563529159540227,0.9563529159540227,25-50%
7.333333333333332,8.289686249287355,0.9563529159540227,0.9563529159540227,25-50%
8.0,8.289686249287355,0.28968624928735487,0.28968624928735487,25-50%
11.0,7.911029626749207,-3.0889703732507927,3.0889703732507927,50-75%
6.0,7.15401919775505,1.1540191977550496,1.1540191977550496,25-50%
5.0,8.233548280187648,3.233548280187648,3.233548280187648,0-25%
5.0,8.208813206189337,3.208813206189337,3.208813206189337,0-25%
8.0,8.260264135489845,0.2602641354898445,0.2602641354898445,25-50%
8.0,8.245555613188703,0.2455556131887029,0.2455556131887029,25-50%
8.0,8.277621603209038,0.27762160320903817,0.27762160320903817,25-50%
8.0,7.890356304486194,-0.10964369551380582,0.10964369551380582,25-50%
6.0,7.251408998126278,1.2514089981262781,1.2514089981262781,25-50%
6.0,7.106345948449622,1.106345948449622,1.106345948449622,25-50%
4.0,7.517907286341215,3.517907286341215,3.517907286341215,0-25%
4.0,8.05653351050135,4.05653351050135,4.05653351050135,0-25%
4.0,7.596898790919383,3.596898790919383,3.596898790919383,0-25%
5.0,8.233548280187648,3.233548280187648,3.233548280187648,0-25%
5.0,7.989960595889192,2.989960595889192,2.989960595889192,0-25%
5.0,8.4377524554326,3.4377524554325998,3.4377524554325998,0-25%
5.0,7.910786518090223,2.910786518090223,2.910786518090223,0-25%
5.0,7.911029626749207,2.9110296267492073,2.9110296267492073,0-25%
6.0,7.251408998126278,1.2514089981262781,1.2514089981262781,25-50%
6.0,7.15401919775505,1.1540191977550496,1.1540191977550496,25-50%
4.0,7.517907286341215,3.517907286341215,3.517907286341215,0-25%
4.0,7.783348557560338,3.7833485575603376,3.7833485575603376,0-25%
4.0,7.781755613462508,3.781755613462508,3.781755613462508,0-25%
4.0,7.167499235291047,3.1674992352910474,3.1674992352910474,0-25%
4.0,7.299935360162919,3.2999353601629187,3.2999353601629187,0-25%
4.0,7.236990405892351,3.2369904058923513,3.2369904058923513,0-25%
6.0,7.213253456554453,1.2132534565544528,1.2132534565544528,25-50%
6.0,7.136430230325933,1.1364302303259333,1.1364302303259333,25-50%
4.0,7.517907286341215,3.517907286341215,3.517907286341215,0-25%
4.0,7.583188061954477,3.583188061954477,3.583188061954477,0-25%
4.0,7.781755613462508,3.781755613462508,3.781755613462508,0-25%
4.0,7.475206473623311,3.4752064736233113,3.4752064736233113,0-25%
4.0,7.106345948449622,3.106345948449622,3.106345948449622,0-25%
4.0,7.299935360162919,3.2999353601629187,3.2999353601629187,0-25%
4.0,7.236990405892351,3.2369904058923513,3.2369904058923513,0-25%
6.0,7.251408998126278,1.2514089981262781,1.2514089981262781,25-50%
6.0,7.251408998126278,1.2514089981262781,1.2514089981262781,25-50%
6.0,7.299935360162919,1.2999353601629187,1.2999353601629187,25-50%
6.0,7.299935360162919,1.2999353601629187,1.2999353601629187,25-50%
5.0,7.517907286341215,2.517907286341215,2.517907286341215,0-25%
4.0,7.574077809192037,3.574077809192037,3.574077809192037,0-25%
4.0,7.106345948449622,3.106345948449622,3.106345948449622,0-25%
4.0,7.251408998126278,3.251408998126278,3.251408998126278,0-25%
4.0,7.236990405892351,3.2369904058923513,3.2369904058923513,0-25%
6.0,7.236990405892351,1.2369904058923513,1.2369904058923513,25-50%
6.0,7.20644672123905,1.2064467212390504,1.2064467212390504,25-50%
6.0,7.236990405892351,1.2369904058923513,1.2369904058923513,25-50%
6.0,7.251408998126278,1.2514089981262781,1.2514089981262781,25-50%
6.0,7.106345948449622,1.106345948449622,1.106345948449622,25-50%
5.333333333333333,7.517907286341215,2.184573953007882,2.184573953007882,25-50%
4.0,7.269493695914107,3.2694936959141074,3.2694936959141074,0-25%
4.0,7.469407620148508,3.469407620148508,3.469407620148508,0-25%
4.0,7.348938392932496,3.348938392932496,3.348938392932496,0-25%
4.0,7.236990405892351,3.2369904058923513,3.2369904058923513,0-25%
6.0,7.236990405892351,1.2369904058923513,1.2369904058923513,25-50%
6.0,7.517907286341215,1.5179072863412149,1.5179072863412149,25-50%
5.0,7.383280998025796,2.3832809980257963,2.3832809980257963,0-25%
5.0,7.320512068054017,2.3205120680540174,2.3205120680540174,0-25%
4.0,7.271865402336286,3.271865402336286,3.271865402336286,0-25%
4.0,7.236990405892351,3.2369904058923513,3.2369904058923513,0-25%
6.0,7.236990405892351,1.2369904058923513,1.2369904058923513,25-50%
6.0,7.299935360162919,1.2999353601629187,1.2999353601629187,25-50%
6.0,7.269158268556469,1.2691582685564686,1.2691582685564686,25-50%
6.0,7.106345948449622,1.106345948449622,1.106345948449622,25-50%
6.0,7.15401919775505,1.1540191977550496,1.1540191977550496,25-50%
6.0,7.106345948449622,1.106345948449622,1.106345948449622,25-50%
6.0,7.320512068054017,1.3205120680540174,1.3205120680540174,25-50%
6.0,7.271865402336286,1.271865402336286,1.271865402336286,25-50%
6.0,7.271865402336286,1.271865402336286,1.271865402336286,25-50%
6.0,7.299935360162919,1.2999353601629187,1.2999353601629187,25-50%
6.0,7.251408998126278,1.2514089981262781,1.2514089981262781,25-50%
6.0,7.299935360162919,1.2999353601629187,1.2999353601629187,25-50%
4.0,8.651146644195176,4.651146644195176,4.651146644195176,0-25%
4.0,8.642593085032889,4.642593085032889,4.642593085032889,0-25%
4.0,8.642593085032889,4.642593085032889,4.642593085032889,0-25%
4.0,8.621172508678324,4.621172508678324,4.621172508678324,0-25%
4.0,8.651146644195176,4.651146644195176,4.651146644195176,0-25%
4.0,8.61670734514697,4.6167073451469705,4.6167073451469705,0-25%
4.0,8.642593085032889,4.642593085032889,4.642593085032889,0-25%
4.0,8.642593085032889,4.642593085032889,4.642593085032889,0-25%
4.0,8.642593085032889,4.642593085032889,4.642593085032889,0-25%
4.0,8.642593085032889,4.642593085032889,4.642593085032889,0-25%
4.0,8.813066118641089,4.813066118641089,4.813066118641089,0-25%
4.0,8.491313192680833,4.491313192680833,4.491313192680833,0-25%
4.0,8.651146644195176,4.651146644195176,4.651146644195176,0-25%
4.0,8.642593085032889,4.642593085032889,4.642593085032889,0-25%
4.0,8.642593085032889,4.642593085032889,4.642593085032889,0-25%
4.0,8.61670734514697,4.6167073451469705,4.6167073451469705,0-25%
4.0,8.48372385185315,4.483723851853149,4.483723851853149,0-25%
4.0,8.651146644195176,4.651146644195176,4.651146644195176,0-25%
4.0,8.214356120361389,4.214356120361389,4.214356120361389,0-25%
4.0,8.651146644195176,4.651146644195176,4.651146644195176,0-25%
4.0,8.48372385185315,4.483723851853149,4.483723851853149,0-25%
4.0,8.651146644195176,4.651146644195176,4.651146644195176,0-25%
4.0,8.571192301572605,4.571192301572605,4.571192301572605,0-25%
4.0,8.233102944385799,4.233102944385799,4.233102944385799,0-25%
4.0,8.446224728187573,4.446224728187573,4.446224728187573,0-25%
4.0,8.464023918759356,4.464023918759356,4.464023918759356,0-25%
4.0,8.438671440508434,4.438671440508434,4.438671440508434,0-25%
4.0,8.330937539107428,4.330937539107428,4.330937539107428,0-25%
4.0,8.214356120361389,4.214356120361389,4.214356120361389,0-25%
4.0,8.491313192680833,4.491313192680833,4.491313192680833,0-25%
4.0,8.509197341867852,4.509197341867852,4.509197341867852,0-25%
4.0,8.438671440508434,4.438671440508434,4.438671440508434,0-25%
4.0,8.446224728187573,4.446224728187573,4.446224728187573,0-25%
4.0,8.316198438140875,4.316198438140875,4.316198438140875,0-25%
4.0,8.438671440508434,4.438671440508434,4.438671440508434,0-25%
3.0,8.316598215362998,5.316598215362998,5.316598215362998,0-25%
3.0,8.466151988426185,5.466151988426185,5.466151988426185,0-25%
3.0,8.438671440508434,5.438671440508434,5.438671440508434,0-25%
2.0,8.446224728187573,6.446224728187573,6.446224728187573,0-25%
2.0,8.509197341867852,6.509197341867852,6.509197341867852,0-25%
2.0,7.59190901571474,5.59190901571474,5.59190901571474,0-25%
2.0,8.491313192680833,6.491313192680833,6.491313192680833,0-25%
2.0,8.509197341867852,6.509197341867852,6.509197341867852,0-25%
2.0,8.48372385185315,6.483723851853149,6.483723851853149,0-25%
2.0,8.239152751403587,6.239152751403587,6.239152751403587,0-25%
3.0,8.446224728187573,5.446224728187573,5.446224728187573,0-25%
3.0,8.38388154241143,5.38388154241143,5.38388154241143,0-25%
3.0,8.651146644195176,5.651146644195176,5.651146644195176,0-25%
3.0,7.559391387785693,4.559391387785693,4.559391387785693,0-25%
3.0,8.48372385185315,5.483723851853149,5.483723851853149,0-25%
2.0,8.38388154241143,6.38388154241143,6.38388154241143,0-25%
2.0,8.221152059925315,6.2211520599253145,6.2211520599253145,0-25%
2.0,8.104438060351365,6.104438060351365,6.104438060351365,0-25%
4.0,8.47451494956497,4.47451494956497,4.47451494956497,0-25%
3.0,8.429506285092307,5.429506285092307,5.429506285092307,0-25%
2.6666666666666665,8.47451494956497,5.807848282898304,5.807848282898304,0-25%
2.6666666666666665,8.38388154241143,5.717214875744764,5.717214875744764,0-25%
2.6666666666666665,8.48372385185315,5.817057185186483,5.817057185186483,0-25%
3.0,7.729454415328647,4.729454415328647,4.729454415328647,0-25%
3.0,8.230964331666327,5.230964331666327,5.230964331666327,0-25%
2.0,8.21323094697653,6.21323094697653,6.21323094697653,0-25%
3.0,8.47451494956497,5.47451494956497,5.47451494956497,0-25%
2.6666666666666665,8.509197341867852,5.842530675201186,5.842530675201186,0-25%
2.6666666666666665,8.509197341867852,5.842530675201186,5.842530675201186,0-25%
2.6666666666666665,8.509197341867852,5.842530675201186,5.842530675201186,0-25%
2.6666666666666665,8.491313192680833,5.824646526014167,5.824646526014167,0-25%
2.6666666666666665,8.38388154241143,5.717214875744764,5.717214875744764,0-25%
2.6666666666666665,8.104438060351365,5.437771393684699,5.437771393684699,0-25%
3.0,8.491313192680833,5.491313192680833,5.491313192680833,0-25%
3.0,8.509197341867852,5.509197341867852,5.509197341867852,0-25%
2.6666666666666665,8.491313192680833,5.824646526014167,5.824646526014167,0-25%
2.6666666666666665,8.491313192680833,5.824646526014167,5.824646526014167,0-25%
2.6666666666666665,8.491313192680833,5.824646526014167,5.824646526014167,0-25%
2.6666666666666665,8.112265638171383,5.445598971504717,5.445598971504717,0-25%
2.6666666666666665,8.112514243687304,5.445847577020638,5.445847577020638,0-25%
3.0,8.491313192680833,5.491313192680833,5.491313192680833,0-25%
3.0,8.491313192680833,5.491313192680833,5.491313192680833,0-25%
3.0,8.491313192680833,5.491313192680833,5.491313192680833,0-25%
3.0,8.104438060351365,5.104438060351365,5.104438060351365,0-25%
2.0,8.104438060351365,6.104438060351365,6.104438060351365,0-25%
2.0,8.46125248994566,6.461252489945659,6.461252489945659,0-25%
3.0,8.446224728187573,5.446224728187573,5.446224728187573,0-25%
3.0,8.509197341867852,5.509197341867852,5.509197341867852,0-25%
3.0,8.112265638171383,5.112265638171383,5.112265638171383,0-25%
7.0,7.242333121392677,0.2423331213926767,0.2423331213926767,25-50%
7.0,7.660798564190284,0.6607985641902836,0.6607985641902836,25-50%
7.0,8.237808909117858,1.2378089091178577,1.2378089091178577,25-50%
7.0,7.741115182631395,0.7411151826313951,0.7411151826313951,25-50%
2.0,8.214356120361389,6.214356120361389,6.214356120361389,0-25%
2.0,8.642593085032889,6.642593085032889,6.642593085032889,0-25%
2.0,8.104189675168017,6.104189675168017,6.104189675168017,0-25%
2.0,8.104438060351365,6.104438060351365,6.104438060351365,0-25%
7.0,7.389829661343431,0.38982966134343133,0.38982966134343133,25-50%
7.0,7.660798564190284,0.6607985641902836,0.6607985641902836,25-50%
7.0,7.930692718161394,0.930692718161394,0.930692718161394,25-50%
7.0,7.929073051793642,0.9290730517936421,0.9290730517936421,25-50%
7.0,7.3045122789095736,0.30451227890957355,0.30451227890957355,25-50%
6.5,7.439170072376813,0.9391700723768128,0.9391700723768128,25-50%
2.0,8.104438060351365,6.104438060351365,6.104438060351365,0-25%
7.0,7.660798564190284,0.6607985641902836,0.6607985641902836,25-50%
7.0,7.727174450742511,0.7271744507425106,0.7271744507425106,25-50%
6.5,7.929073051793642,1.429073051793642,1.429073051793642,25-50%
6.5,7.617381428379238,1.1173814283792378,1.1173814283792378,25-50%
6.5,7.242333121392677,0.7423331213926767,0.7423331213926767,25-50%
6.5,7.439170072376813,0.9391700723768128,0.9391700723768128,25-50%
6.5,7.37516919149804,0.8751691914980402,0.8751691914980402,25-50%
7.0,7.660798564190284,0.6607985641902836,0.6607985641902836,25-50%
7.0,7.717911369871593,0.7179113698715929,0.7179113698715929,25-50%
6.5,7.242333121392677,0.7423331213926767,0.7423331213926767,25-50%
6.5,7.389829661343431,0.8898296613434313,0.8898296613434313,25-50%
6.5,7.37516919149804,0.8751691914980402,0.8751691914980402,25-50%
6.0,7.37516919149804,1.3751691914980402,1.3751691914980402,25-50%
6.0,7.389829661343431,1.3898296613434313,1.3898296613434313,25-50%
7.0,7.242333121392677,0.2423331213926767,0.2423331213926767,25-50%
7.0,7.660798564190284,0.6607985641902836,0.6607985641902836,25-50%
6.5,7.408217737119485,0.9082177371194851,0.9082177371194851,25-50%
6.5,7.61148529683422,1.1114852968342204,1.1114852968342204,25-50%
6.5,7.4889951504839996,0.9889951504839996,0.9889951504839996,25-50%
6.5,7.37516919149804,0.8751691914980402,0.8751691914980402,25-50%
6.0,7.389829661343431,1.3898296613434313,1.3898296613434313,25-50%
6.5,7.523913866417848,1.023913866417848,1.023913866417848,25-50%
6.5,7.460091962715389,0.9600919627153894,0.9600919627153894,25-50%
6.5,7.410629229858884,0.9106292298588841,0.9106292298588841,25-50%
6.0,7.37516919149804,1.3751691914980402,1.3751691914980402,25-50%
6.0,7.37516919149804,1.3751691914980402,1.3751691914980402,25-50%
6.0,7.37516919149804,1.3751691914980402,1.3751691914980402,25-50%
6.0,7.37516919149804,1.3751691914980402,1.3751691914980402,25-50%
6.0,7.290806108389942,1.2908061083899423,1.2908061083899423,25-50%
6.0,7.439170072376813,1.4391700723768128,1.4391700723768128,25-50%
6.0,7.4889951504839996,1.4889951504839996,1.4889951504839996,25-50%
6.0,7.37516919149804,1.3751691914980402,1.3751691914980402,25-50%
6.0,7.37516919149804,1.3751691914980402,1.3751691914980402,25-50%
6.0,7.37516919149804,1.3751691914980402,1.3751691914980402,25-50%
6.0,7.389829661343431,1.3898296613434313,1.3898296613434313,25-50%
6.0,7.37516919149804,1.3751691914980402,1.3751691914980402,25-50%
3.0,9.180964607221156,6.180964607221156,6.180964607221156,0-25%
3.0,9.180964607221156,6.180964607221156,6.180964607221156,0-25%
3.0,9.180964607221156,6.180964607221156,6.180964607221156,0-25%
3.0,9.180964607221156,6.180964607221156,6.180964607221156,0-25%
3.0,9.180964607221156,6.180964607221156,6.180964607221156,0-25%
3.0,9.18999573425608,6.18999573425608,6.18999573425608,0-25%
3.0,9.180964607221156,6.180964607221156,6.180964607221156,0-25%
3.0,9.180964607221156,6.180964607221156,6.180964607221156,0-25%
3.0,9.180964607221156,6.180964607221156,6.180964607221156,0-25%
6.0,9.230191885255518,3.2301918852555183,3.2301918852555183,25-50%
6.0,9.230191885255518,3.2301918852555183,3.2301918852555183,25-50%
6.0,9.230191885255518,3.2301918852555183,3.2301918852555183,25-50%
6.0,9.221125133421971,3.221125133421971,3.221125133421971,25-50%
3.0,9.180964607221156,6.180964607221156,6.180964607221156,0-25%
3.0,9.180964607221156,6.180964607221156,6.180964607221156,0-25%
3.0,9.180964607221156,6.180964607221156,6.180964607221156,0-25%
3.0,9.180964607221156,6.180964607221156,6.180964607221156,0-25%
3.0,9.202444617260685,6.202444617260685,6.202444617260685,0-25%
3.0,9.069412920449228,6.069412920449228,6.069412920449228,0-25%
3.0,8.657456376106222,5.6574563761062215,5.6574563761062215,0-25%
6.0,8.936714388194869,2.9367143881948685,2.9367143881948685,25-50%
6.0,9.230191885255518,3.2301918852555183,3.2301918852555183,25-50%
6.0,9.198419374771857,3.1984193747718574,3.1984193747718574,25-50%
6.0,9.230191885255518,3.2301918852555183,3.2301918852555183,25-50%
6.0,9.221125133421971,3.221125133421971,3.221125133421971,25-50%
6.0,9.221125133421971,3.221125133421971,3.221125133421971,25-50%
3.0,9.180964607221156,6.180964607221156,6.180964607221156,0-25%
3.0,9.180964607221156,6.180964607221156,6.180964607221156,0-25%
3.0,9.180964607221156,6.180964607221156,6.180964607221156,0-25%
3.0,9.18999573425608,6.18999573425608,6.18999573425608,0-25%
3.0,9.18325666321497,6.183256663214969,6.183256663214969,0-25%
3.0,8.081289005091342,5.081289005091342,5.081289005091342,0-25%
3.0,8.671824394966642,5.671824394966642,5.671824394966642,0-25%
3.0,8.564665391858732,5.564665391858732,5.564665391858732,0-25%
6.0,9.134881122637593,3.1348811226375926,3.1348811226375926,25-50%
6.0,9.002730399619125,3.002730399619125,3.002730399619125,25-50%
6.0,8.936714388194869,2.9367143881948685,2.9367143881948685,25-50%
6.0,9.221125133421971,3.221125133421971,3.221125133421971,25-50%
6.0,9.230191885255518,3.2301918852555183,3.2301918852555183,25-50%
6.0,9.221125133421971,3.221125133421971,3.221125133421971,25-50%
6.0,9.221125133421971,3.221125133421971,3.221125133421971,25-50%
4.5,9.198419374771857,4.6984193747718574,4.6984193747718574,0-25%
3.0,9.18999573425608,6.18999573425608,6.18999573425608,0-25%
3.0,9.032687283509388,6.032687283509388,6.032687283509388,0-25%
3.0,9.391183525996523,6.391183525996523,6.391183525996523,0-25%
3.0,9.069412920449228,6.069412920449228,6.069412920449228,0-25%
3.0,8.564665391858732,5.564665391858732,5.564665391858732,0-25%
3.0,8.564926339977319,5.564926339977319,5.564926339977319,0-25%
6.0,9.0360656640501,3.036065664050099,3.036065664050099,25-50%
6.0,9.002730399619125,3.002730399619125,3.002730399619125,25-50%
6.0,9.18325666321497,3.1832566632149693,3.1832566632149693,25-50%
6.0,9.221125133421971,3.221125133421971,3.221125133421971,25-50%
6.0,9.221125133421971,3.221125133421971,3.221125133421971,25-50%
6.0,9.221125133421971,3.221125133421971,3.221125133421971,25-50%
6.0,9.221125133421971,3.221125133421971,3.221125133421971,25-50%
3.0,9.391183525996523,6.391183525996523,6.391183525996523,0-25%
3.0,9.050475161938094,6.050475161938094,6.050475161938094,0-25%
3.0,9.180964607221156,6.180964607221156,6.180964607221156,0-25%
3.0,8.564665391858732,5.564665391858732,5.564665391858732,0-25%
3.0,8.564926339977319,5.564926339977319,5.564926339977319,0-25%
6.0,8.44114742530952,2.44114742530952,2.44114742530952,25-50%
6.0,9.0360656640501,3.036065664050099,3.036065664050099,25-50%
6.0,9.230191885255518,3.2301918852555183,3.2301918852555183,25-50%
6.0,9.221125133421971,3.221125133421971,3.221125133421971,25-50%
6.0,9.221125133421971,3.221125133421971,3.221125133421971,25-50%
6.0,9.18325666321497,3.1832566632149693,3.1832566632149693,25-50%
3.0,8.680403884056357,5.680403884056357,5.680403884056357,0-25%
3.0,8.564665391858732,5.564665391858732,5.564665391858732,0-25%
6.0,9.002730399619125,3.002730399619125,3.002730399619125,25-50%
6.0,9.230191885255518,3.2301918852555183,3.2301918852555183,25-50%
6.0,9.04243871008621,3.042438710086209,3.042438710086209,25-50%
6.0,9.230191885255518,3.2301918852555183,3.2301918852555183,25-50%
6.0,9.0360656640501,3.036065664050099,3.036065664050099,25-50%
6.0,7.825687383592355,1.8256873835923546,1.8256873835923546,25-50%
6.0,9.119795827888785,3.119795827888785,3.119795827888785,25-50%
6.0,9.341820229269981,3.341820229269981,3.341820229269981,25-50%
6.0,8.6510023977192,2.6510023977192,2.6510023977192,25-50%
6.0,9.0360656640501,3.036065664050099,3.036065664050099,25-50%
6.0,9.101885261969322,3.101885261969322,3.101885261969322,25-50%
6.0,8.202847136075597,2.2028471360755972,2.2028471360755972,25-50%
6.0,8.202847136075597,2.2028471360755972,2.2028471360755972,25-50%
6.0,8.3026116557871,2.3026116557871,2.3026116557871,25-50%
6.0,9.119795827888785,3.119795827888785,3.119795827888785,25-50%
6.0,7.825687383592355,1.8256873835923546,1.8256873835923546,25-50%
6.0,7.449553531230567,1.449553531230567,1.449553531230567,25-50%
6.0,7.6220807703799025,1.6220807703799025,1.6220807703799025,25-50%
6.0,7.687124697924324,1.6871246979243244,1.6871246979243244,25-50%
6.0,8.08941160874654,2.0894116087465395,2.0894116087465395,25-50%
6.0,9.0360656640501,3.036065664050099,3.036065664050099,25-50%
6.0,7.6220807703799025,1.6220807703799025,1.6220807703799025,25-50%
6.0,7.802259068869727,1.802259068869727,1.802259068869727,25-50%
6.0,7.499245177081303,1.4992451770813027,1.4992451770813027,25-50%
6.0,7.8340309237367425,1.8340309237367425,1.8340309237367425,25-50%
6.0,7.499245177081303,1.4992451770813027,1.4992451770813027,25-50%
6.0,7.6220807703799025,1.6220807703799025,1.6220807703799025,25-50%
6.0,8.44114742530952,2.44114742530952,2.44114742530952,25-50%
6.0,7.600758280132369,1.6007582801323688,1.6007582801323688,25-50%
6.0,7.449553531230567,1.449553531230567,1.449553531230567,25-50%
6.0,7.449553531230567,1.449553531230567,1.449553531230567,25-50%
6.0,7.449553531230567,1.449553531230567,1.449553531230567,25-50%
6.0,8.005894713158153,2.0058947131581526,2.0058947131581526,25-50%
6.0,8.63392152794939,2.63392152794939,2.63392152794939,25-50%
6.0,7.499245177081303,1.4992451770813027,1.4992451770813027,25-50%
6.0,7.600758280132369,1.6007582801323688,1.6007582801323688,25-50%
6.0,8.005894713158153,2.0058947131581526,2.0058947131581526,25-50%
6.0,8.2865430063087,2.2865430063086993,2.2865430063086993,25-50%
6.0,8.284858803094606,2.2848588030946058,2.2848588030946058,25-50%
6.0,8.005894713158153,2.0058947131581526,2.0058947131581526,25-50%
6.0,8.074915397723371,2.0749153977233714,2.0749153977233714,25-50%
6.0,7.449553531230567,1.449553531230567,1.449553531230567,25-50%
6.0,8.6510023977192,2.6510023977192,2.6510023977192,25-50%
6.0,9.119795827888785,3.119795827888785,3.119795827888785,25-50%
7.0,7.657262576695961,0.6572625766959614,0.6572625766959614,25-50%
6.0,8.835244685094723,2.8352446850947235,2.8352446850947235,25-50%
6.0,9.020164962482978,3.020164962482978,3.020164962482978,25-50%
6.0,9.116943857941731,3.116943857941731,3.116943857941731,25-50%
6.0,9.134881122637593,3.1348811226375926,3.1348811226375926,25-50%
6.0,9.32351671247045,3.3235167124704503,3.3235167124704503,25-50%
7.0,7.449553531230567,0.44955353123056696,0.44955353123056696,25-50%
7.0,7.513295934289018,0.513295934289018,0.513295934289018,25-50%
7.0,7.962962876714577,0.9629628767145766,0.9629628767145766,25-50%
6.0,9.002730399619125,3.002730399619125,3.002730399619125,25-50%
6.0,9.341820229269981,3.341820229269981,3.341820229269981,25-50%
6.0,9.341820229269981,3.341820229269981,3.341820229269981,25-50%
8.0,7.553892384220623,-0.4461076157793773,0.4461076157793773,25-50%
8.0,7.553892384220623,-0.4461076157793773,0.4461076157793773,25-50%
8.0,7.560987304026186,-0.43901269597381365,0.43901269597381365,25-50%
8.0,7.441923713579195,-0.5580762864208051,0.5580762864208051,25-50%
7.0,7.499245177081303,0.49924517708130267,0.49924517708130267,25-50%
7.0,7.619259021600091,0.619259021600091,0.619259021600091,25-50%
7.0,7.825687383592355,0.8256873835923546,0.8256873835923546,25-50%
6.0,8.3273717215735,2.327371721573501,2.327371721573501,25-50%
6.0,8.08941160874654,2.0894116087465395,2.0894116087465395,25-50%
7.0,7.852484194919974,0.852484194919974,0.852484194919974,25-50%
8.0,7.449553531230567,-0.550446468769433,0.550446468769433,25-50%
6.0,8.410171970997732,2.410171970997732,2.410171970997732,25-50%
6.0,8.392474060926622,2.392474060926622,2.392474060926622,25-50%
6.0,8.548424160805874,2.548424160805874,2.548424160805874,25-50%
6.0,8.551951638338107,2.5519516383381067,2.5519516383381067,25-50%
6.0,8.530732417781998,2.530732417781998,2.530732417781998,25-50%
6.0,8.551951638338107,2.5519516383381067,2.5519516383381067,25-50%
6.0,8.56042479309361,2.5604247930936097,2.5604247930936097,25-50%
6.0,8.551951638338107,2.5519516383381067,2.5519516383381067,25-50%
6.0,8.47772067265901,2.477720672659011,2.477720672659011,25-50%
6.0,8.551951638338107,2.5519516383381067,2.5519516383381067,25-50%
6.0,8.56042479309361,2.5604247930936097,2.5604247930936097,25-50%
6.0,8.410171970997732,2.410171970997732,2.410171970997732,25-50%
6.0,8.56042479309361,2.5604247930936097,2.5604247930936097,25-50%
6.0,8.56042479309361,2.5604247930936097,2.5604247930936097,25-50%
6.0,8.551951638338107,2.5519516383381067,2.5519516383381067,25-50%
6.0,8.56042479309361,2.5604247930936097,2.5604247930936097,25-50%
6.0,8.551951638338107,2.5519516383381067,2.5519516383381067,25-50%
6.0,8.56042479309361,2.5604247930936097,2.5604247930936097,25-50%
6.0,8.551951638338107,2.5519516383381067,2.5519516383381067,25-50%
6.0,8.551951638338107,2.5519516383381067,2.5519516383381067,25-50%
6.0,8.551951638338107,2.5519516383381067,2.5519516383381067,25-50%
6.0,8.551951638338107,2.5519516383381067,2.5519516383381067,25-50%
6.0,8.551951638338107,2.5519516383381067,2.5519516383381067,25-50%
6.0,8.516562403658614,2.5165624036586145,2.5165624036586145,25-50%
6.0,8.410171970997732,2.410171970997732,2.410171970997732,25-50%
6.0,8.551951638338107,2.5519516383381067,2.5519516383381067,25-50%
6.0,8.551951638338107,2.5519516383381067,2.5519516383381067,25-50%
6.0,8.516562403658614,2.5165624036586145,2.5165624036586145,25-50%
6.0,8.516562403658614,2.5165624036586145,2.5165624036586145,25-50%
6.0,8.551951638338107,2.5519516383381067,2.5519516383381067,25-50%
6.0,8.551951638338107,2.5519516383381067,2.5519516383381067,25-50%
6.0,8.365468967717112,2.3654689677171117,2.3654689677171117,25-50%
6.0,8.410171970997732,2.410171970997732,2.410171970997732,25-50%
6.0,8.56042479309361,2.5604247930936097,2.5604247930936097,25-50%
6.0,8.551951638338107,2.5519516383381067,2.5519516383381067,25-50%
5.5,8.551951638338107,3.0519516383381067,3.0519516383381067,25-50%
5.5,8.56042479309361,3.0604247930936097,3.0604247930936097,25-50%
5.5,8.664744868386233,3.164744868386233,3.164744868386233,25-50%
5.5,8.28616116533531,2.7861611653353098,2.7861611653353098,25-50%
5.0,8.516562403658614,3.5165624036586145,3.5165624036586145,0-25%
5.0,8.392474060926622,3.392474060926622,3.392474060926622,0-25%
5.5,8.664744868386233,3.164744868386233,3.164744868386233,25-50%
5.0,8.471353992838694,3.4713539928386936,3.4713539928386936,0-25%
5.0,8.347855131532686,3.347855131532686,3.347855131532686,0-25%
5.0,8.28616116533531,3.2861611653353098,3.2861611653353098,0-25%
12.0,8.471353992838694,-3.5286460071613064,3.5286460071613064,50-75%
10.0,8.48920053360416,-1.5107994663958397,1.5107994663958397,50-75%
6.5,8.347855131532686,1.847855131532686,1.847855131532686,25-50%
6.5,8.664744868386233,2.164744868386233,2.164744868386233,25-50%
6.5,8.471353992838694,1.9713539928386936,1.9713539928386936,25-50%
5.0,8.379007947836115,3.379007947836115,3.379007947836115,0-25%
5.0,8.347855131532686,3.347855131532686,3.347855131532686,0-25%
12.0,8.139855608611951,-3.860144391388049,3.860144391388049,50-75%
12.0,8.14716976921101,-3.8528302307889906,3.8528302307889906,50-75%
10.0,8.347855131532686,-1.652144868467314,1.652144868467314,50-75%
10.0,8.471353992838694,-1.5286460071613064,1.5286460071613064,50-75%
8.333333333333334,8.14716976921101,-0.1861635641223245,0.1861635641223245,50-75%
8.333333333333334,8.14716976921101,-0.1861635641223245,0.1861635641223245,50-75%
6.5,8.33131078830814,1.8313107883081408,1.8313107883081408,25-50%
6.5,8.379007947836115,1.879007947836115,1.879007947836115,25-50%
6.5,7.823038798546113,1.3230387985461132,1.3230387985461132,25-50%
5.0,8.379007947836115,3.379007947836115,3.379007947836115,0-25%
12.0,7.576764674524741,-4.423235325475259,4.423235325475259,50-75%
12.0,8.071487014690842,-3.9285129853091583,3.9285129853091583,50-75%
10.0,8.33131078830814,-1.6686892116918592,1.6686892116918592,50-75%
10.0,8.471353992838694,-1.5286460071613064,1.5286460071613064,50-75%
8.333333333333334,8.071487014690842,-0.2618463186424922,0.2618463186424922,50-75%
8.333333333333334,7.723432653820357,-0.6099006795129771,0.6099006795129771,50-75%
8.333333333333334,7.855759409431749,-0.47757392390158504,0.47757392390158504,50-75%
6.5,8.664744868386233,2.164744868386233,2.164744868386233,25-50%
5.0,8.347855131532686,3.347855131532686,3.347855131532686,0-25%
12.0,8.347855131532686,-3.652144868467314,3.652144868467314,50-75%
12.0,8.071487014690842,-3.9285129853091583,3.9285129853091583,50-75%
10.0,8.471353992838694,-1.5286460071613064,1.5286460071613064,50-75%
10.0,8.471353992838694,-1.5286460071613064,1.5286460071613064,50-75%
10.0,8.071487014690842,-1.9285129853091583,1.9285129853091583,50-75%
8.333333333333334,7.2729151443935365,-1.0604181889397974,1.0604181889397974,50-75%
8.333333333333334,7.2729151443935365,-1.0604181889397974,1.0604181889397974,50-75%
6.5,8.664744868386233,2.164744868386233,2.164744868386233,25-50%
6.5,8.516562403658614,2.0165624036586145,2.0165624036586145,25-50%
12.0,8.365468967717112,-3.6345310322828883,3.6345310322828883,50-75%
12.0,8.318248786381504,-3.6817512136184956,3.6817512136184956,50-75%
12.0,7.723432653820357,-4.276567346179643,4.276567346179643,50-75%
10.0,8.130980609872788,-1.869019390127212,1.869019390127212,50-75%
10.0,8.471353992838694,-1.5286460071613064,1.5286460071613064,50-75%
10.0,8.14716976921101,-1.8528302307889906,1.8528302307889906,50-75%
10.0,7.392479571673141,-2.6075204283268594,2.6075204283268594,50-75%
10.0,7.2729151443935365,-2.7270848556064635,2.7270848556064635,50-75%
8.0,8.071487014690842,0.07148701469084173,0.07148701469084173,25-50%
8.0,8.664744868386233,0.6647448683862329,0.6647448683862329,25-50%
12.0,8.164476496151286,-3.835523503848714,3.835523503848714,50-75%
12.0,7.8386819793894205,-4.1613180206105795,4.1613180206105795,50-75%
10.0,8.471353992838694,-1.5286460071613064,1.5286460071613064,50-75%
10.0,8.14716976921101,-1.8528302307889906,1.8528302307889906,50-75%
10.0,7.739869912589159,-2.2601300874108414,2.2601300874108414,50-75%
8.0,7.2729151443935365,-0.7270848556064635,0.7270848556064635,25-50%
8.0,7.678556276896876,-0.3214437231031244,0.3214437231031244,25-50%
12.0,8.268017282867875,-3.7319827171321247,3.7319827171321247,50-75%
19.0,7.867537681752395,-11.132462318247605,11.132462318247605,75-100%
10.0,7.737879507180985,-2.2621204928190153,2.2621204928190153,50-75%
10.0,7.737879507180985,-2.2621204928190153,2.2621204928190153,50-75%
10.0,7.718468710364196,-2.2815312896358044,2.2815312896358044,50-75%
10.0,7.737879507180985,-2.2621204928190153,2.2621204928190153,50-75%
6.0,7.737879507180985,1.7378795071809847,1.7378795071809847,25-50%
6.0,7.669974930361072,1.6699749303610716,1.6699749303610716,25-50%
6.0,7.737879507180985,1.7378795071809847,1.7378795071809847,25-50%
6.0,7.737879507180985,1.7378795071809847,1.7378795071809847,25-50%
6.0,7.737879507180985,1.7378795071809847,1.7378795071809847,25-50%
19.0,7.3379723569811866,-11.662027643018813,11.662027643018813,75-100%
19.0,7.59199352405627,-11.40800647594373,11.40800647594373,75-100%
19.0,7.60818311667414,-11.391816883325859,11.391816883325859,75-100%
19.0,7.59199352405627,-11.40800647594373,11.40800647594373,75-100%
19.0,7.721909827011867,-11.278090172988133,11.278090172988133,75-100%
19.0,7.745630531066211,-11.254369468933788,11.254369468933788,75-100%
10.0,7.737879507180985,-2.2621204928190153,2.2621204928190153,50-75%
10.0,7.585123287459967,-2.4148767125400328,2.4148767125400328,50-75%
10.0,7.745630531066211,-2.254369468933789,2.254369468933789,50-75%
10.0,7.60818311667414,-2.39181688332586,2.39181688332586,50-75%
10.0,7.745630531066211,-2.254369468933789,2.254369468933789,50-75%
8.0,7.745630531066211,-0.2543694689337892,0.2543694689337892,25-50%
6.0,7.737879507180985,1.7378795071809847,1.7378795071809847,25-50%
6.0,7.745630531066211,1.7456305310662108,1.7456305310662108,25-50%
6.0,7.737879507180985,1.7378795071809847,1.7378795071809847,25-50%
6.0,7.745630531066211,1.7456305310662108,1.7456305310662108,25-50%
6.0,7.737879507180985,1.7378795071809847,1.7378795071809847,25-50%
6.0,7.737879507180985,1.7378795071809847,1.7378795071809847,25-50%
19.0,7.12399178844091,-11.876008211559089,11.876008211559089,75-100%
19.0,7.407535452212145,-11.592464547787856,11.592464547787856,75-100%
19.0,7.576786945879256,-11.423213054120744,11.423213054120744,75-100%
19.0,7.576786945879256,-11.423213054120744,11.423213054120744,75-100%
19.0,7.59199352405627,-11.40800647594373,11.40800647594373,75-100%
19.0,7.70550634615705,-11.294493653842949,11.294493653842949,75-100%
14.5,7.690098866804013,-6.809901133195987,6.809901133195987,50-75%
10.0,7.737879507180985,-2.2621204928190153,2.2621204928190153,50-75%
10.0,7.737879507180985,-2.2621204928190153,2.2621204928190153,50-75%
10.0,7.737879507180985,-2.2621204928190153,2.2621204928190153,50-75%
8.0,7.737879507180985,-0.2621204928190153,0.2621204928190153,25-50%
8.0,7.737879507180985,-0.2621204928190153,0.2621204928190153,25-50%
6.0,7.70550634615705,1.7055063461570503,1.7055063461570503,25-50%
6.0,7.60818311667414,1.60818311667414,1.60818311667414,25-50%
6.0,7.737879507180985,1.7378795071809847,1.7378795071809847,25-50%
6.0,7.737879507180985,1.7378795071809847,1.7378795071809847,25-50%
6.0,7.745630531066211,1.7456305310662108,1.7456305310662108,25-50%
15.0,7.737879507180985,-7.262120492819015,7.262120492819015,50-75%
15.0,7.737879507180985,-7.262120492819015,7.262120492819015,50-75%
15.0,7.737879507180985,-7.262120492819015,7.262120492819015,50-75%
15.0,7.745630531066211,-7.254369468933789,7.254369468933789,50-75%
15.0,7.737879507180985,-7.262120492819015,7.262120492819015,50-75%
19.0,7.323215359303149,-11.676784640696852,11.676784640696852,75-100%
19.0,7.883259758777984,-11.116740241222015,11.116740241222015,75-100%
19.0,7.59199352405627,-11.40800647594373,11.40800647594373,75-100%
19.0,7.59199352405627,-11.40800647594373,11.40800647594373,75-100%
19.0,7.883259758777984,-11.116740241222015,11.116740241222015,75-100%
14.5,7.576786945879256,-6.923213054120744,6.923213054120744,50-75%
10.0,7.70550634615705,-2.2944936538429497,2.2944936538429497,50-75%
10.0,7.737879507180985,-2.2621204928190153,2.2621204928190153,50-75%
10.0,7.70550634615705,-2.2944936538429497,2.2944936538429497,50-75%
10.0,7.70550634615705,-2.2944936538429497,2.2944936538429497,50-75%
8.0,7.737879507180985,-0.2621204928190153,0.2621204928190153,25-50%
8.0,7.737879507180985,-0.2621204928190153,0.2621204928190153,25-50%
6.0,7.60818311667414,1.60818311667414,1.60818311667414,25-50%
6.0,7.60818311667414,1.60818311667414,1.60818311667414,25-50%
6.0,7.745630531066211,1.7456305310662108,1.7456305310662108,25-50%
6.0,7.745630531066211,1.7456305310662108,1.7456305310662108,25-50%
6.0,7.745630531066211,1.7456305310662108,1.7456305310662108,25-50%
15.0,7.737879507180985,-7.262120492819015,7.262120492819015,50-75%
15.0,7.737879507180985,-7.262120492819015,7.262120492819015,50-75%
15.0,7.737879507180985,-7.262120492819015,7.262120492819015,50-75%
15.0,7.737879507180985,-7.262120492819015,7.262120492819015,50-75%
15.0,7.737879507180985,-7.262120492819015,7.262120492819015,50-75%
15.0,7.721909827011867,-7.278090172988133,7.278090172988133,50-75%
15.0,7.60818311667414,-7.39181688332586,7.39181688332586,50-75%
19.0,7.448129187312735,-11.551870812687266,11.551870812687266,75-100%
19.0,7.518611312944686,-11.481388687055315,11.481388687055315,75-100%
19.0,7.537962341424604,-11.462037658575396,11.462037658575396,75-100%
19.0,7.576786945879256,-11.423213054120744,11.423213054120744,75-100%
19.0,7.883259758777984,-11.116740241222015,11.116740241222015,75-100%
14.5,7.883259758777984,-6.616740241222016,6.616740241222016,50-75%
14.5,7.70550634615705,-6.79449365384295,6.79449365384295,50-75%
10.0,7.70550634615705,-2.2944936538429497,2.2944936538429497,50-75%
10.0,7.737879507180985,-2.2621204928190153,2.2621204928190153,50-75%
10.0,7.737879507180985,-2.2621204928190153,2.2621204928190153,50-75%
8.0,7.745630531066211,-0.2543694689337892,0.2543694689337892,25-50%
8.0,7.883259758777984,-0.11674024122201576,0.11674024122201576,25-50%
6.0,7.4947412234889255,1.4947412234889255,1.4947412234889255,25-50%
6.0,7.745630531066211,1.7456305310662108,1.7456305310662108,25-50%
6.0,7.718468710364196,1.7184687103641956,1.7184687103641956,25-50%
6.0,7.745630531066211,1.7456305310662108,1.7456305310662108,25-50%
15.0,7.737879507180985,-7.262120492819015,7.262120492819015,50-75%
15.0,7.737879507180985,-7.262120492819015,7.262120492819015,50-75%
15.0,7.737879507180985,-7.262120492819015,7.262120492819015,50-75%
15.0,7.737879507180985,-7.262120492819015,7.262120492819015,50-75%
15.0,7.745630531066211,-7.254369468933789,7.254369468933789,50-75%
15.0,7.70550634615705,-7.29449365384295,7.29449365384295,50-75%
15.0,6.75259262498195,-8.24740737501805,8.24740737501805,50-75%
15.0,7.256725937529471,-7.743274062470529,7.743274062470529,50-75%
19.0,7.70550634615705,-11.294493653842949,11.294493653842949,75-100%
19.0,7.70550634615705,-11.294493653842949,11.294493653842949,75-100%
19.0,7.576786945879256,-11.423213054120744,11.423213054120744,75-100%
19.0,7.59199352405627,-11.40800647594373,11.40800647594373,75-100%
19.0,7.883259758777984,-11.116740241222015,11.116740241222015,75-100%
19.0,7.70550634615705,-11.294493653842949,11.294493653842949,75-100%
10.0,7.70550634615705,-2.2944936538429497,2.2944936538429497,50-75%
10.0,7.883259758777984,-2.1167402412220158,2.1167402412220158,50-75%
10.0,7.576786945879256,-2.423213054120744,2.423213054120744,50-75%
10.0,7.70550634615705,-2.2944936538429497,2.2944936538429497,50-75%
10.0,7.59199352405627,-2.40800647594373,2.40800647594373,50-75%
6.0,7.883259758777984,1.8832597587779842,1.8832597587779842,25-50%
6.0,7.70550634615705,1.7055063461570503,1.7055063461570503,25-50%
6.0,7.59199352405627,1.59199352405627,1.59199352405627,25-50%
6.0,7.4947412234889255,1.4947412234889255,1.4947412234889255,25-50%
6.0,7.737879507180985,1.7378795071809847,1.7378795071809847,25-50%
15.0,7.737879507180985,-7.262120492819015,7.262120492819015,50-75%
15.0,7.718468710364196,-7.281531289635804,7.281531289635804,50-75%
15.0,7.745630531066211,-7.254369468933789,7.254369468933789,50-75%
15.0,7.576786945879256,-7.423213054120744,7.423213054120744,50-75%
15.0,7.883259758777984,-7.116740241222016,7.116740241222016,50-75%
15.0,7.60818311667414,-7.39181688332586,7.39181688332586,50-75%
15.0,7.165245521398122,-7.834754478601878,7.834754478601878,50-75%
19.0,7.70550634615705,-11.294493653842949,11.294493653842949,75-100%
19.0,7.60818311667414,-11.391816883325859,11.391816883325859,75-100%
19.0,7.70550634615705,-11.294493653842949,11.294493653842949,75-100%
19.0,7.70550634615705,-11.294493653842949,11.294493653842949,75-100%
15.0,7.737879507180985,-7.262120492819015,7.262120492819015,50-75%
15.0,7.737879507180985,-7.262120492819015,7.262120492819015,50-75%
15.0,7.883259758777984,-7.116740241222016,7.116740241222016,50-75%
15.0,7.59199352405627,-7.40800647594373,7.40800647594373,50-75%
15.0,7.737879507180985,-7.262120492819015,7.262120492819015,50-75%
15.0,7.165245521398122,-7.834754478601878,7.834754478601878,50-75%
15.0,7.745630531066211,-7.254369468933789,7.254369468933789,50-75%
15.0,7.264050149302244,-7.735949850697756,7.735949850697756,50-75%
15.0,7.165245521398122,-7.834754478601878,7.834754478601878,50-75%
8.0,8.287628529399388,0.2876285293993881,0.2876285293993881,25-50%
8.0,8.24173627261212,0.24173627261212083,0.24173627261212083,25-50%
8.0,8.431148897032207,0.43114889703220705,0.43114889703220705,25-50%
8.0,8.454600125531938,0.45460012553193785,0.45460012553193785,25-50%
6.5,8.859721646577679,2.359721646577679,2.359721646577679,25-50%
6.5,8.24173627261212,1.7417362726121208,1.7417362726121208,25-50%
6.5,8.24173627261212,1.7417362726121208,1.7417362726121208,25-50%
6.5,8.24173627261212,1.7417362726121208,1.7417362726121208,25-50%
8.0,8.350592987671916,0.3505929876719165,0.3505929876719165,25-50%
8.0,8.350592987671916,0.3505929876719165,0.3505929876719165,25-50%
5.0,8.287628529399388,3.287628529399388,3.287628529399388,0-25%
6.5,8.24173627261212,1.7417362726121208,1.7417362726121208,25-50%
6.5,8.806564050350772,2.3065640503507723,2.3065640503507723,25-50%
6.5,8.806564050350772,2.3065640503507723,2.3065640503507723,25-50%
6.5,8.287628529399388,1.787628529399388,1.787628529399388,25-50%
8.0,8.264716513029223,0.2647165130292226,0.2647165130292226,25-50%
5.0,8.310722884206161,3.310722884206161,3.310722884206161,0-25%
5.0,8.310722884206161,3.310722884206161,3.310722884206161,0-25%
6.5,8.310722884206161,1.810722884206161,1.810722884206161,25-50%
6.5,8.264716513029223,1.7647165130292226,1.7647165130292226,25-50%
6.5,8.281310963640387,1.7813109636403865,1.7813109636403865,25-50%
6.5,8.250718922041738,1.750718922041738,1.750718922041738,25-50%
6.5,8.264716513029223,1.7647165130292226,1.7647165130292226,25-50%
6.5,8.310722884206161,1.810722884206161,1.810722884206161,25-50%
8.0,8.30438960936656,0.30438960936655945,0.30438960936655945,25-50%
5.0,8.310722884206161,3.310722884206161,3.310722884206161,0-25%
6.5,8.24173627261212,1.7417362726121208,1.7417362726121208,25-50%
6.5,8.24173627261212,1.7417362726121208,1.7417362726121208,25-50%
6.5,8.264716513029223,1.7647165130292226,1.7647165130292226,25-50%
8.0,8.176090042085075,0.17609004208507528,0.17609004208507528,25-50%
5.0,8.310722884206161,3.310722884206161,3.310722884206161,0-25%
5.0,7.6208460420234125,2.6208460420234125,2.6208460420234125,0-25%
6.5,8.110834699248029,1.610834699248029,1.610834699248029,25-50%
6.5,8.27372149846123,1.7737214984612297,1.7737214984612297,25-50%
6.5,8.310722884206161,1.810722884206161,1.810722884206161,25-50%
5.0,8.101279762012604,3.101279762012604,3.101279762012604,0-25%
5.0,8.310722884206161,3.310722884206161,3.310722884206161,0-25%
5.0,8.310722884206161,3.310722884206161,3.310722884206161,0-25%
5.0,8.025917276506796,3.025917276506796,3.025917276506796,0-25%
5.0,8.310722884206161,3.310722884206161,3.310722884206161,0-25%
5.0,8.310722884206161,3.310722884206161,3.310722884206161,0-25%
5.0,7.984569043578228,2.9845690435782277,2.9845690435782277,0-25%
5.0,7.984569043578228,2.9845690435782277,2.9845690435782277,0-25%
5.0,8.267665050938756,3.2676650509387564,3.2676650509387564,0-25%
5.0,8.310722884206161,3.310722884206161,3.310722884206161,0-25%
5.0,8.310722884206161,3.310722884206161,3.310722884206161,0-25%
5.0,8.10355745722162,3.103557457221619,3.103557457221619,0-25%
5.0,8.085228859956493,3.0852288599564925,3.0852288599564925,0-25%
5.0,8.350010064172793,3.3500100641727926,3.3500100641727926,0-25%
5.0,8.298630917554451,3.2986309175544513,3.2986309175544513,0-25%
5.0,8.298630917554451,3.2986309175544513,3.2986309175544513,0-25%
5.0,8.371496571155024,3.371496571155024,3.371496571155024,0-25%
5.0,8.310722884206161,3.310722884206161,3.310722884206161,0-25%
5.0,8.27372149846123,3.2737214984612297,3.2737214984612297,0-25%
5.0,8.310722884206161,3.310722884206161,3.310722884206161,0-25%
5.0,8.27372149846123,3.2737214984612297,3.2737214984612297,0-25%
5.0,8.7867130850779,3.786713085077899,3.786713085077899,0-25%
5.0,8.298630917554451,3.2986309175544513,3.2986309175544513,0-25%
11.0,8.246590847068465,-2.7534091529315354,2.7534091529315354,50-75%
11.0,8.283483983746626,-2.716516016253374,2.716516016253374,50-75%
11.0,8.246590847068465,-2.7534091529315354,2.7534091529315354,50-75%
11.0,8.75808165582522,-2.2419183441747794,2.2419183441747794,50-75%
11.0,8.271427392637726,-2.728572607362274,2.728572607362274,50-75%
11.0,7.974615431223642,-3.0253845687763583,3.0253845687763583,50-75%
11.0,7.962959972044381,-3.0370400279556193,3.0370400279556193,50-75%
11.0,7.955541628402686,-3.0444583715973144,3.0444583715973144,50-75%
11.0,7.96695432438264,-3.03304567561736,3.03304567561736,50-75%
11.0,7.958284319514002,-3.041715680485998,3.041715680485998,50-75%
8.5,7.958284319514002,-0.5417156804859982,0.5417156804859982,50-75%
8.5,8.223655565626732,-0.27634443437326794,0.27634443437326794,50-75%
8.5,7.427686891575348,-1.0723131084246518,1.0723131084246518,50-75%
8.5,7.316728941639495,-1.1832710583605053,1.1832710583605053,50-75%
8.0,7.050479451540435,-0.9495205484595646,0.9495205484595646,25-50%
8.5,7.937745205284102,-0.5622547947158978,0.5622547947158978,50-75%
8.5,8.013046265247842,-0.48695373475215753,0.48695373475215753,50-75%
8.5,7.521428496362214,-0.9785715036377862,0.9785715036377862,50-75%
8.5,7.169380360806247,-1.3306196391937526,1.3306196391937526,50-75%
8.0,7.050479451540435,-0.9495205484595646,0.9495205484595646,25-50%
8.5,8.246590847068465,-0.25340915293153543,0.25340915293153543,50-75%
8.5,7.96695432438264,-0.5330456756173598,0.5330456756173598,50-75%
8.5,8.224557096018472,-0.2754429039815278,0.2754429039815278,50-75%
6.5,7.316728941639495,0.8167289416394947,0.8167289416394947,25-50%
6.5,7.10821298923645,0.6082129892364501,0.6082129892364501,25-50%
6.5,7.081175590957056,0.5811755909570557,0.5811755909570557,25-50%
8.0,7.049870876722786,-0.9501291232772138,0.9501291232772138,25-50%
8.0,7.050479451540435,-0.9495205484595646,0.9495205484595646,25-50%
8.0,7.051818361153,-0.9481816388470001,0.9481816388470001,25-50%
6.0,8.23736303852953,2.23736303852953,2.23736303852953,25-50%
8.5,8.1011408328459,-0.3988591671541002,0.3988591671541002,50-75%
6.0,8.271427392637726,2.271427392637726,2.271427392637726,25-50%
5.0,8.283483983746626,3.283483983746626,3.283483983746626,0-25%
6.5,7.96695432438264,1.4669543243826402,1.4669543243826402,25-50%
6.5,7.159125823811248,0.6591258238112481,0.6591258238112481,25-50%
6.5,7.081175590957056,0.5811755909570557,0.5811755909570557,25-50%
8.0,7.049870876722786,-0.9501291232772138,0.9501291232772138,25-50%
8.0,7.049870876722786,-0.9501291232772138,0.9501291232772138,25-50%
8.0,7.050479451540435,-0.9495205484595646,0.9495205484595646,25-50%
6.0,7.592274809967689,1.592274809967689,1.592274809967689,25-50%
5.5,7.937745205284102,2.437745205284102,2.437745205284102,25-50%
5.5,8.237612206089501,2.7376122060895014,2.7376122060895014,25-50%
5.0,8.2771692371615,3.2771692371615,3.2771692371615,0-25%
5.5,8.311129226106184,2.8111292261061838,2.8111292261061838,25-50%
6.333333333333332,7.962959972044381,1.6296266387110485,1.6296266387110485,25-50%
6.5,7.081175590957056,0.5811755909570557,0.5811755909570557,25-50%
8.0,7.050479451540435,-0.9495205484595646,0.9495205484595646,25-50%
8.0,7.049870876722786,-0.9501291232772138,0.9501291232772138,25-50%
6.0,8.126551191063232,2.126551191063232,2.126551191063232,25-50%
6.0,8.70480988728311,2.70480988728311,2.70480988728311,25-50%
5.0,8.808336876783471,3.8083368767834713,3.8083368767834713,0-25%
5.5,7.922646590804403,2.422646590804403,2.422646590804403,25-50%
5.5,7.736045475010348,2.2360454750103482,2.2360454750103482,25-50%
6.333333333333332,7.08178653242891,0.7484531990955778,0.7484531990955778,25-50%
6.333333333333332,7.08178653242891,0.7484531990955778,0.7484531990955778,25-50%
8.0,7.050479451540435,-0.9495205484595646,0.9495205484595646,25-50%
8.0,7.049870876722786,-0.9501291232772138,0.9501291232772138,25-50%
5.5,7.937745205284102,2.437745205284102,2.437745205284102,25-50%
5.5,7.962959972044381,2.4629599720443807,2.4629599720443807,25-50%
5.5,7.10821298923645,1.60821298923645,1.60821298923645,25-50%
5.5,7.10821298923645,1.60821298923645,1.60821298923645,25-50%
5.5,7.081175590957056,1.5811755909570557,1.5811755909570557,25-50%
6.333333333333332,7.10821298923645,0.7748796559031179,0.7748796559031179,25-50%
6.333333333333332,7.10821298923645,0.7748796559031179,0.7748796559031179,25-50%
7.0,7.081175590957056,0.08117559095705573,0.08117559095705573,25-50%
5.5,8.12205543344088,2.622055433440879,2.622055433440879,25-50%
5.5,8.084180579845865,2.5841805798458655,2.5841805798458655,25-50%
5.5,7.10821298923645,1.60821298923645,1.60821298923645,25-50%
6.0,7.952100131042812,1.9521001310428119,1.9521001310428119,25-50%
6.0,7.96695432438264,1.9669543243826402,1.9669543243826402,25-50%
6.0,7.10821298923645,1.10821298923645,1.10821298923645,25-50%
6.0,8.1011408328459,2.1011408328459,2.1011408328459,25-50%
6.0,8.223655565626732,2.223655565626732,2.223655565626732,25-50%
6.0,7.955308814790493,1.9553088147904933,1.9553088147904933,25-50%
6.0,7.958284319514002,1.9582843195140018,1.9582843195140018,25-50%
6.0,7.958284319514002,1.9582843195140018,1.9582843195140018,25-50%
6.0,8.03788042455126,2.0378804245512594,2.0378804245512594,25-50%
6.0,7.453275282116082,1.4532752821160821,1.4532752821160821,25-50%
6.0,8.830321508272938,2.830321508272938,2.830321508272938,25-50%
6.0,8.906061507049818,2.9060615070498184,2.9060615070498184,25-50%
6.0,8.830321508272938,2.830321508272938,2.830321508272938,25-50%
6.0,8.600449897611576,2.6004498976115755,2.6004498976115755,25-50%
6.0,8.75753064681404,2.7575306468140397,2.7575306468140397,25-50%
6.0,8.830321508272938,2.830321508272938,2.830321508272938,25-50%
6.0,8.839041593820863,2.8390415938208626,2.8390415938208626,25-50%
6.0,8.839041593820863,2.8390415938208626,2.8390415938208626,25-50%
6.0,8.830321508272938,2.830321508272938,2.830321508272938,25-50%
6.0,8.830321508272938,2.830321508272938,2.830321508272938,25-50%
6.0,8.839041593820863,2.8390415938208626,2.8390415938208626,25-50%
6.0,8.58174528894134,2.58174528894134,2.58174528894134,25-50%
6.0,8.830321508272938,2.830321508272938,2.830321508272938,25-50%
6.0,8.830321508272938,2.830321508272938,2.830321508272938,25-50%
6.0,8.830321508272938,2.830321508272938,2.830321508272938,25-50%
6.0,8.830321508272938,2.830321508272938,2.830321508272938,25-50%
6.0,8.830321508272938,2.830321508272938,2.830321508272938,25-50%
6.0,8.830321508272938,2.830321508272938,2.830321508272938,25-50%
6.0,8.830321508272938,2.830321508272938,2.830321508272938,25-50%
6.0,8.455530224374257,2.4555302243742574,2.4555302243742574,25-50%
6.0,8.830321508272938,2.830321508272938,2.830321508272938,25-50%
6.0,8.839041593820863,2.8390415938208626,2.8390415938208626,25-50%
6.0,8.830321508272938,2.830321508272938,2.830321508272938,25-50%
6.0,8.830321508272938,2.830321508272938,2.830321508272938,25-50%
6.0,8.830321508272938,2.830321508272938,2.830321508272938,25-50%
6.0,8.830321508272938,2.830321508272938,2.830321508272938,25-50%
6.0,8.830321508272938,2.830321508272938,2.830321508272938,25-50%
6.0,8.830321508272938,2.830321508272938,2.830321508272938,25-50%
6.0,8.830321508272938,2.830321508272938,2.830321508272938,25-50%
6.0,8.830321508272938,2.830321508272938,2.830321508272938,25-50%
6.0,8.830321508272938,2.830321508272938,2.830321508272938,25-50%
6.0,8.808483901873814,2.8084839018738137,2.8084839018738137,25-50%
6.0,8.830321508272938,2.830321508272938,2.830321508272938,25-50%
6.0,8.830321508272938,2.830321508272938,2.830321508272938,25-50%
6.0,8.830321508272938,2.830321508272938,2.830321508272938,25-50%
6.0,8.830321508272938,2.830321508272938,2.830321508272938,25-50%
6.0,8.830321508272938,2.830321508272938,2.830321508272938,25-50%
8.0,8.323404937185128,0.32340493718512775,0.32340493718512775,25-50%
8.0,8.607397267996557,0.6073972679965571,0.6073972679965571,25-50%
8.0,9.073014102842173,1.0730141028421727,1.0730141028421727,25-50%
8.0,8.323404937185128,0.32340493718512775,0.32340493718512775,25-50%
8.0,8.600216638214714,0.6002166382147145,0.6002166382147145,25-50%
8.0,8.250444603356327,0.25044460335632657,0.25044460335632657,25-50%
8.0,8.66564456605266,0.6656445660526593,0.6656445660526593,25-50%
8.0,9.054350376348447,1.054350376348447,1.054350376348447,25-50%
8.0,8.323404937185128,0.32340493718512775,0.32340493718512775,25-50%
8.0,8.600216638214714,0.6002166382147145,0.6002166382147145,25-50%
8.0,8.642566089074156,0.6425660890741565,0.6425660890741565,25-50%
6.5,7.7205255971368905,1.2205255971368905,1.2205255971368905,25-50%
6.5,8.66564456605266,2.1656445660526593,2.1656445660526593,25-50%
8.0,8.873857203448928,0.873857203448928,0.873857203448928,25-50%
8.0,9.076735379812199,1.0767353798121988,1.0767353798121988,25-50%
8.0,8.563907392228117,0.563907392228117,0.563907392228117,25-50%
6.5,8.66564456605266,2.1656445660526593,2.1656445660526593,25-50%
5.0,8.648537781775719,3.648537781775719,3.648537781775719,0-25%
5.0,8.616735327322619,3.616735327322619,3.616735327322619,0-25%
8.0,8.600558632491152,0.6005586324911523,0.6005586324911523,25-50%
8.0,8.600558632491152,0.6005586324911523,0.6005586324911523,25-50%
6.5,8.583567040844903,2.083567040844903,2.083567040844903,25-50%
6.5,8.66564456605266,2.1656445660526593,2.1656445660526593,25-50%
6.5,8.447995726033998,1.947995726033998,1.947995726033998,25-50%
6.5,7.57966234383191,1.0796623438319104,1.0796623438319104,25-50%
6.5,7.694128229577822,1.1941282295778217,1.1941282295778217,25-50%
5.0,7.805919383307642,2.805919383307642,2.805919383307642,0-25%
5.0,8.259962671907944,3.259962671907944,3.259962671907944,0-25%
5.0,8.66564456605266,3.6656445660526593,3.6656445660526593,0-25%
6.5,8.618648629036056,2.1186486290360556,2.1186486290360556,25-50%
5.0,8.307561513348606,3.307561513348606,3.307561513348606,0-25%
5.0,7.36455415917488,2.3645541591748804,2.3645541591748804,0-25%
5.0,7.790833475388286,2.790833475388286,2.790833475388286,0-25%
6.0,8.583567040844903,2.583567040844903,2.583567040844903,25-50%
6.0,8.748914663317965,2.748914663317965,2.748914663317965,25-50%
6.0,8.773156039198033,2.7731560391980334,2.7731560391980334,25-50%
5.0,8.417808049082476,3.417808049082476,3.417808049082476,0-25%
5.0,8.050827500123544,3.0508275001235443,3.0508275001235443,0-25%
5.0,7.4276553373197,2.4276553373197,2.4276553373197,0-25%
5.0,7.36455415917488,2.3645541591748804,2.3645541591748804,0-25%
7.0,8.620836064429634,1.6208360644296338,1.6208360644296338,25-50%
6.0,8.583567040844903,2.583567040844903,2.583567040844903,25-50%
6.0,8.66564456605266,2.6656445660526593,2.6656445660526593,25-50%
6.0,8.66564456605266,2.6656445660526593,2.6656445660526593,25-50%
5.0,7.4276553373197,2.4276553373197,2.4276553373197,0-25%
7.0,9.208833308017255,2.2088333080172546,2.2088333080172546,25-50%
7.0,9.208833308017255,2.2088333080172546,2.2088333080172546,25-50%
7.0,8.63789373377191,1.6378937337719108,1.6378937337719108,25-50%
6.0,8.607397267996557,2.607397267996557,2.607397267996557,25-50%
7.0,7.875725614487214,0.8757256144872141,0.8757256144872141,25-50%
7.0,8.644758963682808,1.6447589636828077,1.6447589636828077,25-50%
7.0,8.662034125427297,1.6620341254272972,1.6620341254272972,25-50%
7.0,8.63018718580308,1.6301871858030808,1.6301871858030808,25-50%
7.0,8.644758963682808,1.6447589636828077,1.6447589636828077,25-50%
7.0,8.661859048143944,1.6618590481439437,1.6618590481439437,25-50%
7.0,8.686059466615465,1.6860594666154647,1.6860594666154647,25-50%
7.0,8.703232776554923,1.7032327765549233,1.7032327765549233,25-50%
7.0,8.600530425789229,1.6005304257892288,1.6005304257892288,25-50%
7.0,8.620836064429634,1.6208360644296338,1.6208360644296338,25-50%
7.0,8.620836064429634,1.6208360644296338,1.6208360644296338,25-50%
7.0,8.644758963682808,1.6447589636828077,1.6447589636828077,25-50%
7.0,8.552496998747774,1.552496998747774,1.552496998747774,25-50%
7.0,8.552496998747774,1.552496998747774,1.552496998747774,25-50%
7.0,8.644758963682808,1.6447589636828077,1.6447589636828077,25-50%
7.0,8.454432461350038,1.454432461350038,1.454432461350038,25-50%
7.0,8.654133337290574,1.654133337290574,1.654133337290574,25-50%
7.0,8.661859048143944,1.6618590481439437,1.6618590481439437,25-50%
7.0,8.661859048143944,1.6618590481439437,1.6618590481439437,25-50%
10.0,9.219730279288932,-0.7802697207110683,0.7802697207110683,50-75%
10.0,9.40024236214398,-0.5997576378560208,0.5997576378560208,50-75%
10.0,9.40024236214398,-0.5997576378560208,0.5997576378560208,50-75%
10.0,9.245142371983242,-0.754857628016758,0.754857628016758,50-75%
10.0,9.219730279288932,-0.7802697207110683,0.7802697207110683,50-75%
11.5,9.282253991903705,-2.217746008096295,2.217746008096295,50-75%
11.5,9.282253991903705,-2.217746008096295,2.217746008096295,50-75%
11.5,9.282253991903705,-2.217746008096295,2.217746008096295,50-75%
13.0,9.27314109878501,-3.7268589012149906,3.7268589012149906,50-75%
10.0,9.409468001716471,-0.5905319982835291,0.5905319982835291,50-75%
10.0,9.336144505500577,-0.6638554944994226,0.6638554944994226,50-75%
11.5,8.9193837426611,-2.5806162573388995,2.5806162573388995,50-75%
11.5,9.282253991903705,-2.217746008096295,2.217746008096295,50-75%
11.5,9.250319789063944,-2.249680210936056,2.249680210936056,50-75%
11.5,9.282253991903705,-2.217746008096295,2.217746008096295,50-75%
11.5,9.27314109878501,-2.2268589012149906,2.2268589012149906,50-75%
13.0,9.27314109878501,-3.7268589012149906,3.7268589012149906,50-75%
10.0,9.336144505500577,-0.6638554944994226,0.6638554944994226,50-75%
11.5,9.100963362969697,-2.399036637030303,2.399036637030303,50-75%
11.5,9.057893746431326,-2.4421062535686744,2.4421062535686744,50-75%
11.5,8.9193837426611,-2.5806162573388995,2.5806162573388995,50-75%
11.5,9.27314109878501,-2.2268589012149906,2.2268589012149906,50-75%
11.5,9.282253991903705,-2.217746008096295,2.217746008096295,50-75%
11.5,9.27314109878501,-2.2268589012149906,2.2268589012149906,50-75%
13.0,9.27314109878501,-3.7268589012149906,3.7268589012149906,50-75%
13.0,9.250319789063944,-3.749680210936056,3.749680210936056,50-75%
10.0,9.336144505500577,-0.6638554944994226,0.6638554944994226,50-75%
10.0,9.269663052493922,-0.7303369475060784,0.7303369475060784,50-75%
11.5,9.160663250394851,-2.339336749605149,2.339336749605149,50-75%
11.5,9.057893746431326,-2.4421062535686744,2.4421062535686744,50-75%
11.5,9.075908892474141,-2.424091107525859,2.424091107525859,50-75%
11.5,9.27314109878501,-2.2268589012149906,2.2268589012149906,50-75%
11.5,9.27314109878501,-2.2268589012149906,2.2268589012149906,50-75%
13.0,9.27314109878501,-3.7268589012149906,3.7268589012149906,50-75%
13.0,9.27314109878501,-3.7268589012149906,3.7268589012149906,50-75%
10.0,9.160663250394851,-0.8393367496051489,0.8393367496051489,50-75%
11.5,9.019199962858565,-2.480800037141435,2.480800037141435,50-75%
11.5,9.160663250394851,-2.339336749605149,2.339336749605149,50-75%
11.5,9.282253991903705,-2.217746008096295,2.217746008096295,50-75%
11.5,9.27314109878501,-2.2268589012149906,2.2268589012149906,50-75%
13.0,9.27314109878501,-3.7268589012149906,3.7268589012149906,50-75%
13.0,9.029576555223473,-3.970423444776527,3.970423444776527,50-75%
13.0,8.978825780068394,-4.021174219931606,4.021174219931606,50-75%
10.0,9.336144505500577,-0.6638554944994226,0.6638554944994226,50-75%
11.5,9.057893746431326,-2.4421062535686744,2.4421062535686744,50-75%
11.5,9.282253991903705,-2.217746008096295,2.217746008096295,50-75%
13.0,8.978825780068394,-4.021174219931606,4.021174219931606,50-75%
13.0,9.282253991903705,-3.717746008096295,3.717746008096295,50-75%
13.0,9.197071278500896,-3.8029287214991037,3.8029287214991037,50-75%
6.0,9.222303566016159,3.2223035660161585,3.2223035660161585,25-50%
6.0,9.245062500424401,3.2450625004244014,3.2450625004244014,25-50%
6.0,9.254150486140063,3.2541504861400625,3.2541504861400625,25-50%
6.0,9.245062500424401,3.2450625004244014,3.2450625004244014,25-50%
6.0,9.165445170726372,3.1654451707263718,3.1654451707263718,25-50%
6.0,9.245062500424401,3.2450625004244014,3.2450625004244014,25-50%
6.0,9.254150486140063,3.2541504861400625,3.2541504861400625,25-50%
6.0,8.978281691353637,2.9782816913536365,2.9782816913536365,25-50%
6.0,9.254150486140063,3.2541504861400625,3.2541504861400625,25-50%
6.0,9.254150486140063,3.2541504861400625,3.2541504861400625,25-50%
6.0,9.245062500424401,3.2450625004244014,3.2450625004244014,25-50%
6.0,9.254150486140063,3.2541504861400625,3.2541504861400625,25-50%
6.0,9.245062500424401,3.2450625004244014,3.2450625004244014,25-50%
6.0,9.245062500424401,3.2450625004244014,3.2450625004244014,25-50%
6.0,9.245062500424401,3.2450625004244014,3.2450625004244014,25-50%
6.0,9.245062500424401,3.2450625004244014,3.2450625004244014,25-50%
6.0,9.245062500424401,3.2450625004244014,3.2450625004244014,25-50%
6.0,9.245062500424401,3.2450625004244014,3.2450625004244014,25-50%
6.0,9.002163668637655,3.002163668637655,3.002163668637655,25-50%
6.0,8.978281691353637,2.9782816913536365,2.9782816913536365,25-50%
6.0,9.245062500424401,3.2450625004244014,3.2450625004244014,25-50%
6.0,9.245062500424401,3.2450625004244014,3.2450625004244014,25-50%
6.0,9.002163668637655,3.002163668637655,3.002163668637655,25-50%
6.0,9.002163668637655,3.002163668637655,3.002163668637655,25-50%
6.0,9.245062500424401,3.2450625004244014,3.2450625004244014,25-50%
6.0,9.245062500424401,3.2450625004244014,3.2450625004244014,25-50%
6.0,9.003093404808002,3.003093404808002,3.003093404808002,25-50%
6.0,8.978281691353637,2.9782816913536365,2.9782816913536365,25-50%
6.0,9.254150486140063,3.2541504861400625,3.2541504861400625,25-50%
6.0,9.245062500424401,3.2450625004244014,3.2450625004244014,25-50%
6.0,9.245062500424401,3.2450625004244014,3.2450625004244014,25-50%
6.0,9.254150486140063,3.2541504861400625,3.2541504861400625,25-50%
6.0,9.138566001702983,3.1385660017029835,3.1385660017029835,25-50%
6.0,8.846784120906985,2.8467841209069853,2.8467841209069853,25-50%
6.0,8.959515325278494,2.9595153252784936,2.9595153252784936,25-50%
6.0,9.138566001702983,3.1385660017029835,3.1385660017029835,25-50%
6.0,9.027034766342277,3.027034766342277,3.027034766342277,25-50%
10.0,9.254150486140063,-0.7458495138599375,0.7458495138599375,50-75%
10.0,9.245062500424401,-0.7549374995755986,0.7549374995755986,50-75%
10.0,9.245062500424401,-0.7549374995755986,0.7549374995755986,50-75%
10.0,8.984280374816962,-1.0157196251830385,1.0157196251830385,50-75%
10.0,9.002163668637655,-0.9978363313623451,0.9978363313623451,50-75%
10.0,9.245062500424401,-0.7549374995755986,0.7549374995755986,50-75%
10.0,9.245062500424401,-0.7549374995755986,0.7549374995755986,50-75%
10.0,9.245062500424401,-0.7549374995755986,0.7549374995755986,50-75%
10.0,9.245062500424401,-0.7549374995755986,0.7549374995755986,50-75%
10.0,9.113418261469795,-0.8865817385302055,0.8865817385302055,50-75%
10.0,9.254150486140063,-0.7458495138599375,0.7458495138599375,50-75%
10.0,9.245062500424401,-0.7549374995755986,0.7549374995755986,50-75%
10.0,9.245062500424401,-0.7549374995755986,0.7549374995755986,50-75%
10.0,9.002163668637655,-0.9978363313623451,0.9978363313623451,50-75%
10.0,8.951551605743838,-1.0484483942561624,1.0484483942561624,50-75%
10.0,9.254150486140063,-0.7458495138599375,0.7458495138599375,50-75%
10.0,8.984280374816962,-1.0157196251830385,1.0157196251830385,50-75%
10.0,9.254150486140063,-0.7458495138599375,0.7458495138599375,50-75%
10.0,8.951551605743838,-1.0484483942561624,1.0484483942561624,50-75%
10.0,9.254150486140063,-0.7458495138599375,0.7458495138599375,50-75%
10.0,9.16920059453673,-0.8307994054632708,0.8307994054632708,50-75%
10.0,8.741276798717598,-1.2587232012824021,1.2587232012824021,50-75%
10.0,8.984280374816962,-1.0157196251830385,1.0157196251830385,50-75%
10.0,8.976296852922218,-1.0237031470777822,1.0237031470777822,50-75%
10.0,8.952025045092837,-1.047974954907163,1.047974954907163,50-75%
10.0,8.814117390210908,-1.1858826097890915,1.1858826097890915,50-75%
10.0,8.959515325278494,-1.0404846747215064,1.0404846747215064,50-75%
10.0,8.978281691353637,-1.0217183086463635,1.0217183086463635,50-75%
10.0,8.976296852922218,-1.0237031470777822,1.0237031470777822,50-75%
10.0,9.002163668637655,-0.9978363313623451,0.9978363313623451,50-75%
10.0,9.241279061274486,-0.7587209387255136,0.7587209387255136,50-75%
10.0,8.93630487749483,-1.0636951225051696,1.0636951225051696,50-75%
10.0,8.976296852922218,-1.0237031470777822,1.0237031470777822,50-75%
10.0,8.848238182375958,-1.1517618176240418,1.1517618176240418,50-75%
10.0,8.933112930342261,-1.0668870696577386,1.0668870696577386,50-75%
10.0,8.978281691353637,-1.0217183086463635,1.0217183086463635,50-75%
6.0,8.290383701386853,2.290383701386853,2.290383701386853,25-50%
6.0,8.21090911967354,2.2109091196735395,2.2109091196735395,25-50%
6.0,8.22288701264451,2.2228870126445095,2.2228870126445095,25-50%
6.0,8.290383701386853,2.290383701386853,2.290383701386853,25-50%
6.0,8.345772247344419,2.345772247344419,2.345772247344419,25-50%
6.0,8.22288701264451,2.2228870126445095,2.2228870126445095,25-50%
6.0,8.278318149517693,2.278318149517693,2.278318149517693,25-50%
6.0,8.290383701386853,2.290383701386853,2.290383701386853,25-50%
6.0,8.156044963388878,2.1560449633888776,2.1560449633888776,25-50%
6.0,7.2882994487878925,1.2882994487878925,1.2882994487878925,25-50%
6.0,8.206230190404177,2.2062301904041774,2.2062301904041774,25-50%
6.0,8.22288701264451,2.2228870126445095,2.2228870126445095,25-50%
6.0,8.33016670900264,2.33016670900264,2.33016670900264,25-50%
6.0,8.253463144806165,2.2534631448061653,2.2534631448061653,25-50%
6.0,8.290383701386853,2.290383701386853,2.290383701386853,25-50%
6.0,7.8274996444143525,1.8274996444143525,1.8274996444143525,25-50%
6.0,8.022991479477234,2.022991479477234,2.022991479477234,25-50%
6.0,7.788820732234131,1.7888207322341314,1.7888207322341314,25-50%
6.0,8.262380987926587,2.262380987926587,2.262380987926587,25-50%
6.0,8.33016670900264,2.33016670900264,2.33016670900264,25-50%
6.0,8.278318149517693,2.278318149517693,2.278318149517693,25-50%
6.0,8.244477830676512,2.2444778306765123,2.2444778306765123,25-50%
6.0,8.022991479477234,2.022991479477234,2.022991479477234,25-50%
6.0,7.273972385609034,1.2739723856090341,1.2739723856090341,25-50%
6.0,8.158074304291166,2.1580743042911656,2.1580743042911656,25-50%
6.0,8.24296229138309,2.2429622913830904,2.2429622913830904,25-50%
6.0,8.230958326365506,2.2309583263655064,2.2309583263655064,25-50%
6.0,8.22288701264451,2.2228870126445095,2.2228870126445095,25-50%
6.0,8.221547790369208,2.2215477903692076,2.2215477903692076,25-50%
6.0,7.273972385609034,1.2739723856090341,1.2739723856090341,25-50%
6.0,7.273972385609034,1.2739723856090341,1.2739723856090341,25-50%
6.0,7.299094063650711,1.2990940636507107,1.2990940636507107,25-50%
6.0,8.203551115709699,2.2035511157096987,2.2035511157096987,25-50%
6.0,8.022991479477234,2.022991479477234,2.022991479477234,25-50%
5.0,8.33016670900264,3.33016670900264,3.33016670900264,0-25%
5.0,8.345772247344419,3.345772247344419,3.345772247344419,0-25%
5.0,7.974380654832911,2.9743806548329106,2.9743806548329106,0-25%
5.0,8.33016670900264,3.33016670900264,3.33016670900264,0-25%
5.0,8.137316000309097,3.137316000309097,3.137316000309097,0-25%
5.0,8.137316000309097,3.137316000309097,3.137316000309097,0-25%
5.0,8.421694645209554,3.421694645209554,3.421694645209554,0-25%
5.0,8.290383701386853,3.290383701386853,3.290383701386853,0-25%
5.0,8.22288701264451,3.2228870126445095,3.2228870126445095,0-25%
5.0,8.33016670900264,3.33016670900264,3.33016670900264,0-25%
5.0,7.924633095805348,2.9246330958053477,2.9246330958053477,0-25%
5.0,7.992146354364354,2.992146354364354,2.992146354364354,0-25%
5.0,8.195252709615184,3.1952527096151844,3.1952527096151844,0-25%
5.0,8.433946644290128,3.4339466442901276,3.4339466442901276,0-25%
5.0,8.255304171546276,3.2553041715462765,3.2553041715462765,0-25%
5.0,8.26733979597164,3.2673397959716404,3.2673397959716404,0-25%
5.0,8.278318149517693,3.278318149517693,3.278318149517693,0-25%
5.0,8.345772247344419,3.345772247344419,3.345772247344419,0-25%
5.0,8.036799207182295,3.0367992071822947,3.0367992071822947,0-25%
5.0,7.402796364948592,2.4027963649485917,2.4027963649485917,0-25%
5.0,8.262380987926587,3.262380987926587,3.262380987926587,0-25%
5.0,8.244477830676512,3.2444778306765123,3.2444778306765123,0-25%
5.0,8.255304171546276,3.2553041715462765,3.2553041715462765,0-25%
5.0,8.255304171546276,3.2553041715462765,3.2553041715462765,0-25%
5.0,8.255304171546276,3.2553041715462765,3.2553041715462765,0-25%
5.0,8.278318149517693,3.278318149517693,3.278318149517693,0-25%
5.0,7.9982670927094865,2.9982670927094865,2.9982670927094865,0-25%
5.0,7.273972385609034,2.273972385609034,2.273972385609034,0-25%
5.0,8.158074304291166,3.1580743042911656,3.1580743042911656,0-25%
5.0,8.156044963388878,3.1560449633888776,3.1560449633888776,0-25%
5.0,8.255304171546276,3.2553041715462765,3.2553041715462765,0-25%
5.0,8.26733979597164,3.2673397959716404,3.2673397959716404,0-25%
5.0,8.278318149517693,3.278318149517693,3.278318149517693,0-25%
5.0,8.21090911967354,3.2109091196735395,3.2109091196735395,0-25%
5.0,7.553939365678306,2.553939365678306,2.553939365678306,0-25%
5.0,7.9982670927094865,2.9982670927094865,2.9982670927094865,0-25%
5.0,8.253463144806165,3.2534631448061653,3.2534631448061653,0-25%
5.0,8.586924134308402,3.5869241343084024,3.5869241343084024,0-25%
5.0,8.660788821398798,3.660788821398798,3.660788821398798,0-25%
5.0,8.226391760055266,3.2263917600552663,3.2263917600552663,0-25%
5.0,8.251174050434333,3.251174050434333,3.251174050434333,0-25%
5.0,8.176625750640536,3.176625750640536,3.176625750640536,0-25%
5.0,8.2159216273082,3.2159216273082,3.2159216273082,0-25%
5.0,8.217432732829456,3.2174327328294563,3.2174327328294563,0-25%
5.0,8.26590074326354,3.26590074326354,3.26590074326354,0-25%
5.0,8.176625750640536,3.176625750640536,3.176625750640536,0-25%
5.0,8.302870924838718,3.302870924838718,3.302870924838718,0-25%
5.0,8.302870924838718,3.302870924838718,3.302870924838718,0-25%
5.0,8.263204304038208,3.263204304038208,3.263204304038208,0-25%
5.0,8.263204304038208,3.263204304038208,3.263204304038208,0-25%
5.0,8.29078915563698,3.290789155636981,3.290789155636981,0-25%
5.0,8.251174050434333,3.251174050434333,3.251174050434333,0-25%
5.0,8.195905079618331,3.1959050796183313,3.1959050796183313,0-25%
5.0,7.948125737316503,2.948125737316503,2.948125737316503,0-25%
5.0,8.302870924838718,3.302870924838718,3.302870924838718,0-25%
5.0,8.251174050434333,3.251174050434333,3.251174050434333,0-25%
5.0,8.195905079618331,3.1959050796183313,3.1959050796183313,0-25%
5.0,8.115742021486259,3.115742021486259,3.115742021486259,0-25%
5.0,8.251174050434333,3.251174050434333,3.251174050434333,0-25%
5.0,8.263204304038208,3.263204304038208,3.263204304038208,0-25%
5.0,8.195905079618331,3.1959050796183313,3.1959050796183313,0-25%
5.0,8.302870924838718,3.302870924838718,3.302870924838718,0-25%
5.0,8.176625750640536,3.176625750640536,3.176625750640536,0-25%
5.0,8.263204304038208,3.263204304038208,3.263204304038208,0-25%
5.0,8.24022781451042,3.240227814510421,3.240227814510421,0-25%
5.0,8.22822740079638,3.2282274007963796,3.2282274007963796,0-25%
5.0,8.24022781451042,3.240227814510421,3.240227814510421,0-25%
6.5,8.112346906128542,1.6123469061285416,1.6123469061285416,25-50%
6.5,8.178594380049127,1.6785943800491268,1.6785943800491268,25-50%
5.0,8.263204304038208,3.263204304038208,3.263204304038208,0-25%
5.0,8.263204304038208,3.263204304038208,3.263204304038208,0-25%
6.5,8.089744603902416,1.5897446039024157,1.5897446039024157,25-50%
6.5,8.089744603902416,1.5897446039024157,1.5897446039024157,25-50%
8.0,8.089744603902416,0.08974460390241568,0.08974460390241568,25-50%
8.0,8.112346906128542,0.11234690612854159,0.11234690612854159,25-50%
8.0,7.837305423400668,-0.16269457659933195,0.16269457659933195,25-50%
8.0,7.125966953754079,-0.8740330462459207,0.8740330462459207,25-50%
8.0,8.089744603902416,0.08974460390241568,0.08974460390241568,25-50%
8.0,8.089744603902416,0.08974460390241568,0.08974460390241568,25-50%
8.0,8.101564934185173,0.10156493418517343,0.10156493418517343,25-50%
8.0,8.112346906128542,0.11234690612854159,0.11234690612854159,25-50%
8.0,8.046143694011114,0.04614369401111418,0.04614369401111418,25-50%
8.0,7.400925863713962,-0.5990741362860383,0.5990741362860383,25-50%
8.0,7.837305423400668,-0.16269457659933195,0.16269457659933195,25-50%
8.0,8.12419662851076,0.12419662851075941,0.12419662851075941,25-50%
8.0,8.08793650958521,0.08793650958521049,0.08793650958521049,25-50%
8.0,8.08793650958521,0.08793650958521049,0.08793650958521049,25-50%
8.0,8.08793650958521,0.08793650958521049,0.08793650958521049,25-50%
8.0,8.08793650958521,0.08793650958521049,0.08793650958521049,25-50%
8.0,8.415432524168763,0.41543252416876264,0.41543252416876264,25-50%
8.0,8.487975914256685,0.4879759142566851,0.4879759142566851,25-50%
8.0,8.425981328028636,0.42598132802863553,0.42598132802863553,25-50%
8.0,8.027178341634457,0.02717834163445687,0.02717834163445687,25-50%
8.0,8.083486458053123,0.08348645805312316,0.08348645805312316,25-50%
8.0,8.12419662851076,0.12419662851075941,0.12419662851075941,25-50%
8.0,8.112346906128542,0.11234690612854159,0.11234690612854159,25-50%
8.0,8.059662427737297,0.05966242773729746,0.05966242773729746,25-50%
8.0,7.97894722915265,-0.021052770847349578,0.021052770847349578,25-50%
8.0,8.101564934185173,0.10156493418517343,0.10156493418517343,25-50%
8.0,8.12419662851076,0.12419662851075941,0.12419662851075941,25-50%
8.0,8.12419662851076,0.12419662851075941,0.12419662851075941,25-50%
8.0,8.101564934185173,0.10156493418517343,0.10156493418517343,25-50%
8.0,8.19843834656808,0.19843834656808035,0.19843834656808035,25-50%
8.0,7.960869515203867,-0.039130484796133125,0.039130484796133125,25-50%
8.0,8.112346906128542,0.11234690612854159,0.11234690612854159,25-50%
8.0,8.12419662851076,0.12419662851075941,0.12419662851075941,25-50%
8.0,8.12419662851076,0.12419662851075941,0.12419662851075941,25-50%
5.0,7.777497507470736,2.777497507470736,2.777497507470736,0-25%
5.0,7.777497507470736,2.777497507470736,2.777497507470736,0-25%
5.0,7.7390647068982625,2.7390647068982625,2.7390647068982625,0-25%
5.0,7.615612279196568,2.6156122791965677,2.6156122791965677,0-25%
5.0,7.777497507470736,2.777497507470736,2.777497507470736,0-25%
5.0,7.774331863015046,2.774331863015046,2.774331863015046,0-25%
5.0,8.504073099145739,3.5040730991457387,3.5040730991457387,0-25%
5.0,8.322604208319587,3.3226042083195875,3.3226042083195875,0-25%
5.0,7.7390647068982625,2.7390647068982625,2.7390647068982625,0-25%
5.0,7.765598511909979,2.765598511909979,2.765598511909979,0-25%
5.0,8.54477116121048,3.5447711612104804,3.5447711612104804,0-25%
5.0,8.54477116121048,3.5447711612104804,3.5447711612104804,0-25%
5.0,8.76905924147066,3.7690592414706607,3.7690592414706607,0-25%
5.0,8.810892019393975,3.8108920193939753,3.8108920193939753,0-25%
5.0,8.504073099145739,3.5040730991457387,3.5040730991457387,0-25%
5.0,8.282853446539448,3.2828534465394483,3.2828534465394483,0-25%
5.0,8.829378339776689,3.8293783397766887,3.8293783397766887,0-25%
5.0,8.76905924147066,3.7690592414706607,3.7690592414706607,0-25%
5.0,8.76905924147066,3.7690592414706607,3.7690592414706607,0-25%
5.0,8.903454673866467,3.9034546738664666,3.9034546738664666,0-25%
5.0,8.903454673866467,3.9034546738664666,3.9034546738664666,0-25%
5.0,8.874403582860737,3.8744035828607366,3.8744035828607366,0-25%
5.0,8.893009575859145,3.8930095758591445,3.8930095758591445,0-25%
5.0,8.861227216951589,3.8612272169515887,3.8612272169515887,0-25%
5.0,8.789583224036555,3.789583224036555,3.789583224036555,0-25%
5.0,8.478843968990098,3.4788439689900983,3.4788439689900983,0-25%
5.0,8.903454673866467,3.9034546738664666,3.9034546738664666,0-25%
4.0,8.606559970850073,4.606559970850073,4.606559970850073,0-25%
4.0,8.606559970850073,4.606559970850073,4.606559970850073,0-25%
3.0,9.025536023160583,6.0255360231605835,6.0255360231605835,0-25%
3.0,8.94231842247369,5.94231842247369,5.94231842247369,0-25%
3.0,8.87008528404704,5.87008528404704,5.87008528404704,0-25%
5.0,8.789583224036555,3.789583224036555,3.789583224036555,0-25%
4.5,8.903454673866467,4.403454673866467,4.403454673866467,0-25%
4.0,8.382954803115835,4.382954803115835,4.382954803115835,0-25%
3.0,8.527878305269859,5.527878305269859,5.527878305269859,0-25%
3.0,8.829781868896054,5.829781868896054,5.829781868896054,0-25%
3.0,9.006680784861068,6.006680784861068,6.006680784861068,0-25%
3.0,8.899925253963827,5.899925253963827,5.899925253963827,0-25%
3.0,8.787466737814372,5.787466737814372,5.787466737814372,0-25%
3.0,8.836767388964999,5.836767388964999,5.836767388964999,0-25%
3.5,8.855302465400777,5.3553024654007775,5.3553024654007775,0-25%
3.5,8.836767388964999,5.336767388964999,5.336767388964999,0-25%
3.5,8.879808382184978,5.379808382184978,5.379808382184978,0-25%
3.5,8.874403582860737,5.374403582860737,5.374403582860737,0-25%
3.5,8.54477116121048,5.04477116121048,5.04477116121048,0-25%
3.5,7.834319312146913,4.334319312146913,4.334319312146913,0-25%
3.0,8.87008528404704,5.87008528404704,5.87008528404704,0-25%
3.0,8.882403826963273,5.882403826963273,5.882403826963273,0-25%
3.0,8.899925253963827,5.899925253963827,5.899925253963827,0-25%
3.0,8.837669076984747,5.8376690769847475,5.8376690769847475,0-25%
3.0,8.787466737814372,5.787466737814372,5.787466737814372,0-25%
3.0,8.861227216951589,5.861227216951589,5.861227216951589,0-25%
3.5,8.861227216951589,5.361227216951589,5.361227216951589,0-25%
3.5,8.855302465400777,5.3553024654007775,5.3553024654007775,0-25%
3.5,8.855302465400777,5.3553024654007775,5.3553024654007775,0-25%
3.5,8.855302465400777,5.3553024654007775,5.3553024654007775,0-25%
3.333333333333333,8.879808382184978,5.5464750488516446,5.5464750488516446,0-25%
3.5,8.504073099145739,5.004073099145739,5.004073099145739,0-25%
3.5,7.7390647068982625,4.2390647068982625,4.2390647068982625,0-25%
3.5,8.75176942826778,5.25176942826778,5.25176942826778,0-25%
3.0,8.787868546321175,5.7878685463211745,5.7878685463211745,0-25%
3.0,8.899925253963827,5.899925253963827,5.899925253963827,0-25%
3.0,8.899925253963827,5.899925253963827,5.899925253963827,0-25%
3.0,8.899925253963827,5.899925253963827,5.899925253963827,0-25%
3.0,8.76905924147066,5.769059241470661,5.769059241470661,0-25%
3.0,8.879808382184978,5.879808382184978,5.879808382184978,0-25%
3.5,8.879808382184978,5.379808382184978,5.379808382184978,0-25%
3.5,8.855302465400777,5.3553024654007775,5.3553024654007775,0-25%
3.5,8.855302465400777,5.3553024654007775,5.3553024654007775,0-25%
3.5,8.836767388964999,5.336767388964999,5.336767388964999,0-25%
3.333333333333333,8.879808382184978,5.5464750488516446,5.5464750488516446,0-25%
3.333333333333333,8.808029393002133,5.4746960596688,5.4746960596688,0-25%
3.5,8.03476904824653,4.534769048246529,4.534769048246529,0-25%
3.5,8.504073099145739,5.004073099145739,5.004073099145739,0-25%
3.0,8.882403826963273,5.882403826963273,5.882403826963273,0-25%
3.0,8.899925253963827,5.899925253963827,5.899925253963827,0-25%
3.0,8.918579336553659,5.918579336553659,5.918579336553659,0-25%
3.0,8.789583224036555,5.789583224036555,5.789583224036555,0-25%
3.0,8.789583224036555,5.789583224036555,5.789583224036555,0-25%
3.5,8.861227216951589,5.361227216951589,5.361227216951589,0-25%
3.5,8.853342089487203,5.353342089487203,5.353342089487203,0-25%
3.5,8.853342089487203,5.353342089487203,5.353342089487203,0-25%
3.5,8.853342089487203,5.353342089487203,5.353342089487203,0-25%
3.5,8.853342089487203,5.353342089487203,5.353342089487203,0-25%
3.333333333333333,8.983682975272563,5.65034964193923,5.65034964193923,0-25%
3.5,9.100085029135684,5.600085029135684,5.600085029135684,0-25%
3.5,9.066070745947773,5.566070745947773,5.566070745947773,0-25%
3.0,9.13181643623787,6.1318164362378695,6.1318164362378695,0-25%
3.0,9.209879372820605,6.209879372820605,6.209879372820605,0-25%
3.0,8.76905924147066,5.769059241470661,5.769059241470661,0-25%
3.0,8.787466737814372,5.787466737814372,5.787466737814372,0-25%
3.5,8.84851724503376,5.34851724503376,5.34851724503376,0-25%
3.5,8.861227216951589,5.361227216951589,5.361227216951589,0-25%
3.5,8.879808382184978,5.379808382184978,5.379808382184978,0-25%
3.5,8.639731995152022,5.139731995152022,5.139731995152022,0-25%
4.0,8.704244921576633,4.704244921576633,4.704244921576633,0-25%
3.0,8.521981291377823,5.5219812913778235,5.5219812913778235,0-25%
3.0,8.789583224036555,5.789583224036555,5.789583224036555,0-25%
3.0,8.861227216951589,5.861227216951589,5.861227216951589,0-25%
3.5,8.861227216951589,5.361227216951589,5.361227216951589,0-25%
3.5,8.836767388964999,5.336767388964999,5.336767388964999,0-25%
3.5,8.756298942307422,5.2562989423074225,5.2562989423074225,0-25%
4.0,8.640173471311305,4.640173471311305,4.640173471311305,0-25%
5.0,7.287347984181445,2.2873479841814452,2.2873479841814452,0-25%
5.0,6.705894438378531,1.7058944383785306,1.7058944383785306,0-25%
5.0,6.672153716272867,1.6721537162728666,1.6721537162728666,0-25%
5.0,6.384126062785022,1.3841260627850218,1.3841260627850218,0-25%
5.0,6.651787525623583,1.6517875256235834,1.6517875256235834,0-25%
4.0,6.672153716272867,2.6721537162728666,2.6721537162728666,0-25%
4.0,6.965722052086545,2.9657220520865453,2.9657220520865453,0-25%
3.0,7.654927045660677,4.654927045660677,4.654927045660677,0-25%
3.0,7.6340296846826465,4.6340296846826465,4.6340296846826465,0-25%
5.0,6.463650113191119,1.463650113191119,1.463650113191119,0-25%
5.0,6.511966625789626,1.5119666257896256,1.5119666257896256,0-25%
5.0,6.431927770331703,1.4319277703317033,1.4319277703317033,0-25%
4.0,6.384126062785022,2.384126062785022,2.384126062785022,0-25%
4.0,6.374857208778685,2.3748572087786846,2.3748572087786846,0-25%
4.0,6.314632029950709,2.314632029950709,2.314632029950709,0-25%
4.0,6.685438680965539,2.6854386809655386,2.6854386809655386,0-25%
4.0,7.59238303493304,3.5923830349330403,3.5923830349330403,0-25%
3.0,7.6340296846826465,4.6340296846826465,4.6340296846826465,0-25%
3.0,7.926090518245459,4.926090518245459,4.926090518245459,0-25%
3.0,7.880923505419836,4.880923505419836,4.880923505419836,0-25%
5.0,6.384126062785022,1.3841260627850218,1.3841260627850218,0-25%
5.0,6.4130186456987746,1.4130186456987746,1.4130186456987746,0-25%
4.0,6.384126062785022,2.384126062785022,2.384126062785022,0-25%
4.0,6.672153716272867,2.6721537162728666,2.6721537162728666,0-25%
4.0,7.149553866017979,3.149553866017979,3.149553866017979,0-25%
4.0,7.671002072448438,3.671002072448438,3.671002072448438,0-25%
3.0,7.926090518245459,4.926090518245459,4.926090518245459,0-25%
3.0,7.904777860499191,4.904777860499191,4.904777860499191,0-25%
5.0,6.384126062785022,1.3841260627850218,1.3841260627850218,0-25%
5.0,6.384126062785022,1.3841260627850218,1.3841260627850218,0-25%
4.0,6.384126062785022,2.384126062785022,2.384126062785022,0-25%
4.0,6.431927770331703,2.4319277703317033,2.4319277703317033,0-25%
4.0,6.672153716272867,2.6721537162728666,2.6721537162728666,0-25%
4.0,7.54743805633573,3.5474380563357304,3.5474380563357304,0-25%
3.0,7.5992590811352265,4.5992590811352265,4.5992590811352265,0-25%
3.0,7.615462363987956,4.615462363987956,4.615462363987956,0-25%
3.0,7.6340296846826465,4.6340296846826465,4.6340296846826465,0-25%
7.5,6.685419581036009,-0.8145804189639909,0.8145804189639909,25-50%
7.5,6.396893901043415,-1.1031060989565846,1.1031060989565846,25-50%
7.5,6.444778262172287,-1.0552217378277131,1.0552217378277131,25-50%
6.0,6.384126062785022,0.3841260627850218,0.3841260627850218,25-50%
4.0,6.463650113191119,2.463650113191119,2.463650113191119,0-25%
3.0,6.672153716272867,3.6721537162728666,3.6721537162728666,0-25%
3.0,6.672153716272867,3.6721537162728666,3.6721537162728666,0-25%
3.0,6.695448134789623,3.695448134789623,3.695448134789623,0-25%
10.0,7.301677576844594,-2.698322423155406,2.698322423155406,50-75%
10.0,7.301677576844594,-2.698322423155406,2.698322423155406,50-75%
10.0,6.708754277761103,-3.291245722238897,3.291245722238897,50-75%
10.0,6.685419581036009,-3.314580418963991,3.314580418963991,50-75%
7.5,6.396893901043415,-1.1031060989565846,1.1031060989565846,25-50%
6.5,6.695448134789623,0.19544813478962286,0.19544813478962286,25-50%
3.0,7.584039643979513,4.584039643979513,4.584039643979513,0-25%
10.0,7.163645199881278,-2.8363548001187224,2.8363548001187224,50-75%
10.0,7.6303592968205445,-2.3696407031794555,2.3696407031794555,50-75%
10.0,7.577398115263961,-2.4226018847360393,2.4226018847360393,50-75%
10.0,6.685419581036009,-3.314580418963991,3.314580418963991,50-75%
10.0,6.602989987729139,-3.3970100122708606,3.3970100122708606,50-75%
10.0,6.716434672613651,-3.2835653273863494,3.2835653273863494,50-75%
10.0,7.669892216585117,-2.330107783414883,2.330107783414883,50-75%
10.0,7.686228590982323,-2.3137714090176766,2.3137714090176766,50-75%
10.0,7.927432550006982,-2.0725674499930182,2.0725674499930182,50-75%
10.0,6.693076727036907,-3.3069232729630933,3.3069232729630933,50-75%
10.0,6.476555455902254,-3.523444544097746,3.523444544097746,50-75%
10.0,6.610565007383636,-3.389434992616364,3.389434992616364,50-75%
10.0,7.355419124632512,-2.644580875367488,2.644580875367488,50-75%
10.0,8.04070428093339,-1.9592957190666098,1.9592957190666098,50-75%
10.0,7.965661338886105,-2.034338661113895,2.034338661113895,50-75%
10.0,7.709442044245964,-2.2905579557540356,2.2905579557540356,50-75%
10.0,6.708754277761103,-3.291245722238897,3.291245722238897,50-75%
10.0,7.86417951294279,-2.1358204870572104,2.1358204870572104,50-75%
10.0,8.023701236585573,-1.9762987634144267,1.9762987634144267,50-75%
10.0,7.735773071903076,-2.2642269280969236,2.2642269280969236,50-75%
10.0,7.593560206263985,-2.4064397937360154,2.4064397937360154,50-75%
2.0,9.408367696645513,7.408367696645513,7.408367696645513,0-25%
2.0,9.401829219972406,7.401829219972406,7.401829219972406,0-25%
2.0,9.408367696645513,7.408367696645513,7.408367696645513,0-25%
2.0,8.464451454732933,6.464451454732933,6.464451454732933,0-25%
2.0,8.633331620875477,6.633331620875477,6.633331620875477,0-25%
2.0,9.249125665206911,7.249125665206911,7.249125665206911,0-25%
2.0,9.363987335151647,7.363987335151647,7.363987335151647,0-25%
2.0,9.363987335151647,7.363987335151647,7.363987335151647,0-25%
2.0,8.077424787571873,6.077424787571873,6.077424787571873,0-25%
2.0,8.13455536966363,6.13455536966363,6.13455536966363,0-25%
2.0,8.493187700299865,6.493187700299865,6.493187700299865,0-25%
2.0,9.249125665206911,7.249125665206911,7.249125665206911,0-25%
2.0,9.350527479156149,7.350527479156149,7.350527479156149,0-25%
2.0,9.363987335151647,7.363987335151647,7.363987335151647,0-25%
2.0,9.363987335151647,7.363987335151647,7.363987335151647,0-25%
2.0,8.077424787571873,6.077424787571873,6.077424787571873,0-25%
2.0,8.493187700299865,6.493187700299865,6.493187700299865,0-25%
2.0,9.249125665206911,7.249125665206911,7.249125665206911,0-25%
2.0,9.350527479156149,7.350527479156149,7.350527479156149,0-25%
2.0,9.363987335151647,7.363987335151647,7.363987335151647,0-25%
2.0,7.943774380724006,5.943774380724006,5.943774380724006,0-25%
2.0,8.464451454732933,6.464451454732933,6.464451454732933,0-25%
2.0,9.249125665206911,7.249125665206911,7.249125665206911,0-25%
2.0,9.078165857798973,7.0781658577989734,7.0781658577989734,0-25%
2.0,9.249125665206911,7.249125665206911,7.249125665206911,0-25%
2.0,8.464451454732933,6.464451454732933,6.464451454732933,0-25%
2.0,8.996731285278338,6.996731285278338,6.996731285278338,0-25%
2.0,8.493187700299865,6.493187700299865,6.493187700299865,0-25%
3.0,9.386093747718277,6.386093747718277,6.386093747718277,0-25%
3.0,9.341808360377334,6.341808360377334,6.341808360377334,0-25%
3.0,9.379569263411671,6.379569263411671,6.379569263411671,0-25%
3.0,8.444197490377412,5.444197490377412,5.444197490377412,0-25%
3.0,8.279411946547867,5.279411946547867,5.279411946547867,0-25%
3.0,8.861646525554178,5.861646525554178,5.861646525554178,0-25%
3.0,9.379569263411671,6.379569263411671,6.379569263411671,0-25%
3.0,9.379569263411671,6.379569263411671,6.379569263411671,0-25%
3.0,9.379569263411671,6.379569263411671,6.379569263411671,0-25%
3.0,7.6202490379057615,4.6202490379057615,4.6202490379057615,0-25%
3.0,8.279411946547867,5.279411946547867,5.279411946547867,0-25%
3.0,9.093318062477593,6.093318062477593,6.093318062477593,0-25%
3.0,9.386093747718277,6.386093747718277,6.386093747718277,0-25%
3.0,9.379569263411671,6.379569263411671,6.379569263411671,0-25%
3.0,9.386093747718277,6.386093747718277,6.386093747718277,0-25%
3.0,7.6512143682334885,4.6512143682334885,4.6512143682334885,0-25%
3.0,8.444197490377412,5.444197490377412,5.444197490377412,0-25%
3.0,8.612716252282027,5.612716252282027,5.612716252282027,0-25%
3.0,9.227192494870394,6.227192494870394,6.227192494870394,0-25%
3.0,8.05799906184791,5.0579990618479105,5.0579990618479105,0-25%
3.0,8.115007384263148,5.115007384263148,5.115007384263148,0-25%
3.0,8.472872240262719,5.472872240262719,5.472872240262719,0-25%
3.0,8.05799906184791,5.0579990618479105,5.0579990618479105,0-25%
3.0,8.472872240262719,5.472872240262719,5.472872240262719,0-25%
5.0,9.223680134609744,4.223680134609744,4.223680134609744,0-25%
5.0,9.223680134609744,4.223680134609744,4.223680134609744,0-25%
5.0,9.198321276936067,4.198321276936067,4.198321276936067,0-25%
5.0,8.954656347821395,3.9546563478213947,3.9546563478213947,0-25%
5.0,9.236975037949984,4.236975037949984,4.236975037949984,0-25%
5.0,9.236975037949984,4.236975037949984,4.236975037949984,0-25%
5.0,9.236975037949984,4.236975037949984,4.236975037949984,0-25%
5.0,9.196292669142407,4.196292669142407,4.196292669142407,0-25%
5.0,9.196292669142407,4.196292669142407,4.196292669142407,0-25%
5.0,8.44258648116846,3.44258648116846,3.44258648116846,0-25%
5.0,9.123521015862035,4.1235210158620355,4.1235210158620355,0-25%
5.0,9.110373456854632,4.1103734568546315,4.1103734568546315,0-25%
5.0,9.191299893525402,4.191299893525402,4.191299893525402,0-25%
5.0,9.236975037949984,4.236975037949984,4.236975037949984,0-25%
5.0,9.223680134609744,4.223680134609744,4.223680134609744,0-25%
5.0,7.928057918619804,2.928057918619804,2.928057918619804,0-25%
5.5,8.423382778054819,2.923382778054819,2.923382778054819,25-50%
5.5,8.941728095731401,3.441728095731401,3.441728095731401,25-50%
5.5,9.236975037949984,3.7369750379499838,3.7369750379499838,25-50%
5.5,9.236975037949984,3.7369750379499838,3.7369750379499838,25-50%
5.5,9.236975037949984,3.7369750379499838,3.7369750379499838,25-50%
5.0,9.211583203544137,4.211583203544137,4.211583203544137,0-25%
5.0,7.682512161473787,2.6825121614737872,2.6825121614737872,0-25%
5.5,8.029039695511566,2.5290396955115657,2.5290396955115657,25-50%
5.5,9.236975037949984,3.7369750379499838,3.7369750379499838,25-50%
5.5,9.223680134609744,3.7236801346097437,3.7236801346097437,25-50%
5.5,9.236975037949984,3.7369750379499838,3.7369750379499838,25-50%
5.5,9.236975037949984,3.7369750379499838,3.7369750379499838,25-50%
5.5,8.029039695511566,2.5290396955115657,2.5290396955115657,25-50%
5.5,8.581983397317437,3.081983397317437,3.081983397317437,25-50%
5.5,9.236975037949984,3.7369750379499838,3.7369750379499838,25-50%
5.5,9.236975037949984,3.7369750379499838,3.7369750379499838,25-50%
6.0,9.236975037949984,3.2369750379499838,3.2369750379499838,25-50%
6.0,8.029039695511566,2.0290396955115657,2.0290396955115657,25-50%
6.0,8.08586575638297,2.0858657563829706,2.0858657563829706,25-50%
5.5,8.797955253197815,3.2979552531978147,3.2979552531978147,25-50%
6.0,9.236975037949984,3.2369750379499838,3.2369750379499838,25-50%
6.0,9.236975037949984,3.2369750379499838,3.2369750379499838,25-50%
6.0,9.198321276936067,3.198321276936067,3.198321276936067,25-50%
6.0,8.24974470016033,2.2497447001603295,2.2497447001603295,25-50%
6.0,8.029039695511566,2.0290396955115657,2.0290396955115657,25-50%
6.0,8.44258648116846,2.44258648116846,2.44258648116846,25-50%
6.0,9.23996332275096,3.2399633227509597,3.2399633227509597,25-50%
6.0,9.23996332275096,3.2399633227509597,3.2399633227509597,25-50%
6.0,9.236975037949984,3.2369750379499838,3.2369750379499838,25-50%
6.0,9.275484670209668,3.275484670209668,3.275484670209668,25-50%
6.0,9.223680134609744,3.2236801346097437,3.2236801346097437,25-50%
6.0,9.236975037949984,3.2369750379499838,3.2369750379499838,25-50%
6.0,9.211583203544137,3.211583203544137,3.211583203544137,25-50%
3.0,8.264639574907214,5.264639574907214,5.264639574907214,0-25%
3.0,9.286020147088307,6.286020147088307,6.286020147088307,0-25%
3.0,9.576684832011924,6.576684832011924,6.576684832011924,0-25%
3.0,8.688977272567037,5.688977272567037,5.688977272567037,0-25%
3.0,9.459465884998778,6.459465884998778,6.459465884998778,0-25%
3.0,9.479174290411857,6.479174290411857,6.479174290411857,0-25%
3.0,8.161022822950642,5.161022822950642,5.161022822950642,0-25%
3.0,8.669272476281796,5.669272476281796,5.669272476281796,0-25%
3.0,9.305401734769246,6.305401734769246,6.305401734769246,0-25%
3.0,9.576684832011924,6.576684832011924,6.576684832011924,0-25%
3.0,7.909069900400481,4.909069900400481,4.909069900400481,0-25%
3.0,8.264639574907214,5.264639574907214,5.264639574907214,0-25%
3.0,9.576684832011924,6.576684832011924,6.576684832011924,0-25%
3.0,9.596614108983381,6.596614108983381,6.596614108983381,0-25%
3.0,7.909069900400481,4.909069900400481,4.909069900400481,0-25%
3.0,8.264639574907214,5.264639574907214,5.264639574907214,0-25%
3.0,8.832011551906383,5.832011551906383,5.832011551906383,0-25%
3.0,9.576684832011924,6.576684832011924,6.576684832011924,0-25%
3.0,8.264639574907214,5.264639574907214,5.264639574907214,0-25%
3.0,8.264639574907214,5.264639574907214,5.264639574907214,0-25%
3.0,8.322948430576218,5.3229484305762185,5.3229484305762185,0-25%
3.0,9.05361888452783,6.053618884527831,6.053618884527831,0-25%
3.0,8.264639574907214,5.264639574907214,5.264639574907214,0-25%
3.0,8.491103561045794,5.491103561045794,5.491103561045794,0-25%
3.0,8.264639574907214,5.264639574907214,5.264639574907214,0-25%
5.0,7.4387168391789125,2.4387168391789125,2.4387168391789125,0-25%
5.0,7.611859586996109,2.6118595869961094,2.6118595869961094,0-25%
5.0,7.184957647716409,2.184957647716409,2.184957647716409,0-25%
5.0,7.611859586996109,2.6118595869961094,2.6118595869961094,0-25%
5.0,7.5116272955232,2.5116272955232004,2.5116272955232004,0-25%
5.0,7.5116272955232,2.5116272955232004,2.5116272955232004,0-25%
5.0,7.5116272955232,2.5116272955232004,2.5116272955232004,0-25%
5.0,7.385938265332734,2.385938265332734,2.385938265332734,0-25%
5.0,7.783702435458862,2.7837024354588618,2.7837024354588618,0-25%
5.0,7.5116272955232,2.5116272955232004,2.5116272955232004,0-25%
5.0,7.129021782492055,2.129021782492055,2.129021782492055,0-25%
5.0,7.5116272955232,2.5116272955232004,2.5116272955232004,0-25%
5.0,7.385938265332734,2.385938265332734,2.385938265332734,0-25%
5.0,8.257016160067375,3.2570161600673746,3.2570161600673746,0-25%
5.0,7.757113829171826,2.757113829171826,2.757113829171826,0-25%
5.0,8.247802379055521,3.2478023790555213,3.2478023790555213,0-25%
5.0,8.645983338229518,3.6459833382295184,3.6459833382295184,0-25%
5.0,8.247802379055521,3.2478023790555213,3.2478023790555213,0-25%
2.0,8.582601652939694,6.582601652939694,6.582601652939694,0-25%
2.0,8.600657813776646,6.600657813776646,6.600657813776646,0-25%
2.0,8.423696654054424,6.4236966540544245,6.4236966540544245,0-25%
2.0,8.582601652939694,6.582601652939694,6.582601652939694,0-25%
9.0,8.627841932717104,-0.37215806728289635,0.37215806728289635,50-75%
9.0,8.627841932717104,-0.37215806728289635,0.37215806728289635,50-75%
2.0,8.39401346066256,6.39401346066256,6.39401346066256,0-25%
2.0,8.380333086433067,6.380333086433067,6.380333086433067,0-25%
5.5,7.663236225775964,2.1632362257759636,2.1632362257759636,25-50%
5.5,7.572980488811366,2.072980488811366,2.072980488811366,25-50%
5.5,8.291000709254341,2.791000709254341,2.791000709254341,25-50%
9.0,8.648069229439335,-0.35193077056066535,0.35193077056066535,50-75%
9.0,8.718677567679977,-0.28132243232002274,0.28132243232002274,50-75%
9.0,8.718677567679977,-0.28132243232002274,0.28132243232002274,50-75%
5.5,8.484399248574821,2.984399248574821,2.984399248574821,25-50%
9.0,8.718677567679977,-0.28132243232002274,0.28132243232002274,50-75%
9.0,8.736990131599473,-0.26300986840052687,0.26300986840052687,50-75%
9.0,8.710906424218779,-0.2890935757812212,0.2890935757812212,50-75%
5.5,8.403800442252413,2.903800442252413,2.903800442252413,25-50%
9.0,8.718677567679977,-0.28132243232002274,0.28132243232002274,50-75%
9.0,8.736990131599473,-0.26300986840052687,0.26300986840052687,50-75%
9.0,8.413571682078109,-0.5864283179218912,0.5864283179218912,50-75%
5.5,8.12718491338987,2.62718491338987,2.62718491338987,25-50%
9.0,8.413571682078109,-0.5864283179218912,0.5864283179218912,50-75%
9.0,8.47262112612023,-0.5273788738797691,0.5273788738797691,50-75%
9.0,8.47262112612023,-0.5273788738797691,0.5273788738797691,50-75%
9.0,8.710906424218779,-0.2890935757812212,0.2890935757812212,50-75%
9.0,8.710906424218779,-0.2890935757812212,0.2890935757812212,50-75%
9.0,8.736990131599473,-0.26300986840052687,0.26300986840052687,50-75%
9.0,8.718677567679977,-0.28132243232002274,0.28132243232002274,50-75%
9.0,8.413571682078109,-0.5864283179218912,0.5864283179218912,50-75%
9.0,8.490470054500582,-0.509529945499418,0.509529945499418,50-75%
9.0,8.736990131599473,-0.26300986840052687,0.26300986840052687,50-75%
9.0,8.687896760913816,-0.3121032390861842,0.3121032390861842,50-75%
9.0,8.718677567679977,-0.28132243232002274,0.28132243232002274,50-75%
9.0,8.736990131599473,-0.26300986840052687,0.26300986840052687,50-75%
8.0,8.104609437738173,0.10460943773817277,0.10460943773817277,25-50%
8.0,7.861118652690134,-0.1388813473098658,0.1388813473098658,25-50%
8.0,7.917724194295213,-0.08227580570478743,0.08227580570478743,25-50%
8.0,7.403371250099744,-0.5966287499002556,0.5966287499002556,25-50%
8.0,7.402655679174047,-0.597344320825953,0.597344320825953,25-50%
8.0,7.703468843346041,-0.296531156653959,0.296531156653959,25-50%
8.0,7.9512945676006135,-0.04870543239938652,0.04870543239938652,25-50%
8.0,7.886067734242896,-0.11393226575710358,0.11393226575710358,25-50%
8.0,7.71224975296256,-0.28775024703744023,0.28775024703744023,25-50%
8.0,8.45064769042802,0.45064769042802055,0.45064769042802055,25-50%
8.0,8.046133540954568,0.046133540954567565,0.046133540954567565,25-50%
8.0,8.443090866107827,0.443090866107827,0.443090866107827,25-50%
8.0,8.468455215032721,0.46845521503272103,0.46845521503272103,25-50%
5.0,6.700825135716494,1.700825135716494,1.700825135716494,0-25%
5.0,6.596607809341801,1.5966078093418012,1.5966078093418012,0-25%
5.0,6.655801528627907,1.655801528627907,1.655801528627907,0-25%
5.0,6.65099219817689,1.6509921981768896,1.6509921981768896,0-25%
5.0,6.65099219817689,1.6509921981768896,1.6509921981768896,0-25%
5.0,6.700825135716494,1.700825135716494,1.700825135716494,0-25%
5.0,6.655801528627907,1.655801528627907,1.655801528627907,0-25%
5.0,6.699145242469781,1.6991452424697808,1.6991452424697808,0-25%
5.0,6.834265386013477,1.8342653860134774,1.8342653860134774,0-25%
5.0,6.834265386013477,1.8342653860134774,1.8342653860134774,0-25%
5.0,6.703984841400524,1.7039848414005236,1.7039848414005236,0-25%
5.0,6.655801528627907,1.655801528627907,1.655801528627907,0-25%
5.0,6.655801528627907,1.655801528627907,1.655801528627907,0-25%
5.0,6.83159544957463,1.83159544957463,1.83159544957463,0-25%
5.0,6.83159544957463,1.83159544957463,1.83159544957463,0-25%
5.0,6.83159544957463,1.83159544957463,1.83159544957463,0-25%
5.0,6.700825135716494,1.700825135716494,1.700825135716494,0-25%
5.0,6.655801528627907,1.655801528627907,1.655801528627907,0-25%
5.0,6.596607809341801,1.5966078093418012,1.5966078093418012,0-25%
5.0,6.866037367122191,1.8660373671221908,1.8660373671221908,0-25%
5.0,6.861095967727617,1.8610959677276169,1.8610959677276169,0-25%
5.0,6.700825135716494,1.700825135716494,1.700825135716494,0-25%
6.0,6.3603064881796545,0.3603064881796545,0.3603064881796545,25-50%
6.0,6.3603064881796545,0.3603064881796545,0.3603064881796545,25-50%
6.0,6.3603064881796545,0.3603064881796545,0.3603064881796545,25-50%
6.0,6.406630044021079,0.40663004402107905,0.40663004402107905,25-50%
6.0,6.669300960768198,0.6693009607681981,0.6693009607681981,25-50%
6.0,6.899537944661542,0.8995379446615424,0.8995379446615424,25-50%
6.0,6.697422193978287,0.6974221939782872,0.6974221939782872,25-50%
6.0,6.697422193978287,0.6974221939782872,0.6974221939782872,25-50%
6.0,6.710703827753169,0.7107038277531688,0.7107038277531688,25-50%
6.0,6.687410172499409,0.6874101724994093,0.6874101724994093,25-50%
6.0,6.6537503848632396,0.6537503848632396,0.6537503848632396,25-50%
6.0,6.406630044021079,0.40663004402107905,0.40663004402107905,25-50%
6.0,7.342466198787391,1.342466198787391,1.342466198787391,25-50%
6.0,7.212333841119044,1.2123338411190439,1.2123338411190439,25-50%
6.0,7.2354819996862325,1.2354819996862325,1.2354819996862325,25-50%
6.0,6.7030291369794135,0.7030291369794135,0.7030291369794135,25-50%
6.0,6.6741217999081766,0.6741217999081766,0.6741217999081766,25-50%
6.0,6.335763035973418,0.33576303597341806,0.33576303597341806,25-50%
6.0,7.041774375960333,1.0417743759603333,1.0417743759603333,25-50%
6.0,6.7030291369794135,0.7030291369794135,0.7030291369794135,25-50%
6.0,6.535484410351892,0.5354844103518923,0.5354844103518923,25-50%
6.0,6.3603064881796545,0.3603064881796545,0.3603064881796545,25-50%
6.0,6.335763035973418,0.33576303597341806,0.33576303597341806,25-50%
6.0,6.3603064881796545,0.3603064881796545,0.3603064881796545,25-50%
6.0,6.3603064881796545,0.3603064881796545,0.3603064881796545,25-50%
6.0,6.290958806773459,0.2909588067734594,0.2909588067734594,25-50%
6.0,6.335763035973418,0.33576303597341806,0.33576303597341806,25-50%
6.0,6.335763035973418,0.33576303597341806,0.33576303597341806,25-50%
4.0,7.48236771515257,3.48236771515257,3.48236771515257,0-25%
4.0,7.48236771515257,3.48236771515257,3.48236771515257,0-25%
4.0,7.508466687797374,3.508466687797374,3.508466687797374,0-25%
4.0,7.489029358506889,3.4890293585068886,3.4890293585068886,0-25%
4.0,7.48236771515257,3.48236771515257,3.48236771515257,0-25%
4.0,7.48236771515257,3.48236771515257,3.48236771515257,0-25%
3.5,8.129890928945425,4.629890928945425,4.629890928945425,0-25%
3.5,8.16870727798794,4.66870727798794,4.66870727798794,0-25%
3.5,8.191505926569441,4.691505926569441,4.691505926569441,0-25%
4.0,7.48236771515257,3.48236771515257,3.48236771515257,0-25%
4.0,7.190542899074928,3.190542899074928,3.190542899074928,0-25%
3.5,7.660075446952694,4.160075446952694,4.160075446952694,0-25%
3.5,8.157982233355506,4.657982233355506,4.657982233355506,0-25%
3.5,8.165174471835666,4.665174471835666,4.665174471835666,0-25%
3.5,8.129890928945425,4.629890928945425,4.629890928945425,0-25%
3.5,8.131321256676282,4.631321256676282,4.631321256676282,0-25%
4.0,7.300263155945311,3.300263155945311,3.300263155945311,0-25%
3.5,7.868978306269177,4.368978306269177,4.368978306269177,0-25%
3.5,8.157982233355506,4.657982233355506,4.657982233355506,0-25%
3.5,8.129890928945425,4.629890928945425,4.629890928945425,0-25%
3.5,8.131321256676282,4.631321256676282,4.631321256676282,0-25%
3.0,7.956828010130456,4.956828010130456,4.956828010130456,0-25%
3.5,8.129890928945425,4.629890928945425,4.629890928945425,0-25%
3.5,8.129890928945425,4.629890928945425,4.629890928945425,0-25%
3.5,8.137061105867113,4.637061105867113,4.637061105867113,0-25%
3.5,8.107245110453945,4.607245110453945,4.607245110453945,0-25%
3.5,8.131321256676282,4.631321256676282,4.631321256676282,0-25%
3.0,7.770046745534784,4.770046745534784,4.770046745534784,0-25%
3.0,7.955425014975288,4.955425014975288,4.955425014975288,0-25%
3.5,8.157982233355506,4.657982233355506,4.657982233355506,0-25%
3.5,8.131321256676282,4.631321256676282,4.631321256676282,0-25%
3.5,8.131321256676282,4.631321256676282,4.631321256676282,0-25%
3.5,8.137061105867113,4.637061105867113,4.637061105867113,0-25%
3.0,7.982979513947421,4.982979513947421,4.982979513947421,0-25%
3.0,7.96245817476504,4.96245817476504,4.96245817476504,0-25%
3.0,7.96245817476504,4.96245817476504,4.96245817476504,0-25%
3.0,7.956828010130456,4.956828010130456,4.956828010130456,0-25%
2.0,8.346155156611218,6.346155156611218,6.346155156611218,0-25%
2.0,8.284268036504983,6.284268036504983,6.284268036504983,0-25%
2.0,8.290104026377513,6.290104026377513,6.290104026377513,0-25%
2.0,8.346155156611218,6.346155156611218,6.346155156611218,0-25%
2.0,8.03011917598022,6.03011917598022,6.03011917598022,0-25%
2.0,8.03011917598022,6.03011917598022,6.03011917598022,0-25%
2.0,8.037210996969058,6.037210996969058,6.037210996969058,0-25%
2.0,8.290104026377513,6.290104026377513,6.290104026377513,0-25%
2.0,8.290104026377513,6.290104026377513,6.290104026377513,0-25%
2.0,8.284268036504983,6.284268036504983,6.284268036504983,0-25%
2.0,6.864667419976181,4.864667419976181,4.864667419976181,0-25%
2.0,7.199986752398625,5.199986752398625,5.199986752398625,0-25%
2.0,7.91489135947127,5.91489135947127,5.91489135947127,0-25%
2.0,8.03011917598022,6.03011917598022,6.03011917598022,0-25%
2.0,8.037210996969058,6.037210996969058,6.037210996969058,0-25%
2.0,6.7743102805181525,4.7743102805181525,4.7743102805181525,0-25%
2.0,7.056910617262122,5.056910617262122,5.056910617262122,0-25%
2.0,7.199986752398625,5.199986752398625,5.199986752398625,0-25%
2.0,7.224883793087094,5.224883793087094,5.224883793087094,0-25%
2.0,7.440849413814357,5.440849413814357,5.440849413814357,0-25%
2.0,6.7743102805181525,4.7743102805181525,4.7743102805181525,0-25%
2.0,7.000663598510033,5.000663598510033,5.000663598510033,0-25%
2.0,7.0908014111086946,5.0908014111086946,5.0908014111086946,0-25%
2.0,6.562827589941278,4.562827589941278,4.562827589941278,0-25%
2.0,6.802236861855642,4.802236861855642,4.802236861855642,0-25%
3.0,7.807201516170744,4.807201516170744,4.807201516170744,0-25%
3.0,7.199986752398625,4.199986752398625,4.199986752398625,0-25%
3.0,8.03011917598022,5.03011917598022,5.03011917598022,0-25%
3.0,8.282813751231249,5.282813751231249,5.282813751231249,0-25%
3.0,8.302316172383936,5.302316172383936,5.302316172383936,0-25%
3.0,8.302316172383936,5.302316172383936,5.302316172383936,0-25%
3.0,8.023580224923847,5.0235802249238475,5.0235802249238475,0-25%
3.0,8.282813751231249,5.282813751231249,5.282813751231249,0-25%
3.0,8.282813751231249,5.282813751231249,5.282813751231249,0-25%
3.0,8.302316172383936,5.302316172383936,5.302316172383936,0-25%
3.0,8.26167683869615,5.26167683869615,5.26167683869615,0-25%
3.0,8.309621763793139,5.309621763793139,5.309621763793139,0-25%
3.0,8.295580116195008,5.2955801161950085,5.2955801161950085,0-25%
3.0,8.295580116195008,5.2955801161950085,5.2955801161950085,0-25%
3.0,8.302316172383936,5.302316172383936,5.302316172383936,0-25%
3.0,8.282813751231249,5.282813751231249,5.282813751231249,0-25%
3.0,8.295580116195008,5.2955801161950085,5.2955801161950085,0-25%
3.0,8.023580224923847,5.0235802249238475,5.0235802249238475,0-25%
3.0,8.282813751231249,5.282813751231249,5.282813751231249,0-25%
3.0,8.27609181726761,5.276091817267609,5.276091817267609,0-25%
3.0,8.282813751231249,5.282813751231249,5.282813751231249,0-25%
3.0,8.282813751231249,5.282813751231249,5.282813751231249,0-25%
3.0,8.03011917598022,5.03011917598022,5.03011917598022,0-25%
3.0,8.003879477164114,5.003879477164114,5.003879477164114,0-25%
3.0,7.418810664361646,4.418810664361646,4.418810664361646,0-25%
3.0,7.586089416523523,4.586089416523523,4.586089416523523,0-25%
3.0,7.736388818626713,4.736388818626713,4.736388818626713,0-25%
3.0,7.570705604266829,4.570705604266829,4.570705604266829,0-25%
3.0,8.023580224923847,5.0235802249238475,5.0235802249238475,0-25%
3.0,7.957153131832685,4.957153131832685,4.957153131832685,0-25%
3.0,8.03011917598022,5.03011917598022,5.03011917598022,0-25%
3.0,7.23307841868691,4.23307841868691,4.23307841868691,0-25%
3.0,7.23307841868691,4.23307841868691,4.23307841868691,0-25%
3.0,7.79843544893114,4.79843544893114,4.79843544893114,0-25%
3.0,8.03011917598022,5.03011917598022,5.03011917598022,0-25%
3.0,6.487085910808336,3.487085910808336,3.487085910808336,0-25%
3.0,6.609000217006377,3.6090002170063773,3.6090002170063773,0-25%
3.0,6.531117304912036,3.531117304912036,3.531117304912036,0-25%
11.0,6.040238952879344,-4.959761047120656,4.959761047120656,50-75%
11.0,6.040238952879344,-4.959761047120656,4.959761047120656,50-75%
11.0,6.040238952879344,-4.959761047120656,4.959761047120656,50-75%
3.0,6.564513473044545,3.5645134730445447,3.5645134730445447,0-25%
3.0,6.564513473044545,3.5645134730445447,3.5645134730445447,0-25%
3.0,6.629259847604847,3.629259847604847,3.629259847604847,0-25%
3.0,6.629259847604847,3.629259847604847,3.629259847604847,0-25%
11.0,6.040238952879344,-4.959761047120656,4.959761047120656,50-75%
11.0,6.040238952879344,-4.959761047120656,4.959761047120656,50-75%
11.0,6.040238952879344,-4.959761047120656,4.959761047120656,50-75%
11.0,6.071389046122607,-4.928610953877393,4.928610953877393,50-75%
3.0,6.629259847604847,3.629259847604847,3.629259847604847,0-25%
3.0,6.674127363627934,3.6741273636279344,3.6741273636279344,0-25%
3.0,6.629259847604847,3.629259847604847,3.629259847604847,0-25%
3.0,6.609000217006377,3.6090002170063773,3.6090002170063773,0-25%
3.0,6.677276115018011,3.677276115018011,3.677276115018011,0-25%
3.0,6.740849320910574,3.7408493209105744,3.7408493209105744,0-25%
11.0,6.040238952879344,-4.959761047120656,4.959761047120656,50-75%
11.0,6.040238952879344,-4.959761047120656,4.959761047120656,50-75%
11.0,6.040238952879344,-4.959761047120656,4.959761047120656,50-75%
11.0,6.1129757357451915,-4.8870242642548085,4.8870242642548085,50-75%
11.0,6.144517686823082,-4.855482313176918,4.855482313176918,50-75%
3.0,6.61212224624503,3.61212224624503,3.61212224624503,0-25%
3.0,6.677276115018011,3.677276115018011,3.677276115018011,0-25%
3.0,6.677276115018011,3.677276115018011,3.677276115018011,0-25%
3.0,6.73821122089083,3.73821122089083,3.73821122089083,0-25%
3.0,6.73821122089083,3.73821122089083,3.73821122089083,0-25%
3.0,6.73821122089083,3.73821122089083,3.73821122089083,0-25%
11.0,6.186534444437047,-4.813465555562953,4.813465555562953,50-75%
11.0,6.071389046122607,-4.928610953877393,4.928610953877393,50-75%
11.0,6.071389046122607,-4.928610953877393,4.928610953877393,50-75%
11.0,6.186534444437047,-4.813465555562953,4.813465555562953,50-75%
11.0,6.186534444437047,-4.813465555562953,4.813465555562953,50-75%
11.0,6.248045611359827,-4.751954388640173,4.751954388640173,50-75%
11.0,6.20566922285407,-4.79433077714593,4.79433077714593,50-75%
3.0,6.809972150721798,3.809972150721798,3.809972150721798,0-25%
3.0,6.809972150721798,3.809972150721798,3.809972150721798,0-25%
3.0,6.876819461388646,3.8768194613886457,3.8768194613886457,0-25%
3.0,6.186534444437047,3.186534444437047,3.186534444437047,0-25%
11.0,6.144517686823082,-4.855482313176918,4.855482313176918,50-75%
11.0,6.1129757357451915,-4.8870242642548085,4.8870242642548085,50-75%
11.0,6.186534444437047,-4.813465555562953,4.813465555562953,50-75%
11.0,6.144517686823082,-4.855482313176918,4.855482313176918,50-75%
11.0,6.308571414279747,-4.691428585720253,4.691428585720253,50-75%
11.0,6.3736400773421815,-4.6263599226578185,4.6263599226578185,50-75%
8.0,6.43948386876937,-1.5605161312306297,1.5605161312306297,25-50%
8.0,6.419735314138321,-1.5802646858616791,1.5802646858616791,25-50%
5.5,6.43948386876937,0.9394838687693703,0.9394838687693703,25-50%
5.5,6.43948386876937,0.9394838687693703,0.9394838687693703,25-50%
5.5,6.43948386876937,0.9394838687693703,0.9394838687693703,25-50%
3.0,6.43948386876937,3.4394838687693703,3.4394838687693703,0-25%
11.0,6.231764331287255,-4.768235668712745,4.768235668712745,50-75%
11.0,6.371127123113622,-4.628872876886378,4.628872876886378,50-75%
11.0,6.371127123113622,-4.628872876886378,4.628872876886378,50-75%
8.0,6.291655388234363,-1.7083446117656367,1.7083446117656367,25-50%
8.0,6.79294193525159,-1.2070580647484102,1.2070580647484102,25-50%
5.5,6.79294193525159,1.2929419352515898,1.2929419352515898,25-50%
5.5,6.79294193525159,1.2929419352515898,1.2929419352515898,25-50%
5.5,6.634826780843049,1.1348267808430492,1.1348267808430492,25-50%
5.5,6.43948386876937,0.9394838687693703,0.9394838687693703,25-50%
3.0,6.330761913529355,3.330761913529355,3.330761913529355,0-25%
3.0,6.308571414279747,3.308571414279747,3.308571414279747,0-25%
3.0,6.186534444437047,3.186534444437047,3.186534444437047,0-25%
11.0,6.4468959838209745,-4.5531040161790255,4.5531040161790255,50-75%
11.0,6.356767087680769,-4.643232912319231,4.643232912319231,50-75%
8.0,6.1129757357451915,-1.8870242642548085,1.8870242642548085,25-50%
8.0,6.79294193525159,-1.2070580647484102,1.2070580647484102,25-50%
5.5,6.985672318136845,1.485672318136845,1.485672318136845,25-50%
5.5,6.985672318136845,1.485672318136845,1.485672318136845,25-50%
5.5,6.79294193525159,1.2929419352515898,1.2929419352515898,25-50%
5.5,6.570033162021601,1.070033162021601,1.070033162021601,25-50%
3.0,6.144517686823082,3.1445176868230824,3.1445176868230824,0-25%
3.0,6.186534444437047,3.186534444437047,3.186534444437047,0-25%
8.0,7.090678650824338,-0.909321349175662,0.909321349175662,25-50%
8.0,7.156586289884516,-0.8434137101154837,0.8434137101154837,25-50%
5.5,6.726806458475965,1.2268064584759646,1.2268064584759646,25-50%
5.5,6.330761913529355,0.8307619135293551,0.8307619135293551,25-50%
3.0,6.248045611359827,3.248045611359827,3.248045611359827,0-25%
8.0,6.9303116289919995,-1.0696883710080005,1.0696883710080005,25-50%
8.0,7.090678650824338,-0.909321349175662,0.909321349175662,25-50%
5.5,6.570033162021601,1.070033162021601,1.070033162021601,25-50%
5.5,6.376348044492278,0.8763480444922784,0.8763480444922784,25-50%
3.0,6.311063042104569,3.3110630421045686,3.3110630421045686,0-25%
8.0,7.0098013588827754,-0.9901986411172246,0.9901986411172246,25-50%
8.0,7.087364713793607,-0.9126352862063927,0.9126352862063927,25-50%
8.0,7.087364713793607,-0.9126352862063927,0.9126352862063927,25-50%
8.0,6.308571414279747,-1.691428585720253,1.691428585720253,25-50%
19.0,7.897194235491678,-11.102805764508322,11.102805764508322,75-100%
19.0,7.898588107964075,-11.101411892035925,11.101411892035925,75-100%
19.0,7.933243941406195,-11.066756058593805,11.066756058593805,75-100%
19.0,7.933243941406195,-11.066756058593805,11.066756058593805,75-100%
19.0,7.683806204633415,-11.316193795366585,11.316193795366585,75-100%
19.0,7.897194235491678,-11.102805764508322,11.102805764508322,75-100%
19.0,7.898588107964075,-11.101411892035925,11.101411892035925,75-100%
19.0,7.898588107964075,-11.101411892035925,11.101411892035925,75-100%
19.0,7.924569567093113,-11.075430432906888,11.075430432906888,75-100%
19.0,7.898588107964075,-11.101411892035925,11.101411892035925,75-100%
19.0,7.898588107964075,-11.101411892035925,11.101411892035925,75-100%
19.0,7.95723883032273,-11.04276116967727,11.04276116967727,75-100%
19.0,7.95723883032273,-11.04276116967727,11.04276116967727,75-100%
19.0,7.898588107964075,-11.101411892035925,11.101411892035925,75-100%
19.0,7.898588107964075,-11.101411892035925,11.101411892035925,75-100%
19.0,7.924569567093113,-11.075430432906888,11.075430432906888,75-100%
19.0,7.897194235491678,-11.102805764508322,11.102805764508322,75-100%
19.0,7.904181663629822,-11.09581833637018,11.09581833637018,75-100%
19.0,7.904181663629822,-11.09581833637018,11.09581833637018,75-100%
19.0,7.898588107964075,-11.101411892035925,11.101411892035925,75-100%
19.0,7.713021349504309,-11.28697865049569,11.28697865049569,75-100%
19.0,7.64971932571975,-11.35028067428025,11.35028067428025,75-100%
19.0,7.7061839316656275,-11.293816068334372,11.293816068334372,75-100%
19.0,7.904181663629822,-11.09581833637018,11.09581833637018,75-100%
19.0,7.898588107964075,-11.101411892035925,11.101411892035925,75-100%
19.0,7.47481640574978,-11.525183594250219,11.525183594250219,75-100%
19.0,7.298299384340242,-11.701700615659757,11.701700615659757,75-100%
19.0,7.904181663629822,-11.09581833637018,11.09581833637018,75-100%
19.0,7.924569567093113,-11.075430432906888,11.075430432906888,75-100%
19.0,7.340022394935559,-11.65997760506444,11.65997760506444,75-100%
7.0,8.533327733528571,1.533327733528571,1.533327733528571,25-50%
7.0,8.470947904073338,1.4709479040733378,1.4709479040733378,25-50%
7.0,8.562660352448974,1.5626603524489742,1.5626603524489742,25-50%
7.0,8.614925632777567,1.6149256327775667,1.6149256327775667,25-50%
7.0,8.614925632777567,1.6149256327775667,1.6149256327775667,25-50%
7.0,8.533327733528571,1.533327733528571,1.533327733528571,25-50%
7.0,8.533327733528571,1.533327733528571,1.533327733528571,25-50%
7.0,8.408506640703012,1.4085066407030116,1.4085066407030116,25-50%
7.0,8.3091982674858,1.3091982674857991,1.3091982674857991,25-50%
7.0,8.408506640703012,1.4085066407030116,1.4085066407030116,25-50%
7.0,8.34015176272709,1.3401517627270891,1.3401517627270891,25-50%
7.0,8.225000633970959,1.225000633970959,1.225000633970959,25-50%
7.0,8.614925632777567,1.6149256327775667,1.6149256327775667,25-50%
7.0,8.533327733528571,1.533327733528571,1.533327733528571,25-50%
7.0,8.441896605015744,1.441896605015744,1.441896605015744,25-50%
7.0,8.141671072062262,1.1416710720622625,1.1416710720622625,25-50%
7.0,8.260885755727806,1.2608857557278057,1.2608857557278057,25-50%
7.0,8.3091982674858,1.3091982674857991,1.3091982674857991,25-50%
7.0,8.230194950005142,1.2301949500051421,1.2301949500051421,25-50%
7.0,8.260885755727806,1.2608857557278057,1.2608857557278057,25-50%
7.0,8.328660534110734,1.3286605341107336,1.3286605341107336,25-50%
7.0,7.810085684859209,0.8100856848592093,0.8100856848592093,25-50%
7.0,7.895398637347322,0.8953986373473217,0.8953986373473217,25-50%
7.0,8.230194950005142,1.2301949500051421,1.2301949500051421,25-50%
7.0,8.230194950005142,1.2301949500051421,1.2301949500051421,25-50%
7.0,8.3091982674858,1.3091982674857991,1.3091982674857991,25-50%
7.0,7.038793661507029,0.03879366150702879,0.03879366150702879,25-50%
7.0,7.774998445619634,0.7749984456196337,0.7749984456196337,25-50%
7.0,7.810085684859209,0.8100856848592093,0.8100856848592093,25-50%
7.0,7.038793661507029,0.03879366150702879,0.03879366150702879,25-50%
7.0,7.490570906336436,0.4905709063364361,0.4905709063364361,25-50%
7.0,7.13738964938085,0.1373896493808502,0.1373896493808502,25-50%
7.0,7.74619138749464,0.7461913874946404,0.7461913874946404,25-50%
7.0,7.5194120231965345,0.5194120231965345,0.5194120231965345,25-50%
7.0,7.747554246212258,0.7475542462122577,0.7475542462122577,25-50%
7.0,8.22444420328152,1.2244442032815197,1.2244442032815197,25-50%
7.0,7.850946880966707,0.8509468809667071,0.8509468809667071,25-50%
7.0,6.905186321038212,-0.09481367896178838,0.09481367896178838,25-50%
7.0,6.929188279995919,-0.0708117200040812,0.0708117200040812,25-50%
7.0,7.482119990874707,0.4821199908747067,0.4821199908747067,25-50%
7.0,7.930113538673707,0.9301135386737069,0.9301135386737069,25-50%
7.0,8.284969241595745,1.2849692415957445,1.2849692415957445,25-50%
7.0,8.284969241595745,1.2849692415957445,1.2849692415957445,25-50%
7.0,7.8010544890207925,0.8010544890207925,0.8010544890207925,25-50%
7.0,6.929188279995919,-0.0708117200040812,0.0708117200040812,25-50%
7.0,6.907881345972827,-0.09211865402717301,0.09211865402717301,25-50%
7.0,7.482119990874707,0.4821199908747067,0.4821199908747067,25-50%
7.0,8.284969241595745,1.2849692415957445,1.2849692415957445,25-50%
7.0,8.347630817972984,1.3476308179729841,1.3476308179729841,25-50%
7.0,8.284969241595745,1.2849692415957445,1.2849692415957445,25-50%
7.0,7.490570906336436,0.4905709063364361,0.4905709063364361,25-50%
7.0,7.482119990874707,0.4821199908747067,0.4821199908747067,25-50%
7.0,7.357562820212717,0.357562820212717,0.357562820212717,25-50%
7.0,7.66365922247931,0.6636592224793096,0.6636592224793096,25-50%
7.0,8.284969241595745,1.2849692415957445,1.2849692415957445,25-50%
7.0,8.284969241595745,1.2849692415957445,1.2849692415957445,25-50%
7.0,8.284969241595745,1.2849692415957445,1.2849692415957445,25-50%
7.0,7.74619138749464,0.7461913874946404,0.7461913874946404,25-50%
7.0,7.490570906336436,0.4905709063364361,0.4905709063364361,25-50%
7.0,7.13738964938085,0.1373896493808502,0.1373896493808502,25-50%
7.0,6.793112634409286,-0.2068873655907142,0.2068873655907142,25-50%
7.0,8.284969241595745,1.2849692415957445,1.2849692415957445,25-50%
7.0,7.8766759741876005,0.8766759741876005,0.8766759741876005,25-50%
4.0,7.784250504063461,3.7842505040634613,3.7842505040634613,0-25%
4.0,8.00149733806717,4.0014973380671695,4.0014973380671695,0-25%
4.0,8.146468151308696,4.146468151308696,4.146468151308696,0-25%
4.0,8.22097637832009,4.22097637832009,4.22097637832009,0-25%
4.0,7.709702201249241,3.7097022012492413,3.7097022012492413,0-25%
4.0,7.9651741065179955,3.9651741065179955,3.9651741065179955,0-25%
4.0,8.146468151308696,4.146468151308696,4.146468151308696,0-25%
4.0,7.5329864089534695,3.5329864089534695,3.5329864089534695,0-25%
4.0,7.036412267868978,3.036412267868978,3.036412267868978,0-25%
4.0,8.055036813242607,4.055036813242607,4.055036813242607,0-25%
4.0,8.142721763543816,4.1427217635438165,4.1427217635438165,0-25%
4.0,8.142721763543816,4.1427217635438165,4.1427217635438165,0-25%
4.0,7.2382651716495845,3.2382651716495845,3.2382651716495845,0-25%
4.0,7.981869427187495,3.981869427187495,3.981869427187495,0-25%
4.0,8.055036813242607,4.055036813242607,4.055036813242607,0-25%
4.0,8.395841431410737,4.395841431410737,4.395841431410737,0-25%
4.0,7.784250504063461,3.7842505040634613,3.7842505040634613,0-25%
4.0,7.308778338746375,3.308778338746375,3.308778338746375,0-25%
4.0,8.395841431410737,4.395841431410737,4.395841431410737,0-25%
7.0,8.766610094459072,1.7666100944590717,1.7666100944590717,25-50%
7.0,8.683724911886769,1.6837249118867685,1.6837249118867685,25-50%
7.0,8.590851371644607,1.5908513716446073,1.5908513716446073,25-50%
7.0,8.590851371644607,1.5908513716446073,1.5908513716446073,25-50%
7.0,7.990766782372616,0.9907667823726163,0.9907667823726163,25-50%
7.0,8.409002785151301,1.4090027851513014,1.4090027851513014,25-50%
7.0,8.409002785151301,1.4090027851513014,1.4090027851513014,25-50%
7.0,8.590851371644607,1.5908513716446073,1.5908513716446073,25-50%
7.0,7.934452040223791,0.9344520402237908,0.9344520402237908,25-50%
7.0,8.067720780240444,1.0677207802404443,1.0677207802404443,25-50%
7.0,7.918118717249867,0.9181187172498673,0.9181187172498673,25-50%
7.0,8.409002785151301,1.4090027851513014,1.4090027851513014,25-50%
7.0,8.590851371644607,1.5908513716446073,1.5908513716446073,25-50%
7.0,8.067720780240444,1.0677207802404443,1.0677207802404443,25-50%
7.0,7.246455265041783,0.24645526504178328,0.24645526504178328,25-50%
7.0,7.904539184194399,0.904539184194399,0.904539184194399,25-50%
7.0,8.239679519813398,1.2396795198133983,1.2396795198133983,25-50%
7.0,7.101342550419543,0.10134255041954265,0.10134255041954265,25-50%
7.0,8.409002785151301,1.4090027851513014,1.4090027851513014,25-50%
7.0,7.125940084683854,0.12594008468385365,0.12594008468385365,25-50%
7.0,7.391165425810694,0.39116542581069425,0.39116542581069425,25-50%
7.0,7.175755701940999,0.1757557019409992,0.1757557019409992,25-50%
7.0,7.832587863667462,0.8325878636674622,0.8325878636674622,25-50%
7.0,7.125940084683854,0.12594008468385365,0.12594008468385365,25-50%
7.0,7.109414089267586,0.10941408926758633,0.10941408926758633,25-50%
7.0,7.101342550419543,0.10134255041954265,0.10134255041954265,25-50%
6.0,8.49287154705695,2.49287154705695,2.49287154705695,25-50%
6.0,8.49287154705695,2.49287154705695,2.49287154705695,25-50%
6.0,7.924683130286731,1.9246831302867307,1.9246831302867307,25-50%
6.0,8.49287154705695,2.49287154705695,2.49287154705695,25-50%
6.0,8.49287154705695,2.49287154705695,2.49287154705695,25-50%
6.0,8.49287154705695,2.49287154705695,2.49287154705695,25-50%
6.0,8.103331583559786,2.103331583559786,2.103331583559786,25-50%
6.0,8.22158571994823,2.22158571994823,2.22158571994823,25-50%
6.0,8.49287154705695,2.49287154705695,2.49287154705695,25-50%
6.0,8.49287154705695,2.49287154705695,2.49287154705695,25-50%
6.0,7.869717142198622,1.8697171421986223,1.8697171421986223,25-50%
6.0,8.28907288532246,2.28907288532246,2.28907288532246,25-50%
6.0,8.49287154705695,2.49287154705695,2.49287154705695,25-50%
6.0,8.49287154705695,2.49287154705695,2.49287154705695,25-50%
10.0,7.605614305330515,-2.3943856946694853,2.3943856946694853,50-75%
10.0,7.579217340919916,-2.420782659080084,2.420782659080084,50-75%
10.0,7.662294667017771,-2.337705332982229,2.337705332982229,50-75%
10.0,7.662294667017771,-2.337705332982229,2.337705332982229,50-75%
10.0,7.4763273280585345,-2.5236726719414655,2.5236726719414655,50-75%
10.0,7.414744938597615,-2.5852550614023846,2.5852550614023846,50-75%
10.0,7.3950335558405875,-2.6049664441594125,2.6049664441594125,50-75%
10.0,7.662294667017771,-2.337705332982229,2.337705332982229,50-75%
10.0,7.736437198068973,-2.2635628019310268,2.2635628019310268,50-75%
10.0,7.662294667017771,-2.337705332982229,2.337705332982229,50-75%
10.0,7.153217915755043,-2.846782084244957,2.846782084244957,50-75%
10.0,6.918200523043125,-3.081799476956875,3.081799476956875,50-75%
10.0,7.662294667017771,-2.337705332982229,2.337705332982229,50-75%
10.0,7.736437198068973,-2.2635628019310268,2.2635628019310268,50-75%
10.0,7.662294667017771,-2.337705332982229,2.337705332982229,50-75%
10.0,7.605614305330515,-2.3943856946694853,2.3943856946694853,50-75%
10.0,6.885519321461082,-3.114480678538918,3.114480678538918,50-75%
10.0,7.042429112763039,-2.957570887236961,2.957570887236961,50-75%
10.0,7.416549973215978,-2.583450026784022,2.583450026784022,50-75%
10.0,7.662294667017771,-2.337705332982229,2.337705332982229,50-75%
10.0,7.662294667017771,-2.337705332982229,2.337705332982229,50-75%
10.0,7.548878122770427,-2.451121877229573,2.451121877229573,50-75%
10.0,7.416549973215978,-2.583450026784022,2.583450026784022,50-75%
10.0,7.111266074923946,-2.888733925076054,2.888733925076054,50-75%
10.0,6.977443897589332,-3.022556102410668,3.022556102410668,50-75%
10.0,7.662294667017771,-2.337705332982229,2.337705332982229,50-75%
10.0,7.579217340919916,-2.420782659080084,2.420782659080084,50-75%
10.0,7.111266074923946,-2.888733925076054,2.888733925076054,50-75%
16.0,7.613457730904866,-8.386542269095134,8.386542269095134,75-100%
16.0,7.0535768119578925,-8.946423188042107,8.946423188042107,75-100%
16.0,6.861021062674343,-9.138978937325657,9.138978937325657,75-100%
16.0,7.744534996605097,-8.255465003394903,8.255465003394903,75-100%
16.0,7.967380419839869,-8.03261958016013,8.03261958016013,75-100%
16.0,7.926787713038175,-8.073212286961825,8.073212286961825,75-100%
16.0,7.924780896944628,-8.075219103055371,8.075219103055371,75-100%
16.0,7.924780896944628,-8.075219103055371,8.075219103055371,75-100%
16.0,7.241628723846774,-8.758371276153227,8.758371276153227,75-100%
16.0,8.07447938699236,-7.92552061300764,7.92552061300764,75-100%
16.0,8.017491415133383,-7.982508584866617,7.982508584866617,75-100%
16.0,7.894229512557363,-8.105770487442637,8.105770487442637,75-100%
16.0,7.9008729572007805,-8.09912704279922,8.09912704279922,75-100%
16.0,7.967380419839869,-8.03261958016013,8.03261958016013,75-100%
16.0,7.967380419839869,-8.03261958016013,8.03261958016013,75-100%
16.0,7.936386707943743,-8.063613292056257,8.063613292056257,75-100%
16.0,7.07490361256831,-8.92509638743169,8.92509638743169,75-100%
16.0,7.967380419839869,-8.03261958016013,8.03261958016013,75-100%
16.0,7.926787713038175,-8.073212286961825,8.073212286961825,75-100%
16.0,7.924780896944628,-8.075219103055371,8.075219103055371,75-100%
16.0,7.744534996605097,-8.255465003394903,8.255465003394903,75-100%
16.0,7.979041627382282,-8.020958372617718,8.020958372617718,75-100%
16.0,7.979041627382282,-8.020958372617718,8.020958372617718,75-100%
16.0,7.979041627382282,-8.020958372617718,8.020958372617718,75-100%
16.0,7.357174883577287,-8.642825116422713,8.642825116422713,75-100%
16.0,7.943358363364388,-8.05664163663561,8.05664163663561,75-100%
16.0,7.936386707943743,-8.063613292056257,8.063613292056257,75-100%
10.0,8.15819109504135,-1.8418089049586506,1.8418089049586506,50-75%
10.0,7.936386707943743,-2.0636132920562567,2.0636132920562567,50-75%
16.0,7.936386707943743,-8.063613292056257,8.063613292056257,75-100%
16.0,7.979041627382282,-8.020958372617718,8.020958372617718,75-100%
16.0,7.807166758456853,-8.192833241543147,8.192833241543147,75-100%
16.0,7.9008729572007805,-8.09912704279922,8.09912704279922,75-100%
16.0,7.894229512557363,-8.105770487442637,8.105770487442637,75-100%
16.0,7.936386707943743,-8.063613292056257,8.063613292056257,75-100%
6.0,8.17923679826067,2.1792367982606695,2.1792367982606695,25-50%
8.0,8.17923679826067,0.17923679826066952,0.17923679826066952,25-50%
10.0,8.17923679826067,-1.8207632017393305,1.8207632017393305,50-75%
10.0,7.733178346119556,-2.266821653880444,2.266821653880444,50-75%
10.0,7.681753071121841,-2.3182469288781586,2.3182469288781586,50-75%
16.0,7.744534996605097,-8.255465003394903,8.255465003394903,75-100%
16.0,7.892230015817967,-8.107769984182033,8.107769984182033,75-100%
16.0,7.681753071121841,-8.318246928878159,8.318246928878159,75-100%
16.0,7.781980586964786,-8.218019413035215,8.218019413035215,75-100%
6.0,8.017491415133383,2.0174914151333834,2.0174914151333834,25-50%
6.0,8.17923679826067,2.1792367982606695,2.1792367982606695,25-50%
6.0,8.17923679826067,2.1792367982606695,2.1792367982606695,25-50%
8.0,8.17923679826067,0.17923679826066952,0.17923679826066952,25-50%
10.0,7.892230015817967,-2.107769984182033,2.107769984182033,50-75%
10.0,7.781980586964786,-2.218019413035214,2.218019413035214,50-75%
10.0,7.733178346119556,-2.266821653880444,2.266821653880444,50-75%
6.0,7.807166758456853,1.8071667584568534,1.8071667584568534,25-50%
6.0,7.892230015817967,1.892230015817967,1.892230015817967,25-50%
6.0,8.17923679826067,2.1792367982606695,2.1792367982606695,25-50%
8.0,8.17923679826067,0.17923679826066952,0.17923679826066952,25-50%
8.0,8.17923679826067,0.17923679826066952,0.17923679826066952,25-50%
8.0,7.73516771734356,-0.26483228265643977,0.26483228265643977,25-50%
10.0,7.930308061441401,-2.0696919385585986,2.0696919385585986,50-75%
10.0,7.936386707943743,-2.0636132920562567,2.0636132920562567,50-75%
10.0,7.924780896944628,-2.075219103055372,2.075219103055372,50-75%
10.0,7.936386707943743,-2.0636132920562567,2.0636132920562567,50-75%
6.0,7.97465384005441,1.97465384005441,1.97465384005441,25-50%
6.0,7.97465384005441,1.97465384005441,1.97465384005441,25-50%
6.0,8.17923679826067,2.1792367982606695,2.1792367982606695,25-50%
8.0,7.936386707943743,-0.06361329205625665,0.06361329205625665,25-50%
8.0,7.97465384005441,-0.025346159945589974,0.025346159945589974,25-50%
10.0,7.807166758456853,-2.1928332415431466,2.1928332415431466,50-75%
10.0,7.924780896944628,-2.075219103055372,2.075219103055372,50-75%
10.0,7.936386707943743,-2.0636132920562567,2.0636132920562567,50-75%
6.0,8.07447938699236,2.07447938699236,2.07447938699236,25-50%
6.0,8.07447938699236,2.07447938699236,2.07447938699236,25-50%
6.0,8.017491415133383,2.0174914151333834,2.0174914151333834,25-50%
6.0,8.17923679826067,2.1792367982606695,2.1792367982606695,25-50%
8.0,8.17923679826067,0.17923679826066952,0.17923679826066952,25-50%
8.0,8.17923679826067,0.17923679826066952,0.17923679826066952,25-50%
8.0,8.017491415133383,0.01749141513338337,0.01749141513338337,25-50%
10.0,7.9008729572007805,-2.0991270427992195,2.0991270427992195,50-75%
10.0,7.9008729572007805,-2.0991270427992195,2.0991270427992195,50-75%
10.0,7.936386707943743,-2.0636132920562567,2.0636132920562567,50-75%
6.0,7.879663019169538,1.8796630191695378,1.8796630191695378,25-50%
6.0,7.97465384005441,1.97465384005441,1.97465384005441,25-50%
6.0,7.972933966448791,1.9729339664487906,1.9729339664487906,25-50%
6.0,8.17923679826067,2.1792367982606695,2.1792367982606695,25-50%
8.0,8.017491415133383,0.01749141513338337,0.01749141513338337,25-50%
10.0,7.97465384005441,-2.02534615994559,2.02534615994559,50-75%
10.0,7.124845502039988,-2.875154497960012,2.875154497960012,50-75%
6.0,7.772573195415729,1.7725731954157293,1.7725731954157293,25-50%
6.0,8.07447938699236,2.07447938699236,2.07447938699236,25-50%
6.0,8.017491415133383,2.0174914151333834,2.0174914151333834,25-50%
9.5,8.603528880424449,-0.8964711195755513,0.8964711195755513,50-75%
9.5,8.736909536078382,-0.7630904639216176,0.7630904639216176,50-75%
9.5,8.896291613056473,-0.6037083869435271,0.6037083869435271,50-75%
9.5,9.003813503015515,-0.49618649698448536,0.49618649698448536,50-75%
9.5,8.603528880424449,-0.8964711195755513,0.8964711195755513,50-75%
9.5,8.913837662996395,-0.5861623370036053,0.5861623370036053,50-75%
9.5,8.956290406814691,-0.5437095931853086,0.5437095931853086,50-75%
9.5,8.801623481563631,-0.698376518436369,0.698376518436369,50-75%
9.5,8.896291613056473,-0.6037083869435271,0.6037083869435271,50-75%
9.5,8.497126557644489,-1.0028734423555115,1.0028734423555115,50-75%
9.5,8.670748530332041,-0.8292514696679589,0.8292514696679589,50-75%
9.5,8.961158124908136,-0.5388418750918635,0.5388418750918635,50-75%
9.5,8.956290406814691,-0.5437095931853086,0.5437095931853086,50-75%
9.5,8.956290406814691,-0.5437095931853086,0.5437095931853086,50-75%
9.5,8.603528880424449,-0.8964711195755513,0.8964711195755513,50-75%
9.5,7.992954842570372,-1.5070451574296282,1.5070451574296282,50-75%
9.5,9.115086447042259,-0.384913552957741,0.384913552957741,50-75%
9.5,9.067034748941577,-0.4329652510584232,0.4329652510584232,50-75%
9.5,9.067034748941577,-0.4329652510584232,0.4329652510584232,50-75%
9.5,8.497126557644489,-1.0028734423555115,1.0028734423555115,50-75%
9.5,8.913837662996395,-0.5861623370036053,0.5861623370036053,50-75%
9.5,9.067034748941577,-0.4329652510584232,0.4329652510584232,50-75%
9.5,8.850909607112921,-0.6490903928870786,0.6490903928870786,50-75%
9.5,8.979927586453112,-0.5200724135468882,0.5200724135468882,50-75%
9.5,8.646695978233868,-0.8533040217661316,0.8533040217661316,50-75%
4.0,6.758040563897535,2.758040563897535,2.758040563897535,0-25%
4.0,7.7126111322575595,3.7126111322575595,3.7126111322575595,0-25%
4.0,7.660107023090345,3.6601070230903447,3.6601070230903447,0-25%
4.0,7.691808195209299,3.6918081952092994,3.6918081952092994,0-25%
4.0,7.691808195209299,3.6918081952092994,3.6918081952092994,0-25%
4.0,7.620393861457641,3.620393861457641,3.620393861457641,0-25%
4.0,7.620393861457641,3.620393861457641,3.620393861457641,0-25%
3.0,8.087132216626008,5.087132216626008,5.087132216626008,0-25%
3.5,7.716870804597029,4.216870804597029,4.216870804597029,0-25%
3.5,7.7126111322575595,4.2126111322575595,4.2126111322575595,0-25%
3.5,7.489211318413981,3.9892113184139806,3.9892113184139806,0-25%
4.0,7.675461327132046,3.675461327132046,3.675461327132046,0-25%
4.0,7.793930392506893,3.7939303925068932,3.7939303925068932,0-25%
4.0,7.793930392506893,3.7939303925068932,3.7939303925068932,0-25%
3.0,7.389437653398323,4.389437653398323,4.389437653398323,0-25%
3.5,8.087132216626008,4.587132216626008,4.587132216626008,0-25%
3.5,8.087132216626008,4.587132216626008,4.587132216626008,0-25%
3.5,7.80952196436716,4.30952196436716,4.30952196436716,0-25%
3.5,7.7126111322575595,4.2126111322575595,4.2126111322575595,0-25%
3.5,6.781595754584355,3.2815957545843553,3.2815957545843553,0-25%
4.0,6.674832077776851,2.674832077776851,2.674832077776851,0-25%
4.0,7.144490309896334,3.1444903098963337,3.1444903098963337,0-25%
4.0,7.406468278959583,3.406468278959583,3.406468278959583,0-25%
3.0,7.650585796078468,4.650585796078468,4.650585796078468,0-25%
3.0,8.095193048639244,5.095193048639244,5.095193048639244,0-25%
3.0,7.701824543552687,4.701824543552687,4.701824543552687,0-25%
3.5,7.7126111322575595,4.2126111322575595,4.2126111322575595,0-25%
3.5,7.729028000412109,4.229028000412109,4.229028000412109,0-25%
3.5,7.489211318413981,3.9892113184139806,3.9892113184139806,0-25%
4.0,6.688178711958891,2.6881787119588907,2.6881787119588907,0-25%
4.0,6.844333657342706,2.8443336573427063,2.8443336573427063,0-25%
3.0,8.083776394073691,5.083776394073691,5.083776394073691,0-25%
3.0,8.095193048639244,5.095193048639244,5.095193048639244,0-25%
3.0,7.701824543552687,4.701824543552687,4.701824543552687,0-25%
3.5,7.7126111322575595,4.2126111322575595,4.2126111322575595,0-25%
3.5,7.7126111322575595,4.2126111322575595,4.2126111322575595,0-25%
3.5,7.7126111322575595,4.2126111322575595,4.2126111322575595,0-25%
3.5,7.278541190641682,3.7785411906416817,3.7785411906416817,0-25%
4.0,6.546672254235619,2.5466722542356193,2.5466722542356193,0-25%
4.0,6.844333657342706,2.8443336573427063,2.8443336573427063,0-25%
3.0,7.697572223868018,4.697572223868018,4.697572223868018,0-25%
3.0,8.066945571003433,5.0669455710034335,5.0669455710034335,0-25%
3.0,8.087132216626008,5.087132216626008,5.087132216626008,0-25%
3.0,8.095193048639244,5.095193048639244,5.095193048639244,0-25%
3.0,7.697572223868018,4.697572223868018,4.697572223868018,0-25%
3.5,7.240785027043224,3.7407850270432244,3.7407850270432244,0-25%
3.5,6.603603430871346,3.1036034308713463,3.1036034308713463,0-25%
3.0,7.697572223868018,4.697572223868018,4.697572223868018,0-25%
3.0,8.066945571003433,5.0669455710034335,5.0669455710034335,0-25%
3.0,7.694866485068782,4.694866485068782,4.694866485068782,0-25%
2.0,7.272754877882775,5.272754877882775,5.272754877882775,0-25%
2.0,7.697572223868018,5.697572223868018,5.697572223868018,0-25%
2.0,7.676805194937286,5.676805194937286,5.676805194937286,0-25%
2.0,7.490526335258907,5.490526335258907,5.490526335258907,0-25%
2.0,7.264251533881477,5.264251533881477,5.264251533881477,0-25%
2.0,6.533645882353011,4.533645882353011,4.533645882353011,0-25%
2.0,6.8307934897099525,4.8307934897099525,4.8307934897099525,0-25%
2.0,6.865110282921588,4.865110282921588,4.865110282921588,0-25%
2.0,6.747542823985607,4.747542823985607,4.747542823985607,0-25%
2.0,7.474558022246039,5.474558022246039,5.474558022246039,0-25%
2.0,7.062393772204261,5.062393772204261,5.062393772204261,0-25%
2.0,6.6351182350655105,4.6351182350655105,4.6351182350655105,0-25%
2.0,6.533645882353011,4.533645882353011,4.533645882353011,0-25%
2.0,6.617443021946996,4.617443021946996,4.617443021946996,0-25%
2.0,6.533645882353011,4.533645882353011,4.533645882353011,0-25%
2.0,6.5904787896252905,4.5904787896252905,4.5904787896252905,0-25%
2.0,6.577951094665954,4.577951094665954,4.577951094665954,0-25%
2.0,6.617443021946996,4.617443021946996,4.617443021946996,0-25%
2.0,6.533645882353011,4.533645882353011,4.533645882353011,0-25%
2.0,6.775701793787267,4.775701793787267,4.775701793787267,0-25%
2.0,6.875786896984414,4.875786896984414,4.875786896984414,0-25%
2.0,7.062393772204261,5.062393772204261,5.062393772204261,0-25%
2.0,7.605514130043458,5.605514130043458,5.605514130043458,0-25%
2.0,7.427118089580634,5.427118089580634,5.427118089580634,0-25%
2.0,7.29964046853464,5.29964046853464,5.29964046853464,0-25%
2.0,7.249625011332011,5.249625011332011,5.249625011332011,0-25%
2.0,7.264251533881477,5.264251533881477,5.264251533881477,0-25%
1.0,6.706331865026819,5.706331865026819,5.706331865026819,0-25%
1.0,6.792670780863634,5.792670780863634,5.792670780863634,0-25%
1.0,7.42432042949298,6.42432042949298,6.42432042949298,0-25%
1.0,7.081065736675625,6.081065736675625,6.081065736675625,0-25%
1.0,6.799583347843134,5.799583347843134,5.799583347843134,0-25%
1.0,7.096292605949759,6.096292605949759,6.096292605949759,0-25%
1.0,7.115670238500221,6.115670238500221,6.115670238500221,0-25%
1.0,6.0290043599721805,5.0290043599721805,5.0290043599721805,0-25%
1.0,6.569980621798419,5.569980621798419,5.569980621798419,0-25%
1.0,7.42432042949298,6.42432042949298,6.42432042949298,0-25%
1.0,7.115670238500221,6.115670238500221,6.115670238500221,0-25%
1.0,7.066763426328872,6.066763426328872,6.066763426328872,0-25%
1.0,7.096292605949759,6.096292605949759,6.096292605949759,0-25%
1.0,7.096292605949759,6.096292605949759,6.096292605949759,0-25%
1.0,7.029771195291955,6.029771195291955,6.029771195291955,0-25%
1.0,6.6451937845926565,5.6451937845926565,5.6451937845926565,0-25%
1.0,6.05991662940264,5.05991662940264,5.05991662940264,0-25%
1.0,6.792670780863634,5.792670780863634,5.792670780863634,0-25%
1.0,7.42432042949298,6.42432042949298,6.42432042949298,0-25%
1.0,7.081065736675625,6.081065736675625,6.081065736675625,0-25%
1.0,7.115670238500221,6.115670238500221,6.115670238500221,0-25%
1.0,6.907576569108249,5.907576569108249,5.907576569108249,0-25%
1.0,7.081065736675625,6.081065736675625,6.081065736675625,0-25%
1.0,7.1914179437752725,6.1914179437752725,6.1914179437752725,0-25%
1.0,6.799098632781713,5.799098632781713,5.799098632781713,0-25%
1.0,6.332019911499261,5.332019911499261,5.332019911499261,0-25%
1.0,6.706331865026819,5.706331865026819,5.706331865026819,0-25%
1.0,7.42432042949298,6.42432042949298,6.42432042949298,0-25%
1.0,7.42432042949298,6.42432042949298,6.42432042949298,0-25%
1.0,7.205941265635618,6.205941265635618,6.205941265635618,0-25%
1.0,7.115670238500221,6.115670238500221,6.115670238500221,0-25%
1.0,6.40500071806628,5.40500071806628,5.40500071806628,0-25%
1.0,5.953615116140341,4.953615116140341,4.953615116140341,0-25%
1.0,6.245824132611932,5.245824132611932,5.245824132611932,0-25%
1.0,6.455468980834911,5.455468980834911,5.455468980834911,0-25%
1.0,6.3158106350998375,5.3158106350998375,5.3158106350998375,0-25%
1.0,7.081065736675625,6.081065736675625,6.081065736675625,0-25%
1.0,7.115670238500221,6.115670238500221,6.115670238500221,0-25%
1.0,7.130962311825745,6.130962311825745,6.130962311825745,0-25%
1.0,6.907576569108249,5.907576569108249,5.907576569108249,0-25%
1.0,5.9657075445162775,4.9657075445162775,4.9657075445162775,0-25%
1.0,6.107188345356875,5.107188345356875,5.107188345356875,0-25%
1.0,6.173736259421747,5.173736259421747,5.173736259421747,0-25%
1.0,6.72697878384934,5.72697878384934,5.72697878384934,0-25%
1.0,6.3420139118198025,5.3420139118198025,5.3420139118198025,0-25%
1.0,5.837498688155074,4.837498688155074,4.837498688155074,0-25%
1.0,6.107188345356875,5.107188345356875,5.107188345356875,0-25%
1.0,6.0290043599721805,5.0290043599721805,5.0290043599721805,0-25%
1.0,5.889079945754201,4.889079945754201,4.889079945754201,0-25%
1.0,5.913552545874506,4.913552545874506,4.913552545874506,0-25%
6.0,6.437122609064427,0.4371226090644269,0.4371226090644269,25-50%
6.0,6.437122609064427,0.4371226090644269,0.4371226090644269,25-50%
6.0,6.437122609064427,0.4371226090644269,0.4371226090644269,25-50%
6.0,6.437122609064427,0.4371226090644269,0.4371226090644269,25-50%
6.0,6.437122609064427,0.4371226090644269,0.4371226090644269,25-50%
6.0,6.437122609064427,0.4371226090644269,0.4371226090644269,25-50%
6.0,6.437122609064427,0.4371226090644269,0.4371226090644269,25-50%
6.0,6.437122609064427,0.4371226090644269,0.4371226090644269,25-50%
6.0,6.437122609064427,0.4371226090644269,0.4371226090644269,25-50%
6.0,6.4055073144920724,0.40550731449207245,0.40550731449207245,25-50%
6.0,6.4055073144920724,0.40550731449207245,0.40550731449207245,25-50%
6.0,6.437122609064427,0.4371226090644269,0.4371226090644269,25-50%
6.0,6.437122609064427,0.4371226090644269,0.4371226090644269,25-50%
6.0,6.437122609064427,0.4371226090644269,0.4371226090644269,25-50%
6.0,6.437122609064427,0.4371226090644269,0.4371226090644269,25-50%
6.0,6.437122609064427,0.4371226090644269,0.4371226090644269,25-50%
6.0,6.414024698613173,0.41402469861317304,0.41402469861317304,25-50%
6.0,6.437122609064427,0.4371226090644269,0.4371226090644269,25-50%
6.0,6.437122609064427,0.4371226090644269,0.4371226090644269,25-50%
6.0,6.437122609064427,0.4371226090644269,0.4371226090644269,25-50%
6.0,5.985085781570179,-0.014914218429820991,0.014914218429820991,25-50%
6.0,6.382052735608745,0.3820527356087453,0.3820527356087453,25-50%
6.0,6.437122609064427,0.4371226090644269,0.4371226090644269,25-50%
6.0,6.437122609064427,0.4371226090644269,0.4371226090644269,25-50%
6.0,6.437122609064427,0.4371226090644269,0.4371226090644269,25-50%
6.0,6.437122609064427,0.4371226090644269,0.4371226090644269,25-50%
6.0,6.437122609064427,0.4371226090644269,0.4371226090644269,25-50%
6.0,6.437122609064427,0.4371226090644269,0.4371226090644269,25-50%
6.0,6.437122609064427,0.4371226090644269,0.4371226090644269,25-50%
6.0,5.985085781570179,-0.014914218429820991,0.014914218429820991,25-50%
6.0,6.437122609064427,0.4371226090644269,0.4371226090644269,25-50%
6.0,6.437122609064427,0.4371226090644269,0.4371226090644269,25-50%
6.0,6.437122609064427,0.4371226090644269,0.4371226090644269,25-50%
6.0,6.437122609064427,0.4371226090644269,0.4371226090644269,25-50%
6.0,6.437122609064427,0.4371226090644269,0.4371226090644269,25-50%
6.0,6.437122609064427,0.4371226090644269,0.4371226090644269,25-50%
6.0,6.437122609064427,0.4371226090644269,0.4371226090644269,25-50%
6.0,6.437122609064427,0.4371226090644269,0.4371226090644269,25-50%
4.0,8.29500692967848,4.295006929678481,4.295006929678481,0-25%
4.0,8.29500692967848,4.295006929678481,4.295006929678481,0-25%
4.0,8.385520140570478,4.385520140570478,4.385520140570478,0-25%
4.0,8.29500692967848,4.295006929678481,4.295006929678481,0-25%
5.0,6.880768390368144,1.8807683903681438,1.8807683903681438,0-25%
4.0,8.29500692967848,4.295006929678481,4.295006929678481,0-25%
4.0,8.29500692967848,4.295006929678481,4.295006929678481,0-25%
4.0,8.385520140570478,4.385520140570478,4.385520140570478,0-25%
4.0,8.385520140570478,4.385520140570478,4.385520140570478,0-25%
4.0,8.29500692967848,4.295006929678481,4.295006929678481,0-25%
4.5,7.962886746460688,3.462886746460688,3.462886746460688,0-25%
5.0,6.880768390368144,1.8807683903681438,1.8807683903681438,0-25%
5.0,7.420420024971982,2.420420024971982,2.420420024971982,0-25%
5.0,7.610966510069197,2.610966510069197,2.610966510069197,0-25%
4.0,8.29500692967848,4.295006929678481,4.295006929678481,0-25%
4.0,8.36400148103717,4.364001481037169,4.364001481037169,0-25%
4.0,8.385520140570478,4.385520140570478,4.385520140570478,0-25%
5.0,8.538411469012646,3.5384114690126456,3.5384114690126456,0-25%
4.0,8.2448939302445,4.2448939302444995,4.2448939302444995,0-25%
4.5,7.862590072112806,3.3625900721128064,3.3625900721128064,0-25%
4.5,7.864288795718646,3.364288795718646,3.364288795718646,0-25%
4.5,7.864288795718646,3.364288795718646,3.364288795718646,0-25%
5.0,8.005668155166646,3.0056681551666458,3.0056681551666458,0-25%
5.0,7.864288795718646,2.864288795718646,2.864288795718646,0-25%
5.0,7.578585248113042,2.5785852481130416,2.5785852481130416,0-25%
4.0,8.385520140570478,4.385520140570478,4.385520140570478,0-25%
5.0,8.560330926127847,3.560330926127847,3.560330926127847,0-25%
5.0,8.560330926127847,3.560330926127847,3.560330926127847,0-25%
5.0,8.538411469012646,3.5384114690126456,3.5384114690126456,0-25%
5.0,8.538411469012646,3.5384114690126456,3.5384114690126456,0-25%
5.0,8.273695794388825,3.273695794388825,3.273695794388825,0-25%
5.0,7.864288795718646,2.864288795718646,2.864288795718646,0-25%
5.0,7.345809805743401,2.345809805743401,2.345809805743401,0-25%
5.0,7.542006917531975,2.5420069175319746,2.5420069175319746,0-25%
5.0,8.538411469012646,3.5384114690126456,3.5384114690126456,0-25%
5.0,8.538411469012646,3.5384114690126456,3.5384114690126456,0-25%
5.0,8.538411469012646,3.5384114690126456,3.5384114690126456,0-25%
5.0,8.526438468740583,3.526438468740583,3.526438468740583,0-25%
5.0,8.526438468740583,3.526438468740583,3.526438468740583,0-25%
5.0,8.434566252682632,3.4345662526826324,3.4345662526826324,0-25%
5.0,8.273695794388825,3.273695794388825,3.273695794388825,0-25%
5.5,8.468131853902397,2.9681318539023973,2.9681318539023973,25-50%
5.0,7.864288795718646,2.864288795718646,2.864288795718646,0-25%
5.0,7.864288795718646,2.864288795718646,2.864288795718646,0-25%
6.0,8.306728187978157,2.306728187978157,2.306728187978157,25-50%
6.0,8.306728187978157,2.306728187978157,2.306728187978157,25-50%
5.0,8.560330926127847,3.560330926127847,3.560330926127847,0-25%
5.0,8.538411469012646,3.5384114690126456,3.5384114690126456,0-25%
5.0,8.526438468740583,3.526438468740583,3.526438468740583,0-25%
5.0,8.526438468740583,3.526438468740583,3.526438468740583,0-25%
6.0,8.285390178763254,2.2853901787632545,2.2853901787632545,25-50%
5.5,8.526438468740583,3.026438468740583,3.026438468740583,25-50%
5.0,8.273695794388825,3.273695794388825,3.273695794388825,0-25%
5.0,7.426151602917658,2.426151602917658,2.426151602917658,0-25%
6.0,8.306728187978157,2.306728187978157,2.306728187978157,25-50%
6.0,8.306728187978157,2.306728187978157,2.306728187978157,25-50%
6.0,8.285390178763254,2.2853901787632545,2.2853901787632545,25-50%
6.0,8.25655199467945,2.25655199467945,2.25655199467945,25-50%
6.0,8.27373478105917,2.2737347810591704,2.2737347810591704,25-50%
6.0,8.285390178763254,2.2853901787632545,2.2853901787632545,25-50%
6.0,8.285390178763254,2.2853901787632545,2.2853901787632545,25-50%
5.0,8.285390178763254,3.2853901787632545,3.2853901787632545,0-25%
4.0,8.468131853902397,4.468131853902397,4.468131853902397,0-25%
3.0,7.812367515375384,4.812367515375384,4.812367515375384,0-25%
3.0,8.14484984435797,5.144849844357971,5.144849844357971,0-25%
3.0,8.14932084201175,5.14932084201175,5.14932084201175,0-25%
6.0,8.306728187978157,2.306728187978157,2.306728187978157,25-50%
6.0,7.909426203158581,1.9094262031585814,1.9094262031585814,25-50%
6.0,8.237814392880342,2.237814392880342,2.237814392880342,25-50%
6.0,8.285390178763254,2.2853901787632545,2.2853901787632545,25-50%
5.0,8.195842613271186,3.1958426132711857,3.1958426132711857,0-25%
5.0,8.306728187978157,3.306728187978157,3.306728187978157,0-25%
4.0,8.560330926127847,4.560330926127847,4.560330926127847,0-25%
4.0,8.560330926127847,4.560330926127847,4.560330926127847,0-25%
3.5,7.845631226432176,4.345631226432176,4.345631226432176,0-25%
3.0,8.060862928575663,5.060862928575663,5.060862928575663,0-25%
3.0,8.446423786290897,5.446423786290897,5.446423786290897,0-25%
3.0,7.916681263391524,4.916681263391524,4.916681263391524,0-25%
3.0,7.6443066306552145,4.6443066306552145,4.6443066306552145,0-25%
6.0,8.195842613271186,2.1958426132711857,2.1958426132711857,25-50%
6.0,7.892067919704816,1.8920679197048162,1.8920679197048162,25-50%
6.0,7.892067919704816,1.8920679197048162,1.8920679197048162,25-50%
5.0,8.195842613271186,3.1958426132711857,3.1958426132711857,0-25%
4.0,8.560330926127847,4.560330926127847,4.560330926127847,0-25%
4.0,8.560330926127847,4.560330926127847,4.560330926127847,0-25%
4.0,8.538411469012646,4.538411469012646,4.538411469012646,0-25%
3.5,8.560330926127847,5.060330926127847,5.060330926127847,0-25%
3.5,8.14932084201175,4.64932084201175,4.64932084201175,0-25%
3.5,8.105857011501909,4.605857011501909,4.605857011501909,0-25%
3.0,8.560330926127847,5.560330926127847,5.560330926127847,0-25%
3.0,7.721048548069776,4.721048548069776,4.721048548069776,0-25%
3.0,7.637622816191091,4.637622816191091,4.637622816191091,0-25%
4.0,7.854703000697293,3.8547030006972927,3.8547030006972927,0-25%
4.0,8.434566252682632,4.434566252682632,4.434566252682632,0-25%
4.0,8.468131853902397,4.468131853902397,4.468131853902397,0-25%
4.0,8.468131853902397,4.468131853902397,4.468131853902397,0-25%
4.0,8.446423786290897,4.446423786290897,4.446423786290897,0-25%
3.5,8.446423786290897,4.946423786290897,4.946423786290897,0-25%
3.5,8.560330926127847,5.060330926127847,5.060330926127847,0-25%
3.5,8.560330926127847,5.060330926127847,5.060330926127847,0-25%
3.0,8.468131853902397,5.468131853902397,5.468131853902397,0-25%
3.0,8.060862928575663,5.060862928575663,5.060862928575663,0-25%
3.0,7.6443066306552145,4.6443066306552145,4.6443066306552145,0-25%
3.0,7.6443066306552145,4.6443066306552145,4.6443066306552145,0-25%
3.0,7.6443066306552145,4.6443066306552145,4.6443066306552145,0-25%
4.0,8.560330926127847,4.560330926127847,4.560330926127847,0-25%
4.0,7.83440137262695,3.8344013726269504,3.8344013726269504,0-25%
4.0,8.560330926127847,4.560330926127847,4.560330926127847,0-25%
4.0,8.560330926127847,4.560330926127847,4.560330926127847,0-25%
4.0,8.519689848344575,4.519689848344575,4.519689848344575,0-25%
3.5,7.854703000697293,4.354703000697293,4.354703000697293,0-25%
3.5,8.560330926127847,5.060330926127847,5.060330926127847,0-25%
3.5,8.137438490460394,4.637438490460394,4.637438490460394,0-25%
3.0,8.01702186976683,5.017021869766831,5.017021869766831,0-25%
3.0,8.468131853902397,5.468131853902397,5.468131853902397,0-25%
4.0,8.002154636319375,4.002154636319375,4.002154636319375,0-25%
4.0,7.854703000697293,3.8547030006972927,3.8547030006972927,0-25%
4.0,7.854703000697293,3.8547030006972927,3.8547030006972927,0-25%
4.0,8.468131853902397,4.468131853902397,4.468131853902397,0-25%
4.0,8.560330926127847,4.560330926127847,4.560330926127847,0-25%
3.5,8.468131853902397,4.968131853902397,4.968131853902397,0-25%
3.0,8.417085470631774,5.417085470631774,5.417085470631774,0-25%
3.0,7.709387072583978,4.709387072583978,4.709387072583978,0-25%
3.0,7.6443066306552145,4.6443066306552145,4.6443066306552145,0-25%
3.0,7.6443066306552145,4.6443066306552145,4.6443066306552145,0-25%
4.0,8.468131853902397,4.468131853902397,4.468131853902397,0-25%
4.0,8.468131853902397,4.468131853902397,4.468131853902397,0-25%
12.0,6.602440936287082,-5.397559063712918,5.397559063712918,50-75%
12.0,6.74824775918594,-5.25175224081406,5.25175224081406,50-75%
12.0,6.509887032594343,-5.490112967405657,5.490112967405657,50-75%
12.0,6.516674474720707,-5.483325525279293,5.483325525279293,50-75%
12.0,6.70940529878637,-5.29059470121363,5.29059470121363,50-75%
12.0,6.502982280993599,-5.497017719006401,5.497017719006401,50-75%
12.0,6.516674474720707,-5.483325525279293,5.483325525279293,50-75%
12.0,6.74824775918594,-5.25175224081406,5.25175224081406,50-75%
12.0,6.755967502228937,-5.244032497771063,5.244032497771063,50-75%
12.0,6.597626017900139,-5.402373982099861,5.402373982099861,50-75%
12.0,6.516674474720707,-5.483325525279293,5.483325525279293,50-75%
12.0,6.70940529878637,-5.29059470121363,5.29059470121363,50-75%
12.0,7.230382864567352,-4.769617135432648,4.769617135432648,50-75%
12.0,6.74824775918594,-5.25175224081406,5.25175224081406,50-75%
12.0,6.74824775918594,-5.25175224081406,5.25175224081406,50-75%
12.0,6.771773216671387,-5.228226783328613,5.228226783328613,50-75%
12.0,6.47272752199833,-5.52727247800167,5.52727247800167,50-75%
12.0,7.0182116164515245,-4.9817883835484755,4.9817883835484755,50-75%
12.0,7.298821680594692,-4.701178319405308,4.701178319405308,50-75%
12.0,7.3096134924108584,-4.6903865075891416,4.6903865075891416,50-75%
12.0,7.039748708498711,-4.960251291501289,4.960251291501289,50-75%
12.0,7.546665400448765,-4.453334599551235,4.453334599551235,50-75%
12.0,7.3096134924108584,-4.6903865075891416,4.6903865075891416,50-75%
3.0,7.488511426864185,4.488511426864185,4.488511426864185,0-25%
3.0,7.643365909459325,4.643365909459325,4.643365909459325,0-25%
3.0,7.643365909459325,4.643365909459325,4.643365909459325,0-25%
3.0,7.571381680494303,4.571381680494303,4.571381680494303,0-25%
3.0,6.9399783756864775,3.9399783756864775,3.9399783756864775,0-25%
3.0,6.9516383943766415,3.9516383943766415,3.9516383943766415,0-25%
3.0,7.530663348824754,4.530663348824754,4.530663348824754,0-25%
3.0,7.530663348824754,4.530663348824754,4.530663348824754,0-25%
3.0,7.684622189944374,4.684622189944374,4.684622189944374,0-25%
3.0,7.762487735171399,4.762487735171399,4.762487735171399,0-25%
3.0,7.762487735171399,4.762487735171399,4.762487735171399,0-25%
3.0,7.0164133948248715,4.0164133948248715,4.0164133948248715,0-25%
3.0,7.276113078542944,4.276113078542944,4.276113078542944,0-25%
3.0,7.530663348824754,4.530663348824754,4.530663348824754,0-25%
3.0,7.762487735171399,4.762487735171399,4.762487735171399,0-25%
3.0,6.4748551397592315,3.4748551397592315,3.4748551397592315,0-25%
3.0,6.4748551397592315,3.4748551397592315,3.4748551397592315,0-25%
3.0,6.974886857356068,3.9748868573560676,3.9748868573560676,0-25%
3.0,7.27799833274852,4.27799833274852,4.27799833274852,0-25%
3.0,7.742397533731963,4.742397533731963,4.742397533731963,0-25%
3.0,6.4748551397592315,3.4748551397592315,3.4748551397592315,0-25%
3.0,7.396357124169488,4.396357124169488,4.396357124169488,0-25%
3.0,7.27799833274852,4.27799833274852,4.27799833274852,0-25%
3.0,7.396357124169488,4.396357124169488,4.396357124169488,0-25%
3.0,7.122321960168328,4.122321960168328,4.122321960168328,0-25%
3.0,7.387362818355374,4.387362818355374,4.387362818355374,0-25%
3.0,7.643365909459325,4.643365909459325,4.643365909459325,0-25%
3.0,7.5290285601194125,4.5290285601194125,4.5290285601194125,0-25%
3.0,7.819850507350182,4.819850507350182,4.819850507350182,0-25%
3.0,7.558620216210324,4.558620216210324,4.558620216210324,0-25%
13.0,7.762487735171399,-5.237512264828601,5.237512264828601,50-75%
13.0,7.742397533731963,-5.257602466268037,5.257602466268037,50-75%
13.0,7.742397533731963,-5.257602466268037,5.257602466268037,50-75%
13.0,7.946974275073366,-5.053025724926634,5.053025724926634,50-75%
13.0,7.946974275073366,-5.053025724926634,5.053025724926634,50-75%
13.0,7.519584456453686,-5.480415543546314,5.480415543546314,50-75%
13.0,7.762487735171399,-5.237512264828601,5.237512264828601,50-75%
13.0,7.762487735171399,-5.237512264828601,5.237512264828601,50-75%
13.0,7.946974275073366,-5.053025724926634,5.053025724926634,50-75%
13.0,7.926461091957777,-5.073538908042223,5.073538908042223,50-75%
13.0,7.926461091957777,-5.073538908042223,5.073538908042223,50-75%
13.0,7.926461091957777,-5.073538908042223,5.073538908042223,50-75%
4.0,7.880537954494711,3.880537954494711,3.880537954494711,0-25%
13.0,7.946974275073366,-5.053025724926634,5.053025724926634,50-75%
13.0,7.762487735171399,-5.237512264828601,5.237512264828601,50-75%
13.0,7.762487735171399,-5.237512264828601,5.237512264828601,50-75%
13.0,7.946974275073366,-5.053025724926634,5.053025724926634,50-75%
13.0,7.946974275073366,-5.053025724926634,5.053025724926634,50-75%
13.0,7.946974275073366,-5.053025724926634,5.053025724926634,50-75%
13.0,7.946974275073366,-5.053025724926634,5.053025724926634,50-75%
13.0,7.926461091957777,-5.073538908042223,5.073538908042223,50-75%
4.0,8.13891022734005,4.13891022734005,4.13891022734005,0-25%
4.0,8.062150481063805,4.062150481063805,4.062150481063805,0-25%
4.0,7.3096134924108584,3.3096134924108584,3.3096134924108584,0-25%
4.0,7.880537954494711,3.880537954494711,3.880537954494711,0-25%
13.0,7.908940583536135,-5.091059416463865,5.091059416463865,50-75%
13.0,7.908940583536135,-5.091059416463865,5.091059416463865,50-75%
13.0,7.762487735171399,-5.237512264828601,5.237512264828601,50-75%
13.0,7.742397533731963,-5.257602466268037,5.257602466268037,50-75%
13.0,7.946974275073366,-5.053025724926634,5.053025724926634,50-75%
13.0,7.946974275073366,-5.053025724926634,5.053025724926634,50-75%
13.0,7.926461091957777,-5.073538908042223,5.073538908042223,50-75%
13.0,7.898737655114428,-5.101262344885572,5.101262344885572,50-75%
4.0,8.150396175105035,4.150396175105035,4.150396175105035,0-25%
4.0,8.150396175105035,4.150396175105035,4.150396175105035,0-25%
4.0,8.0829754810637,4.0829754810637,4.0829754810637,0-25%
4.0,7.580765892184186,3.5807658921841856,3.5807658921841856,0-25%
4.0,7.880537954494711,3.880537954494711,3.880537954494711,0-25%
4.0,7.884879727736985,3.884879727736985,3.884879727736985,0-25%
13.0,7.946974275073366,-5.053025724926634,5.053025724926634,50-75%
13.0,7.946974275073366,-5.053025724926634,5.053025724926634,50-75%
13.0,7.946974275073366,-5.053025724926634,5.053025724926634,50-75%
13.0,7.565030098148977,-5.434969901851023,5.434969901851023,50-75%
4.0,8.171423965445065,4.171423965445065,4.171423965445065,0-25%
4.0,8.171423965445065,4.171423965445065,4.171423965445065,0-25%
4.0,8.171423965445065,4.171423965445065,4.171423965445065,0-25%
4.0,7.589967596489229,3.5899675964892293,3.5899675964892293,0-25%
4.0,7.798978496878695,3.7989784968786946,3.7989784968786946,0-25%
4.0,8.062150481063805,4.062150481063805,4.062150481063805,0-25%
13.0,7.762487735171399,-5.237512264828601,5.237512264828601,50-75%
13.0,7.742397533731963,-5.257602466268037,5.257602466268037,50-75%
13.0,7.742397533731963,-5.257602466268037,5.257602466268037,50-75%
13.0,7.762487735171399,-5.237512264828601,5.237512264828601,50-75%
13.0,7.762487735171399,-5.237512264828601,5.237512264828601,50-75%
4.0,8.171423965445065,4.171423965445065,4.171423965445065,0-25%
4.0,8.171423965445065,4.171423965445065,4.171423965445065,0-25%
4.0,8.150396175105035,4.150396175105035,4.150396175105035,0-25%
4.0,8.171423965445065,4.171423965445065,4.171423965445065,0-25%
4.0,7.884879727736985,3.884879727736985,3.884879727736985,0-25%
4.0,7.842672124215916,3.842672124215916,3.842672124215916,0-25%
4.0,8.171423965445065,4.171423965445065,4.171423965445065,0-25%
4.0,8.0829754810637,4.0829754810637,4.0829754810637,0-25%
4.0,8.062150481063805,4.062150481063805,4.062150481063805,0-25%
4.0,8.062150481063805,4.062150481063805,4.062150481063805,0-25%
4.0,8.171423965445065,4.171423965445065,4.171423965445065,0-25%
4.0,8.171423965445065,4.171423965445065,4.171423965445065,0-25%
4.0,8.0829754810637,4.0829754810637,4.0829754810637,0-25%
4.0,7.605471014113158,3.6054710141131583,3.6054710141131583,0-25%
4.0,8.171423965445065,4.171423965445065,4.171423965445065,0-25%
6.0,6.635676253674309,0.6356762536743092,0.6356762536743092,25-50%
6.0,6.64961060065626,0.6496106006562599,0.6496106006562599,25-50%
6.0,6.758795873223512,0.7587958732235123,0.7587958732235123,25-50%
6.0,7.283111099984236,1.283111099984236,1.283111099984236,25-50%
4.0,6.60488642422129,2.6048864242212897,2.6048864242212897,0-25%
4.0,7.069580569353436,3.0695805693534357,3.0695805693534357,0-25%
4.0,7.378607145832434,3.378607145832434,3.378607145832434,0-25%
6.0,7.362849321613586,1.3628493216135862,1.3628493216135862,25-50%
6.0,6.64961060065626,0.6496106006562599,0.6496106006562599,25-50%
4.0,6.808382655411808,2.8083826554118083,2.8083826554118083,0-25%
4.0,7.670663374084354,3.670663374084354,3.670663374084354,0-25%
4.0,7.362849321613586,3.362849321613586,3.362849321613586,0-25%
4.0,7.677602064052134,3.6776020640521336,3.6776020640521336,0-25%
6.0,6.797887179202907,0.797887179202907,0.797887179202907,25-50%
4.0,7.693952965845025,3.6939529658450247,3.6939529658450247,0-25%
4.0,7.670663374084354,3.670663374084354,3.670663374084354,0-25%
4.0,7.283111099984236,3.283111099984236,3.283111099984236,0-25%
4.0,7.2952750160138145,3.2952750160138145,3.2952750160138145,0-25%
4.0,7.967389696577533,3.9673896965775333,3.9673896965775333,0-25%
4.0,7.980757131948857,3.980757131948857,3.980757131948857,0-25%
4.0,7.942463975940067,3.9424639759400666,3.9424639759400666,0-25%
4.0,7.686907611980318,3.6869076119803177,3.6869076119803177,0-25%
4.0,7.362849321613586,3.362849321613586,3.362849321613586,0-25%
2.0,7.362849321613586,5.362849321613586,5.362849321613586,0-25%
2.0,7.918725670772633,5.918725670772633,5.918725670772633,0-25%
4.0,6.758795873223512,2.7587958732235123,2.7587958732235123,0-25%
2.0,6.731993812131954,4.731993812131954,4.731993812131954,0-25%
2.0,7.714761036178272,5.714761036178272,5.714761036178272,0-25%
2.0,6.797887179202907,4.797887179202907,4.797887179202907,0-25%
7.0,7.677602064052134,0.6776020640521336,0.6776020640521336,25-50%
7.0,7.677602064052134,0.6776020640521336,0.6776020640521336,25-50%
7.0,7.792245900386532,0.7922459003865319,0.7922459003865319,25-50%
7.0,7.942463975940067,0.9424639759400666,0.9424639759400666,25-50%
7.0,7.1927311739558055,0.19273117395580552,0.19273117395580552,25-50%
7.0,7.942463975940067,0.9424639759400666,0.9424639759400666,25-50%
7.0,7.942463975940067,0.9424639759400666,0.9424639759400666,25-50%
7.0,7.9851479032299055,0.9851479032299055,0.9851479032299055,25-50%
7.0,7.942463975940067,0.9424639759400666,0.9424639759400666,25-50%
7.0,7.942463975940067,0.9424639759400666,0.9424639759400666,25-50%
7.0,7.942463975940067,0.9424639759400666,0.9424639759400666,25-50%
7.0,7.942463975940067,0.9424639759400666,0.9424639759400666,25-50%
7.0,7.9851479032299055,0.9851479032299055,0.9851479032299055,25-50%
7.0,8.193627290296758,1.1936272902967584,1.1936272902967584,25-50%
7.0,8.185479218586455,1.1854792185864547,1.1854792185864547,25-50%
7.0,7.9851479032299055,0.9851479032299055,0.9851479032299055,25-50%
7.0,7.942463975940067,0.9424639759400666,0.9424639759400666,25-50%
7.0,7.942463975940067,0.9424639759400666,0.9424639759400666,25-50%
7.0,7.942463975940067,0.9424639759400666,0.9424639759400666,25-50%
7.0,7.942463975940067,0.9424639759400666,0.9424639759400666,25-50%
7.0,8.185479218586455,1.1854792185864547,1.1854792185864547,25-50%
7.0,8.185479218586455,1.1854792185864547,1.1854792185864547,25-50%
7.0,8.193627290296758,1.1936272902967584,1.1936272902967584,25-50%
7.0,8.060607026164842,1.060607026164842,1.060607026164842,25-50%
7.0,7.283111099984236,0.2831110999842359,0.2831110999842359,25-50%
7.0,7.942463975940067,0.9424639759400666,0.9424639759400666,25-50%
7.0,8.18208707708562,1.1820870770856207,1.1820870770856207,25-50%
7.0,8.185479218586455,1.1854792185864547,1.1854792185864547,25-50%
7.0,8.185479218586455,1.1854792185864547,1.1854792185864547,25-50%
7.0,8.193627290296758,1.1936272902967584,1.1936272902967584,25-50%
7.0,7.362849321613586,0.3628493216135862,0.3628493216135862,25-50%
7.0,7.959313947761519,0.9593139477615189,0.9593139477615189,25-50%
7.0,8.185479218586455,1.1854792185864547,1.1854792185864547,25-50%
7.0,8.193627290296758,1.1936272902967584,1.1936272902967584,25-50%
7.0,7.829278110888091,0.8292781108880911,0.8292781108880911,25-50%
7.0,7.54349014404718,0.5434901440471798,0.5434901440471798,25-50%
7.0,8.29460888348216,1.2946088834821605,1.2946088834821605,25-50%
7.0,8.457300966049909,1.4573009660499086,1.4573009660499086,25-50%
7.0,8.782326311557892,1.7823263115578918,1.7823263115578918,25-50%
7.0,8.672964770638824,1.6729647706388242,1.6729647706388242,25-50%
7.0,8.185975556202607,1.1859755562026066,1.1859755562026066,25-50%
7.0,9.052285696441714,2.0522856964417144,2.0522856964417144,25-50%
7.0,9.052285696441714,2.0522856964417144,2.0522856964417144,25-50%
7.0,8.938802185061327,1.938802185061327,1.938802185061327,25-50%
7.0,8.644430280886608,1.644430280886608,1.644430280886608,25-50%
7.0,8.782326311557892,1.7823263115578918,1.7823263115578918,25-50%
7.0,8.938802185061327,1.938802185061327,1.938802185061327,25-50%
7.0,9.070108322707844,2.070108322707844,2.070108322707844,25-50%
7.0,9.070108322707844,2.070108322707844,2.070108322707844,25-50%
7.0,8.957529522091463,1.9575295220914626,1.9575295220914626,25-50%
7.0,8.29460888348216,1.2946088834821605,1.2946088834821605,25-50%
7.0,9.118174691507733,2.1181746915077326,2.1181746915077326,25-50%
7.0,9.324772677816044,2.3247726778160445,2.3247726778160445,25-50%
7.0,9.324772677816044,2.3247726778160445,2.3247726778160445,25-50%
7.0,9.118174691507733,2.1181746915077326,2.1181746915077326,25-50%
7.0,9.070108322707844,2.070108322707844,2.070108322707844,25-50%
3.0,7.517628669637456,4.517628669637456,4.517628669637456,0-25%
3.0,8.782326311557892,5.782326311557892,5.782326311557892,0-25%
3.0,8.644430280886608,5.644430280886608,5.644430280886608,0-25%
3.0,8.644430280886608,5.644430280886608,5.644430280886608,0-25%
3.0,9.070108322707844,6.070108322707844,6.070108322707844,0-25%
3.0,8.968567612216848,5.968567612216848,5.968567612216848,0-25%
5.5,8.771847334411204,3.271847334411204,3.271847334411204,25-50%
5.5,8.938802185061327,3.438802185061327,3.438802185061327,25-50%
5.5,7.835789293686109,2.3357892936861093,2.3357892936861093,25-50%
3.0,8.938802185061327,5.938802185061327,5.938802185061327,0-25%
3.0,8.938802185061327,5.938802185061327,5.938802185061327,0-25%
3.0,8.986241806954872,5.986241806954872,5.986241806954872,0-25%
3.0,9.17919569780217,6.17919569780217,6.17919569780217,0-25%
8.0,9.17919569780217,1.1791956978021698,1.1791956978021698,25-50%
8.0,8.986241806954872,0.9862418069548724,0.9862418069548724,25-50%
5.5,8.938802185061327,3.438802185061327,3.438802185061327,25-50%
5.5,8.938802185061327,3.438802185061327,3.438802185061327,25-50%
5.5,8.938802185061327,3.438802185061327,3.438802185061327,25-50%
5.5,8.938802185061327,3.438802185061327,3.438802185061327,25-50%
5.5,8.986241806954872,3.4862418069548724,3.4862418069548724,25-50%
3.0,9.188225255708208,6.188225255708208,6.188225255708208,0-25%
3.0,9.17919569780217,6.17919569780217,6.17919569780217,0-25%
3.0,9.17919569780217,6.17919569780217,6.17919569780217,0-25%
8.0,9.17919569780217,1.1791956978021698,1.1791956978021698,25-50%
8.0,8.986241806954872,0.9862418069548724,0.9862418069548724,25-50%
8.0,8.938802185061327,0.9388021850613271,0.9388021850613271,25-50%
5.5,8.938802185061327,3.438802185061327,3.438802185061327,25-50%
5.5,8.938802185061327,3.438802185061327,3.438802185061327,25-50%
5.5,8.938802185061327,3.438802185061327,3.438802185061327,25-50%
5.5,9.17919569780217,3.67919569780217,3.67919569780217,25-50%
5.5,9.17919569780217,3.67919569780217,3.67919569780217,25-50%
3.0,9.188225255708208,6.188225255708208,6.188225255708208,0-25%
3.0,9.17919569780217,6.17919569780217,6.17919569780217,0-25%
8.0,8.968567612216848,0.9685676122168481,0.9685676122168481,25-50%
8.0,9.070108322707844,1.0701083227078438,1.0701083227078438,25-50%
8.0,8.179206317593975,0.17920631759397487,0.17920631759397487,25-50%
5.5,8.938802185061327,3.438802185061327,3.438802185061327,25-50%
5.5,9.175436582861085,3.675436582861085,3.675436582861085,25-50%
5.5,9.17919569780217,3.67919569780217,3.67919569780217,25-50%
3.0,9.17919569780217,6.17919569780217,6.17919569780217,0-25%
3.0,9.188225255708208,6.188225255708208,6.188225255708208,0-25%
8.0,8.978256716681052,0.9782567166810523,0.9782567166810523,25-50%
8.0,8.29460888348216,0.2946088834821605,0.2946088834821605,25-50%
8.0,8.957529522091463,0.9575295220914626,0.9575295220914626,25-50%
8.0,9.17919569780217,1.1791956978021698,1.1791956978021698,25-50%
19.0,9.262120739563642,-9.737879260436358,9.737879260436358,75-100%
19.0,9.262120739563642,-9.737879260436358,9.737879260436358,75-100%
19.0,9.27122385696187,-9.72877614303813,9.72877614303813,75-100%
19.0,9.27122385696187,-9.72877614303813,9.72877614303813,75-100%
8.0,9.188225255708208,1.1882252557082076,1.1882252557082076,25-50%
8.0,8.938802185061327,0.9388021850613271,0.9388021850613271,25-50%
8.0,8.644430280886608,0.644430280886608,0.644430280886608,25-50%
19.0,9.262120739563642,-9.737879260436358,9.737879260436358,75-100%
19.0,9.27122385696187,-9.72877614303813,9.72877614303813,75-100%
19.0,9.27122385696187,-9.72877614303813,9.72877614303813,75-100%
19.0,9.27122385696187,-9.72877614303813,9.72877614303813,75-100%
19.0,9.258331000909964,-9.741668999090036,9.741668999090036,75-100%
19.0,9.258331000909964,-9.741668999090036,9.741668999090036,75-100%
19.0,9.175436582861085,-9.824563417138915,9.824563417138915,75-100%
19.0,9.262120739563642,-9.737879260436358,9.737879260436358,75-100%
19.0,9.262120739563642,-9.737879260436358,9.737879260436358,75-100%
19.0,9.262120739563642,-9.737879260436358,9.737879260436358,75-100%
19.0,9.262120739563642,-9.737879260436358,9.737879260436358,75-100%
19.0,9.27122385696187,-9.72877614303813,9.72877614303813,75-100%
19.0,9.258331000909964,-9.741668999090036,9.741668999090036,75-100%
19.0,9.258331000909964,-9.741668999090036,9.741668999090036,75-100%
19.0,9.188225255708208,-9.811774744291792,9.811774744291792,75-100%
19.0,9.262120739563642,-9.737879260436358,9.737879260436358,75-100%
19.0,9.262120739563642,-9.737879260436358,9.737879260436358,75-100%
19.0,9.27122385696187,-9.72877614303813,9.72877614303813,75-100%
19.0,9.239323911062936,-9.760676088937064,9.760676088937064,75-100%
19.0,9.258331000909964,-9.741668999090036,9.741668999090036,75-100%
19.0,9.27122385696187,-9.72877614303813,9.72877614303813,75-100%
19.0,9.27122385696187,-9.72877614303813,9.72877614303813,75-100%
19.0,9.262120739563642,-9.737879260436358,9.737879260436358,75-100%
19.0,9.262120739563642,-9.737879260436358,9.737879260436358,75-100%
19.0,8.824033276823151,-10.175966723176849,10.175966723176849,75-100%
19.0,9.186132522047112,-9.813867477952888,9.813867477952888,75-100%
19.0,9.27122385696187,-9.72877614303813,9.72877614303813,75-100%
19.0,9.188225255708208,-9.811774744291792,9.811774744291792,75-100%
19.0,9.17919569780217,-9.82080430219783,9.82080430219783,75-100%
19.0,9.17919569780217,-9.82080430219783,9.82080430219783,75-100%
19.0,9.188225255708208,-9.811774744291792,9.811774744291792,75-100%
19.0,8.804893059441042,-10.195106940558958,10.195106940558958,75-100%
19.0,8.804893059441042,-10.195106940558958,10.195106940558958,75-100%
19.0,9.188225255708208,-9.811774744291792,9.811774744291792,75-100%
5.0,7.072903670032472,2.0729036700324723,2.0729036700324723,0-25%
5.0,6.817309983924436,1.817309983924436,1.817309983924436,0-25%
5.0,7.498371126677788,2.498371126677788,2.498371126677788,0-25%
7.0,7.944307449625412,0.9443074496254118,0.9443074496254118,25-50%
5.0,7.844314542622378,2.844314542622378,2.844314542622378,0-25%
5.0,7.39904404971082,2.3990440497108203,2.3990440497108203,0-25%
7.0,8.191140325611137,1.191140325611137,1.191140325611137,25-50%
7.0,8.191140325611137,1.191140325611137,1.191140325611137,25-50%
7.0,8.087378563437042,1.087378563437042,1.087378563437042,25-50%
5.0,7.81822450625133,2.8182245062513296,2.8182245062513296,0-25%
9.0,7.834840377989293,-1.165159622010707,1.165159622010707,50-75%
9.0,7.392854708915272,-1.607145291084728,1.607145291084728,50-75%
7.0,7.944307449625412,0.9443074496254118,0.9443074496254118,25-50%
7.0,8.087378563437042,1.087378563437042,1.087378563437042,25-50%
7.0,8.20743614766889,1.20743614766889,1.20743614766889,25-50%
7.0,8.20743614766889,1.20743614766889,1.20743614766889,25-50%
7.0,8.104501592742697,1.1045015927426967,1.1045015927426967,25-50%
5.0,7.498371126677788,2.498371126677788,2.498371126677788,0-25%
5.0,7.072903670032472,2.0729036700324723,2.0729036700324723,0-25%
5.0,6.793646684886981,1.7936466848869808,1.7936466848869808,0-25%
9.0,8.030232127114736,-0.9697678728852637,0.9697678728852637,50-75%
9.0,8.087378563437042,-0.9126214365629579,0.9126214365629579,50-75%
7.0,8.251384832965284,1.2513848329652841,1.2513848329652841,25-50%
7.0,8.440284267431272,1.440284267431272,1.440284267431272,25-50%
7.0,8.440284267431272,1.440284267431272,1.440284267431272,25-50%
7.0,8.251384832965284,1.2513848329652841,1.2513848329652841,25-50%
7.0,8.20743614766889,1.20743614766889,1.20743614766889,25-50%
5.0,7.81822450625133,2.8182245062513296,2.8182245062513296,0-25%
9.0,8.07129522583185,-0.9287047741681498,0.9287047741681498,50-75%
9.0,8.440284267431272,-0.5597157325687281,0.5597157325687281,50-75%
9.0,8.30717837570758,-0.6928216242924208,0.6928216242924208,50-75%
7.0,8.30717837570758,1.3071783757075792,1.3071783757075792,25-50%
7.0,8.251384832965284,1.2513848329652841,1.2513848329652841,25-50%
7.0,8.440284267431272,1.440284267431272,1.440284267431272,25-50%
7.0,8.395438215746179,1.3954382157461787,1.3954382157461787,25-50%
5.0,8.20743614766889,3.20743614766889,3.20743614766889,0-25%
9.0,8.440284267431272,-0.5597157325687281,0.5597157325687281,50-75%
9.0,8.395438215746179,-0.6045617842538213,0.6045617842538213,50-75%
5.0,8.126936823435884,3.1269368234358836,3.1269368234358836,0-25%
6.0,7.0119086157730015,1.0119086157730015,1.0119086157730015,25-50%
6.0,6.934923245488506,0.9349232454885064,0.9349232454885064,25-50%
6.0,6.934923245488506,0.9349232454885064,0.9349232454885064,25-50%
6.0,6.990446102504503,0.990446102504503,0.990446102504503,25-50%
6.0,6.934923245488506,0.9349232454885064,0.9349232454885064,25-50%
6.0,7.0119086157730015,1.0119086157730015,1.0119086157730015,25-50%
6.0,7.0119086157730015,1.0119086157730015,1.0119086157730015,25-50%
6.0,6.990446102504503,0.990446102504503,0.990446102504503,25-50%
6.0,6.990446102504503,0.990446102504503,0.990446102504503,25-50%
6.0,7.0119086157730015,1.0119086157730015,1.0119086157730015,25-50%
6.0,6.877274276219868,0.8772742762198682,0.8772742762198682,25-50%
6.0,6.982687205414459,0.9826872054144591,0.9826872054144591,25-50%
6.0,7.0119086157730015,1.0119086157730015,1.0119086157730015,25-50%
6.0,6.990446102504503,0.990446102504503,0.990446102504503,25-50%
6.0,6.932393747421182,0.9323937474211821,0.9323937474211821,25-50%
6.0,6.643816621046023,0.6438166210460228,0.6438166210460228,25-50%
6.0,7.0119086157730015,1.0119086157730015,1.0119086157730015,25-50%
6.0,6.982687205414459,0.9826872054144591,0.9826872054144591,25-50%
6.0,6.982687205414459,0.9826872054144591,0.9826872054144591,25-50%
6.0,6.97564105020363,0.9756410502036301,0.9756410502036301,25-50%
6.0,6.932393747421182,0.9323937474211821,0.9323937474211821,25-50%
6.0,7.0119086157730015,1.0119086157730015,1.0119086157730015,25-50%
6.0,6.97564105020363,0.9756410502036301,0.9756410502036301,25-50%
6.0,6.946551916617956,0.9465519166179561,0.9465519166179561,25-50%
6.0,6.54906895851026,0.5490689585102597,0.5490689585102597,25-50%
6.0,6.946551916617956,0.9465519166179561,0.9465519166179561,25-50%
6.0,6.990446102504503,0.990446102504503,0.990446102504503,25-50%
6.0,6.48273561572517,0.4827356157251703,0.4827356157251703,25-50%
5.0,6.165287165951866,1.1652871659518658,1.1652871659518658,0-25%
5.0,6.661326399325908,1.6613263993259082,1.6613263993259082,0-25%
5.0,6.685222136246341,1.6852221362463409,1.6852221362463409,0-25%
5.0,6.934923245488506,1.9349232454885064,1.9349232454885064,0-25%
5.0,6.958099097090504,1.9580990970905043,1.9580990970905043,0-25%
5.0,6.877274276219868,1.8772742762198682,1.8772742762198682,0-25%
5.0,6.90028175014316,1.9002817501431597,1.9002817501431597,0-25%
5.0,6.9530998650471005,1.9530998650471005,1.9530998650471005,0-25%
5.0,7.014460540315965,2.014460540315965,2.014460540315965,0-25%
5.0,7.014460540315965,2.014460540315965,2.014460540315965,0-25%
5.0,6.880775904649703,1.8807759046497026,1.8807759046497026,0-25%
5.0,6.9530998650471005,1.9530998650471005,1.9530998650471005,0-25%
5.0,6.9530998650471005,1.9530998650471005,1.9530998650471005,0-25%
5.0,6.958099097090504,1.9580990970905043,1.9580990970905043,0-25%
5.0,6.9530998650471005,1.9530998650471005,1.9530998650471005,0-25%
5.0,6.9530998650471005,1.9530998650471005,1.9530998650471005,0-25%
5.0,6.958099097090504,1.9580990970905043,1.9580990970905043,0-25%
5.0,6.958099097090504,1.9580990970905043,1.9580990970905043,0-25%
5.0,6.9530998650471005,1.9530998650471005,1.9530998650471005,0-25%
5.0,7.073113492237186,2.0731134922371863,2.0731134922371863,0-25%
5.0,7.073113492237186,2.0731134922371863,2.0731134922371863,0-25%
5.0,7.0781881635408626,2.0781881635408626,2.0781881635408626,0-25%
5.0,7.014460540315965,2.014460540315965,2.014460540315965,0-25%
5.0,6.880775904649703,1.8807759046497026,1.8807759046497026,0-25%
5.0,6.628541317441309,1.628541317441309,1.628541317441309,0-25%
5.0,6.958099097090504,1.9580990970905043,1.9580990970905043,0-25%
5.0,6.958099097090504,1.9580990970905043,1.9580990970905043,0-25%
5.0,6.9530998650471005,1.9530998650471005,1.9530998650471005,0-25%
5.0,6.9530998650471005,1.9530998650471005,1.9530998650471005,0-25%
5.0,6.9530998650471005,1.9530998650471005,1.9530998650471005,0-25%
5.0,6.9530998650471005,1.9530998650471005,1.9530998650471005,0-25%
5.0,6.9530998650471005,1.9530998650471005,1.9530998650471005,0-25%
5.0,7.073113492237186,2.0731134922371863,2.0731134922371863,0-25%
5.0,7.014460540315965,2.014460540315965,2.014460540315965,0-25%
5.0,7.014460540315965,2.014460540315965,2.014460540315965,0-25%
5.0,7.014460540315965,2.014460540315965,2.014460540315965,0-25%
5.0,7.014460540315965,2.014460540315965,2.014460540315965,0-25%
5.0,6.48273561572517,1.4827356157251703,1.4827356157251703,0-25%
5.0,6.383728740332227,1.3837287403322271,1.3837287403322271,0-25%
5.0,6.48273561572517,1.4827356157251703,1.4827356157251703,0-25%
5.0,6.662840966373356,1.6628409663733557,1.6628409663733557,0-25%
5.0,6.895318838624293,1.8953188386242932,1.8953188386242932,0-25%
5.0,7.0009732384231045,2.0009732384231045,2.0009732384231045,0-25%
5.0,7.073113492237186,2.0731134922371863,2.0731134922371863,0-25%
5.0,7.014460540315965,2.014460540315965,2.014460540315965,0-25%
5.0,7.014460540315965,2.014460540315965,2.014460540315965,0-25%
5.0,6.885729674638504,1.8857296746385037,1.8857296746385037,0-25%
5.0,6.93319751579002,1.9331975157900203,1.9331975157900203,0-25%
5.0,6.117583915115556,1.1175839151155564,1.1175839151155564,0-25%
5.0,6.117583915115556,1.1175839151155564,1.1175839151155564,0-25%
5.0,6.165287165951866,1.1652871659518658,1.1652871659518658,0-25%
5.0,7.067771399427691,2.0677713994276914,2.0677713994276914,0-25%
5.0,7.014460540315965,2.014460540315965,2.014460540315965,0-25%
5.0,6.633336535512967,1.6333365355129672,1.6333365355129672,0-25%
5.0,6.628541317441309,1.628541317441309,1.628541317441309,0-25%
5.0,6.866151969039934,1.866151969039934,1.866151969039934,0-25%
5.0,7.014460540315965,2.014460540315965,2.014460540315965,0-25%
5.0,7.014460540315965,2.014460540315965,2.014460540315965,0-25%
5.0,6.5374400195528155,1.5374400195528155,1.5374400195528155,0-25%
16.0,7.92007036958247,-8.07992963041753,8.07992963041753,75-100%
16.0,8.28868721106028,-7.71131278893972,7.71131278893972,75-100%
16.0,7.009077695832501,-8.990922304167498,8.990922304167498,75-100%
16.0,8.26921336319393,-7.730786636806069,7.730786636806069,75-100%
16.0,7.009077695832501,-8.990922304167498,8.990922304167498,75-100%
16.0,7.155449383865836,-8.844550616134164,8.844550616134164,75-100%
16.0,7.866057287984121,-8.13394271201588,8.13394271201588,75-100%
16.0,8.281267075172511,-7.7187329248274885,7.7187329248274885,75-100%
4.0,6.701695511519647,2.701695511519647,2.701695511519647,0-25%
4.0,6.701695511519647,2.701695511519647,2.701695511519647,0-25%
16.0,7.3364819903442156,-8.663518009655785,8.663518009655785,75-100%
16.0,7.361793461884285,-8.638206538115714,8.638206538115714,75-100%
16.0,7.827247884934892,-8.172752115065109,8.172752115065109,75-100%
16.0,8.028614603173814,-7.971385396826186,7.971385396826186,75-100%
16.0,8.028614603173814,-7.971385396826186,7.971385396826186,75-100%
16.0,8.281267075172511,-7.7187329248274885,7.7187329248274885,75-100%
4.0,7.004046439326817,3.0040464393268174,3.0040464393268174,0-25%
4.0,6.701695511519647,2.701695511519647,2.701695511519647,0-25%
4.0,6.701695511519647,2.701695511519647,2.701695511519647,0-25%
4.0,6.701695511519647,2.701695511519647,2.701695511519647,0-25%
4.0,7.009077695832501,3.0090776958325014,3.0090776958325014,0-25%
4.0,7.009077695832501,3.0090776958325014,3.0090776958325014,0-25%
16.0,7.059484422573711,-8.94051557742629,8.94051557742629,75-100%
16.0,7.8184618649536395,-8.18153813504636,8.18153813504636,75-100%
16.0,8.028614603173814,-7.971385396826186,7.971385396826186,75-100%
16.0,8.028614603173814,-7.971385396826186,7.971385396826186,75-100%
4.0,7.009077695832501,3.0090776958325014,3.0090776958325014,0-25%
4.0,7.009077695832501,3.0090776958325014,3.0090776958325014,0-25%
16.0,7.605632504571361,-8.39436749542864,8.39436749542864,75-100%
16.0,8.028614603173814,-7.971385396826186,7.971385396826186,75-100%
4.0,7.345308359938515,3.3453083599385147,3.3453083599385147,0-25%
4.0,7.009077695832501,3.0090776958325014,3.0090776958325014,0-25%
4.0,7.009077695832501,3.0090776958325014,3.0090776958325014,0-25%
4.0,7.199696604369143,3.1996966043691426,3.1996966043691426,0-25%
4.0,7.009077695832501,3.0090776958325014,3.0090776958325014,0-25%
4.0,7.009077695832501,3.0090776958325014,3.0090776958325014,0-25%
4.0,7.009077695832501,3.0090776958325014,3.0090776958325014,0-25%
4.0,7.009077695832501,3.0090776958325014,3.0090776958325014,0-25%
4.0,6.701695511519647,2.701695511519647,2.701695511519647,0-25%
4.0,6.681771752898524,2.6817717528985243,2.6817717528985243,0-25%
4.0,6.701695511519647,2.701695511519647,2.701695511519647,0-25%
4.0,6.701695511519647,2.701695511519647,2.701695511519647,0-25%
4.0,6.701695511519647,2.701695511519647,2.701695511519647,0-25%
3.0,7.226079458207881,4.226079458207881,4.226079458207881,0-25%
3.0,8.240643798386435,5.240643798386435,5.240643798386435,0-25%
3.0,6.8658107198400105,3.8658107198400105,3.8658107198400105,0-25%
3.0,7.692339320514831,4.692339320514831,4.692339320514831,0-25%
3.0,7.905080553100193,4.905080553100193,4.905080553100193,0-25%
3.0,8.240643798386435,5.240643798386435,5.240643798386435,0-25%
3.0,8.178419709323645,5.178419709323645,5.178419709323645,0-25%
3.0,8.240643798386435,5.240643798386435,5.240643798386435,0-25%
3.0,8.13439345026693,5.134393450266931,5.134393450266931,0-25%
3.0,8.154276106789835,5.154276106789835,5.154276106789835,0-25%
3.0,8.23483887914442,5.234838879144419,5.234838879144419,0-25%
3.0,8.167745735798977,5.167745735798977,5.167745735798977,0-25%
3.0,8.23483887914442,5.234838879144419,5.234838879144419,0-25%
3.0,8.23483887914442,5.234838879144419,5.234838879144419,0-25%
3.0,8.240643798386435,5.240643798386435,5.240643798386435,0-25%
3.0,8.23483887914442,5.234838879144419,5.234838879144419,0-25%
3.0,8.23483887914442,5.234838879144419,5.234838879144419,0-25%
3.0,8.240643798386435,5.240643798386435,5.240643798386435,0-25%
2.0,7.899486432757255,5.899486432757255,5.899486432757255,0-25%
2.0,7.334807438488227,5.334807438488227,5.334807438488227,0-25%
3.0,8.240643798386435,5.240643798386435,5.240643798386435,0-25%
3.0,8.240643798386435,5.240643798386435,5.240643798386435,0-25%
3.0,8.23483887914442,5.234838879144419,5.234838879144419,0-25%
3.0,8.23483887914442,5.234838879144419,5.234838879144419,0-25%
4.0,8.23483887914442,4.234838879144419,4.234838879144419,0-25%
4.0,8.23483887914442,4.234838879144419,4.234838879144419,0-25%
5.0,8.23483887914442,3.2348388791444194,3.2348388791444194,0-25%
2.0,8.167745735798977,6.167745735798977,6.167745735798977,0-25%
2.0,8.167745735798977,6.167745735798977,6.167745735798977,0-25%
2.0,8.14852544323452,6.14852544323452,6.14852544323452,0-25%
2.0,7.232071484821803,5.232071484821803,5.232071484821803,0-25%
3.0,7.2372460753901136,4.2372460753901136,4.2372460753901136,0-25%
3.0,7.2011787981949436,4.2011787981949436,4.2011787981949436,0-25%
4.0,7.226079458207881,3.226079458207881,3.226079458207881,0-25%
4.0,7.867110075346419,3.867110075346419,3.867110075346419,0-25%
4.0,8.167745735798977,4.167745735798977,4.167745735798977,0-25%
5.0,8.189207467865511,3.1892074678655113,3.1892074678655113,0-25%
5.0,8.23483887914442,3.2348388791444194,3.2348388791444194,0-25%
5.0,8.167745735798977,3.1677457357989773,3.1677457357989773,0-25%
2.0,7.905080553100193,5.905080553100193,5.905080553100193,0-25%
2.0,7.861078551710868,5.861078551710868,5.861078551710868,0-25%
2.0,7.232071484821803,5.232071484821803,5.232071484821803,0-25%
2.0,6.860869462823954,4.860869462823954,4.860869462823954,0-25%
3.0,6.544359649895083,3.5443596498950827,3.5443596498950827,0-25%
4.0,6.563927010843907,2.5639270108439067,2.5639270108439067,0-25%
4.0,6.563927010843907,2.5639270108439067,2.5639270108439067,0-25%
5.0,6.8658107198400105,1.8658107198400105,1.8658107198400105,0-25%
5.0,8.173508481021077,3.173508481021077,3.173508481021077,0-25%
5.0,8.23483887914442,3.2348388791444194,3.2348388791444194,0-25%
5.0,8.128180117002366,3.1281801170023655,3.1281801170023655,0-25%
5.0,8.167745735798977,3.1677457357989773,3.1677457357989773,0-25%
2.0,7.328740631599413,5.328740631599413,5.328740631599413,0-25%
2.0,7.334807438488227,5.334807438488227,5.334807438488227,0-25%
2.0,7.697803230436827,5.697803230436827,5.697803230436827,0-25%
2.0,7.482553867434502,5.482553867434502,5.482553867434502,0-25%
5.0,7.058081863841247,2.058081863841247,2.058081863841247,0-25%
5.0,7.899486432757255,2.8994864327572554,2.8994864327572554,0-25%
5.0,8.154276106789835,3.154276106789835,3.154276106789835,0-25%
5.0,8.14852544323452,3.1485254432345204,3.1485254432345204,0-25%
2.0,8.14852544323452,6.14852544323452,6.14852544323452,0-25%
2.0,7.2011787981949436,5.2011787981949436,5.2011787981949436,0-25%
2.0,7.232071484821803,5.232071484821803,5.232071484821803,0-25%
2.0,7.196026864882552,5.196026864882552,5.196026864882552,0-25%
5.0,6.8658107198400105,1.8658107198400105,1.8658107198400105,0-25%
5.0,7.482553867434502,2.4825538674345022,2.4825538674345022,0-25%
5.0,7.487885908503212,2.4878859085032117,2.4878859085032117,0-25%
5.0,7.899486432757255,2.8994864327572554,2.8994864327572554,0-25%
2.0,7.899486432757255,5.899486432757255,5.899486432757255,0-25%
2.0,7.899486432757255,5.899486432757255,5.899486432757255,0-25%
2.0,7.2011787981949436,5.2011787981949436,5.2011787981949436,0-25%
2.0,7.053019823199303,5.053019823199303,5.053019823199303,0-25%
5.0,7.226079458207881,2.226079458207881,2.226079458207881,0-25%
2.0,7.2011787981949436,5.2011787981949436,5.2011787981949436,0-25%
5.0,6.8658107198400105,1.8658107198400105,1.8658107198400105,0-25%
5.0,7.812464936401284,2.812464936401284,2.812464936401284,0-25%
5.0,8.086315284163044,3.086315284163044,3.086315284163044,0-25%
5.0,8.813132189030291,3.8131321890302914,3.8131321890302914,0-25%
5.0,8.79255883576741,3.7925588357674105,3.7925588357674105,0-25%
5.0,8.79255883576741,3.7925588357674105,3.7925588357674105,0-25%
5.0,8.526935265959967,3.526935265959967,3.526935265959967,0-25%
7.0,8.88494852246714,1.8849485224671394,1.8849485224671394,25-50%
7.0,8.88494852246714,1.8849485224671394,1.8849485224671394,25-50%
7.0,8.891162093557588,1.891162093557588,1.891162093557588,25-50%
7.0,8.891162093557588,1.891162093557588,1.891162093557588,25-50%
5.0,8.88494852246714,3.8849485224671394,3.8849485224671394,0-25%
5.0,8.88494852246714,3.8849485224671394,3.8849485224671394,0-25%
5.0,8.88494852246714,3.8849485224671394,3.8849485224671394,0-25%
5.0,8.891162093557588,3.891162093557588,3.891162093557588,0-25%
5.0,8.813132189030291,3.8131321890302914,3.8131321890302914,0-25%
5.0,8.526935265959967,3.526935265959967,3.526935265959967,0-25%
5.0,7.922444179300523,2.9224441793005234,2.9224441793005234,0-25%
7.0,8.88494852246714,1.8849485224671394,1.8849485224671394,25-50%
7.0,8.88494852246714,1.8849485224671394,1.8849485224671394,25-50%
7.0,8.88494852246714,1.8849485224671394,1.8849485224671394,25-50%
7.0,8.88494852246714,1.8849485224671394,1.8849485224671394,25-50%
7.0,8.88494852246714,1.8849485224671394,1.8849485224671394,25-50%
5.0,8.88494852246714,3.8849485224671394,3.8849485224671394,0-25%
5.0,8.813132189030291,3.8131321890302914,3.8131321890302914,0-25%
5.0,8.813132189030291,3.8131321890302914,3.8131321890302914,0-25%
5.0,8.813132189030291,3.8131321890302914,3.8131321890302914,0-25%
5.0,8.79255883576741,3.7925588357674105,3.7925588357674105,0-25%
7.0,7.779394193734341,0.7793941937343414,0.7793941937343414,25-50%
7.0,7.806050448318846,0.806050448318846,0.806050448318846,25-50%
7.0,8.492276247877161,1.492276247877161,1.492276247877161,25-50%
7.0,8.813132189030291,1.8131321890302914,1.8131321890302914,25-50%
7.0,8.867453602101826,1.8674536021018255,1.8674536021018255,25-50%
6.0,8.88494852246714,2.8849485224671394,2.8849485224671394,25-50%
6.0,8.813132189030291,2.8131321890302914,2.8131321890302914,25-50%
5.0,8.79255883576741,3.7925588357674105,3.7925588357674105,0-25%
5.0,8.532923793812651,3.5329237938126514,3.5329237938126514,0-25%
7.0,7.0762667094040985,0.07626670940409852,0.07626670940409852,25-50%
7.0,7.0972136463418245,0.0972136463418245,0.0972136463418245,25-50%
7.0,7.0972136463418245,0.0972136463418245,0.0972136463418245,25-50%
7.0,7.420381345420244,0.4203813454202443,0.4203813454202443,25-50%
7.0,8.819300617154923,1.8193006171549229,1.8193006171549229,25-50%
7.0,8.88494852246714,1.8849485224671394,1.8849485224671394,25-50%
6.0,8.80192188402852,2.80192188402852,2.80192188402852,25-50%
5.0,8.813132189030291,3.8131321890302914,3.8131321890302914,0-25%
5.0,7.915949638639382,2.9159496386393817,2.9159496386393817,0-25%
7.0,7.626208362097243,0.626208362097243,0.626208362097243,25-50%
7.0,8.526935265959967,1.5269352659599669,1.5269352659599669,25-50%
7.0,8.798714331706025,1.7987143317060248,1.7987143317060248,25-50%
7.0,7.420381345420244,0.4203813454202443,0.4203813454202443,25-50%
7.0,8.080607313205299,1.0806073132052987,1.0806073132052987,25-50%
7.0,8.086315284163044,1.0863152841630441,1.0863152841630441,25-50%
3.0,9.137399368124184,6.137399368124184,6.137399368124184,0-25%
3.0,9.137399368124184,6.137399368124184,6.137399368124184,0-25%
3.0,9.131031112195274,6.131031112195274,6.131031112195274,0-25%
3.0,9.131031112195274,6.131031112195274,6.131031112195274,0-25%
3.0,9.131031112195274,6.131031112195274,6.131031112195274,0-25%
3.0,9.131031112195274,6.131031112195274,6.131031112195274,0-25%
3.0,9.131031112195274,6.131031112195274,6.131031112195274,0-25%
3.0,9.057426934413385,6.057426934413385,6.057426934413385,0-25%
3.0,7.966392377810994,4.966392377810994,4.966392377810994,0-25%
3.0,7.92713248969167,4.92713248969167,4.92713248969167,0-25%
3.0,7.954237311630825,4.954237311630825,4.954237311630825,0-25%
3.0,8.680170402253095,5.680170402253095,5.680170402253095,0-25%
3.0,9.057426934413385,6.057426934413385,6.057426934413385,0-25%
3.0,9.113100661457617,6.113100661457617,6.113100661457617,0-25%
3.0,9.131031112195274,6.131031112195274,6.131031112195274,0-25%
3.0,9.057426934413385,6.057426934413385,6.057426934413385,0-25%
3.0,8.9863969114381,5.986396911438099,5.986396911438099,0-25%
3.0,8.721622543005632,5.721622543005632,5.721622543005632,0-25%
3.0,7.440999268765922,4.440999268765922,4.440999268765922,0-25%
3.0,7.11704026979572,4.11704026979572,4.11704026979572,0-25%
3.0,7.0762667094040985,4.0762667094040985,4.0762667094040985,0-25%
3.0,7.11704026979572,4.11704026979572,4.11704026979572,0-25%
3.0,7.11704026979572,4.11704026979572,4.11704026979572,0-25%
3.0,7.440999268765922,4.440999268765922,4.440999268765922,0-25%
3.0,9.063748923556975,6.063748923556975,6.063748923556975,0-25%
3.0,9.131031112195274,6.131031112195274,6.131031112195274,0-25%
3.0,9.045937552501883,6.045937552501883,6.045937552501883,0-25%
3.0,9.057426934413385,6.057426934413385,6.057426934413385,0-25%
3.0,8.065985868632792,5.065985868632792,5.065985868632792,0-25%
3.0,7.11704026979572,4.11704026979572,4.11704026979572,0-25%
3.0,7.647330268039222,4.647330268039222,4.647330268039222,0-25%
3.0,8.715515475684914,5.715515475684914,5.715515475684914,0-25%
3.0,8.992674251882072,5.992674251882072,5.992674251882072,0-25%
3.0,8.9863969114381,5.986396911438099,5.986396911438099,0-25%
3.0,8.9863969114381,5.986396911438099,5.986396911438099,0-25%
3.0,7.92713248969167,4.92713248969167,4.92713248969167,0-25%
3.0,7.440999268765922,4.440999268765922,4.440999268765922,0-25%
3.0,8.233414377235757,5.233414377235757,5.233414377235757,0-25%
3.0,8.239218401051373,5.239218401051373,5.239218401051373,0-25%
3.0,8.715515475684914,5.715515475684914,5.715515475684914,0-25%
3.0,8.715515475684914,5.715515475684914,5.715515475684914,0-25%
3.0,8.715515475684914,5.715515475684914,5.715515475684914,0-25%
3.0,7.92713248969167,4.92713248969167,4.92713248969167,0-25%
3.0,7.954237311630825,4.954237311630825,4.954237311630825,0-25%
3.0,8.239218401051373,5.239218401051373,5.239218401051373,0-25%
3.0,7.966392377810994,4.966392377810994,4.966392377810994,0-25%
3.0,7.966392377810994,4.966392377810994,4.966392377810994,0-25%
18.0,7.115712481271891,-10.884287518728108,10.884287518728108,75-100%
18.0,6.918036754353138,-11.081963245646861,11.081963245646861,75-100%
18.0,6.918036754353138,-11.081963245646861,11.081963245646861,75-100%
18.0,7.211240266341615,-10.788759733658384,10.788759733658384,75-100%
18.0,7.218255712913761,-10.781744287086239,10.781744287086239,75-100%
18.0,7.263070894589668,-10.736929105410333,10.736929105410333,75-100%
18.0,7.218255712913761,-10.781744287086239,10.781744287086239,75-100%
18.0,7.218255712913761,-10.781744287086239,10.781744287086239,75-100%
18.0,7.218255712913761,-10.781744287086239,10.781744287086239,75-100%
18.0,7.328538158669266,-10.671461841330734,10.671461841330734,75-100%
18.0,7.328538158669266,-10.671461841330734,10.671461841330734,75-100%
18.0,7.218255712913761,-10.781744287086239,10.781744287086239,75-100%
18.0,7.2409355611480795,-10.75906443885192,10.75906443885192,75-100%
18.0,7.297990001397402,-10.702009998602598,10.702009998602598,75-100%
18.0,7.275761125726473,-10.724238874273528,10.724238874273528,75-100%
18.0,7.218255712913761,-10.781744287086239,10.781744287086239,75-100%
18.0,7.297990001397402,-10.702009998602598,10.702009998602598,75-100%
18.0,7.297990001397402,-10.702009998602598,10.702009998602598,75-100%
18.0,7.218255712913761,-10.781744287086239,10.781744287086239,75-100%
18.0,7.218255712913761,-10.781744287086239,10.781744287086239,75-100%
18.0,7.218255712913761,-10.781744287086239,10.781744287086239,75-100%
18.0,7.218255712913761,-10.781744287086239,10.781744287086239,75-100%
18.0,7.24202199738947,-10.75797800261053,10.75797800261053,75-100%
18.0,7.444538481253981,-10.555461518746018,10.555461518746018,75-100%
4.0,7.113647413297519,3.113647413297519,3.113647413297519,0-25%
4.0,7.113647413297519,3.113647413297519,3.113647413297519,0-25%
4.0,7.192366782237311,3.192366782237311,3.192366782237311,0-25%
4.0,7.192366782237311,3.192366782237311,3.192366782237311,0-25%
4.0,7.192366782237311,3.192366782237311,3.192366782237311,0-25%
4.0,7.113647413297519,3.113647413297519,3.113647413297519,0-25%
4.0,7.105013601092522,3.105013601092522,3.105013601092522,0-25%
4.0,7.113647413297519,3.113647413297519,3.113647413297519,0-25%
4.0,7.105013601092522,3.105013601092522,3.105013601092522,0-25%
4.0,7.113647413297519,3.113647413297519,3.113647413297519,0-25%
4.0,7.153801413257181,3.153801413257181,3.153801413257181,0-25%
4.0,7.105013601092522,3.105013601092522,3.105013601092522,0-25%
4.0,7.105013601092522,3.105013601092522,3.105013601092522,0-25%
4.0,7.105013601092522,3.105013601092522,3.105013601092522,0-25%
4.0,7.195166093889245,3.195166093889245,3.195166093889245,0-25%
4.0,7.195166093889245,3.195166093889245,3.195166093889245,0-25%
4.0,7.153801413257181,3.153801413257181,3.153801413257181,0-25%
4.0,7.1836492039757305,3.1836492039757305,3.1836492039757305,0-25%
4.0,7.084404673991207,3.084404673991207,3.084404673991207,0-25%
4.0,7.105013601092522,3.105013601092522,3.105013601092522,0-25%
4.0,7.105013601092522,3.105013601092522,3.105013601092522,0-25%
4.0,7.195166093889245,3.195166093889245,3.195166093889245,0-25%
4.0,7.195166093889245,3.195166093889245,3.195166093889245,0-25%
4.0,7.105013601092522,3.105013601092522,3.105013601092522,0-25%
4.0,7.153801413257181,3.153801413257181,3.153801413257181,0-25%
4.0,7.195166093889245,3.195166093889245,3.195166093889245,0-25%
4.0,7.188170357580968,3.188170357580968,3.188170357580968,0-25%
4.0,6.844536453006156,2.844536453006156,2.844536453006156,0-25%
4.0,7.22252609899359,3.2225260989935904,3.2225260989935904,0-25%
4.0,7.105013601092522,3.105013601092522,3.105013601092522,0-25%
4.0,7.162487196356844,3.162487196356844,3.162487196356844,0-25%
4.0,6.949532509386756,2.9495325093867564,2.9495325093867564,0-25%
4.0,7.106721264742204,3.1067212647422036,3.1067212647422036,0-25%
4.0,7.192366782237311,3.192366782237311,3.192366782237311,0-25%
10.0,8.120875635544467,-1.8791243644555333,1.8791243644555333,50-75%
10.0,8.545210018671686,-1.4547899813283145,1.4547899813283145,50-75%
10.0,7.7689552019943475,-2.2310447980056525,2.2310447980056525,50-75%
10.0,8.093266392967267,-1.9067336070327325,1.9067336070327325,50-75%
10.0,8.58570846812359,-1.41429153187641,1.41429153187641,50-75%
10.0,8.510153501112661,-1.4898464988873386,1.4898464988873386,50-75%
10.0,8.549463851342608,-1.4505361486573918,1.4505361486573918,50-75%
10.0,7.406461886973322,-2.5935381130266784,2.5935381130266784,50-75%
10.0,8.120875635544467,-1.8791243644555333,1.8791243644555333,50-75%
10.0,8.549463851342608,-1.4505361486573918,1.4505361486573918,50-75%
10.0,8.560030018074867,-1.4399699819251328,1.4399699819251328,50-75%
10.0,8.598173751255835,-1.4018262487441646,1.4018262487441646,50-75%
10.0,8.120875635544467,-1.8791243644555333,1.8791243644555333,50-75%
10.0,8.58570846812359,-1.41429153187641,1.41429153187641,50-75%
10.0,8.507513584159767,-1.492486415840233,1.492486415840233,50-75%
10.0,8.557622637502641,-1.4423773624973588,1.4423773624973588,50-75%
27.5,8.12999608832219,-19.37000391167781,19.37000391167781,75-100%
19.0,7.783899286649254,-11.216100713350746,11.216100713350746,75-100%
14.5,7.783899286649254,-6.716100713350746,6.716100713350746,50-75%
10.0,8.549463851342608,-1.4505361486573918,1.4505361486573918,50-75%
10.0,8.598173751255835,-1.4018262487441646,1.4018262487441646,50-75%
10.0,8.542316771204815,-1.4576832287951849,1.4576832287951849,50-75%
10.0,8.557622637502641,-1.4423773624973588,1.4423773624973588,50-75%
27.5,8.598173751255835,-18.901826248744165,18.901826248744165,75-100%
27.5,8.387371768575136,-19.112628231424864,19.112628231424864,75-100%
27.5,8.598173751255835,-18.901826248744165,18.901826248744165,75-100%
27.5,8.557622637502641,-18.94237736249736,18.94237736249736,75-100%
27.5,8.557622637502641,-18.94237736249736,18.94237736249736,75-100%
19.0,8.510153501112661,-10.489846498887339,10.489846498887339,75-100%
14.5,8.510153501112661,-5.9898464988873386,5.9898464988873386,50-75%
10.0,8.598173751255835,-1.4018262487441646,1.4018262487441646,50-75%
10.0,8.550747020838365,-1.4492529791616349,1.4492529791616349,50-75%
10.0,8.588506641101027,-1.4114933588989729,1.4114933588989729,50-75%
10.0,8.552251444120616,-1.4477485558793841,1.4477485558793841,50-75%
27.5,8.340759379410127,-19.159240620589873,19.159240620589873,75-100%
27.5,8.58570846812359,-18.914291531876408,18.914291531876408,75-100%
27.5,8.560030018074867,-18.93996998192513,18.93996998192513,75-100%
27.5,8.598173751255835,-18.901826248744165,18.901826248744165,75-100%
27.5,8.58570846812359,-18.914291531876408,18.914291531876408,75-100%
27.5,8.561932037959112,-18.93806796204089,18.93806796204089,75-100%
27.5,8.574366402152517,-18.925633597847483,18.925633597847483,75-100%
27.5,8.598173751255835,-18.901826248744165,18.901826248744165,75-100%
27.5,8.574366402152517,-18.925633597847483,18.925633597847483,75-100%
27.5,8.574366402152517,-18.925633597847483,18.925633597847483,75-100%
27.5,8.585262222646898,-18.914737777353103,18.914737777353103,75-100%
33.0,8.433446666735726,-24.566553333264274,24.566553333264274,75-100%
32.5,8.608537528125728,-23.89146247187427,23.89146247187427,75-100%
29.0,8.4185937248758,-20.581406275124202,20.581406275124202,75-100%
33.0,8.458554966286808,-24.54144503371319,24.54144503371319,75-100%
33.0,8.458554966286808,-24.54144503371319,24.54144503371319,75-100%
33.0,8.421343115234796,-24.578656884765202,24.578656884765202,75-100%
29.0,8.682568740636468,-20.31743125936353,20.31743125936353,75-100%
33.0,8.435093928184028,-24.564906071815972,24.564906071815972,75-100%
32.5,8.177046067292794,-24.322953932707208,24.322953932707208,75-100%
32.5,8.4185937248758,-24.081406275124202,24.081406275124202,75-100%
29.0,8.608537528125728,-20.39146247187427,20.39146247187427,75-100%
29.0,8.608537528125728,-20.39146247187427,20.39146247187427,75-100%
29.0,8.608537528125728,-20.39146247187427,20.39146247187427,75-100%
29.0,8.608537528125728,-20.39146247187427,20.39146247187427,75-100%
33.0,8.556734163227643,-24.443265836772355,24.443265836772355,75-100%
33.0,8.435093928184028,-24.564906071815972,24.564906071815972,75-100%
32.5,8.458554966286808,-24.04144503371319,24.04144503371319,75-100%
32.5,8.421343115234796,-24.078656884765202,24.078656884765202,75-100%
32.5,8.458554966286808,-24.04144503371319,24.04144503371319,75-100%
32.5,8.19871189683426,-24.30128810316574,24.30128810316574,75-100%
32.0,8.458554966286808,-23.54144503371319,23.54144503371319,75-100%
29.0,8.435093928184028,-20.564906071815972,20.564906071815972,75-100%
29.0,8.608537528125728,-20.39146247187427,20.39146247187427,75-100%
29.0,8.586507545281517,-20.413492454718483,20.413492454718483,75-100%
33.0,8.435093928184028,-24.564906071815972,24.564906071815972,75-100%
32.5,8.682568740636468,-23.81743125936353,23.81743125936353,75-100%
32.5,8.435093928184028,-24.064906071815972,24.064906071815972,75-100%
32.5,8.458554966286808,-24.04144503371319,24.04144503371319,75-100%
32.5,8.458554966286808,-24.04144503371319,24.04144503371319,75-100%
32.5,8.458554966286808,-24.04144503371319,24.04144503371319,75-100%
32.5,8.458554966286808,-24.04144503371319,24.04144503371319,75-100%
32.0,8.435093928184028,-23.564906071815972,23.564906071815972,75-100%
32.0,8.586507545281517,-23.413492454718483,23.413492454718483,75-100%
29.0,8.458554966286808,-20.54144503371319,20.54144503371319,75-100%
29.0,8.586507545281517,-20.413492454718483,20.413492454718483,75-100%
33.0,8.422840439109738,-24.577159560890262,24.577159560890262,75-100%
32.5,8.682568740636468,-23.81743125936353,23.81743125936353,75-100%
32.5,8.435093928184028,-24.064906071815972,24.064906071815972,75-100%
32.5,8.458554966286808,-24.04144503371319,24.04144503371319,75-100%
32.5,8.458554966286808,-24.04144503371319,24.04144503371319,75-100%
32.5,8.458554966286808,-24.04144503371319,24.04144503371319,75-100%
32.0,8.458554966286808,-23.54144503371319,23.54144503371319,75-100%
32.0,8.608537528125728,-23.39146247187427,23.39146247187427,75-100%
32.0,8.608537528125728,-23.39146247187427,23.39146247187427,75-100%
32.0,8.388473011768866,-23.611526988231134,23.611526988231134,75-100%
32.5,8.461316021768548,-24.038683978231454,24.038683978231454,75-100%
32.5,8.371815093087848,-24.128184906912153,24.128184906912153,75-100%
32.0,8.458554966286808,-23.54144503371319,23.54144503371319,75-100%
32.0,8.574474172867184,-23.425525827132816,23.425525827132816,75-100%
32.0,8.608537528125728,-23.39146247187427,23.39146247187427,75-100%
32.0,8.41055361960653,-23.58944638039347,23.58944638039347,75-100%
32.0,8.44627100803264,-23.55372899196736,23.55372899196736,75-100%
4.0,8.141989373214967,4.141989373214967,4.141989373214967,0-25%
4.0,8.096816752181084,4.096816752181084,4.096816752181084,0-25%
4.0,8.141989373214967,4.141989373214967,4.141989373214967,0-25%
4.0,8.169213259453528,4.169213259453528,4.169213259453528,0-25%
4.0,8.141989373214967,4.141989373214967,4.141989373214967,0-25%
4.0,8.130116543145164,4.130116543145164,4.130116543145164,0-25%
4.0,8.141989373214967,4.141989373214967,4.141989373214967,0-25%
4.0,8.181136931006769,4.181136931006769,4.181136931006769,0-25%
4.0,8.142347746968067,4.142347746968067,4.142347746968067,0-25%
4.0,8.095594569482765,4.095594569482765,4.095594569482765,0-25%
4.0,8.119313545693249,4.119313545693249,4.119313545693249,0-25%
4.0,8.142347746968067,4.142347746968067,4.142347746968067,0-25%
4.0,7.60851710737664,3.60851710737664,3.60851710737664,0-25%
4.0,8.141989373214967,4.141989373214967,4.141989373214967,0-25%
4.0,8.244247757418531,4.244247757418531,4.244247757418531,0-25%
4.0,8.244247757418531,4.244247757418531,4.244247757418531,0-25%
4.0,8.119313545693249,4.119313545693249,4.119313545693249,0-25%
4.0,7.60851710737664,3.60851710737664,3.60851710737664,0-25%
4.0,8.181136931006769,4.181136931006769,4.181136931006769,0-25%
4.0,8.107470165039308,4.107470165039308,4.107470165039308,0-25%
4.0,8.119313545693249,4.119313545693249,4.119313545693249,0-25%
4.0,8.0742529710118,4.0742529710118,4.0742529710118,0-25%
4.0,8.141989373214967,4.141989373214967,4.141989373214967,0-25%
4.0,8.141989373214967,4.141989373214967,4.141989373214967,0-25%
4.0,7.4951783677543755,3.4951783677543755,3.4951783677543755,0-25%
4.0,8.091542914024046,4.091542914024046,4.091542914024046,0-25%
9.5,8.105658544826959,-1.3943414551730413,1.3943414551730413,50-75%
9.5,8.211475850711896,-1.2885241492881043,1.2885241492881043,50-75%
9.5,8.119313545693249,-1.3806864543067512,1.3806864543067512,50-75%
9.5,7.60851710737664,-1.89148289262336,1.89148289262336,50-75%
9.5,7.971211705656501,-1.5287882943434994,1.5287882943434994,50-75%
9.5,8.055638124983219,-1.4443618750167815,1.4443618750167815,50-75%
9.5,8.211475850711896,-1.2885241492881043,1.2885241492881043,50-75%
9.5,8.107470165039308,-1.3925298349606923,1.3925298349606923,50-75%
9.5,8.107470165039308,-1.3925298349606923,1.3925298349606923,50-75%
9.5,8.107470165039308,-1.3925298349606923,1.3925298349606923,50-75%
9.5,7.995089708978031,-1.504910291021969,1.504910291021969,50-75%
9.5,8.103365582834508,-1.396634417165492,1.396634417165492,50-75%
9.5,8.055638124983219,-1.4443618750167815,1.4443618750167815,50-75%
9.5,8.083072832439335,-1.4169271675606652,1.4169271675606652,50-75%
9.5,8.22305300026559,-1.2769469997344096,1.2769469997344096,50-75%
9.5,8.119313545693249,-1.3806864543067512,1.3806864543067512,50-75%
9.5,8.107470165039308,-1.3925298349606923,1.3925298349606923,50-75%
9.5,7.60851710737664,-1.89148289262336,1.89148289262336,50-75%
9.5,8.066130590499878,-1.4338694095001223,1.4338694095001223,50-75%
9.5,8.130116543145164,-1.3698834568548364,1.3698834568548364,50-75%
9.5,8.130116543145164,-1.3698834568548364,1.3698834568548364,50-75%
9.5,8.009796413842874,-1.4902035861571257,1.4902035861571257,50-75%
9.5,8.244247757418531,-1.255752242581469,1.255752242581469,50-75%
9.5,8.119313545693249,-1.3806864543067512,1.3806864543067512,50-75%
9.5,7.995089708978031,-1.504910291021969,1.504910291021969,50-75%
9.5,8.141989373214967,-1.358010626785033,1.358010626785033,50-75%
9.5,8.130116543145164,-1.3698834568548364,1.3698834568548364,50-75%
6.25,8.141989373214967,1.891989373214967,1.891989373214967,25-50%
6.25,8.130116543145164,1.8801165431451636,1.8801165431451636,25-50%
6.25,8.141989373214967,1.891989373214967,1.891989373214967,25-50%
6.25,8.119313545693249,1.8693135456932488,1.8693135456932488,25-50%
3.0,8.130116543145164,5.130116543145164,5.130116543145164,0-25%
5.0,8.194677668640157,3.194677668640157,3.194677668640157,0-25%
5.0,8.118381686778239,3.118381686778239,3.118381686778239,0-25%
7.25,8.103365582834508,0.8533655828345079,0.8533655828345079,25-50%
7.25,8.130116543145164,0.8801165431451636,0.8801165431451636,25-50%
5.833333333333332,8.130116543145164,2.2967832098118315,2.2967832098118315,25-50%
6.25,8.181136931006769,1.931136931006769,1.931136931006769,25-50%
6.25,8.142347746968067,1.892347746968067,1.892347746968067,25-50%
6.25,8.240571726511398,1.9905717265113978,1.9905717265113978,25-50%
3.0,8.240571726511398,5.240571726511398,5.240571726511398,0-25%
3.0,8.130116543145164,5.130116543145164,5.130116543145164,0-25%
5.0,8.194677668640157,3.194677668640157,3.194677668640157,0-25%
5.0,8.182736411540667,3.1827364115406667,3.1827364115406667,0-25%
5.0,8.194677668640157,3.194677668640157,3.194677668640157,0-25%
5.0,8.182736411540667,3.1827364115406667,3.1827364115406667,0-25%
4.0,8.0742529710118,4.0742529710118,4.0742529710118,0-25%
4.0,8.217651374920706,4.217651374920706,4.217651374920706,0-25%
3.0,8.089407627721688,5.0894076277216875,5.0894076277216875,0-25%
3.0,7.60851710737664,4.60851710737664,4.60851710737664,0-25%
3.0,7.4497484200778255,4.4497484200778255,4.4497484200778255,0-25%
3.0,8.181136931006769,5.181136931006769,5.181136931006769,0-25%
5.0,8.194677668640157,3.194677668640157,3.194677668640157,0-25%
5.0,8.194677668640157,3.194677668640157,3.194677668640157,0-25%
5.0,8.182736411540667,3.1827364115406667,3.1827364115406667,0-25%
5.0,8.159959514899814,3.159959514899814,3.159959514899814,0-25%
5.0,8.12655087924394,3.12655087924394,3.12655087924394,0-25%
4.0,8.141989373214967,4.141989373214967,4.141989373214967,0-25%
4.0,8.13577087310479,4.135770873104789,4.135770873104789,0-25%
4.0,8.181136931006769,4.181136931006769,4.181136931006769,0-25%
3.0,8.181136931006769,5.181136931006769,5.181136931006769,0-25%
3.0,8.134543456811695,5.134543456811695,5.134543456811695,0-25%
3.0,8.049239209839616,5.049239209839616,5.049239209839616,0-25%
5.0,8.194677668640157,3.194677668640157,3.194677668640157,0-25%
5.0,8.194677668640157,3.194677668640157,3.194677668640157,0-25%
5.0,8.18842332926595,3.18842332926595,3.18842332926595,0-25%
5.0,8.100526680505192,3.100526680505192,3.100526680505192,0-25%
5.0,8.18842332926595,3.18842332926595,3.18842332926595,0-25%
5.0,8.195038107819217,3.195038107819217,3.195038107819217,0-25%
4.0,8.033608217351754,4.033608217351754,4.033608217351754,0-25%
3.0,7.634654539931277,4.634654539931277,4.634654539931277,0-25%
3.0,7.60851710737664,4.60851710737664,4.60851710737664,0-25%
5.0,8.18842332926595,3.18842332926595,3.18842332926595,0-25%
5.0,8.290626645481636,3.2906266454816357,3.2906266454816357,0-25%
5.0,8.149603361083063,3.149603361083063,3.149603361083063,0-25%
4.0,7.646375783597606,3.6463757835976063,3.6463757835976063,0-25%
3.0,8.134543456811695,5.134543456811695,5.134543456811695,0-25%
3.0,7.646375783597606,4.646375783597606,4.646375783597606,0-25%
5.0,8.234050846699706,3.2340508466997058,3.2340508466997058,0-25%
5.0,8.195038107819217,3.195038107819217,3.195038107819217,0-25%
5.0,7.696207694688878,2.696207694688878,2.696207694688878,0-25%
3.0,8.235129270106617,5.235129270106617,5.235129270106617,0-25%
3.0,8.209072829894948,5.209072829894948,5.209072829894948,0-25%
3.0,8.255039147277353,5.255039147277353,5.255039147277353,0-25%
3.0,8.255039147277353,5.255039147277353,5.255039147277353,0-25%
3.0,8.255039147277353,5.255039147277353,5.255039147277353,0-25%
3.0,8.294306458771624,5.294306458771624,5.294306458771624,0-25%
3.0,8.294306458771624,5.294306458771624,5.294306458771624,0-25%
3.0,8.255039147277353,5.255039147277353,5.255039147277353,0-25%
3.0,8.255039147277353,5.255039147277353,5.255039147277353,0-25%
3.0,8.255039147277353,5.255039147277353,5.255039147277353,0-25%
3.0,8.294306458771624,5.294306458771624,5.294306458771624,0-25%
3.0,8.294306458771624,5.294306458771624,5.294306458771624,0-25%
3.0,8.247138659031554,5.247138659031554,5.247138659031554,0-25%
3.0,8.247138659031554,5.247138659031554,5.247138659031554,0-25%
3.0,8.015054389837472,5.015054389837472,5.015054389837472,0-25%
3.0,7.535501043629102,4.535501043629102,4.535501043629102,0-25%
3.0,7.471592382162575,4.471592382162575,4.471592382162575,0-25%
3.0,8.294306458771624,5.294306458771624,5.294306458771624,0-25%
3.0,8.282235812362323,5.282235812362323,5.282235812362323,0-25%
3.0,8.247138659031554,5.247138659031554,5.247138659031554,0-25%
3.0,7.805383894663139,4.805383894663139,4.805383894663139,0-25%
3.0,8.015054389837472,5.015054389837472,5.015054389837472,0-25%
3.0,7.832119059941167,4.832119059941167,4.832119059941167,0-25%
3.0,7.435517813997013,4.435517813997013,4.435517813997013,0-25%
3.0,7.427762017554735,4.427762017554735,4.427762017554735,0-25%
3.0,8.294306458771624,5.294306458771624,5.294306458771624,0-25%
3.0,8.294306458771624,5.294306458771624,5.294306458771624,0-25%
3.0,8.243019497877306,5.243019497877306,5.243019497877306,0-25%
3.0,8.294306458771624,5.294306458771624,5.294306458771624,0-25%
3.0,7.628524674345104,4.628524674345104,4.628524674345104,0-25%
3.0,8.247138659031554,5.247138659031554,5.247138659031554,0-25%
3.0,8.249837999784546,5.249837999784546,5.249837999784546,0-25%
3.0,8.247138659031554,5.247138659031554,5.247138659031554,0-25%
3.0,8.294306458771624,5.294306458771624,5.294306458771624,0-25%
3.0,8.282235812362323,5.282235812362323,5.282235812362323,0-25%
3.0,8.294306458771624,5.294306458771624,5.294306458771624,0-25%
3.0,8.294306458771624,5.294306458771624,5.294306458771624,0-25%
3.0,8.294306458771624,5.294306458771624,5.294306458771624,0-25%
3.0,8.294306458771624,5.294306458771624,5.294306458771624,0-25%
3.0,8.282235812362323,5.282235812362323,5.282235812362323,0-25%
3.0,8.282235812362323,5.282235812362323,5.282235812362323,0-25%
9.0,8.015054389837472,-0.9849456101625282,0.9849456101625282,50-75%
5.0,8.294306458771624,3.294306458771624,3.294306458771624,0-25%
5.0,8.294306458771624,3.294306458771624,3.294306458771624,0-25%
9.0,8.218248023838218,-0.7817519761617824,0.7817519761617824,50-75%
9.0,7.832119059941167,-1.1678809400588328,1.1678809400588328,50-75%
9.0,7.81415688478612,-1.1858431152138804,1.1858431152138804,50-75%
9.0,7.471592382162575,-1.5284076178374253,1.5284076178374253,50-75%
5.0,8.282235812362323,3.282235812362323,3.282235812362323,0-25%
5.0,8.282235812362323,3.282235812362323,3.282235812362323,0-25%
5.0,8.294306458771624,3.294306458771624,3.294306458771624,0-25%
5.0,8.282235812362323,3.282235812362323,3.282235812362323,0-25%
5.0,8.294306458771624,3.294306458771624,3.294306458771624,0-25%
9.0,8.392493058743772,-0.6075069412562275,0.6075069412562275,50-75%
9.0,7.689453229710853,-1.3105467702891467,1.3105467702891467,50-75%
9.0,7.471592382162575,-1.5284076178374253,1.5284076178374253,50-75%
5.0,8.294306458771624,3.294306458771624,3.294306458771624,0-25%
5.0,8.282235812362323,3.282235812362323,3.282235812362323,0-25%
5.0,8.282235812362323,3.282235812362323,3.282235812362323,0-25%
5.0,8.282235812362323,3.282235812362323,3.282235812362323,0-25%
5.0,8.294306458771624,3.294306458771624,3.294306458771624,0-25%
5.0,8.282235812362323,3.282235812362323,3.282235812362323,0-25%
5.0,8.294306458771624,3.294306458771624,3.294306458771624,0-25%
9.0,8.154362709088588,-0.8456372909114123,0.8456372909114123,50-75%
9.0,7.942481837471836,-1.0575181625281642,1.0575181625281642,50-75%
9.0,7.942481837471836,-1.0575181625281642,1.0575181625281642,50-75%
9.0,7.471592382162575,-1.5284076178374253,1.5284076178374253,50-75%
5.0,8.297019568320431,3.2970195683204313,3.2970195683204313,0-25%
5.0,8.294306458771624,3.294306458771624,3.294306458771624,0-25%
5.0,8.251080908302427,3.251080908302427,3.251080908302427,0-25%
5.0,8.297019568320431,3.2970195683204313,3.2970195683204313,0-25%
5.0,8.297019568320431,3.2970195683204313,3.2970195683204313,0-25%
5.0,8.297019568320431,3.2970195683204313,3.2970195683204313,0-25%
5.0,8.282235812362323,3.282235812362323,3.282235812362323,0-25%
5.0,8.294306458771624,3.294306458771624,3.294306458771624,0-25%
9.0,7.832119059941167,-1.1678809400588328,1.1678809400588328,50-75%
9.0,7.840918686874503,-1.1590813131254967,1.1590813131254967,50-75%
9.0,7.852919926956991,-1.1470800730430089,1.1470800730430089,50-75%
9.0,7.805383894663139,-1.194616105336861,1.194616105336861,50-75%
5.0,8.251080908302427,3.251080908302427,3.251080908302427,0-25%
5.0,8.284945398357632,3.2849453983576318,3.2849453983576318,0-25%
5.0,8.159910997790671,3.1599109977906714,3.1599109977906714,0-25%
5.0,8.297019568320431,3.2970195683204313,3.2970195683204313,0-25%
5.0,8.387785282763414,3.3877852827634136,3.3877852827634136,0-25%
9.0,7.840918686874503,-1.1590813131254967,1.1590813131254967,50-75%
9.0,7.689453229710853,-1.3105467702891467,1.3105467702891467,50-75%
9.0,7.666386556693215,-1.3336134433067848,1.3336134433067848,50-75%
9.0,7.698110715661528,-1.301889284338472,1.301889284338472,50-75%
9.0,7.471592382162575,-1.5284076178374253,1.5284076178374253,50-75%
9.0,7.471592382162575,-1.5284076178374253,1.5284076178374253,50-75%
5.0,8.400430806217802,3.400430806217802,3.400430806217802,0-25%
5.0,8.297019568320431,3.2970195683204313,3.2970195683204313,0-25%
5.0,8.251080908302427,3.251080908302427,3.251080908302427,0-25%
5.0,8.360715132295761,3.360715132295761,3.360715132295761,0-25%
5.0,8.352724434612249,3.3527244346122487,3.3527244346122487,0-25%
5.0,7.942481837471836,2.942481837471836,2.942481837471836,0-25%
9.0,7.471592382162575,-1.5284076178374253,1.5284076178374253,50-75%
5.0,8.248381204836745,3.248381204836745,3.248381204836745,0-25%
14.0,8.000526660034359,-5.9994733399656415,5.9994733399656415,50-75%
14.0,7.882026768024995,-6.117973231975005,6.117973231975005,50-75%
14.0,8.447861036505632,-5.552138963494368,5.552138963494368,50-75%
14.0,8.027854323509786,-5.972145676490214,5.972145676490214,50-75%
14.0,8.273196839100198,-5.726803160899802,5.726803160899802,50-75%
14.0,8.41834077277658,-5.581659227223421,5.581659227223421,50-75%
14.0,8.211488411075583,-5.7885115889244165,5.7885115889244165,50-75%
14.0,8.41834077277658,-5.581659227223421,5.581659227223421,50-75%
14.0,8.41834077277658,-5.581659227223421,5.581659227223421,50-75%
14.0,8.406109041260647,-5.593890958739353,5.593890958739353,50-75%
5.0,6.915251610202945,1.9152516102029447,1.9152516102029447,0-25%
5.0,6.915251610202945,1.9152516102029447,1.9152516102029447,0-25%
2.0,8.03878636622707,6.03878636622707,6.03878636622707,0-25%
2.0,7.767979078433521,5.767979078433521,5.767979078433521,0-25%
5.0,6.915251610202945,1.9152516102029447,1.9152516102029447,0-25%
5.0,6.915251610202945,1.9152516102029447,1.9152516102029447,0-25%
5.0,7.8960104282316985,2.8960104282316985,2.8960104282316985,0-25%
2.0,8.03878636622707,6.03878636622707,6.03878636622707,0-25%
2.0,8.03878636622707,6.03878636622707,6.03878636622707,0-25%
2.0,7.668375101957418,5.668375101957418,5.668375101957418,0-25%
2.0,7.829765841152638,5.829765841152638,5.829765841152638,0-25%
2.0,7.767979078433521,5.767979078433521,5.767979078433521,0-25%
2.0,7.767979078433521,5.767979078433521,5.767979078433521,0-25%
5.0,6.611470398216947,1.6114703982169472,1.6114703982169472,0-25%
5.0,7.118805245289019,2.1188052452890194,2.1188052452890194,0-25%
5.0,7.260323763841568,2.2603237638415683,2.2603237638415683,0-25%
2.0,7.994123694410353,5.994123694410353,5.994123694410353,0-25%
2.0,8.049493968898421,6.049493968898421,6.049493968898421,0-25%
2.0,7.467780739004144,5.467780739004144,5.467780739004144,0-25%
2.0,7.767979078433521,5.767979078433521,5.767979078433521,0-25%
2.0,7.747876286712005,5.747876286712005,5.747876286712005,0-25%
5.0,6.611470398216947,1.6114703982169472,1.6114703982169472,0-25%
5.0,6.915251610202945,1.9152516102029447,1.9152516102029447,0-25%
5.0,7.118805245289019,2.1188052452890194,2.1188052452890194,0-25%
5.0,6.974963304623458,1.9749633046234578,1.9749633046234578,0-25%
2.0,8.027047567352737,6.027047567352737,6.027047567352737,0-25%
2.0,8.027047567352737,6.027047567352737,6.027047567352737,0-25%
2.0,8.03878636622707,6.03878636622707,6.03878636622707,0-25%
2.0,7.354342501282293,5.354342501282293,5.354342501282293,0-25%
5.0,6.6133118215538635,1.6133118215538635,1.6133118215538635,0-25%
5.0,6.611470398216947,1.6114703982169472,1.6114703982169472,0-25%
5.0,7.213258452871321,2.2132584528713206,2.2132584528713206,0-25%
5.0,7.227122588834441,2.2271225888344413,2.2271225888344413,0-25%
7.0,7.6428867244042555,0.6428867244042555,0.6428867244042555,25-50%
2.0,8.025251944470146,6.025251944470146,6.025251944470146,0-25%
2.0,8.130134841296886,6.130134841296886,6.130134841296886,0-25%
2.0,8.03878636622707,6.03878636622707,6.03878636622707,0-25%
2.0,8.03878636622707,6.03878636622707,6.03878636622707,0-25%
2.0,7.8264777229214095,5.8264777229214095,5.8264777229214095,0-25%
5.0,6.612045829709026,1.612045829709026,1.612045829709026,0-25%
5.0,6.915251610202945,1.9152516102029447,1.9152516102029447,0-25%
5.0,7.252102020146731,2.252102020146731,2.252102020146731,0-25%
7.0,6.915251610202945,-0.08474838979705535,0.08474838979705535,25-50%
7.0,7.227122588834441,0.22712258883444125,0.22712258883444125,25-50%
7.0,7.680748315938551,0.6807483159385512,0.6807483159385512,25-50%
7.0,7.686861604461493,0.6868616044614928,0.6868616044614928,25-50%
7.0,7.836353085622193,0.8363530856221928,0.8363530856221928,25-50%
2.0,8.027047567352737,6.027047567352737,6.027047567352737,0-25%
2.0,8.027047567352737,6.027047567352737,6.027047567352737,0-25%
2.0,8.027047567352737,6.027047567352737,6.027047567352737,0-25%
2.0,7.357611980536195,5.357611980536195,5.357611980536195,0-25%
5.0,6.612045829709026,1.612045829709026,1.612045829709026,0-25%
5.0,6.915251610202945,1.9152516102029447,1.9152516102029447,0-25%
7.0,7.227122588834441,0.22712258883444125,0.22712258883444125,25-50%
7.0,6.916568029495803,-0.08343197050419704,0.08343197050419704,25-50%
7.0,7.703853214576787,0.7038532145767871,0.7038532145767871,25-50%
7.0,7.808623410674573,0.8086234106745733,0.8086234106745733,25-50%
7.0,7.686861604461493,0.6868616044614928,0.6868616044614928,25-50%
7.0,7.713179076906937,0.713179076906937,0.713179076906937,25-50%
7.0,7.847458774095944,0.8474587740959443,0.8474587740959443,25-50%
7.0,7.8011040015602235,0.8011040015602235,0.8011040015602235,25-50%
7.0,7.227122588834441,0.22712258883444125,0.22712258883444125,25-50%
7.0,7.7725939859315325,0.7725939859315325,0.7725939859315325,25-50%
7.0,7.758307007001055,0.7583070070010551,0.7583070070010551,25-50%
7.0,7.758307007001055,0.7583070070010551,0.7583070070010551,25-50%
7.0,7.6428867244042555,0.6428867244042555,0.6428867244042555,25-50%
11.0,8.03878636622707,-2.96121363377293,2.96121363377293,50-75%
11.0,8.049493968898421,-2.950506031101579,2.950506031101579,50-75%
11.0,8.016488228383391,-2.983511771616609,2.983511771616609,50-75%
7.0,7.807249670371951,0.8072496703719514,0.8072496703719514,25-50%
7.0,7.260323763841568,0.2603237638415683,0.2603237638415683,25-50%
7.0,7.703853214576787,0.7038532145767871,0.7038532145767871,25-50%
7.0,7.769696334870189,0.7696963348701891,0.7696963348701891,25-50%
7.0,7.758307007001055,0.7583070070010551,0.7583070070010551,25-50%
7.0,7.769696334870189,0.7696963348701891,0.7696963348701891,25-50%
7.0,7.758307007001055,0.7583070070010551,0.7583070070010551,25-50%
11.0,8.03878636622707,-2.96121363377293,2.96121363377293,50-75%
11.0,8.049493968898421,-2.950506031101579,2.950506031101579,50-75%
11.0,8.061261957138518,-2.938738042861482,2.938738042861482,50-75%
11.0,8.049493968898421,-2.950506031101579,2.950506031101579,50-75%
11.0,8.016488228383391,-2.983511771616609,2.983511771616609,50-75%
11.0,7.747637629164887,-3.2523623708351126,3.2523623708351126,50-75%
11.0,7.767979078433521,-3.2320209215664786,3.2320209215664786,50-75%
7.0,7.769696334870189,0.7696963348701891,0.7696963348701891,25-50%
7.0,7.7725939859315325,0.7725939859315325,0.7725939859315325,25-50%
7.0,7.808623410674573,0.8086234106745733,0.8086234106745733,25-50%
7.0,7.758307007001055,0.7583070070010551,0.7583070070010551,25-50%
7.0,7.758307007001055,0.7583070070010551,0.7583070070010551,25-50%
7.0,7.807249670371951,0.8072496703719514,0.8072496703719514,25-50%
7.0,7.846343438554493,0.8463434385544932,0.8463434385544932,25-50%
11.0,8.15897378889664,-2.84102621110336,2.84102621110336,50-75%
11.0,8.15897378889664,-2.84102621110336,2.84102621110336,50-75%
11.0,8.049493968898421,-2.950506031101579,2.950506031101579,50-75%
11.0,8.025251944470146,-2.9747480555298544,2.9747480555298544,50-75%
11.0,8.025251944470146,-2.9747480555298544,2.9747480555298544,50-75%
11.0,8.016488228383391,-2.983511771616609,2.983511771616609,50-75%
11.0,7.829524949513547,-3.170475050486453,3.170475050486453,50-75%
7.0,7.758307007001055,0.7583070070010551,0.7583070070010551,25-50%
7.0,7.704718390367339,0.7047183903673391,0.7047183903673391,25-50%
7.0,7.842277121388258,0.8422771213882578,0.8422771213882578,25-50%
11.0,7.606737085906133,-3.3932629140938673,3.3932629140938673,50-75%
11.0,7.448001227916793,-3.5519987720832074,3.5519987720832074,50-75%
11.0,8.100063826365476,-2.899936173634524,2.899936173634524,50-75%
11.0,8.100063826365476,-2.899936173634524,2.899936173634524,50-75%
11.0,8.049493968898421,-2.950506031101579,2.950506031101579,50-75%
11.0,7.496010994013241,-3.5039890059867593,3.5039890059867593,50-75%
11.0,8.047368058294657,-2.9526319417053433,2.9526319417053433,50-75%
11.0,8.15897378889664,-2.84102621110336,2.84102621110336,50-75%
11.0,8.100063826365476,-2.899936173634524,2.899936173634524,50-75%
11.0,8.061261957138518,-2.938738042861482,2.938738042861482,50-75%
11.0,8.061261957138518,-2.938738042861482,2.938738042861482,50-75%
11.0,7.606737085906133,-3.3932629140938673,3.3932629140938673,50-75%
11.0,8.199628796020786,-2.800371203979214,2.800371203979214,50-75%
4.0,8.241108277518059,4.241108277518059,4.241108277518059,0-25%
4.0,8.216352951598417,4.216352951598417,4.216352951598417,0-25%
4.0,8.241108277518059,4.241108277518059,4.241108277518059,0-25%
4.0,8.241108277518059,4.241108277518059,4.241108277518059,0-25%
4.0,8.241108277518059,4.241108277518059,4.241108277518059,0-25%
4.0,8.241108277518059,4.241108277518059,4.241108277518059,0-25%
4.0,8.2531254415616,4.2531254415616,4.2531254415616,0-25%
4.0,8.241108277518059,4.241108277518059,4.241108277518059,0-25%
4.0,8.2531254415616,4.2531254415616,4.2531254415616,0-25%
4.0,8.241108277518059,4.241108277518059,4.241108277518059,0-25%
4.0,8.279884454570652,4.279884454570652,4.279884454570652,0-25%
4.0,8.013190306840187,4.013190306840187,4.013190306840187,0-25%
4.0,8.2531254415616,4.2531254415616,4.2531254415616,0-25%
4.0,8.2531254415616,4.2531254415616,4.2531254415616,0-25%
4.0,8.2531254415616,4.2531254415616,4.2531254415616,0-25%
4.0,8.233219681244952,4.233219681244952,4.233219681244952,0-25%
4.0,8.247925369533256,4.247925369533256,4.247925369533256,0-25%
4.0,8.216341925587122,4.2163419255871215,4.2163419255871215,0-25%
4.0,7.830292803297813,3.830292803297813,3.830292803297813,0-25%
4.0,7.812334342261821,3.8123343422618214,3.8123343422618214,0-25%
4.0,8.245226586934987,4.245226586934987,4.245226586934987,0-25%
4.0,8.208485487506202,4.208485487506202,4.208485487506202,0-25%
4.0,8.233219681244952,4.233219681244952,4.233219681244952,0-25%
4.0,8.247925369533256,4.247925369533256,4.247925369533256,0-25%
4.0,8.353239966566738,4.353239966566738,4.353239966566738,0-25%
4.0,7.68765647271741,3.6876564727174097,3.6876564727174097,0-25%
6.0,8.200269964235245,2.200269964235245,2.200269964235245,25-50%
6.0,8.212234022017583,2.212234022017583,2.212234022017583,25-50%
6.0,8.200269964235245,2.200269964235245,2.200269964235245,25-50%
6.0,8.200269964235245,2.200269964235245,2.200269964235245,25-50%
4.0,8.20716862883962,4.20716862883962,4.20716862883962,0-25%
4.0,8.247925369533256,4.247925369533256,4.247925369533256,0-25%
4.0,8.209856301904328,4.209856301904328,4.209856301904328,0-25%
4.0,8.116104810893246,4.116104810893246,4.116104810893246,0-25%
4.0,7.940632760624827,3.940632760624827,3.940632760624827,0-25%
4.0,7.940632760624827,3.940632760624827,3.940632760624827,0-25%
6.0,8.214923173725875,2.214923173725875,2.214923173725875,25-50%
6.0,8.214923173725875,2.214923173725875,2.214923173725875,25-50%
6.0,8.200269964235245,2.200269964235245,2.200269964235245,25-50%
6.0,8.212234022017583,2.212234022017583,2.212234022017583,25-50%
6.0,8.2531254415616,2.2531254415616004,2.2531254415616004,25-50%
6.0,8.245226586934987,2.2452265869349866,2.2452265869349866,25-50%
4.0,8.013190306840187,4.013190306840187,4.013190306840187,0-25%
4.0,8.013190306840187,4.013190306840187,4.013190306840187,0-25%
4.0,7.830292803297813,3.830292803297813,3.830292803297813,0-25%
4.0,7.839090610693048,3.839090610693048,3.839090610693048,0-25%
4.0,7.8510893692256065,3.8510893692256065,3.8510893692256065,0-25%
6.0,8.214923173725875,2.214923173725875,2.214923173725875,25-50%
6.0,8.385844128537267,2.3858441285372667,2.3858441285372667,25-50%
6.0,8.2531254415616,2.2531254415616004,2.2531254415616004,25-50%
6.0,8.233219681244952,2.233219681244952,2.233219681244952,25-50%
6.0,8.20716862883962,2.2071686288396197,2.2071686288396197,25-50%
6.0,7.830292803297813,1.8302928032978132,1.8302928032978132,25-50%
6.0,8.169390170416696,2.169390170416696,2.169390170416696,25-50%
6.0,8.358779575485341,2.3587795754853413,2.3587795754853413,25-50%
6.0,8.350790530074022,2.350790530074022,2.350790530074022,25-50%
6.0,7.940632760624827,1.940632760624827,1.940632760624827,25-50%
6.0,8.20716862883962,2.2071686288396197,2.2071686288396197,25-50%
6.0,8.247648370987644,2.247648370987644,2.247648370987644,25-50%
6.0,7.8035631661691305,1.8035631661691305,1.8035631661691305,25-50%
6.0,8.166714306410464,2.166714306410464,2.166714306410464,25-50%
6.0,7.830292803297813,1.8302928032978132,1.8302928032978132,25-50%
6.0,7.68765647271741,1.6876564727174097,1.6876564727174097,25-50%
6.0,7.8035631661691305,1.8035631661691305,1.8035631661691305,25-50%
6.0,7.8035631661691305,1.8035631661691305,1.8035631661691305,25-50%
6.0,7.533736120015698,1.533736120015698,1.533736120015698,25-50%
6.0,8.241108277518059,2.241108277518059,2.241108277518059,25-50%
6.0,7.839090610693048,1.8390906106930478,1.8390906106930478,25-50%
6.0,7.469840673228092,1.4698406732280924,1.4698406732280924,25-50%
6.0,7.469840673228092,1.4698406732280924,1.4698406732280924,25-50%
6.0,7.469840673228092,1.4698406732280924,1.4698406732280924,25-50%
6.0,7.469840673228092,1.4698406732280924,1.4698406732280924,25-50%
12.0,8.61300662935872,-3.38699337064128,3.38699337064128,50-75%
12.0,8.616557965613916,-3.383442034386084,3.383442034386084,50-75%
12.0,8.616557965613916,-3.383442034386084,3.383442034386084,50-75%
15.0,7.965850287509884,-7.034149712490116,7.034149712490116,50-75%
13.5,8.616557965613916,-4.883442034386084,4.883442034386084,50-75%
13.5,8.616557965613916,-4.883442034386084,4.883442034386084,50-75%
13.5,8.625088430061712,-4.874911569938288,4.874911569938288,50-75%
13.5,8.625088430061712,-4.874911569938288,4.874911569938288,50-75%
12.0,8.616557965613916,-3.383442034386084,3.383442034386084,50-75%
12.0,8.616557965613916,-3.383442034386084,3.383442034386084,50-75%
12.0,8.616557965613916,-3.383442034386084,3.383442034386084,50-75%
15.0,7.96253925363492,-7.03746074636508,7.03746074636508,50-75%
15.0,7.945933064106015,-7.054066935893985,7.054066935893985,50-75%
13.5,8.481636710127816,-5.018363289872184,5.018363289872184,50-75%
13.5,8.61300662935872,-4.88699337064128,4.88699337064128,50-75%
13.5,8.481636710127816,-5.018363289872184,5.018363289872184,50-75%
13.5,8.59519522507784,-4.904804774922161,4.904804774922161,50-75%
13.5,8.625088430061712,-4.874911569938288,4.874911569938288,50-75%
11.5,8.616557965613916,-2.883442034386084,2.883442034386084,50-75%
11.5,8.616557965613916,-2.883442034386084,2.883442034386084,50-75%
11.0,8.616557965613916,-2.383442034386084,2.383442034386084,50-75%
15.0,7.929152566440468,-7.070847433559532,7.070847433559532,50-75%
13.5,8.577196862031629,-4.922803137968371,4.922803137968371,50-75%
13.5,8.577196862031629,-4.922803137968371,4.922803137968371,50-75%
13.5,8.577196862031629,-4.922803137968371,4.922803137968371,50-75%
12.666666666666664,8.515596914122636,-4.1510697525440285,4.1510697525440285,50-75%
12.666666666666664,8.481636710127816,-4.185029956538848,4.185029956538848,50-75%
12.25,8.61300662935872,-3.63699337064128,3.63699337064128,50-75%
11.333333333333336,8.616557965613916,-2.7167753677194195,2.7167753677194195,50-75%
11.333333333333336,8.625088430061712,-2.7082449032716234,2.7082449032716234,50-75%
11.0,8.616557965613916,-2.383442034386084,2.383442034386084,50-75%
11.0,8.616557965613916,-2.383442034386084,2.383442034386084,50-75%
11.0,8.625088430061712,-2.3749115699382877,2.3749115699382877,50-75%
11.0,8.625088430061712,-2.3749115699382877,2.3749115699382877,50-75%
9.0,8.625088430061712,-0.37491156993828767,0.37491156993828767,50-75%
9.0,8.625088430061712,-0.37491156993828767,0.37491156993828767,50-75%
9.0,8.625088430061712,-0.37491156993828767,0.37491156993828767,50-75%
9.0,8.625088430061712,-0.37491156993828767,0.37491156993828767,50-75%
9.0,8.577196862031629,-0.422803137968371,0.422803137968371,50-75%
16.0,8.577196862031629,-7.422803137968371,7.422803137968371,75-100%
16.0,8.577196862031629,-7.422803137968371,7.422803137968371,75-100%
15.5,8.515596914122636,-6.984403085877364,6.984403085877364,75-100%
15.5,8.512820018079706,-6.987179981920294,6.987179981920294,75-100%
12.666666666666664,8.577196862031629,-4.089469804635035,4.089469804635035,50-75%
12.666666666666664,8.515596914122636,-4.1510697525440285,4.1510697525440285,50-75%
12.25,8.495983711012695,-3.754016288987305,3.754016288987305,50-75%
11.333333333333336,8.61300662935872,-2.7203267039746155,2.7203267039746155,50-75%
11.333333333333336,8.625088430061712,-2.7082449032716234,2.7082449032716234,50-75%
11.0,8.616557965613916,-2.383442034386084,2.383442034386084,50-75%
11.0,8.616557965613916,-2.383442034386084,2.383442034386084,50-75%
11.0,8.616557965613916,-2.383442034386084,2.383442034386084,50-75%
11.0,8.616557965613916,-2.383442034386084,2.383442034386084,50-75%
9.0,8.491994388941078,-0.5080056110589215,0.5080056110589215,50-75%
9.0,8.616557965613916,-0.3834420343860838,0.3834420343860838,50-75%
9.0,8.616557965613916,-0.3834420343860838,0.3834420343860838,50-75%
9.0,8.625088430061712,-0.37491156993828767,0.37491156993828767,50-75%
12.5,8.616557965613916,-3.883442034386084,3.883442034386084,50-75%
12.5,8.577196862031629,-3.922803137968371,3.922803137968371,50-75%
12.5,8.577196862031629,-3.922803137968371,3.922803137968371,50-75%
16.0,8.577196862031629,-7.422803137968371,7.422803137968371,75-100%
15.5,8.489224380722357,-7.010775619277643,7.010775619277643,75-100%
12.666666666666664,8.553441544089424,-4.113225122577241,4.113225122577241,50-75%
12.666666666666664,8.553441544089424,-4.113225122577241,4.113225122577241,50-75%
12.25,8.616557965613916,-3.633442034386084,3.633442034386084,50-75%
12.25,8.507104594034125,-3.742895405965875,3.742895405965875,50-75%
11.333333333333336,8.489224380722357,-2.844108952610979,2.844108952610979,50-75%
11.0,8.61300662935872,-2.38699337064128,2.38699337064128,50-75%
11.0,8.616557965613916,-2.383442034386084,2.383442034386084,50-75%
11.0,8.616557965613916,-2.383442034386084,2.383442034386084,50-75%
11.0,8.625088430061712,-2.3749115699382877,2.3749115699382877,50-75%
11.0,8.616557965613916,-2.383442034386084,2.383442034386084,50-75%
9.0,8.512820018079706,-0.48717998192029377,0.48717998192029377,50-75%
9.0,8.491994388941078,-0.5080056110589215,0.5080056110589215,50-75%
9.0,8.560246617319342,-0.43975338268065833,0.43975338268065833,50-75%
12.5,8.515596914122636,-3.9844030858773642,3.9844030858773642,50-75%
12.5,8.515596914122636,-3.9844030858773642,3.9844030858773642,50-75%
12.5,8.560246617319342,-3.9397533826806583,3.9397533826806583,50-75%
16.0,8.491994388941078,-7.5080056110589215,7.5080056110589215,75-100%
15.5,8.616557965613916,-6.883442034386084,6.883442034386084,75-100%
15.5,8.616557965613916,-6.883442034386084,6.883442034386084,75-100%
13.0,8.616557965613916,-4.383442034386084,4.383442034386084,50-75%
13.0,8.616557965613916,-4.383442034386084,4.383442034386084,50-75%
12.666666666666664,8.59519522507784,-4.071471441588825,4.071471441588825,50-75%
11.0,8.616557965613916,-2.383442034386084,2.383442034386084,50-75%
11.0,8.625088430061712,-2.3749115699382877,2.3749115699382877,50-75%
11.0,8.616557965613916,-2.383442034386084,2.383442034386084,50-75%
11.0,8.541824925568843,-2.458175074431157,2.458175074431157,50-75%
11.0,8.616557965613916,-2.383442034386084,2.383442034386084,50-75%
11.0,8.616557965613916,-2.383442034386084,2.383442034386084,50-75%
11.0,8.616557965613916,-2.383442034386084,2.383442034386084,50-75%
9.0,8.495983711012695,-0.5040162889873052,0.5040162889873052,50-75%
9.0,8.55783490598185,-0.44216509401815074,0.44216509401815074,50-75%
12.5,8.555045683805991,-3.944954316194009,3.944954316194009,50-75%
12.5,8.512820018079706,-3.9871799819202938,3.9871799819202938,50-75%
12.5,8.530744691824935,-3.9692553081750646,3.9692553081750646,50-75%
12.5,8.489224380722357,-4.010775619277643,4.010775619277643,50-75%
16.0,8.509879821682365,-7.490120178317635,7.490120178317635,75-100%
16.0,8.625088430061712,-7.374911569938288,7.374911569938288,75-100%
16.0,8.616557965613916,-7.383442034386084,7.383442034386084,75-100%
13.5,8.481636710127816,-5.018363289872184,5.018363289872184,50-75%
11.0,8.625088430061712,-2.3749115699382877,2.3749115699382877,50-75%
11.0,8.507104594034125,-2.492895405965875,2.492895405965875,50-75%
11.0,8.625088430061712,-2.3749115699382877,2.3749115699382877,50-75%
11.0,8.625088430061712,-2.3749115699382877,2.3749115699382877,50-75%
11.0,8.616557965613916,-2.383442034386084,2.383442034386084,50-75%
11.0,8.625088430061712,-2.3749115699382877,2.3749115699382877,50-75%
11.0,8.616557965613916,-2.383442034386084,2.383442034386084,50-75%
11.0,8.625088430061712,-2.3749115699382877,2.3749115699382877,50-75%
9.0,8.515596914122636,-0.48440308587736425,0.48440308587736425,50-75%
9.0,8.502594729925672,-0.4974052700743279,0.4974052700743279,50-75%
12.5,8.512820018079706,-3.9871799819202938,3.9871799819202938,50-75%
12.5,8.495983711012695,-4.004016288987305,4.004016288987305,50-75%
12.5,8.495983711012695,-4.004016288987305,4.004016288987305,50-75%
16.0,8.489224380722357,-7.510775619277643,7.510775619277643,75-100%
16.0,8.491994388941078,-7.5080056110589215,7.5080056110589215,75-100%
16.0,8.475194940206967,-7.524805059793033,7.524805059793033,75-100%
11.0,8.616557965613916,-2.383442034386084,2.383442034386084,50-75%
11.0,8.616557965613916,-2.383442034386084,2.383442034386084,50-75%
11.0,8.616557965613916,-2.383442034386084,2.383442034386084,50-75%
11.0,8.616557965613916,-2.383442034386084,2.383442034386084,50-75%
9.0,8.499821628254674,-0.5001783717453261,0.5001783717453261,50-75%
9.0,8.270622857449013,-0.7293771425509874,0.7293771425509874,50-75%
9.0,8.538134643455587,-0.4618653565444131,0.4618653565444131,50-75%
9.0,8.577196862031629,-0.422803137968371,0.422803137968371,50-75%
12.5,8.512820018079706,-3.9871799819202938,3.9871799819202938,50-75%
16.0,8.512820018079706,-7.487179981920294,7.487179981920294,75-100%
16.0,8.553441544089424,-7.446558455910576,7.446558455910576,75-100%
14.0,7.921725250870081,-6.078274749129919,6.078274749129919,50-75%
14.0,7.5575408526616865,-6.4424591473383135,6.4424591473383135,50-75%
14.0,7.5575408526616865,-6.4424591473383135,6.4424591473383135,50-75%
14.0,7.5575408526616865,-6.4424591473383135,6.4424591473383135,50-75%
14.0,7.5575408526616865,-6.4424591473383135,6.4424591473383135,50-75%
14.0,7.612938751029015,-6.387061248970985,6.387061248970985,50-75%
14.0,7.991670058164279,-6.008329941835721,6.008329941835721,50-75%
14.0,8.451147767948722,-5.548852232051278,5.548852232051278,50-75%
14.0,7.5575408526616865,-6.4424591473383135,6.4424591473383135,50-75%
14.0,7.5575408526616865,-6.4424591473383135,6.4424591473383135,50-75%
14.0,8.499332778414043,-5.500667221585957,5.500667221585957,50-75%
14.0,8.554553992199292,-5.445446007800708,5.445446007800708,50-75%
14.0,8.499332778414043,-5.500667221585957,5.500667221585957,50-75%
14.0,7.229109078175796,-6.770890921824204,6.770890921824204,50-75%
14.0,7.777612005638238,-6.222387994361762,6.222387994361762,50-75%
14.0,7.9306141543457445,-6.0693858456542555,6.0693858456542555,50-75%
11.75,6.866150494350192,-4.883849505649808,4.883849505649808,50-75%
11.75,7.1800962375271915,-4.5699037624728085,4.5699037624728085,50-75%
11.75,7.390460785175462,-4.359539214824538,4.359539214824538,50-75%
11.75,7.241805887569901,-4.508194112430099,4.508194112430099,50-75%
9.5,6.86839389206087,-2.63160610793913,2.63160610793913,50-75%
11.75,6.866150494350192,-4.883849505649808,4.883849505649808,50-75%
11.75,7.488074400764183,-4.261925599235817,4.261925599235817,50-75%
9.5,7.502770232522643,-1.9972297674773571,1.9972297674773571,50-75%
9.5,6.867085483482213,-2.632914516517787,2.632914516517787,50-75%
9.5,7.180450096307038,-2.3195499036929617,2.3195499036929617,50-75%
8.25,7.5285865933090665,-0.7214134066909335,0.7214134066909335,50-75%
7.0,8.00443597678287,1.0044359767828706,1.0044359767828706,25-50%
9.5,6.867085483482213,-2.632914516517787,2.632914516517787,50-75%
8.25,7.180450096307038,-1.0695499036929617,1.0695499036929617,50-75%
8.25,7.5285865933090665,-0.7214134066909335,0.7214134066909335,50-75%
7.0,8.095982746065303,1.095982746065303,1.095982746065303,25-50%
7.0,8.13493329563257,1.1349332956325693,1.1349332956325693,25-50%
7.0,8.147432417052823,1.1474324170528227,1.1474324170528227,25-50%
7.0,8.148859218500167,1.1488592185001671,1.1488592185001671,25-50%
9.0,7.502770232522643,-1.4972297674773571,1.4972297674773571,50-75%
9.0,7.1818106218925,-1.8181893781075003,1.8181893781075003,50-75%
9.0,7.995473596271619,-1.0045264037283808,1.0045264037283808,50-75%
9.0,8.148859218500167,-0.8511407814998329,0.8511407814998329,50-75%
9.0,8.0511497619746,-0.9488502380254005,0.9488502380254005,50-75%
9.0,8.07857087161194,-0.9214291283880591,0.9214291283880591,50-75%
9.5,6.867085483482213,-2.632914516517787,2.632914516517787,50-75%
8.25,7.180450096307038,-1.0695499036929617,1.0695499036929617,50-75%
8.25,7.242162415817299,-1.0078375841827008,1.0078375841827008,50-75%
8.25,7.517493477977094,-0.7325065220229057,0.7325065220229057,50-75%
7.0,8.247515652555975,1.2475156525559754,1.2475156525559754,25-50%
5.5,8.147432417052823,2.6474324170528227,2.6474324170528227,25-50%
6.666666666666668,8.164668603732544,1.498001937065876,1.498001937065876,25-50%
6.666666666666668,8.095982746065303,1.4293160793986353,1.4293160793986353,25-50%
6.5,7.502770232522643,1.0027702325226429,1.0027702325226429,25-50%
9.0,8.066517509635572,-0.9334824903644279,0.9334824903644279,50-75%
9.0,8.125591265435183,-0.8744087345648168,0.8744087345648168,50-75%
9.0,8.125591265435183,-0.8744087345648168,0.8744087345648168,50-75%
9.0,8.005330771954256,-0.9946692280457441,0.9946692280457441,50-75%
8.25,6.866490772304778,-1.3835092276952219,1.3835092276952219,50-75%
8.25,7.180450096307038,-1.0695499036929617,1.0695499036929617,50-75%
7.0,7.505946950393695,0.5059469503936951,0.5059469503936951,25-50%
5.5,8.194068988352795,2.694068988352795,2.694068988352795,25-50%
5.5,8.10842857233466,2.6084285723346596,2.6084285723346596,25-50%
5.5,8.10842857233466,2.6084285723346596,2.6084285723346596,25-50%
6.666666666666668,8.19035459483309,1.5236879281664226,1.5236879281664226,25-50%
6.666666666666668,8.147432417052823,1.4807657503861549,1.4807657503861549,25-50%
6.5,7.537083804429121,1.0370838044291206,1.0370838044291206,25-50%
6.5,7.995473596271619,1.4954735962716192,1.4954735962716192,25-50%
9.0,8.10842857233466,-0.8915714276653404,0.8915714276653404,50-75%
9.0,8.125591265435183,-0.8744087345648168,0.8744087345648168,50-75%
9.0,8.10842857233466,-0.8915714276653404,0.8915714276653404,50-75%
9.0,8.125591265435183,-0.8744087345648168,0.8744087345648168,50-75%
7.0,7.180450096307038,0.18045009630703834,0.18045009630703834,25-50%
7.0,7.480199120680174,0.4801991206801741,0.4801991206801741,25-50%
5.5,7.502770232522643,2.002770232522643,2.002770232522643,25-50%
5.5,7.813876022035888,2.3138760220358883,2.3138760220358883,25-50%
6.5,8.10842857233466,1.6084285723346596,1.6084285723346596,25-50%
6.5,8.066517509635572,1.5665175096355721,1.5665175096355721,25-50%
6.5,8.148859218500167,1.6488592185001671,1.6488592185001671,25-50%
6.5,8.125591265435183,1.6255912654351832,1.6255912654351832,25-50%
9.0,8.125591265435183,-0.8744087345648168,0.8744087345648168,50-75%
9.0,8.147432417052823,-0.8525675829471773,0.8525675829471773,50-75%
9.0,8.18803619414123,-0.8119638058587704,0.8119638058587704,50-75%
7.0,7.145615298867354,0.14561529886735425,0.14561529886735425,25-50%
5.5,8.13493329563257,2.6349332956325693,2.6349332956325693,25-50%
5.5,8.148859218500167,2.648859218500167,2.648859218500167,25-50%
4.0,8.040729965785113,4.040729965785113,4.040729965785113,0-25%
6.5,8.125591265435183,1.6255912654351832,1.6255912654351832,25-50%
6.5,8.10842857233466,1.6084285723346596,1.6084285723346596,25-50%
6.5,8.125591265435183,1.6255912654351832,1.6255912654351832,25-50%
6.5,8.069755381686363,1.5697553816863632,1.5697553816863632,25-50%
9.0,8.183812814214853,-0.8161871857851466,0.8161871857851466,50-75%
4.0,8.080860110235582,4.080860110235582,4.080860110235582,0-25%
4.0,8.040729965785113,4.040729965785113,4.040729965785113,0-25%
4.0,8.040729965785113,4.040729965785113,4.040729965785113,0-25%
4.0,8.040729965785113,4.040729965785113,4.040729965785113,0-25%
4.0,8.057765096771238,4.057765096771238,4.057765096771238,0-25%
6.5,8.102956111846513,1.6029561118465132,1.6029561118465132,25-50%
6.5,8.069755381686363,1.5697553816863632,1.5697553816863632,25-50%
9.0,8.10842857233466,-0.8915714276653404,0.8915714276653404,50-75%
9.0,8.131242792866143,-0.8687572071338572,0.8687572071338572,50-75%
4.0,8.040729965785113,4.040729965785113,4.040729965785113,0-25%
4.0,8.040729965785113,4.040729965785113,4.040729965785113,0-25%
4.0,8.063374619093532,4.063374619093532,4.063374619093532,0-25%
4.0,7.976674188896302,3.976674188896302,3.976674188896302,0-25%
6.0,8.579512589092879,2.5795125890928787,2.5795125890928787,25-50%
6.0,8.622034290926718,2.6220342909267185,2.6220342909267185,25-50%
6.0,8.622034290926718,2.6220342909267185,2.6220342909267185,25-50%
6.0,8.622034290926718,2.6220342909267185,2.6220342909267185,25-50%
6.0,8.640164753303015,2.640164753303015,2.640164753303015,25-50%
6.0,8.597562929314964,2.5975629293149645,2.5975629293149645,25-50%
6.0,8.579512589092879,2.5795125890928787,2.5795125890928787,25-50%
6.0,8.640164753303015,2.640164753303015,2.640164753303015,25-50%
6.0,8.640164753303015,2.640164753303015,2.640164753303015,25-50%
6.0,8.622034290926718,2.6220342909267185,2.6220342909267185,25-50%
6.0,8.622034290926718,2.6220342909267185,2.6220342909267185,25-50%
6.0,8.622034290926718,2.6220342909267185,2.6220342909267185,25-50%
6.0,8.597562929314964,2.5975629293149645,2.5975629293149645,25-50%
6.0,8.640164753303015,2.640164753303015,2.640164753303015,25-50%
6.0,8.622034290926718,2.6220342909267185,2.6220342909267185,25-50%
6.0,8.566423070030162,2.5664230700301616,2.5664230700301616,25-50%
6.0,8.566423070030162,2.5664230700301616,2.5664230700301616,25-50%
6.0,8.558773670657663,2.558773670657663,2.558773670657663,25-50%
6.0,8.584448746129702,2.584448746129702,2.584448746129702,25-50%
6.0,8.566423070030162,2.5664230700301616,2.5664230700301616,25-50%
6.0,8.566423070030162,2.5664230700301616,2.5664230700301616,25-50%
6.0,8.502310103394363,2.502310103394363,2.502310103394363,25-50%
6.0,8.511777455832352,2.511777455832352,2.511777455832352,25-50%
6.0,8.460715630143984,2.4607156301439836,2.4607156301439836,25-50%
6.0,8.460715630143984,2.4607156301439836,2.4607156301439836,25-50%
6.0,8.607388125304903,2.6073881253049027,2.6073881253049027,25-50%
6.0,8.144595791324614,2.1445957913246136,2.1445957913246136,25-50%
6.0,7.703083137963243,1.703083137963243,1.703083137963243,25-50%
6.0,8.073461398462104,2.073461398462104,2.073461398462104,25-50%
6.0,8.073461398462104,2.073461398462104,2.073461398462104,25-50%
6.0,8.045995680610549,2.045995680610549,2.045995680610549,25-50%
6.0,8.073461398462104,2.073461398462104,2.073461398462104,25-50%
6.0,8.073461398462104,2.073461398462104,2.073461398462104,25-50%
6.0,8.082501479869366,2.082501479869366,2.082501479869366,25-50%
6.0,8.261395533290232,2.261395533290232,2.261395533290232,25-50%
6.0,8.082501479869366,2.082501479869366,2.082501479869366,25-50%
6.0,8.094830660203451,2.094830660203451,2.094830660203451,25-50%
6.0,8.045995680610549,2.045995680610549,2.045995680610549,25-50%
6.0,7.703083137963243,1.703083137963243,1.703083137963243,25-50%
6.0,7.703083137963243,1.703083137963243,1.703083137963243,25-50%
6.0,8.045995680610549,2.045995680610549,2.045995680610549,25-50%
6.0,8.058171034045372,2.0581710340453725,2.0581710340453725,25-50%
6.0,8.082501479869366,2.082501479869366,2.082501479869366,25-50%
6.0,8.082501479869366,2.082501479869366,2.082501479869366,25-50%
6.0,7.926897148740257,1.9268971487402569,1.9268971487402569,25-50%
6.0,7.903200166646146,1.9032001666461458,1.9032001666461458,25-50%
6.0,7.935791205087105,1.9357912050871047,1.9357912050871047,25-50%
6.0,7.703083137963243,1.703083137963243,1.703083137963243,25-50%
6.0,7.703083137963243,1.703083137963243,1.703083137963243,25-50%
6.0,7.768738137506215,1.7687381375062152,1.7687381375062152,25-50%
6.0,7.703083137963243,1.703083137963243,1.703083137963243,25-50%
6.0,7.703083137963243,1.703083137963243,1.703083137963243,25-50%
6.0,7.703083137963243,1.703083137963243,1.703083137963243,25-50%
6.0,7.703083137963243,1.703083137963243,1.703083137963243,25-50%
6.0,7.703083137963243,1.703083137963243,1.703083137963243,25-50%
15.0,9.058663030206324,-5.941336969793676,5.941336969793676,50-75%
15.0,9.04974829991631,-5.95025170008369,5.95025170008369,50-75%
16.5,9.04974829991631,-7.45025170008369,7.45025170008369,75-100%
16.5,9.046036989110435,-7.453963010889565,7.453963010889565,75-100%
18.0,9.120205172944795,-8.879794827055205,8.879794827055205,75-100%
18.0,9.120205172944795,-8.879794827055205,8.879794827055205,75-100%
18.0,9.129182402712544,-8.870817597287456,8.870817597287456,75-100%
15.0,9.04974829991631,-5.95025170008369,5.95025170008369,50-75%
15.0,9.04974829991631,-5.95025170008369,5.95025170008369,50-75%
16.5,9.04974829991631,-7.45025170008369,7.45025170008369,75-100%
16.333333333333332,9.04974829991631,-7.2835850334170225,7.2835850334170225,75-100%
16.333333333333332,9.058663030206324,-7.274670303127008,7.274670303127008,75-100%
16.333333333333332,9.058663030206324,-7.274670303127008,7.274670303127008,75-100%
17.0,9.04974829991631,-7.95025170008369,7.95025170008369,75-100%
18.0,9.120205172944795,-8.879794827055205,8.879794827055205,75-100%
18.0,9.120205172944795,-8.879794827055205,8.879794827055205,75-100%
15.0,9.029368120909162,-5.970631879090838,5.970631879090838,50-75%
14.0,9.046036989110435,-4.953963010889565,4.953963010889565,50-75%
15.333333333333336,9.027423247007393,-6.305910086325943,6.305910086325943,75-100%
15.5,9.029368120909162,-6.470631879090838,6.470631879090838,75-100%
16.333333333333332,9.046036989110435,-7.287296344222897,7.287296344222897,75-100%
16.333333333333332,9.029368120909162,-7.3039652124241705,7.3039652124241705,75-100%
16.333333333333332,9.027423247007393,-7.305910086325939,7.305910086325939,75-100%
16.333333333333332,9.058663030206324,-7.274670303127008,7.274670303127008,75-100%
17.0,9.04974829991631,-7.95025170008369,7.95025170008369,75-100%
17.0,9.04974829991631,-7.95025170008369,7.95025170008369,75-100%
13.0,9.047476025677932,-3.9525239743220677,3.9525239743220677,50-75%
14.0,9.130448553584841,-4.869551446415159,4.869551446415159,50-75%
15.5,9.170859877119137,-6.3291401228808635,6.3291401228808635,75-100%
15.5,9.170859877119137,-6.3291401228808635,6.3291401228808635,75-100%
15.5,9.170859877119137,-6.3291401228808635,6.3291401228808635,75-100%
15.5,9.105441524792683,-6.394558475207317,6.394558475207317,75-100%
16.333333333333332,9.029368120909162,-7.3039652124241705,7.3039652124241705,75-100%
16.333333333333332,9.046036989110435,-7.287296344222897,7.287296344222897,75-100%
17.0,9.04974829991631,-7.95025170008369,7.95025170008369,75-100%
17.0,9.058663030206324,-7.941336969793676,7.941336969793676,75-100%
13.0,9.130448553584841,-3.8695514464151586,3.8695514464151586,50-75%
14.0,9.130448553584841,-4.869551446415159,4.869551446415159,50-75%
14.0,9.065290124434291,-4.934709875565709,4.934709875565709,50-75%
14.666666666666664,9.062352813767422,-5.604313852899242,5.604313852899242,50-75%
15.5,9.170859877119137,-6.3291401228808635,6.3291401228808635,75-100%
15.5,9.105441524792683,-6.394558475207317,6.394558475207317,75-100%
16.333333333333332,9.044543913623489,-7.288789419709843,7.288789419709843,75-100%
17.0,9.046036989110435,-7.953963010889565,7.953963010889565,75-100%
17.0,9.058663030206324,-7.941336969793676,7.941336969793676,75-100%
13.0,9.130448553584841,-3.8695514464151586,3.8695514464151586,50-75%
13.0,9.130448553584841,-3.8695514464151586,3.8695514464151586,50-75%
14.666666666666664,9.037394113034715,-5.6292725536319494,5.6292725536319494,50-75%
15.5,9.145632035026381,-6.354367964973619,6.354367964973619,75-100%
15.5,9.145632035026381,-6.354367964973619,6.354367964973619,75-100%
15.5,9.04974829991631,-6.45025170008369,6.45025170008369,75-100%
17.0,9.056307223383326,-7.943692776616674,7.943692776616674,75-100%
16.0,9.037394113034715,-6.962605886965285,6.962605886965285,75-100%
16.0,9.046036989110435,-6.953963010889565,6.953963010889565,75-100%
13.0,9.112519133891148,-3.8874808661088522,3.8874808661088522,50-75%
13.0,9.04032413798429,-3.9596758620157093,3.9596758620157093,50-75%
13.0,9.04974829991631,-3.9502517000836903,3.9502517000836903,50-75%
13.0,9.04974829991631,-3.9502517000836903,3.9502517000836903,50-75%
14.5,9.04974829991631,-5.45025170008369,5.45025170008369,50-75%
14.5,9.04974829991631,-5.45025170008369,5.45025170008369,50-75%
16.0,9.027423247007393,-6.972576752992607,6.972576752992607,75-100%
16.0,9.04974829991631,-6.95025170008369,6.95025170008369,75-100%
16.0,9.058663030206324,-6.941336969793676,6.941336969793676,75-100%
13.0,9.037394113034715,-3.962605886965285,3.962605886965285,50-75%
13.0,9.059242769276345,-3.940757230723655,3.940757230723655,50-75%
13.0,9.058663030206324,-3.941336969793676,3.941336969793676,50-75%
13.0,9.04974829991631,-3.9502517000836903,3.9502517000836903,50-75%
13.0,9.029368120909162,-3.9706318790908384,3.9706318790908384,50-75%
13.0,9.058663030206324,-3.941336969793676,3.941336969793676,50-75%
13.0,9.04032413798429,-3.9596758620157093,3.9596758620157093,50-75%
13.0,9.022554225390742,-3.977445774609258,3.977445774609258,50-75%
10.0,8.403632953761289,-1.5963670462387114,1.5963670462387114,50-75%
10.0,8.599512970340495,-1.4004870296595051,1.4004870296595051,50-75%
10.0,8.368996220416939,-1.631003779583061,1.631003779583061,50-75%
10.0,8.649836584552538,-1.3501634154474615,1.3501634154474615,50-75%
10.0,8.411974540936141,-1.588025459063859,1.588025459063859,50-75%
10.0,8.377051253195969,-1.6229487468040311,1.6229487468040311,50-75%
10.0,8.691077466446458,-1.3089225335535417,1.3089225335535417,50-75%
10.0,8.557618989924839,-1.4423810100751613,1.4423810100751613,50-75%
10.0,8.912983164676811,-1.0870168353231886,1.0870168353231886,50-75%
10.0,8.368996220416939,-1.631003779583061,1.631003779583061,50-75%
10.0,8.368996220416939,-1.631003779583061,1.631003779583061,50-75%
10.0,8.709338024461395,-1.2906619755386046,1.2906619755386046,50-75%
10.0,8.378758501970776,-1.6212414980292245,1.6212414980292245,50-75%
10.0,8.691077466446458,-1.3089225335535417,1.3089225335535417,50-75%
10.0,8.691077466446458,-1.3089225335535417,1.3089225335535417,50-75%
10.0,8.47396301789176,-1.5260369821082396,1.5260369821082396,50-75%
10.0,8.673925669636974,-1.326074330363026,1.326074330363026,50-75%
10.0,8.691077466446458,-1.3089225335535417,1.3089225335535417,50-75%
10.0,8.691077466446458,-1.3089225335535417,1.3089225335535417,50-75%
10.0,8.691077466446458,-1.3089225335535417,1.3089225335535417,50-75%
10.0,8.36874061761877,-1.6312593823812307,1.6312593823812307,50-75%
10.0,8.691077466446458,-1.3089225335535417,1.3089225335535417,50-75%
10.0,8.434760865653073,-1.5652391343469265,1.5652391343469265,50-75%
3.0,7.2879735731999995,4.2879735731999995,4.2879735731999995,0-25%
3.0,7.515650586779568,4.515650586779568,4.515650586779568,0-25%
3.0,7.734644463086351,4.734644463086351,4.734644463086351,0-25%
3.0,7.2697296196900405,4.2697296196900405,4.2697296196900405,0-25%
3.0,7.2879735731999995,4.2879735731999995,4.2879735731999995,0-25%
3.0,7.963010941717297,4.963010941717297,4.963010941717297,0-25%
3.0,7.268354474352121,4.268354474352121,4.268354474352121,0-25%
3.0,7.515650586779568,4.515650586779568,4.515650586779568,0-25%
3.0,8.005400368581506,5.0054003685815065,5.0054003685815065,0-25%
3.0,7.268354474352121,4.268354474352121,4.268354474352121,0-25%
3.0,7.515650586779568,4.515650586779568,4.515650586779568,0-25%
3.0,8.005400368581506,5.0054003685815065,5.0054003685815065,0-25%
3.0,7.268354474352121,4.268354474352121,4.268354474352121,0-25%
3.0,7.515650586779568,4.515650586779568,4.515650586779568,0-25%
3.0,7.579891617977388,4.579891617977388,4.579891617977388,0-25%
3.0,7.993687062536442,4.993687062536442,4.993687062536442,0-25%
3.0,7.2879735731999995,4.2879735731999995,4.2879735731999995,0-25%
3.0,7.515650586779568,4.515650586779568,4.515650586779568,0-25%
3.0,7.471592273624959,4.471592273624959,4.471592273624959,0-25%
3.0,7.515650586779568,4.515650586779568,4.515650586779568,0-25%
3.0,8.68565397326576,5.68565397326576,5.68565397326576,0-25%
3.0,8.677909235772656,5.677909235772656,5.677909235772656,0-25%
3.0,8.557359276572646,5.557359276572646,5.557359276572646,0-25%
3.0,8.005400368581506,5.0054003685815065,5.0054003685815065,0-25%
3.0,7.579891617977388,4.579891617977388,4.579891617977388,0-25%
3.0,8.703904311982356,5.703904311982356,5.703904311982356,0-25%
3.0,8.703904311982356,5.703904311982356,5.703904311982356,0-25%
3.0,8.49838995631266,5.498389956312661,5.498389956312661,0-25%
3.0,7.978140674094276,4.978140674094276,4.978140674094276,0-25%
3.0,7.978140674094276,4.978140674094276,4.978140674094276,0-25%
3.0,8.709338024461395,5.709338024461395,5.709338024461395,0-25%
3.0,8.68565397326576,5.68565397326576,5.68565397326576,0-25%
3.0,8.68565397326576,5.68565397326576,5.68565397326576,0-25%
3.0,8.629675057960625,5.629675057960625,5.629675057960625,0-25%
3.0,8.315912078791465,5.315912078791465,5.315912078791465,0-25%
3.0,8.703904311982356,5.703904311982356,5.703904311982356,0-25%
3.0,8.479362964370337,5.4793629643703365,5.4793629643703365,0-25%
3.0,8.68565397326576,5.68565397326576,5.68565397326576,0-25%
3.0,8.542300840633661,5.542300840633661,5.542300840633661,0-25%
3.0,8.49838995631266,5.498389956312661,5.498389956312661,0-25%
3.0,8.629675057960625,5.629675057960625,5.629675057960625,0-25%
9.0,8.678586797715056,-0.3214132022849441,0.3214132022849441,50-75%
9.0,8.102422377156483,-0.8975776228435173,0.8975776228435173,50-75%
9.0,8.677909235772656,-0.32209076422734384,0.32209076422734384,50-75%
9.0,8.366840533109643,-0.6331594668903566,0.6331594668903566,50-75%
9.0,8.673925669636974,-0.326074330363026,0.326074330363026,50-75%
9.0,8.68332839227861,-0.31667160772138914,0.31667160772138914,50-75%
5.5,8.732576313108225,3.2325763131082255,3.2325763131082255,25-50%
2.0,8.691077466446458,6.691077466446458,6.691077466446458,0-25%
2.0,8.732576313108225,6.7325763131082255,6.7325763131082255,0-25%
9.0,8.621975081720132,-0.37802491827986806,0.37802491827986806,50-75%
9.0,8.68565397326576,-0.31434602673424017,0.31434602673424017,50-75%
9.0,8.668511775249945,-0.33148822475005524,0.33148822475005524,50-75%
9.0,8.58138469538588,-0.41861530461411967,0.41861530461411967,50-75%
5.5,8.732576313108225,3.2325763131082255,3.2325763131082255,25-50%
5.5,8.691077466446458,3.1910774664464583,3.1910774664464583,25-50%
2.0,8.795580893831685,6.795580893831685,6.795580893831685,0-25%
2.0,8.691077466446458,6.691077466446458,6.691077466446458,0-25%
2.0,8.691077466446458,6.691077466446458,6.691077466446458,0-25%
2.0,8.71535106937932,6.71535106937932,6.71535106937932,0-25%
9.0,8.550409101702748,-0.4495908982972523,0.4495908982972523,50-75%
9.0,8.68565397326576,-0.31434602673424017,0.31434602673424017,50-75%
9.0,8.703904311982356,-0.29609568801764397,0.29609568801764397,50-75%
9.0,7.978140674094276,-1.0218593259057238,1.0218593259057238,50-75%
9.0,7.734644463086351,-1.265355536913649,1.265355536913649,50-75%
5.5,8.539063682190452,3.039063682190452,3.039063682190452,25-50%
5.5,8.795580893831685,3.2955808938316853,3.2955808938316853,25-50%
2.0,8.795580893831685,6.795580893831685,6.795580893831685,0-25%
2.0,8.795580893831685,6.795580893831685,6.795580893831685,0-25%
2.0,8.691077466446458,6.691077466446458,6.691077466446458,0-25%
2.0,8.732576313108225,6.7325763131082255,6.7325763131082255,0-25%
9.0,8.629675057960625,-0.3703249420393746,0.3703249420393746,50-75%
9.0,8.49838995631266,-0.5016100436873394,0.5016100436873394,50-75%
5.5,7.281730573040737,1.7817305730407371,1.7817305730407371,25-50%
5.5,7.734644463086351,2.234644463086351,2.234644463086351,25-50%
5.5,8.733516354415757,3.233516354415757,3.233516354415757,25-50%
2.0,8.732576313108225,6.7325763131082255,6.7325763131082255,0-25%
2.0,8.795580893831685,6.795580893831685,6.795580893831685,0-25%
2.0,8.732576313108225,6.7325763131082255,6.7325763131082255,0-25%
2.0,8.691077466446458,6.691077466446458,6.691077466446458,0-25%
9.0,7.471592273624959,-1.5284077263750406,1.5284077263750406,50-75%
9.0,8.005400368581506,-0.9945996314184935,0.9945996314184935,50-75%
5.5,7.28935198147402,1.7893519814740202,1.7893519814740202,25-50%
5.5,7.978140674094276,2.478140674094276,2.478140674094276,25-50%
2.0,8.306639676935895,6.306639676935895,6.306639676935895,0-25%
2.0,8.68565397326576,6.68565397326576,6.68565397326576,0-25%
2.0,8.691077466446458,6.691077466446458,6.691077466446458,0-25%
6.0,8.569875609964297,2.5698756099642974,2.5698756099642974,25-50%
6.0,8.39644732348638,2.3964473234863792,2.3964473234863792,25-50%
6.0,8.444256308746791,2.444256308746791,2.444256308746791,25-50%
6.0,8.564519945922761,2.5645199459227612,2.5645199459227612,25-50%
2.0,7.515650586779568,5.515650586779568,5.515650586779568,0-25%
2.0,7.579891617977388,5.579891617977388,5.579891617977388,0-25%
2.0,8.005400368581506,6.0054003685815065,6.0054003685815065,0-25%
2.0,8.68565397326576,6.68565397326576,6.68565397326576,0-25%
6.0,8.587907791563971,2.587907791563971,2.587907791563971,25-50%
6.0,8.569875609964297,2.5698756099642974,2.5698756099642974,25-50%
6.0,8.569875609964297,2.5698756099642974,2.5698756099642974,25-50%
6.0,8.587907791563971,2.587907791563971,2.587907791563971,25-50%
6.0,8.587907791563971,2.587907791563971,2.587907791563971,25-50%
6.0,8.58254203603217,2.5825420360321694,2.5825420360321694,25-50%
6.0,8.58254203603217,2.5825420360321694,2.5825420360321694,25-50%
6.0,8.569875609964297,2.5698756099642974,2.5698756099642974,25-50%
6.0,8.569875609964297,2.5698756099642974,2.5698756099642974,25-50%
6.0,8.569875609964297,2.5698756099642974,2.5698756099642974,25-50%
6.0,8.569875609964297,2.5698756099642974,2.5698756099642974,25-50%
6.0,8.58254203603217,2.5825420360321694,2.5825420360321694,25-50%
6.0,8.556872068305703,2.5568720683057027,2.5568720683057027,25-50%
6.0,8.556872068305703,2.5568720683057027,2.5568720683057027,25-50%
6.0,8.556872068305703,2.5568720683057027,2.5568720683057027,25-50%
6.0,8.569875609964297,2.5698756099642974,2.5698756099642974,25-50%
6.0,8.569875609964297,2.5698756099642974,2.5698756099642974,25-50%
6.0,8.564519945922761,2.5645199459227612,2.5645199459227612,25-50%
6.0,8.564519945922761,2.5645199459227612,2.5645199459227612,25-50%
6.0,8.58254203603217,2.5825420360321694,2.5825420360321694,25-50%
6.0,8.556872068305703,2.5568720683057027,2.5568720683057027,25-50%
6.0,8.58254203603217,2.5825420360321694,2.5825420360321694,25-50%
6.0,8.58254203603217,2.5825420360321694,2.5825420360321694,25-50%
6.0,8.564519945922761,2.5645199459227612,2.5645199459227612,25-50%
6.0,8.564519945922761,2.5645199459227612,2.5645199459227612,25-50%
6.0,8.564519945922761,2.5645199459227612,2.5645199459227612,25-50%
6.0,8.58254203603217,2.5825420360321694,2.5825420360321694,25-50%
6.0,8.564519945922761,2.5645199459227612,2.5645199459227612,25-50%
6.0,8.58254203603217,2.5825420360321694,2.5825420360321694,25-50%
6.0,8.564519945922761,2.5645199459227612,2.5645199459227612,25-50%
6.0,8.58254203603217,2.5825420360321694,2.5825420360321694,25-50%
6.0,8.58254203603217,2.5825420360321694,2.5825420360321694,25-50%
6.0,8.564519945922761,2.5645199459227612,2.5645199459227612,25-50%
6.0,8.564519945922761,2.5645199459227612,2.5645199459227612,25-50%
6.0,8.564519945922761,2.5645199459227612,2.5645199459227612,25-50%
6.0,8.52715906338793,2.5271590633879306,2.5271590633879306,25-50%
6.0,8.549961325678263,2.5499613256782627,2.5499613256782627,25-50%
8.0,7.746342785486423,-0.25365721451357714,0.25365721451357714,25-50%
8.0,7.518568380590462,-0.4814316194095376,0.4814316194095376,25-50%
8.0,7.518568380590462,-0.4814316194095376,0.4814316194095376,25-50%
8.0,7.518568380590462,-0.4814316194095376,0.4814316194095376,25-50%
8.0,7.582831423269535,-0.41716857673046537,0.41716857673046537,25-50%
8.0,7.582831423269535,-0.41716857673046537,0.41716857673046537,25-50%
8.0,7.518568380590462,-0.4814316194095376,0.4814316194095376,25-50%
8.0,7.191632339327333,-0.8083676606726673,0.8083676606726673,25-50%
8.0,7.1929947246793775,-0.8070052753206225,0.8070052753206225,25-50%
8.0,7.518568380590462,-0.4814316194095376,0.4814316194095376,25-50%
8.0,7.73763729273513,-0.2623627072648702,0.2623627072648702,25-50%
8.0,7.73763729273513,-0.2623627072648702,0.2623627072648702,25-50%
8.0,7.518568380590462,-0.4814316194095376,0.4814316194095376,25-50%
8.0,7.518568380590462,-0.4814316194095376,0.4814316194095376,25-50%
8.0,7.518568380590462,-0.4814316194095376,0.4814316194095376,25-50%
15.0,8.677381554328598,-6.322618445671402,6.322618445671402,50-75%
15.0,8.453453924201263,-6.546546075798737,6.546546075798737,50-75%
15.0,8.516219778360318,-6.483780221639682,6.483780221639682,50-75%
15.0,8.682800415358715,-6.317199584641285,6.317199584641285,50-75%
15.0,7.956946729942539,-7.043053270057461,7.043053270057461,50-75%
15.0,8.472428911478254,-6.527571088521746,6.527571088521746,50-75%
15.0,8.603355184058803,-6.3966448159411975,6.3966448159411975,50-75%
15.0,8.659181097525025,-6.340818902474975,6.340818902474975,50-75%
15.0,8.507381073291274,-6.492618926708726,6.492618926708726,50-75%
15.0,8.53166726263799,-6.46833273736201,6.46833273736201,50-75%
12.0,8.664589767188236,-3.335410232811764,3.335410232811764,50-75%
12.0,7.980786765244958,-4.019213234755042,4.019213234755042,50-75%
15.0,7.965652573743044,-7.034347426256956,7.034347426256956,50-75%
15.0,8.59567625343018,-6.404323746569821,6.404323746569821,50-75%
15.0,8.659181097525025,-6.340818902474975,6.340818902474975,50-75%
15.0,8.65213323801232,-6.34786676198768,6.34786676198768,50-75%
15.0,8.664589767188236,-6.335410232811764,6.335410232811764,50-75%
15.0,8.377930899219228,-6.622069100780772,6.622069100780772,50-75%
12.0,8.682800415358715,-3.317199584641285,3.317199584641285,50-75%
12.0,8.664589767188236,-3.335410232811764,3.335410232811764,50-75%
12.0,8.724263818275954,-3.275736181724046,3.275736181724046,50-75%
12.0,8.664589767188236,-3.335410232811764,3.335410232811764,50-75%
12.0,8.705975189003926,-3.294024810996074,3.294024810996074,50-75%
12.0,8.705975189003926,-3.294024810996074,3.294024810996074,50-75%
15.0,7.329467595087243,-7.670532404912757,7.670532404912757,50-75%
15.0,8.077543592802297,-6.9224564071977035,6.9224564071977035,50-75%
15.0,8.65145752798546,-6.34854247201454,6.34854247201454,50-75%
15.0,8.34123903978759,-6.65876096021241,6.65876096021241,50-75%
15.0,8.647484849751784,-6.352515150248216,6.352515150248216,50-75%
15.0,8.656861872826948,-6.343138127173052,6.343138127173052,50-75%
13.5,8.705975189003926,-4.794024810996074,4.794024810996074,50-75%
12.0,8.664589767188236,-3.335410232811764,3.335410232811764,50-75%
12.0,8.705975189003926,-3.294024810996074,3.294024810996074,50-75%
12.0,8.705975189003926,-3.294024810996074,3.294024810996074,50-75%
12.0,8.621450450047925,-3.3785495499520746,3.3785495499520746,50-75%
15.0,8.59567625343018,-6.404323746569821,6.404323746569821,50-75%
15.0,8.659181097525025,-6.340818902474975,6.340818902474975,50-75%
15.0,8.642085752646773,-6.357914247353227,6.357914247353227,50-75%
15.0,8.555196808933893,-6.444803191066107,6.444803191066107,50-75%
12.0,8.705975189003926,-3.294024810996074,3.294024810996074,50-75%
12.0,8.664589767188236,-3.335410232811764,3.335410232811764,50-75%
12.0,8.768807565306169,-3.231192434693831,3.231192434693831,50-75%
12.0,8.664589767188236,-3.335410232811764,3.335410232811764,50-75%
12.0,8.664589767188236,-3.335410232811764,3.335410232811764,50-75%
12.0,8.688797025393526,-3.3112029746064735,3.3112029746064735,50-75%
12.0,8.705975189003926,-3.294024810996074,3.294024810996074,50-75%
12.0,8.659181097525025,-3.3408189024749753,3.3408189024749753,50-75%
12.0,8.768807565306169,-3.231192434693831,3.231192434693831,50-75%
12.0,8.768807565306169,-3.231192434693831,3.231192434693831,50-75%
12.0,8.768807565306169,-3.231192434693831,3.231192434693831,50-75%
12.0,8.664589767188236,-3.335410232811764,3.335410232811764,50-75%
12.0,8.705975189003926,-3.294024810996074,3.294024810996074,50-75%
12.0,8.682800415358715,-3.317199584641285,3.317199584641285,50-75%
12.0,8.706912660986063,-3.293087339013937,3.293087339013937,50-75%
12.0,8.705975189003926,-3.294024810996074,3.294024810996074,50-75%
12.0,8.768807565306169,-3.231192434693831,3.231192434693831,50-75%
12.0,8.705975189003926,-3.294024810996074,3.294024810996074,50-75%
12.0,8.664589767188236,-3.335410232811764,3.335410232811764,50-75%
15.0,7.980786765244958,-7.019213234755042,7.019213234755042,50-75%
15.0,7.528264754324337,-7.471735245675663,7.471735245675663,50-75%
15.0,8.677381554328598,-6.322618445671402,6.322618445671402,50-75%
15.0,8.664589767188236,-6.335410232811764,6.335410232811764,50-75%
15.0,7.723393688996042,-7.276606311003958,7.276606311003958,50-75%
15.0,8.603355184058803,-6.3966448159411975,6.3966448159411975,50-75%
15.0,8.664589767188236,-6.335410232811764,6.335410232811764,50-75%
15.0,8.682800415358715,-6.317199584641285,6.317199584641285,50-75%
15.0,8.664589767188236,-6.335410232811764,6.335410232811764,50-75%
15.0,8.664589767188236,-6.335410232811764,6.335410232811764,50-75%
15.0,8.664589767188236,-6.335410232811764,6.335410232811764,50-75%
15.0,8.664589767188236,-6.335410232811764,6.335410232811764,50-75%
15.0,8.656861872826948,-6.343138127173052,6.343138127173052,50-75%
15.0,8.664589767188236,-6.335410232811764,6.335410232811764,50-75%
15.0,8.664589767188236,-6.335410232811764,6.335410232811764,50-75%
15.0,8.682800415358715,-6.317199584641285,6.317199584641285,50-75%
15.0,8.682800415358715,-6.317199584641285,6.317199584641285,50-75%
15.0,8.664589767188236,-6.335410232811764,6.335410232811764,50-75%
15.0,8.664589767188236,-6.335410232811764,6.335410232811764,50-75%
15.0,8.682800415358715,-6.317199584641285,6.317199584641285,50-75%
15.0,8.664589767188236,-6.335410232811764,6.335410232811764,50-75%
15.0,8.656861872826948,-6.343138127173052,6.343138127173052,50-75%
15.0,8.682800415358715,-6.317199584641285,6.317199584641285,50-75%
15.0,8.664589767188236,-6.335410232811764,6.335410232811764,50-75%
15.0,8.664589767188236,-6.335410232811764,6.335410232811764,50-75%
15.0,8.682800415358715,-6.317199584641285,6.317199584641285,50-75%
15.0,8.682800415358715,-6.317199584641285,6.317199584641285,50-75%
15.0,8.682800415358715,-6.317199584641285,6.317199584641285,50-75%
15.0,8.664589767188236,-6.335410232811764,6.335410232811764,50-75%
15.0,8.664589767188236,-6.335410232811764,6.335410232811764,50-75%
15.0,8.664589767188236,-6.335410232811764,6.335410232811764,50-75%
15.0,8.664589767188236,-6.335410232811764,6.335410232811764,50-75%
15.0,8.682800415358715,-6.317199584641285,6.317199584641285,50-75%
15.0,8.682800415358715,-6.317199584641285,6.317199584641285,50-75%
15.0,8.682800415358715,-6.317199584641285,6.317199584641285,50-75%
15.0,8.682800415358715,-6.317199584641285,6.317199584641285,50-75%
15.0,8.664589767188236,-6.335410232811764,6.335410232811764,50-75%
15.0,8.664589767188236,-6.335410232811764,6.335410232811764,50-75%
7.0,7.329467595087243,0.32946759508724277,0.32946759508724277,25-50%
7.0,7.584700723215807,0.584700723215807,0.584700723215807,25-50%
7.0,7.723393688996042,0.7233936889960422,0.7233936889960422,25-50%
7.0,7.520423684351059,0.5204236843510586,0.5204236843510586,25-50%
7.0,7.584700723215807,0.584700723215807,0.584700723215807,25-50%
7.0,7.890820870981777,0.8908208709817771,0.8908208709817771,25-50%
7.0,7.890820870981777,0.8908208709817771,0.8908208709817771,25-50%
7.0,7.564735955618388,0.5647359556183877,0.5647359556183877,25-50%
7.0,7.564735955618388,0.5647359556183877,0.5647359556183877,25-50%
7.0,7.520423684351059,0.5204236843510586,0.5204236843510586,25-50%
7.0,7.980786765244958,0.9807867652449582,0.9807867652449582,25-50%
10.0,8.092866658465447,-1.9071333415345535,1.9071333415345535,50-75%
10.0,7.941067366347836,-2.058932633652164,2.058932633652164,50-75%
10.0,8.013231500097953,-1.9867684999020465,1.9867684999020465,50-75%
10.0,7.784992142430095,-2.215007857569905,2.215007857569905,50-75%
10.0,7.564735955618388,-2.4352640443816123,2.4352640443816123,50-75%
10.0,7.564735955618388,-2.4352640443816123,2.4352640443816123,50-75%
10.0,7.890820870981777,-2.109179129018223,2.109179129018223,50-75%
10.0,7.59260094526627,-2.4073990547337303,2.4073990547337303,50-75%
10.0,7.564735955618388,-2.4352640443816123,2.4352640443816123,50-75%
10.0,7.564735955618388,-2.4352640443816123,2.4352640443816123,50-75%
10.0,7.564735955618388,-2.4352640443816123,2.4352640443816123,50-75%
10.0,7.564735955618388,-2.4352640443816123,2.4352640443816123,50-75%
10.0,7.784992142430095,-2.215007857569905,2.215007857569905,50-75%
10.0,7.629347280862306,-2.370652719137694,2.370652719137694,50-75%
7.0,7.049263297661327,0.04926329766132742,0.04926329766132742,25-50%
7.0,7.411717627682036,0.41171762768203557,0.41171762768203557,25-50%
7.0,7.142607584949489,0.14260758494948877,0.14260758494948877,25-50%
7.0,7.049263297661327,0.04926329766132742,0.04926329766132742,25-50%
7.0,7.266275162156134,0.2662751621561341,0.2662751621561341,25-50%
7.0,7.670428008473625,0.6704280084736247,0.6704280084736247,25-50%
7.0,8.236169007172947,1.236169007172947,1.236169007172947,25-50%
7.0,7.385592859983756,0.38559285998375614,0.38559285998375614,25-50%
7.0,7.142607584949489,0.14260758494948877,0.14260758494948877,25-50%
7.0,7.319805009576583,0.31980500957658275,0.31980500957658275,25-50%
7.0,7.2894630660771105,0.2894630660771105,0.2894630660771105,25-50%
7.0,7.266275162156134,0.2662751621561341,0.2662751621561341,25-50%
7.0,7.512950827516458,0.512950827516458,0.512950827516458,25-50%
7.0,7.641982741765373,0.6419827417653732,0.6419827417653732,25-50%
7.0,8.224575393876336,1.2245753938763357,1.2245753938763357,25-50%
7.0,8.20748369218563,1.2074836921856296,1.2074836921856296,25-50%
7.0,8.224575393876336,1.2245753938763357,1.2245753938763357,25-50%
7.0,7.454813247666509,0.4548132476665092,0.4548132476665092,25-50%
7.0,8.224575393876336,1.2245753938763357,1.2245753938763357,25-50%
7.0,7.986548684718803,0.9865486847188034,0.9865486847188034,25-50%
7.0,7.9005831730084,0.9005831730083997,0.9005831730083997,25-50%
7.0,8.236169007172947,1.236169007172947,1.236169007172947,25-50%
7.0,8.236169007172947,1.236169007172947,1.236169007172947,25-50%
7.0,8.236169007172947,1.236169007172947,1.236169007172947,25-50%
7.0,8.236169007172947,1.236169007172947,1.236169007172947,25-50%
7.0,7.9327781760912845,0.9327781760912845,0.9327781760912845,25-50%
7.0,7.923272718765782,0.9232727187657819,0.9232727187657819,25-50%
7.0,8.236169007172947,1.236169007172947,1.236169007172947,25-50%
7.0,8.236169007172947,1.236169007172947,1.236169007172947,25-50%
7.0,7.923272718765782,0.9232727187657819,0.9232727187657819,25-50%
7.0,7.923272718765782,0.9232727187657819,0.9232727187657819,25-50%
7.0,8.0225267507878,1.0225267507878009,1.0225267507878009,25-50%
7.0,7.923272718765782,0.9232727187657819,0.9232727187657819,25-50%
7.0,8.236169007172947,1.236169007172947,1.236169007172947,25-50%
13.0,7.616718435600426,-5.383281564399574,5.383281564399574,50-75%
13.0,7.497110720280665,-5.502889279719335,5.502889279719335,50-75%
13.0,7.579550486225608,-5.420449513774392,5.420449513774392,50-75%
13.0,7.497110720280665,-5.502889279719335,5.502889279719335,50-75%
13.0,7.785704641723691,-5.214295358276309,5.214295358276309,50-75%
13.0,7.785704641723691,-5.214295358276309,5.214295358276309,50-75%
13.0,7.785704641723691,-5.214295358276309,5.214295358276309,50-75%
13.0,7.785704641723691,-5.214295358276309,5.214295358276309,50-75%
13.0,7.785704641723691,-5.214295358276309,5.214295358276309,50-75%
13.0,7.785704641723691,-5.214295358276309,5.214295358276309,50-75%
13.0,7.785704641723691,-5.214295358276309,5.214295358276309,50-75%
13.0,7.785704641723691,-5.214295358276309,5.214295358276309,50-75%
13.0,7.785704641723691,-5.214295358276309,5.214295358276309,50-75%
13.0,7.497110720280665,-5.502889279719335,5.502889279719335,50-75%
13.0,7.785704641723691,-5.214295358276309,5.214295358276309,50-75%
13.0,7.785704641723691,-5.214295358276309,5.214295358276309,50-75%
13.0,7.785704641723691,-5.214295358276309,5.214295358276309,50-75%
13.0,7.497110720280665,-5.502889279719335,5.502889279719335,50-75%
13.0,7.785704641723691,-5.214295358276309,5.214295358276309,50-75%
13.0,7.785704641723691,-5.214295358276309,5.214295358276309,50-75%
13.0,7.785704641723691,-5.214295358276309,5.214295358276309,50-75%
13.0,7.497110720280665,-5.502889279719335,5.502889279719335,50-75%
13.0,7.785704641723691,-5.214295358276309,5.214295358276309,50-75%
13.0,7.785704641723691,-5.214295358276309,5.214295358276309,50-75%
8.0,7.991778416383089,-0.008221583616911055,0.008221583616911055,25-50%
8.0,8.253942350979504,0.2539423509795036,0.2539423509795036,25-50%
11.0,9.319686164438114,-1.6803138355618863,1.6803138355618863,50-75%
11.0,9.300565393027716,-1.699434606972284,1.699434606972284,50-75%
11.0,8.71862688648423,-2.2813731135157695,2.2813731135157695,50-75%
14.0,8.09529923867058,-5.904700761329419,5.904700761329419,50-75%
8.0,8.625848221733781,0.6258482217337811,0.6258482217337811,25-50%
8.0,8.533767157349725,0.5337671573497254,0.5337671573497254,25-50%
11.0,8.753203097593316,-2.2467969024066843,2.2467969024066843,50-75%
11.0,9.356400779740135,-1.6435992202598655,1.6435992202598655,50-75%
11.0,8.730841432637838,-2.2691585673621617,2.2691585673621617,50-75%
11.0,8.491992381753755,-2.5080076182462445,2.5080076182462445,50-75%
14.0,7.862604245161644,-6.137395754838356,6.137395754838356,50-75%
14.0,7.251700486370201,-6.748299513629799,6.748299513629799,50-75%
7.0,7.840286512912119,0.8402865129121189,0.8402865129121189,25-50%
7.0,7.991778416383089,0.991778416383089,0.991778416383089,25-50%
11.0,8.428075776782066,-2.571924223217934,2.571924223217934,50-75%
11.333333333333336,8.715072097020803,-2.6182612363125326,2.6182612363125326,50-75%
11.333333333333336,9.00724376514178,-2.3260895681915557,2.3260895681915557,50-75%
11.0,8.753203097593316,-2.2467969024066843,2.2467969024066843,50-75%
11.0,8.468448405350028,-2.5315515946499723,2.5315515946499723,50-75%
11.0,8.468448405350028,-2.5315515946499723,2.5315515946499723,50-75%
11.0,8.45151936374777,-2.548480636252229,2.548480636252229,50-75%
14.0,8.129772316501215,-5.8702276834987845,5.8702276834987845,50-75%
7.0,9.00724376514178,2.00724376514178,2.00724376514178,25-50%
7.0,8.518382032350305,1.5183820323503046,1.5183820323503046,25-50%
7.0,8.929376853952121,1.929376853952121,1.929376853952121,25-50%
7.0,8.953290819766664,1.9532908197666643,1.9532908197666643,25-50%
7.0,9.00724376514178,2.00724376514178,2.00724376514178,25-50%
11.333333333333336,8.715072097020803,-2.6182612363125326,2.6182612363125326,50-75%
11.333333333333336,8.823133355194171,-2.5101999781391644,2.5101999781391644,50-75%
11.333333333333336,8.715072097020803,-2.6182612363125326,2.6182612363125326,50-75%
11.0,8.753203097593316,-2.2467969024066843,2.2467969024066843,50-75%
11.0,8.45151936374777,-2.548480636252229,2.548480636252229,50-75%
14.0,8.093490039448453,-5.906509960551547,5.906509960551547,50-75%
7.0,8.685107564425401,1.685107564425401,1.685107564425401,25-50%
7.0,8.697702106431167,1.6977021064311675,1.6977021064311675,25-50%
7.0,8.98429964822299,1.98429964822299,1.98429964822299,25-50%
7.0,8.98429964822299,1.98429964822299,1.98429964822299,25-50%
7.0,9.588481957560829,2.5884819575608287,2.5884819575608287,25-50%
7.0,8.953290819766664,1.9532908197666643,1.9532908197666643,25-50%
7.0,9.00724376514178,2.00724376514178,2.00724376514178,25-50%
7.0,9.626152874632306,2.6261528746323055,2.6261528746323055,25-50%
10.0,9.00724376514178,-0.99275623485822,0.99275623485822,50-75%
10.0,8.98429964822299,-1.01570035177701,1.01570035177701,50-75%
11.333333333333336,9.626152874632306,-1.7071804587010302,1.7071804587010302,50-75%
11.333333333333336,8.98429964822299,-2.3490336851103457,2.3490336851103457,50-75%
11.333333333333336,9.00724376514178,-2.3260895681915557,2.3260895681915557,50-75%
11.333333333333336,9.626152874632306,-1.7071804587010302,1.7071804587010302,50-75%
11.333333333333336,8.98429964822299,-2.3490336851103457,2.3490336851103457,50-75%
14.0,8.09529923867058,-5.904700761329419,5.904700761329419,50-75%
14.0,8.129772316501215,-5.8702276834987845,5.8702276834987845,50-75%
7.0,8.67364788679198,1.6736478867919793,1.6736478867919793,25-50%
7.0,8.661084584339287,1.661084584339287,1.661084584339287,25-50%
7.0,8.953290819766664,1.9532908197666643,1.9532908197666643,25-50%
7.0,9.00724376514178,2.00724376514178,2.00724376514178,25-50%
7.0,9.00724376514178,2.00724376514178,2.00724376514178,25-50%
9.5,9.626152874632306,0.1261528746323055,0.1261528746323055,50-75%
12.0,9.683473708638644,-2.316526291361356,2.316526291361356,50-75%
10.0,9.00724376514178,-0.99275623485822,0.99275623485822,50-75%
11.333333333333336,9.084346902602128,-2.2489864307312075,2.2489864307312075,50-75%
11.333333333333336,9.683473708638644,-1.6498596246946917,1.6498596246946917,50-75%
11.333333333333336,9.708024541296542,-1.625308792036794,1.625308792036794,50-75%
11.333333333333336,9.00724376514178,-2.3260895681915557,2.3260895681915557,50-75%
13.0,8.428075776782066,-4.571924223217934,4.571924223217934,50-75%
14.0,8.129772316501215,-5.8702276834987845,5.8702276834987845,50-75%
7.0,8.58001336627811,1.5800133662781093,1.5800133662781093,25-50%
7.0,8.57858580303932,1.5785858030393207,1.5785858030393207,25-50%
7.0,8.697702106431167,1.6977021064311675,1.6977021064311675,25-50%
7.0,8.697702106431167,1.6977021064311675,1.6977021064311675,25-50%
7.0,8.67364788679198,1.6736478867919793,1.6736478867919793,25-50%
7.0,8.98429964822299,1.98429964822299,1.98429964822299,25-50%
7.0,8.98429964822299,1.98429964822299,1.98429964822299,25-50%
12.0,9.683473708638644,-2.316526291361356,2.316526291361356,50-75%
12.0,9.683473708638644,-2.316526291361356,2.316526291361356,50-75%
12.0,9.708024541296542,-2.291975458703458,2.291975458703458,50-75%
12.0,9.00724376514178,-2.99275623485822,2.99275623485822,50-75%
12.0,9.00724376514178,-2.99275623485822,2.99275623485822,50-75%
12.0,8.67364788679198,-3.3263521132080207,3.3263521132080207,50-75%
7.0,8.337847260985289,1.3378472609852885,1.3378472609852885,25-50%
7.0,8.697702106431167,1.6977021064311675,1.6977021064311675,25-50%
7.0,9.00724376514178,2.00724376514178,2.00724376514178,25-50%
7.0,9.00724376514178,2.00724376514178,2.00724376514178,25-50%
12.0,9.061226007397305,-2.9387739926026946,2.9387739926026946,50-75%
12.0,9.084346902602128,-2.915653097397872,2.915653097397872,50-75%
12.0,9.708024541296542,-2.291975458703458,2.291975458703458,50-75%
12.0,9.084346902602128,-2.915653097397872,2.915653097397872,50-75%
12.0,9.00724376514178,-2.99275623485822,2.99275623485822,50-75%
12.0,9.00724376514178,-2.99275623485822,2.99275623485822,50-75%
12.0,8.67364788679198,-3.3263521132080207,3.3263521132080207,50-75%
12.0,9.708024541296542,-2.291975458703458,2.291975458703458,50-75%
12.0,9.029978264208907,-2.970021735791093,2.970021735791093,50-75%
12.0,9.061226007397305,-2.9387739926026946,2.9387739926026946,50-75%
7.0,8.739229320931274,1.7392293209312744,1.7392293209312744,25-50%
7.0,8.67364788679198,1.6736478867919793,1.6736478867919793,25-50%
7.0,9.00724376514178,2.00724376514178,2.00724376514178,25-50%
7.0,8.628680974977543,1.6286809749775433,1.6286809749775433,25-50%
7.0,8.739229320931274,1.7392293209312744,1.7392293209312744,25-50%
7.0,8.67364788679198,1.6736478867919793,1.6736478867919793,25-50%
7.0,9.626152874632306,2.6261528746323055,2.6261528746323055,25-50%
7.0,8.627246159547505,1.6272461595475054,1.6272461595475054,25-50%
7.0,8.649783584075758,1.6497835840757578,1.6497835840757578,25-50%
7.0,8.98429964822299,1.98429964822299,1.98429964822299,25-50%
7.0,8.667601462176794,1.667601462176794,1.667601462176794,25-50%
7.0,8.417915516048645,1.4179155160486445,1.4179155160486445,25-50%
7.0,9.626152874632306,2.6261528746323055,2.6261528746323055,25-50%
7.0,8.67364788679198,1.6736478867919793,1.6736478867919793,25-50%
7.0,8.697702106431167,1.6977021064311675,1.6977021064311675,25-50%
7.0,9.626152874632306,2.6261528746323055,2.6261528746323055,25-50%
7.0,8.381563617993404,1.3815636179934039,1.3815636179934039,25-50%
7.0,8.291819385211811,1.2918193852118112,1.2918193852118112,25-50%
7.0,8.98429964822299,1.98429964822299,1.98429964822299,25-50%
7.0,9.626152874632306,2.6261528746323055,2.6261528746323055,25-50%
7.0,9.708024541296542,2.708024541296542,2.708024541296542,25-50%
7.0,9.084346902602128,2.084346902602128,2.084346902602128,25-50%
7.0,8.649783584075758,1.6497835840757578,1.6497835840757578,25-50%
7.0,8.417915516048645,1.4179155160486445,1.4179155160486445,25-50%
7.0,8.417915516048645,1.4179155160486445,1.4179155160486445,25-50%
7.0,9.708024541296542,2.708024541296542,2.708024541296542,25-50%
7.0,8.661084584339287,1.661084584339287,1.661084584339287,25-50%
7.0,8.533767157349725,1.5337671573497254,1.5337671573497254,25-50%
7.0,9.084346902602128,2.084346902602128,2.084346902602128,25-50%
7.0,8.488820231721109,1.4888202317211086,1.4888202317211086,25-50%
4.0,7.302961089345242,3.302961089345242,3.302961089345242,0-25%
4.0,7.223534790796292,3.2235347907962923,3.2235347907962923,0-25%
4.0,6.985245394177605,2.985245394177605,2.985245394177605,0-25%
4.0,6.985245394177605,2.985245394177605,2.985245394177605,0-25%
4.0,7.487388676573761,3.4873886765737607,3.4873886765737607,0-25%
4.0,7.302961089345242,3.302961089345242,3.302961089345242,0-25%
4.0,7.322041457194579,3.3220414571945787,3.3220414571945787,0-25%
4.0,7.025874204855529,3.025874204855529,3.025874204855529,0-25%
4.0,6.985245394177605,2.985245394177605,2.985245394177605,0-25%
4.0,7.424049429942589,3.424049429942589,3.424049429942589,0-25%
4.0,7.487388676573761,3.4873886765737607,3.4873886765737607,0-25%
6.0,7.322041457194579,1.3220414571945787,1.3220414571945787,25-50%
6.0,7.322041457194579,1.3220414571945787,1.3220414571945787,25-50%
6.0,6.985245394177605,0.9852453941776051,0.9852453941776051,25-50%
6.0,7.200531306360715,1.2005313063607153,1.2005313063607153,25-50%
4.0,7.618260823387326,3.6182608233873257,3.6182608233873257,0-25%
4.0,8.23144526284213,4.231445262842129,4.231445262842129,0-25%
4.0,7.397886362638496,3.397886362638496,3.397886362638496,0-25%
6.0,7.4434080611796505,1.4434080611796505,1.4434080611796505,25-50%
6.0,7.302961089345242,1.3029610893452421,1.3029610893452421,25-50%
6.0,6.985245394177605,0.9852453941776051,0.9852453941776051,25-50%
6.0,7.223534790796292,1.2235347907962923,1.2235347907962923,25-50%
6.0,7.200531306360715,1.2005313063607153,1.2005313063607153,25-50%
6.0,7.445245095415986,1.4452450954159861,1.4452450954159861,25-50%
4.0,7.691474326199891,3.6914743261998906,3.6914743261998906,0-25%
4.0,8.944898681785027,4.944898681785027,4.944898681785027,0-25%
8.0,7.322041457194579,-0.6779585428054213,0.6779585428054213,25-50%
6.0,7.302961089345242,1.3029610893452421,1.3029610893452421,25-50%
6.0,6.985245394177605,0.9852453941776051,0.9852453941776051,25-50%
6.0,7.387569898996418,1.3875698989964178,1.3875698989964178,25-50%
6.0,8.21985757898066,2.21985757898066,2.21985757898066,25-50%
6.0,7.900022445057234,1.9000224450572336,1.9000224450572336,25-50%
6.0,7.814884645155872,1.814884645155872,1.814884645155872,25-50%
6.0,8.252659305579495,2.2526593055794955,2.2526593055794955,25-50%
8.0,7.302961089345242,-0.6970389106547579,0.6970389106547579,25-50%
6.0,7.445245095415986,1.4452450954159861,1.4452450954159861,25-50%
6.0,8.23144526284213,2.2314452628421293,2.2314452628421293,25-50%
6.0,8.252659305579495,2.2526593055794955,2.2526593055794955,25-50%
6.0,7.944217832526948,1.944217832526948,1.944217832526948,25-50%
6.0,7.982518498848788,1.9825184988487878,1.9825184988487878,25-50%
8.0,7.939840980571747,-0.0601590194282533,0.0601590194282533,25-50%
8.0,8.180663857349748,0.18066385734974766,0.18066385734974766,25-50%
8.0,8.202774618666265,0.20277461866626467,0.20277461866626467,25-50%
8.0,8.252659305579495,0.25265930557949545,0.25265930557949545,25-50%
8.0,7.982518498848788,-0.017481501151212164,0.017481501151212164,25-50%
8.0,8.944898681785027,0.9448986817850269,0.9448986817850269,25-50%
8.0,8.202774618666265,0.20277461866626467,0.20277461866626467,25-50%
8.0,8.252659305579495,0.25265930557949545,0.25265930557949545,25-50%
8.0,8.980279905932862,0.9802799059328624,0.9802799059328624,25-50%
8.0,8.252659305579495,0.25265930557949545,0.25265930557949545,25-50%
8.0,8.23144526284213,0.2314452628421293,0.2314452628421293,25-50%
8.0,8.252659305579495,0.25265930557949545,0.25265930557949545,25-50%
8.0,8.980279905932862,0.9802799059328624,0.9802799059328624,25-50%
3.0,8.929215525887129,5.929215525887129,5.929215525887129,0-25%
3.0,8.646185899552453,5.646185899552453,5.646185899552453,0-25%
3.0,8.646185899552453,5.646185899552453,5.646185899552453,0-25%
3.0,8.622259460921759,5.622259460921759,5.622259460921759,0-25%
6.0,8.960149349335415,2.960149349335415,2.960149349335415,25-50%
6.0,8.960149349335415,2.960149349335415,2.960149349335415,25-50%
6.0,9.816586426000073,3.8165864260000735,3.8165864260000735,25-50%
9.0,9.826181387761178,0.8261813877611779,0.8261813877611779,50-75%
9.0,9.826181387761178,0.8261813877611779,0.8261813877611779,50-75%
3.0,8.242450370796279,5.242450370796279,5.242450370796279,0-25%
6.0,8.646185899552453,2.646185899552453,2.646185899552453,25-50%
6.0,8.951321929147369,2.951321929147369,2.951321929147369,25-50%
6.0,8.951321929147369,2.951321929147369,2.951321929147369,25-50%
6.0,9.027994203813835,3.0279942038138348,3.0279942038138348,25-50%
9.0,9.036889636914141,0.03688963691414138,0.03688963691414138,50-75%
9.0,9.027994203813835,0.027994203813834773,0.027994203813834773,50-75%
9.0,9.816586426000073,0.8165864260000735,0.8165864260000735,50-75%
9.0,9.027994203813835,0.027994203813834773,0.027994203813834773,50-75%
6.0,8.646185899552453,2.646185899552453,2.646185899552453,25-50%
6.0,8.622259460921759,2.622259460921759,2.622259460921759,25-50%
6.0,8.951321929147369,2.951321929147369,2.951321929147369,25-50%
6.0,9.027994203813835,3.0279942038138348,3.0279942038138348,25-50%
6.0,9.005717476627312,3.0057174766273125,3.0057174766273125,25-50%
9.0,9.036889636914141,0.03688963691414138,0.03688963691414138,50-75%
9.0,9.816586426000073,0.8165864260000735,0.8165864260000735,50-75%
9.0,9.005717476627312,0.005717476627312479,0.005717476627312479,50-75%
14.0,8.78629540635251,-5.21370459364749,5.21370459364749,50-75%
14.0,8.815882056530128,-5.184117943469872,5.184117943469872,50-75%
14.0,8.857915337733822,-5.142084662266178,5.142084662266178,50-75%
14.0,8.857915337733822,-5.142084662266178,5.142084662266178,50-75%
14.0,8.83437777946513,-5.165622220534869,5.165622220534869,50-75%
14.0,8.460370250620231,-5.539629749379769,5.539629749379769,50-75%
3.0,7.881213106585324,4.881213106585324,4.881213106585324,0-25%
3.0,7.567730501605207,4.567730501605207,4.567730501605207,0-25%
3.0,7.567730501605207,4.567730501605207,4.567730501605207,0-25%
6.0,8.622259460921759,2.622259460921759,2.622259460921759,25-50%
6.0,8.951321929147369,2.951321929147369,2.951321929147369,25-50%
6.0,9.027994203813835,3.0279942038138348,3.0279942038138348,25-50%
6.0,9.826181387761178,3.826181387761178,3.826181387761178,25-50%
9.0,9.027994203813835,0.027994203813834773,0.027994203813834773,50-75%
9.0,9.027994203813835,0.027994203813834773,0.027994203813834773,50-75%
9.0,9.816586426000073,0.8165864260000735,0.8165864260000735,50-75%
14.0,8.815882056530128,-5.184117943469872,5.184117943469872,50-75%
14.0,8.833463724545878,-5.166536275454122,5.166536275454122,50-75%
14.0,8.942841859022353,-5.057158140977647,5.057158140977647,50-75%
14.0,8.942841859022353,-5.057158140977647,5.057158140977647,50-75%
14.0,8.833463724545878,-5.166536275454122,5.166536275454122,50-75%
14.0,8.857915337733822,-5.142084662266178,5.142084662266178,50-75%
3.0,8.577531422678227,5.577531422678227,5.577531422678227,0-25%
3.0,8.577531422678227,5.577531422678227,5.577531422678227,0-25%
6.0,8.951321929147369,2.951321929147369,2.951321929147369,25-50%
6.0,9.027994203813835,3.0279942038138348,3.0279942038138348,25-50%
6.0,9.027994203813835,3.0279942038138348,3.0279942038138348,25-50%
9.0,9.792557877518284,0.7925578775182842,0.7925578775182842,50-75%
9.0,9.027994203813835,0.027994203813834773,0.027994203813834773,50-75%
9.0,9.036889636914141,0.03688963691414138,0.03688963691414138,50-75%
14.0,8.942841859022353,-5.057158140977647,5.057158140977647,50-75%
14.0,9.126386053538994,-4.873613946461006,4.873613946461006,50-75%
14.0,9.126386053538994,-4.873613946461006,4.873613946461006,50-75%
14.0,8.833463724545878,-5.166536275454122,5.166536275454122,50-75%
14.0,8.942841859022353,-5.057158140977647,5.057158140977647,50-75%
14.0,8.96756544879051,-5.032434551209491,5.032434551209491,50-75%
14.0,8.857915337733822,-5.142084662266178,5.142084662266178,50-75%
3.0,8.559155918374296,5.559155918374296,5.559155918374296,0-25%
3.0,8.687492512867887,5.6874925128678875,5.6874925128678875,0-25%
3.0,8.622259460921759,5.622259460921759,5.622259460921759,0-25%
6.0,8.951321929147369,2.951321929147369,2.951321929147369,25-50%
9.0,8.960149349335415,-0.03985065066458482,0.03985065066458482,50-75%
9.0,9.826181387761178,0.8261813877611779,0.8261813877611779,50-75%
9.0,9.027994203813835,0.027994203813834773,0.027994203813834773,50-75%
14.0,9.126386053538994,-4.873613946461006,4.873613946461006,50-75%
14.0,8.942841859022353,-5.057158140977647,5.057158140977647,50-75%
14.0,8.96756544879051,-5.032434551209491,5.032434551209491,50-75%
14.0,8.895148885143573,-5.104851114856427,5.104851114856427,50-75%
14.0,8.895148885143573,-5.104851114856427,5.104851114856427,50-75%
14.0,8.606559970850073,-5.393440029149927,5.393440029149927,50-75%
14.0,9.126386053538994,-4.873613946461006,4.873613946461006,50-75%
14.0,8.96756544879051,-5.032434551209491,5.032434551209491,50-75%
14.0,7.432261096982093,-6.567738903017907,6.567738903017907,50-75%
14.0,7.834319312146913,-6.165680687853087,6.165680687853087,50-75%
14.0,8.874403582860737,-5.125596417139263,5.125596417139263,50-75%
14.0,8.76577831673714,-5.234221683262859,5.234221683262859,50-75%
14.0,7.73713569206798,-6.26286430793202,6.26286430793202,50-75%
9.0,9.126386053538994,0.1263860535389938,0.1263860535389938,50-75%
9.0,9.126386053538994,0.1263860535389938,0.1263860535389938,50-75%
7.5,8.942841859022353,1.4428418590223533,1.4428418590223533,25-50%
10.0,8.951321929147369,-1.048678070852631,1.048678070852631,50-75%
10.0,8.951321929147369,-1.048678070852631,1.048678070852631,50-75%
10.0,8.960149349335415,-1.0398506506645848,1.0398506506645848,50-75%
10.0,8.631846321440422,-1.3681536785595778,1.3681536785595778,50-75%
10.0,8.960149349335415,-1.0398506506645848,1.0398506506645848,50-75%
9.0,9.126386053538994,0.1263860535389938,0.1263860535389938,50-75%
7.5,9.126386053538994,1.6263860535389938,1.6263860535389938,25-50%
7.5,9.126386053538994,1.6263860535389938,1.6263860535389938,25-50%
7.5,9.126386053538994,1.6263860535389938,1.6263860535389938,25-50%
10.0,8.951321929147369,-1.048678070852631,1.048678070852631,50-75%
10.0,8.960149349335415,-1.0398506506645848,1.0398506506645848,50-75%
10.0,8.951321929147369,-1.048678070852631,1.048678070852631,50-75%
10.0,8.605229461967228,-1.3947705380327715,1.3947705380327715,50-75%
10.0,8.524478863511607,-1.4755211364883927,1.4755211364883927,50-75%
9.0,9.126386053538994,0.1263860535389938,0.1263860535389938,50-75%
7.5,9.126386053538994,1.6263860535389938,1.6263860535389938,25-50%
7.5,9.126386053538994,1.6263860535389938,1.6263860535389938,25-50%
7.5,9.126386053538994,1.6263860535389938,1.6263860535389938,25-50%
7.5,8.96756544879051,1.4675654487905092,1.4675654487905092,25-50%
6.0,7.7252914119955385,1.7252914119955385,1.7252914119955385,25-50%
10.0,8.646185899552453,-1.353814100447547,1.353814100447547,50-75%
10.0,8.951321929147369,-1.048678070852631,1.048678070852631,50-75%
10.0,8.951321929147369,-1.048678070852631,1.048678070852631,50-75%
10.0,8.951321929147369,-1.048678070852631,1.048678070852631,50-75%
10.0,8.524478863511607,-1.4755211364883927,1.4755211364883927,50-75%
10.0,8.516037566694507,-1.4839624333054928,1.4839624333054928,50-75%
9.0,9.13536876611903,0.13536876611902926,0.13536876611902926,50-75%
9.0,9.126386053538994,0.1263860535389938,0.1263860535389938,50-75%
7.5,9.13536876611903,1.6353687661190293,1.6353687661190293,25-50%
7.5,9.103890753390704,1.6038907533907043,1.6038907533907043,25-50%
7.5,8.816059924780495,1.316059924780495,1.316059924780495,25-50%
7.5,8.857915337733822,1.3579153377338216,1.3579153377338216,25-50%
7.5,8.857915337733822,1.3579153377338216,1.3579153377338216,25-50%
6.0,8.942841859022353,2.9428418590223533,2.9428418590223533,25-50%
6.0,8.857915337733822,2.8579153377338216,2.8579153377338216,25-50%
6.0,8.76577831673714,2.7657783167371406,2.7657783167371406,25-50%
10.0,8.951321929147369,-1.048678070852631,1.048678070852631,50-75%
10.0,8.951321929147369,-1.048678070852631,1.048678070852631,50-75%
10.0,8.951321929147369,-1.048678070852631,1.048678070852631,50-75%
10.0,9.733884714316552,-0.26611528568344767,0.26611528568344767,50-75%
10.0,9.663854308179815,-0.3361456918201853,0.3361456918201853,50-75%
9.0,9.126386053538994,0.1263860535389938,0.1263860535389938,50-75%
9.0,9.126386053538994,0.1263860535389938,0.1263860535389938,50-75%
7.5,9.13536876611903,1.6353687661190293,1.6353687661190293,25-50%
7.5,9.13536876611903,1.6353687661190293,1.6353687661190293,25-50%
7.5,9.13536876611903,1.6353687661190293,1.6353687661190293,25-50%
7.5,8.857915337733822,1.3579153377338216,1.3579153377338216,25-50%
10.0,8.646185899552453,-1.353814100447547,1.353814100447547,50-75%
10.0,8.646185899552453,-1.353814100447547,1.353814100447547,50-75%
9.0,9.13536876611903,0.13536876611902926,0.13536876611902926,50-75%
9.0,9.122646440877723,0.12264644087772325,0.12264644087772325,50-75%
7.5,9.122646440877723,1.6226464408777233,1.6226464408777233,25-50%
7.5,9.122646440877723,1.6226464408777233,1.6226464408777233,25-50%
7.5,9.13536876611903,1.6353687661190293,1.6353687661190293,25-50%
6.0,9.126386053538994,3.126386053538994,3.126386053538994,25-50%
6.0,8.857915337733822,2.8579153377338216,2.8579153377338216,25-50%
10.0,8.646185899552453,-1.353814100447547,1.353814100447547,50-75%
10.0,8.516037566694507,-1.4839624333054928,1.4839624333054928,50-75%
21.0,9.323011531982358,-11.676988468017642,11.676988468017642,75-100%
21.0,9.078264616916124,-11.921735383083876,11.921735383083876,75-100%
21.0,9.190365684600643,-11.809634315399357,11.809634315399357,75-100%
21.0,9.215704760123094,-11.784295239876906,11.784295239876906,75-100%
21.0,9.190365684600643,-11.809634315399357,11.809634315399357,75-100%
21.0,9.215704760123094,-11.784295239876906,11.784295239876906,75-100%
21.0,9.141485409594573,-11.858514590405427,11.858514590405427,75-100%
21.0,9.141485409594573,-11.858514590405427,11.858514590405427,75-100%
21.0,8.796716305858574,-12.203283694141426,12.203283694141426,75-100%
21.0,9.215704760123094,-11.784295239876906,11.784295239876906,75-100%
21.0,7.452908108773652,-13.547091891226348,13.547091891226348,75-100%
21.0,7.982981879554009,-13.017018120445991,13.017018120445991,75-100%
21.0,9.06986172827483,-11.93013827172517,11.93013827172517,75-100%
21.0,8.796716305858574,-12.203283694141426,12.203283694141426,75-100%
21.0,9.141485409594573,-11.858514590405427,11.858514590405427,75-100%
21.0,8.959086287420835,-12.040913712579165,12.040913712579165,75-100%
21.0,7.884162868455082,-13.115837131544918,13.115837131544918,75-100%
21.0,9.10332494508955,-11.89667505491045,11.89667505491045,75-100%
21.0,9.215704760123094,-11.784295239876906,11.784295239876906,75-100%
21.0,9.190365684600643,-11.809634315399357,11.809634315399357,75-100%
5.0,8.987155356043418,3.9871553560434183,3.9871553560434183,0-25%
5.0,9.054200934835194,4.054200934835194,4.054200934835194,0-25%
5.0,9.33216866317032,4.33216866317032,4.33216866317032,0-25%
21.0,7.362843665729602,-13.637156334270397,13.637156334270397,75-100%
5.0,9.035291785828141,4.035291785828141,4.035291785828141,0-25%
5.0,9.323011531982358,4.323011531982358,4.323011531982358,0-25%
5.0,9.33216866317032,4.33216866317032,4.33216866317032,0-25%
5.0,9.323011531982358,4.323011531982358,4.323011531982358,0-25%
5.0,9.323011531982358,4.323011531982358,4.323011531982358,0-25%
5.0,9.33216866317032,4.33216866317032,4.33216866317032,0-25%
5.0,9.323011531982358,4.323011531982358,4.323011531982358,0-25%
5.0,9.33216866317032,4.33216866317032,4.33216866317032,0-25%
5.0,9.323011531982358,4.323011531982358,4.323011531982358,0-25%
5.0,9.323011531982358,4.323011531982358,4.323011531982358,0-25%
5.0,9.33216866317032,4.33216866317032,4.33216866317032,0-25%
5.0,9.323011531982358,4.323011531982358,4.323011531982358,0-25%
5.0,9.06024525897339,4.06024525897339,4.06024525897339,0-25%
5.0,9.323011531982358,4.323011531982358,4.323011531982358,0-25%
5.0,9.323011531982358,4.323011531982358,4.323011531982358,0-25%
5.0,9.33216866317032,4.33216866317032,4.33216866317032,0-25%
5.0,9.045290159183748,4.0452901591837485,4.0452901591837485,0-25%
5.0,8.987155356043418,3.9871553560434183,3.9871553560434183,0-25%
5.0,9.323011531982358,4.323011531982358,4.323011531982358,0-25%
5.0,9.33216866317032,4.33216866317032,4.33216866317032,0-25%
5.0,9.323011531982358,4.323011531982358,4.323011531982358,0-25%
5.0,9.01753077976557,4.01753077976557,4.01753077976557,0-25%
5.0,9.06024525897339,4.06024525897339,4.06024525897339,0-25%
5.0,9.323011531982358,4.323011531982358,4.323011531982358,0-25%
5.0,9.323011531982358,4.323011531982358,4.323011531982358,0-25%
5.0,9.323011531982358,4.323011531982358,4.323011531982358,0-25%
5.0,5.8466575967441194,0.8466575967441194,0.8466575967441194,0-25%
5.0,5.822489963558299,0.822489963558299,0.822489963558299,0-25%
5.0,5.822489963558299,0.822489963558299,0.822489963558299,0-25%
5.0,5.822489963558299,0.822489963558299,0.822489963558299,0-25%
5.0,5.822489963558299,0.822489963558299,0.822489963558299,0-25%
5.0,5.8466575967441194,0.8466575967441194,0.8466575967441194,0-25%
5.0,5.8466575967441194,0.8466575967441194,0.8466575967441194,0-25%
3.0,5.8466575967441194,2.8466575967441194,2.8466575967441194,0-25%
3.0,6.025049572084718,3.0250495720847184,3.0250495720847184,0-25%
3.0,6.004145314134433,3.0041453141344334,3.0041453141344334,0-25%
3.0,6.004145314134433,3.0041453141344334,3.0041453141344334,0-25%
3.0,5.8466575967441194,2.8466575967441194,2.8466575967441194,0-25%
3.0,5.8466575967441194,2.8466575967441194,2.8466575967441194,0-25%
3.0,6.025049572084718,3.0250495720847184,3.0250495720847184,0-25%
3.0,6.004145314134433,3.0041453141344334,3.0041453141344334,0-25%
3.0,5.8466575967441194,2.8466575967441194,2.8466575967441194,0-25%
3.0,5.8466575967441194,2.8466575967441194,2.8466575967441194,0-25%
3.0,6.004145314134433,3.0041453141344334,3.0041453141344334,0-25%
3.0,5.8466575967441194,2.8466575967441194,2.8466575967441194,0-25%
3.0,5.8466575967441194,2.8466575967441194,2.8466575967441194,0-25%
3.0,5.8466575967441194,2.8466575967441194,2.8466575967441194,0-25%
3.0,5.8466575967441194,2.8466575967441194,2.8466575967441194,0-25%
3.0,5.8466575967441194,2.8466575967441194,2.8466575967441194,0-25%
3.0,5.8466575967441194,2.8466575967441194,2.8466575967441194,0-25%
3.0,5.8466575967441194,2.8466575967441194,2.8466575967441194,0-25%
3.0,6.004145314134433,3.0041453141344334,3.0041453141344334,0-25%
3.0,5.8466575967441194,2.8466575967441194,2.8466575967441194,0-25%
3.0,5.8466575967441194,2.8466575967441194,2.8466575967441194,0-25%
3.0,5.8466575967441194,2.8466575967441194,2.8466575967441194,0-25%
3.0,6.004145314134433,3.0041453141344334,3.0041453141344334,0-25%
8.0,7.733477163747432,-0.2665228362525678,0.2665228362525678,25-50%
8.0,7.993920717104982,-0.006079282895018245,0.006079282895018245,25-50%
8.0,6.49371855681659,-1.5062814431834104,1.5062814431834104,25-50%
3.0,6.506437209105487,3.5064372091054867,3.5064372091054867,0-25%
3.0,7.510272991064313,4.510272991064313,4.510272991064313,0-25%
8.0,7.780863163416176,-0.2191368365838242,0.2191368365838242,25-50%
8.0,7.671783665087101,-0.3282163349128986,0.3282163349128986,25-50%
8.0,7.831323838794683,-0.16867616120531714,0.16867616120531714,25-50%
8.0,7.718834928882346,-0.28116507111765365,0.28116507111765365,25-50%
8.0,6.9206823988064645,-1.0793176011935355,1.0793176011935355,25-50%
8.0,6.506437209105487,-1.4935627908945133,1.4935627908945133,25-50%
3.0,7.946504935018752,4.946504935018752,4.946504935018752,0-25%
3.0,7.6974981266667974,4.6974981266667974,4.6974981266667974,0-25%
3.0,7.940884792117545,4.940884792117545,4.940884792117545,0-25%
3.0,7.945171773876637,4.945171773876637,4.945171773876637,0-25%
8.0,7.683575567550774,-0.31642443244922625,0.31642443244922625,25-50%
8.0,7.745448682065964,-0.25455131793403574,0.25455131793403574,25-50%
8.0,7.718834928882346,-0.28116507111765365,0.28116507111765365,25-50%
8.0,7.990385780313352,-0.00961421968664844,0.00961421968664844,25-50%
8.0,7.780863163416176,-0.2191368365838242,0.2191368365838242,25-50%
8.0,7.981232588070429,-0.018767411929570876,0.018767411929570876,25-50%
5.5,7.9381521793406655,2.4381521793406655,2.4381521793406655,25-50%
3.0,6.92857394212624,3.9285739421262402,3.9285739421262402,0-25%
3.0,7.6961357528755405,4.6961357528755405,4.6961357528755405,0-25%
3.0,8.003565067382503,5.003565067382503,5.003565067382503,0-25%
3.0,7.888676091579134,4.888676091579134,4.888676091579134,0-25%
3.0,7.940884792117545,4.940884792117545,4.940884792117545,0-25%
3.0,8.004975604364017,5.004975604364017,5.004975604364017,0-25%
8.0,7.745448682065964,-0.25455131793403574,0.25455131793403574,25-50%
8.0,7.286195255770981,-0.7138047442290194,0.7138047442290194,25-50%
8.0,7.77352642883934,-0.22647357116065958,0.22647357116065958,25-50%
8.0,8.031267686072278,0.03126768607227781,0.03126768607227781,25-50%
8.0,7.831323838794683,-0.16867616120531714,0.16867616120531714,25-50%
5.5,7.981232588070429,2.481232588070429,2.481232588070429,25-50%
3.0,8.010636034052476,5.010636034052476,5.010636034052476,0-25%
3.0,8.003565067382503,5.003565067382503,5.003565067382503,0-25%
3.0,8.031267686072278,5.031267686072278,5.031267686072278,0-25%
3.0,7.944874391464412,4.944874391464412,4.944874391464412,0-25%
3.0,8.010636034052476,5.010636034052476,5.010636034052476,0-25%
8.0,7.718834928882346,-0.28116507111765365,0.28116507111765365,25-50%
8.0,7.981232588070429,-0.018767411929570876,0.018767411929570876,25-50%
8.0,7.89427254952885,-0.10572745047115006,0.10572745047115006,25-50%
8.0,7.993920717104982,-0.006079282895018245,0.006079282895018245,25-50%
3.0,8.003565067382503,5.003565067382503,5.003565067382503,0-25%
3.0,8.031267686072278,5.031267686072278,5.031267686072278,0-25%
3.0,7.944874391464412,4.944874391464412,4.944874391464412,0-25%
3.0,8.004975604364017,5.004975604364017,5.004975604364017,0-25%
3.0,8.003565067382503,5.003565067382503,5.003565067382503,0-25%
3.0,8.031267686072278,5.031267686072278,5.031267686072278,0-25%
8.0,8.003565067382503,0.003565067382503173,0.003565067382503173,25-50%
8.0,8.041844333476966,0.041844333476966256,0.041844333476966256,25-50%
8.0,8.008866493072443,0.008866493072442694,0.008866493072442694,25-50%
8.0,7.988286015885993,-0.011713984114006593,0.011713984114006593,25-50%
8.0,7.988286015885993,-0.011713984114006593,0.011713984114006593,25-50%
3.0,6.92857394212624,3.9285739421262402,3.9285739421262402,0-25%
3.0,6.506437209105487,3.5064372091054867,3.5064372091054867,0-25%
3.0,7.128660424256439,4.128660424256439,4.128660424256439,0-25%
3.0,7.6961357528755405,4.6961357528755405,4.6961357528755405,0-25%
3.0,8.003565067382503,5.003565067382503,5.003565067382503,0-25%
3.0,7.958864784693161,4.958864784693161,4.958864784693161,0-25%
3.0,7.951834444764442,4.951834444764442,4.951834444764442,0-25%
3.0,7.951834444764442,4.951834444764442,4.951834444764442,0-25%
3.0,7.992681473463228,4.992681473463228,4.992681473463228,0-25%
3.0,7.951834444764442,4.951834444764442,4.951834444764442,0-25%
3.0,8.05849342817342,5.058493428173421,5.058493428173421,0-25%
3.0,8.051384906103644,5.051384906103644,5.051384906103644,0-25%
3.0,7.961558441115756,4.961558441115756,4.961558441115756,0-25%
3.0,7.708149710441592,4.708149710441592,4.708149710441592,0-25%
3.0,8.086365053187118,5.086365053187118,5.086365053187118,0-25%
3.0,8.051384906103644,5.051384906103644,5.051384906103644,0-25%
3.0,8.051384906103644,5.051384906103644,5.051384906103644,0-25%
3.0,8.052802934745454,5.052802934745454,5.052802934745454,0-25%
3.0,8.052802934745454,5.052802934745454,5.052802934745454,0-25%
3.0,8.05849342817342,5.058493428173421,5.058493428173421,0-25%
3.0,8.051384906103644,5.051384906103644,5.051384906103644,0-25%
3.0,8.05849342817342,5.058493428173421,5.058493428173421,0-25%
3.0,7.708149710441592,4.708149710441592,4.708149710441592,0-25%
3.0,7.714988672108315,4.714988672108315,4.714988672108315,0-25%
3.0,8.052802934745454,5.052802934745454,5.052802934745454,0-25%
3.0,8.052802934745454,5.052802934745454,5.052802934745454,0-25%
3.0,8.05849342817342,5.058493428173421,5.058493428173421,0-25%
3.0,7.985624596375724,4.985624596375724,4.985624596375724,0-25%
3.0,7.937551980711276,4.937551980711276,4.937551980711276,0-25%
5.0,7.616536995229623,2.616536995229623,2.616536995229623,0-25%
5.0,7.600567328805835,2.600567328805835,2.600567328805835,0-25%
5.0,7.595164501917522,2.5951645019175222,2.5951645019175222,0-25%
5.0,7.600567328805835,2.600567328805835,2.600567328805835,0-25%
3.0,8.476034785934965,5.476034785934965,5.476034785934965,0-25%
3.0,8.556754138104614,5.556754138104614,5.556754138104614,0-25%
3.0,8.028933814269646,5.028933814269646,5.028933814269646,0-25%
3.0,8.051384906103644,5.051384906103644,5.051384906103644,0-25%
3.0,8.05849342817342,5.058493428173421,5.058493428173421,0-25%
3.0,8.05849342817342,5.058493428173421,5.058493428173421,0-25%
3.0,8.052802934745454,5.052802934745454,5.052802934745454,0-25%
3.0,7.992382511590103,4.992382511590103,4.992382511590103,0-25%
3.0,8.051384906103644,5.051384906103644,5.051384906103644,0-25%
3.0,8.051384906103644,5.051384906103644,5.051384906103644,0-25%
5.0,7.634067093854426,2.6340670938544264,2.6340670938544264,0-25%
5.0,7.615187303168442,2.615187303168442,2.615187303168442,0-25%
5.0,7.6219532566346935,2.6219532566346935,2.6219532566346935,0-25%
5.0,7.6219532566346935,2.6219532566346935,2.6219532566346935,0-25%
5.0,7.595164501917522,2.5951645019175222,2.5951645019175222,0-25%
5.0,7.616536995229623,2.616536995229623,2.616536995229623,0-25%
3.0,8.052802934745454,5.052802934745454,5.052802934745454,0-25%
3.0,8.05849342817342,5.058493428173421,5.058493428173421,0-25%
3.0,8.051384906103644,5.051384906103644,5.051384906103644,0-25%
3.0,7.978736005438924,4.978736005438924,4.978736005438924,0-25%
3.0,8.556754138104614,5.556754138104614,5.556754138104614,0-25%
3.0,8.056714488786906,5.0567144887869055,5.0567144887869055,0-25%
3.0,8.088059362718571,5.088059362718571,5.088059362718571,0-25%
3.0,8.088059362718571,5.088059362718571,5.088059362718571,0-25%
3.0,8.088059362718571,5.088059362718571,5.088059362718571,0-25%
3.0,8.11247008924811,5.112470089248109,5.112470089248109,0-25%
3.0,8.11247008924811,5.112470089248109,5.112470089248109,0-25%
3.0,8.051384906103644,5.051384906103644,5.051384906103644,0-25%
5.0,7.6219532566346935,2.6219532566346935,2.6219532566346935,0-25%
5.0,7.615187303168442,2.615187303168442,2.615187303168442,0-25%
5.0,7.615187303168442,2.615187303168442,2.615187303168442,0-25%
5.0,7.6416949417554365,2.6416949417554365,2.6416949417554365,0-25%
5.0,7.6416949417554365,2.6416949417554365,2.6416949417554365,0-25%
5.0,7.616536995229623,2.616536995229623,2.616536995229623,0-25%
4.0,8.05849342817342,4.058493428173421,4.058493428173421,0-25%
3.0,8.05849342817342,5.058493428173421,5.058493428173421,0-25%
3.0,8.052802934745454,5.052802934745454,5.052802934745454,0-25%
3.0,8.052802934745454,5.052802934745454,5.052802934745454,0-25%
3.0,8.05849342817342,5.058493428173421,5.058493428173421,0-25%
3.0,8.028933814269646,5.028933814269646,5.028933814269646,0-25%
4.5,8.148474980179426,3.648474980179426,3.648474980179426,0-25%
4.5,7.593818157638005,3.0938181576380046,3.0938181576380046,0-25%
6.0,7.595355864225623,1.5953558642256231,1.5953558642256231,25-50%
3.0,8.051384906103644,5.051384906103644,5.051384906103644,0-25%
3.0,8.051384906103644,5.051384906103644,5.051384906103644,0-25%
3.0,8.051384906103644,5.051384906103644,5.051384906103644,0-25%
3.0,8.051384906103644,5.051384906103644,5.051384906103644,0-25%
3.0,8.11247008924811,5.112470089248109,5.112470089248109,0-25%
3.0,8.11247008924811,5.112470089248109,5.112470089248109,0-25%
3.0,8.11247008924811,5.112470089248109,5.112470089248109,0-25%
3.0,8.051384906103644,5.051384906103644,5.051384906103644,0-25%
5.0,7.616536995229623,2.616536995229623,2.616536995229623,0-25%
5.0,7.615187303168442,2.615187303168442,2.615187303168442,0-25%
5.0,7.615187303168442,2.615187303168442,2.615187303168442,0-25%
5.0,7.673328714642729,2.6733287146427287,2.6733287146427287,0-25%
5.0,7.673328714642729,2.6733287146427287,2.6733287146427287,0-25%
5.0,7.344060389030922,2.344060389030922,2.344060389030922,0-25%
4.0,7.896450740488063,3.8964507404880626,3.8964507404880626,0-25%
3.0,8.051384906103644,5.051384906103644,5.051384906103644,0-25%
3.0,8.051384906103644,5.051384906103644,5.051384906103644,0-25%
4.5,7.565750157020376,3.065750157020376,3.065750157020376,0-25%
4.5,7.651815354919445,3.151815354919445,3.151815354919445,0-25%
4.5,7.6417861358224854,3.1417861358224854,3.1417861358224854,0-25%
6.0,7.595355864225623,1.5953558642256231,1.5953558642256231,25-50%
6.0,7.595355864225623,1.5953558642256231,1.5953558642256231,25-50%
3.0,8.05849342817342,5.058493428173421,5.058493428173421,0-25%
3.0,8.051384906103644,5.051384906103644,5.051384906103644,0-25%
3.0,8.05849342817342,5.058493428173421,5.058493428173421,0-25%
3.0,8.051384906103644,5.051384906103644,5.051384906103644,0-25%
3.0,8.086365053187118,5.086365053187118,5.086365053187118,0-25%
3.0,8.05849342817342,5.058493428173421,5.058493428173421,0-25%
5.0,7.616536995229623,2.616536995229623,2.616536995229623,0-25%
5.0,7.616536995229623,2.616536995229623,2.616536995229623,0-25%
5.0,7.6219532566346935,2.6219532566346935,2.6219532566346935,0-25%
5.0,7.673328714642729,2.6733287146427287,2.6733287146427287,0-25%
5.0,7.368983801767311,2.3689838017673113,2.3689838017673113,0-25%
3.0,7.951834444764442,4.951834444764442,4.951834444764442,0-25%
3.0,8.079234659261596,5.079234659261596,5.079234659261596,0-25%
3.0,8.051384906103644,5.051384906103644,5.051384906103644,0-25%
4.5,7.431552009421199,2.931552009421199,2.931552009421199,0-25%
4.5,7.6219532566346935,3.1219532566346935,3.1219532566346935,0-25%
4.5,7.616536995229623,3.116536995229623,3.116536995229623,0-25%
6.0,7.616728833373834,1.616728833373834,1.616728833373834,25-50%
6.0,7.595355864225623,1.5953558642256231,1.5953558642256231,25-50%
6.0,8.097829756387979,2.097829756387979,2.097829756387979,25-50%
5.0,7.33881869832564,2.33881869832564,2.33881869832564,0-25%
5.0,7.110550701110445,2.110550701110445,2.110550701110445,0-25%
5.0,7.337512507984556,2.337512507984556,2.337512507984556,0-25%
4.5,7.648481713045244,3.1484817130452436,3.1484817130452436,0-25%
4.5,7.616536995229623,3.116536995229623,3.116536995229623,0-25%
6.0,7.6180787669377255,1.6180787669377255,1.6180787669377255,25-50%
7.0,7.6180787669377255,0.6180787669377255,0.6180787669377255,25-50%
7.0,7.623495997483716,0.6234959974837162,0.6234959974837162,25-50%
4.5,7.370294922535775,2.8702949225357752,2.8702949225357752,0-25%
7.0,7.433060681449267,0.433060681449267,0.433060681449267,25-50%
7.0,7.6180787669377255,0.6180787669377255,0.6180787669377255,25-50%
8.0,7.433060681449267,-0.566939318550733,0.566939318550733,25-50%
7.0,7.3717926337284725,0.3717926337284725,0.3717926337284725,25-50%
7.0,6.942022189347629,-0.057977810652371176,0.057977810652371176,25-50%
7.0,6.629585361121133,-0.3704146388788674,0.3704146388788674,25-50%
8.0,6.429706322243062,-1.570293677756938,1.570293677756938,25-50%
8.0,6.40182469007237,-1.5981753099276297,1.5981753099276297,25-50%
8.0,6.40182469007237,-1.5981753099276297,1.5981753099276297,25-50%
4.0,8.052802934745454,4.052802934745454,4.052802934745454,0-25%
8.0,7.34031077742368,-0.6596892225763202,0.6596892225763202,25-50%
7.0,6.751559483662526,-0.24844051633747366,0.24844051633747366,25-50%
7.0,6.026306576225042,-0.9736934237749582,0.9736934237749582,25-50%
8.0,6.005398577840113,-1.994601422159887,1.994601422159887,25-50%
4.0,7.985624596375724,3.9856245963757244,3.9856245963757244,0-25%
4.0,8.051384906103644,4.051384906103644,4.051384906103644,0-25%
4.0,7.985624596375724,3.9856245963757244,3.9856245963757244,0-25%
4.0,7.2799518599054105,3.2799518599054105,3.2799518599054105,0-25%
4.0,8.047961983137485,4.047961983137485,4.047961983137485,0-25%
4.0,8.03813562105287,4.03813562105287,4.03813562105287,0-25%
4.0,8.088059362718571,4.088059362718571,4.088059362718571,0-25%
4.0,8.05849342817342,4.058493428173421,4.058493428173421,0-25%
4.0,8.052802934745454,4.052802934745454,4.052802934745454,0-25%
4.0,7.958864784693161,3.9588647846931613,3.9588647846931613,0-25%
4.0,6.915494235186073,2.915494235186073,2.915494235186073,0-25%
4.0,6.506437209105487,2.5064372091054867,2.5064372091054867,0-25%
4.0,7.766038163340068,3.7660381633400677,3.7660381633400677,0-25%
4.0,7.766038163340068,3.7660381633400677,3.7660381633400677,0-25%
4.0,8.11247008924811,4.112470089248109,4.112470089248109,0-25%
4.0,7.895435591084907,3.8954355910849072,3.8954355910849072,0-25%
4.0,8.088059362718571,4.088059362718571,4.088059362718571,0-25%
4.0,7.951834444764442,3.951834444764442,3.951834444764442,0-25%
4.0,6.769640963918838,2.769640963918838,2.769640963918838,0-25%
4.0,6.506437209105487,2.5064372091054867,2.5064372091054867,0-25%
4.0,7.915189509374468,3.9151895093744677,3.9151895093744677,0-25%
4.0,8.088059362718571,4.088059362718571,4.088059362718571,0-25%
4.0,7.961558441115756,3.9615584411157556,3.9615584411157556,0-25%
4.0,7.985624596375724,3.9856245963757244,3.9856245963757244,0-25%
4.0,6.931625045625424,2.931625045625424,2.931625045625424,0-25%
4.0,6.553680467763885,2.5536804677638854,2.5536804677638854,0-25%
4.0,7.766038163340068,3.7660381633400677,3.7660381633400677,0-25%
4.0,7.766038163340068,3.7660381633400677,3.7660381633400677,0-25%
4.0,7.864249639884662,3.8642496398846617,3.8642496398846617,0-25%
4.0,8.051384906103644,4.051384906103644,4.051384906103644,0-25%
4.0,8.11247008924811,4.112470089248109,4.112470089248109,0-25%
4.0,7.961558441115756,3.9615584411157556,3.9615584411157556,0-25%
4.0,7.864249639884662,3.8642496398846617,3.8642496398846617,0-25%
4.0,8.11247008924811,4.112470089248109,4.112470089248109,0-25%
7.0,5.621837626570567,-1.3781623734294328,1.3781623734294328,25-50%
3.0,6.1689043827061285,3.1689043827061285,3.1689043827061285,0-25%
7.0,5.621837626570567,-1.3781623734294328,1.3781623734294328,25-50%
7.0,5.621837626570567,-1.3781623734294328,1.3781623734294328,25-50%
3.0,6.694729039779034,3.694729039779034,3.694729039779034,0-25%
3.0,6.328053788892051,3.328053788892051,3.328053788892051,0-25%
3.0,6.347558321663384,3.347558321663384,3.347558321663384,0-25%
3.0,6.156105932511948,3.156105932511948,3.156105932511948,0-25%
3.0,6.156105932511948,3.156105932511948,3.156105932511948,0-25%
3.0,6.1689043827061285,3.1689043827061285,3.1689043827061285,0-25%
7.0,5.774154005475482,-1.2258459945245184,1.2258459945245184,25-50%
7.0,5.621837626570567,-1.3781623734294328,1.3781623734294328,25-50%
7.0,5.621837626570567,-1.3781623734294328,1.3781623734294328,25-50%
3.0,6.379871532875585,3.379871532875585,3.379871532875585,0-25%
3.0,6.156105932511948,3.156105932511948,3.156105932511948,0-25%
3.0,6.156105932511948,3.156105932511948,3.156105932511948,0-25%
3.0,6.156105932511948,3.156105932511948,3.156105932511948,0-25%
3.0,6.156105932511948,3.156105932511948,3.156105932511948,0-25%
3.0,6.03386246110099,3.0338624611009903,3.0338624611009903,0-25%
7.0,5.774154005475482,-1.2258459945245184,1.2258459945245184,25-50%
7.0,5.621837626570567,-1.3781623734294328,1.3781623734294328,25-50%
3.0,6.156105932511948,3.156105932511948,3.156105932511948,0-25%
3.0,6.156105932511948,3.156105932511948,3.156105932511948,0-25%
3.0,6.0077801098634716,3.0077801098634716,3.0077801098634716,0-25%
7.0,5.774154005475482,-1.2258459945245184,1.2258459945245184,25-50%
7.0,5.774154005475482,-1.2258459945245184,1.2258459945245184,25-50%
7.0,5.621837626570567,-1.3781623734294328,1.3781623734294328,25-50%
7.0,5.621837626570567,-1.3781623734294328,1.3781623734294328,25-50%
3.0,6.196620594053408,3.1966205940534076,3.1966205940534076,0-25%
3.0,6.20114431145775,3.2011443114577496,3.2011443114577496,0-25%
2.0,6.180027917127352,4.180027917127352,4.180027917127352,0-25%
7.0,5.774154005475482,-1.2258459945245184,1.2258459945245184,25-50%
7.0,5.621837626570567,-1.3781623734294328,1.3781623734294328,25-50%
7.0,5.621837626570567,-1.3781623734294328,1.3781623734294328,25-50%
3.0,6.350063240849504,3.3500632408495044,3.3500632408495044,0-25%
3.0,6.379871532875585,3.379871532875585,3.379871532875585,0-25%
3.0,6.350063240849504,3.3500632408495044,3.3500632408495044,0-25%
2.5,6.1689043827061285,3.6689043827061285,3.6689043827061285,0-25%
2.0,6.1689043827061285,4.1689043827061285,4.1689043827061285,0-25%
2.0,6.180027917127352,4.180027917127352,4.180027917127352,0-25%
2.0,6.180027917127352,4.180027917127352,4.180027917127352,0-25%
2.0,6.180027917127352,4.180027917127352,4.180027917127352,0-25%
2.0,6.1689043827061285,4.1689043827061285,4.1689043827061285,0-25%
2.0,6.225216853851142,4.225216853851142,4.225216853851142,0-25%
2.0,6.180027917127352,4.180027917127352,4.180027917127352,0-25%
2.0,6.180027917127352,4.180027917127352,4.180027917127352,0-25%
2.0,6.180027917127352,4.180027917127352,4.180027917127352,0-25%
2.0,6.180027917127352,4.180027917127352,4.180027917127352,0-25%
2.0,6.03386246110099,4.03386246110099,4.03386246110099,0-25%
9.0,7.206605639851966,-1.7933943601480342,1.7933943601480342,50-75%
9.0,7.237582804420373,-1.7624171955796273,1.7624171955796273,50-75%
2.0,7.058852982073681,5.058852982073681,5.058852982073681,0-25%
2.0,6.568891445904385,4.568891445904385,4.568891445904385,0-25%
2.0,6.367489184597618,4.367489184597618,4.367489184597618,0-25%
2.0,6.1689043827061285,4.1689043827061285,4.1689043827061285,0-25%
2.0,6.180027917127352,4.180027917127352,4.180027917127352,0-25%
2.0,6.1689043827061285,4.1689043827061285,4.1689043827061285,0-25%
2.0,6.03386246110099,4.03386246110099,4.03386246110099,0-25%
9.0,5.969941375913279,-3.0300586240867213,3.0300586240867213,50-75%
9.0,7.201450297428883,-1.7985497025711172,1.7985497025711172,50-75%
9.0,7.201450297428883,-1.7985497025711172,1.7985497025711172,50-75%
9.0,7.201450297428883,-1.7985497025711172,1.7985497025711172,50-75%
2.0,7.058852982073681,5.058852982073681,5.058852982073681,0-25%
2.0,6.375235540059558,4.375235540059558,4.375235540059558,0-25%
2.0,6.34544597343094,4.34544597343094,4.34544597343094,0-25%
2.0,6.151610507958004,4.151610507958004,4.151610507958004,0-25%
2.0,6.1689043827061285,4.1689043827061285,4.1689043827061285,0-25%
2.0,6.1689043827061285,4.1689043827061285,4.1689043827061285,0-25%
2.0,6.225216853851142,4.225216853851142,4.225216853851142,0-25%
2.0,6.180027917127352,4.180027917127352,4.180027917127352,0-25%
2.0,6.180027917127352,4.180027917127352,4.180027917127352,0-25%
9.0,5.969941375913279,-3.0300586240867213,3.0300586240867213,50-75%
9.0,5.969941375913279,-3.0300586240867213,3.0300586240867213,50-75%
9.0,5.909323369027748,-3.0906766309722524,3.0906766309722524,50-75%
9.0,6.151590080023708,-2.848409919976292,2.848409919976292,50-75%
9.0,6.976942642162321,-2.023057357837679,2.023057357837679,50-75%
9.0,7.237582804420373,-1.7624171955796273,1.7624171955796273,50-75%
9.0,7.479920676923096,-1.5200793230769039,1.5200793230769039,50-75%
9.0,7.4993371500666814,-1.5006628499333186,1.5006628499333186,50-75%
2.0,6.03386246110099,4.03386246110099,4.03386246110099,0-25%
2.0,6.03386246110099,4.03386246110099,4.03386246110099,0-25%
2.0,6.1689043827061285,4.1689043827061285,4.1689043827061285,0-25%
2.0,6.112454707842792,4.112454707842792,4.112454707842792,0-25%
2.0,6.372120308138886,4.372120308138886,4.372120308138886,0-25%
2.0,6.267708201561919,4.267708201561919,4.267708201561919,0-25%
9.0,5.909323369027748,-3.0906766309722524,3.0906766309722524,50-75%
9.0,5.909323369027748,-3.0906766309722524,3.0906766309722524,50-75%
9.0,5.909323369027748,-3.0906766309722524,3.0906766309722524,50-75%
9.0,6.844129057806914,-2.1558709421930864,2.1558709421930864,50-75%
9.0,7.200165624437548,-1.799834375562452,1.799834375562452,50-75%
9.0,7.47326618147528,-1.5267338185247201,1.5267338185247201,50-75%
9.0,7.47326618147528,-1.5267338185247201,1.5267338185247201,50-75%
2.0,6.03386246110099,4.03386246110099,4.03386246110099,0-25%
2.0,6.03386246110099,4.03386246110099,4.03386246110099,0-25%
2.0,6.1689043827061285,4.1689043827061285,4.1689043827061285,0-25%
2.0,6.335176404842704,4.335176404842704,4.335176404842704,0-25%
9.0,5.909323369027748,-3.0906766309722524,3.0906766309722524,50-75%
9.0,6.844129057806914,-2.1558709421930864,2.1558709421930864,50-75%
9.0,7.200165624437548,-1.799834375562452,1.799834375562452,50-75%
9.0,7.4993371500666814,-1.5006628499333186,1.5006628499333186,50-75%
9.0,7.479920676923096,-1.5200793230769039,1.5200793230769039,50-75%
2.0,6.03386246110099,4.03386246110099,4.03386246110099,0-25%
2.0,6.156105932511948,4.156105932511948,4.156105932511948,0-25%
2.0,6.156105932511948,4.156105932511948,4.156105932511948,0-25%
9.0,7.206605639851966,-1.7933943601480342,1.7933943601480342,50-75%
8.5,6.978192344087277,-1.5218076559127232,1.5218076559127232,50-75%
8.5,7.201450297428883,-1.2985497025711172,1.2985497025711172,50-75%
8.5,7.237582804420373,-1.2624171955796273,1.2624171955796273,50-75%
8.5,7.47326618147528,-1.0267338185247201,1.0267338185247201,50-75%
4.0,6.91845684144428,2.9184568414442804,2.9184568414442804,0-25%
4.0,6.987462088864581,2.9874620888645813,2.9874620888645813,0-25%
4.0,6.862867364877378,2.8628673648773777,2.8628673648773777,0-25%
4.0,6.885030480025428,2.885030480025428,2.885030480025428,0-25%
4.0,6.375235540059558,2.375235540059558,2.375235540059558,0-25%
4.0,6.347558321663384,2.347558321663384,2.347558321663384,0-25%
8.0,7.47326618147528,-0.5267338185247201,0.5267338185247201,25-50%
8.0,7.185556094058364,-0.8144439059416362,0.8144439059416362,25-50%
8.0,7.201450297428883,-0.7985497025711172,0.7985497025711172,25-50%
8.0,7.474593639567016,-0.5254063604329842,0.5254063604329842,25-50%
8.0,7.47326618147528,-0.5267338185247201,0.5267338185247201,25-50%
4.0,6.943537055433866,2.9435370554338656,2.9435370554338656,0-25%
4.0,7.058852982073681,3.058852982073681,3.058852982073681,0-25%
4.0,6.699565862732815,2.6995658627328147,2.6995658627328147,0-25%
4.0,6.375235540059558,2.375235540059558,2.375235540059558,0-25%
4.0,6.34544597343094,2.34544597343094,2.34544597343094,0-25%
4.0,6.198190840354049,2.198190840354049,2.198190840354049,0-25%
8.0,7.479920676923096,-0.5200793230769039,0.5200793230769039,25-50%
8.0,7.47326618147528,-0.5267338185247201,0.5267338185247201,25-50%
8.0,7.4993371500666814,-0.5006628499333186,0.5006628499333186,25-50%
8.0,7.418032314034672,-0.5819676859653278,0.5819676859653278,25-50%
8.0,7.479920676923096,-0.5200793230769039,0.5200793230769039,25-50%
8.0,7.479920676923096,-0.5200793230769039,0.5200793230769039,25-50%
8.0,7.507598213112748,-0.49240178688725234,0.49240178688725234,25-50%
4.0,6.972615152824138,2.9726151528241376,2.9726151528241376,0-25%
4.0,6.699565862732815,2.6995658627328147,2.6995658627328147,0-25%
4.0,6.156105932511948,2.156105932511948,2.156105932511948,0-25%
4.0,6.156105932511948,2.156105932511948,2.156105932511948,0-25%
4.0,6.156105932511948,2.156105932511948,2.156105932511948,0-25%
4.0,6.0077801098634716,2.0077801098634716,2.0077801098634716,0-25%
8.0,7.4993371500666814,-0.5006628499333186,0.5006628499333186,25-50%
8.0,7.418032314034672,-0.5819676859653278,0.5819676859653278,25-50%
8.0,7.292655978878577,-0.7073440211214228,0.7073440211214228,25-50%
8.0,7.47326618147528,-0.5267338185247201,0.5267338185247201,25-50%
8.0,7.4993371500666814,-0.5006628499333186,0.5006628499333186,25-50%
8.0,7.47326618147528,-0.5267338185247201,0.5267338185247201,25-50%
8.0,7.530449808278974,-0.46955019172102563,0.46955019172102563,25-50%
4.0,6.369867194106603,2.369867194106603,2.369867194106603,0-25%
4.0,6.198190840354049,2.198190840354049,2.198190840354049,0-25%
4.0,6.03386246110099,2.0338624611009903,2.0338624611009903,0-25%
4.0,6.211064557963501,2.2110645579635007,2.2110645579635007,0-25%
8.0,5.909323369027748,-2.0906766309722524,2.0906766309722524,25-50%
8.0,6.492387318468472,-1.507612681531528,1.507612681531528,25-50%
8.0,6.976942642162321,-1.0230573578376791,1.0230573578376791,25-50%
8.0,7.47326618147528,-0.5267338185247201,0.5267338185247201,25-50%
8.0,7.47326618147528,-0.5267338185247201,0.5267338185247201,25-50%
8.0,7.47326618147528,-0.5267338185247201,0.5267338185247201,25-50%
8.0,7.507598213112748,-0.49240178688725234,0.49240178688725234,25-50%
4.0,7.058852982073681,3.058852982073681,3.058852982073681,0-25%
4.0,6.193668978303252,2.1936689783032524,2.1936689783032524,0-25%
4.0,6.198190840354049,2.198190840354049,2.198190840354049,0-25%
8.0,7.47326618147528,-0.5267338185247201,0.5267338185247201,25-50%
8.0,7.530449808278974,-0.46955019172102563,0.46955019172102563,25-50%
8.0,7.50929084597456,-0.49070915402544024,0.49070915402544024,25-50%
6.0,7.225072134774293,1.225072134774293,1.225072134774293,25-50%
6.0,7.056655801267198,1.0566558012671976,1.0566558012671976,25-50%
6.0,7.601333454876507,1.6013334548765066,1.6013334548765066,25-50%
6.0,7.424644057868378,1.4246440578683783,1.4246440578683783,25-50%
6.0,7.560397930587939,1.5603979305879392,1.5603979305879392,25-50%
6.0,8.105746550703099,2.105746550703099,2.105746550703099,25-50%
6.0,7.225072134774293,1.225072134774293,1.225072134774293,25-50%
6.0,7.225072134774293,1.225072134774293,1.225072134774293,25-50%
6.0,7.225072134774293,1.225072134774293,1.225072134774293,25-50%
6.0,7.579998672487564,1.579998672487564,1.579998672487564,25-50%
6.0,7.560397930587939,1.5603979305879392,1.5603979305879392,25-50%
6.0,7.329896026489237,1.3298960264892372,1.3298960264892372,25-50%
6.0,7.519052920070344,1.5190529200703438,1.5190529200703438,25-50%
6.0,7.560397930587939,1.5603979305879392,1.5603979305879392,25-50%
6.0,7.553680281776009,1.5536802817760087,1.5536802817760087,25-50%
3.0,8.397640706696079,5.3976407066960785,5.3976407066960785,0-25%
3.0,8.397640706696079,5.3976407066960785,5.3976407066960785,0-25%
6.0,7.225072134774293,1.225072134774293,1.225072134774293,25-50%
6.0,7.168564512812933,1.1685645128129334,1.1685645128129334,25-50%
6.0,7.581683974325624,1.5816839743256237,1.5816839743256237,25-50%
6.0,7.576293009851897,1.5762930098518968,1.5762930098518968,25-50%
6.0,7.576293009851897,1.5762930098518968,1.5762930098518968,25-50%
3.0,8.397640706696079,5.3976407066960785,5.3976407066960785,0-25%
3.0,7.885581062461821,4.885581062461821,4.885581062461821,0-25%
6.0,7.225072134774293,1.225072134774293,1.225072134774293,25-50%
6.0,8.035956807823979,2.035956807823979,2.035956807823979,25-50%
6.0,7.519052920070344,1.5190529200703438,1.5190529200703438,25-50%
6.0,7.576293009851897,1.5762930098518968,1.5762930098518968,25-50%
3.0,8.31826527662793,5.31826527662793,5.31826527662793,0-25%
3.0,8.397640706696079,5.3976407066960785,5.3976407066960785,0-25%
3.0,7.878608230877173,4.878608230877173,4.878608230877173,0-25%
3.0,7.820732099102451,4.820732099102451,4.820732099102451,0-25%
3.0,7.885581062461821,4.885581062461821,4.885581062461821,0-25%
3.0,7.885581062461821,4.885581062461821,4.885581062461821,0-25%
3.0,7.8799991915866565,4.8799991915866565,4.8799991915866565,0-25%
6.0,8.105746550703099,2.105746550703099,2.105746550703099,25-50%
6.0,7.5937412332369005,1.5937412332369005,1.5937412332369005,25-50%
6.0,7.574949621597873,1.5749496215978729,1.5749496215978729,25-50%
3.0,7.907675697391639,4.907675697391639,4.907675697391639,0-25%
3.0,7.900685527360894,4.900685527360894,4.900685527360894,0-25%
3.0,7.829246181290314,4.829246181290314,4.829246181290314,0-25%
3.0,8.397640706696079,5.3976407066960785,5.3976407066960785,0-25%
3.0,7.905926376131316,4.905926376131316,4.905926376131316,0-25%
3.0,7.878608230877173,4.878608230877173,4.878608230877173,0-25%
3.0,7.885581062461821,4.885581062461821,4.885581062461821,0-25%
3.0,7.902079946793995,4.902079946793995,4.902079946793995,0-25%
3.0,7.902079946793995,4.902079946793995,4.902079946793995,0-25%
3.0,7.907675697391639,4.907675697391639,4.907675697391639,0-25%
3.0,7.878608230877173,4.878608230877173,4.878608230877173,0-25%
3.0,8.45164579574019,5.451645795740189,5.451645795740189,0-25%
3.0,7.878608230877173,4.878608230877173,4.878608230877173,0-25%
3.0,7.878608230877173,4.878608230877173,4.878608230877173,0-25%
3.0,7.8496100863113085,4.8496100863113085,4.8496100863113085,0-25%
3.0,7.938527394129789,4.938527394129789,4.938527394129789,0-25%
3.0,7.928165817285812,4.928165817285812,4.928165817285812,0-25%
3.0,7.878608230877173,4.878608230877173,4.878608230877173,0-25%
3.0,7.907675697391639,4.907675697391639,4.907675697391639,0-25%
4.0,7.200495826964126,3.2004958269641257,3.2004958269641257,0-25%
4.0,7.163247105392396,3.1632471053923963,3.1632471053923963,0-25%
4.0,7.194060606137252,3.194060606137252,3.194060606137252,0-25%
4.0,7.386249111321145,3.3862491113211446,3.3862491113211446,0-25%
4.0,7.380132922663573,3.380132922663573,3.380132922663573,0-25%
8.5,7.282917578738234,-1.2170824212617664,1.2170824212617664,50-75%
4.0,7.827061618894972,3.827061618894972,3.827061618894972,0-25%
4.0,7.844412077844241,3.8444120778442414,3.8444120778442414,0-25%
8.5,7.221452345947467,-1.2785476540525327,1.2785476540525327,50-75%
8.5,7.221452345947467,-1.2785476540525327,1.2785476540525327,50-75%
8.5,7.281620144733641,-1.2183798552663587,1.2183798552663587,50-75%
8.5,7.221452345947467,-1.2785476540525327,1.2785476540525327,50-75%
13.0,6.719242245913852,-6.280757754086148,6.280757754086148,50-75%
8.5,7.293333642854672,-1.2066663571453278,1.2066663571453278,50-75%
8.5,7.450927205584652,-1.0490727944153484,1.0490727944153484,50-75%
8.5,7.497607397643786,-1.0023926023562142,1.0023926023562142,50-75%
8.5,7.469962364300388,-1.0300376356996122,1.0300376356996122,50-75%
8.5,7.464641582698973,-1.035358417301027,1.035358417301027,50-75%
13.0,7.390952124306822,-5.609047875693178,5.609047875693178,50-75%
13.0,6.3794653074509435,-6.6205346925490565,6.6205346925490565,50-75%
8.5,7.0349231517622615,-1.4650768482377385,1.4650768482377385,50-75%
8.5,7.0349231517622615,-1.4650768482377385,1.4650768482377385,50-75%
8.5,7.520432157260806,-0.9795678427391943,0.9795678427391943,50-75%
8.5,7.138933362300417,-1.361066637699583,1.361066637699583,50-75%
8.5,7.497607397643786,-1.0023926023562142,1.0023926023562142,50-75%
13.0,7.384367445647504,-5.615632554352496,5.615632554352496,50-75%
13.0,6.374633600962679,-6.625366399037321,6.625366399037321,50-75%
4.0,7.0349231517622615,3.0349231517622615,3.0349231517622615,0-25%
8.5,7.171634808845862,-1.3283651911541376,1.3283651911541376,50-75%
8.5,7.497607397643786,-1.0023926023562142,1.0023926023562142,50-75%
13.0,7.577624618330651,-5.422375381669349,5.422375381669349,50-75%
13.0,7.416015600995019,-5.583984399004981,5.583984399004981,50-75%
13.0,6.394503756407057,-6.605496243592943,6.605496243592943,50-75%
8.5,7.0349231517622615,-1.4650768482377385,1.4650768482377385,50-75%
13.0,7.225072134774293,-5.774927865225707,5.774927865225707,50-75%
13.0,7.317222826339865,-5.682777173660135,5.682777173660135,50-75%
13.0,7.663602710480635,-5.336397289519365,5.336397289519365,50-75%
13.0,7.722070863558926,-5.277929136441074,5.277929136441074,50-75%
9.0,6.318178400649357,-2.681821599350643,2.681821599350643,50-75%
9.0,6.318178400649357,-2.681821599350643,2.681821599350643,50-75%
9.0,6.367694213004632,-2.632305786995368,2.632305786995368,50-75%
9.0,6.367694213004632,-2.632305786995368,2.632305786995368,50-75%
9.0,6.318178400649357,-2.681821599350643,2.681821599350643,50-75%
9.0,6.318178400649357,-2.681821599350643,2.681821599350643,50-75%
9.0,6.367694213004632,-2.632305786995368,2.632305786995368,50-75%
9.0,7.421724900690453,-1.578275099309547,1.578275099309547,50-75%
9.0,6.790693969992365,-2.2093060300076353,2.2093060300076353,50-75%
9.0,6.367694213004632,-2.632305786995368,2.632305786995368,50-75%
9.0,6.318178400649357,-2.681821599350643,2.681821599350643,50-75%
9.0,6.367694213004632,-2.632305786995368,2.632305786995368,50-75%
9.0,6.367694213004632,-2.632305786995368,2.632305786995368,50-75%
9.0,6.367694213004632,-2.632305786995368,2.632305786995368,50-75%
8.5,6.2653792185805255,-2.2346207814194745,2.2346207814194745,50-75%
8.5,6.3218202559503895,-2.1781797440496105,2.1781797440496105,50-75%
9.0,6.367694213004632,-2.632305786995368,2.632305786995368,50-75%
4.0,6.943491376453457,2.9434913764534567,2.9434913764534567,0-25%
4.0,6.943491376453457,2.9434913764534567,2.9434913764534567,0-25%
8.0,8.191688659082725,0.19168865908272537,0.19168865908272537,25-50%
8.0,8.412749476715984,0.41274947671598383,0.41274947671598383,25-50%
8.5,7.411353202430527,-1.0886467975694734,1.0886467975694734,50-75%
8.5,6.413362400078212,-2.0866375999217883,2.0866375999217883,50-75%
8.5,6.279012536963469,-2.220987463036531,2.220987463036531,50-75%
9.0,7.750169351557725,-1.2498306484422752,1.2498306484422752,50-75%
9.0,7.507472935376756,-1.4925270646232436,1.4925270646232436,50-75%
4.0,7.24931749495427,3.24931749495427,3.24931749495427,0-25%
4.0,7.814458582569508,3.8144585825695083,3.8144585825695083,0-25%
8.0,8.241560817398142,0.24156081739814184,0.24156081739814184,25-50%
8.0,8.81302371204205,0.8130237120420496,0.8130237120420496,25-50%
8.0,8.358966634592441,0.3589666345924414,0.3589666345924414,25-50%
8.5,7.6632925834683485,-0.8367074165316515,0.8367074165316515,50-75%
7.666666666666668,7.3365972696481885,-0.33006939701847937,0.33006939701847937,25-50%
7.666666666666668,6.402347483820777,-1.2643191828458908,1.2643191828458908,25-50%
7.666666666666668,7.079967569861658,-0.5866990968050096,0.5866990968050096,25-50%
7.5,8.034492127743203,0.5344921277432029,0.5344921277432029,25-50%
9.0,7.727725591183404,-1.272274408816596,1.272274408816596,50-75%
4.0,7.637742934920046,3.6377429349200456,3.6377429349200456,0-25%
4.0,8.261097196565707,4.261097196565707,4.261097196565707,0-25%
4.0,8.261097196565707,4.261097196565707,4.261097196565707,0-25%
4.0,8.261097196565707,4.261097196565707,4.261097196565707,0-25%
4.0,8.172276944958186,4.1722769449581865,4.1722769449581865,0-25%
4.0,8.048129175108297,4.048129175108297,4.048129175108297,0-25%
4.0,8.261097196565707,4.261097196565707,4.261097196565707,0-25%
8.0,8.269770161952984,0.26977016195298376,0.26977016195298376,25-50%
8.0,7.681685559850483,-0.3183144401495168,0.3183144401495168,25-50%
8.0,8.299531271841884,0.2995312718418841,0.2995312718418841,25-50%
7.0,7.711556414649862,0.7115564146498619,0.7115564146498619,25-50%
7.0,7.567163276748505,0.5671632767485049,0.5671632767485049,25-50%
7.0,7.6632925834683485,0.6632925834683485,0.6632925834683485,25-50%
6.0,8.04158738303789,2.0415873830378892,2.0415873830378892,25-50%
6.0,8.034492127743203,2.034492127743203,2.034492127743203,25-50%
4.0,8.933437807083815,4.9334378070838145,4.9334378070838145,0-25%
4.0,8.710656557300943,4.710656557300943,4.710656557300943,0-25%
4.0,8.527700350456042,4.527700350456042,4.527700350456042,0-25%
4.0,8.388673810349205,4.388673810349205,4.388673810349205,0-25%
4.0,8.08125074041573,4.081250740415729,4.081250740415729,0-25%
4.0,7.721386996847593,3.7213869968475928,3.7213869968475928,0-25%
7.0,7.6632925834683485,0.6632925834683485,0.6632925834683485,25-50%
7.0,7.48443631916495,0.4844363191649501,0.4844363191649501,25-50%
7.0,7.579492831927869,0.5794928319278689,0.5794928319278689,25-50%
7.0,7.68483448214401,0.6848344821440104,0.6848344821440104,25-50%
7.0,7.711556414649862,0.7115564146498619,0.7115564146498619,25-50%
6.0,7.975599850563483,1.9755998505634826,1.9755998505634826,25-50%
6.0,7.841919226266629,1.8419192262666293,1.8419192262666293,25-50%
4.0,8.902967860957357,4.902967860957357,4.902967860957357,0-25%
4.0,8.597427782235632,4.597427782235632,4.597427782235632,0-25%
4.0,8.527700350456042,4.527700350456042,4.527700350456042,0-25%
4.0,8.527700350456042,4.527700350456042,4.527700350456042,0-25%
4.0,8.423041972732998,4.423041972732998,4.423041972732998,0-25%
4.0,8.240044780481831,4.240044780481831,4.240044780481831,0-25%
4.0,7.274364315092595,3.274364315092595,3.274364315092595,0-25%
8.0,8.800855067137174,0.8008550671371744,0.8008550671371744,25-50%
8.0,8.765108927045464,0.7651089270454641,0.7651089270454641,25-50%
7.0,7.670096316506481,0.6700963165064806,0.6700963165064806,25-50%
7.0,7.670096316506481,0.6700963165064806,0.6700963165064806,25-50%
7.0,8.068737976593162,1.0687379765931624,1.0687379765931624,25-50%
7.0,7.743445922318584,0.7434459223185836,0.7434459223185836,25-50%
6.0,6.792779600014118,0.7927796000141178,0.7927796000141178,25-50%
6.0,6.367694213004632,0.3676942130046319,0.3676942130046319,25-50%
6.0,6.9894391591686675,0.9894391591686675,0.9894391591686675,25-50%
6.0,7.506140327080877,1.5061403270808773,1.5061403270808773,25-50%
4.0,8.535501524564303,4.535501524564303,4.535501524564303,0-25%
4.0,7.637742934920046,3.6377429349200456,3.6377429349200456,0-25%
4.0,7.637742934920046,3.6377429349200456,3.6377429349200456,0-25%
4.0,8.186264781430292,4.1862647814302925,4.1862647814302925,0-25%
4.0,8.261097196565707,4.261097196565707,4.261097196565707,0-25%
3.0,6.373531682635063,3.373531682635063,3.373531682635063,0-25%
3.0,6.378166604424852,3.3781666044248517,3.3781666044248517,0-25%
7.0,7.696772901888189,0.6967729018881892,0.6967729018881892,25-50%
7.0,7.670096316506481,0.6700963165064806,0.6700963165064806,25-50%
6.0,8.072902882327412,2.072902882327412,2.072902882327412,25-50%
6.0,8.034492127743203,2.034492127743203,2.034492127743203,25-50%
6.0,6.367694213004632,0.3676942130046319,0.3676942130046319,25-50%
4.0,6.824469745796331,2.824469745796331,2.824469745796331,0-25%
3.0,7.081384389143438,4.081384389143438,4.081384389143438,0-25%
3.0,6.9913528518215795,3.9913528518215795,3.9913528518215795,0-25%
6.0,8.433851851356236,2.433851851356236,2.433851851356236,25-50%
6.0,8.012082936825166,2.0120829368251663,2.0120829368251663,25-50%
6.0,6.78502321680525,0.78502321680525,0.78502321680525,25-50%
6.0,7.506140327080877,1.5061403270808773,1.5061403270808773,25-50%
6.0,8.04158738303789,2.0415873830378892,2.0415873830378892,25-50%
3.0,6.447799997969024,3.4477999979690237,3.4477999979690237,0-25%
3.0,6.424602566467508,3.4246025664675077,3.4246025664675077,0-25%
3.0,6.997628875734366,3.9976288757343656,3.9976288757343656,0-25%
3.0,7.469596392050555,4.469596392050555,4.469596392050555,0-25%
3.0,7.4786788821874435,4.4786788821874435,4.4786788821874435,0-25%
3.0,7.4786788821874435,4.4786788821874435,4.4786788821874435,0-25%
3.0,7.469596392050555,4.469596392050555,4.469596392050555,0-25%
3.0,7.168798748634251,4.168798748634251,4.168798748634251,0-25%
3.0,7.476248005422381,4.476248005422381,4.476248005422381,0-25%
3.0,7.469596392050555,4.469596392050555,4.469596392050555,0-25%
3.0,7.4786788821874435,4.4786788821874435,4.4786788821874435,0-25%
3.0,7.4786788821874435,4.4786788821874435,4.4786788821874435,0-25%
3.0,7.162388401632439,4.162388401632439,4.162388401632439,0-25%
3.0,7.485337628509891,4.485337628509891,4.485337628509891,0-25%
3.0,7.469596392050555,4.469596392050555,4.469596392050555,0-25%
3.0,7.5474366428423885,4.5474366428423885,4.5474366428423885,0-25%
3.0,7.5407291652140795,4.5407291652140795,4.5407291652140795,0-25%
3.0,7.455970477202392,4.455970477202392,4.455970477202392,0-25%
3.0,7.162388401632439,4.162388401632439,4.162388401632439,0-25%
3.0,7.728109455539677,4.728109455539677,4.728109455539677,0-25%
3.0,7.5407291652140795,4.5407291652140795,4.5407291652140795,0-25%
7.0,7.9113162877733085,0.9113162877733085,0.9113162877733085,25-50%
7.0,7.586741060847631,0.5867410608476309,0.5867410608476309,25-50%
7.0,7.909920421562215,0.909920421562215,0.909920421562215,25-50%
7.0,7.909920421562215,0.909920421562215,0.909920421562215,25-50%
7.0,7.909920421562215,0.909920421562215,0.909920421562215,25-50%
7.0,8.276071191550601,1.2760711915506011,1.2760711915506011,25-50%
7.0,7.950576197471511,0.950576197471511,0.950576197471511,25-50%
7.0,7.950576197471511,0.950576197471511,0.950576197471511,25-50%
7.0,7.586741060847631,0.5867410608476309,0.5867410608476309,25-50%
7.0,7.4068135805366175,0.40681358053661754,0.40681358053661754,25-50%
7.0,7.4068135805366175,0.40681358053661754,0.40681358053661754,25-50%
7.0,7.909920421562215,0.909920421562215,0.909920421562215,25-50%
7.0,7.94355236189207,0.9435523618920696,0.9435523618920696,25-50%
7.0,8.208101200858186,1.2081012008581862,1.2081012008581862,25-50%
7.0,8.01041615976728,1.0104161597672796,1.0104161597672796,25-50%
7.0,7.821497858264457,0.8214978582644568,0.8214978582644568,25-50%
7.0,8.01041615976728,1.0104161597672796,1.0104161597672796,25-50%
7.0,7.916917844234398,0.9169178442343977,0.9169178442343977,25-50%
7.0,7.9113162877733085,0.9113162877733085,0.9113162877733085,25-50%
7.0,8.009004770578619,1.0090047705786187,1.0090047705786187,25-50%
7.0,7.94355236189207,0.9435523618920696,0.9435523618920696,25-50%
7.0,7.2039191546606745,0.20391915466067445,0.20391915466067445,25-50%
7.0,6.8485690240025265,-0.15143097599747346,0.15143097599747346,25-50%
7.0,8.213889313086545,1.2138893130865451,1.2138893130865451,25-50%
7.0,8.208101200858186,1.2081012008581862,1.2081012008581862,25-50%
7.0,7.916917844234398,0.9169178442343977,0.9169178442343977,25-50%
7.0,6.8428082521956854,-0.15719174780431455,0.15719174780431455,25-50%
7.0,6.630848557900907,-0.3691514420990929,0.3691514420990929,25-50%
4.0,8.035672639786629,4.035672639786629,4.035672639786629,0-25%
4.0,8.255984959452967,4.255984959452967,4.255984959452967,0-25%
4.0,6.957226409176238,2.957226409176238,2.957226409176238,0-25%
4.0,6.957226409176238,2.957226409176238,2.957226409176238,0-25%
4.0,6.874753543600899,2.8747535436008986,2.8747535436008986,0-25%
4.0,6.7075429303014005,2.7075429303014005,2.7075429303014005,0-25%
4.0,8.671081717313152,4.671081717313152,4.671081717313152,0-25%
4.0,8.870889782806477,4.870889782806477,4.870889782806477,0-25%
4.0,8.164128031754748,4.164128031754748,4.164128031754748,0-25%
4.0,6.957226409176238,2.957226409176238,2.957226409176238,0-25%
4.0,7.185797600942736,3.1857976009427356,3.1857976009427356,0-25%
8.0,8.680618262083032,0.6806182620830317,0.6806182620830317,25-50%
8.0,6.943491376453457,-1.0565086235465433,1.0565086235465433,25-50%
8.0,7.286058790098355,-0.7139412099016447,0.7139412099016447,25-50%
4.0,8.388032977442528,4.388032977442528,4.388032977442528,0-25%
4.0,8.547767367039043,4.547767367039043,4.547767367039043,0-25%
4.0,7.325588029925612,3.325588029925612,3.325588029925612,0-25%
4.0,7.295171898823459,3.295171898823459,3.295171898823459,0-25%
4.0,6.874753543600899,2.8747535436008986,2.8747535436008986,0-25%
8.0,8.88041714663609,0.8804171466360895,0.8804171466360895,25-50%
8.0,8.976094713091808,0.9760947130918076,0.9760947130918076,25-50%
8.0,8.76347685413996,0.7634768541399595,0.7634768541399595,25-50%
8.0,8.549590037006778,0.5495900370067783,0.5495900370067783,25-50%
4.0,8.547767367039043,4.547767367039043,4.547767367039043,0-25%
4.0,8.604352667385752,4.604352667385752,4.604352667385752,0-25%
4.0,8.255984959452967,4.255984959452967,4.255984959452967,0-25%
4.0,6.957226409176238,2.957226409176238,2.957226409176238,0-25%
4.0,6.957226409176238,2.957226409176238,2.957226409176238,0-25%
8.0,8.976094713091808,0.9760947130918076,0.9760947130918076,25-50%
8.0,8.910817707598408,0.9108177075984081,0.9108177075984081,25-50%
8.0,8.976094713091808,0.9760947130918076,0.9760947130918076,25-50%
8.0,9.006789659569293,1.006789659569293,1.006789659569293,25-50%
8.0,8.690999408458186,0.6909994084581861,0.6909994084581861,25-50%
8.0,8.680618262083032,0.6806182620830317,0.6806182620830317,25-50%
8.0,7.286058790098355,-0.7139412099016447,0.7139412099016447,25-50%
8.0,7.286058790098355,-0.7139412099016447,0.7139412099016447,25-50%
4.0,8.493213055761132,4.493213055761132,4.493213055761132,0-25%
4.0,8.924218653462074,4.9242186534620735,4.9242186534620735,0-25%
4.0,8.164128031754748,4.164128031754748,4.164128031754748,0-25%
4.0,7.331652540401752,3.331652540401752,3.331652540401752,0-25%
4.0,6.957226409176238,2.957226409176238,2.957226409176238,0-25%
8.0,8.88041714663609,0.8804171466360895,0.8804171466360895,25-50%
8.0,8.88041714663609,0.8804171466360895,0.8804171466360895,25-50%
8.0,8.976094713091808,0.9760947130918076,0.9760947130918076,25-50%
8.0,8.976094713091808,0.9760947130918076,0.9760947130918076,25-50%
5.5,8.796504558901537,3.296504558901537,3.296504558901537,25-50%
5.5,8.621740213657832,3.121740213657832,3.121740213657832,25-50%
5.5,7.5596661624126025,2.0596661624126025,2.0596661624126025,25-50%
5.5,7.315413022517146,1.8154130225171459,1.8154130225171459,25-50%
4.0,8.441982854089181,4.441982854089181,4.441982854089181,0-25%
4.0,8.723554960954903,4.723554960954903,4.723554960954903,0-25%
4.0,6.8873289878300925,2.8873289878300925,2.8873289878300925,0-25%
4.0,7.004022689620813,3.004022689620813,3.004022689620813,0-25%
8.0,8.976094713091808,0.9760947130918076,0.9760947130918076,25-50%
8.0,8.88041714663609,0.8804171466360895,0.8804171466360895,25-50%
5.5,8.915419560770966,3.4154195607709656,3.4154195607709656,25-50%
5.5,9.097126211269487,3.5971262112694866,3.5971262112694866,25-50%
5.5,8.88035504787384,3.38035504787384,3.38035504787384,25-50%
5.5,8.526253509756657,3.026253509756657,3.026253509756657,25-50%
5.5,8.052030658027375,2.552030658027375,2.552030658027375,25-50%
8.0,8.976094713091808,0.9760947130918076,0.9760947130918076,25-50%
5.5,9.097126211269487,3.5971262112694866,3.5971262112694866,25-50%
5.5,8.982335864309828,3.482335864309828,3.482335864309828,25-50%
5.5,8.714912867711748,3.214912867711748,3.214912867711748,25-50%
3.0,8.362534935986687,5.362534935986687,5.362534935986687,0-25%
3.0,7.706950621081385,4.706950621081385,4.706950621081385,0-25%
4.0,6.55463235824392,2.5546323582439197,2.5546323582439197,0-25%
4.0,6.956481688600856,2.9564816886008556,2.9564816886008556,0-25%
4.0,7.141620340100992,3.1416203401009923,3.1416203401009923,0-25%
3.0,9.011436075041821,6.011436075041821,6.011436075041821,0-25%
3.0,8.900905514409942,5.900905514409942,5.900905514409942,0-25%
3.0,8.94592781890932,5.94592781890932,5.94592781890932,0-25%
3.0,8.796504558901537,5.796504558901537,5.796504558901537,0-25%
3.0,8.88035504787384,5.88035504787384,5.88035504787384,0-25%
3.0,8.536469120930889,5.536469120930889,5.536469120930889,0-25%
3.0,7.706950621081385,4.706950621081385,4.706950621081385,0-25%
3.0,8.362534935986687,5.362534935986687,5.362534935986687,0-25%
4.0,7.384034774090534,3.3840347740905337,3.3840347740905337,0-25%
4.0,7.384034774090534,3.3840347740905337,3.3840347740905337,0-25%
4.0,7.303626150542442,3.303626150542442,3.303626150542442,0-25%
4.0,7.191235664031487,3.1912356640314874,3.1912356640314874,0-25%
4.0,7.384034774090534,3.3840347740905337,3.3840347740905337,0-25%
3.0,8.915419560770966,5.915419560770966,5.915419560770966,0-25%
3.0,9.042239761586908,6.042239761586908,6.042239761586908,0-25%
3.0,9.097126211269487,6.097126211269487,6.097126211269487,0-25%
3.0,9.011436075041821,6.011436075041821,6.011436075041821,0-25%
3.0,9.042239761586908,6.042239761586908,6.042239761586908,0-25%
3.0,9.042239761586908,6.042239761586908,6.042239761586908,0-25%
3.0,9.042239761586908,6.042239761586908,6.042239761586908,0-25%
4.0,7.625389558049356,3.6253895580493563,3.6253895580493563,0-25%
4.0,7.499529379494113,3.4995293794941134,3.4995293794941134,0-25%
4.0,7.221220486500774,3.2212204865007736,3.2212204865007736,0-25%
4.0,6.986948308808889,2.9869483088088886,2.9869483088088886,0-25%
4.0,6.3350294511487615,2.3350294511487615,2.3350294511487615,0-25%
4.0,6.3350294511487615,2.3350294511487615,2.3350294511487615,0-25%
3.0,8.915419560770966,5.915419560770966,5.915419560770966,0-25%
3.0,8.915419560770966,5.915419560770966,5.915419560770966,0-25%
3.0,9.011436075041821,6.011436075041821,6.011436075041821,0-25%
3.0,9.079000366310737,6.079000366310737,6.079000366310737,0-25%
3.0,9.097126211269487,6.097126211269487,6.097126211269487,0-25%
4.0,7.625389558049356,3.6253895580493563,3.6253895580493563,0-25%
4.0,7.625389558049356,3.6253895580493563,3.6253895580493563,0-25%
4.0,7.530642741381101,3.530642741381101,3.530642741381101,0-25%
4.0,7.364976104822783,3.364976104822783,3.364976104822783,0-25%
4.0,6.57756995496072,2.57756995496072,2.57756995496072,0-25%
4.0,6.378166604424852,2.3781666044248517,2.3781666044248517,0-25%
4.0,6.318150734643993,2.318150734643993,2.318150734643993,0-25%
4.0,6.910348015851404,2.9103480158514037,2.9103480158514037,0-25%
4.0,6.910348015851404,2.9103480158514037,2.9103480158514037,0-25%
4.0,7.316289283744404,3.3162892837444042,3.3162892837444042,0-25%
4.0,7.384034774090534,3.3840347740905337,3.3840347740905337,0-25%
4.0,6.225124734844588,2.225124734844588,2.225124734844588,0-25%
4.0,6.55463235824392,2.5546323582439197,2.5546323582439197,0-25%
4.0,6.624690854591904,2.624690854591904,2.624690854591904,0-25%
8.0,8.58993570262807,0.58993570262807,0.58993570262807,25-50%
8.0,9.226005233107816,1.2260052331078164,1.2260052331078164,25-50%
8.0,9.061482354642656,1.0614823546426564,1.0614823546426564,25-50%
8.0,9.061482354642656,1.0614823546426564,1.0614823546426564,25-50%
8.0,8.976094713091808,0.9760947130918076,0.9760947130918076,25-50%
8.0,8.787665923615542,0.7876659236155419,0.7876659236155419,25-50%
8.0,9.284770655240418,1.2847706552404183,1.2847706552404183,25-50%
8.0,8.787665923615542,0.7876659236155419,0.7876659236155419,25-50%
8.0,8.88041714663609,0.8804171466360895,0.8804171466360895,25-50%
8.0,8.88041714663609,0.8804171466360895,0.8804171466360895,25-50%
8.0,8.911064501464262,0.9110645014642618,0.9110645014642618,25-50%
8.0,8.853720054746097,0.8537200547460966,0.8537200547460966,25-50%
8.0,8.697377825029687,0.6973778250296867,0.6973778250296867,25-50%
8.0,8.787665923615542,0.7876659236155419,0.7876659236155419,25-50%
8.0,8.910817707598408,0.9108177075984081,0.9108177075984081,25-50%
8.0,8.88041714663609,0.8804171466360895,0.8804171466360895,25-50%
8.0,8.845476414946035,0.8454764149460345,0.8454764149460345,25-50%
8.0,8.976094713091808,0.9760947130918076,0.9760947130918076,25-50%
8.0,9.061482354642656,1.0614823546426564,1.0614823546426564,25-50%
8.0,8.88041714663609,0.8804171466360895,0.8804171466360895,25-50%
8.0,9.006789659569293,1.006789659569293,1.006789659569293,25-50%
8.0,9.061482354642656,1.0614823546426564,1.0614823546426564,25-50%
8.0,9.061482354642656,1.0614823546426564,1.0614823546426564,25-50%
8.0,8.77394685508507,0.7739468550850699,0.7739468550850699,25-50%
8.0,8.845476414946035,0.8454764149460345,0.8454764149460345,25-50%
8.0,9.061482354642656,1.0614823546426564,1.0614823546426564,25-50%
3.0,7.60684805677318,4.60684805677318,4.60684805677318,0-25%
3.0,7.60684805677318,4.60684805677318,4.60684805677318,0-25%
3.0,7.699511996374729,4.699511996374729,4.699511996374729,0-25%
3.0,7.699511996374729,4.699511996374729,4.699511996374729,0-25%
3.0,7.294661693579172,4.294661693579172,4.294661693579172,0-25%
3.0,7.097230932124269,4.097230932124269,4.097230932124269,0-25%
3.0,7.097230932124269,4.097230932124269,4.097230932124269,0-25%
3.0,7.616077730652175,4.616077730652175,4.616077730652175,0-25%
3.0,8.032090784066227,5.032090784066227,5.032090784066227,0-25%
3.0,7.838184440202573,4.838184440202573,4.838184440202573,0-25%
3.0,7.521433201074527,4.521433201074527,4.521433201074527,0-25%
3.0,7.690192946437738,4.690192946437738,4.690192946437738,0-25%
3.0,7.838184440202573,4.838184440202573,4.838184440202573,0-25%
3.0,7.690192946437738,4.690192946437738,4.690192946437738,0-25%
3.0,7.764574265145985,4.764574265145985,4.764574265145985,0-25%
3.0,6.7678744441440015,3.7678744441440015,3.7678744441440015,0-25%
3.0,7.679133552106818,4.679133552106818,4.679133552106818,0-25%
3.0,7.616077730652175,4.616077730652175,4.616077730652175,0-25%
3.0,6.788549614663224,3.788549614663224,3.788549614663224,0-25%
3.0,6.4873622646181595,3.4873622646181595,3.4873622646181595,0-25%
3.0,6.571547409803819,3.571547409803819,3.571547409803819,0-25%
3.0,7.9554391632472825,4.9554391632472825,4.9554391632472825,0-25%
3.0,8.032090784066227,5.032090784066227,5.032090784066227,0-25%
3.0,7.690192946437738,4.690192946437738,4.690192946437738,0-25%
3.0,6.445721982257002,3.4457219822570018,3.4457219822570018,0-25%
3.0,6.191550573185444,3.1915505731854443,3.1915505731854443,0-25%
3.0,6.191550573185444,3.1915505731854443,3.1915505731854443,0-25%
3.0,7.90548807945759,4.90548807945759,4.90548807945759,0-25%
3.0,7.60684805677318,4.60684805677318,4.60684805677318,0-25%
3.0,6.398127739730113,3.3981277397301133,3.3981277397301133,0-25%
3.0,6.191550573185444,3.1915505731854443,3.1915505731854443,0-25%
2.0,17.20944376076077,15.20944376076077,15.20944376076077,0-25%
2.0,16.796057807662635,14.796057807662635,14.796057807662635,0-25%
2.0,17.104405044691838,15.104405044691838,15.104405044691838,0-25%
2.0,17.104405044691838,15.104405044691838,15.104405044691838,0-25%
2.0,17.1906048338465,15.1906048338465,15.1906048338465,0-25%
2.0,16.796057807662635,14.796057807662635,14.796057807662635,0-25%
2.0,16.837741921003623,14.837741921003623,14.837741921003623,0-25%
2.0,16.74960163522966,14.74960163522966,14.74960163522966,0-25%
2.0,16.796057807662635,14.796057807662635,14.796057807662635,0-25%
2.0,15.204158269473538,13.204158269473538,13.204158269473538,0-25%
2.0,16.34300139921211,14.34300139921211,14.34300139921211,0-25%
2.0,16.796057807662635,14.796057807662635,14.796057807662635,0-25%
2.0,16.789713439128764,14.789713439128764,14.789713439128764,0-25%
2.0,17.141626261422687,15.141626261422687,15.141626261422687,0-25%
2.0,17.1906048338465,15.1906048338465,15.1906048338465,0-25%
2.0,16.17264657204591,14.17264657204591,14.17264657204591,0-25%
2.0,16.796057807662635,14.796057807662635,14.796057807662635,0-25%
2.0,16.512352691658407,14.512352691658407,14.512352691658407,0-25%
2.0,17.1906048338465,15.1906048338465,15.1906048338465,0-25%
2.0,17.1906048338465,15.1906048338465,15.1906048338465,0-25%
2.0,16.17264657204591,14.17264657204591,14.17264657204591,0-25%
2.0,16.146424449515763,14.146424449515763,14.146424449515763,0-25%
2.0,16.17264657204591,14.17264657204591,14.17264657204591,0-25%
7.0,14.021524481935813,7.021524481935813,7.021524481935813,25-50%
7.0,14.49740022036506,7.49740022036506,7.49740022036506,25-50%
7.0,14.49740022036506,7.49740022036506,7.49740022036506,25-50%
7.0,13.918378714396113,6.918378714396113,6.918378714396113,25-50%
7.0,13.918378714396113,6.918378714396113,6.918378714396113,25-50%
7.0,14.021524481935813,7.021524481935813,7.021524481935813,25-50%
7.0,14.021524481935813,7.021524481935813,7.021524481935813,25-50%
7.0,13.612545238270718,6.612545238270718,6.612545238270718,25-50%
7.0,13.612545238270718,6.612545238270718,6.612545238270718,25-50%
7.0,13.92209540293716,6.92209540293716,6.92209540293716,25-50%
7.0,13.918378714396113,6.918378714396113,6.918378714396113,25-50%
7.0,13.612545238270718,6.612545238270718,6.612545238270718,25-50%
7.0,14.49740022036506,7.49740022036506,7.49740022036506,25-50%
7.0,13.92209540293716,6.92209540293716,6.92209540293716,25-50%
7.0,13.612545238270718,6.612545238270718,6.612545238270718,25-50%
6.0,17.04500824007733,11.04500824007733,11.04500824007733,25-50%
6.0,17.04500824007733,11.04500824007733,11.04500824007733,25-50%
6.0,17.04500824007733,11.04500824007733,11.04500824007733,25-50%
6.0,16.959498389261675,10.959498389261675,10.959498389261675,25-50%
6.0,16.959498389261675,10.959498389261675,10.959498389261675,25-50%
6.0,16.611118499053717,10.611118499053717,10.611118499053717,25-50%
6.0,16.959498389261675,10.959498389261675,10.959498389261675,25-50%
6.0,16.820504039161236,10.820504039161236,10.820504039161236,25-50%
6.0,16.415947692262144,10.415947692262144,10.415947692262144,25-50%
6.0,16.959498389261675,10.959498389261675,10.959498389261675,25-50%
6.0,16.959498389261675,10.959498389261675,10.959498389261675,25-50%
6.0,16.959498389261675,10.959498389261675,10.959498389261675,25-50%
6.0,16.959498389261675,10.959498389261675,10.959498389261675,25-50%
6.0,17.04500824007733,11.04500824007733,11.04500824007733,25-50%
6.0,16.959498389261675,10.959498389261675,10.959498389261675,25-50%
6.0,16.959498389261675,10.959498389261675,10.959498389261675,25-50%
6.0,17.04500824007733,11.04500824007733,11.04500824007733,25-50%
6.0,16.694969622448752,10.694969622448752,10.694969622448752,25-50%
6.0,16.628936455214642,10.628936455214642,10.628936455214642,25-50%
6.0,16.54539824308038,10.545398243080381,10.545398243080381,25-50%
6.0,16.959498389261675,10.959498389261675,10.959498389261675,25-50%
6.0,15.97256822044333,9.97256822044333,9.97256822044333,25-50%
6.0,16.415947692262144,10.415947692262144,10.415947692262144,25-50%
6.0,16.409738834563402,10.409738834563402,10.409738834563402,25-50%
6.0,17.04500824007733,11.04500824007733,11.04500824007733,25-50%
6.0,17.04500824007733,11.04500824007733,11.04500824007733,25-50%
6.0,15.581828640967386,9.581828640967386,9.581828640967386,25-50%
5.0,16.375522222486534,11.375522222486534,11.375522222486534,0-25%
5.0,14.82843897585693,9.82843897585693,9.82843897585693,0-25%
5.0,16.166045216283553,11.166045216283553,11.166045216283553,0-25%
5.0,14.82843897585693,9.82843897585693,9.82843897585693,0-25%
5.0,15.614482278128222,10.614482278128222,10.614482278128222,0-25%
5.0,15.40141193662074,10.40141193662074,10.40141193662074,0-25%
5.0,14.500087242465332,9.500087242465332,9.500087242465332,0-25%
5.0,16.07811164509695,11.07811164509695,11.07811164509695,0-25%
5.0,15.956087705053386,10.956087705053386,10.956087705053386,0-25%
5.0,14.82843897585693,9.82843897585693,9.82843897585693,0-25%
5.0,14.641421127048183,9.641421127048183,9.641421127048183,0-25%
5.0,14.641421127048183,9.641421127048183,9.641421127048183,0-25%
5.0,13.615078839483704,8.615078839483704,8.615078839483704,0-25%
5.0,13.514723943656413,8.514723943656413,8.514723943656413,0-25%
3.5,13.942324927003277,10.442324927003277,10.442324927003277,0-25%
5.0,14.024128994156495,9.024128994156495,9.024128994156495,0-25%
5.0,13.920965342652195,8.920965342652195,8.920965342652195,0-25%
3.5,13.16143767977995,9.66143767977995,9.66143767977995,0-25%
3.5,13.387625984481193,9.887625984481193,9.887625984481193,0-25%
2.0,14.078572987649459,12.078572987649459,12.078572987649459,0-25%
3.5,13.089163076129953,9.589163076129953,9.589163076129953,0-25%
2.0,13.942324927003277,11.942324927003277,11.942324927003277,0-25%
2.0,15.199229014335272,13.199229014335272,13.199229014335272,0-25%
2.0,15.290296767274432,13.290296767274432,13.290296767274432,0-25%
3.5,13.25934995207915,9.75934995207915,9.75934995207915,0-25%
2.0,13.942324927003277,11.942324927003277,11.942324927003277,0-25%
2.0,13.84436472936847,11.84436472936847,11.84436472936847,0-25%
2.0,13.942324927003277,11.942324927003277,11.942324927003277,0-25%
2.0,15.097014246797816,13.097014246797816,13.097014246797816,0-25%
2.0,13.942324927003277,11.942324927003277,11.942324927003277,0-25%
2.0,13.942324927003277,11.942324927003277,11.942324927003277,0-25%
2.0,13.25934995207915,11.25934995207915,11.25934995207915,0-25%
2.0,13.25934995207915,11.25934995207915,11.25934995207915,0-25%
12.0,19.349548357490036,7.349548357490036,7.349548357490036,50-75%
12.0,21.65673744399561,9.65673744399561,9.65673744399561,50-75%
12.0,19.33151308435425,7.331513084354249,7.331513084354249,50-75%
12.0,19.371550758458966,7.371550758458966,7.371550758458966,50-75%
12.0,21.42481721288447,9.42481721288447,9.42481721288447,50-75%
12.0,20.50268722949427,8.50268722949427,8.50268722949427,50-75%
12.0,20.50268722949427,8.50268722949427,8.50268722949427,50-75%
12.0,20.25837500222882,8.25837500222882,8.25837500222882,50-75%
12.0,19.371550758458966,7.371550758458966,7.371550758458966,50-75%
12.0,21.42481721288447,9.42481721288447,9.42481721288447,50-75%
12.0,19.371550758458966,7.371550758458966,7.371550758458966,50-75%
12.0,20.411069826511735,8.411069826511735,8.411069826511735,50-75%
12.0,18.68200984458252,6.68200984458252,6.68200984458252,50-75%
12.0,18.458050559913797,6.458050559913797,6.458050559913797,50-75%
12.0,19.371550758458966,7.371550758458966,7.371550758458966,50-75%
12.0,20.34913040348402,8.349130403484018,8.349130403484018,50-75%
12.0,20.34913040348402,8.349130403484018,8.349130403484018,50-75%
12.0,18.68200984458252,6.68200984458252,6.68200984458252,50-75%
12.0,18.42361264207981,6.42361264207981,6.42361264207981,50-75%
12.0,18.579854948637443,6.579854948637443,6.579854948637443,50-75%
12.0,19.371550758458966,7.371550758458966,7.371550758458966,50-75%
12.0,19.371550758458966,7.371550758458966,7.371550758458966,50-75%
12.0,19.371550758458966,7.371550758458966,7.371550758458966,50-75%
12.0,18.579854948637443,6.579854948637443,6.579854948637443,50-75%
12.0,18.237805959378537,6.237805959378537,6.237805959378537,50-75%
12.0,18.42361264207981,6.42361264207981,6.42361264207981,50-75%
12.0,19.371550758458966,7.371550758458966,7.371550758458966,50-75%
12.0,19.371550758458966,7.371550758458966,7.371550758458966,50-75%
2.0,17.729416496436897,15.729416496436897,15.729416496436897,0-25%
2.0,18.274299243592807,16.274299243592807,16.274299243592807,0-25%
2.0,17.318673394154597,15.318673394154597,15.318673394154597,0-25%
2.0,18.091806107735223,16.091806107735223,16.091806107735223,0-25%
2.0,17.44646010349124,15.44646010349124,15.44646010349124,0-25%
2.0,18.579854948637443,16.579854948637443,16.579854948637443,0-25%
2.0,18.42361264207981,16.42361264207981,16.42361264207981,0-25%
2.0,18.49471468341679,16.49471468341679,16.49471468341679,0-25%
2.0,18.49471468341679,16.49471468341679,16.49471468341679,0-25%
2.0,18.274299243592807,16.274299243592807,16.274299243592807,0-25%
2.0,18.274299243592807,16.274299243592807,16.274299243592807,0-25%
2.0,17.738892064376856,15.738892064376856,15.738892064376856,0-25%
2.0,17.318673394154597,15.318673394154597,15.318673394154597,0-25%
2.0,18.49636817473167,16.49636817473167,16.49636817473167,0-25%
2.0,18.579854948637443,16.579854948637443,16.579854948637443,0-25%
2.0,18.49636817473167,16.49636817473167,16.49636817473167,0-25%
2.0,18.49636817473167,16.49636817473167,16.49636817473167,0-25%
2.0,18.202372416227263,16.202372416227263,16.202372416227263,0-25%
2.0,18.202372416227263,16.202372416227263,16.202372416227263,0-25%
2.0,18.069890531146964,16.069890531146964,16.069890531146964,0-25%
2.0,17.318673394154597,15.318673394154597,15.318673394154597,0-25%
2.0,19.371550758458966,17.371550758458966,17.371550758458966,0-25%
2.0,19.371550758458966,17.371550758458966,17.371550758458966,0-25%
2.0,18.274299243592807,16.274299243592807,16.274299243592807,0-25%
2.0,18.579854948637443,16.579854948637443,16.579854948637443,0-25%
2.0,17.71348915274997,15.713489152749968,15.713489152749968,0-25%
2.0,17.318673394154597,15.318673394154597,15.318673394154597,0-25%
2.0,17.64298558632636,15.642985586326361,15.642985586326361,0-25%
2.0,17.854278331785384,15.854278331785384,15.854278331785384,0-25%
2.0,17.926811592579767,15.926811592579767,15.926811592579767,0-25%
2.0,18.579854948637443,16.579854948637443,16.579854948637443,0-25%
2.0,18.578194376790726,16.578194376790726,16.578194376790726,0-25%
2.0,18.49636817473167,16.49636817473167,16.49636817473167,0-25%
2.0,15.675255025028108,13.675255025028108,13.675255025028108,0-25%
2.0,17.032799204630898,15.032799204630898,15.032799204630898,0-25%
2.0,17.55924946245966,15.559249462459661,15.559249462459661,0-25%
2.0,18.579854948637443,16.579854948637443,16.579854948637443,0-25%
2.0,18.579854948637443,16.579854948637443,16.579854948637443,0-25%
2.0,18.579854948637443,16.579854948637443,16.579854948637443,0-25%
2.0,18.31177244333441,16.31177244333441,16.31177244333441,0-25%
2.0,15.786543913933771,13.786543913933771,13.786543913933771,0-25%
2.0,17.032799204630898,15.032799204630898,15.032799204630898,0-25%
2.0,18.261255310994777,16.261255310994777,16.261255310994777,0-25%
2.0,16.22219798913829,14.22219798913829,14.22219798913829,0-25%
4.0,18.49471468341679,14.494714683416792,14.494714683416792,0-25%
4.0,18.31177244333441,14.311772443334409,14.311772443334409,0-25%
4.0,17.71348915274997,13.713489152749968,13.713489152749968,0-25%
4.0,17.251860900413433,13.251860900413433,13.251860900413433,0-25%
4.0,15.939608049829532,11.939608049829532,11.939608049829532,0-25%
4.0,15.786543913933771,11.786543913933771,11.786543913933771,0-25%
4.0,17.676710186389304,13.676710186389304,13.676710186389304,0-25%
4.0,17.627131742783483,13.627131742783483,13.627131742783483,0-25%
4.0,16.80153983581357,12.801539835813571,12.801539835813571,0-25%
4.0,15.524579549318203,11.524579549318203,11.524579549318203,0-25%
4.0,15.786543913933771,11.786543913933771,11.786543913933771,0-25%
4.0,15.786543913933771,11.786543913933771,11.786543913933771,0-25%
4.0,14.581075714267602,10.581075714267602,10.581075714267602,0-25%
4.0,14.828082700880072,10.828082700880072,10.828082700880072,0-25%
4.0,15.524579549318203,11.524579549318203,11.524579549318203,0-25%
4.0,15.786543913933771,11.786543913933771,11.786543913933771,0-25%
4.0,14.828082700880072,10.828082700880072,10.828082700880072,0-25%
4.0,15.786543913933771,11.786543913933771,11.786543913933771,0-25%
4.0,15.939608049829532,11.939608049829532,11.939608049829532,0-25%
4.0,17.101765087991172,13.101765087991172,13.101765087991172,0-25%
4.0,15.786543913933771,11.786543913933771,11.786543913933771,0-25%
4.0,18.026334168530518,14.026334168530518,14.026334168530518,0-25%
4.0,15.939608049829532,11.939608049829532,11.939608049829532,0-25%
4.0,17.300885798613688,13.300885798613688,13.300885798613688,0-25%
4.0,17.71348915274997,13.713489152749968,13.713489152749968,0-25%
4.0,17.33225170156937,13.33225170156937,13.33225170156937,0-25%
4.0,18.31177244333441,14.311772443334409,14.311772443334409,0-25%
4.0,17.699549781966915,13.699549781966915,13.699549781966915,0-25%
4.0,17.94520755839216,13.945207558392159,13.945207558392159,0-25%
4.0,17.33225170156937,13.33225170156937,13.33225170156937,0-25%
9.0,26.39726920344159,17.39726920344159,17.39726920344159,50-75%
9.0,26.28053650736303,17.28053650736303,17.28053650736303,50-75%
9.0,26.012060287061594,17.012060287061594,17.012060287061594,50-75%
9.0,27.85690569670714,18.85690569670714,18.85690569670714,50-75%
9.0,26.251072019852995,17.251072019852995,17.251072019852995,50-75%
9.0,27.85445833612611,18.85445833612611,18.85445833612611,50-75%
9.0,27.980475888854187,18.980475888854187,18.980475888854187,50-75%
9.0,27.88855796105702,18.88855796105702,18.88855796105702,50-75%
9.0,27.980475888854187,18.980475888854187,18.980475888854187,50-75%
9.0,27.749218997018637,18.749218997018637,18.749218997018637,50-75%
9.0,27.85445833612611,18.85445833612611,18.85445833612611,50-75%
9.0,27.85445833612611,18.85445833612611,18.85445833612611,50-75%
9.0,26.343593906074815,17.343593906074815,17.343593906074815,50-75%
9.0,26.28053650736303,17.28053650736303,17.28053650736303,50-75%
7.0,20.497218157065817,13.497218157065817,13.497218157065817,25-50%
7.0,19.081990267120318,12.081990267120318,12.081990267120318,25-50%
7.0,19.167984774711837,12.167984774711837,12.167984774711837,25-50%
7.0,19.081990267120318,12.081990267120318,12.081990267120318,25-50%
9.0,27.85690569670714,18.85690569670714,18.85690569670714,50-75%
9.0,26.24155450461176,17.24155450461176,17.24155450461176,50-75%
7.0,20.803781966840596,13.803781966840596,13.803781966840596,25-50%
7.0,20.497218157065817,13.497218157065817,13.497218157065817,25-50%
7.0,20.497218157065817,13.497218157065817,13.497218157065817,25-50%
7.0,18.853250941221642,11.853250941221642,11.853250941221642,25-50%
7.0,19.167984774711837,12.167984774711837,12.167984774711837,25-50%
7.0,18.54439665671602,11.544396656716021,11.544396656716021,25-50%
7.5,20.89132736711013,13.39132736711013,13.39132736711013,25-50%
7.5,19.904368520540398,12.404368520540398,12.404368520540398,25-50%
8.0,19.081990267120318,11.081990267120318,11.081990267120318,25-50%
7.0,19.167984774711837,12.167984774711837,12.167984774711837,25-50%
7.0,19.16627432344395,12.16627432344395,12.16627432344395,25-50%
7.0,19.081990267120318,12.081990267120318,12.081990267120318,25-50%
10.0,20.50268722949427,10.50268722949427,10.50268722949427,50-75%
10.0,18.953187635282994,8.953187635282994,8.953187635282994,50-75%
7.5,19.878128510786482,12.378128510786482,12.378128510786482,25-50%
7.5,19.904368520540398,12.404368520540398,12.404368520540398,25-50%
7.5,19.027926810803958,11.527926810803958,11.527926810803958,25-50%
7.5,19.113689809454243,11.613689809454243,11.613689809454243,25-50%
7.5,19.113689809454243,11.613689809454243,11.613689809454243,25-50%
5.0,19.167984774711837,14.167984774711837,14.167984774711837,0-25%
5.0,18.838298169978287,13.838298169978287,13.838298169978287,0-25%
10.0,20.568866067029475,10.568866067029475,10.568866067029475,50-75%
10.0,18.838298169978287,8.838298169978287,8.838298169978287,50-75%
7.5,19.113689809454243,11.613689809454243,11.613689809454243,25-50%
7.5,19.83944458994136,12.339444589941358,12.339444589941358,25-50%
7.5,19.92697080586443,12.426970805864428,12.426970805864428,25-50%
7.5,19.242866726150567,11.742866726150567,11.742866726150567,25-50%
7.5,19.113689809454243,11.613689809454243,11.613689809454243,25-50%
5.0,18.78640371352762,13.78640371352762,13.78640371352762,0-25%
5.0,16.691752523153404,11.691752523153404,11.691752523153404,0-25%
10.0,20.568866067029475,10.568866067029475,10.568866067029475,50-75%
10.0,19.026228237883096,9.026228237883096,9.026228237883096,50-75%
10.0,18.54439665671602,8.544396656716021,8.544396656716021,50-75%
7.5,19.113689809454243,11.613689809454243,11.613689809454243,25-50%
7.5,19.83944458994136,12.339444589941358,12.339444589941358,25-50%
7.5,18.972581446602007,11.472581446602007,11.472581446602007,25-50%
10.0,19.113689809454243,9.113689809454243,9.113689809454243,50-75%
10.0,19.038630588035872,9.038630588035872,9.038630588035872,50-75%
10.0,18.972581446602007,8.972581446602007,8.972581446602007,50-75%
10.0,19.026228237883096,9.026228237883096,9.026228237883096,50-75%
10.0,19.113689809454243,9.113689809454243,9.113689809454243,50-75%
10.0,18.61233456328302,8.61233456328302,8.61233456328302,50-75%
10.0,18.13205047534256,8.13205047534256,8.13205047534256,50-75%
10.0,18.13205047534256,8.13205047534256,8.13205047534256,50-75%
10.0,18.454204845832717,8.454204845832717,8.454204845832717,50-75%
10.0,18.675377099518133,8.675377099518133,8.675377099518133,50-75%
10.0,18.921559451259807,8.921559451259807,8.921559451259807,50-75%
22.0,14.582592203843218,-7.417407796156782,7.417407796156782,75-100%
22.0,14.54084914261132,-7.45915085738868,7.45915085738868,75-100%
22.0,14.582592203843218,-7.417407796156782,7.417407796156782,75-100%
22.0,14.582592203843218,-7.417407796156782,7.417407796156782,75-100%
22.0,14.582592203843218,-7.417407796156782,7.417407796156782,75-100%
22.0,14.582592203843218,-7.417407796156782,7.417407796156782,75-100%
22.0,14.738784810543976,-7.261215189456024,7.261215189456024,75-100%
22.0,14.582592203843218,-7.417407796156782,7.417407796156782,75-100%
22.0,14.769778290194722,-7.230221709805278,7.230221709805278,75-100%
22.0,14.582592203843218,-7.417407796156782,7.417407796156782,75-100%
22.0,14.471896028692317,-7.528103971307683,7.528103971307683,75-100%
22.0,14.490738778330352,-7.509261221669648,7.509261221669648,75-100%
22.0,14.769778290194722,-7.230221709805278,7.230221709805278,75-100%
22.0,14.769778290194722,-7.230221709805278,7.230221709805278,75-100%
22.0,14.769778290194722,-7.230221709805278,7.230221709805278,75-100%
22.0,14.582592203843218,-7.417407796156782,7.417407796156782,75-100%
22.0,14.782163115077788,-7.217836884922212,7.217836884922212,75-100%
22.0,14.475697132568671,-7.524302867431329,7.524302867431329,75-100%
22.0,14.19514924521752,-7.80485075478248,7.80485075478248,75-100%
22.0,14.000779395751398,-7.9992206042486025,7.9992206042486025,75-100%
22.0,14.769778290194722,-7.230221709805278,7.230221709805278,75-100%
22.0,14.54084914261132,-7.45915085738868,7.45915085738868,75-100%
22.0,14.582592203843218,-7.417407796156782,7.417407796156782,75-100%
22.0,14.782163115077788,-7.217836884922212,7.217836884922212,75-100%
22.0,14.49316562366931,-7.506834376330691,7.506834376330691,75-100%
22.0,13.748338404235337,-8.251661595764663,8.251661595764663,75-100%
22.0,14.490738778330352,-7.509261221669648,7.509261221669648,75-100%
22.0,14.48404691118402,-7.51595308881598,7.51595308881598,75-100%
22.0,14.502904459010734,-7.497095540989266,7.497095540989266,75-100%
22.0,14.49316562366931,-7.506834376330691,7.506834376330691,75-100%
22.0,14.206217669628252,-7.793782330371748,7.793782330371748,75-100%
32.5,15.422199336399744,-17.077800663600257,17.077800663600257,75-100%
43.0,13.116198349779749,-29.88380165022025,29.88380165022025,75-100%
22.0,14.490738778330352,-7.509261221669648,7.509261221669648,75-100%
22.0,14.490738778330352,-7.509261221669648,7.509261221669648,75-100%
22.0,14.19514924521752,-7.80485075478248,7.80485075478248,75-100%
32.5,15.394311318133635,-17.105688681866365,17.105688681866365,75-100%
32.5,15.416566026392413,-17.083433973607587,17.083433973607587,75-100%
43.0,14.983571137224347,-28.016428862775655,28.016428862775655,75-100%
43.0,15.15924801523868,-27.84075198476132,27.84075198476132,75-100%
43.0,14.699332201815398,-28.3006677981846,28.3006677981846,75-100%
43.0,14.456857725206621,-28.54314227479338,28.54314227479338,75-100%
43.0,14.684088009975756,-28.315911990024244,28.315911990024244,75-100%
43.0,13.116198349779749,-29.88380165022025,29.88380165022025,75-100%
43.0,13.116198349779749,-29.88380165022025,29.88380165022025,75-100%
43.0,13.24491357035286,-29.75508642964714,29.75508642964714,75-100%
43.0,13.116198349779749,-29.88380165022025,29.88380165022025,75-100%
43.0,13.116198349779749,-29.88380165022025,29.88380165022025,75-100%
43.0,13.116198349779749,-29.88380165022025,29.88380165022025,75-100%
43.0,13.116198349779749,-29.88380165022025,29.88380165022025,75-100%
43.0,13.116198349779749,-29.88380165022025,29.88380165022025,75-100%
19.0,13.817866980151964,-5.182133019848036,5.182133019848036,75-100%
19.0,13.817866980151964,-5.182133019848036,5.182133019848036,75-100%
19.0,13.817866980151964,-5.182133019848036,5.182133019848036,75-100%
19.0,13.807081231574546,-5.192918768425454,5.192918768425454,75-100%
19.0,13.631883071340456,-5.3681169286595445,5.3681169286595445,75-100%
19.0,12.485787348815997,-6.514212651184003,6.514212651184003,75-100%
19.0,14.096876452850697,-4.903123547149303,4.903123547149303,75-100%
19.0,14.126605859457602,-4.873394140542398,4.873394140542398,75-100%
19.0,13.827181330113497,-5.172818669886503,5.172818669886503,75-100%
19.0,12.406941409559797,-6.593058590440203,6.593058590440203,75-100%
19.0,12.485787348815997,-6.514212651184003,6.514212651184003,75-100%
19.0,11.453428712747506,-7.546571287252494,7.546571287252494,75-100%
19.0,12.406941409559797,-6.593058590440203,6.593058590440203,75-100%
19.0,14.136114279319507,-4.863885720680493,4.863885720680493,75-100%
19.0,13.807081231574546,-5.192918768425454,5.192918768425454,75-100%
19.0,12.477315654832019,-6.522684345167981,6.522684345167981,75-100%
19.0,12.529189438241627,-6.470810561758373,6.470810561758373,75-100%
19.0,13.827181330113497,-5.172818669886503,5.172818669886503,75-100%
19.0,13.827181330113497,-5.172818669886503,5.172818669886503,75-100%
19.0,13.631883071340456,-5.3681169286595445,5.3681169286595445,75-100%
19.0,13.631883071340456,-5.3681169286595445,5.3681169286595445,75-100%
19.0,13.622691406620884,-5.377308593379116,5.377308593379116,75-100%
19.0,13.631883071340456,-5.3681169286595445,5.3681169286595445,75-100%
19.0,13.622691406620884,-5.377308593379116,5.377308593379116,75-100%
19.0,14.054442398594594,-4.945557601405406,4.945557601405406,75-100%
19.0,13.827181330113497,-5.172818669886503,5.172818669886503,75-100%
14.0,12.518808291503495,-1.481191708496505,1.481191708496505,50-75%
14.0,11.644161057316103,-2.3558389426838975,2.3558389426838975,50-75%
14.0,12.439769292163076,-1.560230707836924,1.560230707836924,50-75%
14.0,12.431326506457392,-1.568673493542608,1.568673493542608,50-75%
14.0,12.431326506457392,-1.568673493542608,1.568673493542608,50-75%
14.0,12.518808291503495,-1.481191708496505,1.481191708496505,50-75%
14.0,12.439769292163076,-1.560230707836924,1.560230707836924,50-75%
14.0,12.553796884885811,-1.446203115114189,1.446203115114189,50-75%
14.0,13.66771031374105,-0.3322896862589495,0.3322896862589495,50-75%
14.0,13.66771031374105,-0.3322896862589495,0.3322896862589495,50-75%
14.0,12.562316654138865,-1.437683345861135,1.437683345861135,50-75%
14.0,12.439769292163076,-1.560230707836924,1.560230707836924,50-75%
14.0,12.439769292163076,-1.560230707836924,1.560230707836924,50-75%
14.0,13.66771031374105,-0.3322896862589495,0.3322896862589495,50-75%
14.0,13.66771031374105,-0.3322896862589495,0.3322896862589495,50-75%
14.0,13.66771031374105,-0.3322896862589495,0.3322896862589495,50-75%
14.0,12.518808291503495,-1.481191708496505,1.481191708496505,50-75%
14.0,12.439769292163076,-1.560230707836924,1.560230707836924,50-75%
14.0,11.644161057316103,-2.3558389426838975,2.3558389426838975,50-75%
14.0,13.863486774671898,-0.13651322532810184,0.13651322532810184,50-75%
14.0,13.854149617839079,-0.14585038216092094,0.14585038216092094,50-75%
14.0,12.518808291503495,-1.481191708496505,1.481191708496505,50-75%
7.0,12.292114499541587,5.2921144995415865,5.2921144995415865,25-50%
7.0,12.292114499541587,5.2921144995415865,5.2921144995415865,25-50%
7.0,14.061881951904365,7.061881951904365,7.061881951904365,25-50%
7.0,13.639079604062172,6.639079604062172,6.639079604062172,25-50%
7.0,14.061881951904365,7.061881951904365,7.061881951904365,25-50%
7.0,14.707313004188617,7.707313004188617,7.707313004188617,25-50%
7.0,14.384494768952251,7.384494768952251,7.384494768952251,25-50%
7.0,14.707313004188617,7.707313004188617,7.707313004188617,25-50%
7.0,14.520868376100198,7.520868376100198,7.520868376100198,25-50%
7.0,14.219450283901839,7.219450283901839,7.219450283901839,25-50%
7.0,12.292114499541587,5.2921144995415865,5.2921144995415865,25-50%
7.0,14.346474032842702,7.346474032842702,7.346474032842702,25-50%
7.0,14.707313004188617,7.707313004188617,7.707313004188617,25-50%
7.0,14.707313004188617,7.707313004188617,7.707313004188617,25-50%
7.0,14.900260403892972,7.900260403892972,7.900260403892972,25-50%
7.0,14.219450283901839,7.219450283901839,7.219450283901839,25-50%
7.0,12.153593940467033,5.153593940467033,5.153593940467033,25-50%
7.0,13.88366897620935,6.88366897620935,6.88366897620935,25-50%
7.0,15.064701045271448,8.064701045271448,8.064701045271448,25-50%
7.0,15.034063808898171,8.034063808898171,8.034063808898171,25-50%
7.0,14.843740673247995,7.843740673247995,7.843740673247995,25-50%
7.0,15.034063808898171,8.034063808898171,8.034063808898171,25-50%
7.0,15.034063808898171,8.034063808898171,8.034063808898171,25-50%
7.0,13.547824026498258,6.547824026498258,6.547824026498258,25-50%
7.0,14.900260403892972,7.900260403892972,7.900260403892972,25-50%
7.0,15.034063808898171,8.034063808898171,8.034063808898171,25-50%
7.0,15.034063808898171,8.034063808898171,8.034063808898171,25-50%
7.0,15.034063808898171,8.034063808898171,8.034063808898171,25-50%
7.0,15.034063808898171,8.034063808898171,8.034063808898171,25-50%
1.0,11.79325386601047,10.79325386601047,10.79325386601047,0-25%
1.0,11.79325386601047,10.79325386601047,10.79325386601047,0-25%
2.0,13.692900109277028,11.692900109277028,11.692900109277028,0-25%
2.0,13.62509656991692,11.62509656991692,11.62509656991692,0-25%
2.0,13.692900109277028,11.692900109277028,11.692900109277028,0-25%
2.0,13.692900109277028,11.692900109277028,11.692900109277028,0-25%
2.0,13.692900109277028,11.692900109277028,11.692900109277028,0-25%
1.0,11.79325386601047,10.79325386601047,10.79325386601047,0-25%
1.0,11.909906129772196,10.909906129772196,10.909906129772196,0-25%
1.0,13.499370554078281,12.499370554078281,12.499370554078281,0-25%
2.0,13.184715627119479,11.184715627119479,11.184715627119479,0-25%
2.0,13.999035231124461,11.999035231124461,11.999035231124461,0-25%
2.0,13.999035231124461,11.999035231124461,11.999035231124461,0-25%
2.0,13.999035231124461,11.999035231124461,11.999035231124461,0-25%
2.0,13.692900109277028,11.692900109277028,11.692900109277028,0-25%
2.0,13.692900109277028,11.692900109277028,11.692900109277028,0-25%
1.0,13.682205322593894,12.682205322593894,12.682205322593894,0-25%
1.0,13.682205322593894,12.682205322593894,12.682205322593894,0-25%
1.0,13.682205322593894,12.682205322593894,12.682205322593894,0-25%
1.0,13.678633171991592,12.678633171991592,12.678633171991592,0-25%
1.0,13.634289746495972,12.634289746495972,12.634289746495972,0-25%
1.0,13.441532185754049,12.441532185754049,12.441532185754049,0-25%
1.0,11.909906129772196,10.909906129772196,10.909906129772196,0-25%
2.0,10.965548947878315,8.965548947878315,8.965548947878315,0-25%
2.0,13.999035231124461,11.999035231124461,11.999035231124461,0-25%
2.0,13.999035231124461,11.999035231124461,11.999035231124461,0-25%
2.0,13.969556548250035,11.969556548250035,11.969556548250035,0-25%
2.0,13.999035231124461,11.999035231124461,11.999035231124461,0-25%
2.0,13.7021359064232,11.7021359064232,11.7021359064232,0-25%
1.0,14.022143370067251,13.022143370067251,13.022143370067251,0-25%
1.0,13.927480362706481,12.927480362706481,12.927480362706481,0-25%
1.0,13.999035231124461,12.999035231124461,12.999035231124461,0-25%
1.0,13.66402309577897,12.66402309577897,12.66402309577897,0-25%
1.0,13.508484700651707,12.508484700651707,12.508484700651707,0-25%
1.0,10.965548947878315,9.965548947878315,9.965548947878315,0-25%
2.0,14.024496803246938,12.024496803246938,12.024496803246938,0-25%
2.0,14.024496803246938,12.024496803246938,12.024496803246938,0-25%
2.0,14.008463461477398,12.008463461477398,12.008463461477398,0-25%
2.0,13.682205322593894,11.682205322593894,11.682205322593894,0-25%
1.0,14.008463461477398,13.008463461477398,13.008463461477398,0-25%
1.0,13.692900109277028,12.692900109277028,12.692900109277028,0-25%
1.0,13.241525444558734,12.241525444558734,12.241525444558734,0-25%
1.0,11.79325386601047,10.79325386601047,10.79325386601047,0-25%
1.0,10.965548947878315,9.965548947878315,9.965548947878315,0-25%
2.0,14.12962171729445,12.12962171729445,12.12962171729445,0-25%
2.0,14.024496803246938,12.024496803246938,12.024496803246938,0-25%
2.0,13.7021359064232,11.7021359064232,11.7021359064232,0-25%
2.0,13.7021359064232,11.7021359064232,11.7021359064232,0-25%
1.0,11.79325386601047,10.79325386601047,10.79325386601047,0-25%
1.0,11.79325386601047,10.79325386601047,10.79325386601047,0-25%
1.0,10.721198121985658,9.721198121985658,9.721198121985658,0-25%
1.0,10.965548947878315,9.965548947878315,9.965548947878315,0-25%
2.0,14.311366489935075,12.311366489935075,12.311366489935075,0-25%
2.0,14.323391300253189,12.323391300253189,12.323391300253189,0-25%
2.0,14.323391300253189,12.323391300253189,12.323391300253189,0-25%
2.0,13.508484700651707,11.508484700651707,11.508484700651707,0-25%
1.0,10.965548947878315,9.965548947878315,9.965548947878315,0-25%
18.0,15.157266616957829,-2.8427333830421713,2.8427333830421713,75-100%
18.0,14.746828273817584,-3.2531717261824156,3.2531717261824156,75-100%
18.0,15.16250089048164,-2.83749910951836,2.83749910951836,75-100%
18.0,15.054156027091354,-2.945843972908646,2.945843972908646,75-100%
18.0,15.923649429027122,-2.0763505709728776,2.0763505709728776,75-100%
18.0,16.020903965872172,-1.9790960341278279,1.9790960341278279,75-100%
18.0,15.923649429027122,-2.0763505709728776,2.0763505709728776,75-100%
18.0,15.923649429027122,-2.0763505709728776,2.0763505709728776,75-100%
18.0,16.020903965872172,-1.9790960341278279,1.9790960341278279,75-100%
18.0,16.020903965872172,-1.9790960341278279,1.9790960341278279,75-100%
18.0,15.923649429027122,-2.0763505709728776,2.0763505709728776,75-100%
18.0,15.923649429027122,-2.0763505709728776,2.0763505709728776,75-100%
18.0,16.020903965872172,-1.9790960341278279,1.9790960341278279,75-100%
18.0,15.154735747016069,-2.845264252983931,2.845264252983931,75-100%
18.0,15.923649429027122,-2.0763505709728776,2.0763505709728776,75-100%
18.0,15.923649429027122,-2.0763505709728776,2.0763505709728776,75-100%
18.0,16.020903965872172,-1.9790960341278279,1.9790960341278279,75-100%
18.0,14.87934052126185,-3.1206594787381494,3.1206594787381494,75-100%
18.0,15.923649429027122,-2.0763505709728776,2.0763505709728776,75-100%
18.0,16.020903965872172,-1.9790960341278279,1.9790960341278279,75-100%
18.0,15.923649429027122,-2.0763505709728776,2.0763505709728776,75-100%
18.0,15.154735747016069,-2.845264252983931,2.845264252983931,75-100%
18.0,15.923649429027122,-2.0763505709728776,2.0763505709728776,75-100%
18.0,15.923649429027122,-2.0763505709728776,2.0763505709728776,75-100%
8.0,10.076574082054776,2.0765740820547762,2.0765740820547762,25-50%
8.0,9.998973037960429,1.998973037960429,1.998973037960429,25-50%
8.0,14.481918250112335,6.481918250112335,6.481918250112335,25-50%
8.0,9.753784619977441,1.7537846199774414,1.7537846199774414,25-50%
8.0,9.996281405215582,1.9962814052155817,1.9962814052155817,25-50%
8.0,9.998973037960429,1.998973037960429,1.998973037960429,25-50%
8.0,13.433159172402242,5.433159172402242,5.433159172402242,25-50%
8.0,9.962206991998436,1.9622069919984355,1.9622069919984355,25-50%
8.0,9.939650115384998,1.9396501153849979,1.9396501153849979,25-50%
8.0,11.564417354516369,3.564417354516369,3.564417354516369,25-50%
8.0,12.296011765338852,4.296011765338852,4.296011765338852,25-50%
8.0,11.981041706157306,3.9810417061573062,3.9810417061573062,25-50%
8.0,14.867092783398649,6.867092783398649,6.867092783398649,25-50%
8.0,9.998973037960429,1.998973037960429,1.998973037960429,25-50%
8.0,9.987652231978968,1.9876522319789682,1.9876522319789682,25-50%
8.0,14.867092783398649,6.867092783398649,6.867092783398649,25-50%
8.0,9.606187762155615,1.6061877621556153,1.6061877621556153,25-50%
8.0,9.581432205676768,1.5814322056767676,1.5814322056767676,25-50%
8.0,14.250999090933416,6.250999090933416,6.250999090933416,25-50%
8.0,14.867092783398649,6.867092783398649,6.867092783398649,25-50%
8.0,14.65733941320578,6.657339413205779,6.657339413205779,25-50%
8.0,11.586049444508426,3.5860494445084257,3.5860494445084257,25-50%
8.0,9.730301065531407,1.7303010655314068,1.7303010655314068,25-50%
8.0,11.981041706157306,3.9810417061573062,3.9810417061573062,25-50%
8.0,11.981041706157306,3.9810417061573062,3.9810417061573062,25-50%
8.0,14.65733941320578,6.657339413205779,6.657339413205779,25-50%
8.0,9.99100838711098,1.9910083871109805,1.9910083871109805,25-50%
8.0,9.846164721200424,1.8461647212004237,1.8461647212004237,25-50%
8.0,12.896627442665649,4.896627442665649,4.896627442665649,25-50%
8.0,11.918484034397936,3.9184840343979364,3.9184840343979364,25-50%
35.0,17.505739159733643,-17.494260840266357,17.494260840266357,75-100%
35.0,17.505739159733643,-17.494260840266357,17.494260840266357,75-100%
35.0,18.036210452772718,-16.963789547227282,16.963789547227282,75-100%
35.0,17.966143311778364,-17.033856688221636,17.033856688221636,75-100%
35.0,17.966143311778364,-17.033856688221636,17.033856688221636,75-100%
35.0,16.619815848839416,-18.380184151160584,18.380184151160584,75-100%
35.0,17.537600391621886,-17.462399608378114,17.462399608378114,75-100%
35.0,17.5741054171005,-17.4258945828995,17.4258945828995,75-100%
35.0,17.5741054171005,-17.4258945828995,17.4258945828995,75-100%
35.0,17.505739159733643,-17.494260840266357,17.494260840266357,75-100%
35.0,17.5741054171005,-17.4258945828995,17.4258945828995,75-100%
35.0,18.036210452772718,-16.963789547227282,16.963789547227282,75-100%
35.0,17.5741054171005,-17.4258945828995,17.4258945828995,75-100%
35.0,16.379355227669354,-18.620644772330646,18.620644772330646,75-100%
35.0,16.619815848839416,-18.380184151160584,18.380184151160584,75-100%
35.0,17.5741054171005,-17.4258945828995,17.4258945828995,75-100%
35.0,17.5741054171005,-17.4258945828995,17.4258945828995,75-100%
35.0,17.448264793851223,-17.551735206148777,17.551735206148777,75-100%
35.0,17.505739159733643,-17.494260840266357,17.494260840266357,75-100%
35.0,18.036210452772718,-16.963789547227282,16.963789547227282,75-100%
35.0,17.448264793851223,-17.551735206148777,17.551735206148777,75-100%
35.0,16.619815848839416,-18.380184151160584,18.380184151160584,75-100%
35.0,17.5741054171005,-17.4258945828995,17.4258945828995,75-100%
35.0,17.5741054171005,-17.4258945828995,17.4258945828995,75-100%
35.0,17.966143311778364,-17.033856688221636,17.033856688221636,75-100%
35.0,17.5741054171005,-17.4258945828995,17.4258945828995,75-100%
35.0,17.5741054171005,-17.4258945828995,17.4258945828995,75-100%
35.0,17.784563263670282,-17.215436736329718,17.215436736329718,75-100%
35.0,17.5741054171005,-17.4258945828995,17.4258945828995,75-100%
35.0,17.5741054171005,-17.4258945828995,17.4258945828995,75-100%
35.0,17.5741054171005,-17.4258945828995,17.4258945828995,75-100%
35.0,17.907239041558704,-17.092760958441296,17.092760958441296,75-100%
35.0,17.537600391621886,-17.462399608378114,17.462399608378114,75-100%
35.0,17.505739159733643,-17.494260840266357,17.494260840266357,75-100%
35.0,17.537600391621886,-17.462399608378114,17.462399608378114,75-100%
35.0,17.505739159733643,-17.494260840266357,17.494260840266357,75-100%
35.0,17.966143311778364,-17.033856688221636,17.033856688221636,75-100%
35.0,17.5741054171005,-17.4258945828995,17.4258945828995,75-100%
13.0,16.438742694177055,3.438742694177055,3.438742694177055,50-75%
13.0,16.339100698235903,3.339100698235903,3.339100698235903,50-75%
13.0,16.373245587509246,3.3732455875092455,3.3732455875092455,50-75%
13.0,16.438742694177055,3.438742694177055,3.438742694177055,50-75%
13.0,16.438742694177055,3.438742694177055,3.438742694177055,50-75%
13.0,16.24673798805828,3.2467379880582783,3.2467379880582783,50-75%
13.0,15.375128316160076,2.375128316160076,2.375128316160076,50-75%
13.0,16.438742694177055,3.438742694177055,3.438742694177055,50-75%
13.0,16.438742694177055,3.438742694177055,3.438742694177055,50-75%
13.0,16.438742694177055,3.438742694177055,3.438742694177055,50-75%
13.0,16.41685287827845,3.4168528782784513,3.4168528782784513,50-75%
13.0,16.41685287827845,3.4168528782784513,3.4168528782784513,50-75%
13.0,15.9973839229438,2.9973839229438006,2.9973839229438006,50-75%
13.0,16.24673798805828,3.2467379880582783,3.2467379880582783,50-75%
13.0,16.148193074199437,3.148193074199437,3.148193074199437,50-75%
13.0,16.373245587509246,3.3732455875092455,3.3732455875092455,50-75%
13.0,16.373245587509246,3.3732455875092455,3.3732455875092455,50-75%
13.0,16.373245587509246,3.3732455875092455,3.3732455875092455,50-75%
13.0,16.438742694177055,3.438742694177055,3.438742694177055,50-75%
13.0,16.41685287827845,3.4168528782784513,3.4168528782784513,50-75%
13.0,16.41685287827845,3.4168528782784513,3.4168528782784513,50-75%
13.0,16.438742694177055,3.438742694177055,3.438742694177055,50-75%
13.0,16.41685287827845,3.4168528782784513,3.4168528782784513,50-75%
13.0,16.373245587509246,3.3732455875092455,3.3732455875092455,50-75%
13.0,16.373245587509246,3.3732455875092455,3.3732455875092455,50-75%
13.0,16.438742694177055,3.438742694177055,3.438742694177055,50-75%
13.0,16.384582162166783,3.384582162166783,3.384582162166783,50-75%
13.0,16.41685287827845,3.4168528782784513,3.4168528782784513,50-75%
13.0,16.438742694177055,3.438742694177055,3.438742694177055,50-75%
13.0,16.438742694177055,3.438742694177055,3.438742694177055,50-75%
13.0,16.438742694177055,3.438742694177055,3.438742694177055,50-75%
13.0,16.143581788165918,3.1435817881659176,3.1435817881659176,50-75%
13.0,15.40378079144748,2.4037807914474794,2.4037807914474794,50-75%
13.0,15.998781702717388,2.9987817027173875,2.9987817027173875,50-75%
13.0,16.438742694177055,3.438742694177055,3.438742694177055,50-75%
13.0,16.24673798805828,3.2467379880582783,3.2467379880582783,50-75%
13.0,16.373245587509246,3.3732455875092455,3.3732455875092455,50-75%
13.0,16.24673798805828,3.2467379880582783,3.2467379880582783,50-75%
13.0,15.40378079144748,2.4037807914474794,2.4037807914474794,50-75%
13.0,15.40378079144748,2.4037807914474794,2.4037807914474794,50-75%
13.0,16.24673798805828,3.2467379880582783,3.2467379880582783,50-75%
24.0,16.874525772668356,-7.125474227331644,7.125474227331644,75-100%
24.0,16.244267285195537,-7.755732714804463,7.755732714804463,75-100%
24.0,16.30927814388038,-7.69072185611962,7.69072185611962,75-100%
24.0,16.807391935000123,-7.192608064999877,7.192608064999877,75-100%
24.0,16.807391935000123,-7.192608064999877,7.192608064999877,75-100%
24.0,16.807391935000123,-7.192608064999877,7.192608064999877,75-100%
24.0,14.92224412196513,-9.07775587803487,9.07775587803487,75-100%
24.0,16.30927814388038,-7.69072185611962,7.69072185611962,75-100%
24.0,16.807391935000123,-7.192608064999877,7.192608064999877,75-100%
24.0,16.807391935000123,-7.192608064999877,7.192608064999877,75-100%
24.0,16.874525772668356,-7.125474227331644,7.125474227331644,75-100%
24.0,16.807391935000123,-7.192608064999877,7.192608064999877,75-100%
24.0,15.198383424388371,-8.801616575611629,8.801616575611629,75-100%
24.0,15.198383424388371,-8.801616575611629,8.801616575611629,75-100%
24.0,14.815309059535288,-9.184690940464712,9.184690940464712,75-100%
24.0,16.05901987055575,-7.940980129444249,7.940980129444249,75-100%
24.0,16.244267285195537,-7.755732714804463,7.755732714804463,75-100%
24.0,16.244267285195537,-7.755732714804463,7.755732714804463,75-100%
24.0,16.30927814388038,-7.69072185611962,7.69072185611962,75-100%
24.0,16.080459955454373,-7.919540044545627,7.919540044545627,75-100%
24.0,16.807391935000123,-7.192608064999877,7.192608064999877,75-100%
24.0,16.57198898351429,-7.4280110164857085,7.4280110164857085,75-100%
24.0,16.57198898351429,-7.4280110164857085,7.4280110164857085,75-100%
24.0,14.874932748110869,-9.125067251889131,9.125067251889131,75-100%
24.0,16.807391935000123,-7.192608064999877,7.192608064999877,75-100%
24.0,16.807391935000123,-7.192608064999877,7.192608064999877,75-100%
24.0,16.42357043610958,-7.5764295638904215,7.5764295638904215,75-100%
24.0,14.815309059535288,-9.184690940464712,9.184690940464712,75-100%
24.0,16.57198898351429,-7.4280110164857085,7.4280110164857085,75-100%
24.0,15.275650937738696,-8.724349062261304,8.724349062261304,75-100%
24.0,15.239709387109096,-8.760290612890904,8.760290612890904,75-100%
24.0,14.815309059535288,-9.184690940464712,9.184690940464712,75-100%
24.0,14.815309059535288,-9.184690940464712,9.184690940464712,75-100%
24.0,16.244267285195537,-7.755732714804463,7.755732714804463,75-100%
24.0,16.772393786680347,-7.227606213319653,7.227606213319653,75-100%
24.0,16.244267285195537,-7.755732714804463,7.755732714804463,75-100%
24.0,16.244267285195537,-7.755732714804463,7.755732714804463,75-100%
24.0,16.244267285195537,-7.755732714804463,7.755732714804463,75-100%
